lon,lat,pickupcnt,dropoffcnt,roadname
-74.3300,40.6449,1,12,'NJBoynton Ave10003|NJBoynton Ave10003+NJPine St+10003|NJPine St10003'
-74.3300,40.6422,0,1,'NJSycamore St10003'
-74.3299,40.6370,0,1,'NJLandsdowne Ave10003'
-74.3299,40.8067,0,1,'NJCentennial Rd10003'
-74.3298,40.5741,1,2,'NJla Guardia Ave10003'
-74.3298,40.7177,1,3,'NJCleveland Pl10003'
-74.3297,40.6558,0,2,'NJMaple St10003'
-74.3296,40.7847,0,1,'NJCarlisle Dr10003'
-74.3295,40.6867,0,1,'NJBecker Rd10003'
-74.3295,40.8585,3,3,'NJChapin Rd10003'
-74.3295,40.7215,0,2,'NJWellington Ave10003'
-74.3294,40.5919,0,1,'NJNeptune Pl10003|NJNeptune Pl10003+NJPredmore Ave+10003|NJPredmore Ave10003'
-74.3293,40.6537,0,1,'NJ2nd Ave10003|NJ2nd Ave10003+NJMaple St+10003'
-74.3292,40.5289,0,1,'NJMay St10003'
-74.3291,40.5526,0,1,'NJIsabelle St10003'
-74.3290,40.6604,1,2,'NJStevens Ave10003|NJFairview Ave10003'
-74.3288,40.7266,0,3,'NJForest Dr10003'
-74.3288,40.6415,0,1,'NJOxford Ter10003'
-74.3288,40.7309,1,2,'NJChestnut Pl10003'
-74.3286,40.7216,0,1,'NJBirchwood Dr10003'
-74.3282,40.7230,0,1,'NJOak Hill Rd10003'
-74.3277,40.7221,0,1,'NJStony Ln10003+NJInwood Rd+10003|NJInwood Rd10003'
-74.3277,40.7327,1,0,'NJStewart Rd10003|NJStewart Rd10003+NJStewart Rd+10003'
-74.3276,40.5946,0,1,'NJFagan Pl10003'
-74.3276,40.7174,0,2,'NJCrescent Rd10003'
-74.3273,40.7293,0,1,'NJForest Dr10003+NJChestnut Pl+10003|NJChestnut Pl10003'
-74.3269,40.6862,0,1,'NJLynn Dr10003'
-74.3267,40.7088,1,1,'NJHenshaw Ave10003|NJHenshaw Ave10003+NJBaltusrol Way+10003'
-74.3267,40.7147,0,1,'NJTemple Dr10003'
-74.3266,40.8214,3,3,'NJEagle Rock Ave10003'
-74.3266,40.7327,0,1,'NJStewart Rd10003'
-74.3265,40.5506,0,1,'NJMenlo Ave10003+NJEthel St+10003'
-74.3265,40.5715,1,13,'NJBird Ave10003'
-74.3265,40.7240,0,1,'NJOakview Ter10003'
-74.3263,40.6045,0,1,'NJCaton Ave10003|NJCaton Ave10003+NJCameo Pl+10003|NJCameo Pl10003'
-74.3253,40.7074,1,0,'NJNorwood Rd10003'
-74.3252,40.7201,0,1,'NJWoodland Rd10003+NJElmwood Pl+10003'
-74.3247,40.6383,0,1,'NJByron Ct10003'
-74.3247,40.6669,1,0,'NJPrinceton Rd10003'
-74.3243,40.7245,0,5,'NJWoodcroft Pl10003'
-74.3241,40.5570,0,3,'NJMercer St10003|NJMercer St10003+NJWall St+10003'
-74.3241,40.7555,1,0,'NJClive Hills Rd10003'
-74.3239,40.6073,1,0,'NJStarlite Dr10003'
-74.3238,40.7276,0,2,'NJWyndham Rd10003'
-74.3230,40.5244,0,1,'NJNew St10003'
-74.3229,40.6536,0,1,'NJCedar St10003'
-74.3228,40.6065,0,1,'NJLancaster Rd10003|NJLancaster Rd10003+NJSkyline Ave+10003|NJSkyline Ave10003'
-74.3217,40.8201,0,1,'NJPassaic Ave10003+NJGreen Ave+10003|NJGreen Ave10003'
-74.3215,40.7238,0,1,'NJShort Hills Ave10003+NJOverlook Ter+10003|NJOverlook Ter10003'
-74.3214,40.7018,0,1,'NJKew Dr10003|NJKew Dr10003+NJKew Dr+10003'
-74.3214,40.6270,0,1,'NJTerminal Ave10003|NJTerminal Ave10003+NJWestfield Ave+10003'
-74.3210,40.4239,2,2,'NJJake Brown Rd10003'
-74.3209,40.4449,0,1,'NJVernon St10003'
-74.3200,40.5809,1,0,'NJMiddlesex Ave10003+NJHeather Ln+10003|NJHeather Ln10003'
-74.3196,40.6622,0,2,'NJOrchard St10003+NJBrookside Pl+10003'
-74.3188,40.5832,0,1,'NJDorset Rd10003|NJDorset Rd10003+NJMidwood Way+10003'
-74.3183,40.9650,1,1,'NJChatfield Dr10009|NJChatfield Dr10009+NJChatfield Dr+10009'
-74.3182,40.6606,0,1,'NJPark Ave10003+NJHillside Pl+10003|NJHillside Pl10003'
-74.3177,40.5989,0,1,'NJEast St10003+NJGarfield Ave+10003|NJGarfield Ave10003'
-74.3167,40.7274,1,1,'NJGreat Oak Dr10003'
-74.3165,40.7135,0,1,'NJMorrisson Rd10003|NJMorrisson Rd10003+NJMorrison Rd+10003|NJMorrisson Rd10003+NJDenham Rd+10003|NJMorrison Rd10003|NJMorrison Rd10003+NJMorrison Rd+10003|NJMorrison Rd10003+NJDenham Rd+10003|NJDenham Rd10003'
-74.3165,40.7151,0,1,'NJProspect Pl10003|NJProspect Pl10003+NJSeverna Ave+10003'
-74.3164,40.8257,1,0,'NJMorgantine Rd10003'
-74.3160,40.7871,0,1,'NJBelmont Dr10003+NJBerkeley Ter+10003|NJBerkeley Ter10003'
-74.3156,40.7126,0,1,'NJState Rte 8210002'
-74.3145,40.8667,0,1,'NJUS Hwy 4610002+NJGardner Rd+10002|NJGardner Rd10003'
-74.3140,40.6060,1,0,'NJGarden State Pkwy10002+NJLake Ave+10002'
-74.3132,40.5884,1,1,'NJSherwood Rd10003+NJDerby Ln+10003|NJDerby Ln10003'
-74.3130,40.7429,0,1,'NJS Beechcroft Rd10003|NJS Beechcroft Rd10003+NJRte 527+10003'
-74.3126,40.5584,0,2,'NJWoodbridge Commons Way10003'
-74.3120,40.7270,0,1,'NJHaddonfield Rd10003'
-74.3115,40.7111,0,1,'NJMorris Ave10002+NJState Rte 82+10002|NJState Rte 8210002|NJState Rte 8210002+NJState Rte 82+10002|NJState Rte 12410002|NJState Rte 12410002+NJState Rte 82+10002'
-74.3113,40.7519,0,1,'NJKilmer Dr10003'
-74.3110,40.6211,0,1,'NJWaterson Dr10003'
-74.3110,40.7392,0,1,'NJOld Hollow Rd10003'
-74.3106,40.4636,0,1,'NJMarcia St10003'
-74.3105,40.7271,0,1,'NJHaddonfield Rd10003|NJHaddonfield Rd10003+NJRte 527+10003'
-74.3093,40.7776,0,1,'NJBrowning Dr10003+NJBoynton Dr+10003|NJBoynton Dr10003'
-74.3084,40.7164,0,1,'NJOcean St10003'
-74.3083,40.6295,0,1,'NJSchool St10003'
-74.3078,40.7505,0,1,'NJDorison Dr10003'
-74.3076,40.8697,0,1,'NJFairfield Rd10003|NJEssex County 61510003'
-74.3072,40.5611,0,1,'NJCheryl Dr10009+NJCheryl Dr+10009|NJCheryl Dr10003'
-74.3069,40.7215,0,1,'NJChurch St10003|NJChurch St10003+NJRte 577+10003'
-74.3065,40.9469,1,2,'NJWilliam St10003'
-74.3060,40.6696,0,2,'NJHerning Ave10003+NJBelmont Ave+10003'
-74.3057,40.5420,1,0,'NJPender Pl10003'
-74.3050,40.7266,0,4,'NJLackawanna Pl10003'
-74.3049,40.5655,0,1,'NJGreen St10003+NJGreen Hollow Dr+10003|NJGreen Hollow Dr10009'
-74.3049,40.5933,1,0,'NJHoffman Blvd10003+NJTimberlane Dr+10003|NJTimberlane Dr10003'
-74.3048,40.6447,0,1,'NJBlake Ave10003'
-74.3047,40.7120,0,1,'NJState Rte 12410002|NJState Rte 12410002+NJVictory Rd+10002|NJState Rte 12410002+NJState Rte 124+10002|NJSpringfield Ave10002+NJVictory Rd+10002|NJSpringfield Ave10002+NJMaple Ave+10002|NJState Rte 12410002+NJMaple Ave+10002|NJVictory Rd10003|NJVictory Rd10003+NJMaple Ave+10003|NJVictory Rd10003+NJState Rte 124+10003|NJMaple Ave10002|NJMaple Ave10002+NJState Rte 124+10002'
-74.3043,40.6557,0,2,'NJNorth Ave E10002|NJNorth Ave E10002+NJNorth Ave W+10002|NJNorth Ave E10002+NJN Union Ave+10002|NJNorth Ave W10002|NJNorth Ave W10002+NJN Union Ave+10002'
-74.3042,40.7681,0,1,'NJRutgers Rd10003'
-74.3041,40.7797,0,1,'NJGrove Ter10003|NJGrove Ter10003+NJHampton Ter+10003'
-74.3039,40.6628,0,1,'NJOrange Ave10003+NJDay Pl+10003|NJDay Pl10003'
-74.3037,40.6586,0,1,'NJCo Hwy 61510003+NJMiln St+10003|NJMiln St10003|NJMiln St10003+NJSpringfield Ave+10003'
-74.3036,40.6565,0,1,'NJAlden St10003+NJUnion Ave N+10003|NJAlden St10003+NJN Union Ave+10003|NJUnion Ave N10003|NJUnion Ave N10003+NJN Union Ave+10003|NJN Union Ave10003|NJN Union Ave10003+NJN Union Ave+10003'
-74.3035,40.7252,0,5,'NJHolmes St10003'
-74.3035,40.7204,0,3,'NJParkview Dr10003+NJSouthern Slope Dr+10003|NJSouthern Slope Dr10003'
-74.3033,40.7619,0,2,'NJOld Short Hills Rd10003+NJHansen Rd+10003|NJHansen Rd10003|NJHansen Rd10003+NJRte 527+10003'
-74.3029,40.6561,0,2,'NJNorth Ave E10002+NJAlden St+10002|NJAlden St10003'
-74.3028,40.6537,0,1,'NJChestnut St10003+NJHigh St+10003'
-74.3018,40.7258,0,1,'NJCape Ct10003'
-74.3018,40.7116,0,1,'NJSpringfield Ave10002+NJWarner Ave+10002|NJWarner Ave10003'
-74.3017,40.6539,0,1,'NJChestnut St10003'
-74.3014,40.8089,0,1,'NJFranklin Ave10003'
-74.3010,40.6566,0,1,'NJSpringfield Ave10002|NJSpringfield Ave10002+NJCo Hwy 615+10002|NJSpringfield Ave10002+NJSpringfield Ave+10002|NJCo Hwy 61510003|NJSpringfield Ave10003'
-74.3004,40.7564,0,1,'NJPilgrim Rd10003|NJPilgrim Rd10003+NJKean Rd+10003'
-74.3003,40.5334,1,0,'NJGarden State Pkwy10002|NJGarden State Pkwy10002+NJGarden State Pkwy+10002'
-74.3003,40.7071,0,1,'NJSpruce St10003'
-74.3002,40.6626,0,1,'NJLinden Pl10003+NJProspect Ave+10003'
-74.2997,40.4919,0,1,'NJKearney Rd10003|NJKearney Rd10003+NJColeman St+10003|NJColeman St10003'
-74.2996,40.4778,1,0,'NJVal St10003'
-74.2995,40.5500,0,1,'NJPlaza Dr10003|NJPlaza Dr10003+NJPlaza Dr+10003'
-74.2995,40.5490,0,1,'NJPlaza Dr10003|NJPlaza Dr10003+NJPlaza Dr+10003'
-74.2994,40.5308,0,1,'NJLawrence St10003|NJLawrence St10003+NJLongview Cir+10003'
-74.2992,40.7676,0,1,'NJDogwood Rd10003+NJDogwood Dr+10003|NJDogwood Dr10003'
-74.2991,40.7230,0,1,'NJS Mountain Rd10003|NJS Mountain Rd10003+NJS Mountain Rd+10003'
-74.2990,40.7608,1,0,'NJColton Cir10003'
-74.2989,40.5661,0,1,'NJMontague Ave10003|NJMontague Ave10003+NJJulius St+10003'
-74.2983,40.7779,1,1,'NJWhittier Way10003|NJWhittier Way10003+NJWestmount Dr+10003'
-74.2982,40.7809,0,1,'NJKean Ct10003'
-74.2981,40.5995,0,1,'NJOrchard St10003+NJAlbermarle St+10003|NJAlbermarle St10003'
-74.2980,40.5500,0,1,'NJPlaza Dr10003|NJPlaza Dr10003+NJWoodbridge Center Dr+10003'
-74.2980,40.7807,0,1,'NJKean Ct10003|NJKean Ct10003+NJTrafalgar Dr+10003|NJTrafalgar Dr10003'
-74.2971,40.6000,1,0,'NJOrchard St10003+NJHaberle Pl+10003|NJHaberle Pl10003'
-74.2964,40.4521,0,1,'NJMeleta Way10003'
-74.2962,40.4711,0,1,'NJUS Hwy 910002+NJGarden State Pkwy+10002'
-74.2955,40.7083,0,1,'NJBattle Hill Ter10003|NJBattle Hill Ter10003+NJCarol Rd+10003'
-74.2951,40.5517,0,1,'NJSharon Garden Ct10009|NJSharon Garden Ct10009+NJSharon Garden Ct+10009|NJSharon Garden Ct10009+NJSharon Ct+10009|NJSharon Ct10009'
-74.2947,40.7065,0,1,'NJNicholas Ave10003+NJNicholas Pl+10003|NJNicholas Pl10003'
-74.2938,40.6579,0,1,'NJCranford N Condominium10003'
-74.2936,40.5400,1,0,'NJUS Hwy 910002+NJFlorida Grove Rd+10002|NJFlorida Grove Rd10003'
-74.2929,40.7070,0,1,'NJLiberty Ave10003+NJCarol Rd+10003|NJCarol Rd10003'
-74.2924,40.6018,0,1,'NJSycamore St10003+NJJefferson Ave+10003'
-74.2918,40.8706,1,0,'NJKulick Rd10003'
-74.2918,40.8852,0,1,'NJSand Rd10003+NJJocine Dr+10003|NJJocine Dr10003'
-74.2916,40.5078,0,1,'NJConvery Blvd10002'
-74.2908,40.7215,1,1,'NJVauxhall Rd10003|NJVauxhall Rd10003+NJVaux Hall Rd+10003|NJVaux Hall Rd10003'
-74.2907,40.5715,1,0,'NJJansen Ave10003|NJJansen Ave10003+NJFoster Way+10003|NJFoster Way10003'
-74.2902,40.6448,0,1,'NJCayuga Rd10003|NJCayuga Rd10003+NJCentennial Ave+10003|NJCayuga Rd10003+NJCo Hwy 615+10003'
-74.2901,40.7691,0,2,'NJWoods End Rd10003'
-74.2897,40.4686,0,2,'NJEvelyn Ter10003'
-74.2879,40.6287,0,1,'NJOak St10003|NJOak St10003+NJWhittier Rd+10003'
-74.2870,40.6408,0,1,'NJColeman Ave10003'
-74.2867,40.8752,1,0,'NJJust Rd10003|NJJust Rd10003+NJDwight Pl+10003|NJDwight Pl10003'
-74.2866,40.7239,0,1,'NJMilton St10003+NJCypress St+10003'
-74.2856,40.7761,0,1,'NJConnel Dr10003'
-74.2852,40.8336,0,1,'NJButtonwood Rd10003'
-74.2852,40.7801,0,1,'NJTornillo Rd10003|NJTornillo Rd10003+NJStone Dr+10003'
-74.2849,40.7213,0,1,'NJValley St10003+NJMaple Ave+10003|NJMaple Ave10003'
-74.2845,40.7336,0,1,'NJCurtiss Pl10003|NJCurtiss Pl10003+NJKermit Rd+10003|NJCurtiss Pl10003+NJCurtis Pl+10003|NJKermit Rd10003|NJKermit Rd10003+NJCurtis Pl+10003|NJCurtis Pl10003|NJCurtis Pl10003+NJCurtis Pl+10003'
-74.2835,40.7076,0,1,'NJIrvin Ave10003|NJIrvin Ave10003+NJSeymour Ave+10003'
-74.2831,40.7302,0,2,'NJRidgewood Rd10003+NJClinton Ave+10003|NJClinton Ave10003'
-74.2830,40.7173,1,0,'NJVauxhall Rd10003+NJFarrington St+10003|NJFarrington St10003'
-74.2830,40.4715,0,1,'NJOrchard Pl10003'
-74.2828,40.7795,0,1,'NJTornillo Rd10003|NJTornillo Rd10003+NJPowell Dr+10003'
-74.2824,40.7167,1,0,'NJVauxhall Rd10003+NJBrown Ave+10003|NJBrown Ave10003'
-74.2814,40.8239,0,1,'NJStewart Rd10003'
-74.2812,40.8681,0,1,'NJPassaic Ave10003+NJSchindler Way+10003|NJSchindler Way10003'
-74.2812,40.5239,1,0,'NJState Rte 3510002+NJHarrington St+10002|NJConvery Blvd10002+NJHarrington St+10002'
-74.2812,40.7274,0,1,'NJSalter Pl10003+NJS Mountain Ave+10003|NJS Mountain Ave10003'
-74.2810,40.7863,1,0,'NJHundt Pl10003'
-74.2807,40.6954,1,0,'NJLafayette Ave10003+NJMillton Ave+10003|NJMillton Ave10003'
-74.2803,40.4240,0,1,'NJFarrington Rd10003+NJTownsend Dr+10003|NJTownsend Dr10003'
-74.2802,40.7306,1,1,'NJBaker St10003+NJEveritt Pl+10003|NJEveritt Pl10003'
-74.2802,40.4232,1,0,'NJFarrington Rd10003+NJLisa Ct+10003|NJLisa Ct10003'
-74.2793,40.9312,1,0,'NJMargaret St10003'
-74.2791,40.7701,0,4,'NJSaint Cloud Ave10003|NJSaint Cloud Ave10003+NJNorthfield Ave+10003'
-74.2790,40.6062,1,0,'NJW Milton Ave10003+NJGeorgia St+10003|NJGeorgia St10003'
-74.2790,40.6911,1,0,'NJFairway Dr10003+NJEvergreen Pkwy+10003|NJEvergreen Pkwy10003'
-74.2790,40.7383,0,1,'NJHemlock Ct10003'
-74.2789,40.5578,0,1,'NJCo Rd 60410003+NJBarron Ave+10003|NJGreen St10003+NJBarron Ave+10003|NJBarron Ave10003'
-74.2785,40.7302,0,1,'NJBaker St10003+NJMaplewood Ave+10003'
-74.2784,40.7391,0,1,'NJCollinwood Rd10003+NJColonial Ter+10003|NJColonial Ter10003'
-74.2781,40.7795,0,1,'NJPleasant Valley Way10003+NJTenney Rd+10003|NJPleasant Valley Way10003+NJTenney Ct+10003|NJTenney Rd10003|NJTenney Rd10003+NJTenney Ct+10003|NJTenney Ct10003'
-74.2781,40.7016,0,1,'NJJeanette Ave10003+NJBerwyn St+10003|NJBerwyn St10003'
-74.2780,40.8804,0,1,'NJNew Dutch Ln10003+NJEldridge Rd+10003|NJEldridge Rd10003'
-74.2780,40.7290,0,1,'NJSalter Pl10003|NJSalter Pl10003+NJMaple Ave+10003'
-74.2779,40.7309,0,1,'NJHighland Pl10003|NJHighland Pl10003+NJMaplewood Ave+10003'
-74.2779,40.5171,0,1,'NJWashington St10003+NJCornell St+10003'
-74.2774,40.7730,0,1,'NJSheridan Ave10003+NJRodman Pl+10003|NJRodman Pl10003'
-74.2773,40.7311,0,1,'NJRicalton Sq10003|NJRicalton Sq10003+NJMaplewood Ave+10003|NJRicalton Sq10003+NJInwood Pl+10003|NJDepot Plz10003|NJDepot Plz10003+NJMaplewood Ave+10003|NJDepot Plz10003+NJInwood Pl+10003|NJMaplewood Ave10003+NJInwood Pl+10003|NJInwood Pl10003'
-74.2772,40.6063,0,1,'NJCampbell St10003|NJCampbell St10003+NJBroad St+10003'
-74.2772,40.6291,0,1,'NJAvon Pl10003'
-74.2770,40.6583,0,1,'NJ1st Ave10003+NJGordon St+10003|NJW 1st Ave10003+NJGordon St+10003|NJGordon St10003'
-74.2766,40.5516,0,1,'NJFulton St Ovp10003|NJFulton St Ovp10003+NJLegion Pl+10003|NJFulton St Ovp10003+NJFulton St Ovp+10003|NJLegion Pl10003+NJFulton St Ovp+10003|NJLegion Pl10003+NJFulton St+10003|NJFulton St Ovp10003+NJFulton St+10003|NJFulton St10003'
-74.2764,40.6070,0,1,'NJW Cherry St10003+NJBroad St+10003'
-74.2763,40.5530,1,0,'NJEleanor Pl10003+NJJean Ct+10003|NJJean Ct10003'
-74.2762,40.7249,0,1,'NJValley St10003+NJSommer Ave+10003|NJSommer Ave10003'
-74.2762,40.7376,0,1,'NJGarthwaite Ter10003'
-74.2761,40.6584,0,1,'NJFloral St10003|NJFloral St10003+NJ1st Ave+10003|NJFloral St10003+NJW 1st Ave+10003'
-74.2758,40.6058,0,1,'NJIrving St10003|NJIrving St10003+NJE Milton Ave+10003'
-74.2757,40.5531,0,1,'NJWallace St10003|NJWallace St10003+NJJean Ct+10003'
-74.2754,40.6938,0,1,'NJCreslyn Ct10003'
-74.2751,40.7313,0,1,'NJDurand Rd10003'
-74.2749,40.5935,0,1,'NJDudley Ct10003+NJE Inman Ave+10003|NJE Inman Ave10003'
-74.2746,40.7239,0,1,'NJHubert Pl10003+NJSommer Ave+10003'
-74.2741,40.7384,0,1,'NJArcularius Ter10003|NJArcularius Ter10003+NJHeadley Pl+10003'
-74.2739,40.7265,1,1,'NJValley St10003+NJTuscan Rd+10003|NJTuscan Rd10003'
-74.2739,40.7568,0,1,'NJTillou Rd W10003'
-74.2738,40.7374,0,1,'NJKendal Ave10003+NJHoffman St+10003|NJHoffman St10003'
-74.2728,40.7576,0,1,'NJN Woods Dr10003|NJNorthwoods Dr10003'
-74.2726,40.5664,0,1,'NJRahway Ave10003+NJCraske St+10003|NJCraske St10003'
-74.2726,40.7028,0,1,'NJWilshire Dr10003|NJWilshire Dr10003+NJAberdeen Rd+10003'
-74.2725,40.8778,1,0,'NJOconnor Dr10003'
-74.2725,40.7280,0,1,'NJSouth Cres10003'
-74.2724,40.6605,0,1,'NJColumbus Pl10003|NJColumbus Pl10003+NJWestfield Ave W+10003'
-74.2724,40.7297,0,1,'NJOakview Ave10003+NJValley St+10003'
-74.2723,40.7605,0,1,'NJGreat Hills Dr10003|NJGreat Hills Dr10003+NJMountain Dr+10003'
-74.2721,40.7780,0,1,'NJSyme Ave10003'
-74.2719,40.7707,0,1,'NJWalker Rd10003|NJWalker Rd10003+NJNorthfield Ave+10003'
-74.2714,40.8944,0,1,'NJCleary Pl10003'
-74.2713,40.8021,1,0,'NJMellon Ave10003'
-74.2711,40.7661,1,0,'NJKnollwood Dr10003|NJKnollwood Dr10003+NJWalker Rd+10003'
-74.2710,40.7744,0,2,'NJEdgewood Ave10003+NJWestview Rd+10003|NJWestview Rd10003'
-74.2710,40.7218,0,2,'NJProspect St10003+NJBowdoin St+10003|NJBowdoin St10003'
-74.2706,40.7777,0,3,'NJArverne Rd10003+NJBirchwood Ave+10003|NJBirchwood Ave10003'
-74.2704,40.7707,0,1,'NJBarringer Ct10003'
-74.2700,40.7765,0,1,'NJEdgewood Ave10003|NJEdgewood Ave10003+NJLessing Rd+10003|NJLessing Rd10003'
-74.2698,40.7234,0,1,'NJHarvard Ave10003+NJBowdoin St+10003'
-74.2695,40.7775,1,4,'NJArverne Rd10003+NJEdgewood Ave+10003|NJArverne Rd10003+NJEdgewood Ave N+10003|NJEdgewood Ave10003|NJEdgewood Ave10003+NJEdgewood Ave N+10003|NJEdgewood Ave N10003'
-74.2692,40.7342,0,1,'NJValley St10003+NJJefferson Ave+10003|NJJefferson Ave10003'
-74.2686,40.7324,0,1,'NJLincoln Pl10003|NJLincoln Pl10003+NJKensington Ter+10003'
-74.2684,40.7564,0,1,'NJHarding Dr10003+NJRedmond Rd+10003|NJRedmond Rd10003'
-74.2683,40.8007,0,1,'NJLincoln Ave10003|NJLincoln Ave10003+NJRoosevelt Ave+10003|NJRoosevelt Ave10003'
-74.2683,40.7423,0,1,'NJWalton Ave10003+NJThornden St+10003|NJThornden St10003'
-74.2682,40.8918,1,2,'NJUS Hwy 4610002|NJUS Hwy 4610002+NJUS Hwy 46+10002'
-74.2681,40.6662,0,1,'NJLocust St10003+NJWebster Ave W+10003|NJWebster Ave W10003'
-74.2681,40.7798,0,1,'NJGavin Rd10003|NJGavin Rd10003+NJOld Indian Rd+10003|NJGavin Rd10003+NJEdgewood Ave N+10003|NJOld Indian Rd10003+NJEdgewood Ave N+10003|NJEdgewood Ave N10003'
-74.2680,40.7726,0,1,'NJNorthfield Ave10003+NJWestview Rd+10003|NJWestview Rd10003'
-74.2680,40.6921,1,0,'NJGrandview Ave10003'
-74.2677,40.7487,0,2,'NJW South Orange Ave10003+NJBriar Ct+10003|NJBriar Ct10003'
-74.2676,40.7560,0,1,'NJMayhew Ct10003|NJMayhew Ct10003+NJRedmond Rd+10003'
-74.2676,40.7141,0,1,'NJWolbert Ter10003|NJWolbert Ter10003+NJStanley Ter+10003'
-74.2673,40.5556,1,0,'NJTurnpike Ser Area S10006|NJTurnpike Ser Area N10006'
-74.2673,40.7758,0,1,'NJHighland Blvd10003|NJHighland Blvd10003+NJAverne Rd+10003|NJHighland Blvd10003+NJLessing Rd+10003|NJHighland Blvd10003+NJArverne Rd+10003|NJAverne Rd10003|NJAverne Rd10003+NJLessing Rd+10003|NJLessing Rd10003|NJLessing Rd10003+NJArverne Rd+10003|NJArverne Rd10003'
-74.2670,40.6769,0,1,'NJGalloping Hill Rd10003+NJSalem Rd+10003|NJSalem Rd10003'
-74.2670,40.7293,0,1,'NJPark Rd10003|NJPark Rd10003+NJProspect St+10003'
-74.2668,40.7295,0,1,'NJProspect St10003+NJMadison Ave+10003|NJMadison Ave10003'
-74.2665,40.7350,1,0,'NJParker Ave10003+NJKensington Ter+10003|NJKensington Ter10003'
-74.2662,40.6069,0,1,'NJWashington St10003+NJPark St+10003|NJPark St10003'
-74.2660,40.7220,0,1,'NJHarvard Ave10003'
-74.2655,40.4012,0,1,'NJEdinburg Cir10003+NJDunstable Ct+10003|NJDunstable Ct10003'
-74.2654,40.6678,0,1,'NJChestnut St10003+NJLincoln Ave W+10003|NJLincoln Ave W10003'
-74.2653,40.7959,0,1,'NJBuckingham Rd10003+NJPembroke Ter+10003|NJPembroke Ter10003'
-74.2649,40.6953,0,1,'NJState Rte 8210002+NJFloyd Ter+10002|NJMorris Ave10002+NJFloyd Ter+10002|NJFloyd Ter10003'
-74.2646,40.6037,1,0,'NJRutherford St10003|NJRutherford St10003+NJEdgar Rd+10003|NJRutherford St10003+NJUS Hwy 9+10003|NJRutherford St10003+NJUS Hwy 1+10003'
-74.2644,40.7948,0,1,'NJNormandy Ter10003+NJNottingham Rd+10003|NJNottingham Rd10003'
-74.2644,40.7294,0,1,'NJSummit Ave10003+NJPlymouth Ave+10003'
-74.2639,40.8052,0,1,'NJPitney St10003'
-74.2638,40.8700,0,1,'NJShenandoah Dr10003|NJShenandoah Dr10003+NJGrandview Ave+10003'
-74.2635,40.6979,0,1,'NJHaines Ave10003|NJHaines Ave10003+NJHarding Rd+10003|NJHaines Ave10003+NJHarding Ave+10003'
-74.2635,40.7475,0,1,'NJW South Orange Ave10003+NJS Ridgewood Rd+10003|NJW South Orange Ave10003+NJN Ridgewood Rd+10003|NJS Ridgewood Rd10003|NJS Ridgewood Rd10003+NJN Ridgewood Rd+10003|NJN Ridgewood Rd10003'
-74.2634,40.7273,0,1,'NJBurnett Ter10003+NJMadison Ave+10003|NJMadison Ave10003'
-74.2634,40.7194,0,1,'NJLexington Ave10003+NJWellesley St+10003'
-74.2631,40.7481,0,1,'NJN Ridgewood Rd10003+NJTillou Rd+10003|NJTillou Rd10003'
-74.2630,40.6839,0,1,'NJBrookdale Rd10003'
-74.2629,40.7712,0,1,'NJWest Rd10003|NJWest Rd10003+NJRock Spring Rd+10003'
-74.2628,40.6736,0,1,'NJHuntington Rd10003|NJHuntington Rd10003+NJGalloping Hill Rd+10003'
-74.2623,40.4018,0,1,'NJDorchester Ct10003'
-74.2622,40.7269,0,1,'NJPlymouth Ave10003|NJPlymouth Ave10003+NJBurnett Ter+10003|NJBurnett Ter10003'
-74.2620,40.9198,0,1,'NJMaghee Rd10003|NJMaghee Rd10003+NJNew St+10003'
-74.2620,40.5368,0,1,'NJState St10003+NJMaurer Rd+10003|NJState St10003+NJCo Rd 654+10003|NJMaurer Rd10003|NJMaurer Rd10003+NJCo Rd 611+10003|NJCo Rd 65410003|NJCo Rd 65410003+NJCo Rd 611+10003'
-74.2619,40.7457,0,1,'NJMews Ln10003|NJMews Ln10003+NJMews Ln+10003'
-74.2618,40.6327,1,0,'NJW Curtis St10003+NJBrook St+10003|NJBrook St10003'
-74.2613,40.6974,1,1,'NJVauxhall Rd10003+NJVictor Ave+10003|NJVictor Ave10003'
-74.2613,40.7650,0,1,'NJHelen Ave10003|NJHelen Ave10003+NJLowell Ave+10003'
-74.2611,40.5491,0,1,'NJVale Pl10003'
-74.2608,40.7270,0,1,'NJBurnett Ter10003|NJBurnett Ter10003+NJOakland Rd+10003'
-74.2605,40.8852,0,2,'NJRiverside Dr10003|NJRiverside Dr10003+NJRiverside Dr+10003|NJRiverside Dr10003+NJRiverlawn Dr+10003|NJRiverlawn Dr10003'
-74.2601,40.6673,0,1,'NJCherry St10003|NJCherry St10003+NJE Webster Ave+10003'
-74.2600,40.7721,0,1,'NJUndercliff Ter10003'
-74.2599,40.6580,0,1,'NJ3rd Ave10003|NJ3rd Ave10003+NJWalnut St+10003|NJ3rd Ave10003+NJE 3rd Ave+10003|NJWalnut St10003+NJE 3rd Ave+10003|NJE 3rd Ave10003'
-74.2597,40.7295,0,1,'NJOakland Ter10003|NJOakland Ter10003+NJElmwood Ave+10003'
-74.2596,40.6386,0,1,'NJWheatsheaf Rd10003+NJ2nd Ave+10003|NJ2nd Ave10003'
-74.2595,40.8132,0,1,'NJMoran Rd10003'
-74.2593,40.7449,0,1,'NJValley St10003+NJ1st St+10003'
-74.2589,40.7408,0,3,'NJProspect St10003+NJMontague Pl+10003|NJMontague Pl10003'
-74.2588,40.8274,0,1,'NJHillside Ave10003+NJMountain Rd+10003|NJMountain Rd10003'
-74.2588,40.9353,0,1,'NJLake Dr W10003+NJCedar Pl+10003'
-74.2586,40.7528,0,1,'NJMeadowbrook Pl10003+NJMeadowbrook Ln+10003'
-74.2585,40.9063,0,1,'NJHoly Cross Way10003+NJCrossing Way+10003|NJCrossing Way10003'
-74.2584,40.9172,0,2,'NJLegrande Ter10003'
-74.2580,40.7457,0,1,'NJScotland Rd10003|NJScotland Rd10003+NJValley St+10003|NJScotland Rd10003+NJS Orange Ave+10003|NJValley St10003|NJValley St10003+NJS Orange Ave+10003'
-74.2579,40.7024,0,1,'NJUnion Ave10003|NJUnion Ave10003+NJOakland Ave+10003'
-74.2577,40.6770,0,1,'NJGreenwich Ave10003|NJGreenwich Ave10003+NJWinchester Ave+10003|NJGreenwich Ln10003|NJGreenwich Ln10003+NJWinchester Ave+10003'
-74.2576,40.8836,0,3,'NJRiverside Dr10003'
-74.2565,40.6598,1,0,'NJPoplar St10003+NJE 2nd Ave+10003|NJPoplar St10003+NJ2nd Ave+10003'
-74.2564,40.9024,1,4,'NJState Rte 2310002+NJWestbelt+10002'
-74.2560,40.6289,0,1,'NJLumber St10003+NJW Price St+10003'
-74.2554,40.7305,0,1,'NJWarren Rd10003+NJElberta Rd+10003|NJElberta Rd10003'
-74.2553,40.7781,0,1,'NJHighwood Rd10003+NJMountain Dr+10003|NJMountain Dr10003'
-74.2551,40.5331,1,0,'NJTyrells Ln10003|NJTyrell Ln10003'
-74.2551,40.7495,0,1,'NJScotland Rd10003+NJRaymond Ave+10003'
-74.2550,40.6784,0,1,'NJSalem Rd10003+NJStockton Rd+10003|NJStockton Rd10003|NJStockton Rd10003+NJState Rte 509+10003'
-74.2548,40.5608,0,1,'NJVictoria Way10003|NJVictoria Way10003+NJWest Ave+10003|NJVictoria Way10003+NJCo Rd 611+10003'
-74.2547,40.9627,1,0,'NJHarlan Ter10003'
-74.2547,40.9648,0,1,'NJSquad Pl10003|NJSquad Pl10003+NJKaren Ave+10003|NJKaren Ave10003'
-74.2543,40.7799,0,1,'NJHighwood Rd10003+NJHutton Ave+10003|NJHutton Ave10003'
-74.2542,40.7927,0,1,'NJProspect Ave10003+NJGuerino Dr+10003|NJRte 57710003+NJGuerino Dr+10003|NJGuerino Dr10003'
-74.2540,40.7947,0,3,'NJRooney Cir10003'
-74.2537,40.7347,0,1,'NJGarfield Pl10003+NJUnion Ave+10003'
-74.2537,40.8982,1,4,'NJOld Turnpike Rd10002'
-74.2535,40.7451,0,2,'NJCottage St10003|NJCottage St10003+NJS Orange Ave+10003'
-74.2533,40.9630,0,1,'NJWarner Way10003'
-74.2530,40.9255,0,1,'NJCopley Ct10003'
-74.2529,40.7913,0,1,'NJCerone Ct10003|NJCerone Ct10003+NJGiordano Dr+10003|NJGiordano Dr10003'
-74.2528,40.9634,0,1,'NJPassaic County 67810003'
-74.2523,40.8342,0,1,'NJRte 50610003+NJForest Ave+10003|NJBloomfield Ave10003+NJForest Ave+10003|NJForest Ave10003'
-74.2521,40.5114,0,1,'NYBentley St10003+NYArthur Kill Rd+10003'
-74.2520,40.7552,0,1,'NJMontrose Ave10003+NJVose Ave+10003'
-74.2513,40.7944,1,1,'NJAraneo Dr10003'
-74.2512,40.6583,0,1,'NJMercer Ave10003|NJMercer Ave10003+NJHarrison Ave+10003'
-74.2512,40.9630,0,1,'NJLevinberg Ln10003|NJLevinberg Ln10003+NJLevinberg Ln+10003'
-74.2511,40.5135,0,1,'NYEllis St10003|NYEllis St10003+NYMain St+10003|NYMain St10003'
-74.2510,40.7765,1,0,'NJColony Dr E10003|NJColony Dr E10003+NJNorthfield Ave+10003'
-74.2509,40.9231,1,0,'NJStirling Ln10003|NJStirling Ln10003+NJWaling Dr+10003'
-74.2507,40.9489,1,1,'NJKaren Ct10003'
-74.2502,40.7353,0,1,'NJCoolidge Rd10003|NJCoolidge Rd10003+NJIrvington Ave+10003'
-74.2501,40.7505,0,1,'NJIrving Ave10003|NJIrving Ave10003+NJCharlton Ave+10003|NJCharlton Ave10003'
-74.2498,40.8974,1,0,'NJState Rte 2310002+NJI 80+10002'
-74.2495,40.8290,0,1,'NJPease Ave10003+NJPeters Ln+10003|NJPeters Ln10003'
-74.2492,40.5099,0,1,'NYBentley Ln10003|NYBentley Ln10003+NYButler Ave+10003'
-74.2491,40.6573,1,0,'NJRosewood Ave10003|NJRosewood Ave10003+NJSheridan Ave+10003'
-74.2488,40.6235,0,1,'NJCo Hwy 61510003+NJKennedy Dr+10003|NJS Stiles St10003+NJKennedy Dr+10003|NJKennedy Dr10003'
-74.2486,40.7725,0,1,'NJOakridge Rd10003|NJOakridge Rd10003+NJGlen Rd+10003'
-74.2484,40.8139,0,1,'NJStanley Rd10003|NJStanley Rd10003+NJSeaman Rd+10003'
-74.2483,40.5676,1,1,'NJCliff Rd10003|NJCliff Rd10003+NJCo Rd 604+10003|NJCliff Rd10003+NJPort Reading Ave+10003'
-74.2482,40.6951,0,1,'NJHarmony Rd10003|NJHarmony Rd10003+NJVauxhall Rd+10003'
-74.2480,40.6568,0,1,'NJThompson Ave10003+NJWenz Pl+10003|NJWenz Pl10003'
-74.2479,40.5063,0,1,'NYPittsville Ave10003+NYCarteret St+10003'
-74.2475,40.6284,0,1,'NJS Wood Ave10003+NJW Stimpson Ave+10003|NJW Stimpson Ave10003'
-74.2473,40.8001,2,0,'NJOConnor Cir10003'
-74.2472,40.6696,0,1,'NJShelley Ave10003+NJHarding Rd+10003'
-74.2468,40.7642,0,1,'NJNassau St10003+NJS Jefferson St+10003'
-74.2460,40.6220,1,1,'NJGable Ln10003|NJGable Ln10003+NJS Stiles St+10003'
-74.2457,40.8152,0,2,'NJDeerfield Dr10003'
-74.2453,40.5118,0,1,'NYYetman Ave10003+NYCraig Ave+10003'
-74.2450,40.6613,0,1,'NJE 2nd Ave10003+NJProspect St+10003|NJ2nd Ave10003+NJProspect St+10003'
-74.2445,40.5144,0,1,'NYOrchard Ave10003'
-74.2440,40.8918,0,1,'NJHobson Ave E10003'
-74.2439,40.6790,0,3,'NJGreen Ln10003+NJBuell Ave+10003|NJBuell Ave10003'
-74.2432,40.9410,0,1,'NJAlpine Dr10003|NJAlpine Dr10003+NJAlps Rd+10003|NJAlpine Dr10003+NJPassaic County 670+10003'
-74.2431,40.6492,1,0,'NJSaint Georges Ave10002+NJNora Dr+10002|NJState Rte 2710002+NJNora Dr+10002|NJE Saint Georges Ave10002+NJNora Dr+10002|NJNora Dr10003'
-74.2431,40.8780,0,1,'NJPilgrim Ct10003'
-74.2428,40.7759,0,1,'NJBrennan Dr10003|NJBrennan Dr10003+NJNorthfield Ave+10003'
-74.2428,40.7670,0,1,'NJScotland Rd10003+NJStetson St+10003|NJScotland Rd10003+NJWaverly Pl+10003|NJStetson St10003|NJStetson St10003+NJWaverly Pl+10003|NJWaverly Pl10003'
-74.2420,40.8005,0,1,'NJSmith Manor Blvd10003|NJSmith Manor Blvd10003+NJSmith Manor Blvd+10003'
-74.2418,40.6394,1,1,'NJPennsylvania Ave10003+NJCarnegie St+10003|NJCarnegie St10003'
-74.2416,40.5048,0,1,'NYHylan Blvd10003+NYYetman Ave+10003'
-74.2416,40.5699,1,0,'NJE 5th St10003'
-74.2416,40.6421,0,1,'NJEssex Ave10003|NJEssex Ave10003+NJE Baltimore Ave+10003'
-74.2410,40.7763,0,1,'NJWheeler St10003|NJWheeler St10003+NJNorthfield Ave+10003'
-74.2410,40.6199,1,0,'NJW 17th St10003|NJW 17th St10003+NJS Stiles St+10003'
-74.2408,40.8023,0,1,'NJSmith Manor Blvd10003'
-74.2408,40.5169,0,1,'NYLion St10003|NYLion St10003+NYArthur Kill Rd+10003|NYLion St10003+NYSt Andrews Pl+10003|NYArthur Kill Rd10003+NYSt Andrews Pl+10003|NYSt Andrews Pl10003'
-74.2405,40.8007,0,1,'NJSmith Manor Blvd10003|NJSmith Manor Blvd10003+NJEagle Rock Ave+10003'
-74.2402,40.5702,0,2,'NJCapri Dr10003'
-74.2401,40.5090,0,1,'NYSapphire Ct10003'
-74.2400,40.6196,1,0,'NJW 18th St10003|NJW 18th St10003+NJS Stiles St+10003'
-74.2399,40.5173,0,1,'NYHecker St10003|NYHecker St10003+NYSt Andrews Pl+10003'
-74.2397,40.5119,0,1,'NYAmboy Rd10003+NYBarnard Ave+10003|NYBarnard Ave10003'
-74.2397,40.7724,0,1,'NJS Jefferson St10003+NJI 280+10003'
-74.2394,40.7765,0,1,'NJValley Rd10003+NJMain St+10003|NJValley Rd10003+NJNorthfield Ave+10003|NJMain St10003|NJMain St10003+NJNorthfield Ave+10003|NJNorthfield Ave10003'
-74.2392,40.8818,0,1,'NJPine Ct10003'
-74.2392,40.5075,0,1,'NYPetunia Ct10003'
-74.2391,40.5164,0,1,'NYMaiden Ln10003+NYHecker St+10003'
-74.2391,40.7377,0,1,'NJCumberland St10003'
-74.2390,40.7281,2,4,'NJHillside Ter10003|NJHillside Ter10003+NJBeaumont Pl+10003'
-74.2389,40.5044,0,1,'NYSeacrest Ln10003+NYWildwood Ln+10003|NYWildwood Ln10003'
-74.2388,40.5074,0,1,'NYPetunia Ct10003|NYPetunia Ct10003+NYSprague Ave+10003'
-74.2388,40.9224,0,1,'NJAngell St10003'
-74.2386,40.5069,0,1,'NYGeorge St10003|NYGeorge St10003+NYSprague Ave+10003'
-74.2385,40.5905,0,1,'NJPendro Ave10003|NJPendro Ave10003+NJMinue St+10003'
-74.2385,40.9698,0,1,'NJFarm House Rd10003'
-74.2384,40.7293,0,2,'NJHillside Ter10003+NJClinton Ave+10003'
-74.2383,40.9001,0,1,'NJW End Rd10003'
-74.2381,40.4277,0,1,'NJSutton Dr10003'
-74.2381,40.5036,0,1,'NYWildwood Ln10003|NYWildwood Ln10003+NYForest Ln+10003'
-74.2379,40.7818,0,1,'NJEdgehill Rd10003|NJEdgehill Rd10003+NJPark Ave+10003|NJPark Ave10003|NJPark Ave10003+NJEdgehill Ave+10003|NJEdgehill Ave10003'
-74.2376,40.6776,0,1,'NJWoodland Ave10003|NJWoodland Ave10003+NJSummit Rd+10003|NJWoodland Ave10003+NJPalisade Rd+10003|NJSummit Rd10003+NJPalisade Rd+10003|NJPalisade Rd10003'
-74.2375,40.5157,0,1,'NYHale St10003|NYHale St10003+NYLenhart St+10003'
-74.2372,40.5982,1,0,'NJVirginia Ave10003'
-74.2370,40.6818,0,1,'NJGreen Ln10003+NJConant St+10003|NJConant St10003'
-74.2369,40.5121,0,3,'NYJoline Ave10003+NYEmily Ct+10003|NYEmily Ct10003'
-74.2368,40.5120,0,3,'NYJoline Ave10003+NYPoe St+10003|NYPoe St10003'
-74.2364,40.6100,0,1,'NJMarshes Dock Rd10003'
-74.2360,40.5974,0,1,'NJDelaware Ave10003'
-74.2359,40.6028,1,1,'NJMarshes Dock Rd10003'
-74.2358,40.5517,0,1,'NYShore St10003|NYShore St10003+NYCoke St+10003|NYShore St10003+NYJohnson St+10003|NYCoke St10003|NYCoke St10003+NYJohnson St+10003|NYJohnson St10003'
-74.2357,40.6347,1,0,'NJE Edgar Rd10002+NJWillow Glade Rd+10002|NJUS Hwy 910002+NJWillow Glade Rd+10002|NJUS Hwy 110002+NJWillow Glade Rd+10002|NJWillow Glade Rd10003'
-74.2355,40.5158,0,1,'NYBethel Ave10003+NYFerguson Ct+10003|NYFerguson Ct10003'
-74.2353,40.7223,0,1,'NJLincoln Pl10003+NJLyons Ave+10003'
-74.2353,40.8201,0,2,'NJGordon Pl10003'
-74.2352,40.9366,0,1,'NJClinton Ln10003'
-74.2351,40.5936,0,1,'NJI 9510001+NJRoosevelt Ave+10001|NJNew Jersey Tpke10001+NJRoosevelt Ave+10001'
-74.2351,40.8759,1,0,'NJVanderberg Pl10003'
-74.2350,40.8811,0,1,'NJUnion Ave10003+NJWalnut St+10003|NJWalnut St10003'
-74.2349,40.5122,0,1,'NYBedell Ave10003+NYPoe St+10003|NYPoe St10003'
-74.2348,40.5120,0,1,'NYBedell Ave10003+NYGiegerich Ave+10003|NYGiegerich Ave10003'
-74.2348,40.8245,0,2,'NJDouglas Pl10003'
-74.2344,40.6960,0,1,'NJColumbia Ave10003|NJColumbia Ave10003+NJLiberty Ave+10003|NJColumbia Ave10003+NJState Rte 509+10003'
-74.2342,40.5101,0,1,'NYBedell Ave10003+NYSpruce Ct+10003|NYSpruce Ct10003'
-74.2339,40.5092,0,1,'NYBedell Ave10003+NYKerry Ln+10003|NYKerry Ln10003'
-74.2335,40.8021,0,1,'NJEagle Rock Way10003|NJEagle Rock Way10003+NJS Mountain Ave+10003|NJEagle Rock Way10003+NJStonebridge Rd+10003|NJS Mountain Ave10003|NJS Mountain Ave10003+NJStonebridge Rd+10003|NJStonebridge Rd10003'
-74.2333,40.8872,0,1,'NJMorris Canal Way10003'
-74.2332,40.8051,0,1,'NJUndercliff Dr10003'
-74.2331,40.7073,0,1,'NJI 7810001+NJChestnut Ave+10001|NJI 7810001+NJState Rte 509+10001'
-74.2330,40.5731,1,1,'NJHenry St10003|NJHenry St10003+NJBirch St+10003'
-74.2324,40.8847,1,0,'NJPassaic County 64610003|NJPassaic County 64610003+NJUnion Blvd+10003|NJPassaic County 64610003+NJPassaic County 646+10003|NJUnion Blvd10003'
-74.2322,40.7720,0,1,'NJTony Galento Plz10003'
-74.2320,40.7232,0,3,'NJCrescent Ln10003'
-74.2319,40.6391,0,1,'NJUS Hwy 110002|NJUS Hwy 110002+NJE Edgar Rd+10002|NJUS Hwy 110002+NJUS Hwy 9+10002|NJUS Hwy 110002+NJUS Hwy 1+10002|NJUS Hwy 910002|NJUS Hwy 910002+NJE Edgar Rd+10002|NJUS Hwy 910002+NJUS Hwy 9+10002|NJUS Hwy 910002+NJUS Hwy 1+10002|NJE Edgar Rd10002|NJE Edgar Rd10002+NJUS Hwy 1+10002|NJE Edgar Rd10002+NJUS Hwy 9+10002'
-74.2318,40.5747,0,1,'NJLeber Ave10003+NJWillow St+10003'
-74.2313,40.8237,0,1,'NJStonewood Pkwy10003'
-74.2313,40.6255,0,2,'NJWestbrook Dr10003'
-74.2310,40.5720,0,1,'NJHolly St10003+NJLeber Ave+10003|NJHolly St10003+NJSE Grant Ave+10003|NJLeber Ave10003|NJLeber Ave10003+NJSE Grant Ave+10003|NJSE Grant Ave10003'
-74.2309,40.5163,0,1,'NYAdelphi Ave10003|NYAdelphi Ave10003+NYEugene St+10003|NYEugene St10003'
-74.2308,40.7819,0,1,'NJWatchung Ave10003|NJWatchung Ave10003+NJLakeside Ave+10003'
-74.2307,40.5707,1,0,'NJSE Grant Ave10003|NJSE Grant Ave10003+NJCo Rd 604+10003|NJSE Grant Ave10003+NJPort Reading Ave+10003'
-74.2305,40.8775,0,1,'NJCrane St10003|NJCrane St10003+NJStevens Ave+10003'
-74.2304,40.5756,1,1,'NJArthur Ave10003+NJAsh St+10003'
-74.2302,40.5277,0,1,'NYTyrellan Ave10003'
-74.2301,40.5829,1,0,'NJHermann Ave10003|NJHermann Ave10003+NJState St+10003|NJHermann Ave10003+NJHermann Ave+10003|NJHermann Ave10003+NJE Cherry St+10003|NJState St10003|NJState St10003+NJHermann Ave+10003|NJState St10003+NJE Cherry St+10003|NJE Cherry St10003'
-74.2300,40.5916,0,2,'NJWedgewood Dr10003|NJWedgewood Dr10003+NJRoosevelt Ave+10003'
-74.2297,40.8352,0,1,'NJOverlook Rd10003+NJWestland Rd+10003|NJWestland Rd10003'
-74.2295,40.5207,0,1,'NYCole St10003'
-74.2294,40.6797,0,1,'NJElizabethtown Plz10003|NJKean Dr10003'
-74.2292,40.6424,1,0,'NJUS Hwy 910002+NJTuxedo Pl+10002|NJUS Hwy 110002+NJTuxedo Pl+10002|NJE Edgar Rd10002+NJTuxedo Pl+10002|NJTuxedo Pl10003'
-74.2289,40.7641,1,2,'NJCentral Ave10003+NJCentral Pl+10003|NJCentral Pl10003'
-74.2288,40.5234,0,1,'NYMeade Loop10003|NYMeade Loop10003+NYMeade Loop+10003'
-74.2288,40.5467,0,1,'NYGrille Ct10003|NYGrille Ct10003+NYArthur Kill Rd+10003'
-74.2287,40.5696,1,1,'NJEdwin St10003+NJUnion St+10003|NJUnion St10003'
-74.2284,40.5908,0,1,'NJHarrison Ave10003'
-74.2284,40.5761,0,1,'NJLinden St10003+NJPulaski Ave+10003|NJPulaski Ave10003'
-74.2281,40.7266,1,0,'NJState Rte 12410002+NJMyrtle Ave+10002|NJSpringfield Ave10002+NJMyrtle Ave+10002|NJMyrtle Ave10003'
-74.2279,40.7318,0,1,'NJMadison Ave10003+NJVermont Ave+10003|NJMadison Ave10003+NJCummings St+10003|NJVermont Ave10003|NJVermont Ave10003+NJCummings St+10003|NJCummings St10003'
-74.2276,40.7602,0,5,'NJClay St10003|NJClay St10003+NJS Harrison St+10003'
-74.2275,40.6574,0,1,'NJState Rte 2710002+NJClover St+10002|NJClover St10003|NJClover St10003+NJRahway Ave+10003'
-74.2267,40.7171,0,1,'NJCoit St10003+NJLyons Ave+10003'
-74.2266,40.5706,1,0,'NJSalem Ave10003+NJEssex St+10003'
-74.2265,40.9656,0,3,'NJNevins Rd10003'
-74.2264,40.5561,1,0,'NYChemical Ln10003'
-74.2263,40.8124,0,1,'NJDikes Ln10003|NJDikes Ln10003+NJClinton Ave+10003|NJDikes Ln10003+NJE Plymouth St+10003|NJClinton Ave10003+NJE Plymouth St+10003|NJE Plymouth St10003'
-74.2262,40.5725,1,0,'NJPershing Ave10003|NJPershing Ave10003+NJPershing Ave+10003'
-74.2262,40.5750,1,0,'NJLowell St10003+NJPulaski Ave+10003'
-74.2261,40.5762,0,1,'NJLongfellow St10003+NJCarteret Ave+10003'
-74.2261,40.9569,1,1,'NJLancaster Ct10003'
-74.2259,40.5714,1,3,'NJCo Rd 60410003+NJPershing Ave+10003'
-74.2256,40.5700,3,1,'NJUnion St10003|NJUnion St10003+NJPershing Ave+10003'
-74.2254,40.5758,1,0,'NJLowell St10003+NJCarteret Ave+10003'
-74.2254,40.5693,1,0,'NJWarren St10003|NJWarren St10003+NJPershing Ave+10003'
-74.2253,40.7620,0,1,'NJCentral Ave10003+NJS Harrison St+10003'
-74.2252,40.5686,1,0,'NJMercer St10003|NJMercer St10003+NJPershing Ave+10003'
-74.2252,40.5680,0,1,'NJPershing Ave10003|NJPershing Ave10003+NJBergen St+10003|NJBergen St10003'
-74.2251,40.5723,1,0,'NJTerminal Ave10003+NJLarch St+10003|NJLarch St10003|NJLarch St10003+NJTerminal Rd+10003'
-74.2250,40.4202,0,1,'NJRailroad Plz10003|NJRailroad Plz10003+NJHigh St+10003|NJRailroad Plz10003+NJMain St+10003|NJHigh St10003|NJHigh St10003+NJMain St+10003'
-74.2249,40.8035,0,1,'NJHarrison Ave10003+NJLlewellyn Rd+10003'
-74.2249,40.8720,0,1,'NJViewmont Ter10003'
-74.2248,40.5709,0,1,'NJEssex St10003+NJBurlington St+10003|NJBurlington St10003'
-74.2248,40.7505,0,1,'NJTremont Ave10003+NJS Clinton St+10003|NJS Clinton St10003'
-74.2242,40.7629,0,1,'NJHampton Ter10003|NJHampton Ter10003+NJS Harrison St+10003'
-74.2242,40.8951,5,5,'NJLackawanna Ave10003|NJLackawanna Ave10003+NJPassaic County 646+10003|NJLackawanna Ave10003+NJUnion Blvd+10003|NJLackawanna Ave10003+NJFurler St+10003|NJLackawanna Ave10003+NJState Rte 62+10003|NJPassaic County 64610002+NJFurler St+10002|NJUnion Blvd10002+NJFurler St+10002|NJFurler St10003|NJFurler St10003+NJState Rte 62+10003'
-74.2241,40.7959,0,1,'NJOrchard Ct10003|NJOrchard Ct10003+NJHigh St+10003'
-74.2240,40.6420,1,1,'NJBedle Pl10003+NJMack Pl+10003|NJMack Pl10003'
-74.2238,40.6120,0,1,'NJWood Ave10003+NJI 95+10003|NJWood Ave10003+NJNew Jersey Tpke+10003|NJI 9510001+NJTremley Point Rd+10001|NJNew Jersey Tpke10001+NJTremley Point Rd+10001'
-74.2235,40.4211,0,1,'NJLower Main St10003+NJPub Works Dr+10003|NJPub Works Dr10003|NJPub Works Dr10003+NJMain St+10003'
-74.2233,40.6648,0,1,'NJChilton St10003+NJEdgar Pl+10003|NJEdgar Pl10003'
-74.2232,40.4011,1,1,'NJCrest Way10003'
-74.2232,40.5688,1,0,'NJSomerset St10003|NJSomerset St10003+NJChrome Ave+10003'
-74.2231,40.5235,0,1,'NYS Svc Rd10003+NYPleasant Plains Ave+10003|NYPleasant Plains Ave10003'
-74.2230,40.6973,2,0,'NJDoremus Pl10003|NJDoremus Pl10003+NJUS Hwy 22+10003'
-74.2229,40.8136,0,1,'NJMyrtle Ave10003'
-74.2229,40.7640,0,3,'NJBerwyn St10003|NJBerwyn St10003+NJS Harrison St+10003'
-74.2227,40.8124,0,1,'NJPlymouth St10003|NJPlymouth St10003+NJE Plymouth St+10003|NJE Plymouth St10003'
-74.2226,40.8178,0,1,'NJRte 50610003+NJOrange Rd+10003|NJBloomfield Ave10003+NJOrange Rd+10003|NJOrange Rd10003'
-74.2223,40.5859,0,1,'NJGrant Ave10003+NJHayward Ave+10003'
-74.2223,40.7287,0,1,'NJMarshall St10003|NJMarshall St10003+NJN Maple Ave+10003'
-74.2222,40.5325,0,1,'NYQuail Ln10003'
-74.2220,40.7292,0,1,'NJMarshall St10003|NJMarshall St10003+NJMarshall St+10003'
-74.2216,40.5666,0,1,'NJMiddlesex Ave10003'
-74.2215,40.6504,1,1,'NJBayway Cir10003'
-74.2215,40.5399,0,1,'NYGladwin Ave10003'
-74.2214,40.8495,0,2,'NJMountain Way10003'
-74.2212,40.8189,0,1,'NJValley Rd10003+NJMontague Pl+10003|NJMontague Pl10003'
-74.2211,40.8087,0,1,'NJCross St10003|NJCross St10003+NJOrange Rd+10003'
-74.2210,40.5375,0,1,'NYWhite Oak Ln10003'
-74.2208,40.6982,1,2,'NJHillside Ave10003+NJMunn Ave+10003|NJMunn Ave10003'
-74.2206,40.8241,0,1,'NJN Mountain Ave10003+NJVan Vleck St+10003'
-74.2202,40.6794,0,1,'NJUnion Ave10003+NJMalden Ter+10003|NJMalden Ter10003'
-74.2201,40.5418,1,1,'NYCrabtree Ave10003+NYHarris Ln+10003|NYHarris Ln10003|NYHarris Ln10003+NYCrab Tree Ave+10003'
-74.2201,40.6707,0,1,'NJOrchard St10003|NJOrchard St10003+NJMorris Ave+10003'
-74.2200,40.8929,1,0,'NJLackawanna Ave10003+NJMair Ave+10003|NJMair Ave10003'
-74.2198,40.5715,0,1,'NJPeter J Sica Industrial Hwy10003'
-74.2198,40.5464,0,1,'NYBloomingdale Rd10003+NYCandon Ave+10003|NYCandon Ave10003'
-74.2197,40.7652,0,1,'NJI 28010001+NJEvergreen Pl+10001|NJI 28010001+NJWashington Pl+10001|NJEvergreen Pl10003|NJEvergreen Pl10003+NJWashington Pl+10003|NJWashington Pl10003'
-74.2197,40.5309,0,1,'NYHerrick Ave10003+NYGaynor St+10003|NYGaynor St10003'
-74.2193,40.7149,0,1,'NJLeslie St10003+NJShaw Ave+10003'
-74.2192,40.8742,0,1,'NJMartin Pl10003'
-74.2192,40.7002,0,2,'NJMunn Ave10003+NJClark St+10003'
-74.2191,40.6561,0,1,'NJMcLain St10003|NJMcLain St10003+NJWashington Ave+10003'
-74.2184,40.8267,0,2,'NJClub St10003|NJClub St10003+NJN Mountain Ave+10003'
-74.2183,40.9213,0,1,'NJHarmer Ter10003+NJBeekman Pl+10003|NJBeekman Pl10003'
-74.2183,40.5353,0,2,'NYPembrook Loop10003'
-74.2183,40.5355,0,1,'NYMarvin Rd10003|NYMarvin Rd10003+NYBloomingdale Rd+10003'
-74.2180,40.8185,0,1,'NJMidland Ave10003+NJClaremont Ave+10003'
-74.2175,40.8212,0,1,'NJCentral Ave10003+NJTalbot St+10003|NJTalbot St10003'
-74.2173,40.6664,0,1,'NJUnion St10003+NJW Grand St+10003'
-74.2172,40.5212,0,1,'NYWeir Ave10003|NYWeir Ave10003+NYAmboy Rd+10003'
-74.2171,40.5408,0,1,'NYLynbrook Ct10003'
-74.2170,40.7676,0,1,'NJProspect St10003+NJWilliam St+10003'
-74.2166,40.7068,0,1,'NJChancellor Ave10003+NJMaple Ave+10003'
-74.2166,40.6397,1,0,'NJPark Ave S10003|NJPark Ave S10003+NJBrunswick Ave+10003|NJBrunswick Ave10003'
-74.2162,40.5231,0,1,'NYStation Ave10003|NYStation Ave10003+NYAmboy Rd+10003'
-74.2159,40.6957,0,1,'NJEvans Terminal10003'
-74.2154,40.5275,0,1,'NYIgros Ct10003'
-74.2153,40.5429,0,1,'NYWinant Ave10003+NYMcBaine Ave+10003'
-74.2153,40.5482,0,1,'NYRedwood Loop10003|NYRedwood Loop10003+NYWirt Ave+10003'
-74.2153,40.8191,0,1,'NJWalnut St10003+NJPark St+10003|NJPark St10003+NJWalnut Park Dr+10003'
-74.2152,40.7902,0,1,'NJCross St10003|NJCross St10003+NJRidgewood Ave+10003'
-74.2151,40.7644,0,1,'NJDr Martin Luther King Jr Blvd10003+NJS Clinton St+10003|NJS Clinton St10003|NJS Clinton St10003+NJMain St+10003'
-74.2151,40.7161,1,0,'NJBragaw Ave10003+NJHobson St+10003|NJHobson St10003'
-74.2150,40.7884,0,1,'NJVictor Ave10003|NJVictor Ave10003+NJSommer Ave+10003|NJSommer Ave10003'
-74.2149,40.5404,0,1,'NYAnthony St10003'
-74.2141,40.9145,2,2,'NJLiberty Ridge Trl10003+NJPatriots Trl+10003|NJPatriots Trl10003'
-74.2140,40.8090,0,1,'NJUnion St10003|NJUnion St10003+NJWashington St+10003|NJUnion St10003+NJElm St+10003|NJWashington St10003|NJWashington St10003+NJElm St+10003'
-74.2140,40.8035,0,1,'NJLexington Ave10003|NJLexington Ave10003+NJMaple Ave+10003'
-74.2136,40.5215,0,1,'NYSharrott Ave10003+NYLatourette St+10003|NYLatourette St10003'
-74.2134,40.6769,0,1,'NJFairmount Ave10003|NJFairmount Ave10003+NJN Broad St+10003'
-74.2132,40.8324,0,3,'NJEdgemont Rd10003+NJParkway+10003|NJParkway10003'
-74.2129,40.5543,0,2,'NYE Svc Rd10003|NYE Svc Rd10003+NYRossville Ave+10003|NYRossville Ave10003+NYVeterans Rd E+10003'
-74.2128,40.8366,0,2,'NJN Mountain Ave10003+NJGodfrey Rd+10003|NJGodfrey Rd10003'
-74.2127,40.6834,0,1,'NJStanton Ave10003'
-74.2126,40.9205,2,2,'NJColonial Rd10003'
-74.2125,40.7892,0,1,'NJChapman Pl10003|NJChapman Pl10003+NJLorraine St+10003|NJLorraine St10003'
-74.2122,40.8257,0,1,'NJMidland Ave10003+NJBrunswick Rd+10003|NJBrunswick Rd10003'
-74.2122,40.7534,0,1,'NJWatson Ave10003|NJWatson Ave10003+NJCentral Ave+10003'
-74.2119,40.5373,0,1,'NYMaguire Ave10003+NYSheldon Ave+10003|NYSheldon Ave10003'
-74.2118,40.8281,0,1,'NJErwin Park Rd10003'
-74.2118,40.7936,0,1,'NJLinden Ave10003+NJRidgewood Ave+10003'
-74.2117,40.5511,0,1,'NYGrafe St10003+NYRossville Ave+10003'
-74.2116,40.8116,0,1,'NJGlen Ridge Ave10003+NJGrove St+10003'
-74.2115,40.8353,0,1,'NJEdgemont Rd10003+NJBrookfield Rd+10003'
-74.2114,40.8085,0,1,'NJBloomfield Ave10003+NJHartley St+10003|NJRte 50610003+NJHartley St+10003|NJHartley St10003'
-74.2114,40.7137,0,1,'NJSchuyler Ave10003+NJRenner Ave+10003'
-74.2112,40.5204,0,2,'NYS Goff Ave10003+NYRigimar Ct+10003|NYRigimar Ct10003'
-74.2111,40.7731,1,0,'NJProspect St10003+NJHamilton St+10003|NJHamilton St10003'
-74.2111,40.5495,0,1,'NYSelkirk St10003|NYSelkirk St10003+NYRossville Ave+10003'
-74.2110,40.8271,0,1,'NJMidland Ave10003+NJMid Park Ln+10003|NJMid Park Ln10003'
-74.2110,40.5494,0,2,'NYRossville Ave10003+NYWood Ct+10003|NYWood Ct10003'
-74.2108,40.8438,0,1,'NJUpper Mountain Ave10003+NJBradford Ave+10003|NJBradford Ave10003'
-74.2106,40.8077,0,1,'NJBloomfield Ave10003+NJMission St+10003|NJMission St10003|NJMission St10003+NJRte 506+10003'
-74.2105,40.5481,0,2,'NYBarrow Pl10003|NYBarrow Pl10003+NYRossville Ave+10003'
-74.2105,40.8478,0,1,'NJHighland Ter10003'
-74.2105,40.8416,0,1,'NJN Mountain Ave10003+NJBellevue Ave+10003'
-74.2101,40.8165,0,2,'NJWalnut St10003+NJGreenwood Ave+10003|NJGreenwood Ave10003|NJGreenwood Ave10003+NJWalnut Park Dr+10003'
-74.2101,40.5415,0,1,'NYHelios Pl10003|NYHelios Pl10003+NYJourneay Ave+10003|NYHelios Pl10003+NYWoodrow Rd+10003|NYJourneay Ave10003|NYJourneay Ave10003+NYWoodrow Rd+10003'
-74.2100,40.8071,0,3,'NJBloomfield Ave10003+NJPine St+10003|NJBloomfield Ave10003+NJMaple Ave+10003|NJRte 50610003+NJPine St+10003|NJRte 50610003+NJMaple Ave+10003|NJPine St10003|NJPine St10003+NJMaple Ave+10003|NJMaple Ave10003'
-74.2099,40.8448,0,6,'NJUpper Mountain Ave10003+NJBraemore Rd+10003'
-74.2099,40.8176,2,11,'NJErie St10003|NJErie St10003+NJDepot Sq+10003|NJErie St10003+NJLabel St+10003|NJDepot Sq10003|NJDepot Sq10003+NJLabel St+10003'
-74.2099,40.5416,0,4,'NYJourneay Ave10003|NYJourneay Ave10003+NYLenevar Ave+10003|NYJourneay Ave10003+NYWoodrow Rd+10003|NYLenevar Ave10003|NYLenevar Ave10003+NYWoodrow Rd+10003'
-74.2099,40.5464,0,3,'NYRossville Ave10003+NYCorrell Ave+10003|NYCorrell Ave10003'
-74.2098,40.7549,0,1,'NJS Oraton Pkwy10003+NJWinthrop Ter+10003|NJWinthrop Ter10003'
-74.2097,40.9284,0,1,'NJFox Hill Ct10003|NJFox Hill Dr10003'
-74.2096,40.8136,0,1,'NJGrove St10003+NJClaremont Ave+10003'
-74.2094,40.5398,0,4,'NYLenevar Ave10003+NYRamapo Ave+10003'
-74.2094,40.5427,0,1,'NYLatham Pl10003'
-74.2092,40.7988,1,1,'NJLincoln St10003+NJHamilton Rd+10003|NJHamilton Rd10003'
-74.2091,40.8098,0,1,'NJPine St10003+NJGlen Ridge Ave+10003'
-74.2091,40.8413,0,1,'NJBellevue Plz10003|NJBellevue Plz10003+NJBellevue Ave+10003'
-74.2091,40.7312,0,1,'NJS 15th St10003+NJ19th Ave+10003'
-74.2090,40.8158,1,0,'NJChristopher St10003|NJChristopher St10003+NJWalnut St+10003|NJChristopher St10003+NJWalnut Park Dr+10003'
-74.2090,40.5384,0,2,'NYLenevar Ave10003+NYSinclair Ave+10003'
-74.2087,40.5378,0,3,'NYSheldon Ave10003+NYLenevar Ave+10003'
-74.2085,40.5370,0,1,'NYRensselaer Ave10003+NYLenevar Ave+10003'
-74.2083,40.5284,0,1,'NYAlbourne Ave10003+NYMinturn Ave+10003'
-74.2082,40.8166,0,1,'NJChristopher St10003+NJLabel St+10003|NJLabel St10003'
-74.2080,40.5446,0,2,'NYMallow St10003|NYMallow St10003+NYMason Blvd+10003'
-74.2080,40.5417,0,1,'NYRossville Ave10003|NYRossville Ave10003+NYWoodrow Rd+10003'
-74.2079,40.5438,0,2,'NYBerne Pl10003|NYBerne Pl10003+NYMcBaine Ave+10003'
-74.2077,40.5433,0,1,'NYBerne Pl10003'
-74.2076,40.8085,0,1,'NJGlen Ridge Ave10003+NJBaldwin St+10003|NJBaldwin St10003'
-74.2071,40.9437,0,1,'NJMicheline Ct10003'
-74.2071,40.8124,0,1,'NJPine St10003+NJClaremont Ave+10003'
-74.2070,40.8195,1,1,'NJChestnut St10003+NJMontclair Ave+10003'
-74.2069,40.8258,0,1,'NJN Fullerton Ave10003+NJMendl Ter+10003|NJMendl Ter10003'
-74.2069,40.8448,0,1,'NJJerome Pl10003|NJJerome Pl10003+NJValley Rd+10003'
-74.2067,40.8163,0,2,'NJGrove St10003+NJOxford St+10003'
-74.2067,40.5579,0,2,'NYVeterans Rd W10006+NYArthur Kill Rd+10006|NYArthur Kill Rd10003+NYW Svc Rd+10003'
-74.2066,40.7051,0,1,'NJWeequahic Ave10003|NJWeequahic Ave10003+NJElizabeth Ave+10003'
-74.2065,40.5399,0,1,'NYStafford Ave10003+NYFoster Rd+10003'
-74.2065,40.8713,0,1,'NJPassaic County 63110003+NJRidge Rd+10003|NJRidge Rd10003|NJRidge Rd10003+NJLong Hill Rd+10003'
-74.2064,40.8296,0,1,'NJFairfield St10003'
-74.2064,40.8046,0,1,'NJGlen Ridge Ave10003|NJGlen Ridge Ave10003+NJBelleville Ave+10003|NJBelleville Ave10003'
-74.2063,40.5392,0,1,'NYFoster Rd10003+NYSinclair Ave+10003'
-74.2062,40.8567,0,1,'NJMountainside Park Ter10003'
-74.2061,40.8484,0,1,'NJUpper Mountain Ave10003+NJWindsor Pl+10003|NJWindsor Pl10003'
-74.2061,40.5286,0,2,'NYAlbourne Ave10003+NYLenevar Ave+10003|NYLenevar Ave10003'
-74.2060,40.5324,0,1,'NYCarlton Ave10003+NYParkwood Ave+10003|NYParkwood Ave10003'
-74.2060,40.5199,0,1,'NYFinlay Ave10003+NYEverett Ave+10003|NYEverett Ave10003'
-74.2060,40.5385,0,1,'NYFoster Rd10003+NYSheldon Ave+10003'
-74.2059,40.8172,0,1,'NJCambridge Rd10003|NJCambridge Rd10003+NJGrove St+10003'
-74.2059,40.8211,0,1,'NJColumbus Ave10003+NJMontclair Ave+10003'
-74.2058,40.8140,1,2,'NJPine St10003|NJPine St10003+NJWalnut St+10003|NJPine St10003+NJWalnut Park Dr+10003'
-74.2058,40.8190,0,3,'NJChristopher St10003+NJChestnut St+10003'
-74.2056,40.5378,0,1,'NYFoster Rd10003+NYRensselaer Ave+10003'
-74.2055,40.8558,0,1,'NJParkside Pl10003|NJParkside Pl10003+NJHighland Ave+10003'
-74.2054,40.5147,0,1,'NYSt Edward Ln10003'
-74.2052,40.7723,0,1,'NJParkway Dr10003+NJN Walnut St+10003|NJN Walnut St10003'
-74.2051,40.5304,1,0,'NYParkwood Ave10003+NYBradford Ave+10003'
-74.2050,40.8179,0,1,'NJGrove St10003+NJTuxedo Rd+10003|NJTuxedo Rd10003'
-74.2050,40.6655,0,1,'NJUS Hwy 910002+NJE Grand St+10002|NJUS Hwy 110002+NJE Grand St+10002|NJSpring St10002+NJE Grand St+10002'
-74.2050,40.5575,0,2,'NYW Shore Pkwy10002+NYArthur Kill Rd+10002|NYState Rte 44010002+NYArthur Kill Rd+10002'
-74.2048,40.5213,0,1,'NYBayview Ave10003+NYExcelsior Ave+10003|NYExcelsior Ave10003'
-74.2047,40.8304,0,2,'NJN Fullerton Ave10003+NJWatchung Ave+10003'
-74.2047,40.5429,0,1,'NYAlverson Loop10003|NYAlverson Loop10003+NYAlverson Loop+10003'
-74.2046,40.8001,0,1,'NJDarwin Pl10003|NJDarwin Pl10003+NJRidgewood Ave+10003'
-74.2046,40.8072,0,1,'NJMead Ter10003|NJMead Ter10003+NJHighland Ave+10003'
-74.2046,40.5425,0,1,'NYAlverson Loop10003'
-74.2046,40.8184,0,4,'NJGrove St10003+NJChestnut St+10003|NJChestnut St10003'
-74.2045,40.8479,0,1,'NJGlenwood Pl10003|NJGlenwood Pl10003+NJGlenwood Rd+10003|NJGlenwood Pl10003+NJValley Rd+10003|NJGlenwood Rd10003|NJGlenwood Rd10003+NJValley Rd+10003'
-74.2045,40.9573,0,1,'NJSanderling Rd10003+NJGannet Ct+10003|NJGannet Ct10003'
-74.2044,40.7513,0,1,'NJCentral Ave10003|NJCentral Ave10003+NJHollywood Ave+10003|NJHollywood Ave10003'
-74.2042,40.8547,0,1,'NJUpper Mountain Ave10003+NJMount Hebron Rd+10003'
-74.2041,40.7944,1,2,'NJWashington Pl10003|NJWashington Pl10003+NJWindsor Pl+10003'
-74.2040,40.5566,0,1,'NYVeterans Rd E10006|NYVeterans Rd E10006+NYArthur Kill Rd+10006|NYVeterans Rd E10006+NYE Veterans Rd+10006|NYVeterans Rd E10006+NYVeterans Rd E+10006|NYE Svc Rd10006|NYE Svc Rd10006+NYArthur Kill Rd+10006|NYE Svc Rd10006+NYE Veterans Rd+10006|NYE Svc Rd10006+NYVeterans Rd E+10006|NYArthur Kill Rd10003+NYE Veterans Rd+10003|NYArthur Kill Rd10003+NYVeterans Rd E+10003|NYE Veterans Rd10003|NYVeterans Rd E10003'
-74.2040,40.7686,1,1,'NJ4th Ave10003'
-74.2039,40.8007,0,1,'NJBloomfield Ave10003+NJRidgewood Ave+10003'
-74.2036,40.5399,0,1,'NYVernon Ave10003+NYSinclair Ave+10003'
-74.2034,40.8201,0,3,'NJGrove St10003+NJColumbus Ave+10003'
-74.2032,40.8161,0,2,'NJCambridge Rd10003+NJTremont Pl+10003'
-74.2032,40.5464,1,0,'NYWycliff Ln10003|NYCovington Cir10003'
-74.2031,40.5325,0,1,'NYFoster Rd10003+NYDrumgoole Rd W+10003'
-74.2031,40.5443,0,1,'NYW Castor Pl10003+NYMarcy Ave+10003|NYMarcy Ave10003'
-74.2030,40.5322,0,1,'NYState Rte 44010002+NYFoster Rd+10002|NYFoster Rd10003+NYRichmond Pkwy+10003'
-74.2029,40.8757,0,1,'NJNotch Rd10003+NJRustic Ridge Rd+10003|NJRustic Ridge Rd10003'
-74.2029,40.5549,0,2,'NYCody Pl10003|NYCody Pl10003+NYHuguenot Ave+10003'
-74.2029,40.8208,1,1,'NJGlenridge Pkwy10003|NJGlenridge Pkwy10003+NJGrove St+10003'
-74.2028,40.5379,0,1,'NYVernon Ave10003+NYRathbun Ave+10003'
-74.2028,40.6612,0,1,'NJE Jersey St10003+NJSmith St+10003'
-74.2028,40.6690,0,1,'NJUS Hwy 910002+NJFlora St+10002|NJFlora St10003+NJUS Hwy 1+10003|NJFlora St10003+NJSpring St+10003'
-74.2026,40.8413,0,1,'NJDuryea Rd10003|NJDuryea Rd10003+NJLorraine Ave+10003'
-74.2026,40.8299,0,1,'NJWatchung Ave10003+NJWaterbury Rd+10003|NJWaterbury Rd10003'
-74.2024,40.8244,0,1,'NJChristopher St10003+NJMcDonough St+10003'
-74.2022,40.8025,0,1,'NJRte 50610003+NJRidgewood Ave+10003|NJBelleville Ave10003+NJRidgewood Ave+10003'
-74.2022,40.5534,0,1,'NYHuguenot Ave10003+NYLombard Ct+10003|NYLombard Ct10003'
-74.2021,40.8513,1,0,'NJValley Rd10003+NJAlexander Ave+10003'
-74.2020,40.5552,0,1,'NYCody Pl10003|NYCody Pl10003+NYCody Pl+10003'
-74.2019,40.7728,1,1,'NJN Arlington Ave10003+NJGrant Ave+10003|NJGrant Ave10003'
-74.2018,40.6872,0,1,'NJVirginia St10003'
-74.2016,40.6741,1,0,'NJFairmount Ave10003+NJMeadow St+10003'
-74.2016,40.5276,0,1,'NYFoster Rd10003+NYWheeling Ave+10003'
-74.2016,40.8455,0,1,'NJNorwood Ave10003+NJNorman Rd+10003|NJNorman Rd10003'
-74.2015,40.8357,0,1,'NJWildwood Ave10003+NJN Fullerton Ave+10003|NJN Fullerton Ave10003'
-74.2015,40.5454,0,1,'NYPowell Ln10003'
-74.2013,40.4070,0,1,'NJBethany Rd10003+NJCresci Blvd+10003|NJCresci Blvd10003'
-74.2013,40.8464,0,1,'NJNorwood Ave10003+NJMarion Rd+10003|NJMarion Rd10003'
-74.2012,40.8524,0,2,'NJMacopin Ave10003|NJMacopin Ave10003+NJValley Rd+10003|NJMacopin Ave10003+NJPotter Ct+10003|NJValley Rd10003+NJPotter Ct+10003|NJPotter Ct10003'
-74.2011,40.5308,0,1,'NYAshland Ave10003+NYQueensdale St+10003|NYQueensdale St10003'
-74.2010,40.5508,0,1,'NYSussex Green10003|NYSussex Green10003+NYHuguenot Ave+10003'
-74.2008,40.7991,0,1,'NJPark Ave10003+NJEdgewood Rd+10003|NJEdgewood Rd10003'
-74.2008,40.7977,0,1,'NJPark St10003|NJPark St10003+NJBloomfield Ave+10003'
-74.2008,40.6984,1,1,'NJFoster St10003'
-74.2006,40.8421,0,2,'NJPark St10003+NJHaddon Pl+10003|NJHaddon Pl10003'
-74.2006,40.6748,0,1,'NJVan Buren Ave10003|NJVan Buren Ave10003+NJMeadow St+10003'
-74.2006,40.5516,0,2,'NYMimosa Ln10003|NYMimosa Ln10003+NYRussek Dr+10003|NYRussek Dr10003'
-74.2004,40.5449,0,1,'NYW Castor Pl10003|NYW Castor Pl10003+NYPowell St+10003'
-74.2004,40.8574,0,1,'NJCollege Ave10003'
-74.2003,40.5133,0,1,'NYBayview Ave10003'
-74.2003,40.5524,0,3,'NYBunnell Ct10003|NYBunnell Ct10003+NYBunnell Ct+10003'
-74.2002,40.8312,0,2,'NJMontclair Ave10003|NJMontclair Ave10003+NJBeverly Rd+10003'
-74.2002,40.8172,0,1,'NJMitchell Pl10003|NJMitchell Pl10003+NJArdsley Rd+10003'
-74.2002,40.8483,0,1,'NJNorwood Ave10003+NJElston Rd+10003'
-74.2001,40.8845,1,0,'NJZendzian Dr10003|NJZendzian Dr10003+NJPascale Pl+10003|NJZendzian Ave10003|NJZendzian Ave10003+NJPascale Pl+10003'
-74.2001,40.5465,0,1,'NYRosedale Ave10003+NYDahlia St+10003'
-74.2000,40.6736,3,5,'NJUS Hwy 910002+NJFairmount Ave+10002|NJUS Hwy 110002+NJFairmount Ave+10002'
-74.2000,40.8044,0,1,'NJHigh St10003'
-74.1999,40.8493,0,1,'NJNorwood Ave10003+NJOverlook Rd+10003|NJOverlook Rd10003'
-74.1998,40.5481,0,1,'NYHuguenot Ave10003+NYRumba Pl+10003|NYRumba Pl10003'
-74.1998,40.7937,0,1,'NJFarrand St10003|NJFarrand St10003+NJLackawanna Pl+10003|NJLackawanna Pl10003'
-74.1996,40.8263,0,1,'NJGrove St10003+NJHarvard St+10003|NJHarvard St10003'
-74.1996,40.8293,0,1,'NJChristopher St10003+NJWatchung Ave+10003'
-74.1996,40.6481,0,1,'NJ3rd Ave10003+NJDelaware St+10003|NJDelaware St10003'
-74.1995,40.6507,1,0,'NJ2nd Ave10003+NJAtlantic St+10003'
-74.1994,40.5604,0,1,'NYW Shore Pkwy10002+NYArden Ave+10002|NYState Rte 44010002+NYArden Ave+10002'
-74.1991,40.5556,0,1,'NYPoets Cir10003|NYPoets Cir10003+NYCarlyle Green+10003|NYCarlyle Green10003'
-74.1990,40.6475,1,0,'NJ3rd Ave10003+NJErie St+10003|NJErie St10003'
-74.1990,40.8310,0,1,'NJChristopher St10003|NJChristopher St10003+NJBeverly Rd+10003'
-74.1989,40.5475,0,1,'NYStack Dr10003|NYStack Dr10003+NYRussek Dr+10003|NYRussek Dr10003'
-74.1985,40.8282,0,1,'NJPrescott Ave10003|NJPrescott Ave10003+NJGrove St+10003'
-74.1984,40.6760,0,2,'NJUS Hwy 910002+NJMeadow St+10002|NJUS Hwy 110002+NJMeadow St+10002|NJSpring St10002+NJMeadow St+10002'
-74.1984,40.5399,0,1,'NYRensselaer Ave10003+NYEllsworth Ave+10003'
-74.1983,40.5431,0,2,'NYWoodrow Rd10003+NYWalker Pl+10003|NYWalker Pl10003'
-74.1983,40.5521,0,1,'NYDogwood Dr10003|NYDogwood Dr10003+NYMimosa Ln+10003|NYDogwood Dr10003+NYDaffodil Ct+10003|NYMimosa Ln10003|NYMimosa Ln10003+NYDaffodil Ct+10003|NYDaffodil Ct10003'
-74.1982,40.5478,0,2,'NYHammock Ln10003|NYHammock Ln10003+NYStack Dr+10003'
-74.1982,40.8470,0,1,'NJGlenwood Rd10003|NJGlenwood Rd10003+NJPark St+10003'
-74.1982,40.8338,0,2,'NJCarolin Rd10003+NJAubrey Rd+10003|NJAubrey Rd10003'
-74.1981,40.6423,1,0,'NJAmboy Ave10003'
-74.1981,40.7868,1,0,'NJLake St10003|NJLake St10003+NJRoosevelt Ave+10003|NJRoosevelt Ave10003'
-74.1981,40.6363,1,0,'NJGoethals Brg10001'
-74.1981,40.8290,0,2,'NJGrove St10003+NJWatchung Ave+10003'
-74.1979,40.5463,0,1,'NYCoventry Loop10003'
-74.1978,40.8076,0,1,'NJClinton Rd10003|NJClinton Rd10003+NJBaldwin St+10003'
-74.1977,40.5564,1,0,'NYChestnut Cir10003|NYChestnut Cir10003+NYDover Green+10003|NYDover Green10003'
-74.1977,40.5589,0,1,'NYArden Ave10003+NYArthur Kill Rd+10003'
-74.1975,40.8488,0,3,'NJOverlook Rd10003+NJPark St+10003'
-74.1974,40.6457,0,1,'NJ3rd Ave10003+NJS 2nd St+10003'
-74.1973,40.6775,0,2,'NJUS Hwy 910002|NJUS Hwy 910002+NJNorth Ave E+10002|NJUS Hwy 910002+NJNorth Ave+10002|NJUS Hwy 910002+NJSpring St+10002|NJNorth Ave E10003|NJNorth Ave E10003+NJNorth Ave+10003|NJNorth Ave E10003+NJUS Hwy 9+10003|NJNorth Ave E10003+NJSpring St+10003|NJNorth Ave E10003+NJUS Hwy 1+10003|NJNorth Ave10003|NJNorth Ave10003+NJUS Hwy 9+10003|NJNorth Ave10003+NJSpring St+10003|NJNorth Ave10003+NJUS Hwy 1+10003|NJSpring St10003|NJSpring St10003+NJUS Hwy 1+10003|NJSpring St10003+NJSpring St+10003|NJUS Hwy 110002|NJUS Hwy 110002+NJSpring St+10002|NJSpring St10002'
-74.1973,40.5433,0,6,'NYHuguenot Ave10003+NYWoodrow Rd+10003|NYHuguenot Ave10003+NYVineland Ave+10003|NYWoodrow Rd10003+NYVineland Ave+10003|NYVineland Ave10003'
-74.1972,40.5567,0,1,'NYChestnut Cir10003'
-74.1972,40.8212,0,4,'NJRidgewood Ave10003+NJStanford Pl+10003|NJStanford Pl10003'
-74.1971,40.5191,0,1,'NYHylan Blvd10003+NYSeguine Ave+10003'
-74.1971,40.5371,0,1,'NYIonia Ave10003+NYEllsworth Ave+10003'
-74.1971,40.6357,0,1,'NJI 27810001|NJI 27810001+NJGoethals Brg+10001|NJI 27810001+NJI 278+10001|NJI 27810001+NJStaten Island Pkwy+10001|NJGoethals Brg10001|NJGoethals Brg10001+NJI 278+10001|NJGoethals Brg10001+NJStaten Island Pkwy+10001|NJStaten Island Pkwy10001'
-74.1971,40.8112,0,1,'NJRidley Ct10003'
-74.1970,40.5294,0,2,'NYAddison Ave10003|NYAddison Ave10003+NYAmboy Rd+10003'
-74.1970,40.8141,0,3,'NJCambridge Rd10003+NJStonehouse Rd+10003|NJStonehouse Rd10003'
-74.1970,40.7922,0,1,'NJBloomfield Ave10003+NJConger St+10003|NJConger St10003'
-74.1969,40.8459,0,1,'NJFairview Pl10003+NJWestview Rd+10003|NJWestview Rd10003'
-74.1968,40.5159,1,0,'NYMelville St10003'
-74.1967,40.6662,1,0,'NJAnna St10003|NJAnna St10003+NJDivision St+10003'
-74.1966,40.5578,0,1,'NYArden Ave10003+NYKyle Ct+10003|NYKyle Ct10003'
-74.1966,40.7916,1,0,'NJMunicipal Plz10003|NJMunicipal Plz10003+NJBloomfield Ave+10003'
-74.1966,40.6771,0,1,'NJNorth Ave E10003+NJMeadow St+10003|NJMeadow St10003'
-74.1965,40.5198,0,1,'NYSegline Loop10003|NYSegline Loop10003+NYSegline Loop+10003'
-74.1965,40.5475,0,1,'NYRosedale Ave10003+NYAnaconda St+10003|NYAnaconda St10003'
-74.1964,40.8509,0,1,'NJMacopin Ave10003|NJMacopin Ave10003+NJPark St+10003'
-74.1961,40.8092,0,2,'NJWarren St10003|NJWarren St10003+NJEssex Ave+10003'
-74.1961,40.7013,0,1,'NJDayton St10003|NJDayton St10003+NJFrelinghuysen Ave+10003|NJDayton St10003+NJState Rte 27+10003'
-74.1961,40.7109,0,1,'NJI 7810001+NJElizabeth Ave+10001'
-74.1960,40.6793,0,1,'NJSpring St10003+NJFanny St+10003|NJFanny St10003'
-74.1958,40.5398,0,1,'NYRathbun Ave10003+NYHuguenot Ave+10003'
-74.1957,40.5552,0,8,'NYBirch Ln10003'
-74.1956,40.8525,1,0,'NJPark St10003|NJPark St10003+NJMount Hebron Rd+10003'
-74.1956,40.8385,0,1,'NJGrove St10003+NJBellevue Ave+10003'
-74.1955,40.6785,3,22,'NJMeadow St10003'
-74.1954,40.8257,0,2,'NJHarvard St10003|NJHarvard St10003+NJRidgewood Ave+10003'
-74.1952,40.8844,0,1,'NJRifle Camp Rd10003'
-74.1952,40.8399,0,1,'NJGrove St10003+NJLorraine Ave+10003|NJLorraine Ave10003'
-74.1951,40.7027,0,1,'NJMeeker Ave10003+NJFenwick St+10003|NJFenwick St10003'
-74.1951,40.5446,0,1,'NYNippon Ave10003+NYCrown Ave+10003|NYCrown Ave10003'
-74.1950,40.8301,0,1,'NJBeverly Rd10003|NJBeverly Rd10003+NJFairmount Ave+10003|NJFairmount Ave10003'
-74.1949,40.5484,13,13,'NYEverton Pl10003'
-74.1948,40.7034,1,0,'NJFrelinghuysen Ave10002+NJLegal St+10002|NJLegal St10003|NJLegal St10003+NJState Rte 27+10003'
-74.1948,40.5439,0,1,'NYVineland Ave10003+NYNippon Ave+10003'
-74.1948,40.8355,1,2,'NJArgyle Rd10003'
-74.1947,40.5377,0,2,'NYIonia Ave10003|NYIonia Ave10003+NYHuguenot Ave+10003|NYIonia Ave10003+NYHuguenot St+10003|NYHuguenot Ave10003+NYHuguenot St+10003|NYHuguenot St10003'
-74.1946,40.5317,0,1,'NYEllsworth Ave10003|NYEllsworth Ave10003+NYHawley Ave+10003'
-74.1946,40.8421,0,2,'NJGrove St10003+NJClarewill Ave+10003|NJClarewill Ave10003'
-74.1946,40.7223,0,1,'NJRidgewood Ave10003+NJMadison Ave+10003'
-74.1945,40.8426,1,0,'NJClub Rd10003|NJClub Rd10003+NJGrove St+10003'
-74.1944,40.5372,0,3,'NYEdgegrove Ave10003+NYHuguenot Ave+10003'
-74.1944,40.8445,0,1,'NJGrove St10003+NJBuckingham Rd+10003|NJBuckingham Rd10003'
-74.1943,40.8466,0,2,'NJGrove St10003+NJFairview Pl+10003|NJFairview Pl10003'
-74.1943,40.8383,0,2,'NJBellevue Ave10003+NJThe Fairway+10003|NJThe Fairway10003'
-74.1943,40.8473,0,1,'NJGrove St10003+NJKenneth Rd+10003|NJKenneth Rd10003'
-74.1943,40.8501,0,1,'NJGrove St10003|NJGrove St10003+NJAlexander Ave+10003|NJGrove St10003+NJEssex County 623+10003|NJAlexander Ave10003|NJAlexander Ave10003+NJEssex County 623+10003|NJEssex County 62310003'
-74.1941,40.5425,1,0,'NYNippon Ave10003+NYSinclair Ave+10003'
-74.1941,40.5365,0,2,'NYDarlington Ave10003+NYHuguenot Ave+10003'
-74.1940,40.7047,1,0,'NJFrelinghuysen Ave10002+NJNoble St+10002|NJState Rte 2710002+NJNoble St+10002|NJNoble St10003'
-74.1940,40.7922,0,1,'NJMontgomery St10003+NJOakland Ave+10003|NJOakland Ave10003'
-74.1940,40.5898,0,1,'NYW Shore Exwy W Svc Rd10006+NYVictory Blvd+10006|NYWild Ave10006|NYWild Ave10006+NYVictory Blvd+10006'
-74.1940,40.5309,0,1,'NYAmboy Rd10003+NYLuten Ave+10003|NYLuten Ave10003'
-74.1940,40.5483,0,1,'NYRosedale Ave10003+NYBelfield Ave+10003|NYBelfield Ave10003'
-74.1939,40.8514,1,1,'NJLasalle Rd10003'
-74.1938,40.5455,0,1,'NYBallard Ave10003|NYBallard Ave10003+NYWoodrow Rd+10003'
-74.1938,40.6821,0,1,'NJUS Hwy 910002|NJUS Hwy 110002'
-74.1936,40.5127,0,1,'NYHolton Ave10003+NYCoastal Dr+10003|NYHolton Ave10003+NYPurdy Pl+10003|NYCoastal Dr10003|NYCoastal Dr10003+NYPurdy Pl+10003|NYPurdy Pl10003'
-74.1936,40.6827,0,1,'NJUS Hwy 910002+NJDowd Ave+10002|NJDowd Ave10003|NJDowd Ave10003+NJUS Hwy 1+10003'
-74.1936,40.5354,0,1,'NYCarlton Ct10003|NYCarlton Ct10003+NYHuguenot Ave+10003'
-74.1934,40.5491,0,3,'NYGreen Valley Rd10003'
-74.1933,40.6872,5,66,'NJSpring St10003'
-74.1931,40.6843,2,52,'NJState Rte 8110002|NJState Rte 8110002+NJUS Hwy 9+10002|NJState Rte 8110002+NJUS Hwy 1+10002'
-74.1930,40.6873,1,6,'NJUS Hwy 910002|NJUS Hwy 910002+NJUS Hwy 1+10002|NJUS Hwy 910002+NJUS Hwy 9+10002|NJUS Hwy 110002|NJUS Hwy 110002+NJUS Hwy 1+10002|NJUS Hwy 110002+NJUS Hwy 9+10002'
-74.1929,40.5336,0,1,'NYWest Ter10003+NYHawley Ave+10003|NYHawley Ave10003'
-74.1928,40.6876,0,7,'NJUS Hwy 110002+NJMc Clellan St+10002|NJMc Clellan St10003|NJMc Clellan St10003+NJUS Hwy 9+10003'
-74.1927,40.4282,0,1,'NJPimper Pl10003|NJPimper Pl10003+NJState Rte 36+10003'
-74.1927,40.5336,0,1,'NYWest Ter10003|NYWest Ter10003+NYHuguenot Ave+10003'
-74.1926,40.5492,0,1,'NYVespa Ave10003+NYCanton Ave+10003|NYCanton Ave10003'
-74.1926,40.5626,0,1,'NYArthur Kill Rd10003+NYMuldoon Ave+10003|NYMuldoon Ave10003'
-74.1925,40.8268,0,1,'NJBurnett St10003+NJOakwood Ave+10003|NJOakwood Ave10003'
-74.1922,40.5385,0,2,'NYIonia Ave10003+NYNippon Ave+10003'
-74.1922,40.8543,0,2,'NJGrove St10003|NJGrove St10003+NJGrove St+10003'
-74.1921,40.5346,0,17,'NYE Drumgoole Rd10003'
-74.1921,40.5446,0,1,'NYVineland Ave10003+NYDelmar Ave+10003'
-74.1920,40.5863,0,5,'NYE Svc Rd10003|NYE Svc Rd10003+NYW Shore Exwy Svc Rd E+10003|NYE Svc Rd10003+NYWild Ave+10003|NYE Svc Rd10003+NYW Shore Exwy E Svc Rd+10003|NYE Svc Rd10003+NYW Shore Exwy E State Rte+10003|NYE Svc Rd10003+NYW Shore Exwy State Rte E+10003|NYW Shore Exwy Svc Rd E10003|NYW Shore Exwy Svc Rd E10003+NYW Shore Exwy Svc Rd E+10003|NYW Shore Exwy Svc Rd E10003+NYWild Ave+10003|NYW Shore Exwy Svc Rd E10003+NYW Shore Exwy E Svc Rd+10003|NYW Shore Exwy Svc Rd E10003+NYW Shore Exwy E State Rte+10003|NYW Shore Exwy Svc Rd E10003+NYW Shore Exwy State Rte E+10003|NYW Shore Exwy Svc Rd E10006|NYW Shore Exwy Svc Rd E10006+NYW Shore Exwy E Svc Rd+10006|NYW Shore Exwy Svc Rd E10006+NYW Shore Exwy E State Rte+10006|NYW Shore Exwy Svc Rd E10006+NYW Shore Exwy State Rte E+10006|NYWild Ave10003+NYW Shore Exwy E Svc Rd+10003|NYWild Ave10003+NYW Shore Exwy E State Rte+10003|NYWild Ave10003+NYW Shore Exwy State Rte E+10003|NYW Shore Exwy E Svc Rd10003|NYW Shore Exwy E Svc Rd10003+NYW Shore Exwy E State Rte+10003|NYW Shore Exwy E Svc Rd10003+NYW Shore Exwy State Rte E+10003|NYW Shore Exwy E State Rte10003|NYW Shore Exwy E State Rte10003+NYW Shore Exwy State Rte E+10003|NYW Shore Exwy State Rte E10003'
-74.1919,40.4285,0,1,'NJFlorence Ave10003|NJFlorence Ave10003+NJState Rte 36+10003'
-74.1918,40.5440,0,2,'NYStafford Ave10003+NYDelmar Ave+10003'
-74.1917,40.5319,0,1,'NYHuguenot Ave10003+NYAmboy Rd+10003'
-74.1917,40.6902,1,5,'NJUS Hwy 910002|NJUS Hwy 910002+NJUS Hwy 1+10002|NJUS Hwy 910002+NJUS Hwy 9+10002|NJUS Hwy 110002|NJUS Hwy 110002+NJUS Hwy 1+10002|NJUS Hwy 110002+NJUS Hwy 9+10002'
-74.1916,40.5372,0,1,'NYDarlington Ave10003+NYNippon Ave+10003'
-74.1916,40.5912,0,1,'NYRoswell Ave10003|NYRoswell Ave10003+NYVictory Blvd+10003'
-74.1915,40.5469,0,1,'NYWoodrow Rd10003+NYBelfield Ave+10003'
-74.1915,40.7522,1,0,'NJN 7th St10003+NJGould Pl+10003'
-74.1913,40.6750,0,1,'NJNorth Ave E10003+NJDowd Ave+10003'
-74.1912,40.8283,0,1,'NJWatchung Ave10003+NJHawthorne Ave+10003'
-74.1910,40.5524,0,1,'NYArden Ave10003+NYCorrell Ave+10003|NYCorrell Ave10003'
-74.1909,40.6761,0,4,'NJState Rte 8110002|NJState Rte 8110002+NJState Rte 81+10002'
-74.1909,40.6266,0,1,'NY6th Ave10003+NY3rd St+10003|NY3rd St10003'
-74.1908,40.5354,0,3,'NYE Drumgoole Rd10003'
-74.1908,40.5474,0,1,'NYHolcomb Ave10003+NYWoodrow Rd+10003'
-74.1905,40.5776,4,3,'NYW Shore Pkwy10002+NYW Shore Exwy Svc Rd E+10002|NYW Shore Exwy W Svc Rd10006|NYW Shore Exwy W Svc Rd10006+NYW Shore Exwy Svc Rd E+10006|NYState Rte 44010002+NYW Shore Exwy Svc Rd E+10002|NYW Shore Exwy Svc Rd E10006'
-74.1904,40.8488,0,1,'NJAlexander Ave10003+NJYantacaw Brook Rd+10003|NJYantacaw Brook Rd10003'
-74.1904,40.5945,0,1,'NYPrices Ln10003|NYPrices Ln10003+NYCannon Ave+10003'
-74.1902,40.5406,0,1,'NYRamona Ave10003+NYDelmar Ave+10003'
-74.1901,40.5516,0,1,'NYVespa Ave10003|NYVespa Ave10003+NYArden Ave+10003'
-74.1895,40.6992,1,3,'NJStation Rd10003+NJBessemer St+10003|NJBessemer St10003'
-74.1895,40.7048,0,10,'NJStation Rd10003'
-74.1895,40.5378,0,1,'NYDarlington Ave10003|NYDarlington Ave10003+NYDrumgoole Rd W+10003'
-74.1893,40.5386,0,1,'NYEdgegrove Ave10003+NYDelmar Ave+10003'
-74.1892,40.7546,1,0,'NJ7th Ave10003+NJN 6th St+10003|NJ7th Ave W10003+NJN 6th St+10003'
-74.1891,40.6660,1,1,'NJEvans St10003'
-74.1888,40.5875,0,2,'NYBeresford Ave10003'
-74.1886,40.5507,0,1,'NYHalpin Ave10003|NYHalpin Ave10003+NYArden Ave+10003'
-74.1885,40.7081,0,1,'NJUS Hwy 2210002|NJUS Hwy 2210002+NJUS Hwy 22+10002'
-74.1884,40.9063,1,0,'NJRamsey St10003+NJDanforth Ave+10003|NJDanforth Ave10003'
-74.1883,40.4144,0,1,'NJBoyd Rd10003'
-74.1883,40.5389,0,1,'NYEdgegrove Ave10003|NYEdgegrove Ave10003+NYDrumgoole Rd W+10003'
-74.1883,40.5479,0,1,'NYJefferson Blvd10003+NYCrown Ave+10003'
-74.1880,40.6677,1,0,'NJDowd Ave10003+NJEvans St+10003|NJDowd Ave10003+NJSullivan Rd+10003|NJEvans St10003|NJEvans St10003+NJSullivan Rd+10003|NJSullivan Rd10003'
-74.1877,40.7823,0,2,'NJGrove St10003|NJGrove St10003+NJFlorence Ave+10003|NJFlorence Ave10003|NJFlorence Ave10003+NJRte 509+10003'
-74.1876,40.5501,0,1,'NYWoodrow Rd10003+NYArden Ave+10003'
-74.1876,40.6876,0,1,'NJBrewster Rd10003'
-74.1874,40.6876,0,6,'NJSouth Svc Rd Exd10003'
-74.1873,40.4298,0,1,'NJState Rte 3610002+NJMiddle Rd+10002'
-74.1873,40.5900,0,1,'NYPearson St10003+NYWatson Ave+10003|NYWatson Ave10003'
-74.1873,40.7020,0,2,'NJHaynes Ave10003+NJBessemer St+10003|NJBessemer St10003'
-74.1871,40.5524,0,1,'NYCarlton Blvd10003+NYHalpin Ave+10003'
-74.1870,40.7110,1,0,'NJE Peddie St10003'
-74.1870,40.7021,1,22,'NJHaynes Ave10003'
-74.1869,40.5613,0,2,'NYIlyssa Way10003+NYEmily Ln+10003|NYEmily Ln10003'
-74.1868,40.6586,0,1,'NJI 9510001+NJTrumbull St+10001|NJTrumbull St10003+NJNew Jersey Tpke+10003'
-74.1867,40.6735,1,3,'NJState Rte 8110002+NJJersey Garden Blvd W+10002'
-74.1867,40.5941,1,0,'NYLeroy St10003|NYLeroy St10003+NYVictory Blvd+10003'
-74.1867,40.8287,1,0,'NJWatchung Ave10003+NJRte 509+10003'
-74.1866,40.6997,3,31,'NJUS Hwy 910002+NJStation Rd+10002|NJUS Hwy 110002+NJStation Rd+10002|NJStation Rd10003'
-74.1864,40.8473,0,1,'NJAlexander Ave10003+NJSkytop Ter+10003|NJSkytop Ter10003'
-74.1864,40.6931,1,15,'NJTower Rd10003'
-74.1862,40.5516,0,2,'NYCrown Ct10003'
-74.1862,40.5899,0,1,'NYRawson Pl10003'
-74.1860,40.8293,0,1,'NJHolly Ct10003|NJHolly Ct10003+NJRte 509+10003|NJHolly Ct10003+NJBroad St+10003'
-74.1859,40.6696,9,8,'NJSullivan Rd10003'
-74.1859,40.6935,1,0,'NJExpress Rd10003'
-74.1856,40.6611,1,1,'NJDowd Ave10003+NJYork St+10003'
-74.1854,40.7639,0,1,'NJN 7th St10003+NJ3rd Ave W+10003'
-74.1853,40.5447,0,3,'NYRensselaer Ave10003'
-74.1852,40.5644,0,1,'NYAmanda Ct10003|NYAmanda Ct10003+NYAspen Knolls Way+10003'
-74.1851,40.5463,0,3,'NYJefferson Blvd10003+NYSheldon Ave+10003'
-74.1851,40.5489,0,2,'NYStafford Ave10003+NYArden Ave+10003'
-74.1850,40.5224,0,1,'NYHuguenot Ave10003+NYEdith Ave+10003'
-74.1849,40.8287,0,1,'NJClubb St10003|NJClubb St10003+NJWatchung Ave+10003'
-74.1849,40.8756,0,1,'NJCliff Hill Rd10003'
-74.1848,40.8703,1,1,'NJSaint Philips Dr10003+NJBrookhill Ter+10003|NJBrookhill Ter10003'
-74.1848,40.6927,0,2,'NJTower Rd10003|NJTower Rd10003+NJTower Rd+10003'
-74.1845,40.6954,1,6,'NJBrewster Rd10003'
-74.1845,40.8047,0,1,'NJJames St10003|NJJames St10003+NJGarden State Pkwy+10003'
-74.1845,40.7407,1,1,'NJMarrow St10003'
-74.1845,40.5523,0,1,'NYCrown Ave10003+NYDeborah Loop+10003|NYDeborah Loop10003'
-74.1844,40.8304,0,1,'NJHaines Dr10003|NJHaines Dr10003+NJRte 509+10003|NJHaines Dr10003+NJBroad St+10003'
-74.1844,40.7242,1,1,'NJAstor St10003'
-74.1844,40.6889,0,8,'NJTerminal A10003'
-74.1844,40.5511,0,1,'NYVineland Ave10003+NYCarlton Blvd+10003'
-74.1843,40.6898,1,10,'NJSouth Svc Rd10003'
-74.1843,40.7685,1,0,'NJ1st Ave10003+NJRoseville Ave+10003'
-74.1842,40.6893,1,3,'NJTerminal A10003'
-74.1842,40.5543,0,1,'NYWoodrow Rd10003+NYEvan Pl+10003|NYEvan Pl10003'
-74.1841,40.8052,1,0,'NJGarden State Pkwy10002+NJBaldwin St+10002|NJBaldwin St10003'
-74.1841,40.5603,0,1,'NYIlyssa Way10003+NYJamie Ln+10003|NYJamie Ln10003'
-74.1840,40.5400,0,1,'NYEdgegrove Ave10003+NYAlbee Ave+10003'
-74.1840,40.8638,0,1,'NJRonald Dr10003|NJRonald Dr10003+NJGrove St+10003'
-74.1840,40.6913,0,13,'NJTower Rd10003|NJTower Rd10003+NJExpress Rd+10003|NJExpress Rd10003|NJExpress Rd10003+NJExpress Rd+10003'
-74.1840,40.7529,0,1,'NJ7th Ave W10003|NJ7th Ave10003'
-74.1840,40.5365,0,1,'NYAlvine Ave10003|NYAlvine Ave10003+NYBennett Ave+10003'
-74.1837,40.7245,0,1,'NJMurray St10003'
-74.1836,40.5359,0,1,'NYTenafly Pl10003|NYTenafly Pl10003+NYAlvine Ave+10003'
-74.1836,40.6720,0,1,'NJNorth Ave E10003+NJState Rte 81+10003|NJState Rte 8110002|NJState Rte 8110002+NJState Rte 81+10002|NJState Rte 8110003'
-74.1836,40.5455,0,1,'NYJefferson Blvd10003+NYRathbun Ave+10003'
-74.1836,40.7373,0,1,'NJHoward Ct10003'
-74.1836,40.7411,0,1,'NJCornerstone Ln10003+NJWilsey St+10003|NJWilsey St10003|NJWilsey St10003+NJAcademy St+10003|NJWilsey St10003+NJChurchman St+10003'
-74.1835,40.7360,0,1,'NJSeton Hall Dr10003|NJSeton Hall Dr10003+NJHoward St+10003|NJSeton Hall Dr10003+NJSeton Hall Dr+10003'
-74.1835,40.6884,1,11,'NJExpress Rd10003|NJExpress Rd10003+NJExpress Rd+10003'
-74.1834,40.6922,0,5,'NJNewark International Airport St10003|NJNewark International Airport St10003+NJTower Rd+10003|NJTower Rd10003'
-74.1833,40.8644,0,1,'NJGrove St10003+NJRobin Hood Rd+10003|NJRobin Hood Rd10003'
-74.1833,40.7382,0,1,'NJ13th Ave10003+NJWickliffe St+10003|NJWickliffe St10003'
-74.1833,40.7704,0,1,'NJN 8th St10003|NJN 8th St10003+NJBloomfield Ave+10003|NJN 8th St10003+NJRoseville Ave+10003|NJBloomfield Ave10003+NJRoseville Ave+10003|NJRoseville Ave10003'
-74.1832,40.8440,0,1,'NJRed Maple Ave10003|NJRed Maple Ave10003+NJRte 509+10003|NJRed Maple Ave10003+NJBroad St+10003'
-74.1832,40.5301,0,1,'NYDenise Ct10003|NYDenise Ct10003+NYArbutus Ave+10003'
-74.1832,40.5352,0,1,'NYAmboy Rd10003+NYAlvine Ave+10003|NYAlvine Ave10003'
-74.1832,40.5552,0,1,'NYWoodrow Rd10003+NYGrantwood Ave+10003|NYGrantwood Ave10003'
-74.1832,40.6927,9,144,'NJNewark International Airport St10003'
-74.1831,40.7891,0,1,'NJLewis St10003|NJLewis St10003+NJBaldwin Pl+10003'
-74.1831,40.4205,1,0,'NJState Rte 3510002+NJBrookside Mobil Ct+10002'
-74.1829,40.5632,0,1,'NYWinston St10003|NYWinston St10003+NYChatham St+10003|NYWinston St10003+NYKenilworth Ave+10003|NYChatham St10003|NYChatham St10003+NYKenilworth Ave+10003'
-74.1829,40.5451,0,1,'NYJefferson Blvd10003|NYJefferson Blvd10003+NYDrumgoole Rd W+10003'
-74.1828,40.6714,1,1,'NJNorth Ave E10002+NJJersey Garden Blvd W+10002'
-74.1827,40.6881,1,51,'NJExpress Rd10003'
-74.1827,40.6946,0,14,'NJRadar Rd10003'
-74.1826,40.8286,1,1,'NJWatchung Ave10003+NJBell St+10003|NJBell St10003'
-74.1826,40.5369,0,2,'NYAlbee Ave10003+NYBennett Ave+10003'
-74.1825,40.7056,1,4,'NJUS Hwy 910002|NJUS Hwy 910002+NJUS Hwy 9+10002|NJUS Hwy 910002+NJUS Hwy 1+10002|NJUS Hwy 110002|NJUS Hwy 110002+NJUS Hwy 9+10002|NJUS Hwy 110002+NJUS Hwy 1+10002'
-74.1823,40.5566,0,4,'NYErika Loop10003'
-74.1823,40.8653,0,1,'NJState Rte 310002+NJGrove St+10002'
-74.1822,40.6649,1,1,'NJState Rte 8110002|NJState Rte 8110002+NJI 95+10002|NJState Rte 8110002+NJNew Jersey Tpke+10002'
-74.1822,40.7101,1,0,'NJState Rte 2110002+NJI 78+10002'
-74.1821,40.7060,0,1,'NJUS Hwy 910002+NJUS Hwy 22+10002|NJUS Hwy 110002+NJUS Hwy 22+10002'
-74.1821,40.5511,0,2,'NYGrantwood Ave10003+NYSinclair Ave+10003|NYSinclair Ave10003'
-74.1821,40.8804,1,0,'NJBrower Ave10003|NJBrower Ave10003+NJValley Rd+10003|NJBrower Ave10003+NJPassaic County 621+10003'
-74.1820,40.8286,0,1,'NJWatchung Ave10003+NJAlbert Ter+10003|NJAlbert Ter10003'
-74.1819,40.8324,0,1,'NJMacleod Ln10003|NJMacleod Ln10003+NJRte 509+10003|NJMacleod Ln10003+NJBroad St+10003'
-74.1818,40.5283,0,1,'NYLouise St10003|NYLouise St10003+NYArbutus Ave+10003'
-74.1818,40.5572,0,1,'NYErika Loop10003|NYErika Loop10003+NYErica Loop+10003|NYErika Loop10003+NYErika Loop+10003|NYErica Loop10003'
-74.1817,40.5282,0,3,'NYArbutus Ave10003+NYGentile Ct+10003|NYGentile Ct10003'
-74.1817,40.7312,0,1,'NJEagles Pkwy10003|NJEagles Pkwy10003+NJDr Martin Luther King Jr Blvd+10003|NJEagles Pkwy10003+NJMartin Luther King Jr Blvd+10003'
-74.1815,40.8640,0,1,'NJState Rte 310002+NJGraydon Ter+10002|NJGraydon Ter10003'
-74.1814,40.5531,0,1,'NYTryon Ave10003|NYTryon Ave10003+NYShotwell Ave+10003'
-74.1811,40.8798,0,1,'NJAmato Ln10003|NJAmato Ln10003+NJBrower Ave+10003|NJBrower Ave10003'
-74.1811,40.6628,1,0,'NJSchiller St10003'
-74.1810,40.5404,0,1,'NYCarlton Blvd10003|NYCarlton Blvd10003+NYN Railroad St+10003'
-74.1810,40.5517,0,1,'NYSmyrna Ave10003'
-74.1810,40.5635,0,1,'NYWoodrow Rd10003+NYWinston St+10003|NYWoodrow Rd10003+NYChatham St+10003|NYWinston St10003|NYWinston St10003+NYChatham St+10003|NYWinston St10003+NYBoylan St+10003|NYChatham St10003|NYChatham St10003+NYBoylan St+10003|NYBoylan St10003'
-74.1810,40.7905,0,1,'NJCanella Ct10003'
-74.1809,40.6665,1,0,'NJState Rte 8110002|NJState Rte 8110002+NJI 95+10002|NJState Rte 8110002+NJNew Jersey Tpke+10002'
-74.1806,40.6883,0,14,'NJExpress Rd10003'
-74.1806,40.5451,0,1,'NYIonia Ave10003'
-74.1804,40.7500,0,1,'NJClifton Ave10003+NJ8th Ave+10003'
-74.1803,40.9238,1,0,'NJPassaic County 67310003+NJBelmont Ave+10003|NJBelmont Ave10003|NJBelmont Ave10003+NJW Broadway+10003'
-74.1803,40.5600,0,1,'NYOak Ln10003|NYOak Ln10003+NYBerry Ave W+10003|NYOak Ln10003+NYWoodrow Rd+10003|NYBerry Ave W10003'
-74.1800,40.7779,1,5,'NJHoniss St10003+NJEugene Pl+10003'
-74.1797,40.9593,0,1,'NJChalmers Ave10003'
-74.1796,40.7515,0,2,'NJClifton Ave10003+NJ7th Ave+10003|NJ7th Ave10003'
-74.1796,40.8111,0,1,'NJPlymouth Rd10003'
-74.1795,40.7776,1,1,'NJN 8th St10003|NJN 8th St10003+NJHoniss St+10003'
-74.1795,40.6650,1,0,'NJJersey Garden Blvd W10003|NJJersey Garden Blvd W10003+NJJersey Garden Blvd W+10003'
-74.1794,40.6681,0,1,'NJI 9510001+NJJersey Garden Blvd W+10001|NJJersey Garden Blvd W10003+NJNew Jersey Tpke+10003'
-74.1792,40.6079,0,1,'NYSouth Ave10003+NYTeleport Dr+10003|NYSouth Ave10003+NYVernon Ave+10003|NYSouth Ave10003+NYEdward Curry Ave+10003|NYTeleport Dr10003|NYTeleport Dr10003+NYVernon Ave+10003|NYTeleport Dr10003+NYEdward Curry Ave+10003|NYVernon Ave10003|NYEdward Curry Ave10003'
-74.1791,40.6655,0,1,'NJJersey Garden Blvd W10003|NJJersey Garden Blvd W10003+NJJersey Garden Blvd W+10003'
-74.1791,40.6702,1,0,'NJNorth Ave E10002'
-74.1789,40.5458,0,1,'NYEdgegrove Ave10003+NYArden Ave+10003'
-74.1788,40.7444,1,0,'NJHoyt St10003|NJHoyt St10003+NJCentral Ave+10003'
-74.1787,40.6883,1,10,'NJRadar Rd10003'
-74.1785,40.7794,0,1,'NJFranklin St10003+NJEugene Pl+10003|NJEugene Pl10003'
-74.1785,40.6127,0,15,'NYLois Ln10003|NYLois Ln10003+NYMerrill Ave+10003|NYMerrill Ave10003'
-74.1784,40.7086,0,7,'NJUS Hwy 110002'
-74.1784,40.7081,3,6,'NJUS Hwy 2210002|NJUS Hwy 2210002+NJUS Hwy 22+10002'
-74.1782,40.8100,0,1,'NJJamie Ct10003'
-74.1781,40.6641,0,1,'NJFashion Dr10003'
-74.1780,40.7086,0,6,'NJUS Hwy 910002+NJUS Hwy 22+10002|NJUS Hwy 2210002|NJUS Hwy 2210002+NJUS Hwy 22+10002|NJUS Hwy 2210002+NJUS Hwy 1+10002'
-74.1778,40.5385,0,1,'NYHillis St10003+NYMosely Ave+10003|NYMosely Ave10003'
-74.1777,40.4330,1,0,'NJFarmdale Rd10003|NJFarmdale Rd10003+NJFranciscan Way+10003'
-74.1776,40.5638,0,1,'NYAnnadale Rd10003|NYAnnadale Rd10003+NYArthur Kill Rd+10003'
-74.1776,40.8121,0,1,'NJCarrie Ct10003'
-74.1776,40.5582,0,1,'NYSunfield Ave10003|NYSunfield Ave10003+NYGold Ave+10003|NYGold Ave10003'
-74.1775,40.6910,11,206,'NJTerminal B10003'
-74.1775,40.5553,0,1,'NYVan Allen Ave10003+NYMcArthur Ave+10003'
-74.1774,40.7432,1,1,'NJBleeker St10003'
-74.1774,40.8764,1,1,'NJBrannon Ct10003'
-74.1773,40.5618,0,1,'NYToken St10003'
-74.1773,40.5449,0,1,'NYArden Ave10003+NYCarlton Blvd+10003'
-74.1773,40.5395,0,2,'NYSheridan Pl10003'
-74.1770,40.6105,0,1,'NYSouth Ave10003+NYPaulding Ave+10003|NYPaulding Ave10004'
-74.1770,40.6634,1,16,'NJFashion Dr10003'
-74.1769,40.6908,4,25,'NJTerminal B10003'
-74.1765,40.5445,0,4,'NYAnnadale Rd10003+NYArden Ave+10003'
-74.1765,40.8834,1,1,'NJCathay Rd10003+NJMaplewood Ave+10003'
-74.1764,40.8574,0,1,'NJBroad St10003+NJHuemmer Ter+10003|NJCo Rd 50910003+NJHuemmer Ter+10003|NJHuemmer Ter10003'
-74.1764,40.8533,0,1,'NJState Rte 310002+NJGarden State Pkwy+10002'
-74.1763,40.8535,0,3,'NJState Rte 310002+NJGarden State Pkwy+10002'
-74.1762,40.7429,0,1,'NJBleeker St10003|NJBleeker St10003+NJDr Mlkj Blvd+10003|NJBleeker St10003+NJMartin Luther King Jr Blvd+10003|NJBleeker St10003+NJDr Martin Luther King Jr Blvd+10003|NJDr Mlkj Blvd10003|NJDr Mlkj Blvd10003+NJMartin Luther King Jr Blvd+10003|NJDr Mlkj Blvd10003+NJDr Martin Luther King Jr Blvd+10003|NJMartin Luther King Jr Blvd10003|NJDr Martin Luther King Jr Blvd10003'
-74.1758,40.5424,0,1,'NYEndview St10003|NYEndview St10003+NYLorrain Ave+10003|NYEndview St10003+NYLorraine Ave+10003'
-74.1758,40.8544,0,11,'NJAllwood Rd10003+NJGarden State Pkwy+10003|NJPassaic County 60210003+NJGarden State Pkwy+10003'
-74.1758,40.5441,0,1,'NYMoffett St10003|NYMoffett St10003+NYArden Ave+10003'
-74.1756,40.6122,0,3,'NYSouth Ave10003+NYLois Ln+10003|NYSouth Ave10003+NYMerrill Ave+10003|NYLois Ln10003|NYLois Ln10003+NYMerrill Ave+10003|NYMerrill Ave10003|NYMerrill Ave10003+NYMerrill Ave+10003'
-74.1754,40.5494,0,1,'NYWolcott Ave10003+NYFiler St+10003|NYFiler St10003'
-74.1754,40.6619,0,2,'NJGlimcher Realty Way10003'
-74.1753,40.8003,0,1,'NJFairway Ave10003+NJContinental Ave+10003'
-74.1751,40.5467,0,1,'NYRye Ave10003'
-74.1750,40.7306,0,1,'NJCourt St10003|NJCourt St10003+NJWalnut St+10003|NJCourt St10003+NJBroad St+10003|NJWalnut St10003|NJWalnut St10003+NJBroad St+10003|NJWalnut St10003+NJRev William O Watley Plz+10003|NJBroad St10003+NJRev William O Watley Plz+10003|NJRev William O Watley Plz10003'
-74.1748,40.7398,0,1,'NJUniversity Ave10003+NJWarren St+10003|NJWarren St10003'
-74.1747,40.5493,0,1,'NYWolcott Ave10003|NYWolcott Ave10003+NYAnnadale Rd+10003'
-74.1747,40.5388,0,1,'NYSummit Pl10003|NYSummit Pl10003+NYBarclay Ave+10003'
-74.1747,40.5497,0,1,'NYKatan Ave10003'
-74.1746,40.5229,0,1,'NYNicolosi Loop10003|NYNicolosi Loop10003+NYNicole Loop+10003|NYNicole Loop10003|NYNicole Loop10003+NYNicolosi Dr+10003|NYNicolosi Dr10003'
-74.1745,40.6633,0,1,'NJGlimcher Realty Way10003'
-74.1745,40.8535,0,3,'NJAllwood Rd10003+NJGarden State Pkwy+10003|NJPassaic County 60210003+NJGarden State Pkwy+10003'
-74.1743,40.8720,1,1,'NJGrove St10003+NJDidonna Ct+10003|NJDidonna Ct10003'
-74.1743,40.5512,0,1,'NYAugusta Ave10003|NYAugusta Ave10003+NYLovelace Ave+10003'
-74.1740,40.5461,0,2,'NYMoffett St10003+NYRye Ave+10003|NYMoffett St10003+NYPetrus Ave+10003|NYRye Ave10003+NYPetrus Ave+10003|NYPetrus Ave10003'
-74.1740,40.8118,0,1,'NJHope St10003|NJHope St10003+NJMilton Ave+10003|NJHope St10003+NJBloomfield Ave+10003|NJMilton Ave10003|NJMilton Ave10003+NJBloomfield Ave+10003'
-74.1740,40.7324,1,0,'NJGreen St10003|NJGreen St10003+NJBroad St+10003'
-74.1737,40.7419,0,1,'NJUniversity Ave10003+NJBleeker St+10003'
-74.1736,40.8071,1,1,'NJRutan Rd10003+NJCrestwood Ave+10003|NJCrestwood Ave10003'
-74.1735,40.7332,0,3,'NJWilliam St10003|NJWilliam St10003+NJBroad St+10003'
-74.1735,40.7482,1,0,'NJDr Martin Luther King Jr Blvd10003|NJDr Martin Luther King Jr Blvd10003+NJDr Martin Luther King Jr Blvd+10003|NJDr Martin Luther King Jr Blvd10003+NJI 280+10003|NJDr Martin Luther King Jr Blvd10003+NJMartin Luther King Jr Blvd+10003|NJI 28010001+NJMartin Luther King Jr Blvd+10001|NJMartin Luther King Jr Blvd10003'
-74.1735,40.7114,4,22,'NJI 7810001'
-74.1734,40.7334,0,3,'NJLafayette St10003|NJLafayette St10003+NJBroad St+10003'
-74.1733,40.8527,0,1,'NJAllwood Rd10003+NJClifton Ave+10003|NJAllwood Rd10003+NJState Rte 161+10003|NJPassaic County 60210003+NJClifton Ave+10003|NJPassaic County 60210003+NJState Rte 161+10003'
-74.1728,40.5449,0,2,'NYWilson Ave10003|NYWilson Ave10003+NYAdlai Cir+10003|NYAdlai Cir10003'
-74.1728,40.8824,0,1,'NJRidge Ter10003'
-74.1727,40.4295,1,0,'NJRoland Pl10003|NJRoland Pl10003+NJMonterey Dr+10003'
-74.1727,40.7347,0,1,'NJBroad St10003+NJBranford Pl+10003|NJBranford Pl10003'
-74.1725,40.6029,0,3,'NYSigns Rd10003+NYSpark Pl+10003|NYSpark Pl10003'
-74.1725,40.5426,0,1,'NYJeanette Ave10003|NYJeanette Ave10003+NYArden Ave+10003|NYArden Ave10003+NYJeannette Ave+10003|NYJeannette Ave10003'
-74.1723,40.8140,0,1,'NJBloomfield Ave10003+NJSan Antonio Ave+10003|NJSan Antonio Ave10003'
-74.1722,40.7356,0,1,'NJRte 51010003+NJBroad St+10003|NJBroad St10003+NJMarket St+10003'
-74.1722,40.5588,0,1,'NYDrumgoole Rd E10003+NYWainwright Ave+10003|NYWainwright Ave10003'
-74.1717,40.5592,0,4,'NYWainwright Ave10003|NYWainwright Ave10003+NYWainwright Ave+10003'
-74.1717,40.7688,0,1,'NJBerkeley Ave10003+NJRidge St+10003'
-74.1716,40.7422,0,1,'NJCentral Ave10003|NJCentral Ave10003+NJBishop Parrott Plz+10003|NJCentral Ave10003+NJWashington St+10003|NJBishop Parrott Plz10003|NJWashington St10003'
-74.1716,40.7422,0,1,'NJCentral Ave10003|NJCentral Ave10003+NJWashington St+10003|NJCentral Ave10003+NJBishop Parrott Plz+10003|NJWashington St10003|NJBishop Parrott Plz10003'
-74.1715,40.7306,0,1,'NJFranklin St10003|NJFranklin St10003+NJMulberry St+10003'
-74.1715,40.5614,0,1,'NYState Rte 44010002|NYState Rte 44010002+NYKorean War Vets Pkwy+10002|NYState Rte 44010002+NYRichmond Pkwy+10002|NYState Rte 44010002+NYKorean War Veterans Pkwy+10002|NYState Rte 44010002+NYArthur Kill Rd+10002|NYKorean War Vets Pkwy10003|NYKorean War Vets Pkwy10003+NYRichmond Pkwy+10003|NYKorean War Vets Pkwy10003+NYKorean War Veterans Pkwy+10003|NYKorean War Vets Pkwy10003+NYArthur Kill Rd+10003|NYRichmond Pkwy10002|NYRichmond Pkwy10002+NYRichmond Pkwy+10002|NYRichmond Pkwy10002+NYKorean War Veterans Pkwy+10002|NYRichmond Pkwy10003|NYRichmond Pkwy10003+NYKorean War Veterans Pkwy+10003|NYRichmond Pkwy10003+NYArthur Kill Rd+10003|NYKorean War Veterans Pkwy10003|NYKorean War Veterans Pkwy10003+NYArthur Kill Rd+10003'
-74.1714,40.8540,0,1,'NJBruan Pl10003|NJBruan Pl10003+NJRichfield Ter+10003'
-74.1712,40.9699,0,1,'NJGamba Ct10003'
-74.1710,40.8547,0,1,'NJRichfield Ter10003+NJCross St+10003|NJCross St10003'
-74.1708,40.5600,0,1,'NYJonathan Ct10003|NYJonathan Ct10003+NYWainwright Ave+10003|NYJonathan Ct10003+NYJohnathan Ct+10003|NYWainwright Ave10003+NYJohnathan Ct+10003|NYJohnathan Ct10003'
-74.1705,40.8898,0,1,'NJWarren St10003+NJJohn St+10003|NJJohn St10003'
-74.1705,40.7118,9,34,'NJFrontage Rd10003'
-74.1705,40.5539,0,1,'NYWainwright Ave10003+NYStroud Ave+10003'
-74.1703,40.7361,0,1,'NJClinton St10003+NJBeaver St+10003|NJBeaver St10003'
-74.1702,40.7368,0,1,'NJCommerce Ct10003|NJCommerce Ct10003+NJCommerce St+10003'
-74.1700,40.7229,2,1,'NJDawson St10003+NJPennington St+10003'
-74.1698,40.5611,0,2,'NYRichmond Ave10003+NYArthur Kill Rd+10003'
-74.1698,40.4170,0,1,'NJMiller Ave10003|NJMiller Ave10003+NJState Rte 35+10003|NJMiller Ave10003+NJGreen Acres Dr+10003|NJState Rte 3510002+NJGreen Acres Dr+10002|NJGreen Acres Dr10003'
-74.1698,40.5414,0,1,'NYArden Ave10003+NYMosely Ave+10003'
-74.1697,40.7341,0,1,'NJMulberry St10003|NJMulberry St10003+NJEdison Pl+10003|NJMulberry St10003+NJPark Pl+10003|NJEdison Pl10003|NJEdison Pl10003+NJPark Pl+10003|NJPark Pl10003'
-74.1697,40.6221,0,1,'NYBelknap St10003|NYBelknap St10003+NYGoethals Rd N+10003'
-74.1696,40.7235,0,1,'NJDawson St10003|NJDawson St10003+NJJohnson St+10003'
-74.1695,40.8374,1,0,'NJBolten Pl10003|NJBolten Pl10003+NJSylvan Rd+10003'
-74.1693,40.7319,0,1,'NJLafayette St10003+NJColumbia St+10003'
-74.1692,40.6023,0,1,'NYSigns Rd10003+NYDinsmore St+10003|NYDinsmore St10003'
-74.1689,40.6048,0,1,'NYAmsterdam Ave10003|NYAmsterdam Ave10003+NYForest St+10003'
-74.1689,40.6747,0,1,'NJIkea Dr10003|NJIkea Dr10003+NJIkea Dr+10003'
-74.1689,40.7384,0,4,'NJKitchell St10003|NJKitchell Pl10003'
-74.1689,40.7697,0,1,'NJMount Prospect Ave10003+NJBallantine Pkwy+10003|NJMt Prospect Ave10003+NJBallantine Pkwy+10003|NJBallantine Pkwy10003'
-74.1688,40.8495,0,1,'NJAllwood Rd10003+NJHepburn Rd+10003|NJAllwood Rd10003+NJZeim Dr+10003|NJPassaic County 60210003+NJHepburn Rd+10003|NJPassaic County 60210003+NJZeim Dr+10003|NJHepburn Rd10003|NJHepburn Rd10003+NJZeim Dr+10003|NJZeim Dr10003'
-74.1687,40.6349,0,1,'NYPond Way10003|NYPond Way10003+NYPond Way+10003|NYPond Way10003+NYAlexander Way+10003|NYAlexander Way10003|NYAlexander Way10003+NYPond Way+10003'
-74.1687,40.6355,0,7,'NYPond Way10003|NYPond Way10003+NYAlexander Way+10003|NYPond Way10003+NYPond Way+10003|NYAlexander Way10003|NYAlexander Way10003+NYPond Way+10003'
-74.1686,40.6359,0,1,'NYPond Way10003|NYPond Way10003+NYArlington Pl+10003'
-74.1686,40.5453,0,1,'NYWainwright Ave10003+NYRye Ave+10003|NYRye Ave10003'
-74.1685,40.6216,0,1,'NYSouth Ave10003+NYGoethals Rd N+10003'
-74.1684,40.5541,0,1,'NYStroud Ave10003'
-74.1683,40.5789,0,1,'NYRing Rd10003|NYRing Rd10003+NYPlatinum Ave+10003'
-74.1681,40.7366,0,1,'NJMulberry St10003+NJRaymond Blvd+10003'
-74.1680,40.5328,0,1,'NYJansen St10003+NYHoldridge Ave+10003'
-74.1680,40.5469,0,1,'NYPetrus Ave10003+NYChesebrough St+10003|NYChesebrough St10003'
-74.1679,40.6224,0,1,'NYSouth Ave10003+NYWolkoff Ln+10003|NYWolkoff Ln10003'
-74.1679,40.6196,0,1,'NYAye Ct10003|NYAye Ct10003+NYFelton St+10003'
-74.1678,40.7396,0,4,'NJCenter St10003'
-74.1677,40.6203,0,1,'NYFahy Ave10003+NYFelton St+10003|NYFelton St10003'
-74.1677,40.5322,0,2,'NYHoldridge Ave10003+NYWeaver St+10003'
-74.1676,40.5949,0,5,'NYMulberry Ave10003+NYSleepy Hollow Rd+10003|NYSleepy Hollow Rd10003'
-74.1676,40.5889,0,2,'NYRichmond Ave10003|NYRichmond Ave10003+NYRichmond Hill Rd+10003|NYRichmond Ave10003+NYRichmond Ave+10003|NYRichmond Hill Rd10003|NYRichmond Hill Rd10003+NYRichmond Ave+10003'
-74.1676,40.6231,0,1,'NYSouth Ave10003+NYLisk Ave+10003'
-74.1676,40.5885,1,2,'NYRichmond Ave10003|NYRichmond Ave10003+NYDock St+10003|NYDock St10003'
-74.1675,40.5449,0,1,'NYWilson Ave10003+NYChesebrough St+10003|NYChesebrough St10003'
-74.1675,40.6117,0,1,'NYCommerce St10003+NYNadal Pl+10003|NYNadal Pl10003'
-74.1674,40.6195,0,4,'NYAye Ct10003'
-74.1673,40.7544,0,3,'NJMcCarter Hwy10002+NJGouverneur St+10002|NJGouverneur St10003+NJState Rte 21+10003'
-74.1673,40.6407,0,1,'NYArlington Ave10003'
-74.1673,40.7442,1,0,'NJMcCarter Hwy10002+NJLombardy Pl+10002|NJState Rte 2110002+NJLombardy Pl+10002|NJLombardy Pl10003'
-74.1673,40.5492,0,1,'NYMemphis Ave10003|NYMemphis Ave10003+NYRichmond Ave+10003'
-74.1672,40.5971,0,1,'NYRockville Ave10003|NYRockville Ave10003+NYMulberry Ave+10003'
-74.1672,40.6021,0,5,'NYSigns Rd10003+NYArlene St+10003|NYSigns Rd10003+NYPark Dr N+10003|NYArlene St10003|NYArlene St10003+NYPark Dr N+10003|NYPark Dr N10003'
-74.1671,40.5573,0,1,'NYBarlow Ave10003+NYEltingville Blvd+10003'
-74.1671,40.7657,0,1,'NJArlington Ave10003+NJWakeman Ave+10003'
-74.1670,40.7858,0,1,'NJTiffany Blvd10003'
-74.1669,40.7431,0,1,'NJLombardy St10003|NJLombardy St10003+NJMcCarter Hwy+10003|NJLombardy St10003+NJState Rte 21+10003'
-74.1668,40.5262,0,1,'NYOceanview Ave10003|NYOceanview Ave10003+NYBarclay Ave+10003'
-74.1668,40.6143,0,1,'NYLander Ave10003+NYElson St+10003'
-74.1668,40.7333,0,1,'NJMcCarter Hwy10002+NJEdison Pl+10002|NJEdison Pl10003+NJState Rte 21+10003'
-74.1668,40.6042,0,1,'NYSierra Ct10003'
-74.1667,40.7526,0,1,'NJPassaic St10003+NJClark St+10003|NJClark St10003'
-74.1667,40.7296,0,1,'NJGreen St10003+NJMcWhorter St+10003'
-74.1667,40.7166,3,8,'NJJefferson St10003'
-74.1666,40.6115,0,1,'NYCommerce St10003+NYOliver Pl+10003|NYOliver Pl10003'
-74.1666,40.5259,0,1,'NYBayview Ter10003|NYBayview Ter10003+NYBarclay Ave+10003'
-74.1666,40.8619,0,1,'NJMargery Ct10003|NJMargery Ct10003+NJStarmond Ave+10003'
-74.1666,40.5365,0,1,'NYArden Ave10003+NYTallman St+10003|NYTallman St10003'
-74.1665,40.7342,0,1,'NJMcCarter Hwy10002+NJRte 510+10002|NJMcCarter Hwy10002+NJMarket St+10002|NJRte 51010003|NJRte 51010003+NJState Rte 21+10003|NJState Rte 2110002+NJMarket St+10002'
-74.1665,40.7543,0,2,'NJPassaic St10003+NJGouverneur St+10003|NJGouverneur St10003'
-74.1664,40.6301,0,1,'NYCable Way10003|NYCable Way10003+NYSouth Ave+10003'
-74.1664,40.6042,0,1,'NYSierra Ct10003|NYSierra Ct10003+NYArlene St+10003|NYSierra Ct10003+NYCarnegie Ave+10003|NYArlene St10003+NYCarnegie Ave+10003|NYCarnegie Ave10003'
-74.1663,40.6322,0,1,'NYSouth Ave10003+NYBrabant St+10003|NYBrabant St10003'
-74.1663,40.6020,0,1,'NYSigns Rd10003+NYCarreau Ave+10003|NYCarreau Ave10003'
-74.1663,40.7415,0,1,'NJFulton St10003|NJFulton St10003+NJRector St+10003|NJRector St10003'
-74.1662,40.5473,0,1,'NYBartlett Ave10003|NYBartlett Ave10003+NYRichmond Ave+10003'
-74.1662,40.6359,0,2,'NYSouth Ave10003+NYArlington Pl+10003'
-74.1662,40.6135,0,1,'NYFieldstone Rd10003+NYOliver Pl+10003|NYOliver Pl10003'
-74.1661,40.7353,0,1,'NJMcCarter Hwy10002+NJCommerce St+10002|NJCommerce St10003|NJCommerce St10003+NJState Rte 21+10003'
-74.1661,40.5374,0,1,'NYSeidman Ave10003+NYSycamore St+10003'
-74.1660,40.6099,0,2,'NYFirth Rd10003+NYBerglund Ave+10003|NYBerglund Ave10003'
-74.1660,40.6403,0,2,'NYSouth Ave10003'
-74.1659,40.7360,2,0,'NJMcCarter Hwy10002+NJRaymond Blvd+10002|NJRaymond Blvd10003+NJState Rte 21+10003'
-74.1658,40.8674,0,1,'NJVan Houten Ave10003+NJIrvington Pl+10003|NJPassaic County 61410003+NJIrvington Pl+10003|NJIrvington Pl10003'
-74.1658,40.6068,0,1,'NYArlene St10003+NYVictory Blvd+10003'
-74.1657,40.5262,0,2,'NYBayview Ter10003+NYRyan Pl+10003|NYRyan Pl10003'
-74.1657,40.6814,1,0,'NJCorbin St10003+NJRangoon St+10003|NJCorbin St10003+NJLyle King St+10003|NJRangoon St10003|NJLyle King St10003'
-74.1656,40.7366,1,0,'NJMcCarter Hwy10002+NJCherry St+10002|NJState Rte 2110002+NJCherry St+10002|NJCherry St10003'
-74.1656,40.7341,0,1,'NJMarket St10003+NJAlling St+10003|NJAlling St10003'
-74.1656,40.6155,0,1,'NYRoman Ave10003'
-74.1656,40.6217,0,1,'NYAda Dr10003'
-74.1656,40.7166,0,27,'NJAdams St10003'
-74.1655,40.6076,0,1,'NYArlene St10003+NYSommer Ave+10003'
-74.1654,40.7340,0,3,'NJRaymond Plz W10003|NJRaymond Plz W10003+NJMarket St+10003'
-74.1654,40.6755,0,1,'NJMeridian St10003'
-74.1653,40.7379,0,2,'NJMcCarter Hwy10002+NJRiver St+10002|NJState Rte 2110002+NJRiver St+10002|NJRiver St10003'
-74.1653,40.5575,0,1,'NYRidgewood Ave10003+NYBarlow Ave+10003'
-74.1653,40.6228,0,4,'NYWolkoff Ln10003|NYWolkoff Ln10003+NYLisk Ave+10003'
-74.1652,40.5487,0,1,'NYEltingville Blvd10003+NYLamoka Ave+10003'
-74.1652,40.7389,0,1,'NJMcCarter Hwy10002+NJCenter St+10002|NJState Rte 2110002+NJCenter St+10002'
-74.1652,40.6209,0,4,'NYFarragut Ave10003+NYRegis Dr+10003|NYRegis Dr10003'
-74.1651,40.5880,0,1,'NYCountry Dr S10003'
-74.1651,40.6366,0,1,'NYChristopher St10003|NYChristopher St10003+NYGrandview Ave+10003'
-74.1650,40.6372,0,4,'NYCowen Pl10003|NYCowen Pl10003+NYGrandview Ave+10003'
-74.1650,40.7330,0,3,'NJN J RR Ave10003|NJN J RR Ave10003+NJEdison Pl+10003'
-74.1650,40.5943,0,1,'NYRockville Ave10003|NYRockville Ave10003+NYSleepy Hollow Rd+10003'
-74.1649,40.5341,0,1,'NYJansen St10003|NYJansen St10003+NYArden Ave+10003'
-74.1648,40.5555,0,1,'NYRidgewood Ave10003+NYLeverett Ave+10003'
-74.1648,40.8204,0,1,'NJLinden Pl10003'
-74.1648,40.7597,0,1,'NJPassaic St10003+NJOriental St+10003|NJOriental St10003'
-74.1646,40.5959,0,1,'NYPlymouth Rd10003'
-74.1646,40.5949,0,1,'NYBowling Green Pl10003'
-74.1646,40.5904,0,1,'NYSteinway Ave10003+NYStephen Loop+10003|NYStephen Loop10003'
-74.1646,40.6161,0,2,'NYLongdale St10003|NYLongdale St10003+NYLamberts Ln+10003'
-74.1645,40.6372,0,1,'NYPost Ln10003'
-74.1645,40.7338,0,1,'NJFerry St10003'
-74.1645,40.7467,0,5,'NJHamilton St10003'
-74.1645,40.5352,0,1,'NYSeidman Ave10003+NYKoch Blvd+10003'
-74.1645,40.6042,0,1,'NYDawson Cir10003|NYDawson Cir10003+NYCarnegie Ave+10003'
-74.1644,40.6070,0,1,'NYJones St10003|NYJones St10003+NYVictory Blvd+10003'
-74.1644,40.7252,0,1,'NJNichols St10003+NJJefferson St+10003'
-74.1643,40.5422,0,1,'NYLyndale Ln10003|NYLyndale Ln10003+NYLyndals Ln+10003|NYLyndale Ln10003+NYLyndale Ave+10003|NYLyndals Ln10003|NYLyndals Ln10003+NYLyndale Ave+10003'
-74.1643,40.8601,0,1,'NJDonna Dr10003+NJHamas St+10003|NJHamas St10003'
-74.1643,40.7336,0,1,'NJN J RR Ave10003'
-74.1641,40.8361,0,1,'NJDarling Ave10003+NJCharles St+10003|NJCharles St10003'
-74.1641,40.5481,0,1,'NYGetz Ave10003'
-74.1641,40.5747,0,1,'NYLott Ln10003|NYLott Ln10003+NYLott Ln+10003'
-74.1640,40.7354,1,16,'NJRaymond Plz W10003|NJRaymond Plz W10003+NJRaymond Blvd+10003'
-74.1640,40.5515,0,1,'NYRidgewood Ave10003+NYPatty Ct+10003|NYPatty Ct10003'
-74.1638,40.6297,0,1,'NYMersereau Ave10003+NYDowney Pl+10003|NYDowney Pl10003'
-74.1638,40.5764,0,1,'NYMillstone Ct10003|NYMillstone Ct10003+NYPlatinum Ave+10003'
-74.1638,40.5357,0,1,'NYWoods of Arden Rd10003+NYKoch Blvd+10003'
-74.1638,40.5422,0,1,'NYLyndale Ln10003|NYLyndale Ln10003+NYLyndals Ln+10003|NYLyndals Ln10003'
-74.1637,40.5777,0,1,'NYWindham Loop10003|NYWindham Loop10003+NYMarsh Ave+10003'
-74.1637,40.6185,1,0,'NYLongdale St10003|NYLongdale St10003+NYFahy Ave+10003'
-74.1637,40.5454,0,1,'NYCoryn Ct10003'
-74.1636,40.7445,0,5,'NJWarren St10003|NJWarren St10003+NJDey St+10003'
-74.1636,40.6160,0,1,'NYLamberts Ln10003+NYArlene St+10003|NYLamberts Ln10003+NYFahy Ave+10003|NYArlene St10003|NYArlene St10003+NYFahy Ave+10003|NYFahy Ave10003'
-74.1636,40.5956,0,2,'NYDoe Ct10003'
-74.1635,40.5857,0,1,'NYDaffodil Ln10003'
-74.1635,40.8155,2,3,'NJWoodland Ave10003|NJWoodland Ave10003+NJCentre St+10003'
-74.1635,40.5793,0,2,'NYStaten Is Mall Dr10003|NYStaten Is Mall Dr10003+NYMarsh Ave+10003|NYMarsh Ave10003+NYSi Mall Dr+10003|NYMarsh Ave10003+NYS I Mall Dr+10003|NYSi Mall Dr10003|NYS I Mall Dr10003'
-74.1635,40.6043,0,3,'NYAmsterdam Ave10003|NYAmsterdam Ave10003+NYCarnegie Ave+10003'
-74.1635,40.7352,0,4,'NJRaymond Blvd10003+NJCity Dock St+10003|NJCity Dock St10003'
-74.1634,40.6256,0,1,'NYRosecliff Rd10003|NYRosecliff Rd10003+NYSpartan Ave+10003'
-74.1634,40.5978,0,2,'NYJennifer Ct10003'
-74.1633,40.5504,0,1,'NYFrank Ct10003'
-74.1633,40.6017,0,1,'NYSigns Rd10003'
-74.1631,40.6748,1,0,'NJMeridian St10003|NJMeridian St10003+NJPolaris St+10003'
-74.1631,40.7323,0,1,'NJUnion St10003'
-74.1631,40.5761,0,1,'NYPlatinum Ave10003+NYLott Ln+10003|NYLott Ln10003'
-74.1630,40.7809,0,1,'NJCoeyman St10003+NJMount Prospect Ave+10003|NJCoeyman St10003+NJMt Prospect Ave+10003'
-74.1630,40.5777,0,2,'NYWindham Loop10003'
-74.1629,40.8022,0,2,'NJPassaic Ave10003+NJDivision Ave+10003|NJDivision Ave10003'
-74.1629,40.6241,0,5,'NYKnollwood Ct10003|NYKnollwood Ct10003+NYBirch Rd+10003'
-74.1629,40.8355,0,1,'NJCharles St10003|NJCharles St10003+NJJoerg Ave+10003'
-74.1629,40.7347,0,2,'NJRaymond Blvd10003+NJRaymond Plz E+10003'
-74.1627,40.8200,0,1,'NJProspect St10003|NJProspect St10003+NJChestnut St+10003|NJChestnut St10003'
-74.1627,40.5784,0,1,'NYKathy Pl10003'
-74.1627,40.7334,0,2,'NJCommerce St10003|NJCommerce St10003+NJMarket St+10003'
-74.1626,40.8397,0,1,'NJCarol Ln10003+NJLinwood Ter+10003|NJLinwood Ter10003'
-74.1626,40.5391,0,1,'NYRetford Ave10003+NYSycamore St+10003'
-74.1625,40.6195,0,1,'NYElson Ct10003|NYElson Ct10003+NYJules Dr+10003'
-74.1625,40.6044,0,5,'NYCarnegie Ave10003'
-74.1624,40.6129,0,3,'NYMorgan Ln10003|NYMorgan Ln10003+NYHillman Ave+10003'
-74.1624,40.8401,0,1,'NJCarol Ln10003'
-74.1624,40.6072,0,1,'NYRichmond Ave10003+NYVictory Blvd+10003'
-74.1624,40.6046,0,3,'NYRichmond Ave10003+NYEton Pl+10003|NYEton Pl10003'
-74.1624,40.7189,1,0,'NJSouth St10003+NJVan Buren St+10003|NJVan Buren St10003'
-74.1624,40.6203,0,1,'NYElson Ct10003+NYRegis Dr+10003'
-74.1623,40.8360,0,1,'NJJoerg Ave10003+NJKingsland St+10003'
-74.1623,40.6067,0,1,'NYClifton St10003'
-74.1622,40.7351,0,1,'NJCommercial St10003|NJCommercial St10003+NJRaymond Plz E+10003|NJRaymond Plz E10003'
-74.1622,40.5593,0,1,'NYE Brandis Ave10003+NYArmstrong Ave+10003'
-74.1622,40.7456,1,3,'NJS 1st St10003|NJS 1st St10003+NJHarrison Ave+10003'
-74.1622,40.6211,0,3,'NYElson Ct10003|NYElson Ct10003+NYAda Dr+10003'
-74.1621,40.8316,0,1,'NJOakley Ter10003'
-74.1621,40.7481,0,1,'NJReynolds Ave10003'
-74.1620,40.7437,1,5,'NJS 1st St10003+NJSussex St+10003|NJSussex St10003'
-74.1619,40.5951,0,1,'NYRichmond Ave10003|NYRichmond Ave10003+NYRichmond Ave+10003'
-74.1619,40.7489,0,2,'NJSearing Ave10003'
-74.1618,40.7237,0,1,'NJE Kinney St10003|NJE Kinney St10003+NJAdams St+10003'
-74.1618,40.5395,0,1,'NYLyndale Ave10003+NYSycamore St+10003'
-74.1617,40.5579,0,1,'NYArmstrong Ave10003+NYBarlow Ave+10003'
-74.1617,40.8162,0,1,'NJWilliam St10003|NJWilliam St10003+NJFranklin Ave+10003'
-74.1617,40.5847,0,1,'NYDaffodil Ln10003'
-74.1617,40.5888,0,1,'NYPoi Ct10003'
-74.1617,40.5927,0,2,'NYTravis Ave10003+NYSteinway Ave+10003'
-74.1616,40.5513,0,1,'NYDemopolis Ave10003|NYDemopolis Ave10003+NYKatan Ave+10003'
-74.1616,40.7499,0,1,'NJPresident St10003'
-74.1616,40.7472,0,1,'NJHamilton St10003+NJJohn St+10003|NJHamilton St10003+NJGrant Ave+10003|NJJohn St10003|NJJohn St10003+NJGrant Ave+10003|NJGrant Ave10003'
-74.1615,40.6127,0,1,'NYRenee Pl10003+NYHillman Ave+10003'
-74.1615,40.5572,0,1,'NYE Perkiomen Ave10003|NYE Perkiomen Ave10003+NYArmstrong Ave+10003'
-74.1614,40.6135,0,1,'NYLander Ave10003+NYRenee Pl+10003'
-74.1613,40.5565,0,1,'NYE Reading Ave10003|NYE Reading Ave10003+NYArmstrong Ave+10003'
-74.1613,40.5881,0,1,'NYNome Ave10003+NYMerrymount St+10003'
-74.1612,40.7343,0,1,'NJCommercial St10003'
-74.1612,40.6088,0,2,'NYRichmond Ave10003+NYGreentree Ln+10003|NYRichmond Ave10003+NYPaulding Ave+10003|NYGreentree Ln10003|NYGreentree Ln10003+NYPaulding Ave+10003|NYPaulding Ave10003'
-74.1612,40.8404,1,0,'NJState Rte 310002+NJBloomfield Ave+10002'
-74.1612,40.5853,0,1,'NYLamped Loop10003'
-74.1610,40.6233,0,1,'NYFrancesca Ln10003+NYBenjamin Dr+10003|NYBenjamin Dr10003'
-74.1610,40.5558,0,2,'NYArmstrong Ave10003+NYLeverett Ave+10003'
-74.1610,40.8342,0,1,'NJAlexander Ave10003|NJAlexander Ave10003+NJKingsland St+10003'
-74.1609,40.6051,0,9,'NYCroft Pl10003+NYSaybrook St+10003|NYSaybrook St10003'
-74.1609,40.5922,0,1,'NYTravis Ave10003+NYGadsen Pl+10003|NYGadsen Pl10003'
-74.1606,40.7098,4,46,'NJUS Hwy 910002+NJI 78+10002|NJUS Hwy 2210002|NJI 7810001+NJUS Hwy 1+10001'
-74.1606,40.7282,0,1,'NJMonroe St10003+NJLafayette St+10003'
-74.1605,40.7079,10,11,'NJPort St10003'
-74.1604,40.6280,0,3,'NYBreezy Ct10003|NYBreezy Ct10003+NYHarbor Rd+10003'
-74.1604,40.6126,0,2,'NYLeggett Pl10003|NYLeggett Pl10003+NYHillman Ave+10003'
-74.1604,40.6288,0,4,'NYZeluff Ave10003|NYZeluff Ave10003+NYHarbor Rd+10003|NYZeluff Ave10003+NYNetherland Ave+10003|NYNetherland Ave10003|NYNetherland Ave10003+NYHarbor Rd+10003|NYNetherland Ave10003+NYNetherland Ave+10003|NYHarbor Rd10003+NYNetherland Ave+10003'
-74.1604,40.6074,0,1,'NYVictory Blvd10003+NYSaybrook St+10003|NYSaybrook St10003'
-74.1604,40.6098,1,3,'NYRichmond Ave10003+NYMorani St+10003|NYRichmond Ave10003+NYMerrill Ave+10003|NYMorani St10003|NYMorani St10003+NYMerrill Ave+10003|NYMerrill Ave10003'
-74.1604,40.8904,3,3,'NJChestnut St10003|NJChestnut St10003+NJHazel St+10003'
-74.1604,40.6256,0,2,'NYFrancesca Ln10003|NYFrancesca Ln10003+NYSummerfield Pl+10003|NYSummerfield Pl10003'
-74.1603,40.5379,0,1,'NYKoch Blvd10003+NYLyndale Ave+10003'
-74.1602,40.6175,0,1,'NYLambert St10003|NYLambert St10003+NYGoethals Rd N+10003'
-74.1602,40.5962,1,0,'NYOrbit Ln10003|NYOrbit Ln10003+NYOrbit Ln+10003'
-74.1602,40.5857,0,1,'NYRockne St10003+NYVillanova St+10003|NYVillanova St10003'
-74.1601,40.5404,0,1,'NYRidgecrest Ave10003+NYSycamore St+10003'
-74.1600,40.7905,0,1,'NJMaier St10003|NJMaier St10003+NJMount Prospect Ave+10003'
-74.1600,40.6049,0,3,'NYCroft Pl10003+NYGoller Pl+10003|NYGoller Pl10003'
-74.1600,40.5294,0,2,'NYBlueberry Ln10003|NYBlueberry Ln10003+NYMayberry Promenade+10003'
-74.1599,40.5952,0,1,'NYCooper Ter10003|NYCooper Ter10003+NYRockland Ave+10003'
-74.1598,40.7098,5,3,'NJI 7810001'
-74.1598,40.5872,0,1,'NYPurdue St10003|NYPurdue St10003+NYNome Ave+10003|NYPurdue St10003+NYPurdue Ct+10003|NYNome Ave10003+NYPurdue Ct+10003|NYPurdue Ct10003'
-74.1598,40.5939,0,2,'NYGadsen Pl10003|NYGadsen Pl10003+NYSaxon Ave+10003'
-74.1598,40.6081,0,1,'NYGary Ct10003+NYLeona St+10003|NYLeona St10003'
-74.1597,40.6049,0,1,'NYCroft Pl10003'
-74.1597,40.5961,0,1,'NYOrbit Ln10003|NYOrbit Ln10003+NYCooper Ter+10003'
-74.1597,40.5845,0,1,'NYRichmond Hill Rd10003+NYNorthport Ln+10003|NYNorthport Ln10003'
-74.1597,40.7552,0,1,'NJBelgrove Dr10003|NJBelgrove Dr10003+NJGrant Ave+10003|NJBelgrove Dr10003+NJWoodland Ave+10003|NJGrant Ave10003|NJGrant Ave10003+NJWoodland Ave+10003|NJWoodland Ave10003'
-74.1596,40.5862,0,1,'NYRockne St10003+NYElwood Ave+10003|NYElwood Ave10003'
-74.1595,40.6231,0,1,'NYDoreen Dr10003|NYDoreen Dr10003+NYBenjamin Dr+10003'
-74.1595,40.6076,0,2,'NYGoller Pl10003|NYGoller Pl10003+NYVictory Blvd+10003'
-74.1594,40.6119,0,4,'NYRichmond Ave10003+NYAkron Plz+10003|NYRichmond Ave10003+NYAkron St+10003|NYAkron Plz10003|NYAkron St10003'
-74.1594,40.6151,0,1,'NYLamberts Ln10003+NYAstor Ave+10003|NYAstor Ave10003'
-74.1593,40.6340,0,1,'NYBush Ave10003'
-74.1592,40.6125,0,1,'NYYona Ave10003|NYYona Ave10003+NYRichmond Ave+10003'
-74.1592,40.6369,0,1,'NYBush Ave10003'
-74.1592,40.5936,0,2,'NYGadsen Pl10003|NYGadsen Pl10003+NYSaxon Ave+10003'
-74.1591,40.8268,1,0,'NJDaily St10003+NJOak Crest Pl+10003|NJOak Crest Pl10003'
-74.1589,40.8485,1,0,'NJCollura Ln10003'
-74.1589,40.5568,0,1,'NYE Reading Ave10003|NYE Reading Ave10003+NYAbingdon Ave+10003'
-74.1589,40.7258,0,1,'NJVan Buren St10003+NJWalnut St+10003'
-74.1588,40.5388,0,1,'NYCrest Loop10003'
-74.1588,40.5283,0,1,'NYStrawberry Ln10003'
-74.1588,40.6130,0,1,'NYLander Ave10003|NYLander Ave10003+NYRichmond Ave+10003'
-74.1587,40.5881,0,1,'NYBowdoin St10003|NYBowdoin St10003+NYNehring Ave+10003|NYNehring Ave10003'
-74.1587,40.6140,0,1,'NYGlobe Ave10003'
-74.1587,40.6167,0,3,'NYDomain St10003|NYDomain St10003+NYGoethals Rd N+10003'
-74.1586,40.5793,0,1,'NYEssex Dr10003|NYEssex Dr10003+NYWellington Ct+10003'
-74.1585,40.8141,0,1,'NJOak Ridge Ave10003|NJOak Ridge Ave10003+NJPark Dr+10003'
-74.1584,40.7119,0,1,'NJUS Hwy 910002+NJFrontage Rd+10002|NJFrontage Rd10003+NJUS Hwy 1+10003'
-74.1583,40.5937,0,1,'NYFerndale Ct10003|NYFerndale Ct10003+NYFerndale Ave+10003'
-74.1583,40.5622,0,1,'NYDoane Ave10003|NYDoane Ave10003+NYArthur Kill Rd+10003'
-74.1582,40.5887,0,1,'NYCopley St10003|NYCopley St10003+NYNehring Ave+10003'
-74.1582,40.6245,0,1,'NYEleanor Pl10003|NYEleanor Pl10003+NYWilcox St+10003'
-74.1581,40.7271,0,1,'NJVan Buren St10003+NJLafayette St+10003'
-74.1581,40.6314,0,1,'NYBrabant St10003'
-74.1581,40.5877,0,2,'NYRockne St10003|NYRockne St10003+NYBowdoin St+10003'
-74.1581,40.6346,0,2,'NYForest Ct10003'
-74.1581,40.6094,0,2,'NYDebbie St10003|NYDebbie St10003+NYMorani St+10003'
-74.1580,40.6118,0,4,'NYYona Ave10003+NYSaybrook St+10003'
-74.1580,40.8132,0,2,'NJCentre St10003+NJBrookline Ave+10003|NJBrookline Ave10003'
-74.1580,40.6229,0,1,'NYAdrianne Ln10003+NYAdrienne Ln+10003|NYAdrianne Ln10003+NYBenjamin Dr+10003|NYAdrienne Ln10003|NYAdrienne Ln10003+NYBenjamin Dr+10003|NYBenjamin Dr10003'
-74.1580,40.7431,0,1,'NJS 3rd St10003+NJBergen St+10003'
-74.1579,40.6282,0,1,'NYUnion Ave10003+NYSpirit Ln+10003|NYSpirit Ln10003'
-74.1578,40.6262,0,1,'NYUnion Ave10003|NYUnion Ave10003+NYForest Ave+10003'
-74.1578,40.7408,0,1,'NJ3rd St10003|NJ3rd St10003+NJMiddlesex St+10003|NJMiddlesex St10003+NJS 3rd St+10003|NJS 3rd St10003'
-74.1577,40.8898,2,3,'NJPaxton St10003+NJKnickerbocker Ave+10003'
-74.1577,40.7401,2,14,'NJ3rd St10003+NJSomerset St+10003|NJSomerset St10003|NJSomerset St10003+NJS 3rd St+10003'
-74.1577,40.8502,0,3,'NJPage Rd10003'
-74.1577,40.5893,0,1,'NYKlondike Ave10003+NYNehring Ave+10003'
-74.1577,40.6093,0,1,'NYParkview Loop10003'
-74.1576,40.7387,3,11,'NJBurlington St10003'
-74.1575,40.8891,8,7,'NJPaxton St10003|NJPaxton St10003+NJCrooks Ave+10003|NJPaxton St10003+NJPassaic County 630+10003|NJPaxton St10003+NJ6th Ave+10003|NJCrooks Ave10003+NJ6th Ave+10003|NJPassaic County 63010003+NJ6th Ave+10003|NJ6th Ave10003'
-74.1575,40.5822,0,1,'NYEssex Dr10003+NYMarisa Ct+10003|NYMarisa Ct10003'
-74.1575,40.7084,0,1,'NJAirport Interchange St10001'
-74.1575,40.6946,1,0,'NJTyler St10003'
-74.1575,40.6244,0,1,'NYWilcox St10003|NYWilcox St10003+NYAdrianne Ln+10003|NYWilcox St10003+NYWilcox St+10003|NYAdrianne Ln10003|NYAdrianne Ln10003+NYWillcox St+10003|NYAdrianne Ln10003+NYWilcox St+10003|NYWillcox St10003|NYWillcox St10003+NYWilcox St+10003'
-74.1574,40.7116,3,4,'NJFrontage Rd10003+NJUS Hwy 9+10003|NJFrontage Rd10003+NJUS Hwy 1+10003'
-74.1574,40.5807,0,1,'NYGalvaston Loop10003'
-74.1573,40.8883,15,16,'NJ6th Ave10003+NJW 1st St+10003'
-74.1572,40.7109,0,7,'NJFrontage Rd10003'
-74.1572,40.6634,1,0,'NJIzmer St10003'
-74.1572,40.7464,0,1,'NJHarrison Ave10003+NJChurch Sq+10003|NJChurch Sq10003'
-74.1571,40.6157,0,1,'NYRichmond Ave10003+NYSumner Ave+10003|NYSumner Ave10003'
-74.1571,40.5472,0,1,'NYOld Amboy Rd10003'
-74.1570,40.9698,0,1,'NJLafayette Ave10003|NJLafayette Ave Exd10003'
-74.1570,40.8269,1,0,'NJHawthorne Ave10003+NJProspect St+10003'
-74.1570,40.7300,0,1,'NJJackson St10003+NJDowning St+10003|NJDowning St10003'
-74.1570,40.6360,0,1,'NYOrinoco Pl10003|NYOrinoco Pl10003+NYDehart Ave+10003'
-74.1568,40.6164,3,6,'NYW Caswell Ave10003|NYW Caswell Ave10003+NYRichmond Ave+10003|NYW Caswell Ave10003+NYGoethals Rd N+10003|NYRichmond Ave10003+NYGoethals Rd N+10003|NYGoethals Rd N10003'
-74.1568,40.5491,0,1,'NYNotre Dame Ave10003|NYNotre Dame Ave10003+NYWilson Ave+10003'
-74.1567,40.6260,0,2,'NYMaple Pkwy10003|NYMaple Pkwy10003+NYForest Ave+10003'
-74.1566,40.5796,0,6,'NYBelmar Dr W10003'
-74.1565,40.6283,0,1,'NYMaple Pkwy10003+NYSpirit Ln+10003|NYSpirit Ln10003'
-74.1565,40.6314,0,1,'NYMaple Pkwy10003+NYDeruyter Pl+10003|NYDeruyter Pl10003'
-74.1564,40.6156,0,1,'NYWillow Rd W10003'
-74.1564,40.7524,0,1,'NJChestnut St10003|NJChestnut St10003+NJJohnston Ave+10003'
-74.1564,40.7829,0,1,'NJCleveland St10003|NJCleveland St10003+NJDow St+10003'
-74.1562,40.7465,1,0,'NJHarrison Ave10003+NJFrank E Rodgers Blvd N+10003|NJHarrison Ave10003+NJFrank E Rodgers Blvd S+10003|NJHarrison Ave10003+NJFrank Rogers Blvd S+10003|NJFrank E Rodgers Blvd N10002|NJFrank E Rodgers Blvd N10002+NJFrank E Rodgers Blvd S+10002|NJFrank E Rodgers Blvd N10002+NJFrank Rogers Blvd S+10002|NJFrank E Rodgers Blvd S10002|NJFrank Rogers Blvd S10002'
-74.1561,40.5477,0,1,'NYAcacia Ave10003|NYAcacia Ave10003+NYAmboy Rd+10003'
-74.1559,40.5354,0,1,'NYKing St10003+NYRichmond Ave+10003'
-74.1559,40.5851,0,1,'NYNome Ave10003+NYKelly Blvd+10003'
-74.1559,40.7432,0,1,'NJState Rte 1710002+NJBergen St+10002'
-74.1559,40.7199,0,1,'NJDelancey St10003|NJDelancey St10003+NJElm Rd+10003'
-74.1559,40.7428,0,2,'NJState Rte 1710002|NJState Rte 1710002+NJCo Rd 697+10002|NJState Rte 1710002+NJFrank Rogers Blvd S+10002|NJState Rte 1710002+NJFrank E Rodgers Blvd S+10002|NJCo Rd 69710003|NJCo Rd 69710003+NJFrank E Rodgers Blvd S+10003|NJCo Rd 69710003+NJFrank Rogers Blvd S+10003|NJFrank Rogers Blvd S10003|NJFrank Rogers Blvd S10003+NJFrank E Rodgers Blvd S+10003|NJFrank Rogers Blvd S10003+NJFrank Rogers Blvd S+10003|NJFrank E Rodgers Blvd S10002|NJFrank E Rodgers Blvd S10002+NJFrank E Rodgers Blvd S+10002|NJFrank Rogers Blvd S10002|NJFrank Rogers Blvd S10002+NJFrank E Rodgers Blvd S+10002|NJFrank E Rodgers Blvd S10003'
-74.1559,40.7423,0,2,'NJEssex St10003|NJEssex St10003+NJCo Rd 697+10003|NJEssex St10003+NJFrank Rogers Blvd S+10003|NJEssex St10003+NJFrank E Rodgers Blvd S+10003'
-74.1558,40.7418,0,1,'NJTaft Pl10003|NJTaft Pl10003+NJCo Rd 697+10003|NJTaft Pl10003+NJFrank Rogers Blvd S+10003|NJTaft Pl10003+NJFrank E Rodgers Blvd S+10003'
-74.1558,40.7417,0,1,'NJCo Rd 69710003+NJNew Jersey Railroad Ave+10003|NJCo Rd 69710003+NJRailroad Ave+10003|NJFrank Rogers Blvd S10003+NJNew Jersey Railroad Ave+10003|NJFrank Rogers Blvd S10003+NJRailroad Ave+10003|NJNew Jersey Railroad Ave10003|NJNew Jersey Railroad Ave10003+NJFrank E Rodgers Blvd S+10003|NJFrank E Rodgers Blvd S10003+NJRailroad Ave+10003|NJRailroad Ave10003'
-74.1558,40.6179,0,1,'NYRichmond Ave10003+NYDeppe Pl+10003|NYDeppe Pl10003'
-74.1558,40.7409,0,6,'NJCo Rd 69710003+NJMiddlesex St+10003|NJFrank Rogers Blvd S10003+NJMiddlesex St+10003|NJMiddlesex St10003|NJMiddlesex St10003+NJFrank E Rodgers Blvd S+10003'
-74.1558,40.5911,1,0,'NYBraisted Ave10003|NYBraisted Ave10003+NYNehring Ave+10003'
-74.1558,40.6259,0,1,'NYVan Pelt Ave10003'
-74.1557,40.7402,1,15,'NJSomerset St10003|NJSomerset St10003+NJCo Rd 697+10003|NJSomerset St10003+NJFrank Rogers Blvd S+10003|NJSomerset St10003+NJFrank E Rodgers Blvd S+10003'
-74.1557,40.7102,0,3,'NJOlympia Dr10003'
-74.1556,40.7382,0,15,'NJGuyon Dr10003|NJGuyon Dr10003+NJCo Rd 697+10003|NJGuyon Dr10003+NJFrank Rogers Blvd S+10003|NJGuyon Dr10003+NJFrank E Rodgers Blvd S+10003'
-74.1555,40.6287,0,1,'NYZeluff Ave10003|NYZeluff Ave10003+NYNetherland Ave+10003|NYZeluff Ave10003+NYVan Pelt Ave+10003|NYNetherland Ave10003|NYNetherland Ave10003+NYNetherland Ave+10003|NYNetherland Ave10003+NYVan Pelt Ave+10003'
-74.1555,40.5936,0,1,'NYSlayton Ave10003+NYCarpenter Ave+10003|NYCarpenter Ave10003'
-74.1555,40.7363,0,1,'NJCo Rd 69710003+NJCrucible Dr+10003|NJFrank Rogers Blvd S10003+NJCrucible Dr+10003|NJFrank E Rodgers Blvd S10003+NJCrucible Dr+10003|NJCrucible Dr10003'
-74.1553,40.6243,0,1,'NYWilcox St10003|NYWilcox St10003+NYWilcox St+10003|NYWilcox St10003+NYHeather Ct+10003|NYWillcox St10003|NYWillcox St10003+NYWilcox St+10003|NYWillcox St10003+NYHeather Ct+10003|NYHeather Ct10003'
-74.1552,40.5870,0,1,'NYCopley St10003|NYCopley St10003+NYFraser St+10003'
-74.1552,40.5508,0,1,'NYBrookfield Ave10003|NYBrookfield Ave10003+NYLamoka Ave+10003'
-74.1552,40.7509,0,1,'NJDavis St10003'
-74.1551,40.8903,1,0,'NJPassaic County 60110003+NJKnickerbocker Ave+10003|NJMain St10003+NJKnickerbocker Ave+10003'
-74.1551,40.5433,0,1,'NYElmwood Ave10003+NYSycamore St+10003'
-74.1550,40.8561,1,0,'NJCampbell Ave10003'
-74.1550,40.5803,0,1,'NYPierpont Pl10003+NYBelmar Dr E+10003|NYBelmar Dr E10003'
-74.1550,40.5332,0,1,'NYHylan Blvd10003+NYRetford Ave+10003'
-74.1550,40.7425,2,4,'NJEssex St10003'
-74.1550,40.7085,2,0,'NJI 7810001'
-74.1549,40.5568,0,2,'NYElverton Ave10003+NYLeverett Ave+10003'
-74.1548,40.6169,0,1,'NYFarraday St10003|NYFarraday St10003+NYMadison Ave+10003'
-74.1547,40.7906,0,1,'NJHornblower Ave10003+NJLloyd Pl+10003|NJLloyd Pl10003'
-74.1546,40.5517,0,1,'NYColon Ave10003+NYMargaret St+10003|NYMargaret St10003'
-74.1545,40.6257,0,1,'NYVan Name Ave10003'
-74.1545,40.5921,0,1,'NYBorman Ave10003|NYBorman Ave10003+NYRockland Ave+10003'
-74.1545,40.8896,3,3,'NJMain Ave10003|NJMain Ave10003+NJCrooks Ave+10003|NJMain Ave10003+NJPassaic County 630+10003|NJMain Ave10003+NJMain St+10003|NJCrooks Ave10003+NJPassaic County 601+10003|NJCrooks Ave10003+NJMain St+10003|NJPassaic County 60110003+NJPassaic County 630+10003|NJPassaic County 63010003+NJMain St+10003|NJMain St10003'
-74.1544,40.7317,0,1,'NJVan Buren St10003|NJVan Buren St10003+NJMarket St+10003'
-74.1544,40.8143,1,1,'NJPassaic Ave10003+NJPark Ave+10003|NJPark Ave10003'
-74.1544,40.5886,0,2,'NYTravis Ave10003+NYDenker Pl+10003'
-74.1543,40.7815,0,1,'NJEssex County 67210002|NJEssex County 67210002+NJState Rte 7+10002|NJEssex County 67210002+NJWashington Ave+10002|NJEssex County 67210002+NJMill St+10002|NJState Rte 710002+NJMill St+10002|NJWashington Ave10002+NJMill St+10002|NJMill St10003'
-74.1543,40.5488,0,1,'NYSherwood Pl10003|NYSherwood Pl10003+NYAmboy Rd+10003'
-74.1543,40.8686,0,1,'NJLewis Pl10003|NJLewis Pl10003+NJFornelius Ave+10003'
-74.1543,40.6676,1,1,'NJIzmir St10003|NJIzmir St10003+NJIzmer St+10003|NJIzmir St10003+NJTripoli St+10003|NJIzmer St10003|NJIzmer St10003+NJTripoli St+10003|NJTripoli St10003'
-74.1543,40.8172,0,1,'NJPassaic Ave10003+NJShepard Pl+10003|NJShepard Pl10003'
-74.1542,40.8675,0,1,'NJClifton Ter10003|NJClifton Ter10003+NJElm St+10003|NJClifton Ter10003+NJBoulevard+10003|NJElm St10003+NJBoulevard+10003'
-74.1542,40.7264,0,1,'NJPaterson St10003|NJPaterson St10003+NJWilson Ave+10003'
-74.1541,40.8392,0,1,'NJAllwood Rd10003+NJBook Ct+10003|NJPassaic County 60210003+NJBook Ct+10003|NJBook Ct10003'
-74.1540,40.7327,0,1,'NJRaymond Blvd10003+NJVan Buren St+10003|NJVan Buren St10003'
-74.1540,40.5343,0,1,'NYHylan Blvd10003+NYRichmond Ave+10003'
-74.1540,40.6348,1,0,'NYLetty Ct10003'
-74.1538,40.5498,0,1,'NYLindenwood Pl10003|NYLindenwood Pl10003+NYColon Ave+10003|NYColon Ave10003'
-74.1537,40.5480,0,1,'NYSherwood Pl10003'
-74.1537,40.5861,0,2,'NYBridgetown St10003+NYFurness Pl+10003|NYFurness Pl10003'
-74.1537,40.7383,0,4,'NJGuyon Dr10003+NJS 5th St+10003|NJS 5th St10003'
-74.1536,40.6088,0,1,'NYVictory Blvd10003+NYLoop Rd+10003|NYLoop Rd10003'
-74.1536,40.5663,0,1,'NYTroy St10003|NYTroy St10003+NYArthur Kill Rd+10003'
-74.1536,40.5492,0,2,'NYAmboy Rd10003+NYColon Ave+10003|NYColon Ave10003'
-74.1535,40.7315,1,2,'NJMarket St10003+NJPolk St+10003|NJPolk St10003'
-74.1534,40.5405,0,1,'NYArmstrong Ave10003+NYHillcrest St+10003'
-74.1533,40.6186,0,2,'NYLeo St10003|NYLeo St10003+NYCypress Crest Ln+10003'
-74.1532,40.7469,0,1,'NJWashington St10003|NJWashington St10003+NJHarrison Ave+10003'
-74.1531,40.6352,0,1,'NYVan Name Ave10003+NYMariners Ln+10003'
-74.1531,40.6089,1,2,'NYCanterbury Ave10003|NYCanterbury Ave10003+NYVictory Blvd+10003'
-74.1530,40.6147,0,1,'NYState Rte 44010002+NYWillow Rd W Exd+10002|NYWillow Rd W Exd10003|NYWillow Rd W Exd10003+NYWillowbrook Pkwy+10003'
-74.1529,40.7873,0,1,'NJRutgers St10003|NJRutgers St10003+NJState Rte 7+10003|NJRutgers St10003+NJWashington Ave+10003|NJRte 50610003|NJRte 50610003+NJState Rte 7+10003|NJRte 50610003+NJWashington Ave+10003'
-74.1529,40.6274,0,1,'NYWenlock St10003|NYWenlock St10003+NYSimonson Ave+10003'
-74.1529,40.7052,0,1,'NJNew Jersey Tpke10001+NJPort St+10001|NJPort St10003+NJI 95+10003'
-74.1528,40.5500,0,1,'NYLindenwood Rd10003|NYLindenwood Rd10003+NYLindenwood Ave+10003|NYLindenwood Rd10003+NYGiffords Glen+10003|NYLindenwood Rd10003+NYLindenwood Rd+10003|NYLindenwood Ave10003|NYLindenwood Ave10003+NYGiffords Glen+10003|NYLindenwood Ave10003+NYLindenwood Rd+10003|NYGiffords Glen10003|NYGiffords Glen10003+NYLindenwood Rd+10003'
-74.1527,40.5494,0,1,'NYAmboy Rd10003+NYLindenwood Rd+10003'
-74.1526,40.6176,0,2,'NYWillow Rd W10003+NYDeppe Pl+10003|NYWillow Rd W10003+NYWatchogue Rd+10003|NYDeppe Pl10003|NYDeppe Pl10003+NYWatchogue Rd+10003|NYWatchogue Rd10003'
-74.1526,40.6075,0,3,'NYCanterbury Ave10003|NYCanterbury Ave10003+NYDreyer Ave+10003|NYDreyer Ave10003'
-74.1526,40.8662,0,1,'NJMount Prospect Ave10003'
-74.1525,40.5806,0,3,'NYRichmond Hill Rd10003+NYForest Hill Rd+10003'
-74.1525,40.8877,7,5,'NJMain Ave10003+NJW 3rd St+10003|NJW 3rd St10003|NJW 3rd St10003+NJPassaic County 601+10003'
-74.1525,40.7440,0,2,'NJSussex St10003+NJWashington St+10003|NJWashington St10003'
-74.1524,40.6154,0,1,'NYCaswell Ave10003'
-74.1523,40.7471,0,1,'NJ6th St10003|NJ6th St10003+NJHarrison Ave+10003'
-74.1522,40.8900,3,3,'NJCrooks Ave10003+NJGetty Ave+10003|NJPassaic County 63010003+NJGetty Ave+10003'
-74.1522,40.6355,0,1,'NYLaguna Ln10003|NYLaguna Ln10003+NYMariners Ln+10003'
-74.1521,40.6091,0,1,'NYS Gannon Ave10003|NYS Gannon Ave10003+NYVictory Blvd+10003|NYGannon Ave S10003|NYGannon Ave S10003+NYVictory Blvd+10003'
-74.1521,40.7464,0,5,'NJAnn St10003|NJAnn St10003+NJ6th St+10003'
-74.1520,40.6266,0,1,'NYLake Ave10003+NYWestbrook Ave+10003|NYWestbrook Ave10003'
-74.1520,40.7426,2,1,'NJ6th St10003|NJ6th St10003+NJEssex St+10003'
-74.1519,40.6336,0,1,'NYHeusden St10003|NYHeusden St10003+NYSimonson Ave+10003'
-74.1519,40.5829,0,1,'NYShale St10003|NYShale St10003+NYNome Ave+10003|NYNome Ave10003'
-74.1518,40.5567,0,1,'NYLinton Pl10003|NYLinton Pl10003+NYHowton Ave+10003'
-74.1518,40.8871,3,3,'NJMain Ave10003+NJW 4th St+10003|NJPassaic County 60110003+NJW 4th St+10003|NJW 4th St10003'
-74.1518,40.6210,0,1,'NYRichmond Ave10003+NYPeter St+10003|NYPeter St10003'
-74.1518,40.7451,1,1,'NJ6th St10003+NJWarren St+10003|NJWarren St10003'
-74.1517,40.5842,0,1,'NYBangor St10003|NYBangor St10003+NYLewiston St+10003'
-74.1516,40.7168,1,3,'NJDelancey St10003+NJUS Hwy 9+10003|NJDelancey St10003+NJUS Hwy 1+10003|NJDelancy St10003+NJUS Hwy 9+10003|NJDelancy St10003+NJUS Hwy 1+10003'
-74.1515,40.5896,0,1,'NYKelly Blvd10003+NYMonahan Ave+10003'
-74.1514,40.5365,0,1,'NYHylan Blvd10003+NYPacific Ave+10003|NYPacific Ave10003'
-74.1514,40.6370,0,1,'NYSimonson Ave10003'
-74.1513,40.6153,0,10,'NYCanterbury Ave10003|NYCanterbury Ave10003+NYCaswell Ave+10003'
-74.1513,40.7235,0,1,'NJWilson Ave10003+NJKomorn St+10003|NJKomorn St10003'
-74.1511,40.8075,1,0,'NJKing St10003+NJWesley Pl+10003|NJWesley Pl10003'
-74.1511,40.5847,0,2,'NYFurness Pl10003|NYFurness Pl10003+NYLewiston St+10003'
-74.1510,40.6203,0,1,'NYCypress Crest Ln10003|NYCypress Crest Ln10003+NYPeter St+10003|NYPeter St10003'
-74.1510,40.5902,0,2,'NYRockland Ave10003+NYKelly Blvd+10003|NYKelly Blvd10003'
-74.1509,40.5697,0,1,'NYFranklin Ln10003+NYRevere Ln+10003|NYRevere Ln10003'
-74.1509,40.6174,0,1,'NYCanterbury Ave10003|NYCanterbury Ave10003+NYWatchogue Rd+10003'
-74.1506,40.5461,0,1,'NYHighmount Rd10003|NYHighmount Rd10003+NYLindenwood Rd+10003'
-74.1506,40.5491,0,2,'NYNelson Ave10003+NYLocust Pl+10003|NYLocust Pl10003'
-74.1506,40.7040,0,1,'NJCorbin St10003+NJDistribution St+10003|NJDistribution St10003'
-74.1505,40.5373,0,1,'NYHylan Blvd10003+NYRobinson Ave+10003|NYRobinson Ave10003'
-74.1504,40.5853,0,1,'NYKlondike Ave10003+NYLewiston St+10003'
-74.1503,40.5575,0,1,'NYMiles Ave10003'
-74.1503,40.7474,1,1,'NJHiram Pl10003|NJHiram Pl10003+NJHarrison Ave+10003'
-74.1502,40.5696,0,1,'NYRevere Ln10003|NYRevere Ln10003+NYRevere Ln+10003'
-74.1502,40.5688,0,1,'NYKnight Loop10003|NYKnight Loop10003+NYChess Loop+10003|NYChess Loop10003'
-74.1502,40.5387,0,2,'NYWilliam Ave10003+NYRussell St+10003|NYRussell St10003'
-74.1502,40.7223,0,1,'NJWilson Ave10003+NJKossuth St+10003|NJKossuth St10003'
-74.1501,40.5845,0,1,'NYShale St10003+NYLillie Ln+10003|NYLillie Ln10003'
-74.1501,40.7427,0,2,'NJ7th St10003|NJ7th St10003+NJEssex St+10003|NJEssex St10003'
-74.1501,40.5863,0,2,'NYTravis Ave10003+NYBeard St+10003|NYBeard St10003'
-74.1499,40.6173,0,2,'NYEcho Pl10003|NYEcho Pl10003+NYWatchogue Rd+10003|NYEcho Pl10003+NYTremont Ave+10003|NYWatchogue Rd10003+NYTremont Ave+10003|NYTremont Ave10003'
-74.1499,40.9695,0,1,'NJ4th Ave10003'
-74.1499,40.6068,0,1,'NYHawthorne Ave10003'
-74.1499,40.6194,0,1,'NYEagle Rd10003|NYEagle Rd10003+NYWillow Rd E+10003'
-74.1498,40.5878,0,1,'NYEvans St10003+NYBraisted Ave+10003|NYBraisted Ave10003'
-74.1498,40.5432,0,1,'NYHillcrest St10003+NYWiman Ave+10003'
-74.1498,40.6270,0,1,'NYHudson Pl10003|NYHudson Pl10003+NYWenlock St+10003'
-74.1497,40.7085,0,1,'NJI 9510001'
-74.1497,40.5511,0,1,'NYHillside Ter10003|NYHillside Ter10003+NYAmboy Rd+10003'
-74.1497,40.6218,0,1,'NYHoliday Dr10003+NYJamie Ct+10003|NYJamie Ct10003'
-74.1497,40.5849,0,1,'NYKlondike Ave10003|NYKlondike Ave10003+NYShale St+10003|NYShale St10003'
-74.1496,40.5684,0,7,'NYKnight Loop10003'
-74.1496,40.7547,0,1,'NJDavis Ave10003+NJHoyt St+10003'
-74.1496,40.8206,0,1,'NJWhitford Ave10003+NJSatterthwaite Ave+10003'
-74.1495,40.6096,0,2,'NYN Gannon Ave10003+NYVictory Blvd+10003|NYGannon Ave N10003+NYVictory Blvd+10003'
-74.1495,40.8472,2,1,'NJAllwood Pl10003+NJPhyllis Pl+10003|NJPhyllis Pl10003'
-74.1495,40.6081,0,2,'NYHawthorne Ave10003'
-74.1494,40.5466,0,1,'NYNelson Ave10003+NYRustic Pl+10003|NYRustic Pl10003'
-74.1494,40.6221,0,1,'NYVedder Ave10003+NYHoliday Dr+10003|NYHoliday Dr10003'
-74.1493,40.7210,1,1,'NJSouth St10003|NJSouth St10003+NJUS Hwy 9+10003|NJSouth St10003+NJStockton St+10003|NJSouth St10003+NJUS Hwy 1+10003|NJStockton St10003'
-74.1493,40.6302,0,1,'NYDavid Pl10003+NYGranite Ave+10003'
-74.1493,40.8324,0,1,'NJKensington Ave10003|NJKensington Ave10003+NJWater St+10003'
-74.1493,40.7447,1,0,'NJMcGuigan Pl10003|NJMcGuigan Pl10003+NJWilhelm St+10003'
-74.1493,40.5884,0,2,'NYEvans St10003|NYEvans St10003+NYMonahan Ave+10003'
-74.1492,40.7435,0,1,'NJMcGuigan Pl10003|NJMcGuigan Pl10003+NJBergen St+10003|NJBergen St10003'
-74.1492,40.5428,0,2,'NYDavid St10003+NYWiman Ave+10003'
-74.1491,40.7468,0,1,'NJAnn St10003+NJManor Ave+10003'
-74.1490,40.8154,0,1,'NJGrant Ave10003+NJWeston St+10003|NJWeston St10003'
-74.1490,40.7327,0,1,'NJProvidence St10003|NJProvidence St10003+NJRead St+10003|NJRead St10003'
-74.1490,40.7213,0,1,'NJUS Hwy 910002+NJWilson Ave+10002|NJUS Hwy 110002+NJWilson Ave+10002'
-74.1488,40.8294,0,1,'NJFranklin Ave10003|NJFranklin Ave10003+NJGlendale St+10003|NJGlendale St10003'
-74.1488,40.8309,1,1,'NJPrinceton St10003+NJHillside Ave+10003|NJHillside Ave10003'
-74.1488,40.6283,0,1,'NYDixon Ave10003+NYPulaski Ave+10003|NYPulaski Ave10003'
-74.1486,40.5646,0,1,'NYTeakwood Ct10003|NYTeakwood Ct10003+NYTanglewood Dr+10003'
-74.1486,40.5598,0,1,'NYKennington St10003+NYGreaves Ave+10003'
-74.1486,40.6217,0,1,'NYVedder Ave10003|NYVedder Ave10003+NYWillow Rd W+10003'
-74.1486,40.6116,0,3,'NYHawthorne Ave10003+NYDenton Pl+10003|NYDenton Pl10003'
-74.1486,40.5353,0,1,'NYGroton St10003+NYTennyson Dr+10003'
-74.1485,40.5879,0,1,'NYBeard St10003|NYBeard St10003+NYMonahan Ave+10003|NYMonahan Ave10003'
-74.1485,40.5448,0,1,'NYNelson Ave10003+NYMonticello Ter+10003|NYNelson Ave10003+NYHillcrest St+10003|NYMonticello Ter10003|NYMonticello Ter10003+NYHillcrest St+10003|NYHillcrest St10003'
-74.1485,40.6191,0,1,'NYLevit Ave10003+NYEagle Rd+10003|NYEagle Rd10003'
-74.1485,40.5423,0,2,'NYDriggs St10003+NYWiman Ave+10003'
-74.1485,40.5854,0,1,'NYBogota St10003|NYBogota St10003+NYTravis Ave+10003'
-74.1484,40.7973,0,1,'NJLittle St10003+NJState Rte 7+10003|NJLittle St10003+NJWashington Ave+10003'
-74.1482,40.6133,0,6,'NYHolgate St10003|NYHolgate St10003+NYHawthorne Ave+10003'
-74.1482,40.6140,0,7,'NYThurston St10003|NYThurston St10003+NYHawthorne Ave+10003|NYHawthorne Ave10003'
-74.1482,40.7951,0,1,'NJTerry St10003'
-74.1482,40.5914,0,1,'NYLovell Ave10003|NYLovell Ave10003+NYAshworth Ave+10003'
-74.1481,40.6276,0,1,'NYRonald Ave10003|NYRonald Ave10003+NYMorningstar Rd+10003'
-74.1480,40.7477,0,1,'NJHarrison Ave10003+NJKingsland Ave+10003|NJHarrison Ave10003+NJSupor Blvd+10003|NJKingsland Ave10003|NJKingsland Ave10003+NJSupor Blvd+10003|NJSupor Blvd10003'
-74.1480,40.8337,1,0,'NJKensington Ave10003'
-74.1480,40.5441,0,1,'NYNelson Ave10003+NYDavid St+10003|NYDavid St10003'
-74.1480,40.8397,1,1,'NJDwas Line Rd10003+NJLehigh Ave+10003|NJLehigh Ave10003|NJLehigh Ave10003+NJDwasline Rd+10003'
-74.1480,40.8094,0,1,'NJSaint Marys Pl10003+NJConover Ave+10003|NJConover Ave10003'
-74.1480,40.4185,1,0,'NJPainted Wagon Rd10003|NJPainted Wagon Rd10003+NJPainted Wagon Rd+10003|NJPainted Wagon Rd10003+NJBeacon Ct+10003|NJBeacon Ct10003'
-74.1479,40.5709,0,1,'NYArthur Kill Rd10003+NYClarke Ave+10003|NYClarke Ave10003'
-74.1478,40.5542,0,2,'NYKatan Ave10003+NYShafter Ave+10003'
-74.1476,40.5356,0,1,'NYRobinson Ave10003+NYTennyson Dr+10003'
-74.1476,40.8100,0,1,'NJSaint Marys Pl10003+NJCentre St+10003'
-74.1475,40.7436,0,1,'NJManor Ave10003|NJManor Ave10003+NJBergen St+10003|NJBergen St10003'
-74.1475,40.8356,0,3,'NJPassaic Ave10003+NJAllwood Rd+10003|NJPassaic Ave10003+NJPassaic County 602+10003|NJAllwood Rd10003+NJPassaic County 603+10003|NJPassaic County 60310003+NJPassaic County 602+10003'
-74.1475,40.5435,0,1,'NYNelson Ave10003+NYDriggs St+10003|NYDriggs St10003'
-74.1474,40.5614,0,1,'NYCorbin Ave10003+NYJumel St+10003|NYJumel St10003'
-74.1474,40.6070,0,1,'NYDreyer Ave10003'
-74.1474,40.5516,0,4,'NYAdrienne Pl10003|NYAdrienne Pl10003+NYAmboy Rd+10003'
-74.1473,40.5464,0,1,'NYCleveland Ave10003+NYGrandview Ter+10003'
-74.1472,40.5908,0,1,'NYGreenway Ave10003|NYGreenway Ave10003+NYConrad Ave+10003|NYGreenway Ave10003+NYAshworth Ave+10003|NYConrad Ave10003|NYConrad Ave10003+NYAshworth Ave+10003'
-74.1472,40.6083,0,2,'NYStaten Island Pkwy10001+NYWillowbrook Rd+10001|NYI 27810001+NYWillowbrook Rd+10001'
-74.1471,40.6091,0,1,'NYNeptune Pl10003'
-74.1470,40.6099,0,2,'NYWyona Ave10003'
-74.1470,40.5544,0,1,'NYExeter St10003+NYKatan Ave+10003'
-74.1469,40.8910,0,1,'NJCrooks Ave10003+NJPotomac Ave+10003|NJPotomac Ave10003'
-74.1468,40.5609,0,3,'NYKennington St10003|NYKennington St10003+NYCorbin Ave+10003'
-74.1468,40.6048,0,1,'NYSeneca Loop10003'
-74.1468,40.5430,0,1,'NYNelson Ave10003+NYPresley St+10003|NYPresley St10003'
-74.1468,40.6113,0,1,'NYDenton Pl10003'
-74.1468,40.8287,0,1,'NJJackson St10003'
-74.1468,40.7032,0,1,'NJCorbin St10003'
-74.1467,40.5457,0,1,'NYMonticello Ter10003|NYMonticello Ter10003+NYDurant Ave+10003|NYMonticello Ter10003+NYCleveland Ave+10003|NYDurant Ave10003|NYDurant Ave10003+NYCleveland Ave+10003'
-74.1467,40.8352,0,2,'NJKensington Ave10003|NJKensington Ave10003+NJAllwood Rd+10003|NJKensington Ave10003+NJPassaic County 602+10003'
-74.1467,40.6121,0,1,'NYAuburn Ave10003+NYWillowbrook Rd+10003'
-74.1467,40.6320,0,1,'NYHooker Pl10003|NYHooker Pl10003+NYMorningstar Rd+10003'
-74.1466,40.6191,0,3,'NYTuttle St10003|NYTuttle St10003+NYDevens St+10003'
-74.1465,40.6133,0,4,'NYHolgate St10003'
-74.1465,40.7562,0,3,'NJIvy St10003'
-74.1465,40.6069,0,4,'NYStewart Ave10003+NYBascom Pl+10003|NYBascom Pl10003'
-74.1465,40.6139,0,4,'NYFrancine Ln10003'
-74.1464,40.5494,0,1,'NYDent Rd10003+NYRamble Rd+10003|NYRamble Rd10003'
-74.1464,40.6143,0,2,'NYCaswell Ave10003+NYWillowbrook Rd+10003'
-74.1464,40.6075,0,1,'NYStewart Ave10003'
-74.1463,40.7218,2,2,'NJNiagara St10003+NJParis St+10003'
-74.1463,40.5520,0,1,'NYOak Ct10003'
-74.1462,40.5452,0,2,'NYCleveland Ave10003+NYNash Ct+10003|NYNash Ct10003'
-74.1462,40.6090,0,2,'NYBellhaven Pl10003|NYBellhaven Pl10003+NYStewart Ave+10003|NYStewart Ave10003'
-74.1462,40.8433,0,1,'NJLoumar Pl10003|NJLoumar Pl10003+NJRavona St+10003'
-74.1460,40.6103,0,1,'NYStewart Ave10003+NYVictory Blvd+10003'
-74.1460,40.6271,0,1,'NYWillow Rd W10003+NYBowles Ave+10003|NYBowles Ave10003'
-74.1459,40.6278,0,1,'NYDixon Ave10003+NYWillow Rd W+10003'
-74.1459,40.5514,0,1,'NYMidland Rd10003|NYMidland Rd10003+NYAmboy Rd+10003'
-74.1456,40.7529,0,5,'NJSchuyler Ave10003+NJTappan St+10003'
-74.1456,40.8455,0,1,'NJPinebrae Ln10003|NJPinebrae Ln10003+NJGarfield Ave+10003|NJPinebrae Ln10003+NJVirginia Ave+10003|NJGarfield Ave10003|NJGarfield Ave10003+NJVirginia Ave+10003'
-74.1456,40.7004,1,0,'NJKellogg St10003|NJKellogg St10003+NJKellogg+10003|NJKellogg St10003+NJMarlin St+10003|NJKellogg10003|NJKellogg10003+NJMarlin St+10003|NJMarlin St10003'
-74.1456,40.5532,0,1,'NYGreaves Ave10003+NYLamoka Ave+10003|NYLamoka Ave10003'
-74.1455,40.7536,0,1,'NJSchuyler Ave10003+NJHoyt St+10003'
-74.1455,40.8329,0,3,'NJState Rte 310002+NJRuth Ave+10002|NJRuth Ave10003'
-74.1454,40.8378,0,2,'NJPatricia Pl10003'
-74.1453,40.8064,0,1,'NJHancox Ave10003|NJHancox Ave10003+NJNicola Pl+10003'
-74.1452,40.7496,0,1,'NJHamilton St10003'
-74.1452,40.9693,0,4,'NJWestgate Rd10003'
-74.1451,40.6170,0,1,'NYStewart Ave10003|NYStewart Ave10003+NYWillowbrook Rd+10003|NYStewart Ave10003+NYWatchogue Rd+10003|NYWillowbrook Rd10003|NYWillowbrook Rd10003+NYWatchogue Rd+10003'
-74.1451,40.7708,0,2,'NJState Rte 1710002+NJMidland Ave+10002|NJMidland Ave10003+NJKearny Ave+10003'
-74.1450,40.7482,0,2,'NJHarrison Ave10003+NJSchuyler Ave+10003|NJSchuyler Ave10003'
-74.1448,40.7520,0,1,'NJDukes St10003+NJEssex Pl+10003|NJEssex Pl10003'
-74.1447,40.7237,3,3,'NJMagazine St10003+NJUS Hwy 9+10003|NJMagazine St10003+NJUS Hwy 1+10003'
-74.1445,40.8458,0,1,'NJGarfield Ave10003+NJLaurel Ave+10003|NJLaurel Ave10003'
-74.1445,40.7568,0,1,'NJSchuyler Ave10003+NJBergen Ave+10003'
-74.1444,40.5439,0,1,'NYHylan Blvd10003+NYCleveland Ave+10003'
-74.1443,40.5412,0,1,'NYNelson Ave10003+NYDockside Ln+10003|NYDockside Ln10003'
-74.1443,40.6225,0,1,'NYHouston St10003|NYHouston St10003+NYWillowbrook Rd+10003|NYHouston St10003+NYCollege Ave+10003|NYWillowbrook Rd10003+NYCollege Ave+10003|NYCollege Ave10003'
-74.1443,40.5638,0,1,'NYSable Loop10003|NYSable Loop10003+NYSable Loop+10003'
-74.1442,40.6238,0,3,'NYWillowbrook Rd10003+NYRiegelmann St+10003|NYRiegelmann St10003'
-74.1441,40.6179,0,1,'NYBryson Ave10003+NYWaters Ave+10003'
-74.1440,40.6107,0,2,'NYVictory Blvd10003+NYCollfield Ave+10003|NYCollfield Ave10003'
-74.1440,40.8566,0,1,'NJBrighton Ave10003|NJBrighton Ave10003+NJMilton Ave+10003|NJBrighton Ave10003+NJBrighton Ave+10003|NJMilton Ave10003|NJMilton Ave10003+NJBrighton Ave+10003'
-74.1440,40.6063,0,7,'NYCollfield Ave10003+NYBascom Pl+10003|NYBascom Pl10003'
-74.1440,40.6306,0,1,'NYWalker St10003+NYTrantor Pl+10003'
-74.1440,40.5435,0,1,'NYCleveland Ave10003+NYMercer Pl+10003|NYMercer Pl10003'
-74.1439,40.7483,0,1,'NJSandford Ave10003+NJHarrison Ave+10003|NJHarrison Ave10003+NJSanford Ave+10003'
-74.1436,40.5392,0,1,'NYPerona Ln10003|NYPerona Ln10003+NYTennyson Dr+10003'
-74.1436,40.8315,0,2,'NJHall St10003'
-74.1435,40.8398,0,2,'NJPatricia Pl10003'
-74.1434,40.8476,0,1,'NJBrook Ave10003+NJGourley St+10003|NJGourley St10003'
-74.1431,40.6273,0,1,'NYDixon Ave10003+NYVan Riper St+10003|NYVan Riper St10003'
-74.1430,40.6038,0,1,'NYWoodward Ave10003|NYWoodward Ave10003+NYWillowbrook Rd+10003'
-74.1430,40.6115,0,1,'NYCrystal Ave10003+NYAuburn Ave+10003'
-74.1430,40.6097,0,1,'NYWoodward Ave10003+NYPurdy Ave+10003|NYPurdy Ave10003'
-74.1429,40.6099,0,4,'NYWoodward Ave10003'
-74.1429,40.6123,0,1,'NYCrystal Ave10003+NYGurdon St+10003|NYGurdon St10003'
-74.1428,40.5485,0,1,'NYHighland Rd10003|NYHighland Rd10003+NYKing James Ct+10003|NYHighland Rd10003+NYOcean Rd+10003|NYKing James Ct10003|NYKing James Ct10003+NYOcean Rd+10003|NYOcean Rd10003'
-74.1428,40.8406,0,1,'NJEdgewood Ave10003|NJEdgewood Ave10003+NJPassaic Ave+10003|NJEdgewood Ave10003+NJPassaic County 603+10003|NJPassaic County 60310003'
-74.1427,40.5454,0,1,'NYHylan Blvd10003+NYHillside Ter+10003'
-74.1427,40.7485,0,1,'NJHarrison Ave10003+NJBoylan Ave+10003|NJBoylan Ave10003'
-74.1426,40.6145,0,2,'NYCrystal Ave10003+NYDora St+10003|NYDora St10003'
-74.1425,40.5385,0,2,'NYHarbour Ct10003|NYHarbour Ct10003+NYHarbor Ct+10003|NYHarbor Ct10003'
-74.1425,40.6152,0,3,'NYCrystal Ave10003+NYDelmore St+10003|NYDelmore St10003'
-74.1425,40.6223,0,1,'NYCollege Ave10003+NYCollfield Ave+10003|NYCollfield Ave10003'
-74.1424,40.6159,0,1,'NYCrystal Ave10003+NYWade St+10003|NYWade St10003'
-74.1424,40.7839,0,1,'NJState Rte 710002+NJProspect Ave+10002|NJBelleville Tpke10002+NJProspect Ave+10002|NJBellville Tpke10002|NJBellville Tpke10002+NJProspect Ave+10002|NJProspect Ave10003'
-74.1424,40.5471,0,1,'NYGreat Kills Rd10003+NYCottage Ave+10003|NYCottage Ave10003'
-74.1422,40.5487,0,1,'NYKing James Ct10003'
-74.1422,40.6311,0,10,'NYHooker Pl10003+NYNicholas Ave+10003|NYNicholas Ave10003'
-74.1422,40.6111,0,2,'NYCrafton Ave10003|NYCrafton Ave10003+NYAuburn Ave+10003|NYCrafton Ave10003+NYVictory Blvd+10003|NYAuburn Ave10003|NYAuburn Ave10003+NYVictory Blvd+10003'
-74.1422,40.6247,0,2,'NYPontiac St10003'
-74.1422,40.6276,0,2,'NYSeymour Ave10003|NYSeymour Ave10003+NYPort Richmond Ave+10003'
-74.1421,40.8485,0,1,'NJThe Circle10003'
-74.1420,40.7454,1,1,'NJSandford Ave10003|NJSanford Ave10003'
-74.1420,40.6055,0,2,'NYWestwood Ave10003+NYCrafton Ave+10003|NYCrafton Ave10003'
-74.1420,40.7769,0,1,'NJState Rte 1710002+NJStewart Ave+10002|NJStewart Ave10003+NJKearny Ave+10003'
-74.1419,40.6080,0,1,'NYCrafton Ave10003'
-74.1419,40.6285,0,2,'NYOrange Ave10003|NYOrange Ave10003+NYPort Richmond Ave+10003'
-74.1418,40.5583,0,2,'NYAshwood Ct10003'
-74.1417,40.6246,0,1,'NYDecker Ave10003'
-74.1415,40.8214,0,1,'NJState Rte 710002+NJCambridge Dr+10002|NJState Rte 710002+NJMcKinley St+10002|NJCambridge Dr10003|NJCambridge Dr10003+NJWashington Ave+10003|NJCambridge Dr10003+NJMcKinley St+10003|NJWashington Ave10002+NJMcKinley St+10002|NJMcKinley St10003'
-74.1415,40.6335,0,1,'NYInnis St10003+NYNicholas Ave+10003|NYNicholas Ave10003'
-74.1414,40.7689,0,1,'NJMidland Ave10003+NJElm St+10003'
-74.1414,40.5464,0,1,'NYHylan Blvd10003+NYGreat Kills Rd+10003'
-74.1414,40.5967,0,1,'NYSteers St10003|NYSteers St10003+NYForest Hill Rd+10003'
-74.1413,40.7487,1,0,'NJHarrison Ave10003+NJGreenfield Ave+10003|NJGreenfield Ave10003'
-74.1413,40.6246,0,1,'NYCrystal Ave10003'
-74.1412,40.7356,0,1,'NJRiverview Pl10003'
-74.1412,40.6320,0,1,'NYBurden Ave10003'
-74.1411,40.6292,0,1,'NYLinda Ct10003|NYLinda Ct10003+NYPort Richmond Ave+10003'
-74.1411,40.5724,0,1,'NYRichmond Rd10003+NYLighthouse Ave+10003|NYLighthouse Ave10003'
-74.1411,40.8768,0,1,'NJMain Ave10003+NJUnion Ave+10003|NJPassaic County 60110003+NJUnion Ave+10003'
-74.1410,40.6120,0,4,'NYGurdon St10003'
-74.1410,40.6236,0,4,'NYRiegelmann St10003'
-74.1410,40.7843,1,3,'NJGarden Ter10003|NJGarden Ter10003+NJGarden Ter+10003'
-74.1409,40.6077,0,5,'NYStaten Island Pkwy10001+NYWoolley Ave+10001|NYI 27810001+NYWoolley Ave+10001'
-74.1408,40.5626,0,1,'NYFuller Ct10003'
-74.1408,40.8322,2,0,'NJMain Ave10003+NJAllwood Rd+10003|NJMain Ave10003+NJPassaic County 602+10003|NJAllwood Rd10003|NJAllwood Rd10003+NJPassaic County 601+10003|NJPassaic County 60210003|NJPassaic County 60210003+NJPassaic County 601+10003'
-74.1406,40.5562,0,2,'NYNancy Ct10003'
-74.1406,40.6045,1,0,'NYDawson St10003'
-74.1405,40.8262,0,2,'NJWalnut St10003|NJWalnut St10003+NJKingsland Rd+10003'
-74.1405,40.8537,1,1,'NJVan Houten Ave10003+NJHowe Ave+10003|NJPassaic County 61410003+NJHowe Ave+10003'
-74.1405,40.8074,0,1,'NJE Centre St10003|NJE Centre St10003+NJRiver Rd+10003'
-74.1405,40.6031,0,1,'NYWoolley Ave10003|NYWoolley Ave10003+NYForest Hill Rd+10003|NYForest Hill Rd10003'
-74.1403,40.6021,0,1,'NYUxbridge St10003'
-74.1403,40.5646,0,1,'NYDina Ct10003+NYIlyse Ct+10003|NYIlyse Ct10003'
-74.1403,40.8760,0,1,'NJMain Ave10003+NJHarding Ave+10003|NJPassaic County 60110003+NJHarding Ave+10003'
-74.1403,40.6014,0,1,'NYBoone St10003'
-74.1403,40.6363,0,1,'NYNicholas Ave10003+NYCastleton Ave+10003|NYCastleton Ave10003'
-74.1403,40.5629,0,1,'NYHart Loop10003'
-74.1402,40.6115,0,1,'NYMartin Ave10003|NYMartin Ave10003+NYVictory Blvd+10003|NYMartin Ave10003+NYLivermore Ave+10003|NYVictory Blvd10003+NYLivermore Ave+10003|NYLivermore Ave10003'
-74.1402,40.6007,1,1,'NYHarold St10003'
-74.1402,40.5484,0,1,'NYFieldway Ave10003+NYGreencroft Ave+10003'
-74.1401,40.6274,0,1,'NYSeymour Ave10003|NYSeymour Ave10003+NYOrange Ave+10003'
-74.1401,40.8112,0,1,'NJPark Ave10003+NJRiver Rd+10003'
-74.1400,40.6157,0,1,'NYRuth St10003|NYRuth St10003+NYWoolley Ave+10003'
-74.1400,40.8326,0,1,'NJBridewell Pl10003|NJBridewell Pl10003+NJMain Ave+10003|NJBridewell Pl10003+NJPassaic County 601+10003'
-74.1400,40.7729,0,1,'NJChestnut St10003+NJLaurel Ave+10003'
-74.1400,40.7916,0,1,'NJBelmount Ave10003+NJPine St+10003|NJPine St10003'
-74.1400,40.6341,0,1,'NYHatfield Pl10003+NYCrittenden Pl+10003|NYCrittenden Pl10003'
-74.1400,40.6081,0,1,'NYMartin Ave10003'
-74.1399,40.6073,0,2,'NYMartin Ave10003'
-74.1399,40.8719,0,1,'NJ1st St10003+NJHadley Ave+10003'
-74.1399,40.5451,0,1,'NYGreat Kills Rd10003|NYGreat Kills Rd10003+NYMansion Ave+10003'
-74.1398,40.5545,0,1,'NYS Railroad Ave10003+NYBartow St+10003|NYS Railroad Ave10003+NYS Railroad Ave+10003|NYS Railroad Ave10003+NYRoyal St+10003|NYBartow St10003|NYBartow St10003+NYS Railroad Ave+10003|NYBartow St10003+NYRoyal St+10003|NYS Railroad Ave10003|NYRoyal St10003'
-74.1397,40.8438,0,1,'NJPassaic Ave10003+NJTerhune Ave+10003'
-74.1397,40.6132,0,1,'NYCaswell Ave10003+NYLivermore Ave+10003'
-74.1397,40.7866,0,2,'NJHedden Ter10003+NJProspect Ave+10003'
-74.1396,40.6045,0,1,'NYMartin Ave10003+NYDawson St+10003|NYDawson St10003'
-74.1394,40.8255,0,1,'NJWalnut St10003|NJWalnut St10003+NJKingsland Rd+10003'
-74.1393,40.5467,0,1,'NYYacht Club Cove St10003|NYYacht Club Cove St10003+NYYacht Club Cove+10003|NYYacht Club Cove10003'
-74.1393,40.8195,0,1,'NJBarringer Dr10003|NJBarringer Dr10003+NJSwathmore Dr+10003'
-74.1392,40.8213,0,1,'NJWinthrop Dr10003|NJWinthrop Dr10003+NJCambridge Dr+10003'
-74.1392,40.5757,0,2,'NYNugent St10003'
-74.1392,40.7169,0,1,'NJHyatt Ln10003|NJHyatt Ln10003+NJHyatt Ave+10003|NJHyatt Ave10003'
-74.1390,40.7812,0,1,'NJState Rte 1710002+NJVan Cortland Pl+10002|NJVan Cortland Pl10003|NJVan Cortland Pl10003+NJKearny Ave+10003'
-74.1390,40.5549,0,1,'NYS Railroad Ave10003+NYRedgrave Ave+10003|NYRedgrave Ave10003'
-74.1390,40.6074,1,3,'NYArdmore Ave10003'
-74.1389,40.5689,0,2,'NYKensico St10003+NYThomas St+10003'
-74.1389,40.5570,0,1,'NYBay Ter10003|NYBay Ter10003+NYAmboy Rd+10003'
-74.1388,40.6131,0,3,'NYHarvey Ave10003+NYCaswell Ave+10003'
-74.1388,40.5506,0,2,'NYMaybury Ave10003+NYKeegans Ln+10003'
-74.1386,40.5485,0,3,'NYHylan Blvd10003+NYFairlawn Ave+10003|NYFairlawn Ave10003'
-74.1386,40.6032,0,2,'NYArdmore Ave10003|NYArdmore Ave10003+NYWillowbrook Rd+10003'
-74.1386,40.6141,0,13,'NYHarvey Ave10003+NYMarble St+10003|NYMarble St10003'
-74.1384,40.6118,0,1,'NYSheraden Ave10003|NYSheraden Ave10003+NYVictory Blvd+10003'
-74.1384,40.6147,0,1,'NYHarvey Ave10003|NYHarvey Ave10003+NYDelmore St+10003|NYDelmore St10003'
-74.1384,40.9696,1,2,'NJRutland Rd10003'
-74.1384,40.6217,0,1,'NYWoolley Ave10003|NYWoolley Ave10003+NYCollege Ave+10003'
-74.1383,40.7746,0,1,'NJStewart Ave10003+NJChestnut St+10003'
-74.1383,40.6154,0,1,'NYRuth St10003'
-74.1383,40.6161,1,0,'NYWatchogue Rd10003+NYDickie Ave+10003|NYDickie Ave10003'
-74.1382,40.5553,0,1,'NYTaunton St10003|NYTaunton St10003+NYS Railroad Ave+10003'
-74.1382,40.8166,0,1,'NJState Rte 2110002+NJHighfield Ln+10002|NJHighfield Ln10003'
-74.1381,40.5661,0,1,'NYBoyce Ave10003+NYAmber St+10003|NYAmber St10003'
-74.1381,40.5501,0,2,'NYKeegans Ln10003+NYGreencroft Ave+10003'
-74.1381,40.5641,0,4,'NYAtmore Pl10003'
-74.1380,40.6074,0,2,'NYSheraden Ave10003'
-74.1380,40.7840,1,3,'NJGarden Ter10003|NJGarden Ter10003+NJGarden Ter+10003'
-74.1380,40.7883,0,1,'NJIlford Ave10003+NJProspect Ave+10003'
-74.1378,40.5987,0,1,'NYDorothy St10003|NYDorothy St10003+NYFields Ave+10003'
-74.1378,40.5990,0,1,'NYFields Ave10003|NYFields Ave10003+NYFields Ave+10003'
-74.1378,40.7675,1,1,'NJSchuyler Ave10003+NJE Midland Ave+10003|NJE Midland Ave10003'
-74.1378,40.5994,0,1,'NYDrysdale St10003|NYDrysdale St10003+NYFields Ave+10003'
-74.1378,40.5539,0,3,'NYO Gorman Ave10003+NYRedgrave Ave+10003'
-74.1378,40.6001,0,5,'NYDewhurst St10003|NYDewhurst St10003+NYFields Ave+10003'
-74.1377,40.8875,0,1,'NJE 7th St10003+NJKehoe St+10003|NJKehoe St10003'
-74.1376,40.7742,0,1,'NJStewart Ave10003+NJDevon St+10003'
-74.1376,40.6107,0,1,'NYBass St10003'
-74.1375,40.8358,0,1,'NJMain Ave10003+NJCherry St+10003|NJCherry St10003|NJCherry St10003+NJPassaic County 601+10003'
-74.1374,40.5496,0,1,'NYHylan Blvd10003+NYKeegans Ln+10003|NYKeegans Ln10003'
-74.1373,40.8379,1,0,'NJToth Ct10003|NJToth Ct10003+NJToth Ct+10003'
-74.1372,40.8195,0,2,'NJStratford Dr10003|NJStratford Dr10003+NJStratford Dr+10003'
-74.1372,40.7286,1,0,'NJRoanoke Ct10003|NJRoanoke Ct10003+NJRoanoke Ave+10003|NJRoanoke Ct10003+NJRoanoke Ct+10003'
-74.1371,40.6570,0,1,'NJBayside Dr10003+NJMaritime Way+10003|NJBayview Dr10003+NJMaritime Way+10003|NJMaritime Way10003'
-74.1369,40.5700,0,2,'NYPinewood Ave10003'
-74.1369,40.6159,0,1,'NYDemorest Ave10003+NYWatchogue Rd+10003'
-74.1369,40.8724,0,1,'NJMain Ave10003+NJHadley Ave+10003|NJPassaic County 60110003+NJHadley Ave+10003|NJHadley Ave10003'
-74.1368,40.8403,1,1,'NJRutherford Blvd10003+NJHigh St+10003'
-74.1368,40.6215,0,1,'NYDickie Ave10003'
-74.1368,40.8194,1,1,'NJStratford Dr10003|NJStratford Dr10003+NJRiver Rd+10003'
-74.1368,40.6106,0,1,'NYBass St10003|NYBass St10003+NYCarmel Ave+10003'
-74.1368,40.8086,0,1,'NJRiverside Ave10003+NJSanford Ave+10003|NJSanford Ave10003'
-74.1367,40.5509,0,1,'NYAinsworth Ave10003+NYGreencroft Ave+10003'
-74.1365,40.6266,0,1,'NYCornell St10003'
-74.1365,40.5652,0,2,'NYCorona Ave10003|NYCorona Ave10003+NYBoyce Ave+10003|NYBoyce Ave10003'
-74.1365,40.8232,0,1,'NJHartford Dr10003+NJCambridge Dr+10003|NJCambridge Dr10003'
-74.1363,40.7683,1,1,'NJRizzolo Rd10003'
-74.1363,40.6305,0,1,'NYHomestead Ave10003|NYHomestead Ave10003+NYHeberton Ave+10003'
-74.1363,40.6208,0,1,'NYMaine Ave10003+NYBidwell Ave+10003'
-74.1362,40.6158,0,3,'NYNeal Dow Ave10003+NYWatchogue Rd+10003'
-74.1362,40.5687,0,8,'NYAndrews Ave10003+NYBarbara St+10003'
-74.1362,40.6248,0,1,'NYEldridge Ave10003'
-74.1361,40.5547,0,1,'NYBay Ter10003+NYOgorman Ave+10003|NYOgorman Ave10003'
-74.1361,40.6024,0,1,'NYTaft Ct10003|NYTaft Ct10003+NYSunset Ave+10003|NYTaft Ct10003+NYJoseph Ave+10003|NYSunset Ave10003+NYJoseph Ave+10003|NYJoseph Ave10003'
-74.1361,40.6189,0,1,'NYDemorest Ave10003|NYDemorest Ave10003+NYLathrop Ave+10003'
-74.1361,40.5975,0,1,'NYWashington Ave10003+NYRoanoke St+10003|NYRoanoke St10003'
-74.1360,40.6138,0,1,'NYMarble St10003|NYMarble St10003+NYIngram Ave+10003|NYMarble St10003+NYIowa Pl+10003|NYIngram Ave10003|NYIngram Ave10003+NYIowa Pl+10003|NYIowa Pl10003'
-74.1360,40.5753,0,1,'NYSt George Rd10003'
-74.1359,40.6004,0,1,'NYMcDonald St10003|NYMcDonald St10003+NYWashington Ave+10003'
-74.1359,40.8205,1,2,'NJCoventry Dr10003|NJCoventry Dr10003+NJRiver Rd+10003'
-74.1358,40.6214,0,1,'NYBidwell Ave10003'
-74.1356,40.5576,0,1,'NYN Railroad Ave10003+NYBenton Ct+10003|NYBenton Ct10003'
-74.1355,40.6157,0,3,'NYWatchogue Rd10003+NYSt John Ave+10003|NYSt John Ave10003'
-74.1355,40.6492,0,1,'NJJuliette St10003|NJJuliette St10003+NJTrask Ave+10003'
-74.1355,40.7496,0,2,'NJHarrison Ave10003|NJHarrison Ave10003+NJBergen Ave+10003|NJBergen Ave10003'
-74.1355,40.6242,0,1,'NYClark Pl10003|NYClark Pl10003+NYEldridge Ave+10003'
-74.1354,40.6277,0,1,'NYCortlandt St10003|NYCortlandt St10003+NYCatherine St+10003'
-74.1353,40.9666,0,1,'NJGreenway Rd10003+NJGlen Blvd+10003|NJGlen Blvd10003'
-74.1353,40.6194,0,1,'NYNeal Dow Ave10003+NYSpringfield Ave+10003'
-74.1352,40.5702,0,3,'NYPinewood Ave10003+NYConnor Ave+10003|NYConnor Ave10003'
-74.1352,40.6138,0,1,'NYMarble St10003+NYSeward Pl+10003|NYMarble St10003+NYKell Ave+10003|NYSeward Pl10003|NYSeward Pl10003+NYKell Ave+10003|NYKell Ave10003'
-74.1351,40.5789,0,1,'NYMeisner Ave10003+NYLowell St+10003|NYLowell St10003'
-74.1350,40.6513,1,2,'NJW 5th St10003+NJTrask Ave+10003|NJTrask Ave10003'
-74.1350,40.6015,0,1,'NYSunset Ave10003+NYBirchard Ave+10003|NYBirchard Ave10003'
-74.1349,40.6178,3,3,'NYLeonard Ave10003+NYSt John Ave+10003'
-74.1348,40.6237,0,1,'NYSt Anthony Pl10003|NYSt Anthony Pl10003+NYEldridge Ave+10003'
-74.1348,40.8232,0,1,'NJKingsland Rd10003|NJKingsland Rd10003+NJRiver Rd+10003'
-74.1347,40.8140,1,0,'NJRiverside Ave10003+NJPost Ave+10003|NJPost Ave10003'
-74.1346,40.5732,0,1,'NYRichmond Rd10003+NYWilder Ave+10003|NYWilder Ave10003'
-74.1346,40.5653,0,1,'NYMontreal Ave10003|NYMontreal Ave10003+NYWilder Ave+10003|NYMontreal Ave10003+NYClarke Ave+10003|NYWilder Ave10003|NYWilder Ave10003+NYClarke Ave+10003'
-74.1343,40.6035,0,1,'NYWillowbrook Rd10003+NYFillmore Ave+10003'
-74.1343,40.8102,0,2,'NJNew St10003|NJNew St10003+NJWillow Ave+10003'
-74.1343,40.4435,0,1,'NJFrancis Pl10003+NJRamsey Ave+10003'
-74.1342,40.8550,0,1,'NJAycrigg Ave10003+NJAlbion St+10003'
-74.1342,40.6154,0,1,'NYClinton B Fiske Ave10003|NYClinton B Fiske Ave10003+NYClinton B Fisk Ave+10003|NYClinton B Fiske Ave10003+NYFiske Ave+10003|NYClinton B Fiske Ave10003+NYWatchogue Rd+10003|NYClinton B Fisk Ave10003|NYClinton B Fisk Ave10003+NYFiske Ave+10003|NYClinton B Fisk Ave10003+NYWatchogue Rd+10003|NYFiske Ave10003|NYFiske Ave10003+NYWatchogue Rd+10003'
-74.1341,40.6370,0,1,'NYRichmond Ave10003+NYNew St+10003|NYPort Richmond Ave10003+NYNew St+10003|NYNew St10003'
-74.1341,40.5996,0,1,'NYSoren St10003+NYNiles Pl+10003|NYNiles Pl10003'
-74.1341,40.6085,0,1,'NYByrne Ave10003'
-74.1340,40.5616,0,1,'NYEmmet Ave10003|NYEmmet Ave10003+NYAmboy Rd+10003'
-74.1339,40.7214,2,1,'NJI 9510001|NJI 9510001+NJI 95+10001'
-74.1339,40.6191,0,1,'NYSpringfield Ave10003|NYSpringfield Ave10003+NYWillard Ave+10003'
-74.1336,40.7305,0,1,'NJWaydell St10003'
-74.1334,40.6157,0,1,'NYWardwell Ave10003+NYMarkham Pl+10003|NYMarkham Pl10003'
-74.1333,40.6998,0,1,'NJPrivate St10003|NJPrivate St10003+NJI 78+10003|NJPrivate St10003+NJNew Jersey Tpke Exd+10003'
-74.1333,40.6246,0,1,'NYOrdell Ave10003|NYOrdell Ave10003+NYVeltman Ave+10003'
-74.1333,40.6224,0,1,'NYShaw Pl10003'
-74.1333,40.5800,0,1,'NYScheffelin Ave10003+NYEsther Depew St+10003|NYEsther Depew St10003'
-74.1332,40.6136,0,1,'NYMarble St10003|NYMarble St10003+NYMann Ave+10003|NYMann Ave10003'
-74.1332,40.7327,1,0,'NJFoundry St10003+NJFerry St+10003'
-74.1332,40.9623,0,1,'NJRodney St10003|NJRodney St10003+NJMain St+10003'
-74.1332,40.6280,1,0,'NYHaughwout Ave10003+NYDryden Ct+10003|NYDryden Ct10003'
-74.1331,40.6085,0,1,'NYMann Ave10003'
-74.1330,40.6077,0,1,'NYS Mann Ave10003'
-74.1330,40.6203,0,2,'NYMaine Ave10003+NYClinton B Fisk Ave+10003|NYMaine Ave10003+NYFiske Ave+10003|NYMaine Ave10003+NYClinton B Fiske Ave+10003|NYClinton B Fisk Ave10003+NYClinton B Fiske Ave+10003|NYFiske Ave10003+NYClinton B Fiske Ave+10003|NYClinton B Fiske Ave10003'
-74.1330,40.6067,0,1,'NYS Mann Ave10003|NYS Mann Ave10003+NYJulie Ct+10003|NYS Mann Ave10003+NYRoosevelt Ave+10003|NYJulie Ct10003|NYJulie Ct10003+NYRoosevelt Ave+10003|NYRoosevelt Ave10003'
-74.1330,40.6055,0,2,'NYWestwood Ave10003|NYWestwood Ave10003+NYRoosevelt Ave+10003'
-74.1329,40.6569,0,1,'NJAve A10003+NJW 8th St+10003|NJW 8th St10003'
-74.1327,40.6156,0,1,'NYMarkham Pl10003+NYDeems Ave+10003|NYDeems Ave10003'
-74.1326,40.8249,1,2,'NJRiverwalk Way10003+NJPebble Brook Dr+10003|NJPebble Brook Dr10003'
-74.1326,40.6036,0,1,'NYRoosevelt Ave10003'
-74.1324,40.8266,1,3,'NJMyrtle Ave10003|NJMyrtle Ave10003+NJRiver Rd+10003'
-74.1324,40.6277,0,1,'NYHaughwout Ave10003+NYDerby Ct+10003|NYDerby Ct10003'
-74.1323,40.6007,0,23,'NYBradley Ct10003|NYBradley Ct10003+NYBradley Ct+10003'
-74.1323,40.8492,0,1,'NJReid Ave10003+NJVan Houten Ave+10003'
-74.1323,40.6005,0,1,'NYBradley Ct10003'
-74.1323,40.6203,0,1,'NYWardwell Ave10003+NYMaine Ave+10003'
-74.1322,40.6049,0,2,'NYRoosevelt Ct10003'
-74.1322,40.6045,0,1,'NYRoosevelt Ct10003|NYRoosevelt Ct10003+NYRoosevelt Ct+10003'
-74.1322,40.8455,0,1,'NJHoward Ave10003|NJHoward Ave10003+NJHigh St+10003'
-74.1321,40.6083,0,2,'NYStaten Island Pkwy10001+NYBradley Ave+10001|NYBradley Ave10003+NYI 278+10003'
-74.1321,40.8313,1,4,'NJWilliam St10003'
-74.1321,40.6132,0,4,'NYBradley Ave10003|NYBradley Ave10003+NYWatchogue Rd+10003'
-74.1321,40.6234,0,1,'NYRavenhurst Ave10003'
-74.1321,40.6237,0,1,'NYVeltman Ave10003'
-74.1320,40.7101,1,0,'NJDelancey St10003|NJDelancey St10003+NJDoremus Ave+10003'
-74.1320,40.9361,0,1,'NJEdward St10003|NJEdward St10003+NJFair Lawn Ave+10003'
-74.1320,40.7332,1,0,'NJLockwood St10003'
-74.1319,40.6073,1,2,'NYBradley Ave10003+NYRamsey Ln+10003|NYRamsey Ln10003'
-74.1319,40.8044,0,1,'NJLincoln St10003|NJLincoln St10003+NJThomas Ave+10003'
-74.1319,40.8070,0,1,'NJStuyvesant Ave10003+NJCopeland Ave+10003'
-74.1319,40.6316,0,1,'NYSimonson Pl10003'
-74.1319,40.6360,0,1,'NYNew St10003+NYHeberton Ave+10003'
-74.1319,40.7754,0,1,'NJSchuyler Ave10003+NJSeeley Ave+10003|NJSeeley Ave10003'
-74.1319,40.6556,0,1,'NJLinden St10003+NJKennedy Blvd+10003|NJLinden St10003+NJState Rte 501+10003|NJLinden St10003+NJJohn F Kennedy Blvd+10003'
-74.1318,40.6455,0,1,'NJW 1st St10003+NJZabriskie Ave+10003|NJZabriskie Ave10003'
-74.1318,40.8274,0,1,'NJRiver Rd10003+NJOak St+10003|NJOak St10003'
-74.1318,40.6533,0,1,'NJNewman Ave10003'
-74.1317,40.8136,0,1,'NJFern Ave10003+NJLyndhurst Ave+10003|NJLyndhurst Ave10003'
-74.1316,40.5575,0,1,'NYHopkins Ave10003+NYHooper Ave+10003'
-74.1316,40.8407,1,1,'NJMarietta Ave10003+NJFalstrom Ct+10003|NJFalstrom Ct10003'
-74.1316,40.6038,0,5,'NYBradley Ave10003+NYHolden Blvd+10003|NYBradley Ave10003+NYWillowbrook Rd+10003|NYHolden Blvd10003|NYHolden Blvd10003+NYWillowbrook Rd+10003|NYWillowbrook Rd10003'
-74.1315,40.5769,0,1,'NYNugent St10003+NYBoyle Pl+10003|NYBoyle Pl10003'
-74.1315,40.8535,0,1,'NJAycrigg Ave10003+NJPassaic Ave+10003'
-74.1315,40.6078,0,1,'NYRamsey Ln10003'
-74.1314,40.6026,0,7,'NYBradley Ave10003+NYQueen St+10003|NYQueen St10003'
-74.1314,40.6562,0,1,'NJW 8th St10003+NJKennedy Blvd+10003|NJW 8th St10003+NJState Rte 501+10003|NJW 8th St10003+NJJohn F Kennedy Blvd+10003'
-74.1314,40.8486,0,1,'NJPennington Ave10003+NJVan Houten Ave+10003'
-74.1312,40.6008,0,4,'NYBradley Ave10003+NYBradley Ct+10003|NYBradley Ct10003'
-74.1311,40.5540,0,1,'NYHylan Blvd10003+NYOvis Pl+10003|NYOvis Pl10003'
-74.1311,40.6161,0,1,'NYGoodwin Ave10003'
-74.1310,40.6153,0,1,'NYMarkham Pl10003'
-74.1310,40.6154,0,1,'NYCrowell Ave10003'
-74.1309,40.6147,0,1,'NYKemball Ave10003'
-74.1309,40.6078,0,2,'NYWheeler Ave10003'
-74.1308,40.9614,0,2,'NJWest Plz10003|NJWest Plz10003+NJGlen Ave+10003'
-74.1308,40.6057,0,2,'NYWestwood Ave10003+NYWheeler Ave+10003|NYWestwood Ave10003+NYWellbrook Ave+10003|NYWheeler Ave10003|NYWheeler Ave10003+NYWellbrook Ave+10003|NYWellbrook Ave10003'
-74.1305,40.6226,0,2,'NYElias Pl10003+NYBenedict Ave+10003|NYBenedict Ave10003'
-74.1303,40.6294,0,3,'NYJewett Ave10003+NYKramer Pl+10003|NYKramer Pl10003'
-74.1303,40.8411,0,1,'NJStewart St10003|NJStewart St10003+NJBrook Ave+10003'
-74.1303,40.9675,0,1,'NJDaryl Ct10003'
-74.1302,40.6296,0,1,'NYJewett Ave10003+NYHolbernt Ct+10003|NYHolbernt Ct10003'
-74.1302,40.5566,0,1,'NYHopkins Ave10003+NYThollen St+10003|NYThollen St10003'
-74.1301,40.5653,0,1,'NYGuyon Ave10003|NYGuyon Ave10003+NYAmboy Rd+10003'
-74.1300,40.8479,0,1,'NJVan Houten Ave10003+NJHigh St+10003'
-74.1300,40.6264,0,3,'NYLlewellyn Pl10003+NYForest Ave+10003'
-74.1300,40.6057,1,0,'NYWestwood Ave10003+NYGraves St+10003|NYGraves St10003'
-74.1299,40.5711,0,1,'NYCranford Ct10003|NYCranford Ct10003+NYCranford Ct+10003'
-74.1299,40.9593,0,2,'NJMaple Ave10003+NJGlen Ave+10003'
-74.1299,40.6087,0,1,'NYPerry Ave10003'
-74.1298,40.5987,0,1,'NYBriele Ave10003|NYBriele Ave10003+NYWellbrook Ave+10003|NYBrielle Ave10003|NYBrielle Ave10003+NYWellbrook Ave+10003|NYWellbrook Ave10003'
-74.1298,40.6079,0,1,'NYPerry Ave10003'
-74.1298,40.8172,0,1,'NJTontine Ave10003+NJWatson Ave+10003|NJWatson Ave10003'
-74.1297,40.6191,0,1,'NYConstant Ave10003+NYVirginia Pl+10003|NYVirginia Pl10003'
-74.1297,40.9616,0,4,'NJWest Plz10003|NJWest Plz10003+NJWest Plz+10003'
-74.1296,40.5704,0,2,'NYCranford Ct10003|NYCranford Ct10003+NYCranford Ave+10003'
-74.1296,40.7762,0,1,'NJBellville Tpke10002'
-74.1296,40.6058,0,2,'NYWestwood Ave10003+NYPerry Ave+10003|NYPerry Ave10003'
-74.1294,40.5657,1,2,'NYAmboy Rd10003+NYCedarview Ave+10003'
-74.1294,40.8741,0,1,'NJUnicorn Way10003|NJUnicorn Way10003+NJCenter St+10003'
-74.1293,40.9600,0,2,'NJWest Plz10003|NJWest Plz10003+NJWest Plz+10003'
-74.1293,40.8029,1,0,'NJChase Ave10003+NJThomas Ave+10003'
-74.1292,40.8439,0,1,'NJMain Ave10003+NJHoward Ave+10003|NJHoward Ave10003|NJHoward Ave10003+NJPassaic County 601+10003'
-74.1292,40.6265,0,2,'NYMundy Ave10003|NYMundy Ave10003+NYForest Ave+10003'
-74.1292,40.6294,0,1,'NYHolbernt Ct10003'
-74.1292,40.6126,0,1,'NYQuinlan Ave10003|NYQuinlan Ave10003+NYVictory Blvd+10003'
-74.1291,40.5747,0,5,'NYRiedel Ave10003|NYRiedel Ave10003+NYBishop St+10003|NYRiedel Ave10003+NYRichmond Rd+10003|NYBishop St10003|NYBishop St10003+NYRichmond Rd+10003'
-74.1291,40.8415,0,1,'NJPark Ave10003+NJKensington Ter+10003|NJKensington Ter10003'
-74.1290,40.7004,2,1,'NJFirmench Way10003'
-74.1290,40.4462,1,0,'NJRandolph Pl10003'
-74.1290,40.5558,0,1,'NYHopkins Ave10003|NYHopkins Ave10003+NYHylan Blvd+10003'
-74.1289,40.7732,1,0,'NJState Rte 710002+NJPorete Ave+10002|NJPorete Ave10003|NJPorete Ave10003+NJBelleville Tpke+10003'
-74.1289,40.5699,0,1,'NYPark St10003+NYDalton Ave+10003|NYDalton Ave10003'
-74.1287,40.5713,0,2,'NYTysens Ln10003+NYCranford Ave+10003'
-74.1287,40.6080,0,1,'NYQuinlan Ave10003'
-74.1287,40.9650,0,1,'NJSterling Pl10003'
-74.1287,40.6285,0,1,'NYFloyd St10003|NYFloyd St10003+NYDubois Ave+10003'
-74.1284,40.7344,0,1,'NJRaymond Blvd10003+NJFerry St+10003|NJBlanchard St10003|NJBlanchard St10003+NJFerry St+10003|NJFerry St10003'
-74.1282,40.5721,0,1,'NYHitchcock Ave10003|NYHitchcock Ave10003+NYCranford Ave+10003'
-74.1282,40.9175,0,1,'NJElmwood Ct10003'
-74.1281,40.8451,0,1,'NJMain Ave10003+NJElliot St+10003|NJElliot St10003|NJElliot St10003+NJPassaic County 601+10003'
-74.1280,40.6041,0,1,'NYHolden Blvd10003+NYSuffolk Ave+10003|NYSuffolk Ave10003'
-74.1279,40.6036,0,18,'NYDuke Pl10003|NYDuke Pl10003+NYSuffolk Ave+10003|NYSuffolk Ave10003'
-74.1279,40.5729,0,1,'NYJoel Pl10003|NYJoel Pl10003+NYFleetwood Ave+10003|NYJoel Pl10003+NYCranford Ave+10003|NYFleetwood Ave10003|NYFleetwood Ave10003+NYCranford Ave+10003'
-74.1279,40.7278,1,1,'NJAve P10003|NJAve P10003+NJRoanoke Ave+10003|NJRoanoke Ave10003'
-74.1278,40.5752,0,2,'NYRichmond Rd10003+NYCranford Ave+10003|NYCranford Ave10003'
-74.1277,40.6020,0,3,'NYSuffolk Ave10003+NYVermont Ct+10003|NYVermont Ct10003'
-74.1277,40.5738,0,1,'NYBishop St10003+NYCranford Ave+10003'
-74.1276,40.5692,0,1,'NYShadow Ln10003+NYBroome St+10003|NYShadow Ln10003+NYShodow la+10003|NYShadow Ln10003+NYPark St+10003|NYBroome St10003|NYBroome St10003+NYBroome St+10003|NYBroome St10003+NYShodow la+10003|NYBroome St10003+NYPark St+10003|NYShodow la10003|NYShodow la10003+NYPark St+10003'
-74.1276,40.6012,0,1,'NYSuffolk Ave10003+NYCarolina Ct+10003|NYCarolina Ct10003'
-74.1275,40.8019,0,1,'NJ7th St10003|NJ7th St10003+NJThomas Ave+10003'
-74.1274,40.7412,1,0,'NJBlanchard St10003'
-74.1274,40.5620,0,1,'NYPeel Pl10003|NYPeel Pl10003+NYChamplain Ave+10003'
-74.1274,40.5997,0,5,'NYMonroe Pl10003|NYMonroe Pl10003+NYSuffolk Ave+10003'
-74.1273,40.9070,0,1,'NJElm St10003+NJMiller Ave+10003'
-74.1273,40.5573,0,1,'NYHylan Blvd10003+NYEmmet Ave Exd+10003|NYHylan Blvd10003+NYCurrie Ave+10003|NYEmmet Ave Exd10003|NYEmmet Ave Exd10003+NYCurrie Ave+10003|NYCurrie Ave10003'
-74.1272,40.6293,0,1,'NYGreenleaf Ave10003+NYMarion St+10003|NYMarion St10003'
-74.1272,40.6207,0,3,'NYMaine Ave10003+NYAlabama Pl+10003|NYAlabama Pl10003'
-74.1271,40.8463,0,1,'NJMain Ave10003+NJVan Houten Ave+10003|NJVan Houten Ave10003+NJPassaic County 601+10003'
-74.1271,40.9523,0,1,'NJRocklynn Pl10003|NJRocklynn Pl10003+NJHazelhurst Ave+10003'
-74.1271,40.6127,0,2,'NYWestcott Blvd10003|NYWestcott Blvd10003+NYVictory Blvd+10003'
-74.1271,40.5764,0,1,'NYRichmond Rd10003+NYRockland Ave+10003|NYRockland Ave10003'
-74.1270,40.5642,0,1,'NYS Railroad Ave10003|NYS Railroad Ave10003+NYS Railroad Ave+10003|NYS Railroad Ave10003+NYRoyal St+10003|NYRoyal St10003'
-74.1269,40.5784,0,1,'NYNugent St10003|NYNugent St10003+NYRockland Ave+10003'
-74.1269,40.6200,0,1,'NYElmira Ave10003'
-74.1269,40.6220,0,1,'NYColorado St10003|NYColorado St10003+NYKingsley Ave+10003'
-74.1269,40.6128,0,3,'NYMountainview Ave10003|NYMountainview Ave10003+NYVictory Blvd+10003'
-74.1267,40.9407,0,1,'NJKoeming Ct10003|NJKoeming Ct10003+NJKoenig Ct+10003|NJKoenig Ct10003'
-74.1267,40.5579,0,2,'NYHylan Blvd10003+NYChesterton Ave+10003'
-74.1266,40.6107,0,2,'NYMountainview Ave10003+NYPurdy Ave+10003|NYPurdy Ave10003'
-74.1265,40.6644,5,5,'NJW 19th St10003+NJAve A+10003'
-74.1265,40.6260,1,4,'NYArthur Ct10003|NYArthur Ct10003+NYGreenleaf Ave+10003'
-74.1263,40.6254,0,1,'NYGreen Leaf10003|NYGreen Leaf10003+NYGreenleaf Ave+10003'
-74.1263,40.6353,0,1,'NYClove Rd10003+NYDegroot Pl+10003|NYDegroot Pl10003'
-74.1262,40.6186,0,3,'NYMiller St10003'
-74.1262,40.6249,0,2,'NYGreenleaf Ave10003|NYGreenleaf Ave10003+NYEgbert Ave+10003'
-74.1262,40.6221,0,2,'NYKingsley Ave10003'
-74.1261,40.5723,0,1,'NYBelfast Ave10003+NYEbony St+10003|NYEbony St10003'
-74.1261,40.5584,0,1,'NYFairbanks Ave10003+NYHylan Blvd+10003'
-74.1261,40.6215,0,7,'NYColorado St10003|NYColorado St10003+NYCollege Ave+10003'
-74.1261,40.8494,0,1,'NJOrchard St10003|NJOrchard St10003+NJWestervelt Pl+10003'
-74.1261,40.6013,0,1,'NYGansevoort Blvd10003+NYCarolina Ct+10003|NYCarolina Ct10003'
-74.1260,40.6625,0,1,'NJKennedy Blvd10002+NJAndrew St+10002|NJAndrew St10003|NJAndrew St10003+NJState Rte 501+10003|NJAndrew St10003+NJJohn F Kennedy Blvd+10003'
-74.1260,40.6224,0,1,'NYS Greenleaf Ave10003'
-74.1260,40.5682,0,1,'NYAmboy Rd10003+NYPark St+10003|NYPark St10003'
-74.1260,40.9045,0,1,'NJ2nd St10003|NJ2nd St10003+NJSummit Ave+10003'
-74.1260,40.6587,1,6,'NJW 14th St10003+NJAve C+10003'
-74.1259,40.8291,0,1,'NJWheeler St10003|NJWheeler St10003+NJDelawanna Ave+10003'
-74.1257,40.6507,0,1,'NJLexington Ave10003+NJGeorge St+10003|NJGeorge St10003'
-74.1257,40.5797,0,1,'NYTonking Rd10003'
-74.1256,40.7344,1,1,'NJRaymond Blvd10003|NJRaymond Blvd10003+NJUS Hwy 9+10003|NJRaymond Blvd10003+NJUS Hwy 1 Truck+10003|NJRaymond Blvd10003+NJRaymond Blvd+10003|NJRaymond Blvd10003+NJUS Hwy 1+10003|NJUS Hwy 910002|NJUS Hwy 910002+NJUS Hwy 9+10002|NJUS Hwy 910002+NJUS Hwy 1+10002|NJUS Hwy 1 Truck10002|NJUS Hwy 1 Truck10002+NJUS Hwy 9+10002|NJUS Hwy 1 Truck10002+NJUS Hwy 1+10002|NJUS Hwy 910002+NJRaymond Blvd+10002|NJRaymond Blvd10002|NJRaymond Blvd10002+NJUS Hwy 1+10002'
-74.1255,40.5729,0,1,'NYDorothea Pl10003|NYDorothea Pl10003+NYBishop St+10003'
-74.1255,40.6326,0,1,'NYClove Rd10003+NYWhite Pl+10003|NYWhite Pl10003'
-74.1253,40.6180,1,3,'NYS Greenleaf Ave10003+NYMargaretta Ct+10003|NYMargaretta Ct10003'
-74.1252,40.8016,0,1,'NJSummer Ave10003+NJ5th St+10003|NJ5th St10003'
-74.1252,40.6173,0,1,'NYSawyer Ave10003|NYSawyer Ave10003+NYS Greenleaf Ave+10003'
-74.1251,40.5759,0,1,'NYDorothea Pl10003|NYDorothea Pl10003+NYRichmond Rd+10003'
-74.1251,40.5708,0,1,'NYCoverly St10003+NYVincent Ave+10003'
-74.1250,40.6085,0,2,'NYMelba St10003'
-74.1249,40.6151,0,7,'NYKemball Ave10003|NYKemball Ave10003+NYS Greenleaf Ave+10003'
-74.1249,40.5734,0,1,'NYDale Ave10003'
-74.1249,40.6560,0,1,'NJE 11th St10003|NJE 11th St10003+NJBroadway+10003'
-74.1249,40.8443,0,1,'NJPalmer St10003+NJSpring St+10003'
-74.1248,40.5594,0,1,'NYHylan Blvd10003+NYMalone Ave+10003'
-74.1247,40.7336,1,0,'NJI 9510001|NJI 9510001+NJNew Jersey Tpke+10001|NJI 9510001+NJI 95+10001'
-74.1247,40.6286,0,1,'NYRaymond Pl10003+NYDelafield Ave+10003'
-74.1247,40.7863,1,0,'NJSchuyler Ave10003+NJCarrie Rd+10003|NJCarrie Rd10003'
-74.1246,40.6130,0,1,'NYS Greenleaf Ave10003|NYS Greenleaf Ave10003+NYVictory Blvd+10003'
-74.1246,40.5714,0,1,'NYCoverly St10003|NYCoverly St10003+NYBelfast Ave+10003'
-74.1246,40.5574,0,1,'NYFairbanks Ave10003+NYPendale St+10003'
-74.1245,40.5631,0,1,'NYLeeds St10003+NYGuyon Ave+10003'
-74.1244,40.6017,0,1,'NYHarold St10003+NYMelba St+10003|NYMelba St10003'
-74.1244,40.6159,0,1,'NYCrowell Ave10003+NYRaymond Ave+10003|NYRaymond Ave10003'
-74.1242,40.6113,0,1,'NYGarden St10003|NYGarden St10003+NYLester St+10003|NYGarden St10003+NYGower St+10003|NYLester St10003|NYLester St10003+NYGower St+10003|NYGower St10003'
-74.1242,40.8518,0,2,'NJHarding Ct10003'
-74.1242,40.6260,0,1,'NYDore Ct10003'
-74.1242,40.8494,0,1,'NJAycrigg Ave10003+NJMain Ave+10003|NJAycrigg Ave10003+NJPassaic County 601+10003'
-74.1241,40.9692,0,2,'NJHarding Rd10003'
-74.1241,40.5758,0,1,'NYSummit Ave10003|NYSummit Ave10003+NYRichmond Rd+10003'
-74.1241,40.7725,1,1,'NJBaler Blvd10003'
-74.1241,40.6105,0,1,'NYPenn St10003|NYPenn St10003+NYGower St+10003'
-74.1240,40.6216,0,2,'NYCollege Ave10003'
-74.1238,40.8898,0,1,'NJMartha Ave10003+NJMiles St+10003'
-74.1238,40.8116,0,3,'NJLincoln Ave10003|NJLincoln Ave10003+NJValley Brook Ave+10003'
-74.1238,40.5626,0,1,'NYGuyon Ave10003+NYWhitehall St+10003'
-74.1237,40.6575,0,1,'NJE 14th St10003|NJE 14th St10003+NJBroadway+10003|NJE 14th St10003+NJW 14th St+10003|NJBroadway10003+NJW 14th St+10003|NJW 14th St10003'
-74.1236,40.6273,1,0,'NYRaymond Pl10003|NYRaymond Pl10003+NYForest Ave+10003'
-74.1236,40.6203,0,2,'NYManor Rd10003+NYMerriman Ave+10003|NYMerriman Ave10003'
-74.1235,40.6654,0,2,'NJW 22nd St10003+NJKennedy Blvd+10003|NJW 22nd St10003+NJState Rte 501+10003|NJW 22nd St10003+NJJohn F Kennedy Blvd+10003'
-74.1235,40.5758,0,1,'NYBeacon Ave10003|NYBeacon Ave10003+NYRichmond Rd+10003'
-74.1235,40.6185,0,1,'NYKeiber Ct10003'
-74.1235,40.8506,1,1,'NJMain Ave10003+NJTemple Pl+10003|NJTemple Pl10003|NJTemple Pl10003+NJPassaic County 601+10003'
-74.1235,40.5697,0,1,'NYFrancine Ct10003|NYFrancine Ct10003+NYArc Pl+10003'
-74.1234,40.5843,1,1,'NYNevada Ave10003'
-74.1234,40.8443,0,1,'NJVan Houten Ave10003|NJVan Houten Ave10003+NJRiver Dr+10003'
-74.1234,40.5557,0,1,'NYGrayson St10003+NYChesterton Ave+10003|NYChesterton Ave10003'
-74.1234,40.8168,0,1,'NJ2nd Ave10003+NJNew York Ave+10003|NJNew York Ave10003|NJNew York Ave10003+NJOgden Pl+10003'
-74.1233,40.8221,0,1,'NJRiverside Ave10003+NJRutherford Ave+10003|NJRutherford Ave10003'
-74.1233,40.6254,1,1,'NYRaymond Pl10003|NYRaymond Pl10003+NYEgbert Ave+10003'
-74.1232,40.6581,0,1,'NJE 15th St10003|NJE 15th St10003+NJBroadway+10003|NJE 15th St10003+NJW 15th St+10003|NJBroadway10003+NJW 15th St+10003|NJW 15th St10003'
-74.1231,40.6347,0,1,'NYTaylor Ct10003|NYTaylor Ct10003+NYTaylor St+10003'
-74.1229,40.9425,0,1,'NJPollitt Dr10003+NJCarlton Pl+10003|NJCarlton Pl10003'
-74.1227,40.6625,0,2,'NJW 19th St10003+NJAve C+10003'
-74.1226,40.9286,0,1,'NJLyncrest Ave10003|NJLyncrest Ave10003+NJMorlot Ave+10003'
-74.1226,40.6146,0,1,'NYDongan Ave10003'
-74.1226,40.9695,0,1,'NJLehigh Pl10003'
-74.1226,40.5706,0,1,'NYAmboy Rd10003+NYBehan Ct+10003|NYBehan Ct10003'
-74.1225,40.7420,0,2,'NJNew Jersey Tpke10001|NJI 9510001'
-74.1225,40.5571,0,1,'NYMontreal Ave10003|NYMontreal Ave10003+NYGrayson St+10003'
-74.1225,40.6295,0,1,'NYDelafield Ave10003+NYTaylor St+10003|NYDelafield Ave10003+NYRayfield Ct+10003|NYTaylor St10003|NYTaylor St10003+NYRayfield Ct+10003|NYRayfield Ct10003'
-74.1224,40.6189,0,1,'NYSmith Ave10003|NYSmith Ave10003+NYDrake Ave+10003'
-74.1224,40.8117,0,2,'NJGrant Ave10003'
-74.1223,40.8182,0,1,'NJLake Ave10003+NJStuyvesant Ave+10003'
-74.1223,40.8098,0,1,'NJLaurel Ave10003|NJLaurel Ave10003+NJChase Ave+10003'
-74.1223,40.9015,0,1,'NJS Center St10003|NJS Center St10003+NJVan Riper Ave+10003'
-74.1222,40.9184,1,0,'NJ14th Ave10003|NJ14th Ave10003+NJIozia Ter+10003'
-74.1222,40.7965,0,1,'NJ2nd St10003|NJ2nd St10003+NJ2nd St+10003|NJ2nd St10003+NJSecond St+10003|NJ2nd St10003+NJCanterbury Ave+10003|NJSecond St10003|NJSecond St10003+NJCanterbury Ave+10003'
-74.1222,40.5709,0,1,'NYBishop St10003|NYBishop St10003+NYAmboy Rd+10003'
-74.1222,40.6670,0,1,'NJW 24th St10003+NJKennedy Blvd+10003|NJW 24th St10003+NJState Rte 501+10003|NJW 24th St10003+NJJohn F Kennedy Blvd+10003'
-74.1221,40.6120,0,2,'NYGarden St10003'
-74.1221,40.9622,1,0,'NJBerkeley Pl10003|NJBerkeley Pl10003+NJRock Rd+10003'
-74.1221,40.6284,0,4,'NYClove Rd10003+NYMyrtle Ave+10003|NYClove Rd10003+NYChrissy Ct+10003|NYMyrtle Ave10003|NYMyrtle Ave10003+NYChrissy Ct+10003|NYChrissy Ct10003'
-74.1220,40.6077,0,2,'NYElvin St10003'
-74.1220,40.9388,0,3,'NJPollitt Dr10003|NJPollitt Dr10003+NJFair Lawn Ave+10003'
-74.1218,40.8042,0,1,'NJState Rte 1710002+NJPage Ave+10002|NJPage Ave10003+NJRidge Rd+10003'
-74.1216,40.5715,0,2,'NYAmboy Rd10003+NYDale Ave+10003|NYDale Ave10003'
-74.1216,40.6106,0,1,'NYReon Ave10003'
-74.1215,40.5648,0,1,'NY10th St10003'
-74.1215,40.9673,0,1,'NJClifton Pl10003|NJClifton Pl10003+NJMaple Ave+10003'
-74.1214,40.5782,0,1,'NYGeldner Ave10003+NYSydney Pl+10003|NYSydney Pl10003'
-74.1214,40.5730,0,1,'NY2nd St10003'
-74.1214,40.8905,0,2,'NJMartha Ave10003+NJGateway+10003|NJGateway10003'
-74.1213,40.5650,0,1,'NY10th St10003+NYPeter Ave+10003'
-74.1212,40.6342,0,1,'NYBarker St10003'
-74.1212,40.6088,4,5,'NYSchmidts Ln10003'
-74.1211,40.6299,0,2,'NYDelafield Ave10003+NYRoe St+10003|NYRoe St10003'
-74.1209,40.9509,0,1,'NJGraham Pl10003'
-74.1208,40.6162,0,2,'NYSturges St10003+NYBeechwood Pl+10003|NYBeechwood Pl10003'
-74.1208,40.6052,0,2,'NYNorwalk Ave10003'
-74.1208,40.6045,0,1,'NYHolden Blvd10003|NYHolden Blvd10003+NYTillman St+10003|NYTillman St10003'
-74.1208,40.5656,0,9,'NY10th St10003+NYPenn Ave+10003'
-74.1208,40.9413,0,1,'NJPlaza Rd10003+NJHoward Ave+10003|NJPlaza Rd N10003|NJPlaza Rd N10003+NJHoward Ave+10003|NJHoward Ave10003'
-74.1208,40.6223,0,1,'NYBrookside Ave10003+NYCollege Ave+10003|NYCollege Ave10003'
-74.1208,40.9628,0,1,'NJBuckingham Pl10003|NJBuckingham Pl10003+NJDevonshire Pl+10003'
-74.1207,40.6687,0,1,'NJW 26th St10003+NJKennedy Blvd+10003|NJW 26th St10003+NJState Rte 501+10003|NJW 26th St10003+NJJohn F Kennedy Blvd+10003'
-74.1207,40.5704,0,2,'NYAllison Ave10003|NYAllison Ave10003+NYS Railroad Ave+10003'
-74.1207,40.6038,1,0,'NYLincoln St10003'
-74.1206,40.5749,0,2,'NY1st St10003+NYRose Ave+10003'
-74.1206,40.6343,0,1,'NYElizabeth St10003'
-74.1206,40.6270,0,1,'NYClove Rd10003+NYAllen Ct+10003|NYAllen Ct10003'
-74.1206,40.6651,0,1,'NJW 23rd St10003+NJAve C+10003'
-74.1205,40.6108,0,1,'NYSommers Ln10003|NYSommers Ln10003+NYReon Ave+10003'
-74.1204,40.5635,0,1,'NYFlint St10003|NYFlint St10003+NYOak Ave+10003'
-74.1203,40.8297,0,1,'NJRiverside Ave10003+NJW Newell Ave+10003|NJW Newell Ave10003'
-74.1202,40.8237,0,2,'NJStuyvesant Ave10003|NJStuyvesant Ave10003+NJW Gouverneur Ave+10003'
-74.1202,40.6343,0,2,'NYAlaska St10003'
-74.1202,40.8139,0,3,'NJNew York Ave10003|NJNew York Ave10003+NJLafayette Pl+10003|NJNew York Ave10003+NJ1st Ave+10003|NJNew York Ave10003+NJNew York Ave+10003|NJLafayette Pl10003|NJLafayette Pl10003+NJ1st Ave+10003|NJLafayette Pl10003+NJNew York Ave+10003|NJ1st Ave10003|NJ1st Ave10003+NJNew York Ave+10003'
-74.1202,40.5799,0,1,'NYBeacon Ave10003+NYBoyle St+10003|NYBoyle St10003'
-74.1202,40.8212,0,2,'NJPark Ave10003+NJMarginal Rd+10003|NJPark Ave10003+NJPreble Pl+10003|NJMarginal Rd10003|NJMarginal Rd10003+NJPreble Pl+10003|NJPreble Pl10003'
-74.1201,40.8189,0,1,'NJLivingston Ave10003+NJManor Ct+10003|NJManor Ct10003'
-74.1201,40.6695,0,1,'NJW 27th St10003+NJKennedy Blvd+10003|NJW 27th St10003+NJState Rte 501+10003|NJW 27th St10003+NJJohn F Kennedy Blvd+10003'
-74.1201,40.6217,0,1,'NYMartling Ave10003+NYBrookside Ave+10003|NYBrookside Ave10003'
-74.1201,40.5604,0,1,'NYHylan Blvd10003+NYGuyon Ave+10003'
-74.1200,40.6064,0,6,'NYWestwood Ave10003+NYArea Pl+10003|NYArea Pl10003'
-74.1200,40.6541,0,1,'NJOak St10003+NJElm Ct+10003|NJElm Ct10003'
-74.1199,40.6052,0,3,'NYArea Pl10003|NYArea Pl10003+NYNorwalk Ave+10003'
-74.1199,40.5690,0,1,'NYPrinceton Ave10003+NY8th St+10003'
-74.1199,40.5745,0,1,'NY2nd St10003+NYRose Ave+10003'
-74.1199,40.5617,0,3,'NYIsabella Ave10003+NYPendale St+10003'
-74.1198,40.6032,0,5,'NYArea Pl10003|NYArea Pl10003+NYCroak Ave+10003'
-74.1198,40.5758,0,1,'NY1st St10003|NY1st St10003+NYNew Dorp Ln+10003|NY1st St10003+NYRichmond Rd+10003|NYNew Dorp Ln10003|NYNew Dorp Ln10003+NYRichmond Rd+10003'
-74.1198,40.6196,0,1,'NYFairview Ave10003'
-74.1197,40.8320,0,1,'NJRiverside Ave10003|NJRiverside Ave10003+NJJackson Village+10003|NJRiverside Ave10003+NJRiver Oaks Dr+10003|NJRiverside Ave10003+NJDonaldson Ave+10003|NJRiverside Ave10003+NJJackson Ave+10003|NJJackson Village10003|NJJackson Village10003+NJRiver Oaks Dr+10003|NJJackson Village10003+NJDonaldson Ave+10003|NJRiver Oaks Dr10003|NJRiver Oaks Dr10003+NJDonaldson Ave+10003|NJRiver Oaks Dr10003+NJJackson Ave+10003|NJDonaldson Ave10003|NJDonaldson Ave10003+NJJackson Ave+10003|NJJackson Ave10003'
-74.1197,40.6217,0,1,'NYMartling Ave10003+NYSlosson Ave+10003|NYSlosson Ave10003'
-74.1196,40.6149,0,2,'NYDongan Ave10003|NYDongan Ave10003+NYHodges Pl+10003|NYHodges Pl10003'
-74.1194,40.5600,0,1,'NYMedina St10003+NYGuyon Ave+10003'
-74.1193,40.5728,0,2,'NYRoss Ave10003+NY4th St+10003|NY4th St10003'
-74.1192,40.5709,0,1,'NY7th St10003|NY7th St10003+NYEnright St+10003|NY7th St10003+NYBeach Ave+10003|NYEnright St10003|NYEnright St10003+NYBeach Ave+10003'
-74.1192,40.6541,1,1,'NJOak St10003'
-74.1192,40.6667,0,1,'NJW 25th St10003+NJAve C+10003'
-74.1192,40.6258,0,2,'NYClove Rd10003+NYPurcell St+10003|NYPurcell St10003'
-74.1191,40.5637,0,1,'NYClawson St10003+NYPeter Ave+10003'
-74.1191,40.5613,0,13,'NYHylan Blvd10003+NYIsabella Ave+10003'
-74.1191,40.8255,0,2,'NJStuyvesant Ave10003+NJDean Ct+10003|NJDean Ct10003'
-74.1190,40.5675,0,1,'NY10th St10003+NYCannon Blvd+10003'
-74.1190,40.6287,0,1,'NYElizabeth St10003+NYForest Ave+10003'
-74.1190,40.9585,0,1,'NJHarristown Rd10003+NJRidge Rd+10003|NJRidge Rd10003'
-74.1189,40.6313,0,49,'NYCaroline St10003'
-74.1188,40.6593,0,1,'NJE 18th St10003|NJE 18th St10003+NJAvenue E+10003'
-74.1187,40.6110,0,3,'NYTodt Hill Rd10003|NYTodt Hill Rd10003+NYReon Ave+10003'
-74.1187,40.5539,0,1,'NYMerkel Pl10003'
-74.1187,40.5798,1,0,'NYGeldner Ave10003|NYGeldner Ave10003+NYAltamont St+10003'
-74.1186,40.4338,0,1,'NJBaldwin Ave10003|NJBaldwin Ave10003+NJThompson Ave+10003'
-74.1185,40.6714,0,1,'NJW 30th St10003+NJKennedy Blvd+10003|NJW 30th St10003+NJState Rte 501+10003|NJW 30th St10003+NJJohn F Kennedy Blvd+10003'
-74.1184,40.5609,0,1,'NYMedina St10003+NYIsabella Ave+10003'
-74.1184,40.6316,0,3,'NYSeneca St10003'
-74.1183,40.6091,0,2,'NYLaguardia Ave10003|NYLaguardia Ave10003+NYSchmidts Ln+10003'
-74.1183,40.6134,0,1,'NYFairview Ave10003|NYFairview Ave10003+NYVictory Blvd+10003'
-74.1182,40.6185,0,1,'NYUtter Ave10003|NYUtter Ave10003+NYSlosson Ave+10003'
-74.1182,40.5621,0,3,'NYHylan Blvd10003+NYOak Ave+10003'
-74.1182,40.6328,0,1,'NYGiacomo Ln10003|NYGiacomo Ln10003+NYWest St+10003'
-74.1181,40.6279,1,0,'NYLudwig St10003|NYLudwig St10003+NYElizabeth St+10003'
-74.1181,40.5578,0,3,'NYAdelaide Ave10003+NYLynn St+10003'
-74.1181,40.6059,0,8,'NYAndes Pl10003|NYAndes Pl10003+NYLaguardia Ave+10003'
-74.1181,40.5721,0,1,'NY7th St10003|NY7th St10003+NYEnright St+10003|NY7th St10003+NYRoss Ave+10003|NYEnright St10003|NYEnright St10003+NYRoss Ave+10003'
-74.1180,40.7551,1,2,'NJNew Jersey Tpke10001+NJI 280+10001|NJI 28010001+NJI 95+10001'
-74.1179,40.5591,0,1,'NYGuyon Ave10003+NYFalcon Ave+10003'
-74.1179,40.6100,0,1,'NYTodt Hill Rd10003|NYTodt Hill Rd10003+NYLortel Ave+10003|NYLortel Ave10003'
-74.1178,40.6019,0,1,'NYBogert Ave10003|NYBogert Ave10003+NYLaguardia Ave+10003|NYBogert Ave10003+NYOcean Ter+10003|NYLaguardia Ave10003|NYLaguardia Ave10003+NYOcean Ter+10003'
-74.1178,40.6276,0,1,'NYClove Lake Pl10003+NYElizabeth St+10003|NYElizabeth St10003'
-74.1178,40.5547,0,1,'NYMerkel Pl10003|NYMerkel Pl10003+NYDugdale St+10003'
-74.1178,40.7551,0,3,'NJNew Jersey Tpke10001+NJI 280+10001|NJI 9510001+NJI 280+10001|NJI 28010001'
-74.1177,40.6121,0,6,'NYHenning St10003|NYHenning St10003+NYWindsor Rd+10003'
-74.1177,40.8221,0,1,'NJPark Ave10003+NJE Gouverneur Ave+10003|NJPark Ave10003+NJW Gouverneur Ave+10003|NJE Gouverneur Ave10003|NJE Gouverneur Ave10003+NJW Gouverneur Ave+10003|NJW Gouverneur Ave10003'
-74.1176,40.6112,0,2,'NYHenning St10003|NYHenning St10003+NYReon Ave+10003|NYReon Ave10003'
-74.1175,40.6370,0,1,'NYHenderson Ave10003+NYBroadway+10003'
-74.1175,40.8364,0,1,'NJCooper Pl10003|NJCooper Pl10003+NJJackson Village+10003|NJCooper Pl10003+NJJackson Ave+10003'
-74.1175,40.6164,0,3,'NYLakeland Rd10003|NYLakeland Rd10003+NYSlosson Ave+10003'
-74.1174,40.6101,0,4,'NYTodt Hill Rd10003|NYTodt Hill Rd10003+NYLortel Ave+10003'
-74.1173,40.8933,0,1,'NJMill St10003+NJUS Rte 46+10003'
-74.1173,40.6272,0,1,'NYPurcell St10003+NYFreeman Pl+10003|NYFreeman Pl10003'
-74.1173,40.5657,0,3,'NYReno Ave10003+NYClawson St+10003'
-74.1172,40.5644,0,1,'NYThomas Pl10003|NYThomas Pl10003+NYTysens Ln+10003'
-74.1172,40.6156,0,2,'NYKnox Pl10003+NYSlosson Ave+10003'
-74.1172,40.7412,0,1,'NJPennsylvania Ave10003'
-74.1171,40.6082,0,4,'NYTodt Hill Rd10003+NYWaldo Pl+10003|NYWaldo Pl10003'
-74.1170,40.6338,0,1,'NYNoble Pl10003|NYNoble Pl10003+NYBroadway+10003'
-74.1170,40.8369,0,1,'NJJackson Village10003+NJClark Ave+10003|NJClark Ave10003|NJClark Ave10003+NJJackson Ave+10003'
-74.1170,40.6246,0,1,'NYClove Rd10003+NYMartling Ave+10003|NYMartling Ave10003'
-74.1170,40.5633,0,1,'NYHylan Blvd10003+NYPenn Ave+10003|NYPenn Ave10003'
-74.1169,40.8045,0,1,'NJMarin Ave10003+NJLewandowski St+10003|NJLewandowski St10003'
-74.1169,40.5612,0,1,'NYTarrytown Ave10003|NYTarrytown Ave10003+NYOak Ave+10003'
-74.1169,40.6733,1,1,'NJW 32nd St10003+NJKennedy Blvd+10003|NJW 32nd St10003+NJState Rte 501+10003|NJW 32nd St10003+NJJohn F Kennedy Blvd+10003'
-74.1168,40.6656,0,1,'NJE 25th St10003|NJE 25th St10003+NJBroadway+10003|NJE 25th St10003+NJW 25th St+10003|NJBroadway10003+NJW 25th St+10003|NJW 25th St10003'
-74.1168,40.6135,0,4,'NYVictory Blvd10003+NYSlosson Ave+10003'
-74.1168,40.8028,1,0,'NJBrisbane St10003|NJBrisbane St10003+NJOrient Way+10003'
-74.1168,40.6109,4,8,'NYStaten Island Pkwy10001+NYSlosson Ave+10001|NYI 27810001+NYSlosson Ave+10001'
-74.1167,40.9670,0,1,'NJMidwood Rd10003|NJMidwood Rd10003+NJGrove Ave+10003'
-74.1167,40.6632,0,1,'NJE 23rd St10003+NJGregg Ln+10003|NJGregg Ln10003'
-74.1167,40.8588,0,1,'NJParkway10003+NJHayward Pl+10003'
-74.1167,40.5997,0,1,'NYBrowning Ave10003|NYBrowning Ave10003+NYBlackhorse Ave+10003'
-74.1167,40.9503,0,2,'NJGibson Pl10003'
-74.1167,40.6101,0,7,'NYSlosson Ave10003|NYSlosson Ave10003+NYLortel Ave+10003|NYSlosson Ave10003+NYSlossen Ave+10003|NYSlosson Ave10003+NYSlosson Ave+10003|NYLortel Ave10003+NYSlossen Ave+10003|NYLortel Ave10003+NYSlosson Ave+10003|NYSlossen Ave10003|NYSlossen Ave10003+NYSlosson Ave+10003'
-74.1167,40.6317,0,6,'NYBroadway10003+NYSeneca St+10003'
-74.1165,40.6077,0,1,'NYTodt Hill Rd10003+NYPoland Pl+10003|NYPoland Pl10003'
-74.1164,40.8275,0,1,'NJMontross Ave10003+NJW Newell Ave+10003'
-74.1164,40.5639,0,1,'NYHylan Blvd10003+NYTysens Ln+10003'
-74.1164,40.8101,0,1,'NJFurman Pl10003|NJFurman Pl10003+NJMilton Ave+10003'
-74.1163,40.8378,0,1,'NJJackson Village10003+NJUnion Ave+10003|NJUnion Ave10003+NJJackson Ave+10003'
-74.1163,40.5771,0,1,'NYLocust Ave10003+NY3rd St+10003|NY3rd St10003'
-74.1163,40.6087,0,4,'NYSlosson Ave10003+NYLightner Ave+10003|NYLightner Ave10003'
-74.1163,40.6653,0,2,'NJE 25th St10003+NJChurch Ln+10003|NJChurch Ln10003'
-74.1162,40.9363,1,1,'NJRyder Rd10003+NJRutgers Ter+10003|NJRutgers Ter10003'
-74.1161,40.6287,0,2,'NYClove Lake Pl10003|NYClove Lake Pl10003+NYBroadway+10003'
-74.1161,40.6080,0,3,'NYSlosson Ave10003+NYMotley Ave+10003|NYMotley Ave10003'
-74.1160,40.8376,0,1,'NJRaymond Ave10003|NJRaymond Ave10003+NJUnion Ave+10003'
-74.1159,40.6628,0,1,'NJE 23rd St10003|NJE 23rd St10003+NJAvenue E+10003'
-74.1159,40.6033,0,1,'NYCroak Ave10003|NYCroak Ave10003+NYSussex Ave+10003'
-74.1159,40.8950,0,1,'NJRoosevelt Ave10003+NJCole St+10003'
-74.1158,40.9385,0,1,'NJSheridan Pl10003|NJSheridan Pl10003+NJSandford Rd+10003'
-74.1158,40.6416,0,5,'NYN Burgher Ave10003'
-74.1157,40.5578,0,1,'NYGuyon Ave10003+NYRiga St+10003'
-74.1157,40.5675,0,1,'NYClawson St10003+NYAllison Ave+10003'
-74.1157,40.6061,0,1,'NYValleyview Pl10003|NYValleyview Pl10003+NYTodt Hill Rd+10003|NYValleyview Pl10003+NYStaten Island Blvd+10003|NYValleyview Pl10003+NYAndes Pl+10003|NYTodt Hill Rd10003+NYStaten Island Blvd+10003|NYTodt Hill Rd10003+NYAndes Pl+10003|NYStaten Island Blvd10003|NYStaten Island Blvd10003+NYAndes Pl+10003|NYAndes Pl10003'
-74.1156,40.8038,0,1,'NJMarin Ave10003|NJMarin Ave10003+NJOrient Way+10003'
-74.1156,40.9395,0,1,'NJSanford Rd10003|NJSanford Rd10003+NJWarren Rd+10003'
-74.1155,40.5735,0,1,'NYNew Dorp Ln10003+NY8th St+10003|NY8th St10003'
-74.1155,40.6128,0,1,'NYWindsor Ct10003'
-74.1154,40.6239,0,1,'NYClove Rd10003+NYGlenwood Pl+10003|NYGlenwood Pl10003'
-74.1154,40.6123,0,2,'NYWindsor Rd10003+NYWindsor Ct+10003|NYWindsor Ct10003'
-74.1154,40.6392,0,2,'NYMarkham Rd10003|NYMarkham Rd10003+NYMarkham Ln+10003|NYMarkham Rd10003+NYN Burgher Ave+10003|NYMarkham Ln10003|NYMarkham Ln10003+NYN Burgher Ave+10003'
-74.1153,40.6151,0,2,'NYSanford Pl10003+NYBrenton Pl+10003|NYBrenton Pl10003'
-74.1153,40.7600,5,5,'NJBelleville Tpke10002+NJNew Jersey Tpke+10002|NJBelleville Tpke10002+NJI 95+10002|NJNew Jersey Tpke10001+NJState Rte 7+10001|NJI 9510001+NJState Rte 7+10001'
-74.1152,40.9630,0,1,'NJMidwood Rd10003'
-74.1152,40.9699,0,1,'NJPark Ave10003'
-74.1152,40.6755,0,1,'NJKennedy Blvd10002+NJW 34th St+10002|NJW 34th St10003+NJState Rte 501+10003|NJW 34th St10003+NJJohn F Kennedy Blvd+10003'
-74.1150,40.6081,0,4,'NYAthena Pl10003|NYAthena Pl10003+NYMotley Ave+10003'
-74.1150,40.8386,0,2,'NJRaymond Ave10003+NJWashington Ave+10003'
-74.1149,40.5653,0,1,'NYHylan Blvd10003+NYCannon Blvd+10003|NYCannon Blvd10003'
-74.1148,40.5792,3,4,'NYRichmond Rd10003+NYBancroft Ave+10003|NYBancroft Ave10003'
-74.1146,40.5769,0,1,'NYKruser St10003+NYOtis Ave+10003'
-74.1146,40.5687,0,2,'NYBeach Ave10003+NYClawson St+10003'
-74.1146,40.6108,0,1,'NYMelhorn Rd10003'
-74.1146,40.5782,0,2,'NYAllison Pl10003|NYAllison Pl10003+NYBryant Ave+10003'
-74.1146,40.6722,0,1,'NJW 32nd St10003+NJAve C+10003'
-74.1144,40.6166,0,1,'NYLakeland Rd10003|NYLakeland Rd10003+NYRoyal Oak Rd+10003'
-74.1144,40.9420,0,1,'NJAlden Ter10003|NJAlden Ter10003+NJHigh St+10003'
-74.1144,40.6320,0,1,'NYSeneca St10003'
-74.1143,40.5659,0,2,'NYHylan Blvd10003+NYPrinceton Ave+10003|NYPrinceton Ave10003'
-74.1143,40.5627,0,2,'NYFalcon Ave10003|NYFalcon Ave10003+NYTysens Ln+10003'
-74.1143,40.8146,1,0,'NJState Rte 1710002+NJ5th Ave+10002|NJ5th Ave10003+NJRidge Rd+10003'
-74.1142,40.5522,0,1,'NYFoxbeach Ave10003+NYMill Ln+10003|NYMill Ln10003'
-74.1142,40.9632,0,1,'NJForest Rd10003'
-74.1141,40.5693,0,1,'NYClawson St10003+NYSterling Ave+10003'
-74.1141,40.6246,0,1,'NYBroadway10003+NYGlenwood Pl+10003|NYGlenwood Pl10003'
-74.1140,40.5728,0,1,'NY10th St10003|NY10th St10003+NYNew Dorp Ln+10003'
-74.1138,40.6270,0,7,'NYHarvest Ave10003+NYLloyd Ct+10003|NYLloyd Ct10003'
-74.1138,40.5665,0,1,'NYHylan Blvd10003+NYEbbitts St+10003|NYHylan Blvd10003+NYAllison Ave+10003|NYEbbitts St10003|NYEbbitts St10003+NYAllison Ave+10003|NYAllison Ave10003'
-74.1136,40.5764,0,1,'NYN Railroad Ave10003+NYOtis Ave+10003|NYOtis Ave10003'
-74.1135,40.5699,0,1,'NYClawson St10003+NYRoss Ave+10003'
-74.1135,40.6412,0,1,'NYBement Ave10003+NYHoward Ct+10003|NYHoward Ct10003'
-74.1135,40.9470,0,1,'NJSplit Rock Rd10003|NJSplit Rock Rd10003+NJHeywood Ave+10003'
-74.1134,40.6103,0,1,'NYLortel Ave10003'
-74.1134,40.6006,0,5,'NYMerrick Ave10003'
-74.1134,40.8431,0,1,'NJHerrick St10003'
-74.1134,40.6405,0,2,'NYBement Ave10003+NYHarrison Pl+10003|NYHarrison Pl10003'
-74.1134,40.8232,0,1,'NJPierrepont Ave10003+NJDaniel Ave+10003|NJDaniel Ave10003'
-74.1134,40.6293,0,1,'NYN Burgher Ave10003+NYForest Ave+10003'
-74.1133,40.9635,0,1,'NJRock Rd10003+NJMarlboro Rd+10003|NJMarlboro Rd10003'
-74.1133,40.6230,0,1,'NYClove Rd10003+NYBroadway+10003|NYClove Rd10003+NYTyler Ave+10003|NYBroadway10003|NYBroadway10003+NYTyler Ave+10003|NYTyler Ave10003'
-74.1132,40.6348,0,1,'NYElm St10003'
-74.1132,40.7325,0,1,'NJGypsum St10003|NJGypsum St10003+NJJacobus Ave+10003'
-74.1130,40.6328,0,1,'NYSheffield St10003'
-74.1130,40.8328,0,2,'NJProspect Pl10003|NJProspect Pl10003+NJFairview Ave+10003'
-74.1130,40.5581,0,1,'NYPelican Cir10003|NYPelican Cir10003+NYPelican Cir+10003'
-74.1128,40.8166,0,1,'NJMarginal Rd10003|NJMarginal Rd10003+NJRidge Rd+10003'
-74.1128,40.6743,0,1,'NJW 34th St10003+NJAve C+10003'
-74.1126,40.5676,0,1,'NYBeach Ave10003|NYBeach Ave10003+NYHylan Blvd+10003'
-74.1126,40.6097,0,1,'NYSchmidts Ln10003'
-74.1126,40.6262,1,0,'NYColonial Ct10003|NYColonial Ct10003+NYBurgher Ave N+10003'
-74.1126,40.6785,0,1,'NJAve B10003+NJW 39th St+10003'
-74.1125,40.5828,0,1,'NYFlagg Pl10003'
-74.1125,40.6303,0,1,'NYSheffield St10003|NYSheffield St10003+NYMyrtle Ave+10003'
-74.1124,40.6413,0,1,'NYHoward Ct10003+NYElizabeth Ave+10003|NYElizabeth Ave10003'
-74.1123,40.7356,0,1,'NJ2nd St10003|NJ2nd St10003+NJJacobus Ave+10003'
-74.1121,40.9434,0,1,'NJSplit Rock Rd10003'
-74.1121,40.8354,0,1,'NJCarmita Ave10003+NJUnion Ave+10003'
-74.1120,40.6043,0,1,'NYTiber Pl10003|NYTiber Pl10003+NYDresden Pl+10003|NYTiber Pl10003+NYde Noble Ln+10003|NYTiber Pl10003+NYDenoble Ln+10003|NYDresden Pl10003|NYDresden Pl10003+NYde Noble Ln+10003|NYDresden Pl10003+NYDenoble Ln+10003|NYde Noble Ln10003|NYDenoble Ln10003'
-74.1120,40.5742,0,1,'NYBurbank Ave10003+NYEdison St+10003'
-74.1119,40.5776,0,1,'NYN Railroad Ave10003+NYBancroft Ave+10003'
-74.1119,40.6432,0,1,'NYPelton Ave10003+NYPelton Pl+10003|NYPelton Pl10003'
-74.1118,40.6406,0,1,'NYHarrison Pl10003'
-74.1118,40.6755,0,1,'NJW 36th St10003+NJAve C+10003'
-74.1117,40.6376,0,1,'NYOakland Ave10003|NYOakland Ave10003+NYHenderson Ave+10003'
-74.1117,40.6396,0,1,'NYBement Cmns10003|NYBement Cmns10003+NYBement Ct+10003|NYBement Ct10003|NYBement Ct10003+NYBement Ct+10003'
-74.1116,40.6011,0,1,'NYMerrick Ave10003+NYElmhurst Ave+10003|NYElmhurst Ave10003'
-74.1115,40.6216,0,1,'NYClove Rd10003+NYClove Way+10003|NYClove Way10003'
-74.1115,40.8066,0,1,'NJVan Buren St10003+NJPennsylvania Ave+10003'
-74.1115,40.5625,0,2,'NYIsernia Ave10003|NYIsernia Ave10003+NYMill Rd+10003'
-74.1115,40.5688,0,1,'NYHylan Blvd10003+NYRoss Ave+10003|NYRoss Ave10003'
-74.1115,40.8383,0,3,'NJSaint Clair Ave10003+NJMyrtle St+10003|NJMyrtle St10003'
-74.1115,40.6434,0,1,'NYDelafield Pl10003'
-74.1114,40.5995,0,2,'NYButtonwood Rd10003|NYButtonwood Rd10003+NYHunt Ln+10003|NYHunt Ln10003'
-74.1114,40.6304,1,1,'NYBement Ave10003+NYMyrtle Ave+10003|NYMyrtle Ave10003'
-74.1113,40.5818,0,2,'NYRichmond Rd10003+NYColfax Ave+10003|NYColfax Ave10003'
-74.1113,40.9697,0,2,'NJArden Ct10003'
-74.1112,40.6124,0,2,'NYLittle Clove Rd10003+NYAlbert St+10003|NYAlbert St10003'
-74.1112,40.6293,0,1,'NYGreen St10003|NYGreen St10003+NYBement Ave+10003'
-74.1111,40.5721,0,1,'NYClawson St10003+NYJacques Ave+10003'
-74.1111,40.8189,0,2,'NJWoodland Ave10003+NJRidge Rd+10003'
-74.1111,40.8207,0,1,'NJWilson Ave10003'
-74.1111,40.8219,0,1,'NJPierrepont Ave10003|NJPierrepont Ave10003+NJLincoln Ave+10003|NJPierrepont Ave10003+NJEpierrepont Ave+10003|NJPierrepont Ave10003+NJPierrepont Ave+10003|NJLincoln Ave10003+NJEpierrepont Ave+10003|NJLincoln Ave10003+NJPierrepont Ave+10003|NJEpierrepont Ave10003|NJEpierrepont Ave10003+NJPierrepont Ave+10003'
-74.1111,40.8450,0,1,'NJCliffwood Ter10003|NJCliffwood Ter10003+NJFranklin Pl+10003'
-74.1110,40.7406,0,1,'NJPennsylvania Ave10003|NJPennsylvania Ave10003+NJJacobus Ave+10003|NJJacobus Ave10003'
-74.1109,40.6212,0,1,'NYClove Rd10003+NYClove Way+10003|NYClove Way10003'
-74.1109,40.6272,0,1,'NYBement Ave10003+NYHarvest Ave+10003|NYHarvest Ave10003'
-74.1109,40.7842,4,5,'NJDisposal Rd10003'
-74.1109,40.8270,0,1,'NJMortimer Ave10003+NJDonaldson Ave+10003'
-74.1109,40.6334,0,6,'NYOakland Ave10003+NYCary Ave+10003|NYCary Ave10003'
-74.1109,40.5833,0,1,'NYIronmine Dr10003'
-74.1109,40.5990,0,1,'NYButtonwood Rd10003+NYBenedict Rd+10003|NYBenedict Rd10003'
-74.1109,40.6266,0,1,'NYBement Ave10003+NYBosworth St+10003|NYBosworth St10003'
-74.1108,40.6259,0,1,'NYBlaine Ct10003|NYBlaine Ct10003+NYBement Ave+10003'
-74.1107,40.8379,0,3,'NJWalnut St10003|NJWalnut St10003+NJSaint Clair Ave+10003|NJSaint Clair Ave10003'
-74.1107,40.6253,0,1,'NYBement Ave10003+NYHowe St+10003|NYHowe St10003'
-74.1107,40.8426,0,1,'NJWhite Ter10003'
-74.1107,40.6438,0,4,'NYDavis Ave10003+NYDelafield Pl+10003|NYDelafield Pl10003'
-74.1106,40.5933,0,1,'NYFour Corners Rd10003'
-74.1106,40.6651,1,2,'NJAve F10003|NJAve F10003+NJE 27th St+10003|NJE 27th St10003'
-74.1106,40.5726,0,16,'NYClawson St10003+NYBache Ave+10003'
-74.1106,40.6435,0,4,'NYDelafield Pl10003|NYDelafield Pl10003+NYDavis Ave+10003'
-74.1106,40.6238,0,2,'NYBement Ave10003+NYTyler Ave+10003|NYBement Ave10003+NYWhitewood Ave+10003|NYTyler Ave10003|NYTyler Ave10003+NYWhitewood Ave+10003|NYWhitewood Ave10003'
-74.1105,40.5786,0,1,'NYN Railroad Ave10003+NYGreeley Ave+10003|NYGreeley Ave10003'
-74.1105,40.8428,1,0,'NJHillside Ter10003|NJHillside Ter10003+NJHerrick St+10003'
-74.1104,40.9309,0,1,'NJUrban Pl10003'
-74.1103,40.5699,0,1,'NYHylan Blvd10003+NYCoddington Ave+10003|NYCoddington Ave10003'
-74.1103,40.5759,0,2,'NYBryant Ave10003+NYEdison St+10003'
-74.1103,40.5603,0,4,'NYWeed Ave10003|NYWeed Ave10003+NYTysens Ln+10003'
-74.1103,40.8384,0,1,'NJWalnut St10003+NJMorse Ave+10003|NJMorse Ave10003'
-74.1102,40.6773,0,1,'NJW 39th St10003+NJAve C+10003'
-74.1101,40.5643,0,1,'NYEbbitts St10003+NYMill Rd+10003'
-74.1101,40.6280,0,4,'NYJones Pl10003'
-74.1101,40.8059,0,1,'NJPennsylvania Ave10003|NJPennsylvania Ave10003+NJMadison St+10003'
-74.1100,40.6207,0,1,'NYClove Rd10003+NYBement Ave+10003|NYClove Rd10003+NYBard Ave+10003|NYBement Ave10003|NYBement Ave10003+NYBard Ave+10003|NYBard Ave10003'
-74.1100,40.6256,0,1,'NYMathews Ave10003+NYHartford Ave+10003|NYHartford Ave10003'
-74.1099,40.6874,0,1,'NJW 51st St10003'
-74.1099,40.6699,0,1,'NJE 32nd St10003+NJAvenue E+10003'
-74.1099,40.8341,0,2,'NJUnion Ave10003+NJMontross Ave+10003'
-74.1098,40.5705,1,2,'NYHylan Blvd10003+NYNew Dorp Ln+10003'
-74.1098,40.6347,0,2,'NYRegan Ave10003'
-74.1097,40.5877,1,1,'NYCopperleaf Ter10003|NYCopperleaf Ter10003+NYCoventry Rd+10003'
-74.1096,40.5764,0,1,'NYBancroft Ave10003+NYEdison St+10003'
-74.1096,40.6137,0,1,'NYWalters Ave10003|NYWalters Ave10003+NYMarx St+10003'
-74.1095,40.8210,0,1,'NJEpierrepont Ave10003|NJEpierrepont Ave10003+NJPierrepont Ave+10003|NJEpierrepont Ave10003+NJRidge Rd+10003|NJPierrepont Ave10003|NJPierrepont Ave10003+NJRidge Rd+10003'
-74.1095,40.8449,0,1,'NJRosewood Ter10003'
-74.1095,40.6704,0,2,'NJWillow St10003|NJWillow St10003+NJAvenue E+10003'
-74.1094,40.6374,0,1,'NYAlban St10003|NYAlban St10003+NYDavis Ave+10003'
-74.1094,40.6265,0,6,'NYOakland Ave10003+NYNutly Pl+10003|NYNutly Pl10003'
-74.1094,40.5639,0,1,'NYTitus Ave10003+NYEbbitts St+10003'
-74.1093,40.6009,0,2,'NYWhitwell Pl10003|NYWhitwell Pl10003+NYHighpoint Rd+10003|NYWhitwell Pl10003+NYWoodhaven Ave+10003|NYHighpoint Rd10003|NYHighpoint Rd10003+NYWoodhaven Ave+10003'
-74.1093,40.6324,1,0,'NYDekay St10003|NYDekay St10003+NYRegan Ave+10003'
-74.1092,40.5710,0,2,'NYHylan Blvd10003+NYJacques Ave+10003'
-74.1092,40.5924,0,1,'NYFour Corners Rd10003+NYCollege Pl+10003|NYCollege Pl10003|NYCollege Pl10003+NYHilltop Ter+10003|NYHilltop Ter10003'
-74.1091,40.8137,0,1,'NJRutherford Ave10003+NJOrient Way+10003|NJState Rte 1710003+NJOrient Way+10003'
-74.1091,40.6301,0,1,'NYPelton Ave10003|NYPelton Ave10003+NYForest Ave+10003'
-74.1090,40.6203,0,1,'NYClove Rd10003+NYGreenway Dr+10003|NYGreenway Dr10003'
-74.1089,40.5619,0,2,'NYWeed Ave10003+NYDiaz Pl+10003|NYDiaz Pl10003'
-74.1089,40.7543,2,0,'NJNew Jersey Tpke10001+NJBelleville Tpke+10001|NJNew Jersey Tpke10001+NJState Rte 7+10001|NJBelleville Tpke10002+NJI 95+10002|NJI 9510001+NJState Rte 7+10001'
-74.1089,40.6301,0,1,'NYForest Ave10003+NYRegan Ave+10003|NYRegan Ave10003'
-74.1088,40.8142,1,0,'NJState Rte 310002|NJState Rte 310002+NJOrient Way+10002'
-74.1088,40.8304,0,1,'NJFairview Ave10003+NJIrving Pl+10003'
-74.1087,40.5933,0,1,'NYSaint James Pl10003|NYSaint James Pl10003+NYCollege Pl+10003|NYCollege Pl10003'
-74.1087,40.8145,0,1,'NJBarrows Ave10003+NJOrient Way+10003'
-74.1086,40.6053,1,0,'NYLouise Ln10003'
-74.1086,40.6220,0,1,'NYStarr Ave10003|NYStarr Ave10003+NYOakland Ave+10003'
-74.1085,40.6325,0,1,'NYDekay St10003+NYDavis Ave+10003'
-74.1085,40.6040,0,1,'NYOcean Ter10003+NYLouise Ln+10003|NYLouise Ln10003'
-74.1084,40.8333,0,1,'NJUnion Ave10003+NJHackett Pl+10003'
-74.1084,40.5775,0,1,'NYEdison St10003+NYGreeley Ave+10003'
-74.1083,40.8151,0,3,'NJVan Riper Ave10003+NJOrient Way+10003'
-74.1083,40.6431,0,1,'NYAmelia Ct10003|NYAmelia Ct10003+NYBard Ave+10003'
-74.1083,40.6041,0,1,'NYOcean Ter10003+NYOcean Ct+10003|NYOcean Ct10003'
-74.1082,40.6797,0,2,'NJW 43rd St10003+NJAve C+10003'
-74.1082,40.6370,0,1,'NYN St Austins Pl10003+NYSt Austins Pl+10003|NYSt Austins Pl10003'
-74.1081,40.5705,0,2,'NYJacques Ave10003'
-74.1081,40.5721,0,3,'NYHylan Blvd10003+NYBurbank Ave+10003|NYBurbank Ave10003'
-74.1081,40.5669,0,1,'NYDartmouth Loop10003'
-74.1081,40.8394,0,1,'NJCarmita Ave10003|NJCarmita Ave10003+NJErie Ave+10003'
-74.1080,40.5800,0,17,'NYColfax Ave10003|NYColfax Ave10003+NYS Railroad Ave+10003'
-74.1080,40.8455,0,1,'NJOrchid Dr10003|NJOrchid Dr10003+NJMount Pleasant Ave+10003'
-74.1080,40.8848,0,1,'NJWood St10003|NJWood St10003+NJHartmann Ave+10003'
-74.1080,40.5642,0,1,'NYClayboard St10003|NYClayboard St10003+NYCuba Ave+10003'
-74.1079,40.5837,0,1,'NYRichmond Rd10003+NYHunter Ave+10003|NYHunter Ave10003'
-74.1079,40.6762,0,1,'NJE 39th St10003|NJE 39th St10003+NJW 39th St+10003|NJE 39th St10003+NJBroadway+10003|NJW 39th St10003|NJW 39th St10003+NJBroadway+10003'
-74.1079,40.6691,0,1,'NJE 32nd St10003|NJE 32nd St10003+NJLefante Dr+10003|NJE 32nd St10003+NJState Rte 169+10003|NJE 32nd St10003+NJState Rte 440+10003|NJLefante Dr10003|NJLefante Dr10003+NJState Rte 169+10003|NJLefante Dr10003+NJState Rte 440+10003'
-74.1079,40.5755,0,1,'NYClawson St10003+NYBancroft Ave+10003'
-74.1078,40.8215,0,1,'NJWinslow Pl10003|NJWinslow Pl10003+NJSylvan St+10003'
-74.1078,40.6224,0,1,'NYPelton Ave10003+NYBerwick Pl+10003|NYBerwick Pl10003'
-74.1077,40.5780,0,1,'NYFremont Ave10003+NYEdison St+10003'
-74.1077,40.6920,0,1,'NJNew Jersey Tpke Exd10001+NJW 59th St+10001|NJW 59th St10002'
-74.1077,40.5572,1,0,'NYRoma Ave10003'
-74.1077,40.6197,0,1,'NYClove Rd10003+NYFairway Ln+10003|NYFairway Ln10003'
-74.1077,40.6402,1,0,'NYStebbins Ave10003|NYStebbins Ave10003+NYBard Ave+10003'
-74.1076,40.6208,0,6,'NYFairway Ln10003|NYFairway Ln10003+NYGreenway Dr+10003'
-74.1076,40.6112,0,1,'NYOtsego Ave10003'
-74.1076,40.6726,0,1,'NJAvenue E10003+NJE 35th St+10003|NJE 35th St10003'
-74.1074,40.5998,0,1,'NYCallan Ave10003|NYCallan Ave10003+NYWestminster Ct+10003'
-74.1074,40.6200,0,1,'NYPutters Ct10003'
-74.1073,40.8167,0,1,'NJWoodland Ave10003|NJWoodland Ave10003+NJOrient Way+10003'
-74.1073,40.6385,0,1,'NYHenderson Ave10003+NYBard Ave+10003'
-74.1073,40.7101,0,1,'NJTottenham Ct10003|NJTottenham Ct10003+NJLee Ct+10003|NJLee Ct10003'
-74.1073,40.5760,0,2,'NYClawson St10003+NYPrescott Ave+10003'
-74.1072,40.6707,0,1,'NJProspect Ave10003+NJState Rte 169+10003|NJProspect Ave10003+NJState Rte 440+10003'
-74.1072,40.8170,0,1,'NJNevins St10003|NJNevins St10003+NJOrient Way+10003'
-74.1072,40.6242,0,1,'NYWhitewood Ave10003|NYWhitewood Ave10003+NYDavis Ave+10003'
-74.1072,40.5638,0,3,'NYClayboard St10003+NYWeed Ave+10003'
-74.1072,40.5651,0,1,'NYIna St10003|NYIna St10003+NYCuba Ave+10003'
-74.1071,40.5785,0,5,'NYLincoln Ave10003+NYEdison St+10003'
-74.1071,40.6732,0,1,'NJAvenue E10003+NJE 36th St+10003|NJE 36th St10003'
-74.1070,40.8243,0,1,'NJHighland Cross10003+NJRidge Rd+10003'
-74.1070,40.5991,0,1,'NYCircle Rd10003|NYCircle Rd10003+NYWestminster Ct+10003|NYCircle Rd10003+NYWillow Pond Rd+10003|NYRedmond Ave10003|NYRedmond Ave10003+NYWestminster Ct+10003|NYRedmond Ave10003+NYWillow Pond Rd+10003|NYWestminster Ct10003|NYWestminster Ct10003+NYWillow Pond Rd+10003|NYWillow Pond Rd10003'
-74.1070,40.5732,0,1,'NYOtis Ave10003+NYHylan Blvd+10003'
-74.1069,40.6305,0,1,'NYN Mada Ave10003'
-74.1069,40.6297,0,1,'NYBaker Pl10003'
-74.1069,40.6131,0,1,'NYRenwick Ave10003|NYRenwick Ave10003+NYNorthern Blvd+10003'
-74.1067,40.6357,0,7,'NYS St Austins Pl10003|NYS St Austins Pl10003+NYBard Ave+10003'
-74.1067,40.9500,0,2,'NJProspect Ave10003+NJJasper Rd+10003|NJJasper Rd10003'
-74.1067,40.5946,0,10,'NYSaint James Pl10003+NYBenedict Rd+10003'
-74.1065,40.6396,0,1,'NYWalnut St10003+NYDonald Pl+10003|NYDonald Pl10003'
-74.1065,40.5634,0,1,'NYClayboard St10003|NYClayboard St10003+NYWinham Ave+10003'
-74.1064,40.5792,0,5,'NYColfax Ave10003+NYEdison St+10003'
-74.1064,40.5738,0,1,'NYHylan Blvd10003+NYBryant Ave+10003'
-74.1063,40.5965,0,1,'NYSaint James Pl10003'
-74.1063,40.5934,0,2,'NYSt George Dr10003'
-74.1062,40.6137,1,0,'NYNorthern Blvd10003+NYLabau Ave+10003'
-74.1062,40.8845,0,1,'NJAlaska St10003|NJAlaska St10003+NJUnion Ave+10003'
-74.1062,40.6328,0,16,'NYDekay St10003|NYDekay St10003+NYBard Ave+10003'
-74.1061,40.6230,0,1,'NYParkview Pl10003|NYParkview Pl10003+NYLawrence Ave+10003'
-74.1060,40.8075,0,3,'NJWall St W10003|NJWall St W10003+NJPolito Ave+10003'
-74.1059,40.6117,0,1,'NYRenwick Ave10003+NYOswego St+10003|NYOswego St10003'
-74.1059,40.5762,1,1,'NYGrant Pl10003|NYGrant Pl10003+NYGreeley Ave+10003'
-74.1059,40.6304,0,1,'NYBard Ave10003|NYBard Ave10003+NYBard Ave+10003'
-74.1058,40.6728,0,1,'NJDayton Ave10003'
-74.1058,40.6892,0,1,'NJKennedy Blvd10002+NJSt Marcelliin Champagnat Way+10002|NJState Rte 50110002+NJSt Marcelliin Champagnat Way+10002|NJJohn F Kennedy Blvd10002+NJSt Marcelliin Champagnat Way+10002|NJSt Marcelliin Champagnat Way10003'
-74.1058,40.6037,0,2,'NYOcean Ter10003+NYButterworth Ave+10003|NYButterworth Ave10003'
-74.1058,40.6299,0,1,'NYBaker Pl10003|NYBaker Pl10003+NYBard Ave+10003'
-74.1057,40.6142,0,1,'NYNorthern Blvd10003'
-74.1057,40.7087,0,1,'NJWillow St10003|NJWillow St10003+NJDroyers Pointe Blvd+10003|NJDroyers Pointe Blvd10003'
-74.1057,40.6966,0,1,'NJW 63rd St10003'
-74.1056,40.5655,0,1,'NYCeltic Pl10003+NYWeed Ave+10003'
-74.1056,40.6292,0,2,'NYMorrison Ave10003'
-74.1055,40.5931,0,1,'NYUtopia Ct10003|NYUtopia Ct10003+NYSt George Dr+10003'
-74.1055,40.6347,0,2,'NYHoyt Ave10003'
-74.1055,40.6868,0,1,'NJAve B10003+NJW 53rd St+10003'
-74.1054,40.6098,0,1,'NYRenwick Ave10003'
-74.1054,40.8593,0,1,'NJMain Ave10003+NJMidland Ave+10003|NJMidland Ave10003'
-74.1054,40.6389,0,1,'NYHenderson Ave10003+NYKissel Ave+10003|NYKissel Ave10003'
-74.1054,40.7111,0,1,'NJRobinson Dr10003+NJTellicherry Ct+10003|NJTellicherry Ct10003'
-74.1054,40.6792,0,1,'NJW 44th St10003|NJW 44th St10003+NJE 44th St+10003|NJW 44th St10003+NJBroadway+10003|NJE 44th St10003|NJE 44th St10003+NJBroadway+10003'
-74.1053,40.5905,0,1,'NYFour Corners Rd10003+NYRomer Rd+10003'
-74.1053,40.5749,0,1,'NYHylan Blvd10003+NYPrescott Ave+10003|NYPrescott Ave10003'
-74.1053,40.8204,0,1,'NJWinslow Pl10003|NJWinslow Pl10003+NJOrient Way+10003'
-74.1052,40.9160,0,1,'NJHayes Dr10003+NJBelli Ter+10003|NJBelli Ter10003'
-74.1052,40.6833,0,1,'NJW 49th St10003+NJAve C+10003'
-74.1051,40.7118,0,1,'NJLyon Ct10003+NJRuby Ct+10003|NJRuby Ct10003'
-74.1051,40.6272,0,2,'NYCrosshill St10003'
-74.1051,40.6756,0,1,'NJE 40th St10003+NJAvenue E+10003'
-74.1050,40.4411,1,1,'NJPort Monmouth Rd10003'
-74.1050,40.7271,0,1,'NJHackensack Ave10003+NJJohn F Cali Way+10003|NJJohn F Cali Way10003'
-74.1050,40.6180,0,2,'NYClove Rd10003+NYFox Hunt Ct+10003|NYFox Hunt Ct10003'
-74.1049,40.7065,0,1,'NJCottonwood St10003+NJDogwood St+10003|NJDogwood St10003'
-74.1049,40.6265,0,1,'NYBirch Ave10003'
-74.1048,40.5966,0,1,'NYColdsprings Ct10003|NYColdsprings Ct10003+NYColdspring Ct+10003|NYColdspring Ct10003'
-74.1047,40.5828,0,1,'NYN Railroad Ave10003+NYBarton Ave+10003|NYBarton Ave10003'
-74.1047,40.8213,1,0,'NJOrient Way10003+NJSummit Cross+10003'
-74.1047,40.6300,0,1,'NYDana St10003|NYDana St10003+NYCity Blvd+10003'
-74.1046,40.6176,0,1,'NYClove Rd10003+NYBeverly Ave+10003|NYBeverly Ave10003'
-74.1045,40.5865,0,1,'NYRichmond Rd10003+NYStobe Ave+10003|NYStobe Ave10003'
-74.1045,40.6293,0,1,'NYCity Blvd10003+NYWelles Ct+10003|NYWelles Ct10003'
-74.1045,40.5757,0,2,'NYHylan Blvd10003+NYGreeley Ave+10003'
-74.1045,40.6372,0,1,'NYSpringhill Ave10003|NYSpringhill Ave10003+NYKissel Ave+10003|NYKissel Ave10003'
-74.1045,40.6880,0,1,'NJW 55th St10003+NJAve B+10003'
-74.1045,40.8176,0,1,'NJEvans Ave10003+NJEastern Way+10003|NJEvans St10003+NJEastern Way+10003|NJEastern Way10003'
-74.1044,40.6245,0,1,'NYWhitewood Ave10003|NYWhitewood Ave10003+NYWhitewood Ave+10003|NYWhitewood Ave10003+NYSunset Hill Dr+10003|NYWhitewood Ave10003+NYBard Ave+10003|NYSunset Hill Dr10003'
-74.1043,40.5818,0,2,'NYHunter Ave10003+NYBowden St+10003|NYBowden St10003'
-74.1043,40.6123,0,1,'NYLogan Ave10003+NYOswego St+10003'
-74.1043,40.6237,0,1,'NYHerkimer St10003'
-74.1042,40.9246,1,0,'NJ32nd St10003|NJ32nd St10003+NJBroadway+10003|NJ32nd St10003+NJState Rte 4+10003'
-74.1041,40.6845,1,0,'NJW 51st St10003+NJAve C+10003'
-74.1041,40.5612,1,0,'NYEbbitts St10003+NYRoma Ave+10003'
-74.1041,40.8265,0,1,'NJSylvan St10003+NJThe Terrace+10003'
-74.1040,40.9509,1,2,'NJMeadow View Ter10003'
-74.1040,40.6323,0,2,'NYDelafield Ave10003|NYDelafield Ave10003+NYKissel Ave+10003'
-74.1040,40.8296,0,1,'NJAmes Ave10003+NJChestnut St+10003'
-74.1040,40.7499,3,1,'NJCrosspike Dr10003|NJCrosspike Dr10003+NJBelleville Tpke+10003|NJCrosspike Dr10003+NJState Rte 7+10003'
-74.1040,40.6185,0,1,'NYFox Hunt Ct10003'
-74.1039,40.6392,0,3,'NYHenderson Ave10003+NYWestbury Ave+10003|NYWestbury Ave10003'
-74.1039,40.9691,0,1,'NJLaurel Rd10003+NJStevens Ave+10003|NJStevens Ave10003'
-74.1038,40.6810,0,1,'NJE 47th St10003|NJE 47th St10003+NJW 47th St+10003|NJE 47th St10003+NJBroadway+10003|NJW 47th St10003|NJW 47th St10003+NJBroadway+10003'
-74.1038,40.6252,0,3,'NYCity Blvd10003+NYShawnee St+10003'
-74.1038,40.8345,1,0,'NJW Erie Ave10003+NJGrove St+10003|NJGrove St10003'
-74.1037,40.7295,1,0,'NJHackensack Ave10003+NJGypsum St+10003|NJGypsum St10003'
-74.1037,40.5984,1,1,'NYSalzburg Ct10003'
-74.1037,40.6308,0,1,'NYKissel Ave10003|NYKissel Ave10003+NYMetropolitan Ave+10003|NYMetropolitan Ave10003'
-74.1036,40.6851,0,1,'NJAve C10003+NJW 52nd St+10003'
-74.1036,40.7053,0,1,'NJHolly St10003|NJHolly St10003+NJWalnut St+10003|NJWalnut St10003'
-74.1036,40.6193,0,1,'NYCheshire Pl10003+NYMelrose Ave+10003|NYMelrose Ave10003'
-74.1035,40.6347,0,1,'NYWalbrooke Ave10003'
-74.1035,40.9400,0,1,'NJJerome Pl10003+NJTierney Pl+10003|NJTierney Pl10003'
-74.1035,40.6238,0,2,'NYCity Blvd10003+NYHerkimer St+10003'
-74.1035,40.6164,1,1,'NYClove Rd10003+NYVictory Blvd+10003'
-74.1034,40.6141,0,2,'NYSchoharie St10003+NYSeneca Ave+10003'
-74.1034,40.8337,0,1,'NJW Erie Ave10003+NJMaple St+10003|NJMaple St10003'
-74.1033,40.7103,0,1,'NJRobinson Dr10003'
-74.1033,40.6824,0,1,'NJW Grand St10003|NJW Grand St10003+NJW 49th St+10003'
-74.1033,40.7096,0,1,'NJPersimmon Ct10003'
-74.1032,40.8103,3,33,'NJPolito Ave10003|NJPolito Ave10003+NJRutherford Ave+10003|NJPolito Ave10003+NJState Rte 17+10003|NJRutherford Ave10003|NJState Rte 1710003'
-74.1032,40.5749,0,1,'NYBoundary Ave10003+NYGreeley Ave+10003'
-74.1031,40.6281,0,1,'NYNorma Pl10003|NYNorma Pl10003+NYMetropolitan Ave+10003'
-74.1031,40.7112,0,1,'NJRoosevelt Ct10003|NJRoosevelt Ct10003+NJFoxhound Ct+10003'
-74.1031,40.8839,0,1,'NJHenrietta St10003|NJHenrietta St10003+NJOutwater Ln+10003'
-74.1031,40.7107,0,1,'NJPaulusen Ct10003'
-74.1030,40.6324,0,2,'NYDelafield Ave10003+NYWalbrooke Ave+10003'
-74.1030,40.6780,0,3,'NJE 44th St10003|NJE 44th St10003+NJAvenue E+10003'
-74.1030,40.6158,0,1,'NYClove Rd10003+NYNiagara St+10003|NYClove Rd10003+NYGlenwood Ave+10003|NYNiagara St10003|NYNiagara St10003+NYGlenwood Ave+10003|NYGlenwood Ave10003'
-74.1030,40.8347,0,1,'NJClinton Pl10003+NJMain St+10003'
-74.1030,40.5773,0,1,'NYHylan Blvd10003+NYZwicky Ave+10003|NYZwicky Ave10003'
-74.1029,40.8002,1,0,'NJClay Ave10003|NJClay Ave10003+NJValley Brook Ave+10003'
-74.1029,40.6050,0,1,'NYBeebe St10003'
-74.1029,40.7079,0,1,'NJLocust St10003'
-74.1029,40.6362,0,1,'NYConyingham Ave10003+NYPenbroke Ave+10003|NYPenbroke Ave10003'
-74.1029,40.8203,0,1,'NJEastern Way10003+NJSummit Cross+10003'
-74.1028,40.7110,0,1,'NJRoosevelt Ct10003|NJRoosevelt Ct10003+NJStadium Ct+10003|NJStadium Ct10003'
-74.1027,40.6260,0,1,'NYThames Ave10003|NYThames Ave10003+NYMetropolitan Ave+10003'
-74.1027,40.5809,0,1,'NYHusson St10003+NYHunter Ave+10003'
-74.1027,40.5938,0,1,'NYForest Rd10003+NYDutchess Ave+10003|NYDutchess Ave10003'
-74.1027,40.8248,1,2,'NJE Passaic Ave10003|NJE Passaic Ave10003+NJOrient Way+10003'
-74.1027,40.6587,0,1,'NJAve J10003+NJE 22nd St+10003|NJE 22nd St10003'
-74.1027,40.6354,0,1,'NYConyingham Ave10003+NYValencia Ave+10003|NYValencia Ave10003'
-74.1027,40.6309,0,1,'NYSharon Ave10003|NYSharon Ave10003+NYForest Ave+10003|NYSharon Ave10003+NYWalbrooke Ave+10003|NYWalbrooke Ave10003'
-74.1026,40.5652,0,1,'NYFinley Ave10003+NYBeacon Pl+10003'
-74.1026,40.6061,0,4,'NYMohn Pl10003|NYMohn Pl10003+NYBeebe St+10003'
-74.1026,40.6863,0,1,'NJW 54th St10003+NJAve C+10003'
-74.1026,40.9402,0,1,'NJLyle Ter10003|NJLyle Ter10003+NJTierney Pl+10003'
-74.1026,40.7056,1,1,'NJAlder St10003|NJAlder St10003+NJAlder St+10003'
-74.1025,40.8869,1,0,'NJPlauderville Ave10003'
-74.1025,40.9465,0,1,'NJSaddle River Rd10003+NJKnott Ter+10003|NJKnott Ter10003'
-74.1024,40.8176,0,1,'NJPierrepont Ave10003'
-74.1023,40.6072,0,1,'NYStaten Island Blvd10003+NYBeebe St+10003|NYBeebe St10003'
-74.1023,40.7113,0,1,'NJHudson Ct10003|NJHudson Ct10003+NJStadium Ct+10003|NJStadium Ct10003'
-74.1023,40.9042,0,1,'NJNew Pehle Ave10003|NJNew Pehle Ave10003+NJPehle Ave+10003|NJPehle Ave10003'
-74.1023,40.9047,0,3,'NJVan Bussam Ave10003|NJVan Bussam Ave10003+NJPehle Ave+10003'
-74.1021,40.6346,1,1,'NYHunter Pl10003'
-74.1021,40.6185,0,5,'NYWaldron Ave10003+NYMelrose Ave+10003'
-74.1021,40.6869,0,1,'NJW 55th St10003+NJAve C+10003'
-74.1020,40.5848,0,2,'NYN Railroad Ave10003+NYStobe Ave+10003|NYStobe Ave10003'
-74.1020,40.6792,0,1,'NJE 46th St10003|NJE 46th St10003+NJAvenue E+10003'
-74.1020,40.9611,0,1,'NJBerkshire Rd10003+NJMidwood Rd+10003|NJMidwood Rd10003'
-74.1019,40.6965,0,1,'NJCuster Ave10003'
-74.1019,40.5648,0,2,'NYBeacon Pl10003+NYHett Ave+10003'
-74.1019,40.6084,0,1,'NYWitteman Pl10003|NYWitteman Pl10003+NYMilford Dr+10003|NYMilford Dr10003'
-74.1019,40.6332,0,3,'NYElwood Pl10003+NYHunter Pl+10003|NYHunter Pl10003'
-74.1018,40.6052,0,1,'NYEmerson Ave10003'
-74.1018,40.6115,0,6,'NYTioga St10003+NYSeneca Ave+10003'
-74.1018,40.7114,0,2,'NJKellogg St10003+NJSociety Hill Dr N+10003|NJSociety Hill Dr N10003'
-74.1017,40.7479,2,0,'NJBelleville Tpke10003|NJBelleville Tpke10003+NJBelleville Tpke+10003|NJBelleville Tpke10003+NJState Rte 7+10003|NJBelleville Tpke10002'
-74.1016,40.7758,3,6,'NJNew Jersey Tpke10001|NJNew Jersey Tpke10001+NJI 95+10001|NJNew Jersey Tpke10001+NJNew Jersey Tpke+10001|NJI 9510001|NJI 9510001+NJI 95+10001|NJI 9510001+NJNew Jersey Tpke+10001'
-74.1016,40.5633,0,1,'NYDustan St10003+NYTopping St+10003|NYTopping St10003'
-74.1016,40.8196,0,1,'NJSummit Cross10003'
-74.1016,40.8361,0,1,'NJClinton Pl10003+NJGrove St+10003'
-74.1016,40.8313,1,1,'NJEverett Pl10003+NJOrchard St+10003|NJOrchard St10003'
-74.1015,40.6798,0,1,'NJE 47th St10003|NJE 47th St10003+NJAvenue E+10003'
-74.1015,40.6311,0,5,'NYOakwood Ave10003|NYOakwood Ave10003+NYForest Ave+10003'
-74.1015,40.5854,0,3,'NYSeaver Ave10003|NYSeaver Ave10003+NYJefferson St+10003'
-74.1015,40.9686,0,1,'NJLaurel Rd10003'
-74.1015,40.5893,0,1,'NYRichmond Rd10003+NYBuel Ave+10003|NYBuel Ave10003'
-74.1015,40.7475,1,1,'NJBelleville Tpke10003+NJDolores Dr+10003|NJDolores Dr10003'
-74.1015,40.7758,3,3,'NJNew Jersey Tpke10001|NJI 9510001'
-74.1014,40.6191,0,2,'NYWaldron Ave10003'
-74.1014,40.6109,0,1,'NYSeneca Ave10003'
-74.1014,40.8246,0,3,'NJE Passaic Ave10003+NJFeronia Way+10003'
-74.1014,40.8271,0,1,'NJGlen Rd10003|NJGlen Rd10003+NJOrient Way+10003'
-74.1014,40.7021,0,1,'NJSuburbia Ct10003|NJSuburbia Ct10003+NJSuburbia Ct+10003'
-74.1013,40.6180,0,1,'NYMelrose Ave10003|NYMelrose Ave10003+NYVictory Blvd+10003'
-74.1013,40.8113,0,1,'NJState Rte 1710002'
-74.1013,40.6067,0,1,'NYMilden Ave10003'
-74.1013,40.6840,0,2,'NJE 52nd St10003|NJE 52nd St10003+NJBroadway+10003|NJE 52nd St10003+NJW 52nd St+10003|NJBroadway10003+NJW 52nd St+10003|NJW 52nd St10003'
-74.1013,40.5723,0,2,'NYElmtree Ave10003+NYOldfield St+10003|NYOldfield St10003'
-74.1013,40.7461,1,0,'NJNewark Tpke10002+NJDolores Dr+10002|NJDolores Dr10003'
-74.1012,40.5842,0,1,'NYStobe Ave10003+NYS Railroad Ave+10003|NYStobe Ave10003+NYZoe St+10003|NYS Railroad Ave10003|NYS Railroad Ave10003+NYZoe St+10003|NYZoe St10003'
-74.1012,40.5605,0,1,'NYCedar Grove Ave10003+NYMilbank Rd+10003|NYMilbank Rd10003'
-74.1012,40.6170,0,2,'NYGlenwood Ave10003+NYGrand Ave+10003'
-74.1011,40.5792,0,7,'NYHylan Blvd10003+NYHamden Ave+10003'
-74.1010,40.7347,1,1,'NJUS Hwy 910002+NJHackensack Ave+10002|NJHackensack Ave10003+NJUS Hwy 1+10003|NJHackensack Ave10003+NJPulaski Skwy+10003'
-74.1010,40.5738,0,1,'NYPoultney St10003+NYGreeley Ave+10003'
-74.1009,40.6006,0,2,'NYForest Rd10003'
-74.1008,40.6284,0,1,'NYRevere St10003+NYLakewood Rd+10003|NYLakewood Rd10003'
-74.1008,40.8280,0,1,'NJOrient Way10003+NJStation Sq+10003|NJStation Sq10003'
-74.1008,40.6101,0,1,'NYEndor Ave10003|NYEndor Ave10003+NYMilford Dr+10003'
-74.1008,40.5945,0,1,'NYDelaware St10003+NYOverlook Ave+10003|NYOverlook Ave10003'
-74.1008,40.5660,0,1,'NYNew Dorp Ln10003+NYHett Ave+10003|NYHett Ave10003'
-74.1008,40.8281,0,1,'NJE Erie Ave10003+NJOrient Way+10003|NJOrient Way10003'
-74.1007,40.6152,0,9,'NYVan Cortlandt Ave10003+NYElm Pl+10003|NYElm Pl10003'
-74.1006,40.8864,1,1,'NJ1st St10003|NJ1st St10003+NJPresident St+10003'
-74.1006,40.8355,0,3,'NJHumboldt St10003+NJGrove St+10003'
-74.1006,40.7030,0,1,'NJSuburbia Ter10003|NJSuburbia Ter10003+NJSuburbia Ter+10003'
-74.1006,40.8307,0,1,'NJBoiling Springs Ave10003+NJOrchard St+10003'
-74.1005,40.6312,0,25,'NYHart Blvd10003+NYForest Ave+10003'
-74.1005,40.6810,0,2,'NJE 49th St10003|NJE 49th St10003+NJAvenue E+10003'
-74.1005,40.6343,0,3,'NYHart Blvd10003'
-74.1005,40.6263,0,5,'NYLakewood Rd10003+NYRose Ct+10003|NYRose Ct10003'
-74.1004,40.6166,0,4,'NYGrand Ave10003+NYDudley Ave+10003'
-74.1004,40.7981,1,1,'NJChubb Ave10003|NJChubb Ave10003+NJValley Brook Ave+10003'
-74.1004,40.5933,0,1,'NYRichmond Rd10003+NYNorden St+10003|NYNorden St10003'
-74.1004,40.6109,0,1,'NYCayuga Ave10003'
-74.1004,40.5797,0,1,'NYHylan Blvd10003+NYHunter Ave+10003'
-74.1002,40.7363,0,1,'NJHackensack Ave10003|NJHackensack Ave10003+NJStern Ave+10003|NJStern Ave10003'
-74.1002,40.6121,0,4,'NYOneida Ave10003+NYTioga St+10003'
-74.1002,40.5994,0,1,'NYRidge Loop10003'
-74.1001,40.6893,1,0,'NJState Rte 16910002+NJAve C+10002|NJMiles St10002+NJAve C+10002|NJState Rte 44010002+NJAve C+10002'
-74.1000,40.6285,0,1,'NYHart Blvd10003|NYHart Blvd10003+NYRevere St+10003'
-74.1000,40.5786,0,1,'NYBoundary Ave10003|NYBoundary Ave10003+NYHamden Ave+10003'
-74.0999,40.6856,0,1,'NJBroadway10003|NJBroadway10003+NJGarfield Ave+10003|NJGarfield Ave10003'
-74.0999,40.6129,0,1,'NYClove Rd10003+NYMartha St+10003|NYMartha St10003'
-74.0998,40.6623,0,1,'NJLefante Way10003+NJAve J+10003|NJAve J10003'
-74.0998,40.6072,0,1,'NYNicole Loop10003|NYNicole Loop10003+NYMilford Ave+10003|NYMilford Ave10003'
-74.0998,40.7063,0,1,'NJDanforth Ave10003+NJState Rte 440+10003|NJState Rte 44010002+NJCo Rd 602+10002|NJCo Rd 60210003'
-74.0997,40.5802,0,1,'NYHylan Blvd10003+NYAdams Ave+10003'
-74.0997,40.6022,0,1,'NYMedford Rd10003|NYMedford Rd10003+NYForest Rd+10003'
-74.0997,40.5912,0,2,'NYPlattsburg St10003+NYGarretson Ave+10003'
-74.0997,40.8251,0,1,'NJE Erie Ave10003|NJE Erie Ave10003+NJMeadow Rd+10003|NJMeadow Rd10003'
-74.0997,40.6197,0,8,'NYHighland Ave10003|NYHighland Ave10003+NYE Cheshire Pl+10003|NYHighland Ave10003+NYVictory Blvd+10003|NYE Cheshire Pl10003|NYE Cheshire Pl10003+NYVictory Blvd+10003'
-74.0997,40.8283,0,1,'NJVan Winkle St10003|NJVan Winkle St10003+NJUnion Ave+10003'
-74.0996,40.5884,1,1,'NYJefferson St10003+NYBuel Ave+10003'
-74.0996,40.5989,0,2,'NYRidge Ave10003+NYVista Ave+10003|NYVista Ave10003'
-74.0996,40.6349,0,1,'NYN Randall Ave10003+NYValencia Ave+10003|NYValencia Ave10003'
-74.0995,40.8301,0,4,'NJPark Ave10003+NJOrchard St+10003'
-74.0995,40.5970,0,1,'NYWooddale Ave10003|NYWooddale Ave10003+NYGreenport St+10003'
-74.0995,40.6110,0,2,'NYLittle Clove Rd10003+NYOneida Ave+10003|NYOneida Ave10003'
-74.0995,40.6102,0,1,'NYNicole Loop10003|NYNicole Loop10003+NYMilford Dr+10003'
-74.0995,40.6099,0,1,'NYNicole Loop10003|NYNicole Loop10003+NYNicole Loop+10003'
-74.0995,40.6822,1,0,'NJAvenue E10003+NJE 51st St+10003|NJE 51st St10003'
-74.0994,40.6005,0,1,'NYKeune Ct10003'
-74.0994,40.6418,0,1,'NYCassidy Pl10003|NYCassidy Pl10003+NYGordon Pl+10003|NYCassidy Pl10003+NYTysen St+10003|NYGordon Pl10003|NYGordon Pl10003+NYTysen St+10003'
-74.0994,40.6124,0,4,'NYClove Rd10003+NYTioga St+10003|NYClove Rd10003+NYHoward Ave+10003|NYTioga St10003|NYTioga St10003+NYHoward Ave+10003|NYHoward Ave10003'
-74.0993,40.5931,0,7,'NYAlter Ave10003'
-74.0993,40.8368,0,2,'NJPaterson Ave10003+NJHumboldt St+10003|NJHumboldt St10003'
-74.0992,40.6087,0,3,'NYMichael Loop10003|NYMichael Loop10003+NYMichael Loop+10003'
-74.0992,40.6031,0,3,'NYEmerson Ct10003'
-74.0991,40.9405,0,1,'NJMaltese Dr10003|NJMaltese Dr10003+NJSaddle River Rd+10003'
-74.0991,40.5807,0,2,'NYHull Ave10003+NYHylan Blvd+10003'
-74.0991,40.8082,0,1,'NJWall St W10003'
-74.0990,40.6956,0,2,'NJSeaview Ave10003+NJState Rte 501+10003|NJSeaview Ave10003+NJJohn F Kennedy Blvd+10003|NJCo Rd 60310003+NJState Rte 501+10003|NJCo Rd 60310003+NJJohn F Kennedy Blvd+10003'
-74.0990,40.6287,0,2,'NYRevere St10003|NYRevere St10003+NYUniversity Pl+10003|NYUniversity Pl10003'
-74.0989,40.6193,0,4,'NYHighland Ave10003+NYGlenwood Ave+10003|NYGlenwood Ave10003'
-74.0989,40.5892,0,1,'NYJefferson St10003+NYLiberty Ave+10003'
-74.0989,40.9694,0,1,'NJEastside Ave10003'
-74.0989,40.8324,0,2,'NJBoiling Springs Ave10003+NJMain St+10003'
-74.0988,40.5726,0,2,'NYMoreland St10003+NYGreeley Ave+10003'
-74.0987,40.8358,0,1,'NJPaterson Ave10003+NJUhland St+10003|NJUhland St10003'
-74.0987,40.5985,0,2,'NYOakdale Ave10003|NYOakdale Ave10003+NYDuncan St+10003|NYOakdale Ave10003+NYVista Ave+10003|NYDuncan St10003|NYDuncan St10003+NYVista Ave+10003'
-74.0986,40.6115,0,1,'NYClove Rd10003+NYLittle Clove Rd+10003|NYLittle Clove Rd10003'
-74.0986,40.8902,0,1,'NJ5th St10003+NJJefferson St+10003|NJ5th St10003+NJJefferson Ave+10003|NJJefferson St10003|NJJefferson Ave10003'
-74.0985,40.5787,0,1,'NYHaven Ave10003|NYHaven Ave10003+NYHunter Ave+10003'
-74.0985,40.5878,0,1,'NYN Railroad Ave10003+NYBuel Ave+10003'
-74.0985,40.6726,0,3,'NJConstitution Ave10003'
-74.0985,40.5927,0,2,'NYPlattsburg St10003+NYAlter Ave+10003'
-74.0984,40.5812,0,1,'NYJefferson Ave10003+NYHylan Blvd+10003'
-74.0984,40.6175,0,5,'NYVan Cortlandt Ave10003|NYVan Cortlandt Ave10003+NYRugby Ave+10003|NYVan Cortlandt Ave10003+NYRidge Ct+10003|NYRugby Ave10003+NYRidge Ct+10003|NYRidge Ct10003'
-74.0983,40.8275,0,1,'NJHackensack St10003+NJUnion Ave+10003'
-74.0982,40.6107,0,1,'NYClove Rd10003+NYNarrows Rd N+10003'
-74.0981,40.6153,0,1,'NYRugby Ave10003|NYRugby Ave10003+NYGrand Ave+10003'
-74.0981,40.5722,0,1,'NYKiswick St10003+NYGreeley Ave+10003'
-74.0981,40.5975,0,1,'NYGreenport St10003+NYAlderwood Pl+10003|NYAlderwood Pl10003'
-74.0981,40.8054,0,3,'NJChubb Ave10003'
-74.0981,40.6107,1,1,'NYClove Rd10003+NYStaten Island Pkwy+10003|NYClove Rd10003+NYI 278+10003'
-74.0980,40.8344,0,1,'NJPaterson Ave10003+NJLincoln Pl+10003|NJLincoln Pl10003'
-74.0980,40.6318,0,1,'NYRidgewood Pl10003'
-74.0980,40.5949,0,1,'NYRichmond Rd10003+NYAtlantic Ave+10003|NYAtlantic Ave10003'
-74.0980,40.5793,0,1,'NYAdams Ave10003+NYHaven Ave+10003'
-74.0980,40.7124,1,1,'NJState Rte 44010002|NJState Rte 44010002+NJState Rte 440+10002'
-74.0980,40.7461,0,1,'NJBelleville Tpke10003|NJBelleville Tpke10003+NJNewark Tpke+10003'
-74.0980,40.5932,0,1,'NYPlattsburg St10003|NYPlattsburg St10003+NYDelaware Ave+10003'
-74.0980,40.6149,0,3,'NYSunnyside Ter10003|NYSunnyside Ter10003+NYGrand Ave+10003'
-74.0979,40.6135,0,3,'NYMartha St10003|NYMartha St10003+NYHoward Ave+10003'
-74.0979,40.6842,0,1,'NJPrinceton Ave10003'
-74.0978,40.5736,0,1,'NYLincoln Ave10003+NYMoreland St+10003'
-74.0978,40.9068,0,1,'NJVan Orden St10003|NJVan Orden St10003+NJPehle Ave+10003'
-74.0978,40.6032,0,3,'NYRidge Ave10003|NYRidge Ave10003+NYSpring St+10003'
-74.0978,40.6968,1,0,'NJWinfield Ave10003|NJWinfield Ave10003+NJState Rte 501+10003|NJWinfield Ave10003+NJJohn F Kennedy Blvd+10003'
-74.0978,40.6068,0,2,'NYLongfellow Ave10003'
-74.0977,40.8369,0,1,'NJRandolph Ave10003+NJUhland St+10003|NJUhland St10003'
-74.0976,40.6143,0,1,'NYFoote Ave10003|NYFoote Ave10003+NYGrand Ave+10003'
-74.0976,40.7010,0,1,'NJGreenville Ave10003'
-74.0975,40.6020,0,1,'NYRidge Ave10003+NYMedford Rd+10003|NYMedford Rd10003|NYMedford Rd10003+NYMedford Ave+10003|NYMedford Rd10003+NYMedford Rd+10003|NYMedford Ave10003|NYMedford Ave10003+NYMedford Rd+10003'
-74.0975,40.6038,0,1,'NYWilson Ter10003'
-74.0975,40.6054,0,4,'NYCarlton Pl10003'
-74.0974,40.6103,0,1,'NYClove Rd10003+NYEmerson Dr+10003|NYClove Rd10003+NYMilford Dr+10003|NYEmerson Dr10003|NYEmerson Dr10003+NYMilford Dr+10003|NYMilford Dr10003'
-74.0974,40.6166,0,2,'NYHighland Ave10003+NYRidge Ct+10003|NYRidge Ct10003'
-74.0973,40.7007,0,2,'NJCo Rd 71010003|NJCo Rd 71010003+NJFowler Ave+10003|NJGreenville Ave10003+NJFowler Ave+10003|NJFowler Ave10003'
-74.0972,40.5954,0,2,'NYBurgher Ave10003|NYBurgher Ave10003+NYRichmond Rd+10003'
-74.0972,40.6329,0,2,'NYSilver Lake Rd10003|NYSilver Lake Rd10003+NYBrighton Ave+10003'
-74.0972,40.5814,0,2,'NYStobe Ave10003|NYStobe Ave10003+NYBoundary Ave+10003|NYBoundary Ave10003'
-74.0972,40.6319,0,3,'NYBrighton Ave10003'
-74.0971,40.6153,0,8,'NYHighland Ave10003|NYHighland Ave10003+NYHoward Ave+10003'
-74.0971,40.5732,0,4,'NYLincoln Ave10003+NYKiswick St+10003'
-74.0970,40.6710,1,3,'NJRobinson Cir10003'
-74.0969,40.7138,0,1,'NJState Rte 44010002+NJMsgr Wojtycha Dr+10002|NJMsgr Wojtycha Dr10003'
-74.0969,40.5788,0,2,'NYAdams Ave10003+NYLaconia Ave+10003'
-74.0969,40.6346,0,1,'NYStanley Ave10003|NYStanley Ave10003+NYBrighton Ave+10003'
-74.0967,40.6081,0,1,'NYMilden Ave10003'
-74.0966,40.5880,0,1,'NYZoe St10003|NYZoe St10003+NYLiberty Ave+10003'
-74.0965,40.8874,0,1,'NJ6th St10003|NJ6th St10003+NJPresident St+10003'
-74.0965,40.5860,0,1,'NYHusson St10003+NYDongan Hills Ave+10003'
-74.0965,40.6353,0,2,'NYPortland Pl10003|NYPortland Pl10003+NYBrighton Ave+10003'
-74.0965,40.7064,0,1,'NJSpring St10003|NJSpring St10003+NJMcAdoo Ave+10003'
-74.0964,40.5851,0,1,'NYNaughton Ave10003+NYVera St+10003'
-74.0964,40.6412,0,1,'NYGrace Ct10003'
-74.0964,40.6223,0,1,'NYSilver Lake Park Rd10003|NYSilver Lake Park Rd10003+NYVictory Blvd+10003'
-74.0964,40.6390,0,1,'NYClinton Ct10003|NYClinton Ct10003+NYProspect Ave+10003'
-74.0963,40.7912,1,1,'NJde Korte Plz10003|NJde Korte Plz10003+NJde Korte Park Plz+10003|NJde Korte Plz10003+NJValley Brook Ave+10003|NJde Korte Park Plz10003|NJde Korte Park Plz10003+NJValley Brook Ave+10003|NJValley Brook Ave10003'
-74.0962,40.6157,0,2,'NYHoward Ave10003+NYCampus Rd+10003|NYCampus Rd10003'
-74.0962,40.5830,0,1,'NYSeaver Ave10003+NYHylan Blvd+10003'
-74.0960,40.5794,0,1,'NYJefferson Ave10003+NYLaconia Ave+10003'
-74.0960,40.8762,1,0,'NJ1st St10003|NJ1st St10003+NJHarrison Ave+10003'
-74.0959,40.6317,0,1,'NYSilver Lake Park Rd10003|NYSilver Lake Park Rd10003+NYHavenwood Rd+10003|NYHavenwood Rd10003'
-74.0959,40.5960,0,1,'NYNewberry Ave10003|NYNewberry Ave10003+NYRichmond Rd+10003'
-74.0958,40.8313,0,1,'NJHackensack St10003+NJAnn St+10003|NJAnn St10003'
-74.0958,40.5913,0,1,'NYAlter Ave10003+NYBear St+10003|NYBear St10003'
-74.0958,40.6034,0,2,'NYMedford Rd10003'
-74.0958,40.6441,0,3,'NYVan Buren St10003+NYLafayette Ave+10003'
-74.0957,40.8298,0,1,'NJCornelia St10003|NJCornelia St10003+NJStanley St+10003'
-74.0957,40.7016,0,1,'NJDanforth Ave10003+NJFowler Ave+10003|NJCo Rd 60210003+NJFowler Ave+10003'
-74.0956,40.5847,0,1,'NYNaughton Ave10003+NYJoyce St+10003'
-74.0956,40.5945,0,1,'NYBurgher Ave10003+NYJohnson Pl+10003|NYJohnson Pl10003'
-74.0955,40.7161,1,0,'NJCulver Ave10003|NJCulver Ave10003+NJState Rte 440+10003'
-74.0954,40.5816,0,1,'NYMeadow Pl10003'
-74.0954,40.6427,0,1,'NYW Buchanan St10003|NYW Buchanan St10003+NYLafayette Ave+10003'
-74.0953,40.5919,0,1,'NYBear St10003+NYDelaware Ave+10003'
-74.0952,40.5889,0,2,'NYGarretson Ave10003+NYHancock St+10003'
-74.0952,40.5897,0,1,'NYCromwell Ave10003+NYN Railroad Ave+10003'
-74.0951,40.5872,0,1,'NYHusson St10003|NYHusson St10003+NYLiberty Ave+10003'
-74.0950,40.5972,1,5,'NYOverlook Ave10003|NYOverlook Ave10003+NYVista Ave+10003'
-74.0950,40.5996,0,4,'NYHunton St10003|NYHunton St10003+NYHolly St+10003'
-74.0950,40.6921,0,1,'NJNeptune Ave10003+NJOcean Ave+10003'
-74.0949,40.6093,0,1,'NYDiana Trl10003|NYDiana Trl10003+NYDianas Trl+10003|NYDiana Trl10003+NYTwin Oak Dr+10003|NYDianas Trl10003|NYDianas Trl10003+NYDianas Trl+10003|NYDianas Trl10003+NYTwin Oak Dr+10003|NYTwin Oak Dr10003'
-74.0949,40.5963,0,1,'NYMark St10003|NYMark St10003+NYRichmond Rd+10003'
-74.0949,40.7166,1,0,'NJPollock Ave10003|NJPollock Ave10003+NJWater St+10003'
-74.0948,40.5806,0,1,'NYLaconia Ave10003|NYLaconia Ave10003+NYRowan Ave+10003|NYRowan Ave10003'
-74.0948,40.5768,0,1,'NYHunter Ave10003+NYMoreland St+10003|NYMoreland St10003'
-74.0948,40.7020,0,1,'NJCator Ave10003+NJFowler Ave+10003'
-74.0948,40.5924,0,10,'NYBear St10003+NYRaritan Ave+10003'
-74.0948,40.7921,1,0,'NJde Korte Plz10003|NJde Korte Plz10003+NJde Korte Park Plz+10003|NJde Korte Park Plz10003'
-74.0947,40.9038,4,3,'NJPoplar St10003|NJPoplar St10003+NJRoosevelt Blvd+10003|NJRoosevelt Blvd10003'
-74.0947,40.6122,0,2,'NYInwood Rd10003|NYInwood Rd10003+NYLongview Rd+10003'
-74.0947,40.9339,0,1,'NJUnion St10003+NJBrennan Ct+10003|NJBrennan Ct10003'
-74.0947,40.5777,0,4,'NYAdams Ave10003+NYMason Ave+10003'
-74.0944,40.6035,0,1,'NYHunter St10003'
-74.0943,40.6951,0,1,'NJOld Bergen Rd10003+NJPearsall Ave+10003|NJCo Rd 60110003+NJPearsall Ave+10003'
-74.0943,40.6167,0,4,'NYSignal Hill Rd10003|NYSignal Hill Rd10003+NYHoward Ave+10003'
-74.0943,40.5930,0,1,'NYAtlantic Ave10003+NYBear St+10003'
-74.0943,40.6984,0,1,'NJScott St10003|NJScott St10003+NJLinden Ave+10003'
-74.0942,40.5867,0,4,'NYMagnolia Ave10003|NYMagnolia Ave10003+NYLiberty Ave+10003'
-74.0941,40.8326,1,1,'NJCornelia St10003'
-74.0941,40.5764,0,1,'NYHunter Ave10003+NYKiswick St+10003|NYKiswick St10003'
-74.0940,40.5784,0,1,'NYJefferson Ave10003+NYMason Ave+10003'
-74.0940,40.6119,0,1,'NYStarlight Rd10003|NYStarlight Rd10003+NYLongview Rd+10003'
-74.0940,40.6243,0,5,'NYTheresa Pl10003|NYTheresa Pl10003+NYVictory Blvd+10003'
-74.0939,40.8306,0,1,'NJAnn St10003'
-74.0938,40.5985,0,1,'NYMidway Pl10003'
-74.0938,40.5936,0,1,'NYBurgher Ave10003+NYBear St+10003|NYBear St10003'
-74.0936,40.6190,0,2,'NYStratford Ave10003'
-74.0936,40.6332,0,3,'NYPortland Pl10003'
-74.0935,40.5881,0,1,'NYHenry Pl10003|NYHenry Pl10003+NYGarretson Ave+10003'
-74.0935,40.6048,0,3,'NYWilsonview Pl10003|NYWilsonview Pl10003+NYWilson Ter+10003'
-74.0935,40.7342,0,1,'NJDuncan Ave10003'
-74.0934,40.5712,0,1,'NYColony Ave10003+NYLincoln Ave+10003'
-74.0934,40.5940,0,1,'NYWilson St10003'
-74.0934,40.6233,1,1,'NYGrymes Hill Rd10003'
-74.0934,40.6366,0,1,'NYChestnut Pl10003|NYChestnut Pl10003+NYLafayette Ave+10003'
-74.0934,40.5970,0,1,'NYOld Town Rd10003|NYOld Town Rd10003+NYRichmond Rd+10003|NYOld Town Rd10003+NYDellwood Rd+10003|NYRichmond Rd10003+NYDellwood Rd+10003|NYDellwood Rd10003'
-74.0933,40.7028,2,2,'NJMcAdoo Ave10003+NJFowler Ave+10003'
-74.0931,40.6936,0,1,'NJPearsall Ave10003|NJPearsall Ave10003+NJOcean Ave+10003|NJOcean Ave10003'
-74.0931,40.6188,0,2,'NYHoward Ave10003|NYHoward Ave10003+NYHoward Ave+10003|NYStratford Rd10003|NYStratford Rd10003+NYHoward Ave+10003|NYHoward Ave10003+NYStratford Ave+10003|NYStratford Ave10003'
-74.0931,40.6911,0,1,'NJMurylu Dr10003|NJMurylu Dr10003+NJGarfield Ave+10003'
-74.0930,40.6399,0,1,'NYKirby Ct10003'
-74.0930,40.5886,1,3,'NYCromwell Ave10003+NYHenry Pl+10003'
-74.0930,40.8107,3,7,'NJState Rte 310002'
-74.0930,40.5945,0,1,'NYNewberry Ave10003+NYWilson St+10003'
-74.0930,40.6312,0,3,'NYHaven Esplanade10003'
-74.0930,40.5694,0,2,'NYPatterson Ave10003+NYGreeley Ave+10003|NYBritton Ln10003+NYGreeley Ave+10003'
-74.0929,40.8190,3,2,'NJMurray Hill Pkwy10003+NJBranca Rd+10003|NJBranca Rd10003'
-74.0928,40.6395,0,1,'NYSumner Pl10003|NYSumner Pl10003+NYProspect Ave+10003'
-74.0928,40.6018,0,1,'NYRichmond Rd10003+NYRome Ave+10003'
-74.0928,40.7173,0,1,'NJGreenwich Dr10003|NJGreenwich Dr10003+NJClaremont Ave+10003'
-74.0928,40.8288,0,1,'NJState Rte 1710002+NJStanley St+10002|NJ11th St10002+NJStanley St+10002|NJStanley St10003'
-74.0927,40.6025,0,1,'NYRichmond Rd10003+NYVenice Ave+10003|NYVenice Ave10003'
-74.0927,40.6126,0,1,'NYStarlight Rd10003|NYStarlight Rd10003+NYCampus Rd+10003|NYCampus Rd10003|NYCampus Rd10003+NYCampus Rd+10003'
-74.0927,40.6320,0,1,'NYHaven Esplanade10003|NYHaven Esplanade10003+NYSilver Lake Rd+10003'
-74.0926,40.6914,0,2,'NJWinfield Ave10003+NJGarfield Ave+10003'
-74.0926,40.5859,0,1,'NYHylan Blvd10003+NYLiberty Ave+10003'
-74.0926,40.6115,0,1,'NYWetmore Rd10003|NYWetmore Rd10003+NYHolsman Rd+10003'
-74.0926,40.5831,0,3,'NYNaughton Ave10003+NYLaconia Ave+10003'
-74.0926,40.7165,0,1,'NJGrant Ave10003+NJTribeca+10003|NJTribeca10003'
-74.0924,40.6375,0,1,'NYAlden Pl10003'
-74.0924,40.6073,0,1,'NYDouglas Rd10003+NYDouglas Ct+10003|NYDouglas Ct10003'
-74.0923,40.5894,0,2,'NYHenry Pl10003+NYAlter Ave+10003'
-74.0922,40.6155,0,1,'NYWagner College Campus Rd10003'
-74.0922,40.5954,0,1,'NYWilson St10003+NYWhitaker Pl+10003|NYWhitaker Pl10003'
-74.0921,40.7170,0,1,'NJClaremont Ave10003+NJTribeca+10003|NJTribeca10003'
-74.0921,40.5838,0,1,'NYDongan Hills Ave10003+NYLaconia Ave+10003|NYLaconia Ave10003'
-74.0921,40.5865,0,2,'NYHylan Blvd10003+NYSeaview Ave+10003'
-74.0921,40.6894,0,6,'NJBrown Pl10003|NJBrown Pl10003+NJPrinceton Ave+10003'
-74.0920,40.5689,0,1,'NYFather Capodanno Blvd10003+NYGreeley Ave+10003|NYGreeley Ave10003'
-74.0920,40.5955,0,1,'NYWilson St10003+NYCornelia St+10003|NYCornelia St10003'
-74.0920,40.7085,4,6,'NJStegman Ter10003|NJStegman Ter10003+NJWestminster Ln+10003|NJStegman Ter10003+NJWestminster Ave+10003'
-74.0920,40.5809,1,1,'NYSeaver Ave10003|NYSeaver Ave10003+NYMason Ave+10003'
-74.0919,40.5985,0,1,'NYHunton St10003|NYHunton St10003+NYRichmond Rd+10003'
-74.0919,40.7162,0,3,'NJSoho Dr10003|NJSoho Dr10003+NJGrant Ave+10003'
-74.0918,40.5992,0,2,'NYRichmond Rd10003+NYSparkill Ave+10003|NYRichmond Rd10003+NYW Fingerboard Rd+10003|NYSparkill Ave10003|NYSparkill Ave10003+NYW Fingerboard Rd+10003|NYW Fingerboard Rd10003'
-74.0918,40.5900,0,1,'NYHenry Pl10003+NYDelaware Ave+10003'
-74.0917,40.6919,0,2,'NJPearsall Ave10003+NJGarfield Ave+10003'
-74.0917,40.8330,1,1,'NJPaterson Ave10003+NJJane St+10003|NJJane St10003'
-74.0917,40.4197,0,2,'NJMain St10003+NJMorris Ave+10003|NJMorris Ave10003'
-74.0917,40.6142,0,1,'NYWagner College Campus Rd10003|NYWagner College Campus Rd10003+NYCampus Rd+10003|NYCampus Rd10003'
-74.0917,40.6384,0,1,'NYArnold St10003+NYPendleton Pl+10003|NYPendleton Pl10003'
-74.0916,40.5854,0,4,'NYSimpson St10003|NYSimpson St10003+NYLiberty Ave+10003'
-74.0916,40.6265,0,17,'NYEddy St10003|NYEddy St10003+NYVictory Blvd+10003'
-74.0916,40.5924,0,1,'NYBurgher Ave10003+NYN Railroad Ave+10003|NYN Railroad Ave10003'
-74.0916,40.7167,0,2,'NJSoho Dr10003|NJSoho Dr10003+NJClaremont Ave+10003'
-74.0916,40.5843,0,5,'NYLaconia Ave10003|NYLaconia Ave10003+NYBuel Ave+10003'
-74.0916,40.6450,0,1,'NYVan Buren St10003+NYMinerva Pl+10003|NYMinerva Pl10003'
-74.0915,40.5995,0,2,'NYTargee St10003|NYTargee St10003+NYW Fingerboard Rd+10003|NYTargee St10003+NYTacoma St+10003|NYW Fingerboard Rd10003+NYTacoma St+10003|NYTacoma St10003'
-74.0915,40.7159,0,1,'NJCo Rd 61110003+NJGrant Ave+10003|NJGrant Ave10003|NJGrant Ave10003+NJMallory Ave+10003'
-74.0915,40.6091,0,1,'NYClove Rd10003+NYClove Lakes Exwy S Svc Rd+10003|NYClove Lakes Exwy S Svc Rd10006'
-74.0915,40.9262,0,1,'NJState Rte 20810002|NJState Rte 20810002+NJBroadway+10002|NJState Rte 20810002+NJState Rte 4+10002|NJBroadway10002|NJBroadway10002+NJState Rte 4+10002|NJState Rte 410002|NJState Rte 410002+NJState Rte 4+10002'
-74.0912,40.5964,0,1,'NYWilson St10003+NYOld Town Rd+10003'
-74.0912,40.6225,0,1,'NYDuncan Rd10003+NYGreta Pl+10003|NYGreta Pl10003'
-74.0912,40.5713,0,1,'NYPatterson Ave10003+NYMidland Ave+10003'
-74.0912,40.6041,0,3,'NYTargee St10003+NYHay St+10003|NYHay St10003'
-74.0911,40.5876,0,3,'NYCromwell Ave10003+NYHylan Blvd+10003'
-74.0911,40.9038,3,2,'NJRochelle Pkwy10003'
-74.0911,40.6186,0,1,'NYSignal Hill Rd10003'
-74.0911,40.7164,0,2,'NJCo Rd 61110003+NJClaremont Ave+10003|NJMallory Ave10003+NJClaremont Ave+10003'
-74.0910,40.6166,1,0,'NYPleasant Valley Ave10003'
-74.0908,40.6000,0,3,'NYScranton St10003|NYScranton St10003+NYW Fingerboard Rd+10003'
-74.0908,40.5822,0,4,'NYNaughton Ave10003+NYMason Ave+10003'
-74.0908,40.6088,0,1,'NYRichmond Rd10003+NYClove Lakes Exwy S Svc Rd+10003'
-74.0908,40.6243,0,3,'NYDuncan Rd10003+NYAda Pl+10003|NYAda Pl10003'
-74.0906,40.8345,0,1,'NJ8th St10003|NJ8th St10003+NJJane St+10003|NJ8th St10003+NJHoboken Rd+10003|NJJane St10003|NJJane St10003+NJHoboken Rd+10003'
-74.0905,40.7042,1,1,'NJFowler Ave10003|NJFowler Ave10003+NJVan Nostrand Ave+10003'
-74.0905,40.8332,0,1,'NJPaterson Ave10003+NJEnoch St+10003|NJEnoch St10003'
-74.0904,40.5983,0,1,'NYWilson St10003|NYWilson St10003+NYUrbana St+10003'
-74.0904,40.6307,0,2,'NYDuer Ln10003'
-74.0904,40.6343,0,1,'NYStanley Ave10003'
-74.0904,40.5885,0,1,'NYHylan Blvd10003+NYAlter Ave+10003'
-74.0904,40.6092,0,1,'NYRichmond Rd10003+NYStaten Island Pkwy+10003|NYRichmond Rd10003+NYI 278+10003'
-74.0904,40.9680,0,1,'NJVictoria Ter10003+NJVictoria Ave+10003'
-74.0903,40.5828,0,1,'NYDongan Hills Ave10003+NYMason Ave+10003'
-74.0902,40.6181,0,3,'NYSignal Hill Rd10003+NYNesmythe Ter+10003|NYNesmythe Ter10003'
-74.0902,40.7211,0,1,'NJWilliams Ave10003+NJMorton St+10003|NJMorton St10003'
-74.0902,40.6081,0,1,'NYClove Rd10003+NYRhine Ave+10003|NYRhine Ave10003'
-74.0901,40.7441,0,1,'NJFish House Rd10002'
-74.0901,40.6225,0,1,'NYHillcrest Rd10003|NYHillcrest Rd10003+NYGreta Pl+10003'
-74.0899,40.6199,0,1,'NYClaire Ct10003|NYClaire Ct10003+NYHoward Ave+10003'
-74.0898,40.5834,0,1,'NYMason Ave10003+NYBuel Ave+10003'
-74.0898,40.6912,0,1,'NJPrinceton Ave10003+NJLembeck Ave+10003|NJLembeck Ave10003'
-74.0897,40.6305,1,0,'NYOxford Pl10003'
-74.0896,40.6035,0,3,'NYBritton Ave10003'
-74.0896,40.6440,0,3,'NYHighview Ave10003|NYHighview Ave10003+NYE Buchanan St+10003|NYHighview Ave10003+NYBuchanan St+10003|NYE Buchanan St10003|NYE Buchanan St10003+NYBuchanan St+10003'
-74.0896,40.6098,2,0,'NYDekalb St10003|NYDekalb St10003+NYRichmond Rd+10003'
-74.0896,40.7126,0,1,'NJCulver Ave10003+NJCollege Dr+10003|NJCollege Dr10003'
-74.0895,40.6054,0,1,'NYBritton Ave10003+NYBaltic Ave+10003'
-74.0895,40.6009,0,1,'NYColumbus Ave10003|NYColumbus Ave10003+NYStanwich St+10003|NYStanwich St10003'
-74.0895,40.7181,0,1,'NJEge Ave10003+NJCo Rd 611+10003|NJEge Ave10003+NJMallory Ave+10003'
-74.0894,40.5868,0,1,'NYCromwell Ave10003+NYLaconia Ave+10003'
-74.0894,40.5896,0,1,'NYRaritan Ave10003+NYHylan Blvd+10003'
-74.0894,40.5961,0,1,'NYProvidence St10003|NYProvidence St10003+NYOld Town Rd+10003|NYProvidence St10003+NYCarmel Ct+10003|NYOld Town Rd10003+NYCarmel Ct+10003|NYCarmel Ct10003'
-74.0894,40.6016,0,1,'NYGateway Dr10003|NYGateway Dr10003+NYStanwich St+10003|NYGateway Dr10003+NYRome Ave+10003|NYStanwich St10003+NYRome Ave+10003|NYRome Ave10003'
-74.0894,40.6180,1,0,'NYSignal Hill Rd10003|NYSignal Hill Rd10003+NYSignal Hill Rd+10003'
-74.0894,40.5805,0,1,'NYSlater Blvd10003+NYNugent Ave+10003'
-74.0893,40.7146,0,1,'NJGrant Ave10003'
-74.0893,40.9677,0,1,'NJStony Ln10003|NJStony Ln10003+NJVictoria Ave+10003'
-74.0893,40.9390,0,1,'NJTwinberry Ct10003+NJWhite Pine Ct+10003|NJWhite Pine Ct10003'
-74.0892,40.6091,0,1,'NYRhine Ave10003|NYRhine Ave10003+NYNarrows Rd N+10003'
-74.0892,40.6028,0,2,'NYStanwich St10003+NYPamela Ln+10003|NYPamela Ln10003'
-74.0892,40.8624,0,2,'NJPassaic St10003+NJMarion Pepe Dr+10003|NJMarion Pepe Dr10003|NJMarion Pepe Dr10003+NJTerhune Ave+10003'
-74.0891,40.5841,0,9,'NYMason Ave10003+NYLiberty Ave+10003'
-74.0891,40.6040,0,1,'NYAlan Loop10003|NYAlan Loop10003+NYHay St+10003|NYHay St10003'
-74.0890,40.6936,0,1,'NJDanforth Ave10003+NJGarfield Ave+10003|NJCo Rd 60210003|NJCo Rd 60210003+NJGarfield Ave+10003'
-74.0889,40.6303,0,1,'NYVictory Blvd10003+NYForest Ave+10003|NYForest Ave10003'
-74.0888,40.6919,0,2,'NJLinden Ave10003|NJLinden Ave10003+NJLinden Ave E+10003|NJLinden Ave10003+NJPrinceton Ave+10003|NJLinden Ave E10003|NJLinden Ave E10003+NJPrinceton Ave+10003'
-74.0888,40.5732,0,1,'NYJason Ct10003'
-74.0888,40.5910,0,2,'NYBurgher Ave10003+NYAdele St+10003|NYAdele St10003'
-74.0888,40.6322,0,1,'NYWoodstock Ave10003+NYOxford Pl+10003'
-74.0888,40.6073,1,0,'NYClove Rd10003+NYOder Ave+10003'
-74.0887,40.6807,1,0,'NJIndustrial Dr10003+NJHarbor Dr+10003|NJHarbor Dr10003'
-74.0887,40.5876,0,1,'NYLaconia Ave10003+NYAlter Ave+10003'
-74.0886,40.6015,0,1,'NYCobblers Ln10003'
-74.0886,40.5996,0,4,'NYScranton St10003'
-74.0885,40.6226,1,3,'NYGreta Pl10003|NYGreta Pl10003+NYHoward Ave+10003'
-74.0885,40.8330,1,0,'NJPaterson Ave10003|NJPaterson Ave10003+NJState Rte 17+10003|NJPaterson Ave10003+NJ11th St+10003'
-74.0885,40.5848,0,1,'NYMason Ave10003+NYSeaview Ave+10003'
-74.0885,40.6234,0,1,'NYGrymes Hill Rd10003|NYGrymes Hill Rd10003+NYHoward Ave+10003'
-74.0884,40.7258,0,1,'NJState Rte 44010002|NJState Rte 44010002+NJState Rte 440+10002|NJState Rte 44010002+NJState Rte 1+10002|NJState Rte 110002'
-74.0884,40.8736,0,1,'NJMain St Byp10003+NJHunter St+10003|NJHunter St10003'
-74.0883,40.5961,0,2,'NYOld Town Rd10003+NYN Railroad Ave+10003|NYN Railroad Ave10003'
-74.0883,40.7437,1,0,'NJFish House Rd10002+NJFish House Rd+10002|NJState Rte 710002+NJFish House Rd+10002|NJFish House Rd10003'
-74.0883,40.6011,0,4,'NYGlendale Ave10003'
-74.0883,40.6166,0,1,'NYWoodside Ave10003'
-74.0882,40.5817,0,5,'NYDongan Hills Ave10003+NYNugent Ave+10003'
-74.0882,40.5882,0,1,'NYLaconia Ave10003+NYDelaware Ave+10003'
-74.0881,40.6090,0,2,'NYDekalb St10003+NYTargee St+10003'
-74.0881,40.6024,0,1,'NYGateway Dr10003+NYPamela Ln+10003|NYPamela Ln10003'
-74.0881,40.5945,0,1,'NYReid Ave10003|NYReid Ave10003+NYS Railroad Ave+10003'
-74.0881,40.5852,0,1,'NYGarretson Ave10003|NYGarretson Ave10003+NYMason Ave+10003'
-74.0881,40.6925,0,1,'NJDanforth Ave10003|NJDanforth Ave10003+NJPrinceton Ave+10003'
-74.0880,40.6202,0,1,'NYOakland Ter10003'
-74.0880,40.7380,1,0,'NJSip Ave10003'
-74.0879,40.6439,0,1,'NYNorthview Ct10003'
-74.0879,40.7198,0,1,'NJWilliams Ave10003+NJCo Rd 611+10003|NJWilliams Ave10003+NJMallory Ave+10003'
-74.0879,40.8844,0,1,'NJKeasler Ave10003|NJKeasler Ave10003+NJUS Rte 46+10003'
-74.0879,40.9694,0,1,'NJVictoria Ave10003'
-74.0877,40.6420,0,1,'NYCarlyle St10003'
-74.0877,40.5731,0,1,'NYHunter Ave10003|NYHunter Ave10003+NYFather Capodanno Blvd+10003'
-74.0877,40.8720,0,13,'NJCentral Ave10003'
-74.0876,40.8990,0,1,'NJDale Rd10003'
-74.0876,40.6316,0,5,'NYWoodstock Ave10003|NYWoodstock Ave10003+NYVictory Blvd+10003'
-74.0876,40.6185,0,1,'NYCentre Ave10003|NYCentre Ave10003+NYWoodside Ave+10003'
-74.0876,40.8732,0,3,'NJS Main St10003+NJHunter St+10003'
-74.0876,40.5858,0,4,'NYCromwell Ave10003|NYCromwell Ave10003+NYMason Ave+10003'
-74.0875,40.5964,0,1,'NYDawson Pl10003'
-74.0875,40.6029,0,3,'NYGateway Dr10003+NYStonegate Dr+10003'
-74.0875,40.5982,0,1,'NYN Railroad Ave10003+NYTacoma St+10003|NYTacoma St10003'
-74.0874,40.6086,0,1,'NYDekalb St10003+NYOder Ave+10003|NYOder Ave10003'
-74.0874,40.6476,1,1,'NYWestervelt Ave10003'
-74.0874,40.6159,1,0,'NYVan Duzer St10003+NYHillside Ave+10003'
-74.0874,40.7204,0,1,'NJUnion St10003|NJUnion St10003+NJCo Rd 611+10003|NJUnion St10003+NJMallory Ave+10003'
-74.0874,40.5922,0,1,'NYHylan Blvd10003+NYBenton Ave+10003'
-74.0873,40.6378,0,1,'NYBrighton Ave10003|NYBrighton Ave10003+NYJersey St+10003|NYBrighton Ave10003+NYScribner Ave+10003|NYJersey St10003+NYScribner Ave+10003|NYScribner Ave10003'
-74.0873,40.7138,0,1,'NJCo Rd 60810003+NJHalstead St+10003|NJHalstead St10003|NJHalstead St10003+NJClaremont Ave+10003'
-74.0872,40.7080,1,0,'NJAudubon Ave10003+NJState Rte 501+10003|NJAudubon Ave10003+NJJohn F Kennedy Blvd+10003'
-74.0872,40.6261,0,1,'NYHoward Cir10003'
-74.0872,40.6399,0,1,'NYHendricks Ave10003|NYHendricks Ave10003+NYJersey St+10003'
-74.0872,40.5794,0,3,'NYSlater Blvd10003+NYOlympia Blvd+10003'
-74.0871,40.5960,0,2,'NYOld Town Rd10003+NYOregon Rd+10003'
-74.0871,40.6366,0,1,'NYEly St10003|NYEly St10003+NYCorson Ave+10003'
-74.0871,40.6322,0,1,'NYAustin Pl10003|NYAustin Pl10003+NYVictory Blvd+10003'
-74.0871,40.6403,0,1,'NYPauw St10003|NYPauw St10003+NYJersey St+10003'
-74.0871,40.5831,0,1,'NYNugent Ave10003+NYLiberty Ave+10003'
-74.0870,40.8839,0,1,'NJKimmig Ave10003+NJUS Rte 46+10003'
-74.0870,40.6470,0,3,'NYWestervelt Ave10003+NYCarroll Pl+10003|NYCarroll Pl10003'
-74.0869,40.5909,0,3,'NYEvergreen Ave10003+NYJerome Rd+10003|NYJerome Rd10003'
-74.0869,40.6047,0,2,'NYWeser Ave10003'
-74.0869,40.5935,0,1,'NYHylan Blvd10003+NYBath Ave+10003|NYBath Ave10003'
-74.0868,40.6303,0,4,'NYLouis St10003+NYHoward Ave+10003|NYHoward Ave10003'
-74.0867,40.6345,0,1,'NYOxford Pl10003|NYOxford Pl10003+NYCebra Ave+10003|NYCebra Ave10003'
-74.0867,40.8476,0,1,'NJ3rd St10003|NJ3rd St10003+NJNorth Ave+10003|NJNorth Ave10003+NJThird St+10003|NJThird St10003'
-74.0866,40.6893,1,1,'NJI 7810001+NJCaven Point Rd+10001|NJCaven Point Rd10003|NJCaven Point Rd10003+NJLinden Ave E+10003|NJLinden Ave E10003'
-74.0866,40.8770,0,1,'NJArnot Pl10003|NJArnot Pl10003+NJN Mercer St+10003|NJN Mercer St10003'
-74.0866,40.8524,0,2,'NJ7th St10003+NJWindsor Rd+10003'
-74.0865,40.7722,1,1,'NJCo Rd 65710003|NJNew County Rd Exd10003'
-74.0865,40.5837,0,5,'NYNugent Ave10003|NYNugent Ave10003+NYSeaview Ave+10003'
-74.0865,40.6465,0,4,'NYWestervelt Ave10003+NYSt Marks Pl+10003|NYSt Marks Pl10003'
-74.0865,40.6095,0,1,'NYOder Ave10003+NYPierce St+10003'
-74.0865,40.7206,1,0,'NJClendenny Ave10003+NJMallory Ave+10003|NJMallory Ave10003'
-74.0863,40.5948,0,2,'NYHylan Blvd10003+NYDumont Ave+10003|NYDumont Ave10003'
-74.0863,40.8206,0,1,'NJE Union Ave10003'
-74.0862,40.6141,1,1,'NYCornell Pl10003|NYCornell Pl10003+NYVanderbilt Ave+10003'
-74.0861,40.8423,0,1,'NJMadison St10003|NJMadison St10003+NJ5th St+10003|NJMadison St10003+NJFifth St+10003|NJMadison St10003+NJCenter St+10003|NJ5th St10003|NJ5th St10003+NJCenter St+10003|NJFifth St10003|NJFifth St10003+NJCenter St+10003'
-74.0860,40.6459,0,1,'NYWestervelt Ave10003+NYHamilton Ave+10003|NYHamilton Ave10003'
-74.0860,40.5806,0,1,'NYDongan Hills Ave10003+NYOlympia Blvd+10003'
-74.0859,40.6354,0,1,'NYPine St10003'
-74.0859,40.5878,0,2,'NYRaritan Ave10003|NYRaritan Ave10003+NYMason Ave+10003'
-74.0859,40.5959,0,1,'NYHylan Blvd10003+NYOld Town Rd+10003|NYHylan Blvd10003+NYQuintard St+10003|NYHylan Blvd10003+NYDawson Pl+10003|NYOld Town Rd10003|NYOld Town Rd10003+NYQuintard St+10003|NYOld Town Rd10003+NYDawson Pl+10003|NYQuintard St10003|NYQuintard St10003+NYDawson Pl+10003|NYDawson Pl10003'
-74.0858,40.7308,0,1,'NJDuncan Ave10003+NJStockton Ave+10003|NJStockton Ave10003'
-74.0857,40.5756,0,1,'NYQuincy Ave10003'
-74.0857,40.6033,0,1,'NYCobblers Ln10003|NYCobblers Ln10003+NYCobblers Ln+10003'
-74.0855,40.6329,0,1,'NYClark Ln10003'
-74.0854,40.6019,0,1,'NYCobblers Ln10003|NYCobblers Ln10003+NYN Railroad Ave+10003'
-74.0854,40.6415,0,3,'NYBismark Ave10003|NYBismark Ave10003+NYLayton Ave+10003'
-74.0853,40.6309,0,3,'NYAustin Pl10003+NYNatalie Ct+10003|NYNatalie Ct10003'
-74.0853,40.6228,0,1,'NYVan Duzer St10003+NYBroad St+10003|NYBroad St10003'
-74.0852,40.7305,5,4,'NJUS Hwy 1 Trk10002+NJDuncan Ave+10002|NJState Rte 44010002+NJCo Rd 605+10002|NJState Rte 44010002+NJDuncan Ave+10002|NJCo Rd 60510003|NJCo Rd 60510003+NJState Rte 1+10003|NJUS Hwy 9 Trk10002+NJDuncan Ave+10002|NJState Rte 110002+NJDuncan Ave+10002'
-74.0852,40.8312,0,1,'NJPaterson Plank Rd10002+NJ16th St+10002|NJ16th St10003|NJ16th St10003+NJState Rte 120+10003'
-74.0851,40.5980,0,1,'NYWinfield Ave10003'
-74.0851,40.6075,0,1,'NYNarrows Rd N10003+NYNeckar Ave+10003|NYNeckar Ave10003'
-74.0851,40.6364,0,1,'NYJersey St10003+NYCastleton Ave+10003'
-74.0851,40.6003,0,1,'NYWhitney Ave10003+NYParkinson Ave+10003'
-74.0851,40.6446,0,1,'NYWestervelt Ave10003+NYCleveland St+10003|NYCleveland St10003'
-74.0850,40.6027,0,1,'NYGarretson Ln10003|NYGarretson Ln10003+NYN Railroad Ave+10003'
-74.0850,40.7648,1,2,'NJBrianna Ln10003'
-74.0850,40.7365,1,0,'NJUS Hwy 910002+NJSip Ave+10002|NJSip Ave10003+NJUS Hwy 1+10003|NJSip Ave10003+NJPulaski Skwy+10003'
-74.0850,40.5820,0,2,'NYOlympia Blvd10003+NYLiberty Ave+10003|NYLiberty Ave10003'
-74.0850,40.6455,0,1,'NYPhelps Pl10003'
-74.0849,40.5957,0,2,'NYQuintard St10003+NYJerome Rd+10003|NYJerome Rd10003'
-74.0849,40.6336,0,6,'NYChester Pl10003|NYChester Pl10003+NYCebra Ave+10003'
-74.0849,40.6111,0,1,'NYSaunder St10003|NYSaunder St10003+NYOder Ave+10003'
-74.0849,40.5747,1,4,'NYGraham Blvd10003|NYGraham Blvd10003+NYFather Capodanno Blvd+10003'
-74.0848,40.9348,0,1,'NJMulberry Ct10003'
-74.0848,40.6306,0,3,'NYWard Ave10003+NYAustin Pl+10003|NYAustin Pl10003'
-74.0848,40.6460,0,4,'NYPhelps Pl10003'
-74.0847,40.5761,0,1,'NYQuincy Ave10003+NYCherokee St+10003|NYComanche Ave10003+NYCherokee St+10003'
-74.0847,40.6475,0,3,'NYSt Peters Pl10003'
-74.0847,40.5997,0,1,'NYLeslie Ave10003+NYParkinson Ave+10003'
-74.0847,40.5914,0,1,'NYBenton Ave10003+NYHurlbert St+10003'
-74.0846,40.6152,0,1,'NYTargee St10003+NYVanderbilt Ave+10003|NYTargee St10003+NYHillside Ave+10003|NYVanderbilt Ave10003+NYHillside Ave+10003|NYHillside Ave10003'
-74.0846,40.8308,0,4,'NJPaterson Plank Rd10002+NJ17th St+10002|NJ17th St10003|NJ17th St10003+NJState Rte 120+10003'
-74.0846,40.6308,0,1,'NYPommer Ave10003|NYPommer Ave10003+NYWard Ave+10003'
-74.0846,40.6198,0,1,'NYTargee St10003+NYLaurel Ave+10003'
-74.0845,40.6382,0,2,'NYBismark Ave10003|NYBismark Ave10003+NYScribner Ave+10003'
-74.0845,40.4302,0,1,'NJMain St10003+NJOld Drift Rd+10003|NJOld Drift Rd10003'
-74.0845,40.8393,1,2,'NJ9th St10003+NJPassaic Ave+10003'
-74.0845,40.6482,0,3,'NYSt Peters Pl10003'
-74.0844,40.6082,0,2,'NYPierce St10003+NYNeckar Ave+10003'
-74.0844,40.6072,0,1,'NYNarrows Rd N10003+NYWeser Ave+10003|NYWeser Ave10003'
-74.0843,40.5826,0,3,'NYSeaview Ave10003+NYOlympia Blvd+10003|NYOlympia Blvd10003'
-74.0842,40.5929,0,3,'NYRuth Pl10003|NYRuth Pl10003+NYHurlbert St+10003'
-74.0842,40.7618,1,3,'NJNew County Rd10003'
-74.0841,40.6348,0,1,'NYRosewood Pl10003|NYRosewood Pl10003+NYBayview Pl+10003|NYBayview Pl10003'
-74.0841,40.9367,1,1,'NJScarlet Oak Ln10003|NJScarlet Oak Ln10003+NJW Century Rd+10003'
-74.0841,40.9343,0,2,'NJBalsam Ct10003'
-74.0840,40.7119,0,3,'NJCo Rd 60810003|NJCo Rd 60810003+NJState Rte 501+10003|NJCo Rd 60810003+NJJohn F Kennedy Blvd+10003|NJClaremont Ave10003+NJState Rte 501+10003|NJClaremont Ave10003+NJJohn F Kennedy Blvd+10003'
-74.0840,40.7660,5,4,'NJBrianna Ln10003+NJRiverside Station Blvd+10003|NJRiverside Station Blvd10003'
-74.0839,40.6036,0,1,'NYMc Call Pl10003|NYMc Call Pl10003+NYSheridan Ave+10003|NYSheridan Ave10003'
-74.0839,40.6293,0,1,'NYOccident Ave10003+NYMarion Ave+10003'
-74.0838,40.6042,0,1,'NYClove Rd10003+NYDarian St+10003|NYClove Rd10003+NYGiles Pl+10003|NYDarian St10003|NYDarian St10003+NYGiles Pl+10003|NYGiles Pl10003'
-74.0837,40.7125,0,1,'NJOrient Ave10003+NJState Rte 501+10003|NJOrient Ave10003+NJJohn F Kennedy Blvd+10003'
-74.0837,40.7661,0,3,'NJRiverside Station Blvd10003|NJRiverside Station Blvd10003+NJBrianna Ln+10003'
-74.0836,40.9217,0,1,'NJBridle Way10003+NJCleveland Ave+10003|NJCleveland Ave10003'
-74.0836,40.5979,0,1,'NYHylan Blvd10003+NYParkinson Ave+10003'
-74.0835,40.6091,0,2,'NYSteuben St10003+NYNeckar Ave+10003'
-74.0835,40.6250,0,1,'NYTargee St10003+NYPurroy Pl+10003|NYPurroy Pl10003'
-74.0835,40.6069,0,1,'NYElbe Ave10003|NYElbe Ave10003+NYNarrows Rd N+10003'
-74.0835,40.7154,1,0,'NJVirginia Ter10003|NJVirginia Ter10003+NJVirginia Ave+10003'
-74.0835,40.9697,1,1,'NJBeverwyck Pl E10003'
-74.0834,40.6323,0,4,'NYWard Ave10003+NYCebra Ave+10003'
-74.0834,40.8300,1,4,'NJPaterson Plank Rd10002+NJ19th St+10002|NJState Rte 12010002+NJ19th St+10002|NJ19th St10003'
-74.0834,40.8450,0,1,'NJMadison St10003+NJAnderson Ave+10003'
-74.0833,40.5948,0,1,'NYQuintard St10003+NYHurlbert St+10003|NYXenia St10003+NYHurlbert St+10003|NYHurlbert St10003'
-74.0833,40.6262,0,1,'NYFrean St10003|NYFrean St10003+NYTargee St+10003'
-74.0833,40.8543,1,1,'NJBoulevard10003+NJRoosevelt Ave+10003'
-74.0832,40.6370,0,1,'NYPike St10003|NYPike St10003+NYBrook St+10003'
-74.0832,40.6153,0,1,'NYNunley Ct10003'
-74.0831,40.6273,0,1,'NYVan Duzer St10003+NYTargee St+10003|NYTargee St10003'
-74.0830,40.6031,0,1,'NYClove Rd10003+NYLakeview Ter+10003|NYLakeview Ter10003'
-74.0830,40.6003,0,2,'NYLeslie Ave10003|NYLeslie Ave10003+NYWoodlawn Ave+10003|NYWoodlawn Ave10003'
-74.0830,40.7190,0,3,'NJCo Rd 60510003+NJClendenny Ave+10003|NJClendenny Ave10003+NJW Side Ave+10003'
-74.0830,40.7113,0,1,'NJBergen Ave10003+NJClaremont Ave+10003|NJClaremont Ave10003|NJClaremont Ave10003+NJCo Rd 607+10003'
-74.0829,40.7215,0,1,'NJOlean Ave10003|NJOlean Ave10003+NJCo Rd 612+10003|NJOlean Ave10003+NJCommunipaw Ave+10003'
-74.0829,40.6227,0,1,'NYWarren St10003|NYWarren St10003+NYGordon St+10003'
-74.0829,40.7422,1,0,'NJCo Rd 65910003|NJCo Rd 65910003+NJCo Rd 659+10003|NJCo Rd 65910003+NJNewark Tpke+10003|NJCo Rd 65910002|NJCo Rd 65910002+NJFish House Rd+10002|NJFish House Rd10003|NJFish House Rd10003+NJNewark Tpke+10003'
-74.0829,40.6412,0,2,'NYWestervelt Ave10003+NYTaft Ave+10003|NYTaft Ave10003'
-74.0828,40.6020,0,3,'NYSheridan Ave10003'
-74.0828,40.6087,0,1,'NYWeser Ave10003+NYSteuben St+10003'
-74.0827,40.8296,0,10,'NJPaterson Plank Rd10002+NJMurray Hill Pkwy+10002|NJPaterson Plank Rd10002+NJ20th St+10002|NJMurray Hill Pkwy10003|NJMurray Hill Pkwy10003+NJState Rte 120+10003|NJMurray Hill Pkwy10003+NJ20th St+10003|NJState Rte 12010002+NJ20th St+10002|NJ20th St10003'
-74.0827,40.6136,1,2,'NYPark Hill Ave10003+NYSobel Ct+10003|NYSobel Ct10003'
-74.0826,40.6348,0,4,'NYEdgar Ter10003|NYEdgar Ter10003+NYAvon Pl+10003'
-74.0826,40.6315,0,1,'NYCatlin Ave10003|NYCatlin Ave10003+NYCebra Ave+10003'
-74.0825,40.4306,0,1,'NJHarbor Way10003'
-74.0824,40.9235,1,0,'NJMackay Ave10003|NJMackay Ave10003+NJState Rte 4+10003'
-74.0823,40.6337,0,3,'NYWard Ave10003+NYBayview Pl+10003|NYBayview Pl10003'
-74.0823,40.6423,0,1,'NYFort Hill Pl10003'
-74.0822,40.6047,0,1,'NYHillcrest Ter10003|NYHillcrest Ter10003+NYHillcrest Ct+10003'
-74.0822,40.5815,0,10,'NYPatterson Ave10003|NYPatterson Ave10003+NYSeaview Ave+10003'
-74.0822,40.7750,1,2,'NJVenture Way10003'
-74.0821,40.9694,0,1,'NJRoosevelt Blvd10003'
-74.0821,40.6937,1,0,'NJI 7810001+NJChapel Ave+10001'
-74.0821,40.7668,1,18,'NJCo Rd 65710003+NJBrianna Ln+10003|NJBrianna Ln10003|NJBrianna Ln10003+NJNew County Rd Exd+10003'
-74.0821,40.6442,0,1,'NYDaniel Low Ter10003+NYCrescent Ave+10003|NYCrescent Ave10003'
-74.0820,40.6309,0,1,'NYMarion Ave10003|NYMarion Ave10003+NYDyson St+10003|NYMarion Ave10003+NYCebra Ave+10003|NYDyson St10003|NYDyson St10003+NYCebra Ave+10003'
-74.0819,40.6440,0,1,'NYDaniel Low Ter10003+NYBelmont Pl+10003|NYBelmont Pl10003'
-74.0819,40.7666,0,10,'NJNew County Rd10003|NJNew County Rd10003+NJNew County Rd Exd+10003|NJCounty Ave Exd10003|NJCounty Ave Exd10003+NJNew County Rd Exd+10003|NJNew County Rd Exd10003'
-74.0818,40.6015,0,2,'NYClove Rd10003+NYWhitney Ave+10003|NYWhitney Ave10003'
-74.0818,40.6366,0,1,'NYWestervelt Ave10003|NYWestervelt Ave10003+NYFiedler Ave+10003|NYWestervelt Ave10003+NYVictory Blvd+10003|NYFiedler Ave10003|NYFiedler Ave10003+NYVictory Blvd+10003'
-74.0818,40.8097,2,2,'NJState Rte 310002|NJState Rte 310002+NJState Rte 3+10002'
-74.0817,40.8860,0,1,'NJMain St10003+NJAve A+10003|NJAve A10003'
-74.0817,40.7272,1,1,'NJGautier Ave10003|NJGautier Ave10003+NJMallory Ave+10003|NJMallory Ave10003'
-74.0817,40.6043,0,1,'NYLakeview Ter10003|NYLakeview Ter10003+NYHillcrest Ct+10003'
-74.0817,40.7023,0,1,'NJDwight St10003|NJDwight St10003+NJOcean Ave+10003|NJOcean Ave10003'
-74.0817,40.6436,0,7,'NYFort Hill Cir10003'
-74.0816,40.7289,1,1,'NJDuncan Ave10003+NJPlainfield Ave+10003|NJPlainfield Ave10003'
-74.0816,40.6933,0,1,'NJCaven Point Rd10003+NJChapel Ave+10003'
-74.0816,40.6268,0,1,'NYHygeia Pl10003|NYHygeia Pl10003+NYGrove St+10003'
-74.0816,40.8735,0,1,'NJMercer Pl10003|NJMercer Pl10003+NJWashington St+10003'
-74.0815,40.6434,0,1,'NYVine St10003|NYVine St10003+NYDaniel Low Ter+10003'
-74.0815,40.5981,0,1,'NYNorway Ave10003+NYKermit Ave+10003|NYKermit Ave10003'
-74.0814,40.7632,0,7,'NJRiverside Station Blvd10003|NJRiverside Station Blvd10003+NJRiverside Station Blvd+10003|NJRiverside Station Blvd10003+NJEmily Dr+10003|NJEmily Dr10003'
-74.0814,40.6248,0,2,'NYHudson St10003+NYGray St+10003|NYGray St10003'
-74.0814,40.7209,0,1,'NJCo Rd 60510003+NJCo Rd 612+10003|NJCo Rd 60510003+NJCommunipaw Ave+10003|NJCo Rd 61210003+NJW Side Ave+10003|NJCommunipaw Ave10003+NJW Side Ave+10003'
-74.0814,40.6313,0,1,'NYDyson St10003'
-74.0813,40.8985,1,0,'NJFranklin Ave10003|NJFranklin Ave10003+NJSaddle River Rd+10003'
-74.0813,40.6066,0,1,'NYPierce St10003'
-74.0813,40.6292,0,1,'NYWright St10003'
-74.0812,40.6002,0,1,'NYClove Rd10003+NYFayette Ave+10003|NYFayette Ave10003'
-74.0811,40.7345,10,8,'NJUS Hwy 1 Trk10002+NJSip Ave+10002|NJState Rte 44010002+NJSip Ave+10002|NJUS Hwy 9 Trk10002+NJSip Ave+10002|NJState Rte 110002+NJSip Ave+10002'
-74.0811,40.6425,0,2,'NYFort Hill Cir10003'
-74.0809,40.6272,0,1,'NYGrove St10003'
-74.0807,40.7217,1,6,'NJHarrison Ave10003|NJHarrison Ave10003+NJW Side Ave+10003'
-74.0807,40.6473,0,1,'NYNicholas St10003'
-74.0806,40.6380,0,1,'NYSherman Ave10003|NYSherman Ave10003+NYCorson Ave+10003'
-74.0806,40.7622,1,1,'NJRiverside Station Blvd10003|NJRiverside Station Blvd10003+NJNew County Rd+10003'
-74.0806,40.6268,0,9,'NYCourt St10003+NYTompkins Pl+10003|NYTompkins Pl10003'
-74.0806,40.6417,0,2,'NYFort Pl10003+NYDaniel Low Ter+10003'
-74.0805,40.6173,0,2,'NYPark Hill Ave10003+NYOsgood Ave+10003'
-74.0804,40.8491,1,3,'NJHackensack St10003+NJWindsor Rd+10003|NJWindsor Rd10003'
-74.0804,40.6312,0,1,'NYSt Pauls Ave10003+NYTaxter Pl+10003|NYTaxter Pl10003'
-74.0803,40.9691,0,2,'NJSycamore St10003'
-74.0803,40.6244,0,1,'NYBroad St10003+NYCedar St+10003|NYCedar St10003'
-74.0803,40.5927,0,2,'NYCameron Ave10003+NYParkinson Ave+10003|NYParkinson Ave10003'
-74.0803,40.6448,0,1,'NYSt Marks Pl10003+NYHamilton Ave+10003'
-74.0803,40.6091,0,2,'NYMosel Ave10003+NYManton Pl+10003|NYManton Pl10003'
-74.0802,40.4337,0,2,'NJMain St10003'
-74.0802,40.6263,0,1,'NYBoyd St10003+NYCourt St+10003|NYCourt St10003'
-74.0801,40.8449,0,1,'NJMoonachie Ave10003+NJJefferson St+10003|NJJefferson St10003'
-74.0801,40.7224,0,2,'NJBentley Ave10003|NJBentley Ave10003+NJW Side Ave+10003'
-74.0800,40.7858,1,0,'NJSea Isle Key10003'
-74.0799,40.5804,0,2,'NYQuincy Ave10003|NYQuincy Ave10003+NYSeaview Ave+10003'
-74.0799,40.6097,0,2,'NYLeewood Loop10003'
-74.0798,40.5906,0,3,'NYWinfield St10003|NYWinfield St10003+NYNugent Ave+10003'
-74.0798,40.7640,0,12,'NJCo Rd 65710003+NJEmily Dr+10003|NJNew County Rd10003+NJEmily Dr+10003|NJEmily Dr10003|NJEmily Dr10003+NJCounty Ave Exd+10003'
-74.0797,40.7867,0,1,'NJSunset Key10003'
-74.0797,40.7843,0,7,'NJTopsail Ln10003|NJTopsail Ln10003+NJLower Roadway+10003|NJLower Roadway10003'
-74.0797,40.6419,0,4,'NYMonroe Ave10003|NYMonroe Ave10003+NYFort Pl+10003'
-74.0795,40.5966,0,1,'NYKramer St10003+NYMallory Ave+10003|NYMallory Ave10003'
-74.0795,40.8057,2,29,'NJMeadowlands Plz10003'
-74.0795,40.8500,0,1,'NJHackensack St10003+NJW Ridge Mews+10003|NJW Ridge Mews10003'
-74.0795,40.7231,0,1,'NJGifford Ave10003|NJGifford Ave10003+NJW Side Ave+10003'
-74.0795,40.7046,1,0,'NJOcean Ave10003+NJBayview Ave+10003'
-74.0794,40.6189,0,1,'NYPleasant Pl10003|NYPleasant Pl10003+NYVanderbilt Ave+10003'
-74.0794,40.7082,4,3,'NJRose Ave10003|NJRose Ave10003+NJGrant Ave+10003'
-74.0794,40.6450,0,7,'NYAcademy Pl10003'
-74.0793,40.6000,0,2,'NYRadcliff Rd10003|NYRadcliff Rd10003+NYAllendale Rd+10003'
-74.0793,40.8871,0,1,'NJAve D10003+NJGrant St+10003'
-74.0793,40.6007,0,1,'NYAllendale Rd10003+NYBeverly Rd+10003|NYBeverly Rd10003'
-74.0792,40.6402,0,4,'NYMonroe Ave10003+NYBenziger Ave+10003|NYBenziger Ave10003'
-74.0792,40.6014,0,2,'NYAllendale Rd10003'
-74.0792,40.8831,0,1,'NJGaribaldi Ave10003+NJBrook St+10003'
-74.0791,40.7877,0,2,'NJSandcastle Key10003'
-74.0791,40.6433,0,3,'NYSt Marks Pl10003+NYWall St+10003|NYWall St10003'
-74.0791,40.6419,0,2,'NYFort Pl10003+NYBelmont Pl+10003|NYBelmont Pl10003'
-74.0791,40.7340,0,1,'NJFreeman Ave10003|NJFreeman Ave10003+NJSip Ave+10003'
-74.0790,40.6313,0,1,'NYWilliam St10003|NYWilliam St10003+NYJackson St+10003|NYJackson St10003'
-74.0790,40.6071,0,1,'NYVirginia Ave10003|NYVirginia Ave10003+NYPennsylvania Ave+10003|NYPennsylvania Ave10003'
-74.0790,40.6991,0,1,'NJRichard St10003'
-74.0789,40.8445,1,0,'NJState Rte 1710002+NJMoonachie Ave+10002'
-74.0789,40.7629,3,3,'NJCo Rd 65710003|NJCo Rd 65710003+NJNew County Rd+10003|NJNew County Rd10003|NJNew County Rd10003+NJNew County Rd+10003|NJNew County Rd10003+NJCounty Ave Exd+10003|NJCounty Ave Exd10003'
-74.0789,40.8769,0,1,'NJChristie St10003|NJChristie St10003+NJChurch St+10003'
-74.0789,40.5939,0,1,'NYNorway Ave10003+NYMcClean Ave+10003|NYMcClean Ave10003'
-74.0788,40.6464,0,4,'NYStuyvesant Pl10003'
-74.0788,40.7347,1,3,'NJFreeman Ave10003|NJFreeman Ave10003+NJLogan Ave+10003|NJLogan Ave10003'
-74.0788,40.8507,0,1,'NJHackensack St10003|NJHackensack St10003+NJTerrace Ave+10003|NJTerrace Ave10003'
-74.0788,40.7846,0,1,'NJTopsail Ln10003|NJTopsail Ln10003+NJSpinnaker Ct+10003'
-74.0788,40.6075,0,2,'NYVirginia Ave10003+NYPennsylvania Ave+10003|NYVirginia Ave10003+NYRockwell Ave+10003|NYPennsylvania Ave10003|NYPennsylvania Ave10003+NYRockwell Ave+10003'
-74.0788,40.5910,0,3,'NYNugent Ave10003+NYVulcan St+10003|NYVulcan St10003'
-74.0787,40.7088,0,1,'NJRose Ave10003+NJClaremont Ave+10003'
-74.0787,40.8508,0,1,'NJLincoln Ave10003|NJLincoln Ave10003+NJTerrace Ave+10003'
-74.0787,40.6274,0,1,'NYBoyd St10003|NYBoyd St10003+NYWright St+10003'
-74.0786,40.6301,0,1,'NYVan Duzer St10003+NYSands St+10003|NYSands St10003'
-74.0786,40.8945,0,1,'NJI 8010001+NJMain St+10001'
-74.0786,40.8414,1,0,'NJBlum Blvd10003+NJOak St+10003|NJOak St10003'
-74.0786,40.6036,0,1,'NYOverlook Ter10003'
-74.0786,40.7188,0,1,'NJClinton Ave10003+NJState Rte 501+10003|NJClinton Ave10003+NJJohn F Kennedy Blvd+10003'
-74.0785,40.7813,0,4,'NJMeadowlands Pkwy10003+NJSecaucus Rd+10003|NJSecaucus Rd10003'
-74.0785,40.7855,0,2,'NJMainsail Ln10003'
-74.0785,40.6349,0,3,'NYSt Pauls Ave10003+NYSwan St+10003'
-74.0784,40.6438,0,1,'NYWall St10003+NYAcademy Pl+10003|NYAcademy Pl10003'
-74.0784,40.5984,0,9,'NYHylan Blvd10003+NYKensington Ave+10003|NYKensington Ave10003'
-74.0784,40.6452,0,2,'NYStuyvesant Pl10003+NYHamilton Ave+10003'
-74.0784,40.7106,0,1,'NJKearney Ave10003+NJHart St+10003|NJHart St10003'
-74.0784,40.5917,0,1,'NYTony Ct10003'
-74.0783,40.8478,0,1,'NJWindsor Rd10003+NJWood Ridge St+10003'
-74.0783,40.7145,0,1,'NJSackett St10003|NJSackett St10003+NJOak St+10003'
-74.0783,40.6137,0,1,'NYCircle Loop10003+NYSkyline Dr+10003'
-74.0783,40.8443,0,2,'NJPark Pl E10003+NJMoonachie Ave+10003'
-74.0782,40.7245,1,1,'NJKensington Ave10003|NJKensington Ave10003+NJW Side Ave+10003|NJW Side Ave10003'
-74.0782,40.7373,2,1,'NJState Rte 44010002|NJState Rte 110002'
-74.0782,40.6421,0,5,'NYFort Pl10003|NYFort Pl10003+NYSt Marks Pl+10003'
-74.0782,40.7166,0,1,'NJBergen Ave10003+NJClendenny Ave+10003|NJClendenny Ave10003|NJClendenny Ave10003+NJCo Rd 607+10003'
-74.0782,40.6855,3,4,'NJLinden Ave10003'
-74.0782,40.7291,2,2,'NJBelvidere Ave10003'
-74.0782,40.7037,1,1,'NJCo Rd 61310003|NJCo Rd 61310003+NJBayview Ave+10003|NJArlington Ave10003|NJArlington Ave10003+NJBayview Ave+10003'
-74.0781,40.7064,0,1,'NJOcean Ave10003|NJOcean Ave10003+NJMyrtle Ave+10003|NJMyrtle Ave10003'
-74.0781,40.6069,0,3,'NYRockwell Ave10003|NYRockwell Ave10003+NYClifton Ave+10003|NYClifton Ave10003'
-74.0781,40.6154,0,1,'NYOsgood Ave10003+NYGreenfield Ave+10003|NYGreenfield Ave10003'
-74.0779,40.6021,0,2,'NYWindermere Rd10003+NYOverlook Ter+10003|NYOverlook Ter10003'
-74.0779,40.6381,0,1,'NYMontgomery Ave10003'
-74.0779,40.6416,0,1,'NYSt Marks Pl10003+NYHyatt St+10003|NYHyatt St10003'
-74.0779,40.6056,0,1,'NYNarrows Rd S10003|NYNarrows Rd S10003+NYNarrows Rd S+10003|NYNarrows Rd S10006|NYNarrows Rd S10006+NYHylan Blvd+10006'
-74.0779,40.7249,0,1,'NJW Side Ave10003+NJJewett Ave+10003|NJJewett Ave10003'
-74.0778,40.7863,0,1,'NJSunset Key10003'
-74.0778,40.7859,0,1,'NJHarmon Blvd10003|NJHarmon Blvd10003+NJSea Isle Key+10003|NJSea Isle Key10003'
-74.0778,40.5973,0,6,'NYKramer St10003+NYKensington Ave+10003'
-74.0778,40.6235,0,4,'NYQuinn St10003|NYQuinn St10003+NYHarrison St+10003|NYHarrison St10003'
-74.0778,40.5793,0,3,'NYSeaview Ave10003|NYSeaview Ave10003+NYFather Capodanno Blvd+10003'
-74.0778,40.6441,0,1,'NYWall St10003+NYStuyvesant Pl+10003'
-74.0777,40.6063,0,2,'NYStaten Island Pkwy10001+NYHylan Blvd+10001|NYI 27810001+NYHylan Blvd+10001'
-74.0777,40.7833,0,2,'NJWhimbrel Ln10003'
-74.0777,40.5992,0,3,'NYSteuben St10003+NYNormalee Rd+10003|NYNormalee Rd10003'
-74.0777,40.6182,0,1,'NYFairway Ave10003+NYKimberly Ln+10003|NYKimberly Ln10003'
-74.0777,40.6455,0,6,'NYHamilton Ave10003'
-74.0776,40.7253,0,2,'NJW Side Ave10003+NJGautier Ave+10003|NJGautier Ave10003'
-74.0776,40.6037,0,4,'NYSteuben St10003|NYSteuben St10003+NYOlga Pl+10003|NYSteuben St10003+NYHylan Blvd+10003|NYOlga Pl10003|NYOlga Pl10003+NYHylan Blvd+10003|NYHylan Blvd10003'
-74.0776,40.8732,0,1,'NJJames Pl10003|NJJames Pl10003+NJUnion St+10003'
-74.0775,40.7271,2,2,'NJDelaware Ave10003+NJDuncan Ave+10003'
-74.0775,40.6069,0,1,'NYNarrows Rd N10006+NYHylan Blvd+10006'
-74.0774,40.7004,0,1,'NJWegman Ct10003'
-74.0773,40.5981,0,5,'NYJerome Ave10003'
-74.0773,40.7257,0,2,'NJW Side Ave10003+NJFairview Ave+10003|NJFairview Ave10003'
-74.0772,40.7201,0,2,'NJHarrison Ave10003+NJState Rte 501+10003|NJHarrison Ave10003+NJJohn F Kennedy Blvd+10003'
-74.0772,40.7335,1,1,'NJSip Ave10003+NJEmerson Ave+10003'
-74.0772,40.6028,0,1,'NYBrady Pl10003'
-74.0772,40.7019,0,1,'NJBidwell Ave10003|NJBidwell Ave10003+NJGarfield Ave+10003'
-74.0771,40.7019,0,1,'NJE Bidwell Ave10003|NJE Bidwell Ave10003+NJGarfield Ave+10003'
-74.0771,40.6323,0,1,'NYVan Duzer St10003+NYClinton St+10003'
-74.0771,40.7877,0,2,'NJSandpiper Key Rd10003'
-74.0770,40.6431,0,1,'NYSchuyler St10003|NYSchuyler St10003+NYStuyvesant Pl+10003'
-74.0770,40.8544,0,1,'NJTerrace Ave10003+NJSpringfield Ave+10003'
-74.0770,40.6378,0,1,'NYSt Marks Pl10003|NYSt Marks Pl10003+NYVictory Blvd+10003'
-74.0769,40.6002,0,2,'NYBeverly Rd10003'
-74.0768,40.8552,1,7,'NJTerrace Ave10003+NJPassaic Ave+10003'
-74.0768,40.6445,0,1,'NYWall St10003'
-74.0768,40.7837,1,0,'NJMeadowlands Pkwy10003+NJSecaucus Rd+10003|NJSecaucus Rd10003'
-74.0768,40.8893,1,1,'NJAnnette Ter10003'
-74.0767,40.6021,0,2,'NYWindermere Rd10003'
-74.0767,40.6005,0,8,'NYBeverly Rd10003'
-74.0767,40.7162,0,1,'NJSackett St10003+NJBramhall Ave+10003'
-74.0767,40.6055,2,2,'NYNarrows Rd S10006+NYHylan Blvd+10006'
-74.0767,40.6080,0,1,'NYDonley Ave10003|NYDonley Ave10003+NYHylan Blvd+10003'
-74.0767,40.6296,1,1,'NYWave St10003+NYBay St+10003'
-74.0766,40.5983,0,1,'NYBriarcliff Rd10003'
-74.0766,40.7208,0,1,'NJBentley Ave10003+NJState Rte 501+10003|NJBentley Ave10003+NJJohn F Kennedy Blvd+10003'
-74.0766,40.8067,3,20,'NJMeadowlands Plz10003'
-74.0766,40.6021,0,6,'NYWindermere Rd10003'
-74.0765,40.6063,0,1,'NYStaten Island Pkwy10001+NYHylan Blvd+10001|NYI 27810001+NYHylan Blvd+10001'
-74.0765,40.5898,0,2,'NYLava St10003|NYLava St10003+NYVulcan St+10003'
-74.0765,40.6285,0,1,'NYProspect St10003+NYBay St+10003'
-74.0764,40.6068,0,5,'NYNarrows Rd N10006+NYHylan Blvd+10006'
-74.0764,40.6313,0,1,'NYBaltic St10003'
-74.0763,40.7055,0,2,'NJCo Rd 61310003+NJMyrtle Ave+10003|NJArlington Ave10003+NJMyrtle Ave+10003'
-74.0763,40.9092,1,0,'NJCrescent St10003|NJCrescent St10003+NJCedar Dr+10003|NJCrescent St10003+NJEldorado Ct+10003|NJCedar Dr10003|NJCedar Dr10003+NJEldorado Ct+10003|NJEldorado Ct10003'
-74.0763,40.8724,1,0,'NJWoodside Ave10003|NJWoodside Ave10003+NJUnion St+10003'
-74.0763,40.7848,0,1,'NJMeadowlands Pkwy10003+NJAmerican Way+10003|NJAmerican Way10003'
-74.0763,40.7333,2,6,'NJHolmes Ave10003|NJHolmes Ave10003+NJSip Ave+10003'
-74.0762,40.7256,0,1,'NJApollo St10003'
-74.0762,40.5981,0,1,'NYKramer St10003|NYKramer St10003+NYHylan Blvd+10003|NYKramer St10003+NYBionia Ave+10003|NYHylan Blvd10003+NYBionia Ave+10003|NYBionia Ave10003'
-74.0762,40.6054,0,4,'NYNarrows Rd S10006+NYHylan Blvd+10006|NYHylan Blvd10003'
-74.0761,40.6435,1,9,'NYRichmond Ter10003+NYSchuyler St+10003|NYSchuyler St10003'
-74.0761,40.6082,0,1,'NYMaryland Ave10003|NYMaryland Ave10003+NYHylan Blvd+10003|NYMaryland Ln10003|NYMaryland Ln10003+NYHylan Blvd+10003'
-74.0761,40.7275,1,0,'NJFairmount Ave10003|NJFairmount Ave10003+NJW Side Ave+10003'
-74.0761,40.7215,0,2,'NJGifford Ave10003+NJState Rte 501+10003|NJGifford Ave10003+NJJohn F Kennedy Blvd+10003'
-74.0760,40.6377,0,2,'NYCentral Ave10003|NYCentral Ave10003+NYVictory Blvd+10003|NYCentral Ave10003+NYBay St+10003|NYVictory Blvd10003+NYBay St+10003'
-74.0760,40.9340,0,1,'NJCollege Rd10009'
-74.0760,40.6026,0,3,'NYWindermere Rd10003|NYWindermere Rd10003+NYPouch Ter+10003'
-74.0759,40.6168,0,1,'NYSandra Ln10003|NYSandra Ln10003+NYGreenfield Ave+10003'
-74.0759,40.7321,0,1,'NJBryant Ave10003'
-74.0759,40.6025,0,2,'NYPouch Ter10003+NYWindermere Rd+10003|NYWindermere Rd10003'
-74.0758,40.6359,0,1,'NYHannah St10003+NYBay St+10003'
-74.0758,40.6412,0,1,'NYBay St10003|NYBay St10003+NYBay St+10003'
-74.0758,40.6087,0,3,'NYHylan Blvd10003|NYHylan Blvd10003+NYColton St+10003|NYHylan Blvd10003+NYHylan Blvd+10003|NYColton St10003|NYColton St10003+NYHylan Blvd+10003'
-74.0758,40.7902,0,1,'NJCove Ct10003'
-74.0757,40.6043,0,5,'NYOlga Pl10003|NYOlga Pl10003+NYHylan Blvd+10003'
-74.0757,40.7872,0,1,'NJEgret Ln10003'
-74.0757,40.7263,4,4,'NJDuncan Ave10003+NJApollo St+10003|NJApollo St10003'
-74.0757,40.7110,0,4,'NJOcean Ave10003+NJVirginia Ave+10003|NJVirginia Ave10003'
-74.0757,40.7220,1,2,'NJLincoln Park10003'
-74.0756,40.7642,2,10,'NJCastle Rd10003|NJCastle Rd10003+NJNew County Rd+10003'
-74.0756,40.6267,1,0,'NYCanal St10003+NYBay St+10003'
-74.0755,40.6397,0,3,'NYSlosson Ter10003'
-74.0755,40.7052,0,1,'NJMyrtle Ave10003+NJRandolph Ave+10003|NJRandolph Ave10003'
-74.0755,40.7882,0,2,'NJMarina Ky10003'
-74.0755,40.7415,0,1,'NJSt Pauls Ave10003|NJSt Pauls Ave10003+NJDuffield Ave+10003|NJSt Pauls Ave10003+NJCo Rd 643+10003|NJDuffield Ave10003+NJSaint Pauls Ave+10003|NJDuffield Ave10003+NJCo Rd 646+10003|NJCo Rd 64310003|NJCo Rd 64310003+NJSaint Pauls Ave+10003|NJCo Rd 64310003+NJCo Rd 646+10003|NJSaint Pauls Ave10003|NJCo Rd 64610003'
-74.0755,40.7283,1,0,'NJCo Rd 64110003|NJCo Rd 64110003+NJMontgomery St+10003|NJW Side Ave10003+NJMontgomery St+10003|NJMontgomery St10003'
-74.0755,40.5901,0,1,'NYMallory Ave10003+NYLava St+10003|NYLava St10003'
-74.0754,40.6066,0,3,'NYSaint Johns Ave10003|NYSaint Johns Ave10003+NYNarrows Rd N+10003'
-74.0754,40.7253,0,1,'NJDuncan Ct10003'
-74.0753,40.6331,1,0,'NYGrant St10003|NYGrant St10003+NYBay St+10003'
-74.0753,40.7331,1,1,'NJBryant Ave10003+NJSip Ave+10003'
-74.0753,40.8935,1,1,'NJEssex St10003+NJRiverview Ave+10003|NJRiverview Ave10003'
-74.0753,40.6242,0,1,'NYHarrison St10003+NYBrownell St+10003|NYBrownell St10003'
-74.0753,40.6092,0,1,'NYKay Pl10003|NYKay Pl10003+NYHylan Blvd+10003'
-74.0753,40.6182,0,1,'NYTompkins Ave10003+NYKimberly Ln+10003|NYKimberly Ln10003'
-74.0753,40.6378,0,2,'NYMinthorne St10003|NYMinthorne St10003+NYVictory Blvd+10003'
-74.0752,40.7338,0,1,'NJWright Ave10003|NJWright Ave10003+NJLogan Ave+10003'
-74.0751,40.5930,1,1,'NYKensington Ave10003+NYFoch Ave+10003'
-74.0751,40.6903,0,2,'NJConstellation Pl10003'
-74.0751,40.7230,0,2,'NJState Rte 50110002+NJKensington Ave+10002|NJKensington Ave10003+NJJohn F Kennedy Blvd+10003'
-74.0750,40.6117,0,1,'NYVirginia Ave10003|NYVirginia Ave10003+NYFletcher St+10003'
-74.0750,40.5988,0,2,'NYAltavista Ct10003'
-74.0750,40.8583,0,2,'NJWalter Ave10003|NJWalter Ave10003+NJTerrace Ave+10003'
-74.0750,40.6003,1,11,'NYBriarcliff Rd10003|NYBriarcliff Rd10003+NYW Fingerboard Rd+10003|NYBriarcliff Rd10003+NYFingerboard Rd+10003|NYW Fingerboard Rd10003|NYW Fingerboard Rd10003+NYW Fingerboard Rd+10003|NYFingerboard Rd10003|NYFingerboard Rd10003+NYW Fingerboard Rd+10003'
-74.0750,40.6173,0,1,'NYTompkins Ave10003+NYGreenfield Ave+10003'
-74.0750,40.7259,0,2,'NJDuncan Ct10003|NJDuncan Ct10003+NJDuncan Ave+10003'
-74.0749,40.6899,0,2,'NJConstellation Way10003'
-74.0749,40.6071,0,2,'NYSaint Johns Ave10003+NYDonley Ave+10003|NYDonley Ave10003'
-74.0749,40.6053,0,3,'NYNarrows Rd S10006+NYLegion Pl+10006|NYLegion Pl10003'
-74.0749,40.7383,0,1,'NJUS Hwy 910002+NJNewark Ave+10002|NJUS Hwy 910002+NJState Rte 7+10002|NJUS Hwy 910002+NJCo Rd 644+10002|NJNewark Ave10003|NJNewark Ave10003+NJState Rte 7+10003|NJNewark Ave10003+NJUS Hwy 1+10003|NJNewark Ave10003+NJNewark Ave+10003|NJNewark Ave10003+NJPulaski Skwy+10003|NJState Rte 710002|NJState Rte 710002+NJUS Hwy 1+10002|NJState Rte 710002+NJPulaski Skwy+10002|NJState Rte 710002+NJCo Rd 644+10002|NJUS Hwy 110002+NJNewark Ave+10002|NJUS Hwy 110002+NJCo Rd 644+10002|NJNewark Ave10002|NJNewark Ave10002+NJPulaski Skwy+10002|NJNewark Ave10002+NJCo Rd 644+10002|NJPulaski Skwy10002+NJCo Rd 644+10002|NJCo Rd 64410003'
-74.0749,40.7153,0,1,'NJMartin Luther King Dr10003+NJBramhall Ave+10003|NJBramhall Ave10003+NJCo Rd 609+10003'
-74.0749,40.5976,0,7,'NYHylan Blvd10003+NYHickory Ave+10003|NYHickory Ave10003'
-74.0749,40.6087,0,2,'NYKay Pl10003|NYKay Pl10003+NYMaryland Ave+10003|NYKay Pl10003+NYMaryland Ln+10003'
-74.0748,40.6019,0,1,'NYPiedmont Ave10003+NYVista Pl+10003|NYVista Pl10003'
-74.0748,40.7428,0,1,'NJDuffield Ave10003+NJMeadow St+10003|NJCo Rd 64310003+NJMeadow St+10003|NJMeadow St10003'
-74.0747,40.6880,0,2,'NJIndependence Way10003|NJIndependence Way10003+NJChapel Ave+10003'
-74.0747,40.7050,0,1,'NJMyrtle Ave10003|NJMyrtle Ave10003+NJGarfield Ave+10003'
-74.0747,40.7369,0,1,'NJWallis Ave10003+NJCo Rd 642+10003|NJWallis Ave10003+NJBroadway+10003'
-74.0747,40.7235,0,1,'NJJewett Ave10003+NJState Rte 501+10003|NJJewett Ave10003+NJJohn F Kennedy Blvd+10003'
-74.0746,40.5913,0,1,'NYPearsall St10003|NYPearsall St10003+NYOlympia Blvd+10003'
-74.0746,40.6885,0,1,'NJW Shearwater Ct10003'
-74.0745,40.5954,0,2,'NYMcClean Ave10003+NYBionia Ave+10003'
-74.0745,40.6073,0,4,'NYSaint Johns Ave10003+NYColton St+10003|NYColton St10003'
-74.0745,40.8589,0,1,'NJHamilton Ave10003|NJHamilton Ave10003+NJTerrace Ave+10003'
-74.0745,40.7903,0,1,'NJCove Ct10003|NJCove Ct10003+NJCove Ct+10003'
-74.0745,40.6890,1,2,'NJConstellation Way10003|NJConstellation Way10003+NJConstellation Pl+10003|NJConstellation Pl10003'
-74.0745,40.7659,1,0,'NJSeaview Ave10003'
-74.0745,40.6657,0,1,'NJPort Terminal Blvd10003'
-74.0744,40.6093,0,1,'NYMaryland Ln10003'
-74.0744,40.7091,0,1,'NJCo Rd 61310003+NJCarteret Ave+10003|NJArlington Ave10003+NJCarteret Ave+10003'
-74.0744,40.6883,0,1,'NJIndependence Way10003+NJW Shearwater Ct+10003'
-74.0743,40.7150,0,1,'NJMonticello Ave10003|NJMonticello Ave10003+NJBramhall Ave+10003'
-74.0743,40.6027,0,1,'NYPiedmont Ave10003+NYHylan Blvd+10003'
-74.0742,40.7300,0,2,'NJCo Rd 64110003+NJHighland Ave+10003|NJW Side Ave10003+NJHighland Ave+10003|NJHighland Ave10003'
-74.0742,40.6065,0,2,'NYMendelsohn St10003'
-74.0742,40.6100,1,0,'NYHylan Blvd10003+NYReynolds St+10003'
-74.0741,40.9699,0,1,'NJCrabtree Ln10003'
-74.0741,40.7243,0,2,'NJFairview Ave10003+NJState Rte 501+10003|NJFairview Ave10003+NJJohn F Kennedy Blvd+10003'
-74.0741,40.7131,0,2,'NJOcean Ave10003+NJUnion St+10003|NJOcean Ave10003+NJCo Rd 610+10003|NJCo Rd 61010003'
-74.0740,40.6904,0,1,'NJFreedom Way10003'
-74.0740,40.8057,0,3,'NJState Rte 12010002|NJState Rte 12010002+NJState Rte 3+10002'
-74.0738,40.6896,0,3,'NJAurora Pl10003+NJConstitution Way+10003|NJConstitution Way10003'
-74.0738,40.7740,1,0,'NJHartz Way10003'
-74.0737,40.6379,0,5,'NYBay Street Lndg10003|NYBay Street Lndg10003+NYVictory Blvd+10003|NYBay Street Lndg10003+NYMurray Hulbert Ave+10003|NYVictory Blvd10003|NYVictory Blvd10003+NYMurray Hulbert Ave+10003|NYMurray Hulbert Ave10003'
-74.0737,40.6889,0,2,'NJIndependence Way10003+NJAurora Pl+10003|NJAurora Pl10003'
-74.0736,40.9141,0,1,'NJCloverdale Ave10003|NJCloverdale Ave10003+NJFairfield Dr+10003|NJFairfield Dr10003'
-74.0736,40.5987,0,2,'NYBeverly Rd10003'
-74.0736,40.5972,0,2,'NYMajor Ave10003|NYMajor Ave10003+NYLinwood Ave+10003'
-74.0736,40.6039,0,2,'NYPiedmont Ave10003'
-74.0736,40.6094,0,3,'NYMaryland Ave10003+NYReynolds St+10003|NYMaryland Ln10003+NYReynolds St+10003|NYReynolds St10003'
-74.0736,40.7898,0,1,'NJMeadowlands Pkwy10003+NJCove Ct+10003|NJCove Ct10003'
-74.0736,40.6022,0,2,'NYHylan Blvd10003+NYRoderick Ave+10003'
-74.0736,40.7201,0,2,'NJBergen Ave10003+NJEmory St+10003|NJEmory St10003|NJEmory St10003+NJCo Rd 607+10003'
-74.0735,40.6366,0,1,'NYMurray Hulbert Ave10003+NYHannah St+10003|NYHannah St10003'
-74.0735,40.7446,2,0,'NJDuffield Ave10003|NJDuffield Ave10003+NJVan Keuren Ave+10003|NJVan Keuren Ave10003'
-74.0735,40.6013,0,1,'NYVista Pl10003'
-74.0735,40.7326,4,5,'NJWhitman Ave10003|NJWhitman Ave10003+NJSip Ave+10003'
-74.0735,40.9698,0,1,'NJCrabtree Ln10003'
-74.0734,40.6359,0,1,'NYHannah St10003|NYHannah St10003+NYMurray Hulbert Ave+10003'
-74.0734,40.5919,0,2,'NYJerome Ave10003|NYJerome Ave10003+NYOlympia Blvd+10003'
-74.0734,40.7203,2,10,'NJGifford Ave10003|NJGifford Ave10003+NJBergen Ave+10003|NJGifford Ave10003+NJCo Rd 607+10003'
-74.0734,40.6050,0,2,'NYNarrows Rd S10006+NYGrasmere Dr+10006|NYGrasmere Dr10003'
-74.0734,40.6061,0,1,'NYNorth Dr10003|NYNorth Dr10003+NYNarrows Rd N+10003'
-74.0733,40.7252,1,3,'NJDuncan Ave10003+NJState Rte 501+10003|NJDuncan Ave10003+NJJohn F Kennedy Blvd+10003|NJCo Rd 60710003'
-74.0733,40.6005,0,4,'NYPouch Ter10003|NYPouch Ter10003+NYRoderick Ave+10003|NYRoderick Ave10003'
-74.0733,40.6079,0,1,'NYSaint Johns Ave10003+NYRubenstein St+10003|NYRubenstein St10003'
-74.0733,40.7839,0,1,'NJMsnbc Plz10003|NJMsnbc Plz10003+NJHartz Way+10003|NJMsnbc Plz10003+NJAmerican Way+10003|NJHartz Way10003|NJHartz Way10003+NJAmerican Way+10003'
-74.0733,40.7635,1,6,'NJI 9510001+NJSeaview Ave+10001|NJSeaview Ave10003+NJNew Jersey Tpke+10003'
-74.0732,40.6405,0,4,'NYBay Street Lndg10003'
-74.0732,40.5966,0,1,'NYLinwood Ave10003+NYMacfarland Ave+10003|NYMacfarland Ave10003'
-74.0732,40.7633,0,3,'NJNew Jersey Tpke10001+NJSeaview Ave+10001|NJSeaview Ave10003+NJI 95+10003'
-74.0731,40.6118,0,1,'NYFox Hill Ter10003+NYClifton Ave+10003'
-74.0731,40.7341,1,0,'NJGiles Ave10003+NJFox Pl+10003|NJFox Pl10003'
-74.0730,40.7262,0,4,'NJFairmount Ave10003+NJFairmount Ter+10003|NJFairmount Ter10003'
-74.0730,40.5994,0,4,'NYRadcliff Rd10003|NYRadcliff Rd10003+NYW Fingerboard Rd+10003|NYRadcliff Rd10003+NYFingerboard Rd+10003'
-74.0730,40.6199,0,1,'NYGreenfield Ct10003'
-74.0728,40.8607,0,1,'NJTerrace Ave10003+NJKipp Ave+10003'
-74.0728,40.6034,0,3,'NYGrasmere Dr10003+NYJoseph Ln+10003|NYJoseph Ln10003'
-74.0727,40.7348,0,2,'NJGiles Ave10003+NJPavonia Ave+10003|NJPavonia Ave10003'
-74.0727,40.6091,0,1,'NYAltavista Ct10003|NYAltavista Pl10003'
-74.0727,40.6072,0,2,'NYRubenstein St10003'
-74.0727,40.9345,1,0,'NJGarden State Pkwy10002'
-74.0727,40.5924,0,1,'NYBionia Ave10003|NYBionia Ave10003+NYOlympia Blvd+10003'
-74.0727,40.6202,0,1,'NYGreenfield Ct10003'
-74.0726,40.7306,0,1,'NJStuyvesant Ave10003+NJCorbin Ave+10003|NJCorbin Ave10003'
-74.0726,40.7956,1,17,'NJHarmon Plz10003'
-74.0726,40.6083,0,1,'NYSaint Johns Ave10003+NYSchubert St+10003|NYSchubert St10003'
-74.0726,40.8347,1,1,'NJAmor Ave10003'
-74.0726,40.7324,0,1,'NJCo Rd 64110003+NJSip Ave+10003|NJW Side Ave10003+NJSip Ave+10003'
-74.0725,40.6225,0,1,'NYVanderbilt Ave10003|NYVanderbilt Ave10003+NYBay St+10003'
-74.0725,40.7172,0,1,'NJCo Rd 61510003|NJCo Rd 61510003+NJCo Rd 612+10003|NJCo Rd 61510003+NJMartin Luther King Dr+10003|NJCo Rd 61510003+NJCo Rd 609+10003|NJCo Rd 61510003+NJCommunipaw Ave+10003|NJMonticello Ave10003|NJMonticello Ave10003+NJCo Rd 612+10003|NJMonticello Ave10003+NJMartin Luther King Dr+10003|NJMonticello Ave10003+NJCo Rd 609+10003|NJMonticello Ave10003+NJCommunipaw Ave+10003|NJCo Rd 61210003+NJMartin Luther King Dr+10003|NJCo Rd 61210003+NJCo Rd 609+10003|NJMartin Luther King Dr10003|NJMartin Luther King Dr10003+NJCommunipaw Ave+10003|NJCo Rd 60910003|NJCo Rd 60910003+NJCommunipaw Ave+10003'
-74.0725,40.7271,0,1,'NJFairmount Ter10003|NJFairmount Ter10003+NJMontgomery St+10003'
-74.0724,40.7122,0,2,'NJMinerva St10003|NJMinerva St10003+NJUnion St+10003|NJMinerva St10003+NJCo Rd 610+10003'
-74.0724,40.6167,0,1,'NYLynhurst Ave10003+NYDitson St+10003|NYDitson St10003'
-74.0724,40.7112,0,1,'NJCo Rd 61310003+NJMinerva St+10003|NJMinerva St10003|NJMinerva St10003+NJArlington Ave+10003'
-74.0724,40.6029,0,2,'NYGrasmere Dr10003+NYClaradon Ln+10003|NYClaradon Ln10003'
-74.0723,40.6428,0,3,'NYSouth St10003'
-74.0722,40.7259,0,7,'NJFairmount Ave10003+NJState Rte 501+10003|NJFairmount Ave10003+NJJohn F Kennedy Blvd+10003'
-74.0721,40.5926,0,1,'NYWentworth Ave10003|NYWentworth Ave10003+NYOlympia Blvd+10003'
-74.0721,40.6898,0,2,'NJIntrepid Pl10003'
-74.0721,40.7361,0,1,'NJGiles Ave10003+NJCo Rd 642+10003|NJGiles Ave10003+NJBroadway+10003'
-74.0720,40.6891,0,4,'NJIndependence Way10003+NJIntrepid Pl+10003'
-74.0719,40.7388,1,0,'NJUS Hwy 910002+NJJames Ave+10002|NJJames Ave10003|NJJames Ave10003+NJUS Hwy 1+10003|NJJames Ave10003+NJPulaski Skwy+10003'
-74.0719,40.7296,0,1,'NJDekalb Ave10003+NJWeldon St+10003|NJWeldon St10003'
-74.0719,40.6180,0,1,'NYLangere Pl10003|NYLangere Pl10003+NYWillow Ave+10003'
-74.0719,40.6086,0,1,'NYSaint Johns Ave10003+NYWagner St+10003|NYWagner St10003'
-74.0719,40.6133,0,1,'NYVirginia Ave10003+NYTompkins Ave+10003'
-74.0718,40.7137,0,1,'NJBramhall Ave10003+NJClerk St+10003|NJClerk St10003'
-74.0718,40.6170,0,5,'NYLangere Pl10003|NYLangere Pl10003+NYLynhurst Ave+10003'
-74.0718,40.5978,0,1,'NYMajor Ave10003+NYSand Ln+10003'
-74.0718,40.7153,0,2,'NJCrescent Ave10003|NJCrescent Ave10003+NJClinton Ave+10003'
-74.0717,40.6215,0,1,'NYTownsend Ave10003|NYTownsend Ave10003+NYBay St+10003'
-74.0717,40.7390,2,1,'NJJames Ave10003'
-74.0717,40.6018,0,2,'NYFingerboard Rd10003+NYGrasmere Dr+10003|NYGrasmere Dr10003'
-74.0717,40.7322,0,2,'NJCorbin Ave10003+NJSip Ave+10003'
-74.0716,40.7221,1,3,'NJBergen Ave10003+NJJewett Ave+10003|NJJewett Ave10003+NJCo Rd 607+10003'
-74.0716,40.6073,0,1,'NYHillwood Ct10003|NYHillwood Ct10003+NYNorth Dr+10003'
-74.0714,40.6114,0,1,'NYVaughan St10003|NYVaughan St10003+NYHylan Blvd+10003'
-74.0714,40.6127,0,2,'NYTompkins Ave10003+NYClifton Ave+10003'
-74.0714,40.6019,0,1,'NYColumbia Ave10003|NYColumbia Ave10003+NYFingerboard Rd+10003'
-74.0714,40.6040,0,1,'NYHillbrook Dr10003|NYHillbrook Dr10003+NYJoseph Ln+10003|NYJoseph Ln10003'
-74.0714,40.7344,2,1,'NJCo Rd 64110003+NJCo Rd 640+10003|NJCo Rd 64110003+NJPavonia Ave+10003|NJW Side Ave10003+NJCo Rd 640+10003|NJW Side Ave10003+NJPavonia Ave+10003|NJCo Rd 64010003'
-74.0713,40.7266,1,3,'NJState Rte 50110002+NJMontgomery St+10002|NJJohn F Kennedy Blvd10002+NJMontgomery St+10002'
-74.0713,40.6099,0,1,'NYThompson Pl10003|NYThompson Pl10003+NYJames Pl+10003|NYJames Pl10003'
-74.0713,40.9245,1,2,'NJW Prospect St10003'
-74.0713,40.6016,0,1,'NYColumbia Ave10003|NYColumbia Ave10003+NYChicago Aly+10003|NYColumbia Ave10003+NYColumbia Ave+10003|NYChicago Aly10003|NYChicago Aly10003+NYColumbia Ave+10003'
-74.0712,40.9232,0,1,'NJFarview Ter10003'
-74.0712,40.5965,0,1,'NYPiave Ave10003|NYPiave Ave10003+NYMcClean Ave+10003'
-74.0711,40.6012,0,2,'NYColumbia Ave10003+NYChicago Ave+10003'
-74.0711,40.7522,7,8,'NJSeaview Ave10003'
-74.0710,40.8036,1,2,'NJState Rte 310002+NJI 95+10002|NJState Rte 310002+NJNew Jersey Tpke+10002'
-74.0710,40.6076,0,1,'NYNorth Dr10003'
-74.0710,40.7350,0,1,'NJCo Rd 64110003+NJMarion Pl+10003|NJW Side Ave10003+NJMarion Pl+10003|NJMarion Pl10003'
-74.0709,40.7298,0,1,'NJStuyvesant Ave10003+NJRomaine Ave+10003|NJRomaine Ave10003'
-74.0709,40.7229,0,1,'NJBergen Ave10003+NJFairview Ave+10003|NJFairview Ave10003+NJCo Rd 607+10003'
-74.0709,40.5939,0,1,'NYCambria St10003'
-74.0709,40.7377,1,0,'NJVan Winkle Ave10003'
-74.0709,40.6004,0,2,'NYColumbia Ave10003'
-74.0708,40.5958,0,1,'NYPershing St10003|NYPershing St10003+NYPiave Ave+10003'
-74.0708,40.7200,1,0,'NJMonticello Ave10003+NJBelmont Ave+10003'
-74.0708,40.7253,1,11,'NJBritton St10003|NJBritton St10003+NJFairmount Ave+10003'
-74.0707,40.7320,10,14,'NJVan Wagenen Ave10003+NJSip Ave+10003'
-74.0707,40.6118,0,1,'NYTompkins Ave10003|NYTompkins Ave10003+NYHylan Blvd+10003'
-74.0707,40.7274,1,10,'NJGlenwood Ave10003+NJState Rte 501+10003|NJGlenwood Ave10003+NJJohn F Kennedy Blvd+10003'
-74.0706,40.7390,1,0,'NJUS Hwy 910002+NJDey St+10002|NJDey St10003|NJDey St10003+NJUS Hwy 1+10003|NJDey St10003+NJPulaski Skwy+10003'
-74.0706,40.6109,0,1,'NYMaryland Ave10003+NYTompkins Ave+10003|NYMaryland Ln10003+NYTompkins Ave+10003'
-74.0706,40.7176,0,1,'NJCrescent Ave10003+NJBrinkerhoff St+10003|NJBrinkerhoff St10003'
-74.0706,40.9595,1,1,'NJA and S Dr10003'
-74.0705,40.7234,1,1,'NJBergen Ave10003+NJReed St+10003|NJReed St10003'
-74.0704,40.7037,0,1,'NJCaven Point Ave10003'
-74.0704,40.5967,0,1,'NYMcClean Ave10003+NYSand Ln+10003'
-74.0704,40.5928,0,1,'NYOrlando St10003|NYOrlando St10003+NYOlympia Blvd+10003'
-74.0704,40.6128,0,12,'NYVienna Ct10003'
-74.0702,40.7295,0,1,'NJStuyvesant Ave10003+NJGarrison Ave+10003'
-74.0701,40.7238,1,4,'NJBergen Ave10003+NJDuncan Ave+10003|NJDuncan Ave10003'
-74.0701,40.5866,0,19,'NYFather Capodanno Blvd10003+NYVulcan St+10003|NYVulcan St10003'
-74.0701,40.6102,0,2,'NYThompson Pl10003|NYThompson Pl10003+NYTompkins Ave+10003'
-74.0701,40.7283,0,3,'NJState Rte 50110002+NJHighland Ave+10002|NJHighland Ave10003+NJJohn F Kennedy Blvd+10003'
-74.0700,40.6077,0,1,'NYHope Ave10003|NYHope Ave10003+NYBeethoven St+10003|NYBeethoven St10003'
-74.0700,40.8620,3,3,'NJAlger Ave10003|NJAlger Ave10003+NJHasbrouck Ave+10003'
-74.0700,40.6022,0,3,'NYHillbrook Dr10003|NYHillbrook Dr10003+NYFingerboard Rd+10003'
-74.0699,40.7109,1,0,'NJUnion St10003|NJUnion St10003+NJGarfield Ave+10003|NJCo Rd 61010003|NJCo Rd 61010003+NJGarfield Ave+10003'
-74.0699,40.9391,1,1,'NJAspen Ct10003'
-74.0698,40.7942,3,10,'NJMeadowlands Pkwy10003+NJHarmon Plz+10003'
-74.0698,40.7287,0,1,'NJDekalb Ave10003|NJDekalb Ave10003+NJState Rte 501+10003|NJDekalb Ave10003+NJJohn F Kennedy Blvd+10003'
-74.0697,40.7655,1,0,'NJNew County Rd10003|NJNew County Rd10003+NJCounty Ave+10003|NJNew County Rd10003+NJCounty Rd+10003|NJCounty Ave10003|NJCounty Ave10003+NJCounty Rd+10003|NJCounty Rd10003'
-74.0697,40.9009,3,2,'NJW Magnolia Ave10003+NJBrook Ave+10003|NJBrook Ave10003'
-74.0697,40.7288,0,1,'NJDekalb Ave10003|NJDekalb Ave10003+NJState Rte 501+10003|NJDekalb Ave10003+NJJohn F Kennedy Blvd+10003'
-74.0697,40.7433,2,2,'NJJames Ave10003|NJJames Ave10003+NJVan Keuren Ave+10003'
-74.0697,40.8568,0,1,'NJState Rte 1710002+NJFranklin Ave+10002|NJFranklin Ave10003|NJFranklin Ave10003+NJFranklin Ave+10003'
-74.0697,40.5954,0,1,'NYSand Ln10003+NYHumbert St+10003|NYHumbert St10003'
-74.0697,40.6098,0,2,'NYSaint Johns Ave10003+NYTompkins Ave+10003'
-74.0697,40.5936,0,1,'NYPiave Ave10003+NYArgonne St+10003|NYArgonne St10003'
-74.0696,40.5953,0,1,'NYCedar Ave10003|NYCedar Ave10003+NYSand Ln+10003'
-74.0696,40.7248,0,1,'NJFairmount Ave10003+NJBoland St+10003|NJBoland St10003'
-74.0696,40.7355,1,1,'NJCorbin Ave10003+NJCo Rd 642+10003|NJCorbin Ave10003+NJBroadway+10003'
-74.0696,40.5970,0,2,'NYMcClean Ave10003+NYArthur Ave+10003|NYArthur Ave10003'
-74.0695,40.6103,0,1,'NYDayna Dr10003'
-74.0695,40.7650,0,2,'NJCo Rd 65310003+NJNew Jersey Tpke+10003|NJCo Rd 65310003+NJI 95+10003|NJNew Jersey Tpke10001+NJCounty Rd+10001|NJI 9510001+NJCounty Rd+10001'
-74.0695,40.7246,0,1,'NJBergen Ave10003+NJFairmount Ave+10003|NJFairmount Ave10003'
-74.0695,40.7292,2,1,'NJStuyvesant Ave10003+NJState Rte 501+10003|NJStuyvesant Ave10003+NJJohn F Kennedy Blvd+10003'
-74.0695,40.7306,1,1,'NJGarrison Ave10003+NJBond St+10003|NJBond St10003'
-74.0694,40.7340,0,6,'NJVan Wagenen Ave10003+NJCo Rd 640+10003'
-74.0693,40.6104,0,12,'NYDayna Dr10003|NYDayna Dr10003+NYDayna Dr+10003'
-74.0693,40.6036,0,4,'NYFingerboard Rd10003+NYNarrows Rd S+10003'
-74.0693,40.7280,0,2,'NJVan Reypen St10003|NJVan Reypen St10003+NJHighland Ave+10003'
-74.0693,40.6705,1,0,'NJPort Jersey Blvd10003'
-74.0692,40.6093,0,3,'NYBelair Rd10003+NYTompkins Ave+10003'
-74.0692,40.6041,4,13,'NYFingerboard Rd10003+NYStaten Island Pkwy+10003|NYFingerboard Rd10003+NYI 278+10003'
-74.0692,40.7193,1,2,'NJCrescent Ave10003|NJCrescent Ave10003+NJBelmont Ave+10003'
-74.0691,40.6182,0,2,'NYLynhurst Ave10003+NYBay St+10003'
-74.0691,40.7257,1,5,'NJBoland St10003|NJBoland St10003+NJMontgomery St+10003'
-74.0691,40.8513,0,4,'NJVincent Pl10003'
-74.0691,40.5987,0,1,'NYMajor Ave10003+NYWallace Ave+10003|NYWallace Ave10003'
-74.0690,40.6044,2,4,'NYFingerboard Rd10003+NYNarrows Rd N+10003'
-74.0690,40.7937,0,3,'NJHarmon Plz10003|NJHarmon Plz10003+NJ10th St+10003'
-74.0689,40.5972,0,1,'NYMills Ave10003|NYMills Ave10003+NYMcClean Ave+10003'
-74.0689,40.6035,1,5,'NYBrown Pl10003|NYBrown Pl10003+NYNarrows Rd S+10003'
-74.0689,40.5928,0,2,'NYLansing St10003|NYLansing St10003+NYWills Pl+10003|NYLansing St10003+NYOlympia Blvd+10003|NYWills Pl10003|NYWills Pl10003+NYOlympia Blvd+10003'
-74.0688,40.6080,0,2,'NYWadsworth Ter10003'
-74.0688,40.5956,0,1,'NYCedar Ave10003+NYArthur Ave+10003'
-74.0688,40.7316,3,5,'NJGarrison Ave10003+NJSip Ave+10003'
-74.0688,40.6117,0,1,'NYMaryland Ave10003+NYVermont Ave+10003|NYMaryland Ln10003+NYVermont Ave+10003|NYVermont Ave10003'
-74.0688,40.6048,0,1,'NYFingerboard Rd10003+NYLincoln Pl+10003|NYLincoln Pl10003'
-74.0688,40.7174,0,3,'NJPark St10003+NJPrescott St+10003|NJPrescott St10003+NJCo Rd 715+10003'
-74.0687,40.7009,2,0,'NJI 7810001+NJBayview Ave+10001'
-74.0687,40.7289,0,1,'NJStuyvesant Ave10003|NJStuyvesant Ave10003+NJVan Reypen St+10003'
-74.0687,40.6026,0,1,'NYGarson Ave10003'
-74.0686,40.6052,0,1,'NYHarvey St10003|NYHarvey St10003+NYFingerboard Rd+10003'
-74.0686,40.8409,0,1,'NJCharles Lindbergh Dr10003+NJBilly Diehl Rd+10003|NJLindbergh Dr10003+NJBilly Diehl Rd+10003|NJBilly Diehl Rd10003'
-74.0685,40.7302,1,2,'NJState Rte 50110002+NJBond St+10002|NJBond St10003|NJBond St10003+NJJohn F Kennedy Blvd+10003'
-74.0685,40.6085,0,2,'NYHope Ave10003+NYTompkins Ave+10003'
-74.0685,40.6005,0,1,'NYKnauth Pl10003|NYKnauth Pl10003+NYLandis Ave+10003'
-74.0684,40.5974,0,2,'NYMcClean Ave10003+NYWallace Ave+10003'
-74.0682,40.6063,0,1,'NYFingerboard Rd10003+NYMerle Pl+10003|NYMerle Pl10003'
-74.0682,40.9048,0,1,'NJDavison St10003|NJDavison St10003+NJStone St+10003'
-74.0682,40.7004,0,1,'NJMorris Pesin Dr10003|NJMorris Pesin Dr10003+NJBayview Ave+10003|NJBayview Ave10003'
-74.0682,40.8618,1,10,'NJMadison Ave10003'
-74.0681,40.7293,1,3,'NJVroom St10003|NJVroom St10003+NJVan Reypen St+10003'
-74.0681,40.5925,0,1,'NYRobin Rd10003|NYRobin Rd10003+NYSand Ln+10003'
-74.0681,40.6051,0,17,'NYHarvey St10003+NYBrown Pl+10003|NYBrown Pl10003'
-74.0681,40.5903,0,1,'NYTuscany Ct10003|NYTuscany Ct10003+NYOceanside Ave+10003'
-74.0681,40.8397,0,1,'NJMetro Ave10003|NJMetro Ave10003+NJMoonachie Ave+10003|NJMetro Ave10003+NJCharles Lindbergh Blvd+10003|NJMoonachie Ave10003+NJCharles Lindbergh Blvd+10003|NJCharles Lindbergh Blvd10003'
-74.0681,40.6081,0,2,'NYHope Ln10003|NYHope Ln10003+NYTompkins Ave+10003'
-74.0680,40.7253,0,1,'NJBergen Ave10003+NJMontgomery St+10003|NJCo Rd 62510003|NJCo Rd 62510003+NJMontgomery St+10003'
-74.0680,40.5959,0,2,'NYCedar Ave10003+NYMills Ave+10003|NYMills Ave10003'
-74.0680,40.5921,0,2,'NYQuincy Ave10003|NYQuincy Ave10003+NYSand Ln+10003'
-74.0678,40.8240,0,5,'NJPalmer Ter10003'
-74.0678,40.7314,1,5,'NJSip Ave10003+NJState Rte 501+10003|NJSip Ave10003+NJJohn F Kennedy Blvd+10003'
-74.0678,40.7861,0,1,'NJEmerson Ln10003|NJEmerson Ln10003+NJEnterprise Ave N+10003'
-74.0677,40.6101,0,2,'NYBelair Rd10003+NYCabot Pl+10003|NYCabot Pl10003'
-74.0676,40.7336,1,1,'NJGarrison Ave10003+NJCo Rd 640+10003|NJGarrison Ave10003+NJPavonia Ave+10003'
-74.0676,40.7750,0,1,'NJJefferson Ave10003'
-74.0675,40.7263,1,3,'NJBergen Ave10003+NJMercer St+10003|NJBergen Ave10003+NJGlenwood Ave+10003|NJMercer St10003|NJMercer St10003+NJCo Rd 625+10003|NJMercer St10003+NJGlenwood Ave+10003|NJCo Rd 62510003+NJGlenwood Ave+10003|NJGlenwood Ave10003'
-74.0675,40.7178,0,3,'NJAstor Pl10003|NJAstor Pl10003+NJCo Rd 715+10003|NJCo Rd 71510003'
-74.0674,40.6073,0,4,'NYMeyer Ln10003|NYMeyer Ln10003+NYTompkins Ave+10003'
-74.0674,40.5977,0,3,'NYMcClean Ave10003+NYJackson Ave+10003|NYJackson Ave10003'
-74.0673,40.5928,0,6,'NYRobin Rd10003+NYArthur Ave+10003'
-74.0673,40.7943,0,1,'NJ9th St10003+NJCentre Ave+10003'
-74.0673,40.5910,0,1,'NYOceanside Ave10003+NYSand Ln+10003'
-74.0673,40.7193,0,1,'NJGardner Ave10003'
-74.0673,40.7335,0,2,'NJTonnele Ave10003+NJPavonia Ave+10003|NJCo Rd 64010003'
-74.0673,40.9109,1,1,'NJBriarcliff Ave10003+NJZuber Pl+10003|NJZuber Pl10003'
-74.0673,40.7342,0,3,'NJGarrison Ave10003|NJGarrison Ave10003+NJVan Reipen Ave+10003|NJTonnele Ave10003+NJVan Reipen Ave+10003|NJVan Reipen Ave10003'
-74.0672,40.7326,1,17,'NJMagnolia Ave10003'
-74.0672,40.7163,0,1,'NJCo Rd 61710003+NJCo Rd 619+10003|NJCo Rd 61910003|NJCo Rd 61910003+NJSummit Ave+10003'
-74.0672,40.6044,0,4,'NYGarfield Ave10003|NYGarfield Ave10003+NYLincoln Pl+10003|NYLincoln Pl10003'
-74.0672,40.7163,0,1,'NJIvy Pl10003|NJIvy Pl10003+NJCornelison Ave+10003|NJIvy Pl10003+NJCo Rd 619+10003|NJCornelison Ave10003'
-74.0672,40.7272,2,2,'NJBergen Ave10003+NJHighland Ave+10003|NJCo Rd 62510003+NJHighland Ave+10003|NJHighland Ave10003'
-74.0672,40.7317,2,6,'NJTonnele Ave10003+NJState Rte 501+10003|NJTonnele Ave10003+NJJohn F Kennedy Blvd+10003'
-74.0672,40.5909,0,1,'NYSunnymeade Village10003|NYSunnymeade Village10003+NYSand Ct+10003|NYSunnymeade Village10003+NYSand Ln+10003|NYSand Ct10003|NYSand Ct10003+NYSand Ln+10003'
-74.0671,40.7302,0,1,'NJAcademy St10003|NJAcademy St10003+NJVan Reypen St+10003'
-74.0671,40.7157,0,1,'NJCo Rd 62210003+NJCo Rd 617+10003|NJCo Rd 62210003+NJSummit Ave+10003|NJCo Rd 61710003|NJSummit Ave10003+NJGrand St+10003'
-74.0671,40.6070,0,2,'NYFingerboard Rd10003+NYTompkins Ave+10003'
-74.0671,40.7349,0,1,'NJCo Rd 64210003|NJBroadway10003'
-74.0671,40.6048,0,2,'NYHarvey St10003|NYHarvey St10003+NYGarfield Ave+10003'
-74.0671,40.6994,0,1,'NJMorris Pesin Dr10003'
-74.0670,40.6104,0,1,'NYBelair Rd10003+NYClayton St+10003|NYClayton St10003'
-74.0670,40.6137,0,1,'NYRosebank Pl10003|NYRosebank Pl10003+NYHylan Blvd+10003'
-74.0669,40.6067,0,1,'NYGarfield Ave10003|NYGarfield Ave10003+NYTompkins Ave+10003'
-74.0669,40.7285,1,4,'NJVroom St10003+NJBergen Ave+10003|NJVroom St10003+NJCo Rd 625+10003'
-74.0668,40.9659,0,1,'NJFielding Ter10003'
-74.0668,40.7247,2,3,'NJOrchard St10003|NJOrchard St10003+NJMontgomery St+10003'
-74.0668,40.6150,0,2,'NYClifton Ave10003+NYBay St+10003'
-74.0668,40.7398,0,1,'NJLarch Ave10003'
-74.0667,40.7358,3,9,'NJTonnele Ave10003+NJNewark Ave+10003'
-74.0667,40.7202,0,1,'NJFairmount Ave10003+NJCo Rd 617+10003|NJFairmount Ave10003+NJSummit Ave+10003'
-74.0667,40.8170,0,2,'NJPaterson Plank Rd10002'
-74.0667,40.8931,0,1,'NJBeech St10003+NJMaywood Ave+10003'
-74.0666,40.5903,0,2,'NYSand Ln10003|NYSand Ln10003+NYFather Capodanno Blvd+10003|NYSand Ln10003+NYSand Ln+10003|NYFather Capodanno Blvd10003+NYSand Ln+10003'
-74.0666,40.5917,0,4,'NYOceanside Ave10003+NYArthur Ave+10003|NYArthur Ave10003'
-74.0666,40.5932,0,1,'NYMills Ave10003+NYRobin Rd+10003'
-74.0665,40.7363,0,1,'NJTonnele Ave10003+NJVan Winkle Ave+10003|NJVan Winkle Ave10003'
-74.0665,40.7289,1,0,'NJBergen Ave10003+NJSmith St+10003|NJCo Rd 62510003+NJSmith St+10003|NJSmith St10003'
-74.0664,40.7261,0,3,'NJMercer St10003+NJTuers Ave+10003'
-74.0664,40.9608,0,3,'NJMack Center Dr10009'
-74.0664,40.7365,0,3,'NJVan Winkle Ave10003|NJVan Winkle Ave10003+NJTonnele Ave+10003'
-74.0664,40.7341,0,2,'NJBryan Pl10003|NJBryan Pl10003+NJVan Reipen Ave+10003'
-74.0664,40.7143,1,0,'NJBerry Ln10003|NJBerry Ln10003+NJCo Rd 612+10003|NJBerry Ln10003+NJCommunipaw Ave+10003'
-74.0663,40.6130,0,1,'NYMaryland Ave10003+NYWhite St+10003|NYWhite St10003|NYWhite St10003+NYMaryland Ln+10003'
-74.0663,40.6013,0,1,'NYHastings St10003|NYHastings St10003+NYNarrows Rd S+10003'
-74.0663,40.8542,0,3,'NJIndustrial Ave10003+NJMalcolm Ave+10003|NJMalcolm Ave10003'
-74.0663,40.8422,1,4,'NJCharles Lindbergh Dr10003|NJLindbergh Dr10003'
-74.0663,40.6032,0,1,'NYNarrows Rd N10006'
-74.0662,40.7777,1,0,'NJSinvalco Rd10003|NJSinvalco Rd10003+NJSecaucus Rd+10003'
-74.0662,40.8814,3,2,'NJRobinson Rd10003|NJRobinson Rd10003+NJState Rte 17+10003'
-74.0662,40.7391,4,4,'NJVan Wagenen Ave10003|NJVan Wagenen Ave10003+NJPulaski Skwy+10003'
-74.0662,40.5916,0,1,'NYSunnymeade Village10003|NYSunnymeade Village10003+NYSand Ct+10003|NYSand Ct10003'
-74.0661,40.7371,0,1,'NJTonnele Ave10003+NJBerkeley Pl+10003|NJBerkeley Pl10003'
-74.0661,40.7310,0,2,'NJNewkirk St10003|NJNewkirk St10003+NJVan Reypen St+10003|NJVan Reypen St10003'
-74.0660,40.5997,0,1,'NYMajor Ave10003+NYFlorida Ave+10003|NYFlorida Ave10003'
-74.0660,40.7374,1,24,'NJTonnele Ave10003+NJDey St+10003|NJDey St10003'
-74.0660,40.5928,0,1,'NYMills Ave10003|NYMills Ave10003+NYRagazzi Ln+10003|NYMills Ave10003+NYOceanside Ave+10003|NYRagazzi Ln10003|NYRagazzi Ln10003+NYOceanside Ave+10003|NYOceanside Ave10003'
-74.0659,40.6013,0,2,'NYNarrows Rd S10003+NYSavo Ln+10003|NYSavo Ln10003'
-74.0659,40.5968,0,1,'NYConger St10003|NYConger St10003+NYCedar Ave+10003'
-74.0659,40.6097,0,3,'NYHope Ave10003+NYHome Ave+10003|NYHome Ave10003'
-74.0658,40.6154,0,2,'NYWiman Pl10003|NYWiman Pl10003+NYClifton Ave+10003'
-74.0658,40.7886,0,1,'NJ4th St10003'
-74.0657,40.7983,1,10,'NJMeadowlands Pkwy10003+NJWood Ave+10003|NJWood Ave10003'
-74.0657,40.7381,0,5,'NJTonnele Ave10003+NJSaint Pauls Ave+10003|NJTonnele Ave10003+NJSt Pauls Ave+10003|NJTonnele Ave10003+NJCo Rd 646+10003'
-74.0657,40.7349,0,2,'NJCottage St10003'
-74.0657,40.6076,0,1,'NYFingerboard Rd10003+NYEgbert Pl+10003|NYEgbert Pl10003'
-74.0657,40.8752,0,1,'NJW Pleasantview Ave10003+NJS Summit Ave+10003'
-74.0656,40.6161,0,3,'NYSylva Ln10003'
-74.0656,40.7103,0,1,'NJBramhall Ave10003+NJHalladay St+10003'
-74.0656,40.8661,0,1,'NJWilliams Ave10003+NJHasbrouck Ave+10003|NJHasbrouck Ave10003'
-74.0656,40.6051,0,1,'NYLily Pond Ave10003|NYLily Pond Ave10003+NYLincoln Ave+10003|NYLily Pond Ave10003+NYSchool Rd+10003|NYLily Pond Ave10003+NYTompkins Ave+10003|NYLincoln Ave10003|NYLincoln Ave10003+NYSchool Rd+10003|NYLincoln Ave10003+NYTompkins Ave+10003|NYSchool Rd10003|NYSchool Rd10003+NYTompkins Ave+10003'
-74.0655,40.8158,0,1,'NJPaterson Plank Rd10003+NJMichele Pl+10003|NJMichele Pl10003'
-74.0655,40.7275,0,1,'NJVroom St10003+NJTuers Ave+10003|NJTuers Ave10003'
-74.0655,40.7392,1,0,'NJUS Hwy 910002|NJUS Hwy 910002+NJUS Hwy 9+10002|NJUS Hwy 910002+NJState Rte 139+10002|NJUS Hwy 910002+NJUS Hwy 1+10002|NJPulaski Skwy10002+NJTonnele Ave+10002|NJTonnele Ave10002+NJState Rte 139+10002|NJState Rte 13910002|NJState Rte 13910002+NJUS Hwy 1+10002|NJState Rte 13910002+NJUS Hwy 9+10002|NJUS Hwy 110002|NJUS Hwy 110002+NJUS Hwy 1+10002|NJUS Hwy 110002+NJUS Hwy 9+10002'
-74.0654,40.5970,0,2,'NYCedar Ave10003+NYRailroad Ave+10003'
-74.0654,40.6028,0,1,'NYLily Pond Ave10003+NYStaten Island Pkwy+10003'
-74.0654,40.7333,0,1,'NJJournal Concourse Sq W10003|NJJournal Concourse Sq W10003+NJPavonia Ave+10003|NJPavonia Ave10003'
-74.0654,40.9637,0,2,'NJOradell Ave10003'
-74.0654,40.9581,0,1,'NJSorbello Rd10003'
-74.0653,40.9082,0,1,'NJParkway10003+NJWyoming Ave+10003'
-74.0653,40.5971,0,1,'NYWindom Ave10003|NYWindom Ave10003+NYCedar Ave+10003'
-74.0652,40.7569,4,2,'NJCo Rd 65310003+NJ6th St+10003|NJCounty Rd10003+NJ6th St+10003|NJ6th St10003'
-74.0652,40.5985,0,2,'NYOcean Ave10003|NYOcean Ave10003+NYFlorida Ave+10003|NYOcean Ave10003+NYMcClean Ave+10003|NYFlorida Ave10003|NYFlorida Ave10003+NYMcClean Ave+10003'
-74.0651,40.9071,1,0,'NJBelle Ave10003|NJBelle Ave10003+NJLincoln Ave+10003'
-74.0651,40.6012,0,7,'NYNarrows Rd S10003|NYNarrows Rd S10003+NYLily Pond Ave+10003'
-74.0650,40.5927,0,1,'NYAlen Cir10003|NYAlen Cir10003+NYAlen Cir+10003'
-74.0650,40.9338,0,1,'NJHillcrest Dr10003|NJHillcrest Dr10003+NJColorado Rd+10003'
-74.0650,40.7302,1,2,'NJCo Rd 62510003+NJNewkirk St+10003|NJNewkirk St10003+NJBergen Ave+10003'
-74.0649,40.7098,4,4,'NJPacific Ave10003+NJBramhall Ave+10003|NJBramhall Ave10003+NJCo Rd 621+10003|NJCo Rd 62110003'
-74.0649,40.7356,0,5,'NJLiberty Ave10003|NJLiberty Ave10003+NJNewark Ave+10003'
-74.0649,40.8748,1,1,'NJW Pleasantview Ave10003+NJPoor St+10003|NJPoor St10003'
-74.0649,40.7286,0,2,'NJTuers Ave10003+NJAcademy St+10003'
-74.0648,40.7324,0,3,'NJMagnolia Ave10003|NJMagnolia Ave10003+NJJournal Concourse Sq W+10003'
-74.0648,40.5931,0,3,'NYAlen Cir10003|NYAlen Cir10003+NYDoty Ave+10003'
-74.0648,40.6122,0,2,'NYSaint Johns Ave10003|NYSaint Johns Ave10003+NYBay St+10003'
-74.0647,40.7993,1,13,'NJMeadowlands Pkwy10003|NJMeadowlands Pkwy10003+NJRiverside Ct+10003|NJRiverside Ct10003'
-74.0646,40.7270,0,2,'NJVroom St10003+NJJordan Ave+10003|NJJordan Ave10003'
-74.0646,40.6002,0,21,'NYMajor Ave10003+NYLily Pond Ave+10003'
-74.0646,40.7957,4,4,'NJClarendon St10003+NJ8th St+10003|NJClarendon St10003+NJCo Rd 695+10003'
-74.0646,40.7377,0,3,'NJLiberty Ave10003+NJCo Rd 646+10003'
-74.0645,40.9132,0,1,'NJCoolidge Ave10003|NJCoolidge Ave10003+NJSpring Valley Rd+10003'
-74.0645,40.8696,1,2,'NJTerrace Ave10003+NJCharlton Ave+10003|NJCharlton Ave10003'
-74.0645,40.7355,0,4,'NJHerbert Pl10003|NJHerbert Pl10003+NJNewark Ave+10003'
-74.0645,40.6081,0,1,'NYSummer St10003|NYSummer St10003+NYFingerboard Rd+10003'
-74.0644,40.6118,0,1,'NYNew Ln10003|NYNew Ln10003+NYBay St+10003'
-74.0644,40.5922,0,1,'NYAlen Cir10003|NYAlen Cir10003+NYFather Capodanno Blvd+10003'
-74.0644,40.7215,1,58,'NJBeacon Way10003'
-74.0643,40.6090,0,1,'NYBang Ter10003'
-74.0643,40.8823,0,1,'NJRowland Ave10003+NJMarvin Ave+10003'
-74.0643,40.7392,1,9,'NJLiberty Ave10003|NJLiberty Ave10003+NJState Rte 139+10003'
-74.0643,40.6115,0,3,'NYBelair Rd10003|NYBelair Rd10003+NYBay St+10003'
-74.0642,40.7238,0,5,'NJBaldwin Ave10003+NJMontgomery St+10003'
-74.0642,40.5923,0,4,'NYFather Capodanno Blvd10003+NYDoty Ave+10003|NYDoty Ave10003'
-74.0641,40.7307,0,1,'NJSip Ave10003|NJSip Ave10003+NJBergen Ave+10003|NJBergen Ave10003'
-74.0641,40.7317,0,2,'NJJournal Sq10002|NJJournal Sq10002+NJJournal Square Plz+10002|NJJournal Sq10002+NJJohn F Kennedy Blvd+10002|NJJournal Sq10002+NJState Rte 501+10002|NJJournal Square Plz10003|NJJournal Square Plz10003+NJJohn F Kennedy Blvd+10003|NJJournal Square Plz10003+NJState Rte 501+10003|NJJohn F Kennedy Blvd10002|NJJohn F Kennedy Blvd10002+NJState Rte 501+10002|NJJohn F Kennedy Blvd10002+NJJohn F Kennedy Blvd+10002'
-74.0640,40.6141,0,1,'NYAbbott St10003|NYAbbott St10003+NYMaryland Ave+10003|NYAbbott St10003+NYMaryland Ln+10003|NYMaryland Ave10003|NYMaryland Ln10003'
-74.0640,40.7362,0,2,'NJVan Winkle Ave10003+NJSkillman Ave+10003|NJSkillman Ave10003'
-74.0639,40.7125,0,1,'NJCo Rd 61210003+NJVan Horne St+10003|NJCommunipaw Ave10003+NJVan Horne St+10003'
-74.0639,40.6068,0,1,'NYLyman Ave10003+NYDennis Torricelli Sr St+10003|NYDennis Torricelli Sr St10003'
-74.0639,40.6025,0,2,'NYStaten Island Pkwy10001'
-74.0639,40.6973,1,1,'NJEdward Hart Dr10003|NJEdward Hart Dr10003+NJMorris Pesin Dr+10003|NJEdward Hart Dr10003+NJBlack Tom Rd+10003'
-74.0639,40.5953,0,1,'NYWindom Ave10003|NYWindom Ave10003+NYRobin Rd+10003'
-74.0639,40.7266,0,2,'NJVroom St10003+NJCo Rd 617+10003|NJVroom St10003+NJSummit Ave+10003'
-74.0639,40.7294,1,0,'NJNewkirk St10003+NJTuers Ave+10003|NJTuers Ave10003'
-74.0639,40.7320,0,4,'NJJournal Sq10002|NJJournal Sq10002+NJJournal Square Plz+10002|NJJournal Sq10002+NJJournal Concourse Sq W+10002|NJJournal Sq10002+NJJohn F Kennedy Blvd+10002|NJJournal Sq10002+NJState Rte 501+10002|NJJournal Square Plz10002|NJJournal Square Plz10002+NJJournal Concourse Sq W+10002|NJJournal Square Plz10002+NJJohn F Kennedy Blvd+10002|NJJournal Square Plz10002+NJState Rte 501+10002|NJJournal Concourse Sq W10003|NJJournal Concourse Sq W10003+NJJohn F Kennedy Blvd+10003|NJJournal Concourse Sq W10003+NJState Rte 501+10003|NJJohn F Kennedy Blvd10002|NJJohn F Kennedy Blvd10002+NJJohn F Kennedy Blvd+10002|NJJohn F Kennedy Blvd10002+NJState Rte 501+10002'
-74.0639,40.8755,0,1,'NJVincent Ave10003'
-74.0638,40.7964,0,7,'NJ8th St10003|NJ8th St10003+NJOld Rte 3+10003|NJ8th St10003+NJFlanagan Way+10003|NJCo Rd 69510003|NJCo Rd 69510003+NJOld Rte 3+10003|NJCo Rd 69510003+NJFlanagan Way+10003|NJOld Rte 310003|NJFlanagan Way10003'
-74.0638,40.6085,0,1,'NYBang Ter10003|NYBang Ter10003+NYFingerboard Rd+10003'
-74.0638,40.6005,0,1,'NYMajor Ave10003+NYDuer Ave+10003|NYDuer Ave10003'
-74.0638,40.5989,1,4,'NYLily Pond Ave10003+NYMcClean Ave+10003'
-74.0637,40.6121,0,1,'NYCourtney Loop10003'
-74.0637,40.6107,0,3,'NYHope Ave10003|NYHope Ave10003+NYBay St+10003'
-74.0636,40.7376,0,3,'NJSkillman Ave10003+NJCo Rd 646+10003'
-74.0636,40.8959,0,1,'NJGolf Ave10003|NJGolf Ave10003+NJE Central Ave+10003'
-74.0636,40.7740,0,1,'NJCounty Ave10003+NJWashington Ave+10003|NJWashington Ave10003'
-74.0636,40.6070,0,2,'NYLyman Ave10003+NYSummer St+10003|NYSummer St10003'
-74.0636,40.7277,2,4,'NJCo Rd 61710003+NJAcademy St+10003|NJSummit Ave10003+NJAcademy St+10003'
-74.0636,40.9637,0,1,'NJRutgers Pl10003'
-74.0635,40.8002,1,6,'NJMallard Pl10003'
-74.0635,40.5969,0,3,'NYPalisade St10003'
-74.0635,40.7247,0,1,'NJBaldwin Ave10003+NJMercer St+10003'
-74.0634,40.7326,2,3,'NJJournal Square Plz10002|NJJournal Square Plz10002+NJJournal Concourse Sq E+10002|NJJournal Square Plz10002+NJJohn F Kennedy Blvd+10002|NJJournal Square Plz10002+NJState Rte 501+10002|NJJournal Concourse Sq E10003|NJJournal Concourse Sq E10003+NJJohn F Kennedy Blvd+10003|NJJournal Concourse Sq E10003+NJState Rte 501+10003'
-74.0634,40.9228,0,2,'NJMillar Ct10003+NJForsythia Ln+10003|NJForsythia Ln10003'
-74.0634,40.5929,0,1,'NYSea Gate Ct10003|NYSea Gate Ct10003+NYFather Capodanno Blvd+10003'
-74.0633,40.6103,0,1,'NYNautilus St10003|NYNautilus St10003+NYBay St+10003'
-74.0633,40.7391,1,0,'NJSkillman Ave10003|NJSkillman Ave10003+NJPulaski Skwy+10003|NJSkillman Ave10003+NJState Rte 139+10003'
-74.0633,40.7120,0,1,'NJCo Rd 61210003+NJHalladay St+10003|NJCommunipaw Ave10003+NJHalladay St+10003'
-74.0632,40.7306,0,1,'NJSip Ave10003+NJEnos Pl+10003|NJCo Rd 62510003+NJEnos Pl+10003|NJEnos Pl10003'
-74.0632,40.5933,0,1,'NYLinda Ave10003|NYLinda Ave10003+NYFather Capodanno Blvd+10003|NYLinda Ave10003+NYDrury Ave+10003|NYFather Capodanno Blvd10003+NYDrury Ave+10003|NYDrury Ave10003'
-74.0632,40.6156,0,2,'NYEdgewater St10003|NYEdgewater St10003+NYHylan Blvd+10003|NYHylan Blvd10003'
-74.0631,40.6100,0,5,'NYEvelyn Pl10003|NYEvelyn Pl10003+NYBay St+10003'
-74.0631,40.8738,0,1,'NJE Pleasantview Ave10003+NJClark St+10003|NJClark St10003'
-74.0631,40.5956,0,1,'NYOcean Ave10003+NYRobin Rd+10003'
-74.0631,40.7353,0,2,'NJNewark Ave10003+NJJohn F Kennedy Blvd+10003|NJNewark Ave10003+NJState Rte 501+10003|NJJohn F Kennedy Blvd10002+NJCo Rd 644+10002|NJState Rte 50110002+NJCo Rd 644+10002'
-74.0631,40.7346,1,3,'NJCottage St10003+NJJohn F Kennedy Blvd+10003|NJCottage St10003+NJState Rte 501+10003'
-74.0631,40.8243,1,0,'NJTriangle Blvd10003'
-74.0631,40.7961,3,3,'NJOld Rte 310003+NJHudson Ave+10003|NJHudson Ave10003|NJHudson Ave10003+NJFlanagan Way+10003'
-74.0630,40.7330,1,7,'NJPavonia Ave10003|NJPavonia Ave10003+NJJohn F Kennedy Blvd+10003|NJPavonia Ave10003+NJState Rte 501+10003'
-74.0630,40.7917,1,0,'NJ4th St10003+NJCentre Ave+10003'
-74.0630,40.6145,0,1,'NYAndrease St10003'
-74.0629,40.8007,0,1,'NJMallard Pl10003'
-74.0629,40.7338,0,7,'NJVan Reipen Ave10003|NJVan Reipen Ave10003+NJJohn F Kennedy Blvd+10003|NJVan Reipen Ave10003+NJState Rte 501+10003'
-74.0629,40.6044,0,1,'NYCoast Guard Dr10003+NYMaloney Dr+10003|NYMaloney Dr10003'
-74.0629,40.5979,0,1,'NYGalesville Ct10003|NYGalesville Ct10003+NYLily Pond Ave+10003'
-74.0629,40.6097,0,2,'NYCliff St10003|NYCliff St10003+NYBay St+10003'
-74.0629,40.6009,0,1,'NYMajor Ave10003+NYTompkins Ave+10003|NYMajor Ave10003+NYVerrazzano Bridge Plz+10003|NYTompkins Ave10003|NYTompkins Ave10003+NYVerrazzano Bridge Plz+10003|NYVerrazzano Bridge Plz10003'
-74.0628,40.5952,0,2,'NYOcean Ave10003+NYFather Capodanno Blvd+10003'
-74.0628,40.5992,0,1,'NYNorth Carolina Rd10003|NYNorth Carolina Rd10003+NYMcClean Ave+10003|NYNorth Carolina Rd10003+NYDuer Ave+10003|NYCarolina Rd10003|NYCarolina Rd10003+NYMcClean Ave+10003|NYCarolina Rd10003+NYDuer Ave+10003|NYUss North Carolina Rd10003|NYUss North Carolina Rd10003+NYMcClean Ave+10003|NYUss North Carolina Rd10003+NYDuer Ave+10003|NYNorth Carolina Ave10003|NYNorth Carolina Ave10003+NYMcClean Ave+10003|NYNorth Carolina Ave10003+NYDuer Ave+10003|NYMcClean Ave10003+NYDuer Ave+10003|NYDuer Ave10003'
-74.0628,40.7219,0,11,'NJCornelison Ave10003+NJBright St+10003|NJBright St10003'
-74.0628,40.7931,0,1,'NJ5th St10003+NJFront St+10003|NJ5th St10003+NJCo Rd 695+10003'
-74.0627,40.7375,1,1,'NJSaint Pauls Ave10003+NJJohn F Kennedy Blvd+10003|NJSaint Pauls Ave10003+NJState Rte 501+10003|NJSt Pauls Ave10003+NJJohn F Kennedy Blvd+10003|NJSt Pauls Ave10003+NJState Rte 501+10003|NJJohn F Kennedy Blvd10002+NJCo Rd 646+10002|NJCo Rd 64610003+NJState Rte 501+10003'
-74.0627,40.7233,0,7,'NJBeacon Way10003|NJBeacon Way10003+NJMontgomery St+10003'
-74.0626,40.6094,0,1,'NYFingerboard Rd10003|NYFingerboard Rd10003+NYBay St+10003'
-74.0626,40.5936,0,1,'NYFather Capodanno Blvd10003|NYFather Capodanno Blvd10003+NYDrury Ave+10003'
-74.0626,40.7480,0,1,'NJWaller St10003'
-74.0626,40.7976,1,0,'NJMaple St10003'
-74.0626,40.6092,0,2,'NYHarbor View Pl S10003|NYHarbor View Pl S10003+NYHarborview Pl+10003|NYHarbor View Pl S10003+NYBay St+10003|NYHarborview Pl10003|NYHarborview Pl10003+NYBay St+10003'
-74.0625,40.7464,0,2,'NJBeach St10003'
-74.0625,40.5973,0,1,'NYLily Pond Ave10003+NYPalisade St+10003|NYPalisade St10003'
-74.0624,40.6145,1,1,'NYWaterview Ct10003|NYWaterview Ct10003+NYWaterview Ct+10003'
-74.0624,40.8168,0,1,'NJMichele Pl10003|NJMichele Pl10003+NJDaewoo Pl+10003|NJDaewoo Pl10003'
-74.0624,40.8906,0,1,'NJBeech St10003|NJBeech St10003+NJBrookdale St+10003|NJBeech St10003+NJMaybrook Dr+10003|NJBrookdale St10003|NJBrookdale St10003+NJMaybrook Dr+10003|NJMaybrook Dr10003'
-74.0624,40.8746,1,0,'NJClark St10003|NJClark St10003+NJVincent Ave+10003'
-74.0624,40.5958,0,8,'NYRobin Rd10003|NYRobin Rd10003+NYFather Capodanno Blvd+10003'
-74.0624,40.7389,3,3,'NJPulaski Skwy10002+NJJohn F Kennedy Blvd+10002|NJPulaski Skwy10002+NJState Rte 501+10002|NJJohn F Kennedy Blvd10002+NJState Rte 139+10002|NJState Rte 50110002+NJState Rte 139+10002'
-74.0623,40.7455,0,2,'NJTonnele Ave10002+NJCarlton Ave+10002|NJUS Hwy 910002+NJCarlton Ave+10002|NJUS Hwy 110002+NJCarlton Ave+10002'
-74.0623,40.6144,0,2,'NYWaterview Ct10003'
-74.0623,40.7514,1,2,'NJCo Rd 65310003+NJ1st St W+10003|NJ1st St W10003|NJ1st St W10003+NJCounty Rd+10003'
-74.0623,40.7391,0,1,'NJPulaski Skwy10002+NJJohn F Kennedy Blvd+10002|NJPulaski Skwy10002+NJState Rte 501+10002|NJState Rte 13910002+NJJohn F Kennedy Blvd+10002|NJState Rte 13910002+NJState Rte 501+10002'
-74.0622,40.8024,0,1,'NJBlue Heron Dr10003'
-74.0622,40.7361,0,4,'NJVan Winkle Ave10003|NJVan Winkle Ave10003+NJHuron Ave+10003|NJHuron Ave10003'
-74.0622,40.7305,0,3,'NJSip Ave10003+NJJones St+10003|NJCo Rd 62510003+NJJones St+10003|NJJones St10003'
-74.0622,40.7756,1,1,'NJCo Rd 67810003|NJCo Rd 67810003+NJCounty Ave+10003|NJCo Rd 65310003+NJSecaucus Rd+10003|NJSecaucus Rd10003+NJCounty Ave+10003'
-74.0621,40.7721,1,0,'NJLincoln Ave10003'
-74.0621,40.8378,1,0,'NJMoonachie Ave10003+NJAve A+10003|NJAve A10003'
-74.0621,40.5968,0,1,'NYLily Pond Ave Exd10003|NYLily Pond Ave Exd10003+NYLily Pond Ave+10003|NYLily Pond Ave Exd10003+NYGuilford St+10003|NYLily Pond Ave10003+NYGuilford St+10003|NYGuilford St10003'
-74.0621,40.7462,0,1,'NJTonnele Ave10002+NJBeach St+10002|NJUS Hwy 910002+NJBeach St+10002|NJUS Hwy 110002+NJBeach St+10002'
-74.0621,40.7926,0,1,'NJFront St10003+NJ4th St+10003|NJCo Rd 69510003+NJ4th St+10003'
-74.0620,40.7266,0,2,'NJBaldwin Ave10003+NJAcademy St+10003'
-74.0620,40.6085,0,1,'NYHigh St10003|NYHigh St10003+NYBay St+10003'
-74.0619,40.8726,0,14,'NJTerrace Ave10003+NJLodi St+10003|NJLodi St10003'
-74.0619,40.8163,3,2,'NJDaewoo Pl10003'
-74.0619,40.5995,0,1,'NYMcClean Ave10003+NYTompkins Ave+10003|NYBattery Rd10003+NYTompkins Ave+10003|NYTompkins Ave10003'
-74.0619,40.8016,0,1,'NJOsprey Ct10003'
-74.0619,40.7794,0,1,'NJUps Dr10003'
-74.0619,40.7397,0,2,'NJNardone Pl10003|NJNardone Pl10003+NJJohn F Kennedy Blvd+10003|NJNardone Pl10003+NJState Rte 501+10003'
-74.0619,40.7375,0,6,'NJSaint Pauls Ave10003+NJHuron Ave+10003|NJHuron Ave10003|NJHuron Ave10003+NJSt Pauls Ave+10003|NJHuron Ave10003+NJCo Rd 646+10003'
-74.0619,40.7428,0,2,'NJStagg St10003|NJStagg St10003+NJCo Rd 647+10003|NJStagg St10003+NJLiberty Ave+10003|NJCo Rd 64710003'
-74.0618,40.7469,0,1,'NJTonnele Ave10002+NJManhattan Ave+10002|NJUS Hwy 910002+NJManhattan Ave+10002|NJUS Hwy 110002+NJManhattan Ave+10002'
-74.0617,40.5990,0,2,'NYNorth Path10003|NYNorth Path10003+NYKing Rd+10003|NYNorth Path10003+NYAyers Rd+10003|NYKing Rd10003|NYKing Rd10003+NYN Path Rd+10003|NYKing Rd10003+NYAyers Rd+10003|NYN Path Rd10003|NYN Path Rd10003+NYAyers Rd+10003|NYAyers Rd10003'
-74.0617,40.6027,0,1,'NYArtillary Rd10003'
-74.0617,40.7400,0,1,'NJBeacon Ave10003|NJBeacon Ave10003+NJJohn F Kennedy Blvd+10003|NJBeacon Ave10003+NJState Rte 501+10003'
-74.0617,40.7102,0,1,'NJBoltwood St10003|NJBoltwood St10003+NJPine St+10003'
-74.0616,40.7872,0,1,'NJGolden Ave10003'
-74.0615,40.7273,0,1,'NJBaldwin Ave10003+NJRock St+10003|NJRock St10003'
-74.0615,40.8019,0,2,'NJBlue Heron Dr10003+NJRiverside Ct+10003|NJRiverside Ct10003'
-74.0615,40.7123,0,1,'NJPacific Ave10003+NJLafayette St+10003|NJLafayette St10003+NJCo Rd 621+10003'
-74.0614,40.7497,1,0,'NJCounty Rd10003|NJCounty Rd10003+NJCounty Rd+10003|NJCo Rd 65310003+NJCounty Rd+10003'
-74.0614,40.7287,1,8,'NJPerrine Ave10003|NJPerrine Ave10003+NJHigh St+10003'
-74.0614,40.7319,0,1,'NJMagnolia Ave10003'
-74.0613,40.7922,0,1,'NJ3rd St10003+NJFront St+10003|NJ3rd St10003+NJCo Rd 695+10003'
-74.0613,40.8372,0,1,'NJRedneck Ave10003|NJRedneck Ave10003+NJMoonachie Ave+10003'
-74.0613,40.7104,0,1,'NJCo Rd 61210003+NJPine St+10003|NJCommunipaw Ave10003+NJPine St+10003'
-74.0613,40.7304,0,3,'NJSip Ave10003|NJSip Ave10003+NJCo Rd 617+10003|NJSip Ave10003+NJSummit Ave+10003|NJCo Rd 62510003|NJCo Rd 62510003+NJCo Rd 617+10003|NJCo Rd 62510003+NJSummit Ave+10003'
-74.0612,40.7467,0,2,'NJWestern Ave10003|NJWestern Ave10003+NJManhattan Ave+10003'
-74.0611,40.7278,0,1,'NJBaldwin Ave10003+NJNewkirk St+10003|NJNewkirk St10003'
-74.0611,40.8970,0,1,'NJConcord Dr10003|NJConcord Dr10003+NJByron Pl+10003'
-74.0611,40.7408,1,1,'NJFloyd St10003|NJFloyd St10003+NJJohn F Kennedy Blvd+10003|NJFloyd St10003+NJState Rte 501+10003'
-74.0611,40.8719,0,7,'NJKenneth St10003'
-74.0610,40.7489,1,1,'NJCo Rd 65310003|NJCo Rd 65310003+NJCounty Rd+10003|NJCo Rd 65310003+NJQuincy St+10003|NJCounty Rd10003+NJQuincy St+10003|NJQuincy St10003'
-74.0610,40.7948,1,1,'NJ5th St10003|NJ5th St10003+NJOld Rte 3+10003|NJ5th St10003+NJFlanagan Way+10003'
-74.0610,40.6071,0,3,'NYSchool Rd10003|NYSchool Rd10003+NYBay St+10003'
-74.0610,40.7097,0,1,'NJBoltwood St10003'
-74.0610,40.7440,0,3,'NJCo Rd 64710003+NJLake St+10003|NJLiberty Ave10003+NJLake St+10003|NJLake St10003'
-74.0610,40.7486,1,0,'NJAnn St10003|NJAnn St10003+NJTonnele Ave+10003|NJAnn St10003+NJUS Hwy 9+10003|NJAnn St10003+NJUS Hwy 1+10003'
-74.0609,40.6099,0,1,'NYHarborview Pl10003|NYHarborview Pl10003+NYHarborview Pl+10003|NYHarborview Pl10003+NYHarbor View Pl+10003|NYHarbor View Pl S10003+NYHarborview Pl+10003|NYHarbor View Pl10003'
-74.0609,40.9021,0,1,'NJFairway10003|NJFairway10003+NJPassaic St+10003|NJFairway10003+NJE Passaic St+10003'
-74.0608,40.7328,0,2,'NJPavonia Ave10003+NJHomestead Pl+10003|NJHomestead Pl10003'
-74.0608,40.6111,0,2,'NYCliff St10003+NYCliff Ct+10003|NYCliff Ct10003'
-74.0608,40.7005,2,1,'NJEdward Hart Dr10003|NJEdward Hart Dr10003+NJEdward Hart Rd+10003|NJEdward Hart Rd10003'
-74.0607,40.7296,0,3,'NJPerrine Ave10003'
-74.0607,40.7335,0,3,'NJVan Reipen Ave10003+NJHomestead Pl+10003|NJHomestead Pl10003'
-74.0607,40.6067,0,1,'NYWadsworth Ave10003|NYWadsworth Ave10003+NYBay St+10003'
-74.0607,40.7284,0,3,'NJBaldwin Ave10003+NJHigh St+10003'
-74.0607,40.7918,0,1,'NJ2nd St10003+NJFront St+10003|NJ2nd St10003+NJCo Rd 695+10003'
-74.0605,40.7447,0,1,'NJCo Rd 71810003|NJCo Rd 71810003+NJCo Rd 647+10003|NJCo Rd 71810003+NJLiberty Ave+10003|NJCo Rd 71810003+NJCarlton Ave+10003|NJCo Rd 64710003+NJCarlton Ave+10003'
-74.0605,40.8228,1,1,'NJJomike Ct10003|NJJomike Ct10003+NJWashington Ave+10003|NJJomike Ct10003+NJVeterans Blvd+10003|NJWashington Ave10003+NJVeterans Blvd+10003|NJVeterans Blvd10003'
-74.0605,40.7210,0,1,'NJCo Rd 61910003|NJCo Rd 61910003+NJFlorence St+10003|NJCo Rd 61910003+NJBright St+10003|NJFlorence St10003|NJFlorence St10003+NJBright St+10003|NJBright St10003'
-74.0604,40.7464,0,1,'NJTerrace Ave10003|NJTerrace Ave10003+NJManhattan Ave+10003|NJManhattan Ave10003+NJCo Rd 649+10003|NJCo Rd 64910003'
-74.0603,40.7096,1,5,'NJSuydam Ave10003|NJSuydam Ave10003+NJCo Rd 612+10003|NJSuydam Ave10003+NJCommunipaw Ave+10003'
-74.0602,40.7900,0,5,'NJCentre Ave10003+NJMinnie Pl+10003'
-74.0602,40.7308,1,0,'NJWest St10003'
-74.0601,40.7318,0,2,'NJCo Rd 61710003+NJMagnolia Ave+10003|NJMagnolia Ave10003+NJSummit Ave+10003'
-74.0601,40.7379,0,2,'NJCollard St10003|NJCollard St10003+NJHoboken Ave+10003|NJCollard St10003+NJUnderwood Pl+10003|NJCollard St10003+NJPulaski Skwy+10003|NJCollard St10003+NJState Rte 139+10003|NJHoboken Ave10002|NJHoboken Ave10002+NJUnderwood Pl+10002|NJHoboken Ave10002+NJPulaski Skwy+10002|NJUnderwood Pl10003|NJUnderwood Pl10003+NJPulaski Skwy+10003|NJUnderwood Pl10003+NJState Rte 139+10003|NJPulaski Skwy10002'
-74.0600,40.6114,0,1,'NYCliff St10003'
-74.0600,40.7745,1,0,'NJCo Rd 67810003+NJI 95+10003|NJCo Rd 67810003+NJI 495+10003|NJCo Rd 67810003+NJNew Jersey Tpke+10003|NJI 9510001+NJSecaucus Rd+10001|NJI 49510001|NJI 49510001+NJSecaucus Rd+10001|NJSecaucus Rd10003+NJNew Jersey Tpke+10003'
-74.0600,40.7226,1,0,'NJNew Loop10003'
-74.0599,40.7293,1,9,'NJBaldwin Ave10003'
-74.0598,40.7375,1,7,'NJBevan St10003|NJBevan St10003+NJSaint Pauls Ave+10003|NJBevan St10003+NJSt Pauls Ave+10003|NJSaint Pauls Ave10003|NJSt Pauls Ave10003'
-74.0598,40.7744,0,1,'NJCo Rd 67810003+NJNew Jersey Tpke+10003|NJCo Rd 67810003+NJI 95+10003|NJNew Jersey Tpke10001+NJSecaucus Rd+10001|NJSecaucus Rd10003+NJI 95+10003'
-74.0598,40.7996,0,1,'NJSchopmann Dr10003+NJJulianne Ter+10003|NJJulianne Ter10003'
-74.0598,40.7783,1,1,'NJCo Rd 65310003+NJUps Dr+10003|NJCounty Ave10003+NJUps Dr+10003|NJUps Dr10003'
-74.0598,40.7016,2,2,'NJJames A Hamil Dr10003|NJJames A Hamil Dr10003+NJEdward Hart Rd+10003|NJJames A Hamil Dr10003+NJT McGovern Dr+10003|NJJames A Hamil Dr10003+NJJames A Hamil Dr+10003|NJThomas McGovern Dr10003+NJEdward Hart Rd+10003|NJEdward Hart Rd10003|NJEdward Hart Rd10003+NJT McGovern Dr+10003|NJEdward Hart Rd10003+NJJames A Hamil Dr+10003|NJT McGovern Dr10003'
-74.0597,40.6003,0,2,'NYRear Gate10003|NYRear Gate10003+NYUss Tennessee Rd+10003|NYRear Gate10003+NYBattery Rd+10003|NYUss Tennessee Rd10003|NYUss Tennessee Rd10003+NYBattery Rd+10003|NYBattery Rd10003'
-74.0597,40.7411,0,1,'NJCollard St10003+NJSpruce St+10003|NJSpruce St10003'
-74.0597,40.7427,1,1,'NJCliff St10003|NJCliff St10003+NJJohn F Kennedy Blvd+10003|NJCliff St10003+NJState Rte 501+10003'
-74.0597,40.7475,0,2,'NJTerrace Ave10003+NJReserve Ave+10003|NJCo Rd 64910003+NJReserve Ave+10003|NJReserve Ave10003'
-74.0596,40.7460,0,1,'NJCo Rd 64710003+NJManhattan Ave+10003'
-74.0596,40.7089,0,4,'NJCommunipaw Ave10003'
-74.0596,40.7386,0,1,'NJBevan St10003|NJBevan St10003+NJHopkins Ave+10003'
-74.0595,40.7274,0,1,'NJTrenton St10003'
-74.0595,40.7295,0,2,'NJBaldwin Ave10003'
-74.0595,40.7373,0,1,'NJSaint Pauls Ave10003'
-74.0595,40.7896,0,2,'NJGolden Ave10003+NJCentre Ave+10003'
-74.0595,40.7313,1,1,'NJMagnolia Ave10003+NJWest St+10003|NJWest St10003'
-74.0594,40.7325,0,1,'NJCentral Ave10003|NJCentral Ave10003+NJLott St+10003|NJCentral Ave10003+NJPavonia Ave+10003|NJLott St10003|NJLott St10003+NJPavonia Ave+10003'
-74.0594,40.7532,2,3,'NJ1st St W10003'
-74.0594,40.7341,0,3,'NJCottage St10003|NJCottage St10003+NJCo Rd 617+10003|NJCottage St10003+NJSummit Ave+10003'
-74.0593,40.6038,0,1,'NYArtillery Rd10003|NYArtillery Rd10003+NYArtillary Rd+10003|NYArtillary Rd10003'
-74.0593,40.7349,0,6,'NJHoboken Ave10003|NJHoboken Ave10003+NJCo Rd 617+10003|NJHoboken Ave10003+NJCo Rd 639+10003|NJHoboken Ave10003+NJNewark Ave+10003|NJHoboken Ave10003+NJSummit Ave+10003|NJCo Rd 61710003+NJCo Rd 639+10003|NJCo Rd 61710003+NJNewark Ave+10003|NJCo Rd 63910003|NJCo Rd 63910003+NJSummit Ave+10003|NJNewark Ave10003+NJSummit Ave+10003|NJSummit Ave10003+NJCo Rd 644+10003'
-74.0591,40.7373,1,0,'NJHoboken Ave10002+NJSaint Pauls Ave+10002|NJHoboken Ave10002+NJCo Rd 646+10002|NJSaint Pauls Ave10003+NJState Rte 139+10003|NJCo Rd 64610003+NJState Rte 139+10003'
-74.0590,40.7867,0,1,'NJChestnut St10003+NJRaydol Ave+10003|NJRaydol Ave10003'
-74.0590,40.8033,0,1,'NJRiverview Dr10003'
-74.0589,40.7071,3,2,'NJCommunipaw Interchange St10003'
-74.0589,40.7424,0,1,'NJCollard St10003'
-74.0588,40.7370,0,1,'NJHoboken Ave10002+NJCo Rd 617+10002|NJHoboken Ave10002+NJSummit Ave+10002|NJCo Rd 61710003+NJState Rte 139+10003|NJSummit Ave10003+NJState Rte 139+10003'
-74.0588,40.7372,0,1,'NJCo Rd 61710003|NJCo Rd 61710003+NJState Rte 139+10003|NJCo Rd 61710003+NJHoboken Ave+10003|NJCo Rd 61710003+NJSaint Pauls Ave+10003|NJCo Rd 61710003+NJCo Rd 646+10003|NJState Rte 13910002+NJSaint Pauls Ave+10002|NJState Rte 13910002+NJSummit Ave+10002|NJState Rte 13910002+NJCo Rd 646+10002|NJHoboken Ave10002+NJSaint Pauls Ave+10002|NJHoboken Ave10002+NJSummit Ave+10002|NJHoboken Ave10002+NJCo Rd 646+10002|NJSaint Pauls Ave10003|NJSaint Pauls Ave10003+NJSummit Ave+10003|NJSummit Ave10003+NJCo Rd 646+10003|NJCo Rd 64610003'
-74.0588,40.7375,0,1,'NJSummit Ave10003+NJSt Pauls Ave+10003|NJSt Pauls Ave10003'
-74.0588,40.8351,1,0,'NJMoonachie Ave10003+NJCommercial Ave+10003|NJCommercial Ave10003'
-74.0588,40.7440,1,5,'NJCo Rd 71810003|NJCo Rd 71810003+NJJohn F Kennedy Blvd+10003|NJCo Rd 71810003+NJState Rte 501+10003|NJCo Rd 71810003+NJCarlton Ave+10003|NJJohn F Kennedy Blvd10002+NJCarlton Ave+10002|NJState Rte 50110002+NJCarlton Ave+10002'
-74.0587,40.7754,1,0,'NJSecaucus Rd10003'
-74.0587,40.7080,3,3,'NJI 7810001+NJCo Rd 612+10001|NJI 7810001+NJJersey City Blvd+10001|NJCo Rd 61210003+NJJersey City Blvd+10003|NJJersey City Blvd10003'
-74.0587,40.7383,0,1,'NJHopkins Ave10003|NJHopkins Ave10003+NJSummit Ave+10003'
-74.0586,40.7736,4,4,'NJSecaucus Rd10003|NJSecaucus Rd10003+NJCo Rd 678+10003|NJSecaucus Rd10003+NJSecaucus Rd+10003'
-74.0585,40.9128,0,1,'NJOak Ave10003|NJOak Ave10003+NJSpring Valley Ave+10003'
-74.0585,40.7476,0,2,'NJHutton St10003|NJHutton St10003+NJCo Rd 647+10003|NJHutton St10003+NJLiberty Ave+10003'
-74.0585,40.7220,1,0,'NJRistaino Dr10003|NJRistaino Dr10003+NJMontgomery St+10003'
-74.0584,40.7952,0,2,'NJMaple St10003|NJMaple St10003+NJCo Rd 681+10003|NJMaple St10003+NJPaterson Plank Rd+10003'
-74.0583,40.7944,0,1,'NJState Rte 310002+NJPaterson Plank Rd+10002'
-74.0583,40.7942,0,1,'NJPaterson Plank Rd10003+NJState Rte 3+10003'
-74.0583,40.8833,0,1,'NJProspect Ave10003|NJProspect Ave10003+NJEssex St+10003|NJProspect Ave10003+NJS Prospect Ave+10003|NJEssex St10003+NJS Prospect Ave+10003|NJS Prospect Ave10003'
-74.0583,40.7116,0,1,'NJMonitor St10003+NJCo Rd 722+10003|NJMonitor St10003+NJMaple St+10003|NJCo Rd 72210003'
-74.0583,40.7930,0,1,'NJ1st St10003|NJ1st St10003+NJPossehl Rd+10003|NJ1st St10003+NJCo Rd 681+10003|NJ1st St10003+NJPaterson Plank Rd+10003|NJPossehl Rd10003|NJPossehl Rd10003+NJCo Rd 681+10003|NJPossehl Rd10003+NJPaterson Plank Rd+10003'
-74.0582,40.7304,0,5,'NJMagnolia Ave10003+NJBaldwin Ave+10003'
-74.0581,40.7263,0,1,'NJTrenton St10003+NJWaldo Ave+10003|NJWaldo Ave10003'
-74.0581,40.8982,0,1,'NJThe Esplanade10003+NJAckerman St+10003|NJEsplanade10003+NJAckerman St+10003|NJAckerman St10003'
-74.0581,40.7482,1,0,'NJZabriskie St10003+NJCo Rd 647+10003|NJZabriskie St10003+NJLiberty Ave+10003|NJCo Rd 64710003+NJCo Rd 652+10003|NJLiberty Ave10003+NJCo Rd 652+10003'
-74.0580,40.7333,0,1,'NJCentral Ave10003|NJCentral Ave10003+NJCo Rd 639+10003|NJCentral Ave10003+NJNewark Ave+10003'
-74.0580,40.6074,0,1,'NYHudson Rd10003|NYHudson Rd10003+NYNorth Rd+10003'
-74.0580,40.7500,0,1,'NJTerrace Ave10003+NJLincoln St+10003|NJCo Rd 64910003+NJLincoln St+10003'
-74.0580,40.8840,0,1,'NJProspect Ave10003+NJThompson St+10003|NJThompson St10003'
-74.0579,40.8085,0,1,'NJOutwater Ln10003'
-74.0578,40.6020,0,1,'NYMajor Ave10003'
-74.0578,40.8705,1,0,'NJGreen St10003+NJI 80+10003'
-74.0578,40.7454,0,1,'NJJohn F Kennedy Blvd10002+NJManhattan Ave+10002|NJState Rte 50110002+NJManhattan Ave+10002'
-74.0577,40.7130,0,1,'NJCo Rd 61410003+NJPine St+10003|NJJohnston Ave10003+NJPine St+10003'
-74.0577,40.7525,3,4,'NJTonnele Ave10002+NJThorne St+10002|NJUS Hwy 910002+NJThorne St+10002|NJUS Hwy 110002+NJThorne St+10002|NJThorne St10003'
-74.0576,40.7112,0,4,'NJMaple St10003'
-74.0575,40.7903,2,2,'NJPlz Center10003+NJOld Rte 3+10003|NJPlz Center10003+NJCo Rd 681+10003|NJPlz Center10003+NJFlanagan Way+10003'
-74.0575,40.7699,0,1,'NJCo Rd 67810003+NJHenry St+10003|NJSecaucus Rd10003+NJHenry St+10003|NJHenry St10003'
-74.0574,40.7309,0,1,'NJBaldwin Ave10003+NJPavonia Ave+10003'
-74.0574,40.7365,0,2,'NJPerry St10003'
-74.0574,40.7460,3,5,'NJSherman Pl10003|NJSherman Pl10003+NJJohn F Kennedy Blvd+10003|NJSherman Pl10003+NJState Rte 501+10003'
-74.0573,40.7883,0,1,'NJChestnut St10003|NJChestnut St10003+NJCentre Ave+10003'
-74.0572,40.7480,1,1,'NJZabriskie St10003+NJColumbia Ave+10003|NJColumbia Ave10003|NJColumbia Ave10003+NJCo Rd 652+10003'
-74.0571,40.7809,1,1,'NJWindsor Dr10003'
-74.0571,40.7424,0,19,'NJCo Rd 65010003+NJCo Rd 661+10003|NJCo Rd 65010003+NJLake St+10003|NJCo Rd 66110003|NJCo Rd 66110003+NJLake St+10003|NJLake St10003'
-74.0571,40.5994,1,0,'NYUss Florida Ct10003|NYUss Florida Ct10003+NYUss Florida Ct+10003'
-74.0571,40.7124,0,1,'NJMonitor St10003+NJCo Rd 614+10003|NJMonitor St10003+NJJohnston Ave+10003|NJCo Rd 61410003'
-74.0570,40.7063,1,2,'NJPhillip St10003+NJCo Rd 612+10003|NJPhillip St10003+NJJersey City Blvd+10003|NJCo Rd 61210003|NJCo Rd 61210003+NJJersey City Blvd+10003|NJJersey City Blvd10003'
-74.0570,40.7789,1,0,'NJNew Jersey Tpke10001+NJI 495+10001|NJI 49510001|NJI 49510001+NJI 95+10001'
-74.0569,40.8779,1,2,'NJPolifly Rd10003+NJMarvin Ave+10003|NJMarvin Ave10003'
-74.0569,40.7292,2,7,'NJMagnolia Ave10003+NJChestnut Ave+10003'
-74.0568,40.8319,0,2,'NJEastern Ave10003'
-74.0568,40.7895,1,0,'NJPaterson Plank Rd10003+NJWilson Ave+10003|NJWilson Ave10003|NJWilson Ave10003+NJCo Rd 681+10003'
-74.0566,40.7372,0,3,'NJPerry St10003|NJPerry St10003+NJHopkins Ave+10003'
-74.0566,40.7315,0,5,'NJCo Rd 63910003+NJBaldwin Ave+10003|NJNewark Ave10003+NJBaldwin Ave+10003'
-74.0566,40.7939,1,10,'NJRadio Ave10003'
-74.0566,40.7684,1,2,'NJCo Rd 67810003+NJ16th St+10003|NJSecaucus Rd10003+NJ16th St+10003|NJ16th St10003'
-74.0566,40.7431,1,0,'NJCo Rd 66110003+NJCarlton Ave+10003|NJMontrose Ave10003+NJCarlton Ave+10003'
-74.0566,40.7472,1,2,'NJHutton St10003+NJJohn F Kennedy Blvd+10003|NJHutton St10003+NJState Rte 501+10003'
-74.0565,40.6932,0,1,'NJMorris Pesin Dr10003|NJBlack Tom Rd10003'
-74.0565,40.7353,1,3,'NJCentral Ave10003+NJState Rte 139+10003|NJCentral Ave10003+NJHoboken Ave+10003|NJState Rte 13910002+NJCo Rd 663+10002|NJHoboken Ave10002+NJCo Rd 663+10002'
-74.0565,40.8497,1,0,'NJFred Wehran Dr10003'
-74.0565,40.7354,0,1,'NJCentral Ave10003+NJFleet St+10003|NJCo Rd 66310003+NJFleet St+10003|NJFleet St10003'
-74.0564,40.8872,0,2,'NJProspect Ave10003+NJBeech St+10003'
-74.0563,40.6005,0,1,'NYNew Mexico Ct10003|NYNew Mexico Ct10003+NYUss New Mexico Ct+10003|NYUss New Mexico Ct10003|NYUss New Mexico Ct10003+NYUss New Mexico Ct+10003'
-74.0562,40.8785,0,2,'NJSutton Ave10003|NJSutton Ave10003+NJPolifly Rd+10003'
-74.0562,40.7536,1,1,'NJBleecker St10003'
-74.0562,40.7478,0,1,'NJZabriskie St10003+NJJohn F Kennedy Blvd+10003|NJZabriskie St10003+NJState Rte 501+10003|NJCo Rd 65210003+NJJohn F Kennedy Blvd+10003|NJCo Rd 65210003+NJState Rte 501+10003'
-74.0561,40.7298,1,3,'NJChestnut Ave10003+NJPavonia Ave+10003'
-74.0561,40.7277,0,1,'NJHenry St10003|NJHenry St10003+NJWaldo Ave+10003'
-74.0561,40.7438,1,2,'NJMontrose Ave10003+NJBeach St+10003'
-74.0561,40.7361,0,1,'NJCentral Ave10003+NJSt Pauls Ave+10003|NJCo Rd 66310003+NJSt Pauls Ave+10003'
-74.0561,40.7116,0,6,'NJGarrabrant St10003|NJGarrabrant St10003+NJJohnston Ave+10003'
-74.0559,40.7321,1,4,'NJCourt House Pl10003+NJBaldwin Ave+10003'
-74.0559,40.7917,0,1,'NJPlz Center10003+NJ3rd Ave+10003|NJ3rd Ave10003'
-74.0559,40.7477,0,1,'NJZabriskie St10003+NJSanford Pl+10003|NJZabriskie St10003+NJCo Rd 661+10003|NJSanford Pl10003|NJSanford Pl10003+NJCo Rd 652+10003|NJCo Rd 66110003|NJCo Rd 66110003+NJCo Rd 652+10003'
-74.0559,40.7457,0,1,'NJSanford Pl10003+NJSherman Pl+10003|NJSherman Pl10003'
-74.0559,40.7341,0,1,'NJHoboken Ave10003+NJOakland Ave+10003'
-74.0558,40.7189,4,4,'NJBrook St10003|NJBrook St10003+NJI 78+10003'
-74.0558,40.7453,0,1,'NJSherman Pl10003|NJSherman Pl10003+NJSanford Pl+10003'
-74.0558,40.7809,0,1,'NJNew Jersey Tpke10001+NJI 495+10001|NJI 49510001+NJI 95+10001'
-74.0558,40.7305,0,5,'NJMcPherson Pl10003|NJMcPherson Pl10003+NJCo Rd 639+10003|NJMcPherson Pl10003+NJNewark Ave+10003|NJCo Rd 63910003+NJMcPherson St+10003|NJNewark Ave10003+NJMcPherson St+10003|NJMcPherson St10003'
-74.0558,40.7858,1,1,'NJCo Rd 65310003+NJDorigo Ln+10003|NJCo Rd 65310003+NJPeterson Ln+10003|NJDorigo Ln10003|NJDorigo Ln10003+NJCounty Ave+10003|NJCounty Ave10003+NJPeterson Ln+10003|NJPeterson Ln10003'
-74.0557,40.7470,0,2,'NJHutton St10003|NJHutton St10003+NJSanford Pl+10003'
-74.0557,40.7445,0,1,'NJSanford Pl10003+NJManhattan Ave+10003|NJCo Rd 66110003+NJManhattan Ave+10003'
-74.0557,40.9370,0,1,'NJFredrick St10003'
-74.0557,40.7444,0,1,'NJSanford Pl10003+NJMontrose Ave+10003|NJMontrose Ave10003'
-74.0557,40.8818,0,2,'NJ2nd St10003|NJ2nd St10003+NJParkway+10003|NJ2nd St10003+NJEssex St+10003|NJParkway10003|NJParkway10003+NJEssex St+10003'
-74.0557,40.7919,0,1,'NJPlz Center10003'
-74.0557,40.7468,0,1,'NJSanford Pl10003+NJHutton St+10003|NJHutton St10003'
-74.0556,40.7344,0,3,'NJState Rte 13910002+NJOakland Ave+10002|NJState Rte 13910002+NJCo Rd 644+10002|NJHoboken Ave10002+NJOakland Ave+10002'
-74.0555,40.6996,3,3,'NJJames A Hamil Dr10003|NJThomas McGovern Dr10003'
-74.0555,40.7281,1,6,'NJMagnolia Ave10003|NJMagnolia Ave10003+NJWaldoln Ave+10003|NJMagnolia Ave10003+NJWaldo Ave+10003|NJWaldoln Ave10003|NJWaldoln Ave10003+NJWaldo Ave+10003'
-74.0554,40.7211,0,1,'NJMerseles St10003|NJMerseles St10003+NJMontgomery St+10003'
-74.0554,40.7950,0,1,'NJRadio Ave10003+NJArn Ter+10003|NJArn Ter10003'
-74.0554,40.7417,3,2,'NJReservoir Ave10003|NJReservoir Ave10003+NJSummit Ave+10003'
-74.0553,40.7490,0,2,'NJJohn F Kennedy Blvd10002+NJLincoln St+10002|NJState Rte 50110002+NJLincoln St+10002'
-74.0553,40.7326,0,2,'NJBaldwin Ave10003+NJWashburn St+10003'
-74.0553,40.7299,0,6,'NJCo Rd 63910003+NJPalisade Ave+10003|NJNewark Ave10003+NJPalisade Ave+10003|NJPalisade Ave10003'
-74.0553,40.8865,0,1,'NJOverlook Ave10003|NJOverlook Ave10003+NJBeech St+10003'
-74.0553,40.7941,0,2,'NJJans Pl10003|NJJans Pl10003+NJGail Pl+10003'
-74.0553,40.7348,0,1,'NJOakland Ave10003+NJFleet St+10003'
-74.0552,40.7210,1,0,'NJI 7810001+NJMontgomery St+10001'
-74.0552,40.9516,0,1,'NJBerry Ln10003+NJTaylor Rd+10003|NJTaylor Rd10003'
-74.0551,40.8797,0,7,'NJParker Ave10003|NJParker Ave10003+NJPolifly Rd+10003'
-74.0551,40.7870,0,1,'NJCo Rd 65310003+NJCentre Ave+10003|NJCounty Ave10003+NJCentre Ave+10003|NJCentre Ave10003'
-74.0551,40.7893,0,2,'NJ1st Ave10003+NJRoosevelt Ave+10003'
-74.0551,40.8898,0,4,'NJProspect Ave10003+NJAmerican Legion Dr+10003'
-74.0550,40.7561,0,2,'NJTonnele Ave10002+NJLundys Ln+10002|NJUS Hwy 910002+NJLundys Ln+10002|NJUS Hwy 110002+NJLundys Ln+10002|NJLundys Ln10003'
-74.0549,40.7288,0,5,'NJCo Rd 63910003+NJPavonia Ave+10003|NJNewark Ave10003+NJPavonia Ave+10003|NJPavonia Ave10003'
-74.0549,40.7379,0,2,'NJCo Rd 64810003|NJCo Rd 64810003+NJCentral Ave+10003|NJCo Rd 64810003+NJCo Rd 663+10003|NJCo Rd 66310003+NJLaidlaw Ave+10003'
-74.0549,40.7106,0,1,'NJI 7810001+NJJohnston Ave+10001'
-74.0549,40.7316,2,1,'NJCourt House Pl10003|NJCourt House Pl10003+NJMcPherson Pl+10003|NJCourt House Pl10003+NJMcPherson St+10003'
-74.0549,40.7424,1,4,'NJSummit Ave10003+NJCarlton Ave+10003|NJCarlton Ave10003'
-74.0548,40.7529,0,3,'NJBleecker St10003+NJLiberty Ave+10003'
-74.0548,40.9319,0,1,'NJCoombs Dr10003|NJCoombs Dr10003+NJSpring Valley Rd+10003'
-74.0548,40.7562,1,1,'NJTonnele Ave10002+NJNorth St+10002|NJUS Hwy 910002+NJNorth St+10002|NJUS Hwy 110002+NJNorth St+10002|NJNorth St10003'
-74.0548,40.7285,1,0,'NJCo Rd 63910003+NJWaldoln Ave+10003|NJCo Rd 63910003+NJWaldo Ave+10003|NJWaldoln Ave10003|NJWaldoln Ave10003+NJNewark Ave+10003|NJWaldoln Ave10003+NJWaldo Ave+10003|NJNewark Ave10003+NJWaldo Ave+10003|NJWaldo Ave10003'
-74.0548,40.9161,1,3,'NJS Forest Ave10003|NJS Forest Ave10003+NJState Rte 4+10003'
-74.0547,40.8804,0,3,'NJPolifly Rd10003+NJKaplan Ave+10003|NJKaplan Ave10003'
-74.0547,40.6033,0,1,'NYStaten Island Pkwy10001+NYHudson Rd+10001|NYHudson Rd10003+NYI 278+10003'
-74.0546,40.7935,0,1,'NJJames Pl10003|NJJames Pl10003+NJGail Pl+10003'
-74.0546,40.7333,0,1,'NJHoboken Ave10002+NJBaldwin Ave+10002|NJBaldwin Ave10003+NJState Rte 139+10003'
-74.0546,40.7880,0,1,'NJPaterson Plank Rd10003+NJCo Rd 653+10003|NJPaterson Plank Rd10003+NJCounty Ave+10003|NJCo Rd 65310003|NJCo Rd 65310003+NJCo Rd 681+10003|NJCounty Ave10003|NJCounty Ave10003+NJCo Rd 681+10003'
-74.0546,40.8907,0,1,'NJProspect Ave10003+NJCentral Ave+10003'
-74.0545,40.7335,1,0,'NJState Rte 13910002+NJBaldwin Ave+10002|NJHoboken Ave10002+NJBaldwin Ave+10002'
-74.0545,40.7385,0,5,'NJCo Rd 66310003+NJJefferson Ave+10003'
-74.0543,40.8248,1,0,'NJStreet C10003'
-74.0543,40.8290,0,1,'NJCommerce Blvd10003+NJWashington Ave+10003'
-74.0542,40.7975,0,1,'NJHuber St10003+NJGarry Ter+10003|NJGarry Ter10003'
-74.0540,40.7510,0,1,'NJThorne St10003+NJJohn F Kennedy Blvd+10003|NJThorne St10003+NJState Rte 501+10003'
-74.0540,40.7171,1,1,'NJBates St10003'
-74.0540,40.7392,0,2,'NJCentral Ave10003+NJWaverly St+10003|NJCo Rd 66310003+NJWaverly St+10003|NJWaverly St10003'
-74.0540,40.7526,0,3,'NJColumbia Ave10003+NJBleecker St+10003'
-74.0540,40.7324,1,1,'NJMc Pherson St10003'
-74.0540,40.7559,1,0,'NJTerrace Ave10003+NJNorth St+10003|NJNorth St10003+NJCo Rd 649+10003'
-74.0540,40.7236,0,2,'NJMerseles St10003|NJMerseles St10003+NJ1st St+10003|NJ1st St10003'
-74.0539,40.7438,0,1,'NJCo Rd 61710003|NJCo Rd 61710003+NJManhattan Ave+10003|NJSummit Ave10003+NJManhattan Ave+10003'
-74.0538,40.7364,0,1,'NJBeacon Ave10003+NJOakland Ave+10003|NJBeacon Ave10003+NJCo Rd 644+10003'
-74.0535,40.8927,0,1,'NJProspect Ave10003+NJGolf Pl+10003|NJGolf Pl10003'
-74.0535,40.7323,1,0,'NJHoboken Ave10002+NJConcord St+10002|NJConcord St10003|NJConcord St10003+NJState Rte 139+10003'
-74.0534,40.7347,0,6,'NJBaldwin Ave10003+NJSt Pauls Ave+10003'
-74.0533,40.7325,0,3,'NJState Rte 13910002+NJConcord St+10002|NJHoboken Ave10002+NJConcord St+10002'
-74.0533,40.7244,1,16,'NJMerseles St10003|NJMerseles St10003+NJCo Rd 626+10003|NJMerseles St10003+NJ3rd St+10003|NJCo Rd 62610003'
-74.0533,40.9173,0,1,'NJFrisch Ct10003'
-74.0533,40.7447,1,5,'NJCo Rd 61710003+NJSherman Pl+10003|NJSummit Ave10003+NJSherman Pl+10003'
-74.0532,40.9600,0,2,'NJEast Dr10003|NJEast Dr10003+NJOradell Ave+10003'
-74.0531,40.8439,1,1,'NJRedneck Ave10003+NJJoseph St+10003|NJJoseph St10003'
-74.0531,40.7879,0,1,'NJCedar Ln10003+NJMutillod Ln+10003|NJMutillod Ln10003'
-74.0531,40.7523,0,2,'NJCo Rd 65910003|NJCo Rd 65910003+NJJohn F Kennedy Blvd+10003|NJCo Rd 65910003+NJState Rte 501+10003|NJNelson Ave10003|NJNelson Ave10003+NJJohn F Kennedy Blvd+10003|NJNelson Ave10003+NJState Rte 501+10003'
-74.0531,40.7685,1,4,'NJ16th St10003'
-74.0530,40.9106,0,1,'NJCedar Ave10003+NJConklin Ave+10003|NJConklin Ave10003'
-74.0530,40.8258,1,1,'NJMeadow Ln10003'
-74.0530,40.7868,0,1,'NJPaterson Plank Rd10003+NJCedar Ln+10003|NJCo Rd 68110003+NJCedar Ln+10003|NJCedar Ln10003'
-74.0529,40.7317,1,1,'NJHoboken Ave10002+NJPalisade Ave+10002|NJPalisade Ave10003+NJState Rte 139+10003'
-74.0529,40.7352,0,3,'NJBaldwin Ave10003+NJHopkins Ave+10003'
-74.0528,40.8003,0,1,'NJLuhman Ter10003+NJLucht Pl+10003|NJLucht Pl10003'
-74.0526,40.7319,0,3,'NJState Rte 13910002+NJPalisade Ave+10002|NJHoboken Ave10002+NJPalisade Ave+10002'
-74.0526,40.7261,0,1,'NJCo Rd 63910003+NJ6th St+10003|NJ6th St10003+NJNewark Ave+10003'
-74.0525,40.7905,1,1,'NJMill Creek Dr10003'
-74.0525,40.7108,0,1,'NJAetna St10003'
-74.0524,40.7973,0,1,'NJFranklin St10003|NJFranklin St10003+NJGillis Pl+10003'
-74.0524,40.7357,0,4,'NJBeacon Ave10003+NJBaldwin Ave+10003'
-74.0523,40.7234,1,18,'NJColgate St10003+NJ2nd St+10003|NJ2nd St10003+NJCo Rd 727+10003'
-74.0523,40.7290,1,0,'NJ9th St10003|NJ9th St10003+NJI 78+10003'
-74.0523,40.8952,0,1,'NJProspect Ave10003+NJBerry St+10003|NJBerry St10003'
-74.0522,40.7552,0,2,'NJColumbia Ave10003+NJNorth St+10003'
-74.0521,40.7393,4,4,'NJProspect St10003+NJLineau Pl+10003|NJLineau Pl10003+NJCo Rd 654+10003'
-74.0521,40.7584,0,1,'NJTerrace Ave10003+NJCo Rd 668+10003|NJTerrace Ave10003+NJLeonard St+10003|NJCo Rd 66810003|NJCo Rd 66810003+NJCo Rd 649+10003|NJLeonard St10003|NJLeonard St10003+NJCo Rd 649+10003'
-74.0521,40.7495,0,6,'NJMilton Ave10003|NJMilton Ave10003+NJCharles St+10003'
-74.0521,40.7099,6,8,'NJPhillip St10003|NJPhillip St10003+NJJohnston Ave+10003|NJPhillip St10003+NJAudrey Zapp Dr+10003|NJJohnston Ave10003|NJJohnston Ave10003+NJAudrey Zapp Dr+10003|NJAudrey Zapp Dr10003'
-74.0521,40.7240,0,2,'NJColgate St10003|NJColgate St10003+NJCo Rd 626+10003|NJColgate St10003+NJ3rd St+10003|NJCo Rd 62610003+NJCo Rd 727+10003|NJCo Rd 72710003|NJCo Rd 72710003+NJ3rd St+10003'
-74.0520,40.7340,0,1,'NJConcord St10003+NJSt Pauls Ave+10003'
-74.0520,40.7313,1,0,'NJHoboken Ave10002|NJHoboken Ave10002+NJNj 139 Lower+10002|NJHoboken Ave10002+NJHoboken Ave+10002|NJNj 139 Lower10002|NJNj 139 Lower10002+NJHoboken Ave+10002|NJState Rte 13910002+NJHoboken Ave+10002|NJHoboken Ave10003'
-74.0519,40.7175,0,1,'NJColden St10003|NJColden St10003+NJMonmouth St+10003'
-74.0519,40.7541,0,1,'NJGraham St10003|NJGraham St10003+NJCo Rd 659+10003|NJGraham St10003+NJNelson Ave+10003'
-74.0519,40.7275,0,2,'NJDivision St10003|NJDivision St10003+NJCo Rd 630+10003|NJDivision St10003+NJ8th St+10003|NJCo Rd 63010003'
-74.0518,40.7606,0,1,'NJCo Rd 67810003+NJDell Ave+10003|NJSecaucus Rd10003+NJDell Ave+10003|NJDell Ave10003'
-74.0518,40.8417,1,0,'NJJackson Pl10003|NJJackson Pl10003+NJDiamond Way+10003|NJDiamond Way10003'
-74.0518,40.8794,1,2,'NJW Railroad Ave10003|NJW Railroad Ave10003+NJEssex St+10003'
-74.0518,40.7314,1,2,'NJState Rte 13910002+NJHoboken Ave+10002|NJHoboken Ave10002|NJHoboken Ave10002+NJNj 139 Upper+10002|NJHoboken Ave10002+NJHoboken Ave+10002|NJNj 139 Upper10002|NJNj 139 Upper10002+NJHoboken Ave+10002'
-74.0518,40.7469,0,1,'NJGriffith St10003+NJCo Rd 617+10003|NJGriffith St10003+NJSummit Ave+10003'
-74.0517,40.7363,1,1,'NJBaldwin Ave10003+NJLaidlaw Ave+10003'
-74.0517,40.7214,0,2,'NJBrunswick St10003+NJWayne St+10003|NJCo Rd 62910003+NJWayne St+10003|NJWayne St10003'
-74.0516,40.7427,0,1,'NJManhattan Ave10003|NJManhattan Ave10003+NJCentral Ave+10003|NJManhattan Ave10003+NJCo Rd 663+10003|NJCentral Ave10003'
-74.0516,40.7411,1,4,'NJBooraem Ave10003+NJNesbitt St+10003|NJBooraem Ave10003+NJNesbitt Ave+10003|NJNesbitt St10003|NJNesbitt St10003+NJNesbitt Ave+10003|NJNesbitt St10003+NJCo Rd 658+10003|NJNesbitt Ave10003|NJNesbitt Ave10003+NJCo Rd 658+10003'
-74.0516,40.8214,3,3,'NJBarell Ave10003'
-74.0516,40.7399,0,1,'NJReservoir Ave10003+NJLineau Pl+10003|NJCo Rd 65610003+NJLineau Pl+10003'
-74.0516,40.7987,1,1,'NJCentral Ln10003+NJJane Ct+10003|NJJane Ct10003'
-74.0516,40.7182,0,2,'NJMonmouth St10003+NJCo Rd 620+10003|NJMonmouth St10003+NJBright St+10003|NJBright St10003'
-74.0515,40.7328,0,1,'NJPalisade Ave10003+NJFleet St+10003|NJFleet St10003'
-74.0515,40.7547,0,3,'NJCo Rd 65910003+NJNorth St+10003|NJNelson Ave10003+NJNorth St+10003|NJNorth St10003'
-74.0515,40.7821,6,8,'NJDaffys Way10003'
-74.0515,40.7390,1,0,'NJProspect St10003+NJOakland Ave+10003|NJProspect St10003+NJCo Rd 644+10003|NJOakland Ave10003|NJOakland Ave10003+NJCo Rd 654+10003|NJCo Rd 65410003+NJCo Rd 644+10003|NJCo Rd 64410003'
-74.0514,40.7219,2,0,'NJBrunswick St10003+NJChristopher Columbus Dr+10003|NJChristopher Columbus Dr10003+NJCo Rd 629+10003'
-74.0514,40.7582,1,0,'NJCo Rd 66810003+NJLiberty Ave+10003|NJLeonard St10003+NJLiberty Ave+10003'
-74.0514,40.7549,0,1,'NJCo Rd 65910003+NJNorth St+10003|NJNelson Ave10003+NJNorth St+10003|NJNorth St10003'
-74.0513,40.7531,0,1,'NJCo Rd 66410003|NJCo Rd 66410003+NJJohn F Kennedy Blvd+10003|NJCo Rd 66410003+NJState Rte 501+10003|NJJohn F Kennedy Blvd10002+NJCongress St+10002|NJState Rte 50110002+NJCongress St+10002'
-74.0513,40.8934,1,2,'NJDewolf Pl10003'
-74.0513,40.7475,0,2,'NJCo Rd 61710003+NJLincoln St+10003|NJSummit Ave10003+NJLincoln St+10003'
-74.0512,40.7190,0,2,'NJCo Rd 61810003+NJMonmouth St+10003|NJYork St10003+NJMonmouth St+10003'
-74.0511,40.7335,1,0,'NJPalisade Ave10003+NJSt Pauls Ave+10003|NJSt Pauls Ave10003'
-74.0510,40.7224,0,5,'NJCo Rd 62910003+NJCo Rd 727+10003'
-74.0509,40.7246,0,1,'NJCo Rd 62810003+NJCo Rd 639+10003|NJCo Rd 62810003+NJNewark Ave+10003|NJCo Rd 63910003+NJ4th St+10003|NJ4th St10003|NJ4th St10003+NJNewark Ave+10003'
-74.0509,40.7407,0,1,'NJBooraem Ave10003+NJLineau Pl+10003|NJLineau Pl10003|NJLineau Pl10003+NJCo Rd 658+10003'
-74.0508,40.7196,1,1,'NJMonmouth St10003+NJMontgomery St+10003'
-74.0508,40.7438,0,1,'NJCentral Ave10003+NJSherman Pl+10003|NJCo Rd 66310003+NJSherman Pl+10003|NJSherman Pl10003'
-74.0508,40.7506,1,1,'NJPierce Ave10003|NJPierce Ave10003+NJSouth St+10003'
-74.0508,40.7238,0,5,'NJBrunswick St10003+NJCo Rd 626+10003|NJBrunswick St10003+NJ3rd St+10003|NJCo Rd 62610003+NJCo Rd 629+10003'
-74.0507,40.7159,1,3,'NJVarick St10003|NJVarick St10003+NJCanal St+10003'
-74.0507,40.7341,0,2,'NJHopkins Ave10003|NJHopkins Ave10003+NJPalisade Ave+10003'
-74.0506,40.7560,0,1,'NJCo Rd 65910003+NJCo Rd 666+10003|NJCo Rd 65910003+NJPoplar St+10003|NJNelson Ave10003+NJCo Rd 666+10003|NJNelson Ave10003+NJPoplar St+10003|NJCo Rd 66610003|NJPoplar St10003'
-74.0506,40.7167,0,1,'NJVarick St10003'
-74.0506,40.7403,0,1,'NJBooraem Ave10003+NJAbbett St+10003|NJAbbett St10003|NJAbbett St10003+NJCo Rd 658+10003'
-74.0506,40.7252,0,3,'NJ5th St10003+NJCo Rd 629+10003|NJ5th St10003+NJBrunswick St+10003'
-74.0505,40.9167,0,1,'NJFrisch Ct10003'
-74.0505,40.7913,1,3,'NJMill Creek Dr10003+NJLighting Way+10003|NJLighting Way10003'
-74.0505,40.7137,0,1,'NJDouglas and Arthur Skinner Memorial Dr10003|NJDouglas and Arthur Skinner Memorial Dr10003+NJJersey Ave+10003|NJDouglas and Arthur Skinner Memorial Dr10003+NJCanal St+10003|NJJersey Ave10003|NJJersey Ave10003+NJCanal St+10003|NJCanal St10003'
-74.0505,40.7384,0,2,'NJWebster Ave10003|NJWebster Ave10003+NJProspect St+10003|NJWebster Ave10003+NJBaldwin Ave+10003|NJWebster Ave10003+NJCo Rd 654+10003|NJProspect St10003+NJBaldwin Ave+10003|NJProspect St10003+NJCo Rd 669+10003|NJBaldwin Ave10003|NJBaldwin Ave10003+NJCo Rd 654+10003|NJBaldwin Ave10003+NJCo Rd 669+10003|NJCo Rd 65410003+NJCo Rd 669+10003|NJCo Rd 66910003'
-74.0505,40.7202,0,1,'NJMonmouth St10003|NJMonmouth St10003+NJMonmouth St+10003|NJMonmouth St10003+NJMercer St+10003|NJMercer St10003'
-74.0505,40.7259,0,2,'NJ6th St10003+NJBrunswick St+10003'
-74.0504,40.7489,0,1,'NJCo Rd 61710003+NJCharles St+10003|NJCharles St10003+NJSummit Ave+10003'
-74.0503,40.7266,0,18,'NJ7th St10003+NJCo Rd 629+10003'
-74.0503,40.7849,1,0,'NJPaterson Plank Rd10003+NJDaffys Way+10003|NJDaffys Way10003|NJDaffys Way10003+NJCo Rd 681+10003'
-74.0503,40.7887,1,2,'NJIsland Blvd10003'
-74.0503,40.7534,0,2,'NJGraham St10003+NJJohn F Kennedy Blvd+10003|NJGraham St10003+NJState Rte 501+10003'
-74.0503,40.7447,0,1,'NJCentral Ave10003+NJHutton St+10003|NJCo Rd 66310003+NJHutton St+10003'
-74.0502,40.7273,0,5,'NJCo Rd 62910003+NJCo Rd 630+10003|NJCo Rd 62910003+NJ8th St+10003'
-74.0502,40.7429,0,1,'NJCambridge Ave10003|NJCambridge Ave10003+NJFranklin St+10003|NJCo Rd 66510003|NJCo Rd 66510003+NJFranklin St+10003'
-74.0502,40.8447,0,1,'NJLladro Dr10003'
-74.0502,40.7566,0,1,'NJCo Rd 65910003+NJGrace St+10003|NJNelson Ave10003+NJGrace St+10003|NJGrace St10003'
-74.0501,40.7281,2,12,'NJPavonia Ave10003|NJPavonia Ave10003+NJCo Rd 629+10003|NJPavonia Ave10003+NJBrunswick St+10003'
-74.0501,40.7209,2,11,'NJMonmouth St10003+NJWayne St+10003'
-74.0500,40.7178,0,4,'NJVarick St10003+NJCo Rd 620+10003|NJVarick St10003+NJBright St+10003'
-74.0500,40.7518,0,1,'NJPaterson St10003+NJPierce Ave+10003'
-74.0500,40.7288,0,4,'NJCo Rd 63410003|NJCo Rd 63410003+NJCo Rd 629+10003|NJCo Rd 63410003+NJBrunswick St+10003|NJ9th St10003+NJCo Rd 629+10003'
-74.0500,40.7237,2,11,'NJNewark Ave10003+NJCo Rd 626+10003|NJNewark Ave10003+NJ3rd St+10003|NJCo Rd 62610003+NJCo Rd 639+10003|NJCo Rd 63910003+NJ3rd St+10003'
-74.0500,40.7390,0,2,'NJWebster Ave10003+NJReservoir Ave+10003|NJWebster Ave10003+NJCo Rd 656+10003|NJReservoir Ave10003+NJCo Rd 669+10003|NJCo Rd 65610003+NJCo Rd 669+10003'
-74.0499,40.7352,0,1,'NJMontague Pl10003|NJMontague Pl10003+NJPalisade Ave+10003'
-74.0499,40.7295,0,1,'NJCo Rd 62910003|NJCo Rd 62910003+NJ10th St+10003|NJBrunswick St10003|NJBrunswick St10003+NJ10th St+10003|NJ10th St10003'
-74.0498,40.7216,1,12,'NJChristopher Columbus Dr10003+NJMonmouth St+10003'
-74.0497,40.7185,0,5,'NJVarick St10003+NJCo Rd 618+10003|NJVarick St10003+NJYork St+10003'
-74.0496,40.8329,0,1,'NJTerminal Blvd10003'
-74.0496,40.7878,0,2,'NJI 9510001+NJState Rte 3+10001|NJState Rte 310002+NJNew Jersey Tpke+10002'
-74.0496,40.7357,0,1,'NJPalisade Ave10003+NJHill St+10003|NJHill St10003'
-74.0496,40.7524,0,3,'NJCo Rd 66410003+NJPierce Ave+10003|NJPierce Ave10003|NJPierce Ave10003+NJCongress St+10003'
-74.0495,40.7458,1,1,'NJCentral Ave10003|NJCentral Ave10003+NJGriffith St+10003|NJGriffith St10003|NJGriffith St10003+NJCo Rd 663+10003'
-74.0494,40.9023,0,1,'NJHerman St10003|NJHerman St10003+NJRoss Ave+10003'
-74.0494,40.7396,0,2,'NJWebster Ave10003+NJBooraem Ave+10003|NJWebster Ave10003+NJCo Rd 658+10003|NJBooraem Ave10003+NJCo Rd 669+10003|NJCo Rd 66910003+NJCo Rd 658+10003|NJCo Rd 65810003'
-74.0494,40.7222,0,3,'NJMonmouth St10003|NJMonmouth St10003+NJ1st St+10003|NJ1st St10003'
-74.0494,40.7223,0,2,'NJMonmouth St10003|NJMonmouth St10003+NJCo Rd 727+10003|NJMonmouth St10003+NJ1st St+10003|NJCo Rd 72710003|NJ1st St10003'
-74.0494,40.7408,0,1,'NJCo Rd 66010003+NJSherman Ave+10003|NJFerry St10003+NJSherman Ave+10003|NJSherman Ave10003'
-74.0493,40.7191,1,16,'NJVarick St10003+NJMontgomery St+10003'
-74.0493,40.7578,2,3,'NJCo Rd 65910003+NJHague St+10003|NJNelson Ave10003+NJHague St+10003|NJHague St10003'
-74.0493,40.7628,1,1,'NJTonnele Ave10002+NJ10th St+10002|NJ10th St10003|NJ10th St10003+NJUS Hwy 9+10003|NJ10th St10003+NJUS Hwy 1+10003'
-74.0493,40.7159,0,1,'NJCanal St10003|NJCanal St10003+NJJersey Ave+10003'
-74.0493,40.7843,0,1,'NJPaterson Plank Rd10003|NJPaterson Plank Rd10003+NJPaterson Plank Rd+10003'
-74.0493,40.8840,0,2,'NJRailroad Ave10003+NJLawrence St+10003|NJLawrence St10003'
-74.0493,40.7229,1,9,'NJ2nd St10003+NJMonmouth St+10003'
-74.0492,40.7231,1,9,'NJNewark Ave10003+NJMonmouth St+10003|NJMonmouth St10003+NJCo Rd 639+10003'
-74.0490,40.7537,1,1,'NJNorth St10003+NJJohn F Kennedy Blvd+10003|NJNorth St10003+NJState Rte 501+10003'
-74.0490,40.7367,1,1,'NJPalisade Ave10003+NJWaverly St+10003|NJWaverly St10003'
-74.0490,40.7198,0,1,'NJVarick St10003+NJPaulmier Pl+10003|NJVarick St10003+NJMercer St+10003|NJPaulmier Pl10003|NJPaulmier Pl10003+NJMercer St+10003'
-74.0489,40.7584,0,1,'NJCo Rd 65910003|NJCo Rd 65910003+NJCo Rd 678+10003|NJCo Rd 65910003+NJSecaucus Rd+10003|NJCo Rd 65910003+NJGrand Ave+10003|NJCo Rd 65910003+NJ5th St+10003|NJCo Rd 67810003+NJNelson Ave+10003|NJCo Rd 67810003+NJGrand Ave+10003|NJNelson Ave10003|NJNelson Ave10003+NJSecaucus Rd+10003|NJNelson Ave10003+NJGrand Ave+10003|NJNelson Ave10003+NJ5th St+10003|NJSecaucus Rd10003|NJSecaucus Rd10003+NJGrand Ave+10003|NJSecaucus Rd10003+NJ5th St+10003|NJGrand Ave10003|NJGrand Ave10003+NJ5th St+10003|NJ5th St10003'
-74.0489,40.7415,0,1,'NJManhattan Ave10003|NJManhattan Ave10003+NJSherman Ave+10003'
-74.0489,40.7166,1,5,'NJCo Rd 63110003'
-74.0489,40.7466,0,1,'NJCentral Ave10003+NJLincoln St+10003|NJCo Rd 66310003+NJLincoln St+10003|NJLincoln St10003'
-74.0489,40.7602,0,1,'NJ7th St10003'
-74.0488,40.7402,0,1,'NJRavine Ave10003+NJWebster Ave+10003|NJRavine Ave10003+NJCo Rd 669+10003|NJWebster Ave10003+NJCo Rd 662+10003|NJCo Rd 66210003|NJCo Rd 66210003+NJCo Rd 669+10003'
-74.0488,40.7589,0,1,'NJNew Castle Rd10003'
-74.0487,40.7229,0,13,'NJ2nd St10003+NJCo Rd 639+10003'
-74.0486,40.8854,0,1,'NJRailroad Ave10003+NJGamewell St+10003|NJGamewell St10003'
-74.0486,40.7204,1,9,'NJVarick St10003+NJWayne St+10003'
-74.0486,40.7374,0,3,'NJProspect St10003+NJPalisade Ave+10003|NJPalisade Ave10003+NJCo Rd 654+10003|NJCo Rd 65410003'
-74.0485,40.7422,0,2,'NJSherman Ave10003+NJFranklin St+10003'
-74.0485,40.7173,1,9,'NJCo Rd 63110003+NJCo Rd 620+10003|NJCo Rd 63110003+NJBright St+10003|NJCo Rd 62010003+NJJersey Ave+10003|NJBright St10003+NJJersey Ave+10003'
-74.0485,40.7898,0,9,'NJIsland Blvd10003+NJLighting Way+10003|NJLighting Way10003'
-74.0485,40.8013,0,1,'NJKoelle Blvd10003'
-74.0485,40.7504,0,2,'NJPassaic Ave10003+NJBleecker St+10003'
-74.0485,40.7472,0,1,'NJBowers St10003|NJBowers St10003+NJCentral Ave+10003|NJBowers St10003+NJCo Rd 663+10003|NJCentral Ave10003'
-74.0484,40.7309,0,3,'NJNj 139 Lower10002|NJState Rte 13910002'
-74.0484,40.7439,0,1,'NJHancock Ave10003+NJHutton St+10003|NJHutton St10003+NJCo Rd 667+10003'
-74.0484,40.7592,1,2,'NJ6th St10003+NJGrand Ave+10003'
-74.0484,40.7858,0,2,'NJState Rte 310002+NJHarmon Meadow Blvd+10002'
-74.0482,40.7859,2,4,'NJState Rte 310002+NJHarmon Meadow Blvd+10002'
-74.0482,40.7211,3,35,'NJVarick St10003|NJVarick St10003+NJColes St+10003|NJColes St10003'
-74.0482,40.7380,0,1,'NJReservoir Ave10003|NJReservoir Ave10003+NJPalisade Ave+10003|NJCo Rd 65610003|NJCo Rd 65610003+NJPalisade Ave+10003'
-74.0481,40.7180,1,10,'NJCo Rd 61810003+NJCo Rd 631+10003|NJYork St10003+NJCo Rd 631+10003'
-74.0481,40.7165,0,3,'NJRiver St10003|NJRiver St10003+NJGrand St+10003'
-74.0481,40.7398,0,2,'NJRavine Ave10003+NJNew York Ave+10003|NJCo Rd 66210003+NJNew York Ave+10003'
-74.0480,40.7479,1,2,'NJCentral Ave10003+NJCharles St+10003|NJCo Rd 66310003+NJCharles St+10003|NJCharles St10003'
-74.0480,40.7152,1,8,'NJRegent St10003'
-74.0480,40.8401,1,0,'NJMoonachie Rd10003+NJMaple St+10003'
-74.0480,40.9165,0,2,'NJColes Ct10003'
-74.0480,40.7525,0,5,'NJCo Rd 61710003+NJGraham St+10003|NJGraham St10003+NJSummit Ave+10003'
-74.0479,40.7215,2,7,'NJColes St10003+NJMaxwell Aly+10003|NJMaxwell Aly10003'
-74.0479,40.7633,5,22,'NJLiberty Ave10003'
-74.0478,40.7186,2,17,'NJCo Rd 63110003+NJMontgomery St+10003|NJJersey Ave10003+NJMontgomery St+10003'
-74.0478,40.7315,3,4,'NJMonmouth St10003|NJMonmouth St10003+NJ13th St+10003|NJ13th St10003'
-74.0478,40.7323,1,0,'NJ14th St10003'
-74.0478,40.7386,0,1,'NJPalisade Ave10003+NJNew York Ave+10003|NJPalisade Ave10003+NJCo Rd 671+10003|NJNew York Ave10003'
-74.0477,40.7434,0,1,'NJHutton St10003|NJHutton St10003+NJSherman Ave+10003'
-74.0477,40.8555,0,1,'NJFranklin St10003|NJFranklin St10003+NJMain St+10003'
-74.0477,40.7221,0,3,'NJColes St10003+NJ1st St+10003'
-74.0477,40.7418,0,4,'NJWebster Ave10003+NJFranklin St+10003|NJCo Rd 66910003+NJFranklin St+10003'
-74.0477,40.7388,0,1,'NJCuneo Pl10003|NJCuneo Pl10003+NJPalisade Ave+10003'
-74.0477,40.7451,0,1,'NJGriffith St10003+NJHancock Ave+10003|NJGriffith St10003+NJCo Rd 667+10003'
-74.0476,40.7223,2,27,'NJNewark Ave10003+NJColes St+10003|NJColes St10003+NJCo Rd 639+10003'
-74.0476,40.7516,0,1,'NJCo Rd 66410003+NJPassaic Ave+10003|NJPassaic Ave10003|NJPassaic Ave10003+NJCongress St+10003'
-74.0476,40.7548,1,2,'NJJohn F Kennedy Blvd10002+NJCo Rd 666+10002|NJJohn F Kennedy Blvd10002+NJPoplar St+10002|NJCo Rd 66610003+NJState Rte 501+10003|NJPoplar St10003+NJState Rte 501+10003'
-74.0476,40.7485,1,4,'NJCentral Ave10003+NJThorne St+10003|NJCo Rd 66310003+NJThorne St+10003|NJThorne St10003'
-74.0476,40.8965,0,2,'NJAnderson St10003+NJClarendon Pl+10003'
-74.0476,40.7531,0,1,'NJCo Rd 61710003+NJNorth St+10003|NJNorth St10003+NJSummit Ave+10003'
-74.0475,40.8008,3,2,'NJCreekside Ct10003'
-74.0474,40.7193,0,9,'NJPaulmier Pl10003|NJPaulmier Pl10003+NJCo Rd 631+10003|NJPaulmier Pl10003+NJJersey Ave+10003|NJPaulmier Pl10003+NJMercer St+10003|NJJersey Ave10003+NJMercer St+10003'
-74.0474,40.7835,3,23,'NJPaterson Plank Rd10003+NJState Rte 3+10003'
-74.0473,40.7393,1,6,'NJRavine Ave10003|NJRavine Ave10003+NJPalisade Ave+10003|NJPalisade Ave10003+NJCo Rd 662+10003|NJCo Rd 66210003'
-74.0472,40.7554,0,5,'NJGrace St10003+NJJohn F Kennedy Blvd+10003|NJGrace St10003+NJState Rte 501+10003'
-74.0472,40.7492,1,4,'NJCentral Ave10003+NJSouth St+10003|NJCo Rd 66310003+NJSouth St+10003|NJSouth St10003'
-74.0472,40.7395,0,8,'NJWood Pl10003|NJWood Pl10003+NJPalisade Ave+10003'
-74.0471,40.7537,0,1,'NJCo Rd 61710003+NJIrving St+10003|NJSummit Ave10003+NJIrving St+10003'
-74.0471,40.7163,0,14,'NJBarrow St10003|NJBarrow St10003+NJBarrow St+10003|NJBarrow St10003+NJLiberty View Dr+10003|NJBarrow St10003+NJGrand St+10003|NJLiberty View Dr10003|NJLiberty View Dr10003+NJGrand St+10003'
-74.0471,40.7200,2,19,'NJWayne St10003|NJWayne St10003+NJCo Rd 631+10003|NJWayne St10003+NJJersey Ave+10003|NJWayne St10003+NJWayne St+10003|NJCo Rd 63110003+NJHampton Ct+10003|NJCo Rd 63110003+NJWayne St+10003|NJHampton Ct10003|NJHampton Ct10003+NJJersey Ave+10003|NJHampton Ct10003+NJWayne St+10003|NJJersey Ave10003+NJWayne St+10003'
-74.0470,40.7629,1,0,'NJColumbia Ave10003'
-74.0470,40.7220,2,18,'NJNewark Ave10003+NJ1st St+10003|NJCo Rd 63910003+NJ1st St+10003'
-74.0470,40.7152,1,25,'NJBarrow St10003|NJBarrow St10003+NJLiberty View Dr+10003|NJBarrow St10003+NJRegent St+10003|NJLiberty View Dr10003|NJLiberty View Dr10003+NJRegent St+10003'
-74.0469,40.7168,0,2,'NJBarrow St10003+NJCo Rd 620+10003|NJBarrow St10003+NJBright St+10003'
-74.0469,40.7399,1,15,'NJCo Rd 66010003|NJCo Rd 66010003+NJPalisade Ave+10003|NJFerry St10003+NJPalisade Ave+10003'
-74.0469,40.7416,0,1,'NJFranklin St10003+NJNew York Ave+10003'
-74.0469,40.7431,0,4,'NJWebster Ave10003+NJHutton St+10003|NJHutton St10003+NJCo Rd 669+10003'
-74.0468,40.7385,0,3,'NJCuneo Pl10003|NJCuneo Pl10003+NJOgden Ave+10003'
-74.0468,40.7497,0,1,'NJBleecker St10003|NJBleecker St10003+NJCentral Ave+10003|NJBleecker St10003+NJCo Rd 663+10003'
-74.0467,40.7561,1,3,'NJCo Rd 66810003+NJJohn F Kennedy Blvd+10003|NJCo Rd 66810003+NJState Rte 501+10003|NJLeonard St10003+NJJohn F Kennedy Blvd+10003|NJLeonard St10003+NJState Rte 501+10003'
-74.0467,40.9113,0,2,'NJSummit Ave10003+NJDavis Ave+10003'
-74.0466,40.7544,2,2,'NJCo Rd 61710003+NJCo Rd 666+10003|NJCo Rd 61710003+NJPoplar St+10003|NJCo Rd 66610003+NJSummit Ave+10003|NJSummit Ave10003+NJPoplar St+10003'
-74.0466,40.7467,0,1,'NJHancock Ave10003+NJBowers St+10003|NJCo Rd 66710003+NJBowers St+10003'
-74.0466,40.7175,0,5,'NJBarrow St10003+NJCo Rd 618+10003|NJBarrow St10003+NJYork St+10003'
-74.0465,40.8616,0,1,'NJMaple Ave10003|NJMaple Ave10003+NJN Veprek Ln+10003|NJN Veprek Ln10003'
-74.0464,40.7503,0,2,'NJPaterson St10003|NJPaterson St10003+NJCentral Ave+10003|NJPaterson St10003+NJCo Rd 663+10003'
-74.0464,40.7305,0,1,'NJColes St10003|NJColes St10003+NJ12th St+10003|NJ12th St10003'
-74.0464,40.7212,0,25,'NJCo Rd 63110003+NJMaxwell Aly+10003|NJMaxwell Aly10003|NJMaxwell Aly10003+NJJersey Ave+10003'
-74.0463,40.7567,2,12,'NJHague St10003+NJJohn F Kennedy Blvd+10003|NJHague St10003+NJState Rte 501+10003'
-74.0463,40.7308,0,1,'NJColes St10003|NJColes St10003+NJ12th St+10003|NJ12th St10003'
-74.0463,40.7392,0,1,'NJWood Pl10003|NJWood Pl10003+NJOgden Ave+10003'
-74.0462,40.7181,0,8,'NJBarrow St10003+NJMontgomery St+10003'
-74.0462,40.7270,1,32,'NJCo Rd 72910003|NJCo Rd 72910003+NJCo Rd 630+10003|NJCo Rd 72910003+NJ8th St+10003|NJCo Rd 63010003+NJW Hamilton Pl+10003|NJW Hamilton Pl10003|NJW Hamilton Pl10003+NJ8th St+10003'
-74.0462,40.7623,1,0,'NJ11th St10003|NJ11th St10003+NJGrand Ave+10003'
-74.0462,40.7216,1,2,'NJCo Rd 63110003+NJCo Rd 639+10003|NJCo Rd 63910003+NJJersey Ave+10003'
-74.0461,40.7277,2,21,'NJPavonia Ave10003|NJPavonia Ave10003+NJCo Rd 729+10003|NJPavonia Ave10003+NJW Hamilton Pl+10003'
-74.0461,40.7396,0,3,'NJFerry St10003|NJFerry St10003+NJOgden Ave+10003'
-74.0461,40.7508,0,2,'NJCo Rd 66410003|NJCo Rd 66410003+NJCentral Ave+10003|NJCo Rd 66410003+NJCo Rd 663+10003|NJCo Rd 66410003+NJCo Rd 664+10003|NJCentral Ave10003|NJCentral Ave10003+NJCongress St+10003|NJCentral Ave10003+NJCo Rd 664+10003|NJCo Rd 66310003+NJCongress St+10003|NJCo Rd 66310003+NJCo Rd 664+10003|NJCongress St10003|NJCongress St10003+NJCo Rd 664+10003'
-74.0461,40.7413,1,3,'NJPalisade Ave10003+NJFranklin St+10003'
-74.0461,40.7219,5,45,'NJJersey Ave10003+NJ1st St+10003'
-74.0460,40.7285,1,18,'NJCo Rd 63410003+NJCo Rd 729+10003|NJCo Rd 63410003+NJW Hamilton Pl+10003|NJ9th St10003+NJCo Rd 729+10003|NJ9th St10003+NJW Hamilton Pl+10003|NJCo Rd 72910003|NJW Hamilton Pl10003'
-74.0460,40.7445,0,4,'NJWebster Ave10003+NJGriffith St+10003|NJGriffith St10003+NJCo Rd 669+10003'
-74.0460,40.7162,1,16,'NJTidewater St10003|NJTidewater St10003+NJGrand St+10003'
-74.0459,40.7153,1,45,'NJTidewater St10003|NJTidewater St10003+NJRegent St+10003|NJRegent St10003'
-74.0459,40.8267,0,1,'NJCommerce Blvd10003+NJCentral Blvd+10003|NJCentral Blvd10003'
-74.0459,40.7574,3,3,'NJJohn F Kennedy Blvd10002|NJJohn F Kennedy Blvd10002+NJCo Rd 678+10002|NJJohn F Kennedy Blvd10002+NJ5th St+10002|NJJohn F Kennedy Blvd10002+NJJohn F Kennedy Blvd+10002|NJCo Rd 67810003+NJKennedy Blvd+10003|NJCo Rd 67810003+NJJohn F Kennedy Blvd+10003|NJCo Rd 67810003+NJState Rte 501+10003|NJ5th St10003+NJKennedy Blvd+10003|NJ5th St10003+NJJohn F Kennedy Blvd+10003|NJ5th St10003+NJState Rte 501+10003|NJKennedy Blvd10002|NJKennedy Blvd10002+NJJohn F Kennedy Blvd+10002'
-74.0458,40.7464,2,4,'NJSherman Ave10003+NJBowers St+10003'
-74.0457,40.7916,0,1,'NJNew Jersey Tpke10001|NJNew Jersey Tpke10001+NJI 95+10001|NJNew Jersey Tpke10001+NJPark Plaza Dr+10001|NJNew Jersey Tpke10001+NJNew Jersey Tpke+10001|NJI 9510001|NJI 9510001+NJI 95+10001|NJI 9510001+NJPark Plaza Dr+10001|NJI 9510001+NJNew Jersey Tpke+10001|NJPark Plaza Dr10003+NJI 95+10003|NJPark Plaza Dr10003+NJNew Jersey Tpke+10003'
-74.0457,40.7349,3,3,'NJ18th St10003|NJ18th St10003+NJColes St+10003'
-74.0456,40.7161,0,1,'NJCo Rd 62010003'
-74.0456,40.7515,1,2,'NJGraham St10003|NJGraham St10003+NJCo Rd 663+10003|NJGraham St10003+NJCentral Ave+10003'
-74.0456,40.7158,0,3,'NJCanal St10003'
-74.0455,40.7487,0,1,'NJSouth St10003+NJHancock Ave+10003|NJSouth St10003+NJCo Rd 667+10003'
-74.0455,40.7771,3,1,'NJI 49510001+NJState Rte 3+10001'
-74.0455,40.7195,0,16,'NJBarrow St10003+NJWayne St+10003|NJBarrow St10003+NJHampton Ct+10003|NJWayne St10003|NJWayne St10003+NJWayne St+10003|NJWayne St10003+NJHampton Ct+10003|NJHampton Ct10003'
-74.0454,40.7505,0,2,'NJCo Rd 66410003+NJCambridge Ave+10003|NJCo Rd 66410003+NJCo Rd 665+10003|NJCambridge Ave10003+NJCongress St+10003|NJCongress St10003+NJCo Rd 665+10003'
-74.0454,40.7580,0,1,'NJJohn F Kennedy Blvd10002+NJ6th St+10002|NJ6th St10003+NJKennedy Blvd+10003|NJ6th St10003+NJState Rte 501+10003'
-74.0454,40.7771,4,4,'NJI 49510001+NJState Rte 3+10001'
-74.0454,40.7563,0,1,'NJCo Rd 61710003+NJHague St+10003|NJHague St10003+NJSummit Ave+10003'
-74.0452,40.7212,1,6,'NJNewark Ave10003+NJBay St+10003|NJBay St10003|NJBay St10003+NJCo Rd 639+10003'
-74.0452,40.7409,0,5,'NJMountain Rd10003|NJMountain Rd10003+NJOgden Ave+10003|NJMountain Rd10003+NJFranklin St+10003|NJOgden Ave10003+NJFranklin St+10003|NJFranklin St10003'
-74.0452,40.8863,0,1,'NJCentral Ave10003+NJUnion St+10003'
-74.0452,40.7426,1,1,'NJHutton St10003|NJHutton St10003+NJPalisade Ave+10003'
-74.0452,40.7269,3,31,'NJCo Rd 63110003|NJCo Rd 63110003+NJCo Rd 630+10003|NJCo Rd 63110003+NJ8th St+10003|NJCo Rd 63010003+NJJersey Ave+10003|NJJersey Ave10003|NJJersey Ave10003+NJ8th St+10003'
-74.0452,40.7442,0,3,'NJGriffith St10003+NJNew York Ave+10003'
-74.0452,40.7888,7,49,'NJPlaza Dr10003|NJPlaza Dr10003+NJHarmon Meadow Blvd+10003'
-74.0451,40.9049,0,3,'NJSpring Valley Ave10003+NJKrone Pl+10003'
-74.0451,40.7641,0,1,'NJPaterson Plank Rd10003+NJ14th St+10003|NJCo Rd 68110003+NJ14th St+10003|NJ14th St10003'
-74.0450,40.7284,0,13,'NJCo Rd 63410003+NJJersey Ave+10003|NJJersey Ave10003|NJJersey Ave10003+NJ9th St+10003'
-74.0450,40.7158,1,14,'NJCanal St10003|NJCanal St10003+NJGrove St+10003|NJGrove St10003'
-74.0450,40.7461,0,5,'NJWebster Ave10003+NJBowers St+10003|NJCo Rd 66910003+NJBowers St+10003'
-74.0449,40.7525,1,1,'NJNorth St10003|NJNorth St10003+NJCo Rd 663+10003|NJNorth St10003+NJCentral Ave+10003'
-74.0448,40.7570,0,3,'NJCo Rd 67810003+NJCo Rd 617+10003|NJCo Rd 67810003+NJSummit Ave+10003|NJCo Rd 61710003|NJCo Rd 61710003+NJ5th St+10003|NJ5th St10003+NJSummit Ave+10003'
-74.0448,40.7609,0,1,'NJ10th St10003+NJPaterson Plank Rd+10003|NJ10th St10003+NJCo Rd 681+10003'
-74.0447,40.7209,3,5,'NJNewark Ave10003+NJBarrow St+10003|NJBarrow St10003|NJBarrow St10003+NJCo Rd 639+10003'
-74.0447,40.7303,3,2,'NJJersey Ave10003+NJ12th St+10003|NJ12th St10003'
-74.0447,40.7485,0,1,'NJSouth St10003|NJSouth St10003+NJSherman Ave+10003|NJSherman Ave10003'
-74.0447,40.7307,5,6,'NJJersey Ave10003+NJ12th St+10003|NJ12th St10003'
-74.0447,40.8944,0,1,'NJLinden St10003+NJAnderson St+10003|NJAnderson St10003'
-74.0446,40.9101,0,1,'NJWilson St10003+NJDavis Ave+10003'
-74.0446,40.7393,1,0,'NJHope St10003'
-74.0446,40.7824,3,10,'NJPaterson Plank Rd10003+NJPark Plaza Dr+10003|NJCo Rd 68110003+NJPark Plaza Dr+10003|NJPark Plaza Dr10003'
-74.0446,40.7600,1,2,'NJCo Rd 68110003+NJ9th St+10003|NJ9th St10003'
-74.0446,40.7502,0,2,'NJCo Rd 66410003+NJHancock Ave+10003|NJCo Rd 66410003+NJCo Rd 667+10003|NJCongress St10003+NJHancock Ave+10003|NJCongress St10003+NJCo Rd 667+10003'
-74.0445,40.7436,0,2,'NJGriffith St10003|NJGriffith St10003+NJPalisade Ave+10003'
-74.0445,40.7168,3,29,'NJCo Rd 61810003+NJGrove St+10003|NJYork St10003+NJGrove St+10003'
-74.0444,40.7207,0,5,'NJNewark Ave10003+NJCo Rd 633+10003|NJNewark Ave10003+NJErie St+10003|NJCo Rd 63310003|NJCo Rd 63310003+NJCo Rd 639+10003|NJErie St10003|NJErie St10003+NJCo Rd 639+10003'
-74.0444,40.7402,1,1,'NJMountain Rd10003'
-74.0444,40.7322,3,4,'NJJersey Ave10003+NJ14th St+10003|NJ14th St10003'
-74.0444,40.7211,2,20,'NJCo Rd 63310003+NJBay St+10003|NJBay St10003+NJErie St+10003'
-74.0444,40.7439,0,3,'NJGriffith St10003|NJGriffith St10003+NJPalisade Ave+10003'
-74.0443,40.7326,1,1,'NJJersey Ave10003+NJ15th St+10003|NJ15th St10003'
-74.0443,40.7522,0,1,'NJCambridge Ave10003|NJCambridge Ave10003+NJNorth St+10003|NJNorth St10003+NJCo Rd 665+10003|NJCo Rd 66510003'
-74.0443,40.7268,2,22,'NJCo Rd 73010003|NJCo Rd 73010003+NJCo Rd 630+10003|NJCo Rd 73010003+NJ8th St+10003|NJE Hamilton Pl10003|NJE Hamilton Pl10003+NJCo Rd 630+10003|NJE Hamilton Pl10003+NJ8th St+10003|NJMcWilliams Pl10003|NJMcWilliams Pl10003+NJCo Rd 630+10003|NJMcWilliams Pl10003+NJ8th St+10003'
-74.0442,40.9315,0,1,'NJMonroe Ct10003|NJMonroe Ct10003+NJMonroe Ave+10003|NJMonroe Ave10003'
-74.0442,40.7458,2,5,'NJCo Rd 67110003+NJBowers St+10003|NJNew York Ave10003+NJBowers St+10003'
-74.0442,40.8934,0,1,'NJRailroad Ave10003'
-74.0442,40.7276,1,2,'NJPavonia Ave10003|NJPavonia Ave10003+NJCo Rd 730+10003|NJPavonia Ave10003+NJE Hamilton Pl+10003|NJPavonia Ave10003+NJMcWilliams Pl+10003'
-74.0441,40.7175,3,17,'NJCo Rd 62410003|NJCo Rd 62410003+NJGrove St+10003|NJGrove St10003+NJMontgomery St+10003'
-74.0441,40.7378,0,1,'NJNew York Ave10003'
-74.0441,40.7340,3,1,'NJJersey Ave10003+NJ17th St+10003|NJ17th St10003'
-74.0441,40.7581,0,1,'NJPaterson Plank Rd10003|NJPaterson Plank Rd10003+NJSummit Ave+10003|NJCo Rd 68110003+NJSummit Ave+10003|NJSummit Ave10003'
-74.0440,40.7283,2,23,'NJCo Rd 63410003+NJCo Rd 730+10003|NJCo Rd 63410003+NJE Hamilton Pl+10003|NJCo Rd 63410003+NJMcWilliams Pl+10003|NJ9th St10003+NJCo Rd 730+10003|NJ9th St10003+NJE Hamilton Pl+10003|NJ9th St10003+NJMcWilliams Pl+10003|NJCo Rd 73010003|NJE Hamilton Pl10003|NJMcWilliams Pl10003'
-74.0440,40.7752,3,12,'NJState Rte 310002|NJState Rte 310002+NJState Rte 3+10002'
-74.0440,40.7347,5,20,'NJ18th St10003|NJ18th St10003+NJJersey Ave+10003'
-74.0439,40.8053,15,14,'NJMillridge Rd10003'
-74.0439,40.7583,3,4,'NJSummit Ave10003|NJSummit Ave10003+NJPaterson Plank Rd+10003|NJSummit Ave10003+NJ7th St+10003|NJPaterson Plank Rd10003|NJPaterson Plank Rd10003+NJ7th St+10003|NJ7th St10003'
-74.0439,40.7403,1,17,'NJHope St10003|NJHope St10003+NJCo Rd 731+10003|NJHope St10003+NJFranklin St+10003|NJCo Rd 73110003|NJCo Rd 73110003+NJFranklin St+10003|NJFranklin St10003'
-74.0439,40.7276,0,1,'NJPavonia Ave10003'
-74.0438,40.7541,0,1,'NJCo Rd 66310003+NJGrace St+10003|NJGrace St10003|NJGrace St10003+NJCentral Ave+10003'
-74.0438,40.8511,1,1,'NJRedneck Ave10003'
-74.0438,40.7481,0,1,'NJWebster Ave10003+NJSouth St+10003|NJSouth St10003+NJCo Rd 669+10003'
-74.0438,40.7903,7,14,'NJHarmon Meadow Blvd10003'
-74.0438,40.7605,0,1,'NJ10th St10003|NJ10th St10003+NJJohn F Kennedy Blvd+10003|NJ10th St10003+NJKennedy Blvd+10003|NJ10th St10003+NJState Rte 501+10003'
-74.0438,40.7182,0,18,'NJGrove St10003+NJPaulmier Pl+10003|NJPaulmier Pl10003|NJPaulmier Pl10003+NJMercer St+10003'
-74.0437,40.7433,0,1,'NJGriffith St10003+NJOgden Ave+10003'
-74.0437,40.7499,0,1,'NJCongress St10003+NJSherman Ave+10003'
-74.0437,40.7403,0,6,'NJPaterson Plank Rd10003|NJPaterson Plank Rd10003+NJFranklin St+10003'
-74.0437,40.7566,1,0,'NJPaterson Plank Rd10003+NJCo Rd 678+10003|NJPaterson Plank Rd10003+NJ5th St+10003|NJCo Rd 67810003|NJCo Rd 67810003+NJCo Rd 681+10003|NJ5th St10003+NJCo Rd 681+10003'
-74.0436,40.8262,3,1,'NJCommerce Blvd10003'
-74.0435,40.7400,0,2,'NJFranklin St10003|NJFranklin St10003+NJPaterson Ave+10003|NJPaterson Ave10003'
-74.0435,40.7268,6,30,'NJCo Rd 63310003+NJCo Rd 630+10003|NJErie St10003+NJCo Rd 630+10003|NJCo Rd 63010003'
-74.0435,40.7519,0,1,'NJNorth St10003+NJHancock Ave+10003|NJNorth St10003+NJCo Rd 667+10003|NJHancock Ave10003|NJCo Rd 66710003'
-74.0435,40.7119,3,38,'NJHenderson St10003|NJHenderson St10003+NJMarin Blvd+10003|NJHenderson St10003+NJLuis Munoz Marin Blvd+10003|NJMarin Blvd10003|NJMarin Blvd10003+NJLuis Munoz Marin Blvd+10003|NJLuis Munoz Marin Blvd10003'
-74.0435,40.7319,0,1,'NJRademan Pl10003|NJRademan Pl10003+NJBademann Pl+10003|NJRademan Pl10003+NJRademann Pl+10003|NJBademann Pl10003|NJBademann Pl10003+NJRademann Pl+10003|NJRademann Pl10003'
-74.0434,40.7275,2,28,'NJCo Rd 63310003+NJPavonia Ave+10003|NJErie St10003+NJPavonia Ave+10003|NJPavonia Ave10003'
-74.0434,40.7557,3,4,'NJCentral Ave10003|NJCentral Ave10003+NJ4th St+10003|NJ4th St10003'
-74.0433,40.7455,0,4,'NJPalisade Ave10003+NJBowers St+10003'
-74.0433,40.7547,1,3,'NJCo Rd 66810003|NJCo Rd 66810003+NJCo Rd 663+10003|NJCo Rd 66810003+NJCentral Ave+10003|NJCo Rd 66310003+NJLeonard St+10003|NJLeonard St10003|NJLeonard St10003+NJCentral Ave+10003'
-74.0433,40.7432,1,2,'NJGriffith St10003|NJGriffith St10003+NJMountain Rd+10003|NJGriffith St10003+NJCo Rd 731+10003|NJMountain Rd10003|NJCo Rd 73110003'
-74.0433,40.7650,1,0,'NJ16th St10003'
-74.0432,40.7549,0,1,'NJPaterson Plank Rd10003+NJCo Rd 663+10003|NJCo Rd 66310003|NJCo Rd 66310003+NJ3rd St+10003|NJCo Rd 66310003+NJCo Rd 681+10003|NJ3rd St10003|NJ3rd St10003+NJCo Rd 681+10003|NJ3rd St10003+NJCentral Ave+10003|NJCo Rd 68110003+NJCentral Ave+10003|NJCentral Ave10003'
-74.0431,40.7295,18,33,'NJCo Rd 63310003+NJ12th St+10003|NJCo Rd 63310003+NJ11th St+10003|NJ12th St10003|NJ12th St10003+NJErie St+10003|NJErie St10003+NJ11th St+10003|NJ11th St10003'
-74.0431,40.8492,0,1,'NJWilliam St10003'
-74.0431,40.9012,1,0,'NJGrand Ave10003+NJFairmount Ave+10003|NJFairmount Ave10003'
-74.0430,40.7563,0,6,'NJCentral Ave10003+NJ5th St+10003'
-74.0430,40.7541,0,3,'NJCo Rd 68110003+NJ2nd St+10003|NJ2nd St10003'
-74.0430,40.7144,2,84,'NJHenderson St10003|NJHenderson St10003+NJHenderson St+10003|NJHenderson St10003+NJMarin Blvd+10003|NJHenderson St10003+NJLuis Munoz Marin Blvd+10003|NJMarin Blvd10003|NJMarin Blvd10003+NJLuis Munoz Marin Blvd+10003'
-74.0429,40.7394,0,3,'NJMarshall St10003|NJMarshall St10003+NJPaterson Ave+10003|NJMarshall St10003+NJCo Rd 681+10003'
-74.0429,40.7363,1,2,'NJNewark St10003|NJNewark St10003+NJHoboken Ave+10003|NJNewark St10003+NJHarrison St+10003|NJHoboken Ave10003|NJHoboken Ave10003+NJHarrison St+10003|NJHarrison St10003'
-74.0429,40.7478,0,1,'NJSouth St10003+NJCo Rd 671+10003|NJSouth St10003+NJNew York Ave+10003'
-74.0429,40.7200,7,72,'NJNewark Ave10003+NJGrove St+10003|NJNewark Ave10003+NJCo Rd 635+10003|NJGrove St10003+NJCo Rd 639+10003|NJCo Rd 63510003|NJCo Rd 63510003+NJCo Rd 639+10003'
-74.0429,40.7395,1,10,'NJMarshall St10003|NJMarshall St10003+NJ1st St+10003|NJ1st St10003'
-74.0429,40.7617,1,1,'NJJohn F Kennedy Blvd10002+NJ12th St+10002|NJKennedy Blvd10002+NJ12th St+10002|NJ12th St10003|NJ12th St10003+NJState Rte 501+10003'
-74.0429,40.7496,0,10,'NJWebster Ave10003+NJCo Rd 664+10003|NJWebster Ave10003+NJCongress St+10003|NJCo Rd 66410003+NJCo Rd 669+10003|NJCongress St10003+NJCo Rd 669+10003'
-74.0429,40.7202,4,68,'NJMorgan St10003|NJMorgan St10003+NJGrove St+10003|NJMorgan St10003+NJCo Rd 635+10003'
-74.0428,40.7599,3,4,'NJSummit Ave10003+NJ10th St+10003'
-74.0428,40.7765,3,16,'NJW Side Ave10003|NJW Side Ave10003+NJI 495+10003'
-74.0427,40.7325,6,6,'NJCo Rd 63310003+NJ15th St+10003|NJ15th St10003|NJ15th St10003+NJErie St+10003'
-74.0426,40.7217,5,20,'NJGrove St10003|NJGrove St10003+NJManila Ave+10003|NJGrove St10003+NJ1st St+10003|NJManila Ave10003|NJManila Ave10003+NJ1st St+10003'
-74.0426,40.7332,2,1,'NJCo Rd 63310003|NJCo Rd 63310003+NJ16th St+10003|NJErie St10003|NJErie St10003+NJ16th St+10003'
-74.0426,40.7855,2,31,'NJPlaza Dr10003|NJPlaza Dr10003+NJPark Plaza Dr+10003'
-74.0426,40.9035,0,1,'NJSpring Valley Ave10003|NJSpring Valley Ave10003+NJGrand Ave+10003|NJSpring Valley Ave10003+NJMain St+10003|NJSpring Valley Ave10003+NJVoorhis Pl+10003|NJGrand Ave10003|NJGrand Ave10003+NJMain St+10003|NJGrand Ave10003+NJVoorhis Pl+10003|NJMain St10003+NJVoorhis Pl+10003|NJVoorhis Pl10003'
-74.0425,40.7224,2,12,'NJ2nd St10003+NJManila Ave+10003'
-74.0425,40.7452,0,1,'NJOgden Ave10003+NJBowers St+10003'
-74.0425,40.7166,2,36,'NJCo Rd 61810003+NJHenderson St+10003|NJCo Rd 61810003+NJCo Rd 637+10003|NJYork St10003+NJHenderson St+10003|NJYork St10003+NJCo Rd 637+10003|NJCo Rd 63710003'
-74.0425,40.7408,0,3,'NJ2nd St10003|NJ2nd St10003+NJMarshall St+10003'
-74.0424,40.7231,1,12,'NJGrove St10003|NJGrove St10003+NJCo Rd 626+10003|NJGrove St10003+NJ3rd St+10003|NJGrove St10003+NJManila Ave+10003|NJCo Rd 62610003|NJCo Rd 62610003+NJCo Rd 635+10003|NJCo Rd 62610003+NJManila Ave+10003|NJCo Rd 63510003+NJ3rd St+10003|NJ3rd St10003+NJManila Ave+10003|NJManila Ave10003'
-74.0424,40.7546,0,1,'NJWest St10003|NJWest St10003+NJ3rd St+10003'
-74.0424,40.8453,0,1,'NJWashington Ave10003|NJWashington Ave10003+NJLiberty St+10003'
-74.0424,40.7173,4,14,'NJCo Rd 62410003+NJCo Rd 637+10003|NJHenderson St10003+NJMontgomery St+10003|NJCo Rd 63710003+NJMontgomery St+10003'
-74.0424,40.7722,0,3,'NJTonnele Ave10002+NJState Rte 3+10002|NJUS Hwy 910002+NJState Rte 3+10002|NJUS Hwy 110002+NJState Rte 3+10002|NJState Rte 310003'
-74.0423,40.7657,0,2,'NJJohn F Kennedy Blvd10002+NJ17th St+10002|NJ17th St10003|NJ17th St10003+NJKennedy Blvd+10003|NJ17th St10003+NJState Rte 501+10003'
-74.0423,40.7238,1,25,'NJCo Rd 62810003|NJCo Rd 62810003+NJGrove St+10003|NJCo Rd 62810003+NJCo Rd 635+10003|NJCo Rd 62810003+NJManila Ave+10003|NJGrove St10003|NJGrove St10003+NJGrove St+10003|NJGrove St10003+NJ4th St+10003|NJGrove St10003+NJManila Ave+10003|NJGrove St10003+NJCo Rd 635+10003|NJCo Rd 63510003+NJ4th St+10003|NJ4th St10003+NJManila Ave+10003|NJManila Ave10003'
-74.0423,40.7412,0,1,'NJMarshall St10003'
-74.0423,40.7648,0,1,'NJJohn F Kennedy Blvd10002+NJ16th St+10002|NJKennedy Blvd10002+NJ16th St+10002|NJState Rte 50110002+NJ16th St+10002'
-74.0422,40.7180,0,5,'NJMarin Blvd10003|NJMarin Blvd10003+NJHenderson St+10003|NJMarin Blvd10003+NJPaulmier Pl+10003|NJMarin Blvd10003+NJMercer St+10003|NJHenderson St10003|NJHenderson St10003+NJHenderson St+10003|NJHenderson St10003+NJPaulmier Pl+10003|NJHenderson St10003+NJMercer St+10003|NJCo Rd 63710003+NJPaulmier Pl+10003|NJCo Rd 63710003+NJMercer St+10003|NJPaulmier Pl10003|NJPaulmier Pl10003+NJLuis Munoz Marin Blvd+10003|NJPaulmier Pl10003+NJMercer St+10003|NJLuis Munoz Marin Blvd10003+NJMercer St+10003|NJMercer St10003'
-74.0422,40.7244,1,7,'NJ5th St10003|NJ5th St10003+NJGrove St+10003|NJ5th St10003+NJCo Rd 635+10003|NJ5th St10003+NJManila Ave+10003|NJGrove St10003|NJGrove St10003+NJCo Rd 635+10003|NJGrove St10003+NJManila Ave+10003'
-74.0422,40.7386,0,2,'NJPaterson Ave10003+NJHarrison St+10003|NJCo Rd 68110003+NJHarrison St+10003'
-74.0422,40.7245,0,1,'NJGrove St10003|NJGrove St10003+NJ5th St+10003|NJ5th St10003|NJ5th St10003+NJCo Rd 635+10003|NJ5th St10003+NJManila Ave+10003'
-74.0422,40.7216,0,2,'NJLaurel Ct10003|NJLaurel Ct10003+NJ1st St+10003'
-74.0421,40.7221,0,1,'NJLaurel Ct10003'
-74.0421,40.7250,0,2,'NJGrove St10003|NJGrove St10003+NJGrove St+10003|NJGrove St10003+NJGreene St+10003|NJCo Rd 63510003+NJGrove St+10003|NJCo Rd 63510003+NJGreene St+10003|NJGrove St10003+NJManila Ave+10003|NJGreene St10003|NJGreene St10003+NJManila Ave+10003|NJManila Ave10003'
-74.0421,40.7451,2,1,'NJHolland Plank Rd10003|NJHolland Plank Rd10003+NJBowers St+10003|NJBowers St10003'
-74.0421,40.7252,3,18,'NJCo Rd 63510003+NJGrove St+10003|NJCo Rd 63510003+NJManila Ave+10003|NJ6th St10003+NJGrove St+10003|NJ6th St10003+NJManila Ave+10003|NJGrove St10003|NJGrove St10003+NJManila Ave+10003|NJGrove St10003+NJGrove St+10003|NJManila Ave10003|NJManila Ave10003+NJGrove St+10003'
-74.0421,40.9058,0,1,'NJCatalpa Ave10003|NJCatalpa Ave10003+NJMain St+10003'
-74.0421,40.7735,1,35,'NJTonnele Ave10002+NJState Rte 3+10002|NJUS Hwy 910002+NJState Rte 3+10002|NJState Rte 310002|NJState Rte 310002+NJUS Hwy 1+10002|NJState Rte 310002+NJState Rte 3+10002|NJUS Hwy 110002+NJState Rte 3+10002|NJState Rte 310003'
-74.0421,40.7151,0,21,'NJSussex St10003'
-74.0421,40.7475,0,5,'NJSouth St10003+NJPalisade Ave+10003'
-74.0421,40.7725,0,1,'NJState Rte 310003|NJState Rte 310003+NJState Rte 3+10003'
-74.0420,40.7184,0,5,'NJMarin Blvd10003|NJHenderson St10003|NJWayne St10003+NJCo Rd 637+10003|NJWayne St10003+NJLuis Munoz Marin Blvd+10003'
-74.0420,40.7259,1,11,'NJCo Rd 63510003+NJManila Ave+10003|NJCo Rd 63510003+NJGrove St+10003|NJ7th St10003+NJManila Ave+10003|NJ7th St10003+NJGrove St+10003|NJManila Ave10003|NJManila Ave10003+NJGrove St+10003|NJGrove St10003|NJGrove St10003+NJGrove St+10003'
-74.0420,40.7394,11,121,'NJ1st St10003+NJHarrison St+10003'
-74.0420,40.7493,0,2,'NJCo Rd 66410003+NJCo Rd 671+10003|NJCo Rd 66410003+NJNew York Ave+10003|NJCongress St10003+NJNew York Ave+10003'
-74.0419,40.9071,0,1,'NJMain St10003+NJWillow Ave+10003|NJWillow Ave10003'
-74.0419,40.7364,2,10,'NJJackson St10003'
-74.0419,40.7266,5,11,'NJManila Ave10003|NJManila Ave10003+NJ8th St+10003'
-74.0419,40.7611,0,1,'NJSummit Ave10003+NJ12th St+10003'
-74.0419,40.7185,1,1,'NJWayne St10003|NJWayne St10003+NJCo Rd 637+10003|NJWayne St10003+NJHenderson St+10003|NJWayne St10003+NJLuis Munoz Marin Blvd+10003|NJHenderson St10003'
-74.0418,40.7192,8,86,'NJNewark Ave10003|NJNewark Ave10003+NJChristopher Columbus Dr+10003|NJChristopher Columbus Dr10003+NJCo Rd 639+10003|NJCo Rd 63910003'
-74.0418,40.7513,0,7,'NJWebster Ave10003+NJNorth St+10003|NJNorth St10003+NJCo Rd 669+10003'
-74.0418,40.7273,9,28,'NJManila Ave10003+NJPavonia Ave+10003|NJPavonia Ave10003|NJPavonia Ave10003+NJCo Rd 635+10003|NJPavonia Ave10003+NJGrove St+10003'
-74.0417,40.7672,2,2,'NJ19th St10003|NJ19th St10003+NJJohn F Kennedy Blvd+10003|NJ19th St10003+NJKennedy Blvd+10003|NJ19th St10003+NJState Rte 501+10003'
-74.0417,40.8604,0,1,'NJWilliams Ave10003|NJWilliams Ave10003+NJCalicooneck Rd+10003'
-74.0417,40.7756,1,0,'NJ29th St10003|NJ29th St10003+NJDell Ave+10003|NJDell Ave10003'
-74.0416,40.9203,0,1,'NJCleveland Pl10003|NJCleveland Pl10003+NJHowland Ave+10003'
-74.0416,40.7407,1,41,'NJ2nd St10003+NJHarrison St+10003'
-74.0415,40.7535,0,3,'NJBergenline Pl10003|NJBergenline Pl10003+NJ2nd St+10003|NJBergenline Ave10003|NJBergenline Ave10003+NJ2nd St+10003'
-74.0415,40.9146,0,1,'NJZabriskie Pl10003|NJZabriskie Pl10003+NJValley Rd+10003'
-74.0415,40.7129,0,4,'NJDudley St10003|NJDudley St10003+NJVan Vorst St+10003|NJVan Vorst St10003'
-74.0415,40.7690,1,2,'NJ21st St10003|NJ21st St10003+NJGrand Ave+10003|NJGrand Ave10003'
-74.0415,40.7587,0,2,'NJCentral Ave10003+NJ9th St+10003|NJ9th St10003'
-74.0415,40.9184,0,1,'NJVan Saun Dr10003+NJReservoir Ave+10003|NJReservoir Ave10003'
-74.0415,40.7379,3,55,'NJPaterson Ave10003+NJJackson St+10003|NJJackson St10003+NJCo Rd 681+10003'
-74.0415,40.7135,0,1,'NJVan Vorst St10003'
-74.0415,40.7218,0,1,'NJSaddlewood Ct10003'
-74.0415,40.7135,0,10,'NJEssex St10003|NJEssex St10003+NJVan Vorst St+10003|NJVan Vorst St10003'
-74.0414,40.7223,0,2,'NJ2nd St10003+NJSaddlewood Ct+10003|NJSaddlewood Ct10003'
-74.0414,40.8313,1,2,'NJEmpire Blvd10003'
-74.0414,40.8375,0,1,'NJLamker Ct10003|NJLamker Ct10003+NJChapman Dr+10003'
-74.0414,40.8415,0,2,'NJEckel Rd10003+NJProspect Ave+10003|NJProspect Ave10003'
-74.0414,40.7576,0,2,'NJMontgomery Ln10003'
-74.0414,40.7678,0,2,'NJJohn F Kennedy Blvd10002+NJ20th St+10002|NJKennedy Blvd10002+NJ20th St+10002|NJState Rte 50110002+NJ20th St+10002|NJ20th St10003'
-74.0414,40.7761,3,1,'NJI 49510001+NJDell Ave+10001'
-74.0413,40.7190,15,45,'NJChristopher Columbus Dr10003+NJHenderson St+10003'
-74.0413,40.7461,0,3,'NJHolland Plank Rd10003|NJHolland Plank Rd10003+NJCo Rd 681+10003'
-74.0413,40.8575,1,0,'NJLiberty St10003+NJKinzley St+10003|NJKinzley St10003'
-74.0413,40.7142,2,16,'NJMorris St10003|NJMorris St10003+NJVan Vorst St+10003'
-74.0413,40.7472,2,5,'NJSouth St10003|NJSouth St10003+NJOgden Ave+10003'
-74.0412,40.7198,1,17,'NJHenderson St10003|NJHenderson St10003+NJHenderson St+10003|NJHenderson St10003+NJSteuben St+10003|NJMarin Blvd10003|NJMarin Blvd10003+NJHenderson St+10003|NJMarin Blvd10003+NJSteuben St+10003|NJCo Rd 63710003+NJSteuben St+10003|NJSteuben St10003|NJSteuben St10003+NJLuis Munoz Marin Blvd+10003'
-74.0412,40.9153,0,4,'NJZabriskie Pl10003+NJCherry Ln+10003|NJCherry Ln10003'
-74.0412,40.7201,2,12,'NJHenderson St10003+NJCo Rd 726+10003|NJMorgan St10003+NJLuis Munoz Marin Blvd+10003|NJCo Rd 72610003|NJCo Rd 72610003+NJMarin Blvd+10003|NJCo Rd 72610003+NJCo Rd 637+10003|NJCo Rd 72610003+NJLuis Munoz Marin Blvd+10003'
-74.0412,40.7809,2,6,'NJPaterson Plank Rd10003|NJPaterson Plank Rd10003+NJPaterson Plank Rd+10003|NJPaterson Plank Rd10003+NJPaterson Tpke+10003|NJPaterson Plank Rd10003+NJW Side Ave+10003|NJPaterson Plank Rd10003+NJCo Rd 681+10003|NJPaterson Tpke10003|NJPaterson Tpke10003+NJW Side Ave+10003|NJPaterson Tpke10003+NJCo Rd 681+10003|NJW Side Ave10003|NJW Side Ave10003+NJCo Rd 681+10003'
-74.0412,40.7150,0,2,'NJSussex St10003+NJCo Rd 725+10003|NJCo Rd 72510003|NJCo Rd 72510003+NJCo Rd 686+10003|NJVan Vorst St10003+NJCo Rd 686+10003|NJCo Rd 68610003'
-74.0411,40.7541,1,0,'NJBergenline Pl10003+NJ3rd St+10003|NJ3rd St10003+NJBergenline Ave+10003'
-74.0411,40.7317,32,53,'NJManila Ave10003'
-74.0411,40.7697,0,1,'NJ22nd St10003|NJ22nd St10003+NJGrand Ave+10003'
-74.0411,40.7179,1,11,'NJEvertrust Plz10003'
-74.0411,40.7749,1,15,'NJTonnele Ave10002+NJState Rte 3+10002|NJUS Hwy 910002+NJState Rte 3+10002|NJState Rte 310003|NJState Rte 310003+NJUS Hwy 1+10003'
-74.0411,40.7208,0,12,'NJHenderson St10003|NJHenderson St10003+NJBay St+10003|NJHenderson St10003+NJHenderson St+10003|NJBay St10003+NJHenderson St+10003|NJBay St10003+NJMarin Blvd+10003|NJHenderson St10003+NJMarin Blvd+10003|NJMarin Blvd10003'
-74.0411,40.7490,0,2,'NJCo Rd 66410003|NJCo Rd 66410003+NJPalisade Ave+10003|NJPalisade Ave10003+NJCongress St+10003'
-74.0410,40.7156,0,10,'NJCo Rd 72510003+NJGrand St+10003'
-74.0410,40.7215,3,10,'NJCo Rd 62710003|NJCo Rd 62710003+NJHenderson St+10003|NJCo Rd 62710003+NJCo Rd 637+10003|NJCo Rd 62710003+NJLuis Munoz Marin Blvd+10003'
-74.0410,40.7324,1,2,'NJ15th St10003+NJCo Rd 635+10003'
-74.0410,40.7426,0,1,'NJMarshall Dr10003'
-74.0409,40.7222,1,8,'NJ2nd St10003+NJCo Rd 637+10003|NJCo Rd 63710003'
-74.0409,40.7509,0,2,'NJNorth St10003+NJCo Rd 671+10003|NJNorth St10003+NJNew York Ave+10003'
-74.0409,40.7164,1,18,'NJCo Rd 72510003|NJCo Rd 72510003+NJCo Rd 618+10003|NJCo Rd 72510003+NJYork St+10003|NJCo Rd 61810003+NJVan Vorst St+10003|NJYork St10003+NJVan Vorst St+10003|NJVan Vorst St10003'
-74.0409,40.7366,0,11,'NJMonroe St10003'
-74.0409,40.9097,0,1,'NJCarmen Pl10003'
-74.0409,40.7373,1,10,'NJPaterson Ave10003|NJPaterson Ave10003+NJObserver Hwy+10003'
-74.0408,40.7753,1,1,'NJ29th St10003|NJ29th St10003+NJTonnele Ave+10003|NJ29th St10003+NJUS Hwy 9+10003|NJ29th St10003+NJUS Hwy 1+10003'
-74.0408,40.7651,1,0,'NJKerrigan Ave10003+NJ17th St+10003'
-74.0408,40.7229,0,4,'NJHenderson St10003+NJ3rd St+10003|NJ3rd St10003|NJ3rd St10003+NJLuis Munoz Marin Blvd+10003'
-74.0408,40.6242,4,38,'NY88th St10003'
-74.0408,40.8446,1,0,'NJWarren St10003'
-74.0408,40.9272,0,1,'NJVoorhis Ave10003+NJElm Ave+10003'
-74.0407,40.6257,1,10,'NYShore Rd10003+NY86th St+10003|NY86th St10003'
-74.0407,40.7236,1,4,'NJHenderson St10003+NJ4th St+10003|NJ4th St10003|NJ4th St10003+NJLuis Munoz Marin Blvd+10003'
-74.0407,40.7372,2,26,'NJMonroe St10003+NJCo Rd 681+10003|NJMonroe St10003+NJObserver Hwy+10003'
-74.0407,40.7345,2,31,'NJCo Rd 63510003+NJ18th St+10003|NJ18th St10003|NJ18th St10003+NJGrove St+10003'
-74.0407,40.6249,0,19,'NY87th St10003'
-74.0407,40.6267,0,5,'NYShore Road Ln10003'
-74.0406,40.7706,0,1,'NJ23rd St10003|NJ23rd St10003+NJGrand Ave+10003|NJGrand Ave10003'
-74.0406,40.9055,0,2,'NJOrchard St10003+NJJohnson Ave+10003'
-74.0406,40.7482,0,2,'NJOgden Ave10003+NJHobson St+10003|NJHobson St10003'
-74.0406,40.7242,1,0,'NJ5th St10003|NJ5th St10003+NJHenderson St+10003|NJ5th St10003+NJLuis Munoz Marin Blvd+10003'
-74.0406,40.7687,1,1,'NJJohn F Kennedy Blvd10002+NJ21st St+10002|NJKennedy Blvd10002+NJ21st St+10002|NJ21st St10003+NJState Rte 501+10003'
-74.0405,40.7247,7,13,'NJHenderson St10003+NJGreene St+10003|NJGreene St10003|NJGreene St10003+NJLuis Munoz Marin Blvd+10003'
-74.0405,40.7516,1,3,'NJPaterson Plank Rd10003+NJCo Rd 671+10003|NJPaterson Plank Rd10003+NJNew York Ave+10003|NJCo Rd 68110003+NJCo Rd 671+10003|NJCo Rd 68110003+NJNew York Ave+10003|NJCo Rd 67110003|NJNew York Ave10003'
-74.0405,40.7759,0,1,'NJTonnele Ave10002+NJI 495+10002|NJUS Hwy 910002+NJI 495+10002|NJI 49510001+NJUS Hwy 1+10001'
-74.0405,40.6208,1,101,'NY92nd St10003|NY92nd St10003+NYShore Rd+10003'
-74.0404,40.7366,3,80,'NJCo Rd 63510003|NJGrove St10003'
-74.0404,40.7605,0,1,'NJCentral Ave10003+NJ12th St+10003'
-74.0404,40.7633,1,0,'NJ15th St10003+NJSummit Ave+10003'
-74.0403,40.7258,4,1,'NJHenderson St10003+NJ7th St+10003|NJ7th St10003|NJ7th St10003+NJLuis Munoz Marin Blvd+10003'
-74.0403,40.6225,2,14,'NYNarrows Ave10003|NYNarrows Ave10003+NYColonial Gdns+10003|NYColonial Gdns10003'
-74.0403,40.8666,1,0,'NJWashington Ave10003'
-74.0403,40.7487,1,5,'NJOgden Ave10003+NJCongress St+10003'
-74.0403,40.7417,0,17,'NJJackson St10003+NJ3rd St+10003|NJJackson St10003+NJWalkway+10003|NJ3rd St10003|NJ3rd St10003+NJWalkway+10003|NJWalkway10003'
-74.0402,40.7265,5,6,'NJHenderson St10003+NJ8th St+10003|NJ8th St10003|NJ8th St10003+NJLuis Munoz Marin Blvd+10003'
-74.0402,40.6216,1,28,'NY91st St10003|NY91st St10003+NYShore Rd+10003'
-74.0402,40.7114,3,51,'NJWarren St10003'
-74.0402,40.7530,0,3,'NJ2nd St10003+NJNew York Ave+10003'
-74.0401,40.7454,0,1,'NJ6th St10003+NJHarrison St+10003|NJHarrison St10003'
-74.0401,40.7506,0,1,'NJNorth St10003|NJNorth St10003+NJPalisade Ave+10003'
-74.0400,40.7279,4,5,'NJCo Rd 63410003|NJCo Rd 63410003+NJHenderson St+10003|NJCo Rd 63410003+NJLuis Munoz Marin Blvd+10003|NJCo Rd 63410003+NJCo Rd 637+10003|NJ9th St10003|NJ9th St10003+NJHenderson St+10003|NJ9th St10003+NJLuis Munoz Marin Blvd+10003|NJ9th St10003+NJCo Rd 637+10003|NJHenderson St10003+NJCo Rd 637+10003|NJCo Rd 63710003'
-74.0400,40.6191,0,150,'NYOliver St10003'
-74.0400,40.7492,0,2,'NJOgden Ave10003'
-74.0400,40.6233,0,26,'NYNarrows Ave10003+NY89th St+10003|NY89th St10003'
-74.0400,40.7127,5,94,'NJCo Rd 72410003|NJCo Rd 72410003+NJDudley St+10003|NJCo Rd 72410003+NJWarren St+10003'
-74.0400,40.7699,0,1,'NJDietz Pl10003'
-74.0400,40.6280,0,2,'NY83rd St10003'
-74.0399,40.8967,0,1,'NJMain St10003+NJRoss Ave+10003|NJRoss Ave10003'
-74.0399,40.7639,1,2,'NJSummit Ave10003+NJ16th St+10003'
-74.0399,40.7287,2,10,'NJMarin Blvd10003|NJMarin Blvd10003+NJHenderson St+10003|NJMarin Blvd10003+NJ10th St+10003|NJMarin Blvd10003+NJLuis Munoz Marin Blvd+10003|NJMarin Blvd10003+NJCo Rd 637+10003|NJHenderson St10003|NJHenderson St10003+NJHenderson St+10003|NJHenderson St10003+NJ10th St+10003|NJHenderson St10003+NJCo Rd 637+10003|NJHenderson St10003+NJLuis Munoz Marin Blvd+10003|NJ10th St10003|NJ10th St10003+NJLuis Munoz Marin Blvd+10003|NJ10th St10003+NJCo Rd 637+10003'
-74.0399,40.6287,0,2,'NY82nd St10003'
-74.0399,40.7430,1,15,'NJ4th St10003+NJJackson St+10003'
-74.0399,40.7664,0,1,'NJ19th St10003+NJKerrigan Ave+10003'
-74.0398,40.7367,0,14,'NJMadison St10003'
-74.0398,40.7292,9,15,'NJMarin Blvd10003|NJMarin Blvd10003+NJ12th St+10003|NJMarin Blvd10003+NJHenderson St+10003|NJMarin Blvd10003+NJ11th St+10003|NJMarin Blvd10003+NJLuis Munoz Marin Blvd+10003|NJMarin Blvd10003+NJCo Rd 637+10003|NJ12th St10003|NJ12th St10003+NJHenderson St+10003|NJ12th St10003+NJ11th St+10003|NJ12th St10003+NJLuis Munoz Marin Blvd+10003|NJ12th St10003+NJCo Rd 637+10003|NJHenderson St10003|NJHenderson St10003+NJ11th St+10003|NJHenderson St10003+NJHenderson St+10003|NJ11th St10003|NJ11th St10003+NJ11th St+10003|NJ11th St10003+NJHenderson St+10003|NJ11th St10003+NJLuis Munoz Marin Blvd+10003|NJ11th St10003+NJCo Rd 637+10003|NJHenderson St10003+NJLuis Munoz Marin Blvd+10003|NJHenderson St10003+NJCo Rd 637+10003'
-74.0398,40.7613,1,1,'NJCentral Ave10003+NJ13th St+10003'
-74.0398,40.7749,0,1,'NJPaterson Plank Rd10003+NJ29th St+10003|NJCo Rd 68110003+NJ29th St+10003|NJ29th St10003'
-74.0398,40.7467,0,4,'NJHarrison St10003|NJHarrison St10003+NJ7th St+10003|NJ7th St10003'
-74.0398,40.7692,0,2,'NJJohn F Kennedy Blvd10002+NJ22nd St+10002|NJ22nd St10003+NJKennedy Blvd+10003|NJ22nd St10003+NJState Rte 501+10003'
-74.0398,40.7536,0,1,'NJ3rd St10003+NJNew York Ave+10003'
-74.0397,40.7371,2,42,'NJCo Rd 68110003+NJMadison St+10003|NJMadison St10003+NJObserver Hwy+10003'
-74.0397,40.6240,0,18,'NYNarrows Ave10003+NY88th St+10003'
-74.0397,40.7140,1,64,'NJCo Rd 68810003|NJCo Rd 68810003+NJMorris St+10003|NJCo Rd 68810003+NJWashington St+10003|NJMorris St10003|NJMorris St10003+NJMorris St+10003|NJMorris St10003+NJWashington St+10003|NJMorris St10003+NJWarren St+10003|NJWashington St10003|NJWashington St10003+NJWarren St+10003'
-74.0396,40.7484,1,0,'NJCongress St10003|NJCongress St10003+NJCo Rd 681+10003'
-74.0396,40.7513,0,4,'NJPaterson Plank Rd10003+NJPalisade Ave+10003|NJPalisade Ave10003+NJCo Rd 681+10003'
-74.0396,40.6306,1,10,'NY80th St10003'
-74.0396,40.7440,0,18,'NJ5th St10003+NJJackson St+10003'
-74.0396,40.7725,2,3,'NJJane St10003|NJJane St10003+NJ26th St+10003|NJJane St10003+NJGrand Ave+10003|NJ26th St10003|NJ26th St10003+NJGrand Ave+10003|NJGrand Ave10003'
-74.0396,40.7308,8,10,'NJHenderson St10003+NJ13th St+10003|NJ13th St10003|NJ13th St10003+NJLuis Munoz Marin Blvd+10003|NJ13th St10003+NJCo Rd 637+10003'
-74.0396,40.7566,1,0,'NJBergenline Pl10003+NJ7th St+10003|NJBergenline Ave10003+NJ7th St+10003'
-74.0396,40.7199,4,30,'NJMorgan St10003+NJProvost St+10003|NJCo Rd 72610003+NJProvost St+10003|NJProvost St10003'
-74.0396,40.6185,0,87,'NY93rd St10003'
-74.0396,40.9131,0,1,'NJBogert Rd10003+NJOswego Pl+10003|NJOswego Pl10003'
-74.0395,40.6296,0,1,'NYColonial Ct10003'
-74.0395,40.7645,0,1,'NJSummit Ave10003+NJ17th St+10003'
-74.0395,40.7670,1,0,'NJKerrigan Ave10003|NJKerrigan Ave10003+NJ20th St+10003|NJ20th St10003'
-74.0394,40.7293,0,1,'NJMall Dr W10003|NJMall Dr W10003+NJMall Dr E+10003|NJMall Dr E10003'
-74.0394,40.6246,0,47,'NYNarrows Ave10003+NY87th St+10003'
-74.0394,40.7301,2,2,'NJMall Dr W10003'
-74.0394,40.7621,0,1,'NJCentral Ave10003+NJ14th St+10003'
-74.0394,40.7214,0,1,'NJProvost St10003+NJ1st St+10003'
-74.0394,40.7322,40,28,'NJHenderson St10003|NJHenderson St10003+NJ15th St+10003|NJHenderson St10003+NJHenderson St+10003|NJ15th St10003+NJHenderson St+10003|NJ15th St10003+NJMarin Blvd+10003|NJ15th St10003+NJLuis Munoz Marin Blvd+10003|NJHenderson St10003+NJMarin Blvd+10003|NJMarin Blvd10003'
-74.0394,40.6223,0,1,'NYColonial Gdns10003'
-74.0393,40.7416,14,127,'NJMonroe St10003+NJ3rd St+10003'
-74.0393,40.7221,0,15,'NJ2nd St10003+NJProvost St+10003|NJProvost St10003'
-74.0392,40.7329,2,3,'NJHenderson St10003+NJ16th St+10003|NJMarin Blvd10003+NJ16th St+10003|NJLuis Munoz Marin Blvd10003+NJ16th St+10003|NJCo Rd 63710003+NJ16th St+10003|NJ16th St10003'
-74.0392,40.7162,3,27,'NJCo Rd 61810003+NJWarren St+10003|NJYork St10003+NJWarren St+10003'
-74.0392,40.7452,1,16,'NJ6th St10003+NJJackson St+10003'
-74.0392,40.7301,1,2,'NJMall Dr E10003'
-74.0392,40.6179,0,61,'NY94th St10003'
-74.0391,40.6254,1,27,'NYNarrows Ave10003+NY86th St+10003'
-74.0391,40.7247,4,6,'NJ6th St10003+NJProvost St+10003|NJProvost St10003'
-74.0391,40.7796,1,0,'NJDell Ave10003'
-74.0391,40.7170,2,39,'NJCo Rd 68810003+NJMontgomery St+10003|NJWarren St10003+NJMontgomery St+10003'
-74.0391,40.9082,0,1,'NJJefferson St10003+NJJohnson Ave+10003'
-74.0391,40.7343,27,33,'NJHenderson St10003|NJHenderson St10003+NJHenderson St+10003|NJHenderson St10003+NJ18th St+10003|NJHenderson St10003+NJMarin Blvd+10003|NJ18th St10003+NJMarin Blvd+10003|NJ18th St10003+NJLuis Munoz Marin Blvd+10003|NJMarin Blvd10003'
-74.0390,40.7548,0,1,'NJ5th St10003+NJNew York Ave+10003'
-74.0390,40.6222,0,2,'NYShore Ct10003'
-74.0390,40.7175,3,10,'NJCo Rd 68810003+NJEvertrust Plz+10003|NJEvertrust Plz10003|NJEvertrust Plz10003+NJWarren St+10003'
-74.0390,40.7653,1,1,'NJSummit Ave10003+NJ18th St+10003'
-74.0390,40.7627,0,1,'NJ15th St10003+NJCentral Ave+10003'
-74.0389,40.7428,12,146,'NJ4th St10003+NJMonroe St+10003'
-74.0389,40.7698,1,2,'NJ23rd St10003+NJJohn F Kennedy Blvd+10003|NJ23rd St10003+NJKennedy Blvd+10003|NJ23rd St10003+NJState Rte 501+10003'
-74.0389,40.7734,0,1,'NJGrand Ave10003+NJ27th St+10003|NJ27th St10003'
-74.0389,40.7678,3,2,'NJ21st St10003|NJ21st St10003+NJKerrigan Ave+10003'
-74.0388,40.7525,2,2,'NJPalisade Ave10003+NJ2nd St+10003|NJ2nd St10003'
-74.0388,40.7182,3,47,'NJChristopher Columbus Dr10003+NJWarren St+10003'
-74.0388,40.6285,0,4,'NYHarbor View Ter10003|NYHarbor View Ter10003+NY82nd St+10003'
-74.0388,40.7721,0,1,'NJCottage Ave10003|NJCottage Ave10003+NJ26th St+10003'
-74.0388,40.7465,1,13,'NJJackson St10003|NJJackson St10003+NJ7th St+10003'
-74.0388,40.7369,0,20,'NJJefferson St10003|NJJefferson St10003+NJCo Rd 681+10003|NJJefferson St10003+NJObserver Hwy+10003|NJCo Rd 68110003+NJNewark St+10003|NJObserver Hwy10003'
-74.0388,40.6313,0,6,'NY79th St10003'
-74.0388,40.7509,4,25,'NJS Wing Viaduct10003|NJS Wing Viaduct10003+NJCo Rd 681+10003|NJCo Rd 68110003+NJCo Rd 683+10003|NJCo Rd 68310003'
-74.0388,40.6172,1,75,'NYRidge Blvd10003'
-74.0387,40.9467,0,1,'NJProspect Ave10003|NJProspect Ave10003+NJVillage Rd+10003|NJVillage Rd10003'
-74.0387,40.7750,0,6,'NJ30th St10003+NJColumbia Ave+10003|NJColumbia Ave10003'
-74.0387,40.6262,0,9,'NY85th St10003|NY85th St10003+NYNarrows Ave+10003|NYNarrows Ave10003'
-74.0387,40.7369,11,55,'NJObserver Hwy10003|NJObserver Hwy10003+NJHenderson St+10003|NJObserver Hwy10003+NJLuis Munoz Marin Blvd+10003|NJObserver Hwy10003+NJCo Rd 637+10003|NJCo Rd 68110003+NJHenderson St+10003|NJCo Rd 68110003+NJNewark St+10003|NJCo Rd 68110003+NJLuis Munoz Marin Blvd+10003|NJCo Rd 68110003+NJCo Rd 637+10003|NJHenderson St10003|NJNewark St10003+NJLuis Munoz Marin Blvd+10003|NJLuis Munoz Marin Blvd10003|NJCo Rd 63710003'
-74.0387,40.6230,0,39,'NYShore Ct10003|NYShore Ct10003+NY89th St+10003'
-74.0387,40.7190,0,21,'NJSteuben St10003+NJWarren St+10003'
-74.0386,40.7659,1,0,'NJSummit Ave10003+NJ19th St+10003|NJ19th St10003'
-74.0385,40.7112,0,1,'NJWashington St10003'
-74.0385,40.7198,0,9,'NJCo Rd 68810003+NJCo Rd 726+10003|NJCo Rd 68810003+NJMorgan St+10003|NJCo Rd 72610003|NJCo Rd 72610003+NJCo Rd 726+10003|NJCo Rd 72610003+NJWarren St+10003|NJCo Rd 72610003+NJMorgan St+10003|NJWarren St10003|NJWarren St10003+NJMorgan St+10003|NJMorgan St10003'
-74.0385,40.7199,0,6,'NJCo Rd 68810003+NJMorgan St+10003|NJCo Rd 68810003+NJCo Rd 726+10003|NJMorgan St10003|NJMorgan St10003+NJCo Rd 726+10003|NJMorgan St10003+NJWarren St+10003|NJCo Rd 72610003|NJCo Rd 72610003+NJCo Rd 726+10003|NJCo Rd 72610003+NJWarren St+10003|NJWarren St10003'
-74.0384,40.7531,0,5,'NJ3rd St10003+NJPalisade Ave+10003'
-74.0384,40.7519,0,10,'NJManhattan Ave10003|NJJefferson Ave10003'
-74.0384,40.7477,1,10,'NJJackson St10003'
-74.0384,40.6317,0,4,'NY78th St10003'
-74.0384,40.7205,0,13,'NJCo Rd 68810003+NJBay St+10003|NJWarren St10003+NJBay St+10003|NJBay St10003'
-74.0384,40.7205,0,1,'NJCo Rd 68810003+NJBay St+10003|NJBay St10003|NJBay St10003+NJWarren St+10003'
-74.0384,40.7685,2,7,'NJ22nd St10003+NJKerrigan Ave+10003'
-74.0384,40.6165,1,84,'NY95th St10003'
-74.0384,40.7293,2,0,'NJProvost St10003'
-74.0384,40.6297,0,3,'NYHarbor View Ter10003+NYColonial Ct+10003|NYColonial Ct10003'
-74.0383,40.7790,1,0,'NJTonnele Ave10002+NJPaterson Plank Rd+10002|NJTonnele Ave10002+NJCo Rd 681+10002|NJUS Hwy 910002+NJPaterson Plank Rd+10002|NJUS Hwy 910002+NJCo Rd 681+10002|NJUS Hwy 110002+NJPaterson Plank Rd+10002|NJUS Hwy 110002+NJCo Rd 681+10002'
-74.0383,40.8538,1,0,'NJGrand St10003+NJUS Rte 46+10003'
-74.0383,40.7125,1,86,'NJCo Rd 62710003|NJCo Rd 62710003+NJCo Rd 724+10003|NJCo Rd 62710003+NJDudley St+10003|NJCo Rd 72410003|NJCo Rd 72410003+NJWashington St+10003|NJCo Rd 72410003+NJDudley St+10003|NJWashington St10003+NJDudley St+10003|NJDudley St10003'
-74.0383,40.7450,2,90,'NJ6th St10003+NJMonroe St+10003'
-74.0382,40.7387,7,120,'NJJefferson St10003+NJ1st St+10003'
-74.0382,40.7213,0,1,'NJCo Rd 68810003+NJ1st St+10003|NJWarren St10003+NJ1st St+10003'
-74.0382,40.6276,0,3,'NYNarrows Ave10003|NYNarrows Ave10003+NY83rd St+10003'
-74.0381,40.6303,0,4,'NYHarbor View Ter10003|NYHarbor View Ter10003+NY80th St+10003'
-74.0381,40.7220,1,5,'NJCo Rd 68810003|NJCo Rd 68810003+NJ2nd St+10003|NJ2nd St10003+NJWarren St+10003|NJWarren St10003'
-74.0381,40.6206,2,93,'NYMarine Ave10003|NYMarine Ave10003+NYColonial Rd+10003|NYMarine Ave10003+NY92nd St+10003|NYColonial Rd10003|NYColonial Rd10003+NY92nd St+10003'
-74.0381,40.7845,1,3,'NJW Side Ave10003+NJ43rd Dr+10003|NJ43rd Dr10003'
-74.0381,40.7537,1,1,'NJ4th St10003|NJ4th St10003+NJPalisade Ave+10003'
-74.0380,40.7615,0,1,'NJ14th St10003+NJWest St+10003|NJWest St10003'
-74.0380,40.7138,1,37,'NJCo Rd 62710003+NJMorris St+10003|NJCo Rd 62710003+NJWashington St+10003|NJMorris St10003|NJMorris St10003+NJWashington St+10003|NJMorris St10003+NJMorris St+10003|NJWashington St10003|NJWashington St10003+NJMorris St+10003|NJWashington St10003+NJWashington St+10003'
-74.0380,40.7490,2,28,'NJ9th St10003'
-74.0380,40.7296,2,3,'NJProvost St10003'
-74.0380,40.6159,1,55,'NY96th St10003'
-74.0379,40.7490,0,3,'NJJackson St10003|NJJackson St10003+NJ9th St+10003'
-74.0379,40.6283,0,5,'NY82nd St10003+NYNarrows Ave+10003'
-74.0379,40.7746,1,2,'NJ30th St10003+NJGrand Ave+10003'
-74.0379,40.6323,0,4,'NY77th St10003'
-74.0379,40.7463,2,13,'NJMonroe St10003+NJ7th St+10003'
-74.0379,40.7693,0,2,'NJ23rd St10003+NJKerrigan Ave+10003'
-74.0378,40.7567,0,1,'NJNew York Ave10003+NJ8th St+10003'
-74.0378,40.6213,1,26,'NY91st St10003+NYColonial Rd+10003'
-74.0378,40.7146,2,35,'NJCo Rd 62710003+NJCo Rd 686+10003|NJWashington St10003+NJCo Rd 686+10003|NJCo Rd 68610003'
-74.0378,40.7315,70,75,'NJProvost St10003|NJProvost St10003+NJ14th St+10003|NJ14th St10003'
-74.0378,40.7371,4,48,'NJAdams St10003'
-74.0377,40.7816,1,1,'NJDell Ave10003'
-74.0377,40.7320,5,6,'NJ15th St10003'
-74.0377,40.6200,1,72,'NYMarine Ave10003+NYOliver St+10003|NYOliver St10003'
-74.0377,40.7673,4,4,'NJSummit Ave10003+NJ21st St+10003'
-74.0377,40.7543,1,2,'NJPalisade Ave10003+NJ5th St+10003|NJ5th St10003'
-74.0377,40.6152,2,66,'NY97th St10003'
-74.0376,40.6290,0,22,'NYNarrows Ave10003+NY81st St+10003|NY81st St10003'
-74.0376,40.7622,0,1,'NJ15th St10003+NJWest St+10003'
-74.0376,40.7648,0,2,'NJCentral Ave10003|NJCentral Ave10003+NJ18th St+10003'
-74.0375,40.7572,1,0,'NJNew York Ave10003+NJ9th St+10003|NJ9th St10003'
-74.0375,40.7528,0,12,'NJManhattan Ave10003+NJ3rd St+10003|NJJefferson Ave10003+NJ3rd St+10003|NJ3rd St10003'
-74.0375,40.6197,0,23,'NYMarine Ave10003+NY93rd St+10003|NY93rd St10003'
-74.0375,40.7476,1,20,'NJMonroe St10003+NJ8th St+10003|NJ8th St10003'
-74.0375,40.7532,1,4,'NJManhattan Ave10003|NJJefferson Ave10003'
-74.0374,40.7574,1,0,'NJ9th St10003|NJ9th St10003+NJNew York Ave+10003'
-74.0373,40.7168,2,12,'NJCo Rd 62710003+NJMontgomery St+10003|NJWashington St10003+NJMontgomery St+10003'
-74.0373,40.6297,0,13,'NYNarrows Ave10003+NY80th St+10003|NY80th St10003'
-74.0373,40.7386,4,88,'NJAdams St10003+NJ1st St+10003'
-74.0373,40.6193,0,22,'NY93rd St10003|NY93rd St10003+NYMarine Ave+10003'
-74.0373,40.7549,0,2,'NJPalisade Ave10003+NJ6th St+10003|NJ6th St10003'
-74.0373,40.6226,0,18,'NYColonial Rd10003+NY89th St+10003'
-74.0372,40.6360,0,29,'NY72nd St10003'
-74.0372,40.7680,1,5,'NJSummit Ave10003+NJ22nd St+10003'
-74.0372,40.7577,0,1,'NJ10th St10003|NJ10th St10003+NJNew York Ave+10003'
-74.0372,40.6300,0,7,'NYNarrows Ave10003+NY80th St+10003|NY80th St10003'
-74.0372,40.7604,0,1,'NJBergenline Pl10003+NJ13th St+10003|NJBergenline Pl10003+NJ13th Ave+10003|NJ13th St10003+NJBergenline Ave+10003|NJ13th Ave10003+NJBergenline Ave+10003'
-74.0371,40.7646,1,5,'NJSaint Michaels Walk10003|NJSaint Michaels Walk10003+NJ18th St+10003'
-74.0371,40.7488,0,17,'NJMonroe St10003+NJ9th St+10003'
-74.0371,40.7182,2,7,'NJCo Rd 62710003+NJPearl St+10003|NJWashington St10003+NJPearl St+10003|NJPearl St10003'
-74.0371,40.9379,0,1,'NJ3rd Ave10003'
-74.0371,40.6138,1,85,'NYShore Rd10003+NY99th St+10003|NY99th St10003'
-74.0370,40.6233,1,19,'NYColonial Rd10003+NY88th St+10003'
-74.0370,40.6188,0,19,'NYMarine Ave10003+NY94th St+10003|NY94th St10003'
-74.0370,40.7188,0,1,'NJWashington St10003+NJSteuben St+10003'
-74.0370,40.8653,0,1,'NJShafer Pl10003+NJS River St+10003'
-74.0370,40.7462,2,73,'NJMadison St10003+NJ7th St+10003'
-74.0369,40.6307,0,5,'NYNarrows Ave10003+NY79th St+10003'
-74.0369,40.6336,4,27,'NY75th St10003|NY75th St10003+NYShore Rd+10003|NYShore Rd10003+NYBay Ridge Pkwy+10003|NYBay Ridge Pkwy10003'
-74.0369,40.6187,0,16,'NYMarine Ave10003+NY94th St+10003|NY94th St10003'
-74.0369,40.7556,0,2,'NJPalisade Ave10003+NJ7th St+10003|NJ7th St10003'
-74.0368,40.7196,7,91,'NJCo Rd 62710003+NJCo Rd 726+10003|NJCo Rd 72610003|NJCo Rd 72610003+NJWashington St+10003'
-74.0368,40.6344,1,56,'NY74th St10003'
-74.0368,40.7671,1,1,'NJUnion Ter10003'
-74.0367,40.7372,6,27,'NJGrand St10003'
-74.0367,40.6147,1,9,'NY98th St10003'
-74.0367,40.6240,0,21,'NYColonial Rd10003+NY87th St+10003'
-74.0367,40.6312,0,10,'NYNarrows Ave10003+NY78th St+10003|NY78th St10003'
-74.0367,40.8475,1,0,'NJIndustrial Ave10003|NJIndustrial Ave10003+NJWashington Ave+10003'
-74.0367,40.6353,0,11,'NY72nd Ct10003'
-74.0367,40.7687,0,1,'NJSummit Ave10003+NJ23rd St+10003|NJ23rd St10003+NJCo Rd 617+10003|NJCo Rd 61710003'
-74.0366,40.6366,0,25,'NY71st St10003'
-74.0366,40.7123,0,6,'NJGreene St10003'
-74.0366,40.7474,8,55,'NJ8th St10003+NJMadison St+10003'
-74.0366,40.9222,0,1,'NJBogert Rd10003+NJWayne Ave+10003'
-74.0365,40.7211,1,5,'NJCo Rd 62710003'
-74.0365,40.7212,0,2,'NJCo Rd 62710003|NJCo Rd 62710003+NJWashington St+10003|NJWashington St10003+NJ1st St+10003'
-74.0365,40.6358,1,17,'NY72nd St10003+NY72nd Ct+10003|NY72nd Ct10003'
-74.0365,40.6180,0,57,'NYMarine Ave10003+NYRidge Blvd+10003|NYMarine Ave10003+NY95th St+10003|NYRidge Blvd10003+NY95th St+10003|NY95th St10003'
-74.0364,40.6390,1,30,'NY69th St10003|NY69th St10003+NYShore Pkwy+10003|NY69th St10003+NYLeif Ericson Dr+10003|NY69th St10003+NYBelt Pkwy+10003|NYBay Ridge Ave10003|NYBay Ridge Ave10003+NYShore Pkwy+10003|NYBay Ridge Ave10003+NYLeif Ericson Dr+10003|NYBay Ridge Ave10003+NYBelt Pkwy+10003'
-74.0364,40.7217,8,208,'NJ2nd St10003+NJGreene St+10003|NJ2nd St10003+NJWashington St+10003|NJ2nd St10003+NJWashington Blvd+10003|NJGreene St10003|NJGreene St10003+NJWashington St+10003|NJGreene St10003+NJWashington Blvd+10003|NJWashington St10003|NJWashington St10003+NJWashington Blvd+10003|NJWashington St10003+NJWashington St+10003|NJWashington Blvd10003'
-74.0364,40.6247,0,42,'NYColonial Rd10003+NY86th St+10003'
-74.0364,40.6319,0,11,'NYNarrows Ave10003+NY77th St+10003'
-74.0364,40.7640,2,3,'NJ18th St10003|NJ18th St10003+NJWest St+10003'
-74.0364,40.7676,0,1,'NJUnion Ter10003+NJ22nd St+10003'
-74.0364,40.8484,0,1,'NJMaple St10003|NJMaple St10003+NJPickens St+10003'
-74.0364,40.7384,6,67,'NJGrand St10003+NJ1st St+10003'
-74.0364,40.7512,0,4,'NJMonroe St10003+NJ11th St+10003'
-74.0364,40.7711,0,1,'NJ26th St10003|NJ26th St10003+NJJohn F Kennedy Blvd+10003|NJ26th St10003+NJKennedy Blvd+10003|NJ26th St10003+NJState Rte 501+10003'
-74.0363,40.7816,0,2,'NJTonnele Ave10002+NJ40th St+10002|NJUS Hwy 910002+NJ40th St+10002|NJUS Hwy 110002+NJ40th St+10002'
-74.0363,40.6177,0,28,'NYMarine Ave10003+NYRidge Blvd+10003|NYRidge Blvd10003'
-74.0363,40.7784,3,3,'NJCharles Ct10003|NJCharles Ct10003+NJCharles Ct+10003'
-74.0363,40.7136,8,153,'NJMorris St10003'
-74.0362,40.7643,0,1,'NJ18th St10003|NJ18th St10003+NJWest St+10003'
-74.0362,40.6179,0,9,'NYRidge Blvd10003+NY95th St+10003'
-74.0362,40.8409,1,1,'NJCrescent St10003|NJCrescent St10003+NJMehrhof Rd+10003'
-74.0362,40.7486,0,36,'NJ9th St10003+NJMadison St+10003'
-74.0362,40.6182,0,3,'NYRidge Blvd10003|NYRidge Blvd10003+NYRidge Blvd+10003'
-74.0361,40.7144,8,111,'NJSussex St10003'
-74.0361,40.6327,1,18,'NYNarrows Ave10003+NY76th St+10003|NY76th St10003'
-74.0361,40.7305,59,60,'NJ13th St10003'
-74.0361,40.7594,0,1,'NJTournade Ln10003|NJTournade Ln10003+NJNew York Ave+10003|NJTournade Pl10003|NJTournade Pl10003+NJNew York Ave+10003'
-74.0361,40.6126,2,105,'NYShore Rd10003+NY3rd Ave+10003|NY3rd Ave10003'
-74.0361,40.6173,0,47,'NY95th St10003|NY95th St10003+NYMarine Ave+10003'
-74.0361,40.7569,0,1,'NJ9th St10003|NJ9th St10003+NJPalisade Ave+10003'
-74.0361,40.6256,0,7,'NY85th St10003+NYColonial Rd+10003'
-74.0361,40.6373,0,25,'NYShore Rd10003+NYMackay Pl+10003|NYMackay Pl10003'
-74.0360,40.7717,0,1,'NJJohn F Kennedy Blvd10002+NJ27th St+10002|NJJohn F Kennedy Blvd10002+NJCo Rd 672+10002|NJ27th St10003|NJ27th St10003+NJKennedy Blvd+10003|NJ27th St10003+NJState Rte 501+10003|NJKennedy Blvd10002+NJCo Rd 672+10002|NJState Rte 50110002+NJCo Rd 672+10002|NJCo Rd 67210003'
-74.0360,40.6397,0,4,'NYBelt Parlway10002|NYBelt Parlway10002+NYBelt Pkwy+10002|NYBelt Pkwy10002'
-74.0360,40.6094,0,5,'NYVerrazano Brg10001|NYVerrazano Brg10001+NYGowanus Expy+10001|NYGowanus Expy10001'
-74.0360,40.9112,1,0,'NJGrand Ave10003+NJKinderkamack Rd+10003'
-74.0360,40.7523,0,1,'NJMonroe St10003|NJMonroe St10003+NJ12th St+10003|NJ12th St10003'
-74.0360,40.7647,0,1,'NJ19th St10003|NJ19th St10003+NJWest St+10003'
-74.0360,40.6186,0,47,'NYRidge Blvd10003+NY94th St+10003'
-74.0359,40.6171,0,49,'NY96th St10003|NY96th St10003+NYMarine Ave+10003'
-74.0359,40.7243,22,258,'NJWashington St10003|NJWashington St10003+NJWashington Blvd+10003|NJWashington St10003+NJWashington St+10003|NJWashington Blvd10003'
-74.0358,40.7598,0,2,'NJ13th St10003+NJNew York Ave+10003|NJ13th Ave10003+NJNew York Ave+10003'
-74.0358,40.6334,0,17,'NYNarrows Ave10003+NY75th St+10003|NYNarrows Ave10003+NYBay Ridge Pkwy+10003'
-74.0358,40.7244,16,166,'NJWashington St10003|NJWashington St10003+NJThomas Gangemi Dr+10003|NJWashington St10003+NJ6th St+10003|NJWashington St10003+NJWashington Blvd+10003|NJThomas Gangemi Dr10003|NJThomas Gangemi Dr10003+NJ6th St+10003|NJThomas Gangemi Dr10003+NJWashington Blvd+10003|NJ6th St10003|NJ6th St10003+NJWashington Blvd+10003|NJWashington Blvd10003'
-74.0358,40.7499,2,25,'NJ10th St10003|NJ10th St10003+NJMadison St+10003'
-74.0358,40.6263,0,23,'NYColonial Rd10003+NY84th St+10003|NY84th St10003'
-74.0358,40.7194,1,34,'NJMorgan St10003'
-74.0357,40.6151,0,7,'NYHarbor Ct10003|NYHarbor Ct10003+NY98th St+10003'
-74.0357,40.6131,0,23,'NY101st St10003|NY101st St10003+NY3rd Ave+10003'
-74.0357,40.6193,1,34,'NYRidge Blvd10003+NY93rd St+10003'
-74.0357,40.7550,2,2,'NJS Wing Viaduct10003|NJS Wing Viaduct10003+NJ14th St+10003|NJS Wing Viaduct10003+NJN Wing Viaduct+10003|NJS Wing Viaduct10003+NJCo Rd 670+10003|NJ14th St10003|NJ14th St10003+NJN Wing Viaduct+10003|NJ14th St10003+NJCo Rd 683+10003|NJN Wing Viaduct10003|NJN Wing Viaduct10003+NJCo Rd 670+10003|NJCo Rd 67010003|NJCo Rd 67010003+NJCo Rd 683+10003'
-74.0357,40.7167,8,39,'NJGreene St10003+NJMontgomery St+10003'
-74.0357,40.7373,2,19,'NJClinton St10003'
-74.0357,40.6167,0,68,'NYMarine Ave10003+NY96th St+10003|NY96th St10003'
-74.0356,40.7473,1,58,'NJJefferson St10003+NJ8th St+10003'
-74.0356,40.6398,3,25,'NY68th St10003'
-74.0356,40.6379,0,34,'NY70th St10003'
-74.0356,40.6341,0,23,'NYNarrows Ave10003+NY74th St+10003'
-74.0355,40.9113,0,2,'NJGrand Ave10003+NJElizabeth St+10003|NJElizabeth St10003'
-74.0355,40.8567,1,0,'NJRiver St Exd10003|NJRiver St Exd10003+NJBergen Tpke+10003'
-74.0355,40.7629,0,1,'NJBergenline Pl10003+NJ17th St+10003|NJ17th St10003+NJBergenline Ave+10003'
-74.0354,40.7511,3,42,'NJMadison St10003+NJ11th St+10003'
-74.0354,40.6200,0,71,'NYRidge Blvd10003+NY92nd St+10003'
-74.0354,40.7382,2,30,'NJClinton St10003+NJ1st St+10003'
-74.0354,40.6162,0,14,'NYMarine Ave10003+NY97th St+10003|NY97th St10003'
-74.0354,40.7180,0,5,'NJPearl St10003'
-74.0354,40.6137,0,28,'NY100th St10003|NY100th St10003+NY3rd Ave+10003'
-74.0353,40.6144,0,1,'NYHarbor Ct10003|NYHarbor Ct10003+NY99th St+10003'
-74.0353,40.7581,0,1,'NJ11th St10003|NJ11th St10003+NJPalisade Ave+10003'
-74.0353,40.6160,1,21,'NYMarine Ave10003+NY97th St+10003|NY97th St10003'
-74.0353,40.7353,1,3,'NJWillow Ave10003'
-74.0353,40.6347,1,24,'NYNarrows Ave10003+NY73rd St+10003|NY73rd St10003'
-74.0352,40.7905,7,5,'NJ50th St10003'
-74.0352,40.7485,0,37,'NJJefferson St10003+NJ9th St+10003'
-74.0352,40.6276,0,36,'NY82nd St10003+NYColonial Rd+10003'
-74.0352,40.6206,1,12,'NY91st St10003+NYRidge Blvd+10003'
-74.0351,40.7735,2,3,'NJ30th St10003+NJState Rte 501+10003|NJ30th St10003+NJJohn F Kennedy Blvd+10003|NJ30th St10003+NJKennedy Blvd+10003'
-74.0351,40.7679,0,1,'NJ23rd St10003+NJCentral Ave+10003'
-74.0351,40.7523,0,5,'NJ12th St10003+NJMadison St+10003'
-74.0350,40.9162,0,1,'NJReservoir Ave10003|NJReservoir Ave10003+NJKinderkamack Rd+10003'
-74.0350,40.7362,14,22,'NJObserver Hwy10003+NJCo Rd 675+10003|NJObserver Hwy10003+NJWillow Ter+10003|NJWillow Ave10003+NJCo Rd 681+10003|NJCo Rd 68110003+NJCo Rd 675+10003|NJCo Rd 68110003+NJWillow Ter+10003|NJCo Rd 67510003|NJWillow Ter10003'
-74.0350,40.6097,1,32,'NYShore Pkwy10002+NYGowanus Expy+10002|NYShore Pkwy10002+NYI 278+10002|NYLeif Ericson Dr10002+NYGowanus Expy+10002|NYLeif Ericson Dr10002+NYI 278+10002|NYBelt Pkwy10002+NYGowanus Expy+10002|NYBelt Pkwy10002+NYI 278+10002'
-74.0350,40.6354,0,48,'NYNarrows Ave10003+NY72nd St+10003'
-74.0350,40.7201,0,7,'NJBay St10003'
-74.0349,40.6143,1,36,'NY99th St10003|NY99th St10003+NY3rd Ave+10003'
-74.0349,40.7810,1,3,'NJLiberty Ave10003+NJ40th St+10003'
-74.0349,40.6284,1,18,'NYColonial Rd10003+NY81st St+10003'
-74.0349,40.7587,0,3,'NJ12th St10003|NJ12th St10003+NJPalisade Ave+10003'
-74.0349,40.6154,1,35,'NYMarine Ave10003+NY98th St+10003|NY98th St10003'
-74.0349,40.6213,0,7,'NY90th St10003|NY90th St10003+NYRidge Blvd+10003'
-74.0349,40.7121,1,3,'NJHudson St10003'
-74.0349,40.7293,2,8,'NJI 7810001|NJI 7810001+NJHolland Tunl+10001|NJI 7810001+NJI 78+10001|NJHolland Tunl10001|NJHolland Tunl10001+NJI 78+10001'
-74.0349,40.7738,0,1,'NJState Rte 50110002+NJI 495+10002|NJI 49510001+NJJohn F Kennedy Blvd+10001|NJI 49510001+NJKennedy Blvd+10001'
-74.0349,40.7497,3,33,'NJ10th St10003|NJ10th St10003+NJJefferson St+10003'
-74.0349,40.7267,9,104,'NJPavonia Ave10003|NJPavonia Ave10003+NJWashington Blvd+10003'
-74.0349,40.7244,4,62,'NJThomas Gangemi Dr10003'
-74.0349,40.6385,0,21,'NY69th St10003+NYOwls Head Ct+10003|NYBay Ridge Ave10003+NYOwls Head Ct+10003|NYOwls Head Ct10003'
-74.0348,40.6114,2,103,'NYShore Rd10003|NYShore Rd10003+NY4th Ave+10003|NY4th Ave10003'
-74.0348,40.7293,1,3,'NJHolland Tunl10001+NJ11th St+10001|NJ11th St10003|NJ11th St10003+NJI 78+10003'
-74.0348,40.7209,5,60,'NJGreene St10003+NJ1st St+10003'
-74.0348,40.7789,0,1,'NJGrand Ave10003'
-74.0348,40.7127,3,39,'NJEssex St10003+NJHudson St+10003'
-74.0347,40.6361,1,30,'NYNarrows Ave10003+NY71st St+10003'
-74.0347,40.7293,5,37,'NJHolland Tunl10001+NJWashington Blvd+10001|NJWashington Blvd10003+NJI 78+10003'
-74.0347,40.7293,30,196,'NJNewport Pkwy10003|NJNewport Pkwy10003+NJWashington Blvd+10003'
-74.0347,40.6147,0,9,'NY99th St10003|NY99th St10003+NY3rd Ave+10003'
-74.0347,40.7471,2,92,'NJ8th St10003+NJAdams St+10003'
-74.0347,40.7535,1,1,'NJ13th St10003|NJ13th St10003+NJMadison St+10003'
-74.0346,40.6291,1,23,'NYColonial Rd10003+NY80th St+10003'
-74.0346,40.7618,0,1,'NJNew York Ave10003+NJ16th St+10003'
-74.0346,40.7685,0,1,'NJ24th St10003+NJCentral Ave+10003'
-74.0346,40.6220,0,15,'NYRidge Blvd10003+NY89th St+10003'
-74.0346,40.6149,0,14,'NYMarine Ave10003|NYMarine Ave10003+NY3rd Ave+10003'
-74.0345,40.6149,0,57,'NYMarine Ave10003|NYMarine Ave10003+NY3rd Ave+10003'
-74.0345,40.7509,2,64,'NJJefferson St10003+NJ11th St+10003'
-74.0345,40.7593,0,2,'NJ13th St10003|NJ13th St10003+NJPalisade Ave+10003|NJ13th Ave10003+NJPalisade Ave+10003'
-74.0345,40.7381,3,104,'NJWillow Ter10003+NJ1st St+10003'
-74.0345,40.7142,6,36,'NJHudson St10003+NJSussex St+10003|NJSussex St10003'
-74.0345,40.7789,1,0,'NJGrand Ave10003'
-74.0344,40.7560,0,1,'NJ15th St10003'
-74.0344,40.6368,0,18,'NYNarrows Ave10003+NYMackay Pl+10003'
-74.0344,40.6411,0,2,'NYBelt Parlway10002|NYBelt Parlway10002+NYBelt Pkwy+10002|NYBelt Pkwy10002'
-74.0344,40.7209,2,43,'NJ1st St10003'
-74.0344,40.6394,0,28,'NYOwls Head Ct10003|NYOwls Head Ct10003+NY68th St+10003'
-74.0344,40.7739,0,4,'NJState Rte 50110002+NJ31st St+10002|NJKennedy Blvd10002+NJ31st St+10002|NJJohn F Kennedy Blvd10002+NJ31st St+10002'
-74.0344,40.7902,3,4,'NJ50th St10003|NJ50th St10003+NJW Side Ave+10003'
-74.0343,40.7149,4,41,'NJHudson St10003+NJGrand St+10003'
-74.0343,40.9184,0,1,'NJKinderkamack Rd10003+NJHowland Ave+10003|NJHowland Ave10003'
-74.0343,40.6120,0,48,'NY101st St10003|NY101st St10003+NY4th Ave+10003'
-74.0343,40.6227,1,55,'NYRidge Blvd10003+NY88th St+10003'
-74.0343,40.7547,0,2,'NJ14th St10003+NJMadison St+10003|NJCo Rd 67010003+NJMadison St+10003'
-74.0343,40.8374,1,0,'NJMehrhof Rd10003'
-74.0342,40.7792,1,2,'NJGrand Ave10003+NJ38th St+10003|NJ38th St10003'
-74.0342,40.7624,1,0,'NJ17th St10003+NJNew York Ave+10003'
-74.0342,40.6158,2,29,'NY97th St10003|NY97th St10003+NY3rd Ave+10003'
-74.0342,40.7156,4,33,'NJCo Rd 61810003|NJCo Rd 61810003+NJCo Rd 624+10003|NJCo Rd 61810003+NJHudson St+10003|NJCo Rd 62410003|NJCo Rd 62410003+NJHudson St+10003|NJCo Rd 62410003+NJYork St+10003|NJHudson St10003+NJYork St+10003'
-74.0342,40.7491,2,5,'NJAdams St10003'
-74.0342,40.8388,0,1,'NJMcCabe Ct10003'
-74.0342,40.7360,3,60,'NJObserver Hwy10003+NJPark Ave+10003|NJPark Ave10003|NJPark Ave10003+NJCo Rd 681+10003'
-74.0342,40.6375,0,17,'NYNarrows Ave10003+NY70th St+10003'
-74.0342,40.7691,4,3,'NJ25th St10003+NJCentral Ave+10003'
-74.0341,40.6159,0,8,'NY97th St10003|NY97th St10003+NY3rd Ave+10003'
-74.0341,40.9218,0,1,'NJKinderkamack Rd10003+NJWayne Ave+10003|NJWayne Ave10003'
-74.0341,40.7321,19,50,'NJWashington Blvd10003|NJWashington Blvd10003+NJ18th St+10003|NJ18th St10003'
-74.0341,40.6123,3,85,'NY101st St10003|NY101st St10003+NY4th Ave+10003'
-74.0341,40.7393,5,192,'NJ2nd St10003+NJWillow Ter+10003|NJWillow Ter10003'
-74.0340,40.6234,0,89,'NYRidge Blvd10003+NY87th St+10003'
-74.0340,40.6306,1,61,'NYColonial Rd10003+NY78th St+10003'
-74.0340,40.7559,2,0,'NJ15th St10003+NJMadison St+10003'
-74.0340,40.7165,3,38,'NJCo Rd 62410003+NJHudson St+10003|NJHudson St10003+NJExchange Pl+10003|NJHudson St10003+NJMontgomery St+10003|NJExchange Pl10003|NJExchange Pl10003+NJMontgomery St+10003|NJMontgomery St10003'
-74.0340,40.8529,0,1,'NJBergen Tpke10003+NJUS Rte 46+10003|NJBergen Tpke10003+NJWinant Ave+10003|NJWinant Ave10002'
-74.0340,40.7873,1,1,'NJDell Ave10003|NJDell Ave10003+NJ49th St+10003'
-74.0339,40.7563,3,4,'NJMadison St10003'
-74.0339,40.6413,4,4,'NYShore Pkwy10002|NYShore Pkwy10002+NYShore Pkwy+10002|NYShore Pkwy10002+NYBelt Pkwy+10002|NYBelt Pkwy10002|NYBelt Pkwy10002+NYBelt Pkwy+10002'
-74.0339,40.6165,1,39,'NY3rd Ave10003+NY96th St+10003|NY96th St10003'
-74.0339,40.6382,3,63,'NYNarrows Ave10003+NY69th St+10003|NYNarrows Ave10003+NYBay Ridge Ave+10003'
-74.0339,40.6166,0,17,'NY96th St10003|NY96th St10003+NY3rd Ave+10003'
-74.0338,40.7744,0,1,'NJState Rte 50110002+NJSip St+10002|NJSip St10003|NJSip St10003+NJKennedy Blvd+10003|NJSip St10003+NJJohn F Kennedy Blvd+10003'
-74.0338,40.7771,1,1,'NJBergen Ct10003|NJBergen Ct10003+NJMeadow Ln+10003|NJMeadow Ln10003|NJMeadow Ln10003+NJLincoln Ter+10003|NJLincoln Ter10003'
-74.0338,40.7533,1,9,'NJ13th St10003+NJJefferson St+10003'
-74.0338,40.7502,0,6,'NJAdams St10003'
-74.0337,40.7126,0,7,'NJEssex St10003'
-74.0337,40.6241,0,46,'NYRidge Blvd10003+NY86th St+10003'
-74.0337,40.6313,0,40,'NYColonial Rd10003+NY77th St+10003'
-74.0337,40.7656,0,1,'NJBergenline Pl10003+NJ21st St+10003|NJ21st St10003+NJBergenline Ave+10003'
-74.0337,40.7729,1,1,'NJJeannette St10003|NJJeannette St10003+NJ30th St+10003'
-74.0337,40.7606,1,4,'NJ15th St10003|NJ15th St10003+NJPalisade Ave+10003'
-74.0336,40.6128,3,41,'NY100th St10003+NY4th Ave+10003'
-74.0336,40.7856,0,1,'NJNolan Ave10003|NJNolan Ave10003+NJ47th St+10003|NJAschoff Pl10003|NJAschoff Pl10003+NJ47th St+10003'
-74.0336,40.6172,4,23,'NY95th St10003|NY95th St10003+NY3rd Ave+10003'
-74.0336,40.7507,1,40,'NJAdams St10003+NJ11th St+10003'
-74.0336,40.6173,0,18,'NY95th St10003|NY95th St10003+NY3rd Ave+10003'
-74.0335,40.6391,0,14,'NYNarrows Ave10003|NYNarrows Ave10003+NY68th St+10003'
-74.0335,40.7448,6,136,'NJWillow Ct S10003|NJWillow Ct S10003+NJClinton St+10003|NJWillow Ct S10003+NJWillow Ter S+10003|NJClinton St10003+NJWillow Ter S+10003|NJWillow Ter S10003'
-74.0334,40.6320,0,12,'NYColonial Rd10003+NY76th St+10003'
-74.0334,40.7545,0,4,'NJ14th St10003+NJJefferson St+10003|NJJefferson St10003+NJCo Rd 670+10003'
-74.0334,40.7637,0,1,'NJ19th St10003+NJNew York Ave+10003'
-74.0334,40.6250,0,24,'NY85th St10003+NYRidge Blvd+10003'
-74.0334,40.6149,0,20,'NYBarwell Ter10003'
-74.0334,40.7419,9,180,'NJ4th St10003+NJWillow Ave+10003|NJ4th St10003+NJWillow St+10003|NJWillow Ave10003|NJWillow Ave10003+NJWillow St+10003|NJWillow Ave10003+NJWillow Ave+10003|NJWillow St10003'
-74.0333,40.7482,1,32,'NJ9th St10003+NJGrand St+10003|NJGrand St10003'
-74.0333,40.7451,2,18,'NJWillow Ct N10003|NJWillow Ct N10003+NJClinton St+10003'
-74.0333,40.7612,0,1,'NJPalisade Ave10003|NJPalisade Ave10003+NJ16th St+10003|NJ16th St10003'
-74.0333,40.6179,2,65,'NY3rd Ave10003+NY94th St+10003'
-74.0333,40.7148,0,1,'NJGrand St10003'
-74.0333,40.9060,0,2,'NJHackensack Ave10003+NJState Rte 4+10003'
-74.0333,40.9108,0,1,'NJCommerce Way10003'
-74.0333,40.7359,3,37,'NJObserver Hwy10003+NJGarden St+10003|NJObserver Hwy10003+NJCo Rd 673+10003|NJGarden St10003|NJGarden St10003+NJCo Rd 681+10003|NJCo Rd 68110003+NJCo Rd 673+10003|NJCo Rd 67310003'
-74.0333,40.7613,3,1,'NJPalisade Ave10003|NJPalisade Ave10003+NJ16th St+10003|NJPalisade Ave10003+NJCo Rd 683+10003|NJ16th St10003|NJ16th St10003+NJCo Rd 683+10003|NJCo Rd 68310003'
-74.0333,40.7519,4,8,'NJAdams St10003+NJ12th St+10003|NJ12th St10003'
-74.0332,40.7833,0,1,'NJ44th St10003'
-74.0332,40.6093,0,1,'NYSheridan Loop10003'
-74.0332,40.6134,1,28,'NY4th Ave10003+NY99th St+10003'
-74.0332,40.7289,4,71,'NJ14th St10003|NJ14th St10003+NJHolland Tunl+10003|NJ14th St10003+NJI 78+10003'
-74.0332,40.7155,0,1,'NJYork St10003'
-74.0332,40.6327,0,90,'NYColonial Rd10003+NY75th St+10003|NYColonial Rd10003+NYBay Ridge Pkwy+10003'
-74.0332,40.7522,1,17,'NJAdams St10003+NJ12th St+10003|NJ12th St10003'
-74.0331,40.7291,5,79,'NJ14th St10003|NJ14th St10003+NJNewport Pkwy+10003|NJ14th St10003+NJ14th St+10003|NJ14th St10003+NJNorth Blvd+10003|NJNewport Pkwy10003+NJ14th St+10003|NJNewport Pkwy10003+NJNorth Blvd+10003|NJNorth Blvd10003'
-74.0331,40.6114,0,7,'NYJackson Ct10003|NYJackson Ct10003+NY101st St+10003'
-74.0331,40.6103,0,3,'NYFort Hamilton Pkwy10003|NYFort Hamilton Pkwy10003+NYGowanus Expy+10003|NYFort Hamilton Pkwy10003+NYI 278+10003'
-74.0331,40.6256,0,47,'NYRidge Blvd10003+NY84th St+10003'
-74.0331,40.7557,0,1,'NJJefferson St10003+NJ15th St+10003'
-74.0331,40.6153,0,29,'NY97th St10003+NYBarwell Ter+10003|NYBarwell Ter10003'
-74.0331,40.7428,4,55,'NJ5th St10003+NJWillow Ave+10003|NJ5th St10003+NJWillow St+10003|NJWillow Ave10003|NJWillow Ave10003+NJWillow St+10003|NJWillow Ave10003+NJWillow Ave+10003|NJWillow St10003'
-74.0331,40.7214,4,68,'NJ2nd St10003+NJHudson St+10003|NJHudson St10003'
-74.0331,40.7751,1,0,'NJKennedy Blvd10002|NJKennedy Blvd10002+NJState Rte 501+10002|NJKennedy Blvd10002+NJKennedy Blvd+10002|NJKennedy Blvd10002+NJJohn F Kennedy Blvd+10002|NJState Rte 50110002|NJState Rte 50110002+NJJohn F Kennedy Blvd+10002|NJState Rte 50110002+NJState Rte 501+10002|NJJohn F Kennedy Blvd10002|NJJohn F Kennedy Blvd10002+NJJohn F Kennedy Blvd+10002|NJJohn F Kennedy Blvd10002+NJState Rte 501+10002|NJJohn F Kennedy Blvd10002+NJKennedy Blvd+10002|NJState Rte 50110002+NJKennedy Blvd+10002'
-74.0330,40.6186,4,23,'NY3rd Ave10003+NY93rd St+10003|NY93rd St10003'
-74.0330,40.7495,1,3,'NJ10th St10003|NJ10th St10003+NJGrand St+10003|NJGrand St10003'
-74.0330,40.8710,0,1,'NJCross St10003'
-74.0330,40.8917,0,1,'NJCedar Ln10003+NJPomander Walk+10003|NJPomander Walk10003'
-74.0330,40.7740,0,1,'NJSip St10003+NJHenry St+10003|NJHenry St10003'
-74.0330,40.8787,0,1,'NJRiver Rd10003+NJW Main St+10003'
-74.0330,40.9081,0,2,'NJRiverside Sq10003'
-74.0330,40.6188,1,49,'NY93rd St10003|NY93rd St10003+NY3rd Ave+10003'
-74.0329,40.7265,1,17,'NJPavonia Ave10003|NJPavonia Ave10003+NJPavonia Ave+10003|NJPavonia Ave10003+NJRiver Ct+10003|NJPavonia Ave10003+NJRiver Dr S+10003|NJRiver Ct10003|NJRiver Dr S10003'
-74.0329,40.7732,0,1,'NJSummit Ave10003+NJ31st St+10003|NJCo Rd 61710003+NJ31st St+10003'
-74.0329,40.7303,2,23,'NJShore Ln10003|NJShore Ln10003+NJ14th St+10003|NJShore Ln10003+NJNorth Blvd+10003'
-74.0329,40.6334,0,20,'NYColonial Rd10003+NY74th St+10003'
-74.0329,40.7619,1,0,'NJ17th St10003|NJ17th St10003+NJPalisade Ave+10003'
-74.0329,40.7372,5,80,'NJGarden St10003+NJNewark St+10003|NJCo Rd 67310003+NJNewark St+10003'
-74.0329,40.7169,6,97,'NJChristopher Columbus Dr10003'
-74.0328,40.7306,0,8,'NJ14th St10003|NJ14th St10003+NJ14th St+10003|NJ14th St10003+NJNorth Blvd+10003|NJNorth Blvd10003'
-74.0328,40.7307,1,18,'NJ14th St10003|NJ14th St10003+NJ14th St+10003'
-74.0328,40.7404,9,102,'NJPark Ave10003+NJ3rd St+10003'
-74.0328,40.7162,0,5,'NJExchange Pl10003'
-74.0328,40.6193,1,58,'NY92nd St10003|NY92nd St10003+NY3rd Ave+10003'
-74.0327,40.6077,2,1,'NYSheridan Loop10003'
-74.0327,40.6120,0,3,'NYJackson Ct10003'
-74.0327,40.7505,1,11,'NJGrand St10003|NJGrand St10003+NJ11th St+10003|NJ11th St10003'
-74.0327,40.7377,4,43,'NJGarden St10003+NJ1st St+10003'
-74.0326,40.6196,1,97,'NY92nd St10003|NY92nd St10003+NY3rd Ave+10003'
-74.0326,40.6140,4,106,'NYMarine Ave10003+NY4th Ave+10003'
-74.0326,40.7508,2,42,'NJGrand St10003|NJGrand St10003+NJ11th St+10003|NJ11th St10003'
-74.0326,40.7623,1,0,'NJ18th St10003|NJ18th St10003+NJPalisade Ave+10003'
-74.0326,40.6341,0,29,'NYColonial Rd10003+NY73rd St+10003'
-74.0326,40.7746,0,1,'NJHenry St10003'
-74.0326,40.6112,0,12,'NYGeneral Lee Ave10003|NYGeneral Lee Ave10003+NYFort Hamilton Pkwy+10003|NYGeneral Lee Ave10003+NY101st St+10003|NYLee Ave10003|NYLee Ave10003+NYFort Hamilton Pkwy+10003|NYLee Ave10003+NY101st St+10003|NYFort Hamilton Pkwy10003+NY101st St+10003|NY101st St10003'
-74.0326,40.6270,0,73,'NYRidge Blvd10003+NY82nd St+10003'
-74.0325,40.7676,0,1,'NJBergenline Pl10003+NJ24th St+10003|NJ24th St10003+NJBergenline Ave+10003'
-74.0325,40.7446,4,39,'NJWillow Ct S10003|NJWillow Ct S10003+NJWillow Ave+10003|NJWillow Ct S10003+NJCo Rd 675+10003|NJWillow Ct S10003+NJWillow Ter S+10003|NJWillow Ave10003+NJWillow Ter S+10003|NJCo Rd 67510003+NJWillow Ter S+10003|NJWillow Ter S10003'
-74.0325,40.6362,0,23,'NYLouise Ter10003|NYLouise Ter10003+NYMackay Pl+10003'
-74.0325,40.6200,1,10,'NY91st St10003|NY91st St10003+NY3rd Ave+10003'
-74.0325,40.7737,1,0,'NJSummit Ave10003+NJSip St+10003|NJSip St10003+NJCo Rd 617+10003'
-74.0325,40.7625,1,0,'NJ18th St10003|NJ18th St10003+NJPalisade Ave+10003'
-74.0324,40.7417,1,18,'NJ4th St10003+NJPark Ave+10003|NJPark Ave10003'
-74.0324,40.7609,1,6,'NJManhattan Ave10003+NJMountain Rd+10003|NJManhattan Ave10003+NJ16th St+10003|NJMountain Rd10003|NJMountain Rd10003+NJCo Rd 687+10003|NJMountain Rd10003+NJHudson Ave+10003|NJMountain Rd10003+NJ16th St+10003|NJCo Rd 68710003|NJCo Rd 68710003+NJ16th St+10003|NJHudson Ave10003+NJ16th St+10003|NJ16th St10003|NJ16th St10003+NJCo Rd 683+10003'
-74.0324,40.8406,4,4,'NJGates Rd10003'
-74.0324,40.7450,1,6,'NJWillow Ct N10003|NJWillow Ct N10003+NJWillow Ave+10003|NJWillow Ct N10003+NJCo Rd 675+10003'
-74.0324,40.7765,1,2,'NJ36th St10003|NJ36th St10003+NJCo Rd 691+10003|NJ36th St10003+NJBergen Tpke+10003|NJ36th St10003+NJ32nd St+10003|NJBergen Tpke10003|NJBergen Tpke10003+NJBergen Tpke+10003|NJBergen Tpke10003+NJ32nd St+10003|NJ32nd St10003'
-74.0323,40.8575,0,1,'NJWaterside Dr10003'
-74.0323,40.6204,0,18,'NY91st St10003|NY91st St10003+NY3rd Ave+10003'
-74.0323,40.8549,0,1,'NJValley Rd10003+NJWaterside Dr+10003|NJWaterside Dr10003'
-74.0323,40.6348,0,74,'NYColonial Rd10003+NY72nd St+10003'
-74.0323,40.6174,1,18,'NYHamilton Walk10003|NYHamilton Walk10003+NY94th St+10003'
-74.0323,40.7390,2,47,'NJ2nd St10003+NJGarden St+10003'
-74.0323,40.7454,10,113,'NJWillow Ave10003+NJ7th St+10003'
-74.0323,40.7357,2,28,'NJBloomfield St10003|NJBloomfield St10003+NJObserver Hwy+10003|NJBloomfield St10003+NJCo Rd 681+10003'
-74.0322,40.7262,10,137,'NJPavonia Ave10003'
-74.0322,40.7296,1,10,'NJRiver Dr S10003'
-74.0322,40.7591,0,1,'NJ18th St10003|NJ18th St10003+NJW 19th St+10003|NJW 19th St10003'
-74.0322,40.9688,0,1,'NJEast Dr10003|NJEast Dr10003+NJGolf Pl+10003|NJGolf Pl10003'
-74.0322,40.7714,0,2,'NJ29th St10003+NJCentral Ave+10003'
-74.0322,40.7521,5,52,'NJ12th St10003+NJGrand St+10003'
-74.0322,40.6207,0,14,'NY90th St10003|NY90th St10003+NY3rd Ave+10003'
-74.0322,40.8698,1,0,'NJRiver Rd10003+NJElm Ave+10003|NJElm Ave10003'
-74.0322,40.7556,2,13,'NJAdams St10003|NJAdams St10003+NJ15th St+10003'
-74.0322,40.7630,0,1,'NJCo Rd 68710003|NJCo Rd 68710003+NJ19th St+10003|NJCo Rd 68710003+NJPalisade Ave+10003|NJ19th St10003|NJ19th St10003+NJPalisade Ave+10003'
-74.0321,40.6369,0,3,'NYLouise Ter10003|NYLouise Ter10003+NY70th St+10003'
-74.0321,40.7302,1,53,'NJRiver Dr S10003+NJShore Ln+10003|NJShore Ln10003'
-74.0321,40.8465,1,1,'NJRiverside Ave10003'
-74.0321,40.7427,2,40,'NJ5th St10003+NJPark Ave+10003|NJPark Ave10003'
-74.0321,40.6376,0,15,'NY69th St10003+NYBliss Ter+10003|NYBliss Ter10003|NYBliss Ter10003+NYBay Ridge Ave+10003'
-74.0321,40.7296,2,38,'NJRiver Dr S10003'
-74.0321,40.7306,2,36,'NJRiver Dr S10003|NJRiver Dr S10003+NJ14th St+10003|NJ14th St10003'
-74.0320,40.6210,0,27,'NY90th St10003|NY90th St10003+NY3rd Ave+10003'
-74.0320,40.6355,0,44,'NYColonial Rd10003+NY71st St+10003'
-74.0320,40.7494,0,33,'NJ10th St10003+NJClinton St+10003'
-74.0320,40.6147,1,30,'NY97th St10003|NY97th St10003+NY4th Ave+10003'
-74.0320,40.6178,0,34,'NYHamilton Walk10003'
-74.0319,40.6148,0,69,'NY97th St10003|NY97th St10003+NY4th Ave+10003'
-74.0319,40.6108,0,2,'NYGeneral Lee Ave10003+NYGowanus Expy+10003|NYGeneral Lee Ave10003+NYI 278+10003|NYLee Ave10003+NYGowanus Expy+10003|NYLee Ave10003+NYI 278+10003'
-74.0319,40.6214,2,47,'NY89th St10003+NY3rd Ave+10003'
-74.0319,40.7370,2,17,'NJBloomfield St10003+NJNewark St+10003'
-74.0319,40.6172,0,26,'NYLafayette Walk10003|NYLafayette Walk10003+NY94th St+10003'
-74.0319,40.6120,0,5,'NY100th St10003|NY100th St10003+NYFort Hamilton Pkwy+10003'
-74.0318,40.7288,4,148,'NJNewport Pkwy10003'
-74.0318,40.6360,2,17,'NYColonial Rd10003+NYMackay Pl+10003|NYMackay Pl10003'
-74.0318,40.7843,0,1,'NJ46th St10003+NJLiberty Ave+10003'
-74.0317,40.7376,3,38,'NJBloomfield St10003+NJ1st St+10003'
-74.0317,40.7619,2,1,'NJManhattan Ave10003+NJ18th St+10003|NJ18th St10003+NJHudson Ave+10003'
-74.0316,40.7506,4,39,'NJClinton St10003+NJ11th St+10003'
-74.0316,40.6220,1,68,'NY88th St10003+NY3rd Ave+10003'
-74.0316,40.7665,1,3,'NJ23rd St10003+NJNew York Ave+10003'
-74.0316,40.6385,0,23,'NYBliss Ter10003|NYBliss Ter10003+NY68th St+10003'
-74.0316,40.7212,7,81,'NJ2nd St10003'
-74.0316,40.6176,0,3,'NYLafayette Walk10003'
-74.0316,40.7722,0,1,'NJCentral Ave10003+NJI 495+10003'
-74.0316,40.9542,0,1,'NJOradell Ave10003'
-74.0315,40.6367,0,19,'NYColonial Rd10003+NY70th St+10003'
-74.0315,40.6153,0,42,'NY4th Ave10003+NY96th St+10003|NY96th St10003'
-74.0315,40.7723,2,0,'NJI 49510001+NJCentral Ave+10001'
-74.0315,40.7356,3,19,'NJObserver Hwy10003+NJWashington St+10003|NJWashington St10003|NJWashington St10003+NJCo Rd 681+10003'
-74.0314,40.8856,0,1,'NJRiver Rd10003+NJTerhune St+10003|NJTerhune St10003'
-74.0314,40.6125,0,12,'NYFort Hamilton Pkwy10003+NY99th St+10003|NY99th St10003'
-74.0314,40.6227,5,68,'NY87th St10003+NY3rd Ave+10003'
-74.0314,40.7452,8,44,'NJPark Ave10003+NJ7th St+10003'
-74.0313,40.7389,4,41,'NJBloomfield St10003+NJ2nd St+10003'
-74.0313,40.6104,0,3,'NYSterling Dr10003|NYSterling Dr10003+NYGeneral Lee Ave+10003|NYSterling Dr10003+NYLee Ave+10003'
-74.0313,40.6374,3,49,'NYColonial Rd10003+NY69th St+10003|NYColonial Rd10003+NYBay Ridge Ave+10003'
-74.0313,40.6417,0,4,'NYShore Pkwy10002|NYShore Pkwy10002+NYShore Pkwy+10002|NYShore Pkwy10002+NYBelt Pkwy+10002|NYBelt Pkwy10002|NYBelt Pkwy10002+NYBelt Pkwy+10002'
-74.0313,40.8803,0,1,'NJOrchard Ter10003|NJOrchard Ter10003+NJSouth St+10003'
-74.0313,40.7519,3,14,'NJ12th St10003+NJClinton St+10003'
-74.0312,40.6157,4,21,'NY5th Ave10003|NY5th Ave10003+NY95th St+10003|NY5th Ave10003+NY4th Ave+10003|NY95th St10003|NY95th St10003+NY4th Ave+10003'
-74.0312,40.7745,1,1,'NJSummit Ave10003|NJSummit Ave10003+NJCo Rd 691+10003|NJSummit Ave10003+NJ32nd St+10003|NJSummit Ave10003+NJHackensack Plank Rd+10003|NJCo Rd 69110003+NJCo Rd 617+10003|NJCo Rd 61710003|NJCo Rd 61710003+NJ32nd St+10003|NJCo Rd 61710003+NJHackensack Plank Rd+10003'
-74.0312,40.7626,0,2,'NJManhattan Ave10003|NJManhattan Ave10003+NJ19th St+10003|NJCo Rd 68710003+NJ19th St+10003|NJHudson Ave10003|NJHudson Ave10003+NJ19th St+10003'
-74.0311,40.7492,18,207,'NJ10th St10003+NJWillow Ave+10003|NJ10th St10003+NJCo Rd 675+10003'
-74.0311,40.6353,1,73,'NYRidgecrest Ter10003|NYRidgecrest Ter10003+NY71st St+10003'
-74.0311,40.4060,0,1,'NJNavesink Ave10003+NJWesley Ave+10003'
-74.0311,40.9564,0,1,'NJSaw Mill Ln10003'
-74.0311,40.7369,7,38,'NJWashington St10003+NJNewark St+10003'
-74.0311,40.6160,4,34,'NY95th St10003|NY95th St10003+NY4th Ave+10003'
-74.0311,40.6235,11,128,'NY3rd Ave10003+NY86th St+10003'
-74.0310,40.7647,1,0,'NJ21st St10003|NJ21st St10003+NJPalisade Ave+10003'
-74.0310,40.7878,3,3,'NJTonnele Ave10002+NJ51st St+10002|NJUS Hwy 910002+NJ51st St+10002|NJ51st St10003|NJ51st St10003+NJUS Hwy 1+10003'
-74.0310,40.7528,3,76,'NJ13th St10003+NJClinton St+10003'
-74.0309,40.7401,3,50,'NJBloomfield St10003+NJ3rd St+10003'
-74.0309,40.7374,2,31,'NJWashington St10003+NJ1st St+10003'
-74.0309,40.6383,2,28,'NYColonial Rd10003+NY68th St+10003'
-74.0309,40.6131,0,25,'NYFort Hamilton Pkwy10003+NYMarine Ave+10003|NYMarine Ave10003'
-74.0309,40.7677,2,2,'NJ25th St10003+NJNew York Ave+10003'
-74.0308,40.6167,1,60,'NY4th Ave10003+NY94th St+10003'
-74.0308,40.7355,2,8,'NJObserver Hwy10003+NJCourt St+10003|NJCo Rd 68110003+NJCourt St+10003|NJCourt St10003'
-74.0308,40.7609,0,9,'NJCliff St10003'
-74.0308,40.6314,1,94,'NYRidge Blvd10003+NY76th St+10003'
-74.0308,40.7505,10,89,'NJ11th St10003+NJWillow Ave+10003|NJ11th St10003+NJCo Rd 675+10003'
-74.0307,40.7271,11,163,'NJRiver Ct10003'
-74.0307,40.8783,0,1,'NJLarch Ave10003+NJW Main St+10003'
-74.0307,40.6243,3,129,'NY85th St10003+NY3rd Ave+10003'
-74.0307,40.6364,0,4,'NYRidgecrest Ter10003|NYRidgecrest Ter10003+NY70th St+10003'
-74.0306,40.7653,0,4,'NJ22nd St10003|NJ22nd St10003+NJPalisade Ave+10003'
-74.0306,40.6390,0,26,'NYColonial Rd10003+NYSenator St+10003|NYSenator St10003'
-74.0305,40.7414,0,48,'NJ4th St10003+NJBloomfield St+10003'
-74.0305,40.6099,0,2,'NYGeneral Lee Ave10003+NYSchum Ave+10003|NYLee Ave10003+NYSchum Ave+10003|NYSchum Ave10003'
-74.0305,40.7387,2,63,'NJ2nd St10003+NJWashington St+10003'
-74.0305,40.6165,2,17,'NY5th Ave10003+NY94th St+10003'
-74.0305,40.6176,6,54,'NY93rd St10003|NY93rd St10003+NY4th Ave+10003'
-74.0305,40.6321,3,228,'NYRidge Blvd10003+NY75th St+10003|NYRidge Blvd10003+NYBay Ridge Pkwy+10003'
-74.0305,40.9693,0,4,'NJHemlock Dr10003|NJHemlock Dr10003+NJPark Pl+10003|NJPark Pl10003'
-74.0305,40.6375,0,50,'NYBay Cliff Ter10003'
-74.0305,40.6060,0,1,'NYSterling Dr10003|NYSterling Dr10003+NYGrimes Rd+10003|NYGrimes Rd10003'
-74.0304,40.7614,0,1,'NJ18th St10003+NJCliff St+10003'
-74.0304,40.6250,2,32,'NY3rd Ave10003+NY84th St+10003'
-74.0304,40.7450,5,61,'NJGarden St10003+NJ7th St+10003'
-74.0304,40.6087,0,1,'NYWhite Ave10003'
-74.0304,40.7354,1,9,'NJObserver Hwy10003|NJObserver Hwy10003+NJCo Rd 679+10003|NJObserver Hwy10003+NJHudson St+10003|NJCo Rd 67910003|NJCo Rd 67910003+NJCo Rd 681+10003|NJCo Rd 68110003|NJCo Rd 68110003+NJHudson St+10003|NJHudson St10003'
-74.0304,40.7517,17,60,'NJ12th St10003+NJCo Rd 675+10003'
-74.0303,40.7587,0,2,'NJ18th St10003+NJGrand St+10003|NJGrand St10003'
-74.0303,40.6396,2,28,'NY67th St10003|NY67th St10003+NYColonial Rd+10003'
-74.0303,40.6351,0,30,'NYPerry Ter10003|NYPerry Ter10003+NY71st St+10003'
-74.0303,40.7755,0,1,'NJ36th St10003+NJJohn F Kennedy Blvd+10003|NJ36th St10003+NJState Rte 501+10003'
-74.0303,40.7594,0,2,'NJChestnut St10003|NJChestnut St10003+NJGrand St+10003'
-74.0302,40.7552,0,9,'NJClinton St10003+NJ15th St+10003'
-74.0302,40.7689,2,2,'NJ27th St10003|NJ27th St10003+NJNew York Ave+10003|NJNew York Ave10003+NJCo Rd 672+10003'
-74.0302,40.6201,0,56,'NYForest Pl10003|NYForest Pl10003+NY90th St+10003'
-74.0302,40.7599,0,1,'NJGrand St10003'
-74.0302,40.7360,2,24,'NJCo Rd 67910003+NJCo Rd 736+10003|NJCo Rd 67910003+NJHudson Pl+10003|NJCo Rd 73610003|NJCo Rd 73610003+NJHudson Pl+10003|NJCo Rd 73610003+NJHudson St+10003|NJHudson Pl10003|NJHudson Pl10003+NJHudson St+10003'
-74.0302,40.9080,0,1,'NJRiverside Sq10003'
-74.0302,40.6183,4,142,'NY92nd St10003+NY4th Ave+10003'
-74.0302,40.6139,1,68,'NYFort Hamilton Pkwy10003+NY97th St+10003|NY97th St10003'
-74.0302,40.6381,1,32,'NYBay Cliff Ter10003|NYBay Cliff Ter10003+NY68th St+10003'
-74.0302,40.6257,3,31,'NY83rd St10003+NY3rd Ave+10003'
-74.0301,40.7400,7,62,'NJ3rd St10003+NJWashington St+10003'
-74.0301,40.7690,0,2,'NJ27th St10003|NJ27th St10003+NJNew York Ave+10003|NJ27th St10003+NJCo Rd 672+10003|NJNew York Ave10003+NJCo Rd 672+10003'
-74.0301,40.6061,0,1,'NYSterling Dr10003|NYSterling Dr10003+NYGrimes Rd+10003'
-74.0301,40.7844,0,1,'NJGrand Ave10003+NJ47th St+10003|NJ47th St10003'
-74.0301,40.6155,0,30,'NYWogan Ter10003'
-74.0301,40.7526,1,19,'NJ13th St10003|NJ13th St10003+NJWillow Ave+10003|NJ13th St10003+NJCo Rd 675+10003'
-74.0300,40.7367,2,9,'NJCo Rd 67910003+NJNewark St+10003|NJNewark St10003+NJHudson St+10003'
-74.0300,40.6071,0,2,'NYMarshall Dr10003+NYStonewall Jackson Dr+10003|NYStonewall Jackson Dr10003'
-74.0300,40.7620,1,12,'NJ19th St10003+NJCliff St+10003|NJCliff St10003'
-74.0300,40.7530,15,53,'NJ13th St10003|NJ13th St10003+NJWillow Ave+10003|NJ13th St10003+NJCo Rd 675+10003'
-74.0299,40.6335,0,218,'NYRidge Blvd10003+NY73rd St+10003'
-74.0299,40.7759,0,3,'NJ37th St10003+NJJohn F Kennedy Blvd+10003|NJ37th St10003+NJState Rte 501+10003'
-74.0299,40.6264,2,43,'NY82nd St10003+NY3rd Ave+10003'
-74.0299,40.6094,0,3,'NYWhite Ave10003+NYGeneral Lee Ave+10003|NYWhite Ave10003+NYLee Ave+10003'
-74.0299,40.7666,0,2,'NJ24th St10003|NJ24th St10003+NJShippen St+10003|NJ24th St10003+NJPalisade Ave+10003|NJShippen St10003|NJShippen St10003+NJPalisade Ave+10003'
-74.0298,40.6192,1,18,'NY4th Ave10003+NY91st St+10003'
-74.0298,40.6361,0,24,'NYPerry Ter10003|NYPerry Ter10003+NY70th St+10003'
-74.0298,40.9693,0,1,'NJPark Pl10003'
-74.0298,40.7372,0,10,'NJCo Rd 67910003+NJ1st St+10003|NJ1st St10003+NJHudson St+10003'
-74.0297,40.7412,1,35,'NJ4th St10003+NJWashington St+10003'
-74.0297,40.7714,3,3,'NJBergenline Pl10003+NJI 495+10003|NJI 49510001+NJBergenline Ave+10001'
-74.0297,40.7893,1,0,'NJTonnele Ave10002+NJ54th St+10002|NJUS Hwy 910002+NJ54th St+10002|NJ54th St10003|NJ54th St10003+NJUS Hwy 1+10003'
-74.0297,40.7696,0,1,'NJNew York Ave10003+NJ28th St+10003|NJ28th St10003'
-74.0296,40.6414,0,1,'NYShore Pkwy10003|NYShore Pkwy10003+NYShore Pkwy+10003|NYShore Pkwy10003+NYLeif Ericson Dr+10003|NYShore Pkwy10003+NYBelt Pkwy+10003|NYShore Pkwy10002'
-74.0296,40.6161,0,23,'NYGelston Ave10003|NYGelston Ave10003+NYWogan Ter+10003|NYGelston Ave10003+NY94th St+10003|NYWogan Ter10003|NYWogan Ter10003+NY94th St+10003'
-74.0296,40.6271,6,103,'NY81st St10003+NY3rd Ave+10003'
-74.0296,40.6198,0,18,'NY90th St10003+NY4th Ave+10003'
-74.0295,40.8674,1,0,'NJNorth Ave10003|NJNorth Ave10003+NJPalisade Ave+10003|NJNorth Ave10003+NJ2nd St+10003|NJPalisade Ave10003|NJPalisade Ave10003+NJ2nd St+10003|NJ2nd St10003'
-74.0295,40.7449,1,25,'NJBloomfield St10003+NJ7th St+10003'
-74.0295,40.7672,0,2,'NJ25th St10003|NJ25th St10003+NJDodd St+10003|NJ25th St10003+NJPalisade Ave+10003|NJDodd St10003|NJDodd St10003+NJPalisade Ave+10003'
-74.0294,40.7422,9,67,'NJ5th St10003+NJWashington St+10003'
-74.0294,40.6394,0,33,'NYSedgwick Pl10003|NYSedgwick Pl10003+NY67th St+10003'
-74.0294,40.7765,0,3,'NJ38th St10003+NJJohn F Kennedy Blvd+10003|NJ38th St10003+NJState Rte 501+10003'
-74.0294,40.6148,1,52,'NYFort Hamilton Pkwy10003+NY95th St+10003|NY95th St10003'
-74.0294,40.7385,3,19,'NJCo Rd 67910003+NJ2nd St+10003|NJ2nd St10003+NJHudson St+10003'
-74.0294,40.6348,5,195,'NYRidge Blvd10003+NY71st St+10003'
-74.0293,40.8780,0,1,'NJElm Ave10003+NJW Main St+10003'
-74.0293,40.6205,1,2,'NY89th St10003|NY89th St10003+NYForest Pl+10003|NY89th St10003+NY4th Ave+10003|NYForest Pl10003|NYForest Pl10003+NY4th Ave+10003'
-74.0293,40.6179,2,49,'NY92nd St10003+NY5th Ave+10003'
-74.0293,40.7372,0,2,'NJFirehouse Plz10003|NJFirehouse Plz10003+NJ1st St+10003'
-74.0293,40.7551,11,32,'NJWillow Ave10003+NJCo Rd 732+10003|NJCo Rd 73210003|NJCo Rd 73210003+NJCo Rd 675+10003|NJCo Rd 73210003+NJ15th St+10003|NJCo Rd 67510003+NJ15th St+10003'
-74.0293,40.9275,0,1,'NJDilworth Rd10003|NJDilworth Rd10003+NJColumbia St+10003|NJColumbia St10003'
-74.0293,40.6278,1,72,'NY80th St10003+NY3rd Ave+10003'
-74.0293,40.7489,4,84,'NJ10th St10003+NJGarden St+10003|NJ10th St10003+NJCo Rd 673+10003'
-74.0292,40.7721,1,1,'NJCo Rd 69110003+NJBergenline Pl+10003|NJCo Rd 69110003+NJBergenline Ave+10003|NJBergenline Pl10003+NJHackensack Plank Rd+10003|NJBergenline Pl10003+NJ32nd St+10003|NJHackensack Plank Rd10003+NJBergenline Ave+10003|NJ32nd St10003+NJBergenline Ave+10003'
-74.0292,40.7358,2,27,'NJRiver St10003|NJRiver St10003+NJCo Rd 736+10003|NJRiver St10003+NJHudson Pl+10003|NJCo Rd 73610003|NJCo Rd 73610003+NJHudson Pl+10003'
-74.0292,40.6207,0,15,'NY89th St10003|NY89th St10003+NY4th Ave+10003'
-74.0291,40.6354,0,74,'NYRidge Blvd10003+NYOvington Ave+10003|NYOvington Ave10003'
-74.0291,40.7678,1,0,'NJ26th St10003|NJ26th St10003+NJJane St+10003|NJ26th St10003+NJPalisade Ave+10003|NJJane St10003|NJJane St10003+NJPalisade Ave+10003'
-74.0291,40.6408,0,6,'NYColonial Rd10003+NYWakeman Pl+10003|NYWakeman Pl10003|NYWakeman Pl10003+NYShore Rd+10003|NYShore Rd10003'
-74.0291,40.8046,1,1,'NJ71st St10003'
-74.0291,40.7528,16,49,'NJ13th St10003+NJPark Ave+10003'
-74.0291,40.7816,1,0,'NJNewkirk Ave10003|NJNewkirk Ave10003+NJ44th St+10003'
-74.0291,40.7435,4,74,'NJ6th St10003+NJWashington St+10003'
-74.0290,40.8128,3,1,'NJNew Jersey Tpke10001|NJNew Jersey Tpke10001+NJI 95+10001|NJNew Jersey Tpke10001+NJNew Jersey Tpke+10001|NJI 9510001|NJI 9510001+NJI 95+10001'
-74.0290,40.7365,0,11,'NJRiver St10003+NJNewark St+10003'
-74.0290,40.6212,1,10,'NY88th St10003|NY88th St10003+NY4th Ave+10003'
-74.0290,40.7398,5,56,'NJCo Rd 67910003+NJ3rd St+10003|NJ3rd St10003+NJHudson St+10003'
-74.0290,40.7647,0,1,'NJHighpoint Ave10003+NJHudson Ave+10003|NJHighpoint St10003+NJHudson Ave+10003|NJHudson Ave10003'
-74.0290,40.6286,6,108,'NY79th St10003+NY3rd Ave+10003'
-74.0290,40.6411,0,2,'NYShore Pkwy10003+NYColonial Rd+10003'
-74.0289,40.6359,1,84,'NYRidge Blvd10003+NY70th St+10003|NY70th St10003'
-74.0289,40.7384,1,22,'NJ2nd St10003+NJFirehouse Plz+10003|NJFirehouse Plz10003'
-74.0289,40.6214,2,9,'NY88th St10003|NY88th St10003+NY4th Ave+10003'
-74.0289,40.7770,0,1,'NJJohn F Kennedy Blvd10002+NJ39th St+10002|NJ39th St10003+NJState Rte 501+10003'
-74.0289,40.7847,1,1,'NJ48th St10003+NJCottage Ave+10003'
-74.0289,40.7563,6,9,'NJWillow Ave10003+NJCo Rd 733+10003|NJWillow Ave10003+NJ16th St+10003|NJCo Rd 67510003+NJCo Rd 733+10003|NJCo Rd 67510003+NJ16th St+10003|NJCo Rd 73310003|NJCo Rd 73310003+NJ16th St+10003'
-74.0289,40.7501,4,81,'NJGarden St10003+NJ11th St+10003|NJ11th St10003+NJCo Rd 673+10003'
-74.0289,40.9457,0,3,'NJHigh St10003'
-74.0289,40.7596,0,2,'NJSt Lawrence Street Pl10003|NJSt Lawrence Street Pl10003+NJHackensack Ave+10003|NJSt Lawrence Street Pl10003+NJHackensack Plank Rd+10003|NJHackensack Ave10003|NJHackensack Ave10003+NJHackensack Ave+10003|NJHackensack Ave10003+NJHackensack Plank Rd+10003|NJHackensack Plank Rd10003'
-74.0288,40.7371,1,15,'NJRiver St10003+NJ1st St+10003'
-74.0288,40.7823,3,3,'NJSmith St10003|NJSmith St10003+NJ45th St+10003|NJ45th St10003'
-74.0288,40.6074,0,1,'NYGrimes Rd10003+NYRoosevelt+10003|NYRoosevelt10003'
-74.0288,40.7710,1,0,'NJ31st St10003+NJNew York Ave+10003|NJNew York Ave10003'
-74.0287,40.7685,0,2,'NJAngelique St10003|NJAngelique St10003+NJ27th St+10003|NJAngelique St10003+NJPalisade Ave+10003|NJAngelique St10003+NJCo Rd 672+10003|NJ27th St10003|NJ27th St10003+NJPalisade Ave+10003|NJ27th St10003+NJCo Rd 672+10003|NJPalisade Ave10003+NJCo Rd 672+10003|NJCo Rd 67210003'
-74.0287,40.6408,0,1,'NYShore Road Dr10003'
-74.0287,40.6156,0,42,'NYFort Hamilton Pkwy10003+NY94th St+10003|NY94th St10003'
-74.0287,40.6186,0,15,'NY5th Ave10003+NY91st St+10003|NY91st St10003'
-74.0287,40.6220,1,18,'NY87th St10003|NY87th St10003+NY4th Ave+10003'
-74.0287,40.6293,4,65,'NY78th St10003+NY3rd Ave+10003'
-74.0287,40.7447,5,56,'NJPassaic Ave10003|NJPassaic Ave10003+NJWashington St+10003|NJWashington St10003+NJ7th St+10003'
-74.0287,40.7889,0,1,'NJ54th St10003'
-74.0287,40.7598,0,1,'NJHackensack Ave10003+NJW 19th St+10003|NJW 19th St10003'
-74.0287,40.7614,0,11,'NJMountain Rd10003+NJ19th St+10003|NJ19th St10003'
-74.0286,40.6221,1,33,'NY87th St10003|NY87th St10003+NY4th Ave+10003'
-74.0286,40.7869,3,4,'NJGrand Ave10003|NJGrand Ave10003+NJ51st St+10003'
-74.0286,40.7411,1,8,'NJ4th St10003+NJCo Rd 679+10003|NJ4th St10003+NJHudson St+10003'
-74.0286,40.7654,1,5,'NJOak St10003+NJHudson Ave+10003'
-74.0286,40.7729,0,1,'NJBergenline Pl10003+NJ34th St+10003|NJ34th St10003+NJBergenline Ave+10003'
-74.0285,40.6391,0,22,'NY67th St10003+NYBergen Pl+10003|NYBergen Pl10003'
-74.0285,40.7434,4,5,'NJ6th St10003+NJCourt St+10003'
-74.0285,40.7514,4,42,'NJGarden St10003+NJ12th St+10003|NJ12th St10003+NJCo Rd 673+10003'
-74.0285,40.6130,0,5,'NYGowanus Expy10002'
-74.0285,40.6084,0,1,'NYGeneral Lee Ave10003+NYGrimes Rd+10003|NYLee Ave10003+NYGrimes Rd+10003|NYGrimes Rd10003'
-74.0285,40.7576,0,2,'NJ17th St10003+NJWillow Ave+10003|NJ17th St10003+NJCo Rd 675+10003'
-74.0284,40.7549,10,21,'NJPark Ave10003+NJCo Rd 732+10003|NJCo Rd 73210003|NJCo Rd 73210003+NJ15th St+10003'
-74.0284,40.7775,0,1,'NJJohn F Kennedy Blvd10002|NJJohn F Kennedy Blvd10002+NJKennedy Blvd+10002|NJJohn F Kennedy Blvd10002+NJJohn F Kennedy Blvd+10002|NJJohn F Kennedy Blvd10002+NJ40th St+10002|NJKennedy Blvd10002|NJKennedy Blvd10002+NJ40th St+10002|NJ40th St10003|NJ40th St10003+NJState Rte 501+10003'
-74.0284,40.7578,1,2,'NJCo Rd 67510003'
-74.0284,40.6403,0,5,'NYSedgwick Pl10003|NYSedgwick Pl10003+NYWakeman Pl+10003'
-74.0284,40.6174,0,55,'NY92nd St10003+NYGelston Ave+10003'
-74.0284,40.7601,0,4,'NJHackensack Ave10003+NJ19th St+10003|NJ19th St10003'
-74.0284,40.6300,3,76,'NY3rd Ave10003+NY77th St+10003'
-74.0284,40.7420,0,15,'NJ5th St10003+NJCo Rd 679+10003|NJ5th St10003+NJHudson St+10003'
-74.0284,40.6228,50,218,'NY4th Ave10003+NY86th St+10003'
-74.0283,40.6353,0,17,'NYOvington Ave10003+NYBay Ridge Pl+10003|NYBay Ridge Pl10003'
-74.0283,40.7460,2,63,'NJ8th St10003+NJWashington St+10003'
-74.0283,40.8575,0,1,'NJRailroad Ave10003+NJPaulison Ave+10003|NJPaulison Ave10003'
-74.0283,40.6375,0,79,'NYRidge Blvd10003+NY68th St+10003'
-74.0282,40.7620,0,6,'NJMountain Rd10003|NJMountain Rd10003+NJ20th St+10003|NJMountain Rd10003+NJWashington St+10003|NJMountain Rd10003+NJGregory Ave+10003|NJ20th St10003|NJ20th St10003+NJGregory Ave+10003|NJWashington St10003|NJWashington St10003+NJGregory Ave+10003|NJGregory Ave10003'
-74.0282,40.6097,0,2,'NYHamilton Manor10003|NYHamilton Manor10003+NYPoly Pl+10003|NYHamilton Manor10003+NYFort Hamilton Manor+10003|NYPoly Pl10003|NYPoly Pl10003+NYFort Hamilton Manor+10003|NYFort Hamilton Manor10003'
-74.0282,40.8165,1,2,'NJI 9510001|NJI 9510001+NJNew Jersey Tpke+10001|NJI 9510001+NJI 95+10001|NJNew Jersey Tpke10001|NJNew Jersey Tpke10001+NJNew Jersey Tpke+10001|NJNew Jersey Tpke10001+NJI 95+10001'
-74.0282,40.6192,0,16,'NY5th Ave10003+NY90th St+10003'
-74.0282,40.7586,6,10,'NJ18th St10003+NJWillow Ave+10003'
-74.0281,40.7446,0,1,'NJPassaic Ave10003+NJCourt St+10003|NJ7th St10003+NJCourt St+10003|NJCourt St10003'
-74.0281,40.8795,1,0,'NJLinden Ave10003+NJSouth St+10003|NJSouth St10003'
-74.0281,40.6368,1,82,'NYMadeline Ct10003'
-74.0281,40.7526,1,21,'NJ13th St10003+NJGarden St+10003|NJ13th St10003+NJCo Rd 673+10003'
-74.0281,40.7694,0,2,'NJMaple St10003|NJMaple St10003+NJPalisade Ave+10003'
-74.0281,40.6308,6,74,'NY76th St10003+NY3rd Ave+10003'
-74.0281,40.6129,0,3,'NYWalke Ave10003|NYWalke Ave10003+NYSchum Ave+10003|NYSchum Ave10003'
-74.0281,40.7396,18,193,'NJRiver St10003+NJ3rd St+10003'
-74.0280,40.7561,6,8,'NJPark Ave10003+NJCo Rd 733+10003|NJPark Ave10003+NJ16th St+10003|NJCo Rd 73310003|NJCo Rd 73310003+NJ16th St+10003|NJ16th St10003'
-74.0280,40.6236,6,156,'NY85th St10003|NY85th St10003+NY4th Ave+10003'
-74.0280,40.6381,0,96,'NYRidge Blvd10003+NYSenator St+10003'
-74.0280,40.6237,2,30,'NY85th St10003|NY85th St10003+NY4th Ave+10003'
-74.0280,40.7705,2,0,'NJHackensack Plank Rd10003+NJI 495+10003|NJ32nd St10003+NJI 495+10003'
-74.0280,40.7433,2,19,'NJ6th St10003+NJCo Rd 679+10003|NJ6th St10003+NJHudson St+10003'
-74.0279,40.7626,1,5,'NJZerman Pl10003|NJZerman Pl10003+NJGregory Ave+10003'
-74.0279,40.7473,12,63,'NJ9th St10003+NJWashington St+10003'
-74.0279,40.6363,0,40,'NY69th St10003+NYBay Ridge Pl+10003|NYBay Ridge Ave10003+NYBay Ridge Pl+10003|NYBay Ridge Pl10003'
-74.0279,40.6373,0,2,'NYMadeline Ct10003|NYMadeline Ct10003+NY68th St+10003'
-74.0279,40.7362,1,1,'NJSinatra Dr10003|NJSinatra Dr10003+NJNewark St+10003|NJNewark St10003'
-74.0279,40.7697,0,1,'NJ29th St10003|NJ29th St10003+NJPalisade Ave+10003'
-74.0279,40.7780,0,1,'NJKennedy Blvd10002+NJ41st St+10002|NJJohn F Kennedy Blvd10002+NJ41st St+10002|NJ41st St10003|NJ41st St10003+NJState Rte 501+10003'
-74.0278,40.7535,5,39,'NJ14th St10003+NJGarden St+10003|NJ14th St10003+NJCo Rd 673+10003|NJCo Rd 67010003+NJGarden St+10003|NJCo Rd 67010003+NJCo Rd 673+10003|NJCo Rd 67310003'
-74.0278,40.7666,2,18,'NJHudson Ave10003+NJDodd St+10003'
-74.0278,40.6315,6,122,'NY75th St10003+NY3rd Ave+10003|NYBay Ridge Pkwy10003+NY3rd Ave+10003'
-74.0278,40.7607,19,17,'NJHackensack Ave10003|NJHackensack Ave10003+NJHackensack Plank Rd+10003|NJHackensack Plank Rd10003'
-74.0277,40.7600,21,39,'NJWillow Ave10003+NJ19th St+10003'
-74.0277,40.6243,1,137,'NY4th Ave10003+NY84th St+10003'
-74.0277,40.6197,0,7,'NY5th Ave10003+NY89th St+10003|NY89th St10003'
-74.0277,40.6399,0,3,'NYBergen Pl10003|NYBergen Pl10003+NYWakeman Pl+10003'
-74.0277,40.7368,0,2,'NJSinatra Dr10003+NJ1st St+10003|NJ1st St10003'
-74.0277,40.7409,5,37,'NJ4th St10003+NJRiver St+10003|NJRiver St10003'
-74.0276,40.6388,1,77,'NY67th St10003+NYRidge Blvd+10003'
-74.0276,40.7701,0,1,'NJCo Rd 69110003+NJPalisade Ave+10003|NJHackensack Plank Rd10003+NJPalisade Ave+10003|NJ32nd St10003+NJPalisade Ave+10003|NJPalisade Ave10003'
-74.0276,40.7575,0,1,'NJKennedy Blvd E10003'
-74.0276,40.7445,1,14,'NJCo Rd 67910003+NJPassaic Ave+10003|NJCo Rd 67910003+NJ7th St+10003|NJPassaic Ave10003|NJPassaic Ave10003+NJHudson St+10003|NJ7th St10003|NJ7th St10003+NJHudson St+10003'
-74.0275,40.7869,0,1,'NJCottage Ave10003|NJCottage Ave10003+NJ52nd St+10003|NJ52nd St10003'
-74.0275,40.6322,7,110,'NY74th St10003+NY3rd Ave+10003'
-74.0275,40.7578,2,5,'NJHarbor Blvd10003+NJPark Ave+10003|NJHarbor Blvd10003+NJKennedy Blvd E+10003'
-74.0275,40.7486,4,57,'NJ10th St10003+NJWashington St+10003'
-74.0275,40.6170,2,77,'NY92nd St10003+NYFort Hamilton Pkwy+10003'
-74.0275,40.7808,0,1,'NJ44th St10003'
-74.0274,40.6250,0,73,'NY83rd St10003+NY4th Ave+10003'
-74.0274,40.7795,1,0,'NJHillside Pl10003|NJHillside Pl10003+NJHillside Pl+10003|NJHillside Pl10003+NJHillside Ave+10003|NJHillside Ave10003'
-74.0274,40.6062,0,3,'NYMarshall Dr10003+NYMarshall Dr S+10003|NYMarshall Dr S10003|NYMarshall Dr S10003+NYMarshal Dr S+10003|NYMarshal Dr S10003'
-74.0274,40.7636,0,5,'NJLincoln Pl10003|NJLincoln Pl10003+NJGregory Ave+10003'
-74.0274,40.6132,1,14,'NYDahlgren Pl10003+NYFort Hill Pl+10003|NYFort Hill Pl10003'
-74.0274,40.7380,0,5,'NJSinatra Dr10003+NJ2nd St+10003|NJ2nd St10003'
-74.0274,40.6372,0,33,'NYMadeline Ct10003|NYMadeline Ct10003+NY68th St+10003'
-74.0273,40.7786,1,0,'NJ42nd St10003|NJ42nd St10003+NJKennedy Blvd+10003|NJ42nd St10003+NJJohn F Kennedy Blvd+10003|NJ42nd St10003+NJState Rte 501+10003'
-74.0273,40.7704,1,0,'NJPalisade Ave10003+NJI 495+10003'
-74.0273,40.7585,0,2,'NJPark Ave10003+NJ18th St+10003|NJ18th St10003|NJ18th St10003+NJKennedy Blvd E+10003'
-74.0273,40.6071,0,1,'NYDoubleday Cir10003|NYDoubleday Cir10003+NYDoubleday Cir+10003'
-74.0273,40.6187,0,32,'NYGelston Ave10003+NY90th St+10003'
-74.0273,40.7547,0,17,'NJGarden St10003|NJGarden St10003+NJ15th St+10003'
-74.0273,40.7747,0,1,'NJ37th St10003+NJBergenline Pl+10003|NJ37th St10003+NJBergenline Ave+10003'
-74.0272,40.6328,5,92,'NY73rd St10003+NY3rd Ave+10003'
-74.0272,40.9235,0,1,'NJReichelt Rd10003'
-74.0272,40.6203,0,4,'NY5th Ave10003+NY88th St+10003'
-74.0272,40.7640,0,1,'NJHighpoint Ave10003|NJHighpoint Ave10003+NJGregory Ave+10003|NJHighpoint St10003|NJHighpoint St10003+NJGregory Ave+10003'
-74.0272,40.8558,0,1,'NJLincoln Ct10003|NJLincoln Ct10003+NJCedar St+10003|NJLincoln Ct10003+NJLincoln Ave+10003|NJCedar St10003+NJLincoln Ave+10003|NJLincoln Ave10003'
-74.0272,40.7458,1,6,'NJCo Rd 67910003+NJ8th St+10003|NJ8th St10003+NJHudson St+10003'
-74.0272,40.7525,1,13,'NJBloomfield St10003+NJ13th St+10003'
-74.0272,40.6257,0,33,'NY82nd St10003|NY82nd St10003+NY4th Ave+10003'
-74.0272,40.8723,0,1,'NJPalisade Ave10003+NJElmwood Ave+10003|NJElmwood Ave10003'
-74.0271,40.6258,0,14,'NY82nd St10003|NY82nd St10003+NY4th Ave+10003'
-74.0271,40.7498,5,106,'NJ11th St10003+NJWashington St+10003'
-74.0271,40.8488,2,0,'NJMain St Byp10003'
-74.0271,40.7409,2,25,'NJ4th St10003|NJ4th St10003+NJSinatra Dr+10003'
-74.0271,40.8506,0,1,'NJMain St Byp10003+NJUS Rte 46+10003|NJMain St Byp10003+NJWinant Ave+10003'
-74.0270,40.7811,0,5,'NJ45th St10003|NJ45th St10003+NJSmith Ave+10003'
-74.0270,40.7679,0,3,'NJAngelique St10003|NJAngelique St10003+NJHudson Ave+10003'
-74.0270,40.7394,0,7,'NJSinatra Dr10003+NJ3rd St+10003|NJ3rd St10003'
-74.0270,40.7876,1,0,'NJCottage Ave10003'
-74.0270,40.7431,6,5,'NJ6th St10003+NJRiver Ter+10003|NJ6th St10003+NJRiver St+10003'
-74.0270,40.6335,8,84,'NY72nd St10003+NY3rd Ave+10003'
-74.0269,40.7680,1,2,'NJMaple St10003+NJHudson Ave+10003'
-74.0269,40.7599,6,14,'NJPark Ave10003+NJ19th St+10003'
-74.0269,40.7693,0,1,'NJCo Rd 69110003+NJHudson Ave+10003|NJHackensack Plank Rd10003+NJHudson Ave+10003|NJ32nd St10003+NJHudson Ave+10003|NJHudson Ave10003'
-74.0269,40.7534,3,53,'NJBloomfield St10003+NJ14th St+10003|NJBloomfield St10003+NJCo Rd 670+10003'
-74.0269,40.6123,0,1,'NYWalke Ave10003'
-74.0269,40.7614,4,5,'NJWillow Ave10003|NJWillow Ave10003+NJPark Ave+10003|NJPark Ave10003'
-74.0269,40.6265,0,48,'NY81st St10003+NY4th Ave+10003'
-74.0268,40.6395,1,41,'NYRidge Blvd10003+NYWakeman Pl+10003'
-74.0268,40.7647,2,5,'NJOak St10003+NJGregory Ave+10003'
-74.0268,40.6208,0,13,'NY5th Ave10003+NY87th St+10003|NY87th St10003'
-74.0267,40.7471,1,13,'NJCo Rd 67910003+NJ9th St+10003|NJ9th St10003+NJHudson St+10003'
-74.0267,40.8018,1,2,'NJW Side Ave10003+NJ69th St+10003|NJ69th St10003'
-74.0267,40.7662,1,4,'NJDodd St10003'
-74.0267,40.9342,0,1,'NJRiver Edge Ave10003+NJHarvard St+10003|NJHarvard St10003'
-74.0267,40.7620,4,8,'NJZerman Pl10003|NJZerman Pl10003+NJHackensack Plank Rd+10003'
-74.0267,40.6342,0,38,'NY71st St10003|NY71st St10003+NY3rd Ave+10003'
-74.0267,40.8527,1,2,'NJHomestead Pl10003|NJHomestead Pl10003+NJBrinkerhoff St+10003'
-74.0266,40.6165,5,38,'NY92nd St10003+NYGatling Pl+10003|NYGatling Pl10003'
-74.0266,40.7544,1,13,'NJBloomfield St10003|NJBloomfield St10003+NJWashington St+10003|NJWashington St10003'
-74.0266,40.6272,1,74,'NY4th Ave10003+NY80th St+10003'
-74.0266,40.7859,1,0,'NJNewkirk Ave10003|NJNewkirk Ave10003+NJ51st St+10003'
-74.0265,40.6398,0,3,'NYShore Pkwy10003+NY2nd Ave+10003|NYShore Pkwy10003+NYRidge Blvd+10003|NY2nd Ave10003|NY2nd Ave10003+NYRidge Blvd+10003|NYRidge Blvd10003'
-74.0265,40.7612,5,4,'NJKennedy Blvd E10003|NJKennedy Blvd E10003+NJPark Ave+10003|NJKennedy Blvd E10003+NJKennedy Blvd E+10003|NJPark Ave10003'
-74.0265,40.7546,2,60,'NJWashington St10003|NJWashington St10003+NJ15th St+10003'
-74.0264,40.7688,1,3,'NJCo Rd 69110003+NJHudson Ave+10003|NJHackensack Plank Rd10003|NJHackensack Plank Rd10003+NJHudson Ave+10003|NJHackensack Plank Rd10003+NJPlank Rd+10003|NJ32nd St10003|NJ32nd St10003+NJHudson Ave+10003|NJ32nd St10003+NJPlank Rd+10003|NJHudson Ave10003|NJHudson Ave10003+NJPlank Rd+10003|NJPlank Rd10003'
-74.0264,40.7699,1,0,'NJHudson Ave10003+NJI 495+10003'
-74.0264,40.6129,0,9,'NYBattery Ave10003+NYFort Hill Pl+10003|NYFort Hill Pl10003'
-74.0264,40.8583,0,4,'NJPark St10003+NJLincoln Ave+10003|NJPark St10003+NJLincoln Ct+10003'
-74.0264,40.7417,1,6,'NJ5th St10003|NJ5th St10003+NJSinatra Dr+10003'
-74.0264,40.8489,0,1,'NJRidgefield Ave10003+NJCollege Pl+10003'
-74.0264,40.7483,1,14,'NJ10th St10003|NJ10th St10003+NJCo Rd 679+10003|NJ10th St10003+NJHudson St+10003'
-74.0264,40.6183,1,41,'NYFort Hamilton Pkwy10003+NY90th St+10003'
-74.0263,40.7652,1,14,'NJGregory Ave10003+NJShippen St+10003'
-74.0263,40.7672,0,5,'NJMaple St10003+NJJane St+10003|NJMaple St10003+NJRidgely+10003|NJJane St10003|NJJane St10003+NJRidgely+10003|NJRidgely10003'
-74.0263,40.7523,7,68,'NJ13th St10003+NJWashington St+10003'
-74.0263,40.6350,9,65,'NYOvington Ave10003+NY3rd Ave+10003'
-74.0263,40.6199,0,34,'NYGelston Ave10003+NY88th St+10003'
-74.0263,40.6163,1,4,'NY92nd St10003+NYGowanus Expy+10003|NY92nd St10003+NYI 278+10003'
-74.0263,40.7430,6,7,'NJ6th St10003'
-74.0263,40.7701,0,1,'NJHudson Ave10003+NJCantello St+10003|NJHudson Ave10003+NJ31st St+10003|NJCantello St10003|NJCantello St10003+NJ31st St+10003|NJ31st St10003'
-74.0263,40.6401,0,1,'NY2nd Ave10003+NY66th St+10003|NY66th St10003'
-74.0263,40.6279,1,46,'NY79th St10003+NY4th Ave+10003'
-74.0262,40.7820,0,1,'NJSmith Ave10003|NJSmith Ave10003+NJ46th St+10003'
-74.0262,40.6215,26,111,'NY5th Ave10003+NY86th St+10003'
-74.0262,40.7670,0,2,'NJMaple St10003'
-74.0261,40.7456,1,1,'NJ8th St10003|NJ8th St10003+NJCastle Point Ter+10003|NJCastle Point Ter10003'
-74.0261,40.6059,0,1,'NYMarshall Dr10003+NYLiberty Way+10003|NYLiberty Way10003|NYLiberty Way10003+NYMarshal Dr S+10003'
-74.0261,40.6162,0,3,'NY92nd St10003+NYGowanus Expy+10003'
-74.0261,40.7799,0,1,'NJ44th St10003|NJ44th St10003+NJKennedy Blvd+10003|NJ44th St10003+NJJohn F Kennedy Blvd+10003|NJ44th St10003+NJState Rte 501+10003'
-74.0261,40.7533,13,58,'NJ14th St10003+NJWashington St+10003|NJCo Rd 67010003+NJWashington St+10003'
-74.0260,40.6333,2,20,'NYRidge Ct10003|NYRidge Ct10003+NY72nd St+10003'
-74.0260,40.6357,10,44,'NY69th St10003+NY3rd Ave+10003|NYBay Ridge Ave10003+NY3rd Ave+10003'
-74.0260,40.7495,8,35,'NJSinatra Dr10003|NJSinatra Dr10003+NJCo Rd 679+10003|NJSinatra Dr10003+NJHudson St+10003'
-74.0260,40.7695,8,4,'NJS Marginal Hwy10003+NJ33rd St+10003|NJ33rd St10003'
-74.0260,40.7496,1,8,'NJCo Rd 67910003+NJMaxwell Ln+10003|NJHudson St10003+NJMaxwell Ln+10003|NJMaxwell Ln10003'
-74.0260,40.7631,1,9,'NJHackensack Plank Rd10003|NJHackensack Plank Rd10003+NJHackensack Plank Rd+10003|NJHackensack Plank Rd10003+NJHackensack Ave+10003|NJHackensack Ave10003'
-74.0260,40.7496,2,32,'NJCo Rd 67910003+NJ11th St+10003|NJ11th St10003|NJ11th St10003+NJHudson St+10003'
-74.0260,40.6286,2,99,'NY78th St10003+NY4th Ave+10003'
-74.0259,40.8912,0,1,'NJLincoln Pl10003+NJBeverly Rd+10003'
-74.0259,40.6058,0,2,'NYSterling Dr10003|NYSterling Dr10003+NYMarshall Dr+10003|NYSterling Dr10003+NYMarshal Dr S+10003|NYSterling Dr10003+NYMacarthur Rd+10003|NYMarshall Dr10003|NYMarshall Dr10003+NYMarshall Dr+10003|NYMarshall Dr10003+NYMacarthur Rd+10003|NYMarshall Dr10003+NYMarshal Dr S+10003|NYMarshal Dr S10003|NYMarshal Dr S10003+NYMacarthur Rd+10003|NYMacarthur Rd10003'
-74.0258,40.6373,0,17,'NYSenator St10003|NYSenator St10003+NYSenator St+10003'
-74.0258,40.7469,0,2,'NJ9th St10003+NJCastle Point Ter+10003'
-74.0258,40.7708,3,10,'NJPeters St10003|NJPeters St10003+NJHudson Ave+10003'
-74.0258,40.7469,0,1,'NJ9th St10003|NJ9th St10003+NJCastle Point Ter+10003|NJCastle Point Ter10003'
-74.0257,40.6365,7,39,'NY68th St10003|NY68th St10003+NY3rd Ave+10003'
-74.0257,40.7543,0,17,'NJWashington St10003'
-74.0257,40.8034,0,2,'NJW Side Ave10003+NJ71st St+10003|NJ71st St10003'
-74.0257,40.6341,1,46,'NYRidge Ct10003'
-74.0257,40.6160,0,14,'NYDahlgren Pl10003+NY92nd St+10003'
-74.0257,40.6406,1,2,'NY2nd Ave10003+NY65th St+10003|NY65th St10003'
-74.0257,40.7638,3,2,'NJHackensack Plank Rd10003|NJHackensack Plank Rd10003+NJHackensack Plank Rd+10003|NJHackensack Plank Rd10003+NJHackensack Ave+10003|NJHackensack Ave10003'
-74.0257,40.7542,0,12,'NJWashington St10003'
-74.0257,40.8109,0,1,'NJ83rd St10003'
-74.0257,40.7545,4,108,'NJWashington St10003|NJWashington St10003+NJ15th St+10003'
-74.0257,40.6367,0,33,'NY68th St10003|NY68th St10003+NY3rd Ave+10003'
-74.0257,40.6221,1,52,'NY85th St10003+NY5th Ave+10003'
-74.0257,40.6294,8,58,'NY4th Ave10003+NY77th St+10003'
-74.0257,40.7747,1,1,'NJNew York Ave10003+NJ38th St+10003'
-74.0257,40.7859,0,1,'NJDurham Ave10003'
-74.0256,40.7804,2,1,'NJ45th St10003+NJKennedy Blvd+10003|NJ45th St10003+NJJohn F Kennedy Blvd+10003|NJ45th St10003+NJState Rte 501+10003'
-74.0256,40.8757,0,1,'NJPalisade Ave10003+NJ4th Pl+10003|NJ4th Pl10003'
-74.0256,40.8758,0,1,'NJPalisade Ave10003+NJHill St+10003|NJHill St10003'
-74.0255,40.6178,2,37,'NYGatling Pl10003+NY90th St+10003|NY90th St10003'
-74.0255,40.7676,0,4,'NJCo Rd 69110003+NJRidgely+10003|NJRidgely10003|NJRidgely10003+NJPlank Rd+10003'
-74.0255,40.7769,2,0,'NJBergenline Pl10003+NJ41st St+10003|NJBergenline Ave10003+NJ41st St+10003'
-74.0255,40.6371,1,22,'NYSenator St10003+NY3rd Ave+10003'
-74.0255,40.7481,1,2,'NJElysian Park10003|NJElysian Park10003+NJCastle Point Ter+10003|NJCastle Point Ter10003'
-74.0254,40.9007,1,1,'NJRiver Rd10003+NJNorthumberland Rd+10003|NJNorthumberland Rd10003'
-74.0254,40.7675,0,1,'NJPleasant Ave10003|NJPleasant Ave10003+NJCo Rd 691+10003|NJPleasant Ave10003+NJHackensack Ave+10003|NJPleasant Ave10003+NJPlank Rd+10003|NJPleasant Ave10003+NJHackensack Plank Rd+10003|NJCo Rd 69110003+NJHackensack Ave+10003|NJCo Rd 69110003+NJPlank Rd+10003|NJCo Rd 69110003+NJHackensack Plank Rd+10003|NJHackensack Ave10003|NJHackensack Ave10003+NJPlank Rd+10003|NJHackensack Ave10003+NJHackensack Plank Rd+10003|NJPlank Rd10003|NJPlank Rd10003+NJHackensack Plank Rd+10003|NJPlank Rd10003+NJPlank Rd+10003|NJHackensack Plank Rd10003|NJHackensack Plank Rd10003+NJPlank Rd+10003'
-74.0254,40.7647,0,4,'NJHackensack Ave10003|NJHackensack Ave10003+NJShippen St+10003|NJHackensack Ave10003+NJPlank Rd+10003|NJPlank Rd10003|NJPlank Rd10003+NJShippen St+10003|NJPlank Rd10003+NJPlank Rd+10003|NJShippen St10003|NJShippen St10003+NJPlank Rd+10003'
-74.0254,40.6194,2,37,'NY88th St10003+NYFort Hamilton Pkwy+10003'
-74.0254,40.6210,12,71,'NYGelston Ave10003|NYGelston Ave10003+NY86th St+10003'
-74.0254,40.6301,3,93,'NY4th Ave10003+NY76th St+10003'
-74.0253,40.6074,0,2,'NYGeneral Lee Ave10003+NYMacarthur Rd+10003|NYMacarthur Rd10003'
-74.0253,40.6229,2,93,'NY5th Ave10003+NY84th St+10003'
-74.0253,40.7714,0,1,'NJ34th St10003+NJHudson Ave+10003'
-74.0253,40.6174,0,3,'NYGowanus Expy10001|NYGowanus Expy10001+NYGowanus Expy+10001|NYGowanus Expy10002|NYGowanus Expy10002+NYGowanus Expy+10002|NYGowanus Expy10002+NYI 278+10002'
-74.0253,40.7509,5,70,'NJMcFeeley Ln10003|NJMcFeeley Ln10003+NJ12th St+10003'
-74.0253,40.6376,1,7,'NYSenator St10003|NYSenator St10003+NY3rd Ave+10003'
-74.0253,40.7849,0,1,'NJSmith Ave10003'
-74.0252,40.7521,2,21,'NJ13th St10003|NJ13th St10003+NJCo Rd 679+10003|NJ13th St10003+NJHudson St+10003'
-74.0252,40.7456,2,3,'NJStanley Dr10003'
-74.0252,40.6331,0,17,'NYBennett Ct10003|NYBennett Ct10003+NY72nd St+10003'
-74.0251,40.6378,0,20,'NY67th St10003+NY3rd Ave+10003'
-74.0251,40.6308,3,156,'NY75th St10003+NY4th Ave+10003|NYBay Ridge Pkwy10003+NY4th Ave+10003'
-74.0250,40.7518,0,16,'NJIndependence Ct10003|NJIndependence Ct10003+NJMcFeeley Ln+10003|NJIndependence Ct10003+NJBarry Ln+10003|NJMcFeeley Ln10003+NJBarry Ln+10003|NJBarry Ln10003'
-74.0250,40.6236,2,82,'NY5th Ave10003+NY83rd St+10003'
-74.0250,40.7670,1,8,'NJCo Rd 69110003|NJCo Rd 69110003+NJHackensack Ave+10003|NJCo Rd 69110003+NJPlank Rd+10003|NJCo Rd 69110003+NJGregory Ave+10003|NJCo Rd 69110003+NJHackensack Plank Rd+10003|NJHackensack Ave10003|NJHackensack Ave10003+NJPlank Rd+10003|NJHackensack Ave10003+NJGregory Ave+10003|NJHackensack Ave10003+NJHackensack Plank Rd+10003|NJPlank Rd10003|NJPlank Rd10003+NJGregory Ave+10003|NJPlank Rd10003+NJHackensack Plank Rd+10003|NJGregory Ave10003|NJGregory Ave10003+NJHackensack Plank Rd+10003|NJHackensack Plank Rd10003'
-74.0250,40.6336,0,18,'NYBennett Ct10003'
-74.0249,40.9062,0,1,'NJAcademy Ln10003'
-74.0249,40.7531,7,78,'NJ14th St10003+NJCo Rd 679+10003|NJ14th St10003+NJHudson St+10003|NJCo Rd 67910003|NJCo Rd 67910003+NJCo Rd 670+10003|NJCo Rd 67010003+NJHudson St+10003|NJHudson St10003'
-74.0249,40.8574,0,1,'NJMain St10003+NJGrove St+10003|NJGrove St10003'
-74.0249,40.7597,3,13,'NJWaterfront Ter10003|NJWaterfront Ter10003+NJ19th St+10003'
-74.0249,40.7523,0,20,'NJde Pascale Ln10003|NJde Pascale Ln10003+NJMcFeeley Ln+10003|NJde Pascale Ln10003+NJConstitution Ct+10003|NJMcFeeley Ln10003+NJConstitution Ct+10003|NJConstitution Ct10003'
-74.0249,40.7735,1,1,'NJPalisade Ave10003+NJ37th St+10003'
-74.0249,40.7682,0,1,'NJPleasant Ave10003+NJ33rd St+10003|NJ33rd St10003'
-74.0249,40.7468,1,2,'NJCastle Point Ter10003|NJCastle Point Ter10003+NJStanley Dr+10003|NJStanley Dr10003'
-74.0249,40.7668,1,25,'NJGregory Ave10003|NJGregory Ave10003+NJHackensack Ave+10003|NJGregory Ave10003+NJPlank Rd+10003|NJHackensack Ave10003|NJPlank Rd10003'
-74.0249,40.7720,0,2,'NJHudson Ave10003+NJ35th St+10003'
-74.0248,40.6156,0,32,'NYBattery Ave10003+NY92nd St+10003'
-74.0248,40.6315,1,61,'NY74th St10003+NY4th Ave+10003'
-74.0248,40.6097,0,1,'NYWainwright Dr10003|NYWainwright Dr10003+NYWashington Dr+10003|NYWashington Dr10003'
-74.0248,40.6381,1,5,'NYWakeman Pl10003|NYWakeman Pl10003+NY3rd Ave+10003'
-74.0248,40.6057,0,2,'NYMarshall Dr10003+NYSterling Dr+10003|NYSterling Dr10003'
-74.0247,40.6243,2,54,'NY5th Ave10003+NY82nd St+10003'
-74.0247,40.7800,0,2,'NJHarrison Pl10003|NJHarrison Pl10003+NJ45th St+10003'
-74.0247,40.8513,0,1,'NJRidgefield Ave10003|NJRidgefield Ave10003+NJBrewster Ave+10003'
-74.0247,40.7813,0,1,'NJKennedy Blvd10002+NJ46th St+10002|NJ46th St10003|NJ46th St10003+NJJohn F Kennedy Blvd+10003|NJ46th St10003+NJState Rte 501+10003'
-74.0247,40.7530,3,11,'NJ14th St10003+NJMcFeeley Ln+10003|NJCo Rd 67010003+NJMcFeeley Ln+10003'
-74.0247,40.6100,1,2,'NY7th Ave10003|NY7th Ave10003+NYPoly Pl+10003|NYPoly Pl10003'
-74.0247,40.8894,0,1,'NJElm Ave10003+NJAlma Ter+10003|NJAlma Ter10003'
-74.0247,40.7631,5,1,'NJKennedy Blvd E10003+NJI 495+10003'
-74.0247,40.7508,10,79,'NJ12th St10003+NJSinatra Dr N+10003|NJSinatra Dr N10003'
-74.0246,40.6174,0,9,'NYDahlgren Pl10003+NY90th St+10003|NY90th St10003'
-74.0246,40.8587,0,1,'NJMain St10003+NJWebster St+10003|NJWebster St10003'
-74.0246,40.8427,1,2,'NJEucker St10003'
-74.0246,40.6401,0,21,'NYLeif Ericson Dr10002+NY65th St+10002|NY65th St10003+NYBelt Pkwy+10003'
-74.0246,40.9519,1,1,'NJElm St10003+NJBergen Blvd+10003|NJBergen Blvd10003'
-74.0246,40.7632,4,8,'NJKennedy Blvd E10003+NJLincoln Tunnel Helix+10003|NJKennedy Blvd E10003+NJI 495+10003'
-74.0245,40.6418,0,3,'NY2nd Ave10003+NY63rd St+10003|NY63rd St10003'
-74.0245,40.6190,0,25,'NYGatling Pl10003+NY88th St+10003|NY88th St10003'
-74.0245,40.6383,0,3,'NYShore Pkwy10003+NY3rd Ave+10003'
-74.0245,40.6322,2,66,'NY73rd St10003+NY4th Ave+10003'
-74.0245,40.8899,0,1,'NJCedar Ln10003+NJElm Ave+10003'
-74.0245,40.6204,7,161,'NYFort Hamilton Pkwy10003+NY86th St+10003'
-74.0244,40.6250,0,58,'NY5th Ave10003+NY81st St+10003'
-74.0244,40.7530,5,74,'NJ14th St10003|NJ14th St10003+NJSinatra Dr N+10003|NJCo Rd 67010003|NJCo Rd 67010003+NJSinatra Dr N+10003|NJSinatra Dr N10003'
-74.0244,40.7643,10,20,'NJI 49510001|NJI 49510001+NJI 495+10001|NJLincoln Tunnel Helix10001+NJI 495+10001'
-74.0244,40.7725,0,1,'NJ36th St10003+NJHudson Ave+10003'
-74.0244,40.7688,0,1,'NJPleasant Ave10003+NJS Marginal Hwy+10003'
-74.0244,40.7543,1,29,'NJMcFeeley Ln10003'
-74.0244,40.8534,0,1,'NJBergen Ave10003'
-74.0244,40.7480,2,1,'NJElysian Park10003'
-74.0244,40.7908,0,2,'NJ58th St10003|NJ58th St10003+NJMeadowview Ave+10003|NJMeadowview Ave10003'
-74.0243,40.7817,1,0,'NJ47th St10003|NJ47th St10003+NJKennedy Blvd+10003|NJ47th St10003+NJJohn F Kennedy Blvd+10003|NJ47th St10003+NJState Rte 501+10003|NJCo Rd 68010003|NJCo Rd 68010003+NJKennedy Blvd+10003|NJCo Rd 68010003+NJJohn F Kennedy Blvd+10003|NJCo Rd 68010003+NJState Rte 501+10003'
-74.0243,40.7690,1,0,'NJPleasant Ave10003+NJI 495+10003'
-74.0243,40.7543,1,9,'NJ15th St10003'
-74.0242,40.6329,2,95,'NY72nd St10003+NY4th Ave+10003'
-74.0242,40.7691,1,1,'NJPleasant Ave10003+NJI 495+10003'
-74.0242,40.7517,3,32,'NJIndependence Ct10003|NJIndependence Ct10003+NJBarry Ln+10003|NJBarry Ln10003'
-74.0242,40.8874,0,1,'NJLinden Ave10003+NJNorth St+10003|NJLinden St10003+NJNorth St+10003'
-74.0242,40.6258,0,39,'NY5th Ave10003+NY80th St+10003'
-74.0241,40.7967,0,5,'NJLiberty Ave10003'
-74.0241,40.7692,0,1,'NJCantello St10003|NJCantello St10003+NJPark Ave+10003|NJPark Ave10003'
-74.0241,40.8494,1,1,'NJGarden St10003|NJGarden St10003+NJUS Rte 46+10003|NJGarden St10003+NJWinant Ave+10003'
-74.0241,40.6388,1,3,'NY66th St10003+NY3rd Ave+10003'
-74.0241,40.7522,1,65,'NJde Pascale Ln10003|NJde Pascale Ln10003+NJConstitution Ct+10003|NJConstitution Ct10003'
-74.0240,40.7731,0,3,'NJ37th St10003+NJHudson Ave+10003'
-74.0240,40.7494,4,80,'NJMaxwell Ln10003'
-74.0240,40.8614,0,1,'NJMain St10003+NJUnion Pl+10003|NJUnion Pl10003'
-74.0240,40.6152,0,7,'NY92nd St10003+NYParrott Pl+10003|NYParrott Pl10003'
-74.0240,40.6423,0,8,'NY2nd Ave10003+NY62nd St+10003|NY62nd St10003'
-74.0239,40.7906,0,1,'NJ58th St10003+NJNewkirk Ave+10003|NJNewkirk Ave10003'
-74.0239,40.6337,3,119,'NYOvington Ave10003+NY4th Ave+10003'
-74.0239,40.6265,0,23,'NY5th Ave10003+NY79th St+10003'
-74.0238,40.6459,1,8,'NY1st Ave10003|NY1st Ave10003+NY58th St+10003'
-74.0238,40.7593,17,117,'NJHarbor Blvd10003+NJ19th St+10003|NJ19th St10003'
-74.0238,40.8855,0,1,'NJChestnut Ave10003+NJKipp St+10003'
-74.0238,40.8622,0,1,'NJMain St10003+NJGrand Ave+10003|NJGrand Ave10003'
-74.0237,40.7689,0,1,'NJN Marginal Hwy10003|NJN Marginal Hwy10003+NJN Marginal Hwy+10003'
-74.0237,40.6169,0,12,'NYBattery Ave10003+NY90th St+10003'
-74.0237,40.6210,0,37,'NY85th St10003+NYFort Hamilton Pkwy+10003'
-74.0237,40.7823,0,1,'NJKennedy Blvd10002+NJ48th St+10002|NJ48th St10003|NJ48th St10003+NJJohn F Kennedy Blvd+10003|NJ48th St10003+NJState Rte 501+10003'
-74.0237,40.7685,0,3,'NJGregory Ave10003|NJGregory Ave10003+NJS Marginal Hwy+10003'
-74.0237,40.6200,3,67,'NYGatling Pl10003|NYGatling Pl10003+NY86th St+10003'
-74.0236,40.7693,0,3,'NJN Marginal Hwy10003|NJN Marginal Hwy10003+NJPark Ave+10003'
-74.0236,40.6185,0,10,'NYDahlgren Pl10003+NY88th St+10003|NY88th St10003'
-74.0236,40.8630,0,2,'NJMain St10003+NJHighland Pl+10003|NJHighland Pl10003'
-74.0236,40.6056,0,1,'NYMarshall Dr10003|NYMarshall Dr10003+NYSterling Dr+10003|NYSterling Dr10003'
-74.0236,40.7877,1,0,'NJ55th St10003|NJ55th St10003+NJKennedy Blvd+10003|NJ55th St10003+NJJohn F Kennedy Blvd+10003|NJ55th St10003+NJState Rte 501+10003'
-74.0236,40.7687,0,1,'NJI 49510001+NJPark Ave+10001'
-74.0236,40.8318,2,6,'NJI 9510001|NJI 9510001+NJI 95+10001|NJI 9510001+NJNew Jersey Tpke+10001'
-74.0236,40.7794,0,1,'NJBergenline Pl10003+NJ45th St+10003|NJ45th St10003+NJBergenline Ave+10003'
-74.0236,40.8732,0,1,'NJCentral Ave10003+NJJames St+10003|NJJames St10003'
-74.0236,40.6272,1,71,'NY5th Ave10003+NY78th St+10003'
-74.0235,40.7684,0,4,'NJS Marginal Hwy10003+NJPark Ave+10003'
-74.0235,40.7886,3,2,'NJ56th St10003|NJ56th St10003+NJKennedy Blvd+10003|NJ56th St10003+NJJohn F Kennedy Blvd+10003|NJ56th St10003+NJState Rte 501+10003'
-74.0235,40.6394,4,29,'NY65th St10003+NY3rd Ave+10003'
-74.0235,40.7737,0,17,'NJ38th St10003+NJHudson Ave+10003'
-74.0235,40.6346,16,82,'NY69th St10003+NY4th Ave+10003|NYBay Ridge Ave10003+NY4th Ave+10003'
-74.0235,40.7699,0,5,'NJPark Ave10003|NJPark Ave10003+NJPark Ave+10003'
-74.0235,40.7867,1,1,'NJKennedy Blvd10002+NJ54th St+10002|NJJohn F Kennedy Blvd10002+NJ54th St+10002|NJ54th St10003|NJ54th St10003+NJState Rte 501+10003'
-74.0234,40.7895,0,8,'NJKennedy Blvd10002+NJ57th St+10002|NJJohn F Kennedy Blvd10002+NJ57th St+10002|NJ57th St10003|NJ57th St10003+NJState Rte 501+10003'
-74.0234,40.6429,0,7,'NY2nd Ave10003+NY61st St+10003|NY61st St10003'
-74.0234,40.7935,1,0,'NJ61st St10003|NJ61st St10003+NJGranton Ave+10003|NJ61st St10003+NJGrand Ave+10003|NJGranton Ave10003|NJGranton Ave10003+NJGrand Ave+10003|NJGrand Ave10003'
-74.0233,40.7506,2,18,'NJ12th St10003'
-74.0233,40.6197,2,24,'NYGowanus Expy10001+NY86th St+10001|NYI 27810001+NY86th St+10001'
-74.0233,40.6280,3,37,'NY5th Ave10003+NY77th St+10003'
-74.0232,40.6353,10,66,'NY68th St10003+NY4th Ave+10003'
-74.0232,40.6465,3,4,'NY57th St10003|NY57th St10003+NY1st Ave+10003'
-74.0232,40.7645,23,24,'NJKennedy Blvd E10003+NJBaldwin Ave+10003|NJBaldwin Ave10003'
-74.0232,40.7704,0,1,'NJ34th St10003|NJ34th St10003+NJPark Ave+10003'
-74.0232,40.7812,1,0,'NJ47th St10003+NJCottage Pl+10003|NJCo Rd 68010003+NJCottage Pl+10003|NJCottage Pl10003'
-74.0232,40.7902,1,0,'NJ58th St10003|NJ58th St10003+NJKennedy Blvd+10003|NJ58th St10003+NJJohn F Kennedy Blvd+10003|NJ58th St10003+NJState Rte 501+10003'
-74.0232,40.7856,1,1,'NJ52nd St10003|NJ52nd St10003+NJKennedy Blvd+10003|NJ52nd St10003+NJJohn F Kennedy Blvd+10003|NJ52nd St10003+NJState Rte 501+10003'
-74.0231,40.6206,0,12,'NY85th St10003'
-74.0231,40.7758,1,2,'NJPalisade Ave10003+NJ41st St+10003'
-74.0231,40.7743,0,2,'NJHudson Ave10003+NJ39th St+10003'
-74.0231,40.6400,0,1,'NY64th St10003|NY64th St10003+NY3rd Ave+10003'
-74.0231,40.7800,0,1,'NJBergenline Pl10003+NJGolden Ln+10003|NJGolden Ln10003|NJGolden Ln10003+NJBergenline Ave+10003'
-74.0231,40.7853,0,1,'NJ53rd St10003|NJ53rd St10003+NJKennedy Blvd+10003|NJ53rd St10003+NJJohn F Kennedy Blvd+10003|NJ53rd St10003+NJState Rte 501+10003'
-74.0230,40.6214,0,19,'NYFort Hamilton Pkwy10003|NYFort Hamilton Pkwy10003+NYFort Hamilton Pkwy+10003|NYFort Hamilton Pkwy10003+NY6th Ave+10003|NYFort Hamilton Pkwy10003+NY84th St+10003|NY6th Ave10003|NY6th Ave10003+NYFort Hamilton Pkwy+10003|NY6th Ave10003+NY84th St+10003'
-74.0230,40.6287,0,71,'NY5th Ave10003+NY76th St+10003'
-74.0229,40.7831,0,1,'NJKennedy Blvd10002+NJ50th St+10002|NJJohn F Kennedy Blvd10002+NJ50th St+10002|NJState Rte 50110002+NJ50th St+10002|NJ50th St10003'
-74.0229,40.6361,4,30,'NYSenator St10003+NY4th Ave+10003'
-74.0229,40.7687,0,4,'NJHauxhurst Ave10003'
-74.0229,40.6195,2,30,'NYDahlgren Pl10003|NYDahlgren Pl10003+NYDyker Pl+10003|NYDahlgren Pl10003+NY86th St+10003|NYDyker Pl10003|NYDyker Pl10003+NY86th St+10003'
-74.0228,40.8516,0,1,'NJBrinkerhoff St10003+NJGarden St+10003|NJGarden St10003'
-74.0228,40.6165,0,9,'NYParrott Pl10003+NY90th St+10003'
-74.0228,40.7932,0,1,'NJ61st St10003+NJMeadowview Ave+10003'
-74.0228,40.7840,0,1,'NJ51st St10003+NJKennedy Blvd+10003|NJ51st St10003+NJJohn F Kennedy Blvd+10003|NJ51st St10003+NJState Rte 501+10003'
-74.0228,40.6435,0,2,'NY2nd Ave10003+NY60th St+10003|NY60th St10003'
-74.0227,40.6181,0,20,'NYBattery Ave10003+NY88th St+10003'
-74.0227,40.7805,0,1,'NJBergenline Pl10003+NJ46th St+10003|NJ46th St10003|NJ46th St10003+NJBergenline Ave+10003'
-74.0227,40.7710,0,7,'NJPark Ave10003+NJJefferson St+10003|NJPark Ave10003+NJ35th St+10003|NJJefferson St10003|NJJefferson St10003+NJ35th St+10003|NJ35th St10003'
-74.0227,40.7663,520,518,'NJI 49510001|NJI 49510001+NJI 495+10001|NJLincoln Tunnel Helix10001'
-74.0227,40.6222,0,21,'NY6th Ave10003+NY83rd St+10003'
-74.0227,40.7985,0,1,'NJLiberty Ave10003|NJLiberty Ave10003+NJGranton Ave+10003|NJGranton Ave10003'
-74.0227,40.7748,0,1,'NJHudson Ave10003+NJ40th St+10003'
-74.0226,40.7697,1,1,'NJDenning Pl10003|NJDenning Pl10003+NJHauxhurst Ave+10003'
-74.0226,40.6295,10,100,'NY5th Ave10003+NY75th St+10003|NY5th Ave10003+NYBay Ridge Pkwy+10003'
-74.0226,40.8671,0,1,'NJQueen Anne Rd10003+NJMartin St+10003|NJMartin St10003'
-74.0226,40.6368,0,5,'NY67th St10003|NY67th St10003+NY4th Ave+10003'
-74.0226,40.6471,1,0,'NY56th St10003|NY56th St10003+NY1st Ave+10003'
-74.0225,40.8893,0,1,'NJCedar Ln10003+NJGarrison Ave+10003|NJGarrison Ave10003'
-74.0225,40.8886,0,1,'NJChestnut Ave10003+NJAlma Ter+10003'
-74.0225,40.6370,0,6,'NY67th St10003|NY67th St10003+NY4th Ave+10003'
-74.0224,40.7788,3,2,'NJNew York Ave10003+NJ45th St+10003'
-74.0224,40.6406,0,3,'NY63rd St10003|NY63rd St10003+NYLeif Ericson Dr+10003|NY63rd St10003+NY3rd Ave+10003|NY63rd St10003+NYBelt Pkwy+10003|NYLeif Ericson Dr10002+NY3rd Ave+10002|NY3rd Ave10003+NYBelt Pkwy+10003'
-74.0224,40.6396,2,3,'NY64th St10003'
-74.0224,40.8426,1,3,'NJTeaneck Rd10003|NJTeaneck Rd10003+NJBergen Tpke+10003'
-74.0224,40.6229,0,38,'NY82nd St10003+NY6th Ave+10003'
-74.0224,40.6213,1,6,'NY84th St10003'
-74.0224,40.9132,0,1,'NJWinthrop Rd10003+NJWinterhrop Gate+10003|NJWinterhrop Gate10003'
-74.0223,40.8758,0,1,'NJJames St10003|NJJames St10003+NJDegraw Ave+10003'
-74.0223,40.6219,0,9,'NYFort Hamilton Pkwy10003+NY83rd St+10003|NY83rd St10003'
-74.0223,40.7715,3,2,'NJ36th St10003|NJ36th St10003+NJPark Ave+10003'
-74.0223,40.7810,0,1,'NJ47th St10003|NJ47th St10003+NJBergenline Ave+10003|NJ47th St10003+NJBergenline Pl+10003|NJBergenline Ave10003|NJBergenline Pl10003'
-74.0223,40.6303,1,67,'NY5th Ave10003+NY74th St+10003'
-74.0223,40.6201,0,6,'NYDyker Pl10003+NY85th St+10003|NY85th St10003'
-74.0222,40.7770,0,2,'NJPalisade Ave10003+NJ43rd St+10003'
-74.0222,40.7641,6,7,'NJBaldwin Ave10003+NJI 495+10003'
-74.0222,40.6372,0,9,'NYShore Pkwy10003|NYShore Pkwy10003+NY4th Ave+10003'
-74.0222,40.6441,0,2,'NY2nd Ave10003+NY59th St+10003|NY59th St10003'
-74.0222,40.6162,0,4,'NY7th Ave10003+NY90th St+10003|NY90th St10003'
-74.0221,40.6236,0,48,'NY81st St10003+NY6th Ave+10003'
-74.0221,40.7877,0,1,'NJSchley Pl10003'
-74.0221,40.7683,3,1,'NJSterling Ave10003'
-74.0221,40.7641,1,6,'NJBaldwin Ave10003+NJI 495+10003'
-74.0220,40.6476,0,4,'NY1st Ave10003+NY55th St+10003'
-74.0220,40.6310,1,85,'NY5th Ave10003+NY73rd St+10003'
-74.0220,40.6189,3,27,'NYBattery Ave10003|NYBattery Ave10003+NY86th St+10003'
-74.0220,40.7795,3,3,'NJNew York Ave10003+NJGolden Ln+10003'
-74.0220,40.7721,2,2,'NJHighwood Ter10003|NJHighwood Ter10003+NJ37th St+10003|NJHighwood Ter10003+NJPark Ave+10003|NJ37th St10003|NJ37th St10003+NJPark Ave+10003'
-74.0219,40.7706,1,5,'NJHauxhurst Ave10003+NJJefferson St+10003'
-74.0219,40.6374,1,6,'NY66th St10003+NY4th Ave+10003'
-74.0219,40.6411,1,13,'NY62nd St10003|NY62nd St10003+NY3rd Ave+10003'
-74.0219,40.8093,2,4,'NJ83rd St10003+NJW Side Ave+10003|NJW Side Ave10003'
-74.0219,40.7665,0,3,'NJKennedy Blvd E10003+NJI 495+10003'
-74.0218,40.6176,0,24,'NYParrott Pl10003+NY88th St+10003'
-74.0218,40.7693,0,3,'NJDenning Pl10003|NJDenning Pl10003+NJSterling Ave+10003'
-74.0218,40.8841,0,2,'NJPalisade Ave10003+NJJohnson Ave+10003|NJJohnson Ave10003'
-74.0218,40.6244,0,40,'NY6th Ave10003+NY80th St+10003'
-74.0218,40.8991,0,2,'NJS Strand St10003'
-74.0218,40.7945,1,0,'NJMeadowview Ave10003'
-74.0217,40.7776,0,1,'NJPalisade Ave10003+NJ44th St+10003'
-74.0217,40.7670,1,0,'NJKennedy Blvd E10003+NJS Marginal Hwy+10003|NJS Marginal Hwy10003'
-74.0217,40.6317,3,55,'NY5th Ave10003+NY72nd St+10003'
-74.0217,40.6398,1,2,'NY3rd Ave10003|NY3rd Ave10003+NYI 278+10003|NY3rd Ave10003+NYGowanus Expy+10003'
-74.0217,40.6207,0,4,'NY84th St10003|NY84th St10003+NYDyker Pl+10003'
-74.0217,40.6391,0,6,'NYGowanus Expy10001+NY64th St+10001'
-74.0217,40.8490,0,1,'NJTeaneck Rd10003+NJE Winant Ave+10003|NJE Winant Ave10003'
-74.0216,40.6224,1,1,'NYFort Hamilton Pkwy10003|NYFort Hamilton Pkwy10003+NY82nd St+10003|NYFort Hamilton Pkwy10003+NYFort Hamilton Pkwy+10003|NYFort Hamilton Pkwy10003+NY7th Ave+10003|NY82nd St10003+NYFort Hamilton Pkwy+10003|NY82nd St10003+NY7th Ave+10003|NY7th Ave10003'
-74.0216,40.6175,1,9,'NY7th Ave10003+NY88th St+10003|NY88th St10003'
-74.0216,40.7728,0,1,'NJ38th St10003|NJ38th St10003+NJPark Ave+10003'
-74.0216,40.6446,0,2,'NY2nd Ave10003+NY58th St+10003'
-74.0216,40.7675,0,1,'NJKennedy Blvd E10003+NJI 495+10003'
-74.0216,40.8884,0,1,'NJAlma Ter10003|NJAlma Ter10003+NJAmerican Legion Dr+10003'
-74.0216,40.6222,0,5,'NYGatling Pl10003|NYGatling Pl10003+NYFort Hamilton Pkwy+10003'
-74.0215,40.7676,3,3,'NJKennedy Blvd E10003+NJI 495+10003'
-74.0215,40.6078,1,0,'NYPoly Pl Exd10003'
-74.0215,40.6251,1,29,'NY79th St10003+NY6th Ave+10003'
-74.0215,40.6179,0,10,'NY7th Ave10003+NYParrott Pl+10003|NYParrott Pl10003'
-74.0215,40.7868,1,0,'NJ55th St10003+NJJackson St+10003'
-74.0215,40.6399,2,3,'NY3rd Ave10003+NY63rd St+10003|NY63rd St10003'
-74.0215,40.6409,0,1,'NY62nd St10003|NY62nd St10003+NYI 278+10003|NY62nd St10003+NYGowanus Expy+10003|NY62nd St10003+NYLeif Ericson Dr+10003|NY62nd St10003+NY3rd Ave+10003|NY62nd St10003+NYBelt Pkwy+10003|NYGowanus Expy10001|NYGowanus Expy10001+NYGowanus Expy+10001|NYGowanus Expy10001+NYLeif Ericson Dr+10001|NYGowanus Expy10001+NYBelt Pkwy+10001|NYGowanus Expy10001+NY3rd Ave+10001|NYLeif Ericson Dr10002|NYLeif Ericson Dr10002+NY3rd Ave+10002|NY3rd Ave10001|NY3rd Ave10001+NYBelt Pkwy+10001|NYBelt Pkwy10002'
-74.0215,40.7821,0,1,'NJBergenline Ave10003|NJBergenline Ave10003+NJ49th St+10003|NJ49th St10003|NJ49th St10003+NJBergenline Pl+10003|NJBergenline Pl10003'
-74.0215,40.6482,0,2,'NY54th St10003|NY54th St10003+NY1st Ave+10003'
-74.0214,40.6224,0,4,'NYGatling Pl10003|NYGatling Pl10003+NY82nd St+10003|NY82nd St10003'
-74.0214,40.8732,0,1,'NJQueen Anne Rd10003+NJFort Lee Rd+10003'
-74.0214,40.7679,0,3,'NJKennedy Blvd E10003+NJN Marginal Hwy+10003|NJN Marginal Hwy10003|NJN Marginal Hwy10003+NJBoulevard E+10003|NJN Marginal Hwy10003+NJJ F Kennedy Blvd E+10003|NJBoulevard E10003|NJJ F Kennedy Blvd E10003'
-74.0214,40.7667,1,0,'NJLincoln Tunnel Helix10001+NJI 495+10001|NJI 49510001|NJI 49510001+NJI 495+10001'
-74.0214,40.6326,3,141,'NY5th Ave10003+NYOvington Ave+10003'
-74.0214,40.8343,1,1,'NJI 9510001|NJI 9510001+NJNew Jersey Tpke+10001|NJI 9510001+NJI 95+10001|NJNew Jersey Tpke10001|NJNew Jersey Tpke10001+NJNew Jersey Tpke+10001|NJNew Jersey Tpke10001+NJI 95+10001'
-74.0214,40.6380,0,46,'NY65th St10003|NY65th St10003+NY4th Ave+10003'
-74.0213,40.7766,2,5,'NJHudson Ave10003+NJ43rd St+10003'
-74.0213,40.7734,0,1,'NJPark Ave10003+NJ39th St+10003|NJ39th St10003'
-74.0212,40.7670,2,1,'NJI 49510001|NJI 49510001+NJI 495+10001'
-74.0212,40.7782,0,1,'NJPalisade Ave10003+NJ45th St+10003'
-74.0212,40.7667,1,1,'NJI 49510001|NJI 49510001+NJI 495+10001'
-74.0212,40.6185,5,38,'NY7th Ave10003+NY86th St+10003'
-74.0212,40.7925,0,1,'NJ61st St10003+NJKennedy Blvd+10003|NJ61st St10003+NJJohn F Kennedy Blvd+10003|NJ61st St10003+NJState Rte 501+10003'
-74.0212,40.6258,0,28,'NY6th Ave10003+NY78th St+10003'
-74.0212,40.6407,0,6,'NY62nd St10003+NY3rd Ave+10003'
-74.0212,40.6416,0,16,'NY61st St10003|NY61st St10003+NY3rd Ave+10003'
-74.0212,40.6213,0,2,'NY83rd St10003|NY83rd St10003+NYDyker Pl+10003'
-74.0212,40.9110,0,1,'NJWashburn St10003'
-74.0212,40.7702,0,3,'NJSterling Ave10003|NJSterling Ave10003+NJJefferson St+10003|NJJefferson St10003'
-74.0211,40.6231,0,23,'NY81st St10003|NY81st St10003+NYFort Hamilton Pkwy+10003|NY81st St10003+NY7th Ave+10003'
-74.0211,40.6382,4,1,'NYI 27810001+NY4th Ave+10001|NYGowanus Expy10001+NY4th Ave+10001'
-74.0211,40.8503,1,0,'NJTeaneck Rd10003+NJVoorhees Pl+10003|NJVoorhees Pl10003'
-74.0211,40.8596,0,1,'NJEhler Ct10003|NJEhler Ct10003+NJPreston St+10003'
-74.0210,40.7641,1,2,'NJPort Imperial Blvd10003|NJPort Imperial Blvd10003+NJHarbor Blvd+10003|NJPort Imperial Blvd10003+NJBaldwin Ave+10003|NJHarbor Blvd10003|NJHarbor Blvd10003+NJBaldwin Ave+10003|NJBaldwin Ave10003'
-74.0210,40.7718,1,1,'NJHighwood Ter10003+NJHauxhurst Ave+10003|NJHighwood Ter10003+NJEdgar St+10003|NJHauxhurst Ave10003|NJHauxhurst Ave10003+NJEdgar St+10003|NJEdgar St10003'
-74.0210,40.6335,5,32,'NY5th Ave10003+NY69th St+10003|NY5th Ave10003+NYBay Ridge Ave+10003'
-74.0210,40.8505,0,1,'NJTeaneck Rd10003+NJEmerson St+10003|NJEmerson St10003'
-74.0210,40.6452,0,7,'NY57th St10003+NY2nd Ave+10003'
-74.0210,40.7740,1,0,'NJPark Ave10003+NJ40th St+10003|NJ40th St10003'
-74.0209,40.6193,1,23,'NY7th Ave10003+NY85th St+10003'
-74.0209,40.7662,4,3,'NJKingswood Rd10003'
-74.0209,40.6265,0,31,'NY6th Ave10003+NY77th St+10003'
-74.0209,40.7828,0,1,'NJBergenline Ave10003+NJ50th St+10003|NJBergenline Pl10003+NJ50th St+10003|NJ50th St10003'
-74.0209,40.6224,1,3,'NYGowanus Expy10001+NYFort Hamilton Pkwy+10001|NYFort Hamilton Pkwy10003+NYI 278+10003'
-74.0209,40.8676,0,1,'NJBergen Ave10003+NJBlauvelt St+10003|NJBlauvelt St10003'
-74.0209,40.7876,2,1,'NJ56th St10003+NJJackson St+10003'
-74.0208,40.7772,0,1,'NJHudson Ave10003+NJ44th St+10003'
-74.0208,40.6386,1,9,'NY4th Ave10003+NY64th St+10003'
-74.0208,40.6414,2,18,'NY3rd Ave10003+NY61st St+10003|NY61st St10003'
-74.0207,40.7865,1,0,'NJ55th St10003+NJPolk St+10003'
-74.0207,40.6342,3,52,'NY68th St10003+NY5th Ave+10003'
-74.0207,40.6422,0,2,'NY60th St10003|NY60th St10003+NY3rd Ave+10003'
-74.0206,40.6237,0,8,'NYFort Hamilton Pkwy10003+NY80th St+10003|NY80th St10003|NY80th St10003+NY7th Ave+10003'
-74.0206,40.7997,2,1,'NJColumbia Ave10003'
-74.0206,40.7811,0,1,'NJNew York Ave10003|NJNew York Ave10003+NJ48th St+10003|NJNew York Ave10003+NJCo Rd 684+10003'
-74.0206,40.6273,0,45,'NY6th Ave10003+NY76th St+10003'
-74.0206,40.6200,0,13,'NY7th Ave10003+NY84th St+10003'
-74.0206,40.7727,2,0,'NJEdgar St10003'
-74.0206,40.7670,1,2,'NJI 49510001+NJKingswood Rd+10001'
-74.0205,40.7746,1,5,'NJPark Ave10003+NJ41st St+10003|NJ41st St10003'
-74.0205,40.6181,3,11,'NY10th Ave10003|NY10th Ave10003+NY86th St+10003'
-74.0205,40.6347,1,7,'NY5th Ave10003+NYSenator St+10003|NYSenator St10003'
-74.0205,40.7628,3,5,'NJHarbor Blvd10003+NJWaterfront Ter+10003|NJWaterfront Ter10003'
-74.0205,40.7909,1,2,'NJJefferson St10003+NJ60th St+10003'
-74.0204,40.6457,0,18,'NY2nd Ave10003+NY56th St+10003'
-74.0204,40.6350,0,7,'NYSenator St10003|NYSenator St10003+NY5th Ave+10003'
-74.0203,40.9071,1,0,'NJOgden Ave10003|NJOgden Ave10003+NJJefferson St+10003'
-74.0203,40.6207,1,22,'NY83rd St10003+NY7th Ave+10003'
-74.0203,40.9168,1,1,'NJWarren St10003'
-74.0203,40.6281,1,81,'NY75th St10003+NY6th Ave+10003|NY6th Ave10003+NYBay Ridge Pkwy+10003'
-74.0202,40.6420,0,10,'NY3rd Ave10003+NY60th St+10003|NY60th St10003'
-74.0202,40.6391,2,31,'NY4th Ave10003+NY63rd St+10003'
-74.0202,40.7686,0,9,'NJBellevue Ter10003|NJBellevue Ter10003+NJBonn Pl+10003|NJBellevue Ter10003+NJKingswood Rd+10003|NJBonn Pl10003|NJBonn Pl10003+NJKingswood Rd+10003|NJKingswood Rd10003'
-74.0202,40.6356,3,35,'NY67th St10003+NY5th Ave+10003'
-74.0202,40.7716,3,1,'NJHighwood Ter10003+NJNesbit St+10003|NJNesbit St10003'
-74.0201,40.7752,1,7,'NJPark Ave10003+NJLiberty Pl+10003|NJLiberty Pl10003'
-74.0201,40.7992,2,2,'NJGrand Ave10003+NJ69th St+10003|NJ69th St10003'
-74.0201,40.7752,0,1,'NJ42nd St10003|NJ42nd St10003+NJPark Ave+10003'
-74.0201,40.8998,0,1,'NJS Forest Dr10003|NJS Forest Dr10003+NJS Forest Dr+10003'
-74.0201,40.7899,1,0,'NJ59th St10003+NJAdams St+10003|NJAdams St10003'
-74.0201,40.6429,0,1,'NY59th St10003|NY59th St10003+NY3rd Ave+10003'
-74.0201,40.6224,1,5,'NYDyker Pl10003|NYDyker Pl10003+NYFort Hamilton Pkwy+10003|NYDyker Pl10003+NY81st St+10003|NYFort Hamilton Pkwy10003+NY81st St+10003|NY81st St10003'
-74.0201,40.7703,6,10,'NJParkview Ave10003'
-74.0201,40.6243,0,8,'NY79th St10003|NY79th St10003+NYFort Hamilton Pkwy+10003|NY79th St10003+NY7th Ave+10003|NYFort Hamilton Pkwy10003|NYFort Hamilton Pkwy10003+NYFort Hamilton Pkwy+10003|NY7th Ave10003+NYFort Hamilton Pkwy+10003'
-74.0200,40.6215,0,4,'NY7th Ave10003+NY82nd St+10003'
-74.0200,40.7861,0,2,'NJ55th St10003+NJMadison St+10003'
-74.0200,40.6288,0,14,'NY6th Ave10003+NY74th St+10003|NY74th St10003'
-74.0199,40.6187,0,18,'NY85th St10003+NY10th Ave+10003'
-74.0199,40.9124,0,4,'NJWinthrop Rd10003+NJHanover St+10003|NJHanover St10003'
-74.0198,40.6463,0,27,'NY2nd Ave10003+NY55th St+10003'
-74.0198,40.6292,0,32,'NY6th Ave10003+NY74th St+10003|NY74th St10003'
-74.0198,40.7807,3,5,'NJPalisade Ave10003+NJ48th St+10003|NJPalisade Ave10003+NJCo Rd 684+10003'
-74.0198,40.7842,0,1,'NJ52nd St10003|NJ52nd St10003+NJBergenline Ave+10003|NJ52nd St10003+NJBergenline Pl+10003'
-74.0198,40.7983,1,0,'NJ68th St10003'
-74.0197,40.6329,0,50,'NY69th St10003+NYVista Pl+10003|NYVista Pl10003|NYVista Pl10003+NYBay Ridge Ave+10003'
-74.0197,40.6222,0,11,'NY7th Ave10003+NY81st St+10003'
-74.0197,40.6361,4,12,'NY5th Ave10003+NY66th St+10003'
-74.0197,40.6287,0,9,'NY74th St10003+NYStewart Ave+10003|NYStewart Ave10003'
-74.0197,40.6296,0,15,'NY73rd St10003|NY73rd St10003+NY6th Ave+10003'
-74.0196,40.7758,0,20,'NJPark Ave10003+NJClifton Ter+10003|NJPark Ave10003+NJ43rd St+10003|NJClifton Ter10003|NJClifton Ter10003+NJ43rd St+10003|NJ43rd St10003'
-74.0196,40.6249,0,9,'NY78th St10003|NY78th St10003+NY7th Ave+10003'
-74.0196,40.6397,1,26,'NY62nd St10003+NY4th Ave+10003'
-74.0196,40.8725,1,1,'NJFort Lee Rd10003+NJBeech St+10003|NJBeech St10003'
-74.0196,40.8673,1,0,'NJPark Ave10003+NJBlauvelt St+10003|NJBlauvelt St10003'
-74.0196,40.9259,0,1,'NJBulger Ave10003'
-74.0195,40.6299,0,51,'NY6th Ave10003+NY73rd St+10003|NY73rd St10003'
-74.0195,40.6426,0,4,'NY3rd Ave10003+NY59th St+10003|NY59th St10003'
-74.0195,40.6434,1,3,'NY58th St10003|NY58th St10003+NY3rd Ave+10003'
-74.0195,40.8344,0,1,'NJVictoria Ter10003'
-74.0195,40.6243,1,1,'NYGowanus Expy10001+NYFort Hamilton Pkwy+10001|NYI 27810001+NYFort Hamilton Pkwy+10001'
-74.0194,40.7714,1,3,'NJKennedy Blvd E10003+NJHighwood Ter+10003|NJHighwood Ter10003|NJHighwood Ter10003+NJBoulevard E+10003|NJHighwood Ter10003+NJJ F Kennedy Blvd E+10003'
-74.0194,40.7683,0,1,'NJBellevue St10003|NJBellevue St10003+NJBellevue Ter+10003|NJBellevue St10003+NJKing Ave+10003|NJBellevue Ter10003|NJBellevue Ter10003+NJKing Ave+10003|NJKing Ave10003'
-74.0194,40.6229,0,8,'NY7th Ave10003+NYFort Hamilton Pkwy+10003|NY7th Ave10003+NY80th St+10003|NYFort Hamilton Pkwy10003|NYFort Hamilton Pkwy10003+NYFort Hamilton Pkwy+10003|NYFort Hamilton Pkwy10003+NY80th St+10003|NY80th St10003'
-74.0194,40.6303,0,8,'NY6th Ave10003+NY72nd St+10003|NY72nd St10003'
-74.0193,40.7813,1,3,'NJPalisade Ave10003+NJ49th St+10003'
-74.0193,40.6192,0,11,'NY84th St10003+NY10th Ave+10003'
-74.0193,40.6366,1,1,'NY5th Ave10003+NY65th St+10003|NY65th St10003'
-74.0193,40.6256,0,10,'NY7th Ave10003+NY77th St+10003|NY77th St10003'
-74.0193,40.6335,0,17,'NY68th St10003+NYVista Pl+10003|NYVista Pl10003'
-74.0193,40.6306,0,25,'NY6th Ave10003+NY72nd St+10003|NY72nd St10003'
-74.0193,40.6469,0,28,'NY2nd Ave10003+NY54th St+10003'
-74.0192,40.7788,2,3,'NJ46th St10003|NJ46th St10003+NJHudson Ave+10003'
-74.0192,40.7664,1,1,'NJPort Imperial Blvd10003+NJI 495+10003'
-74.0192,40.7714,5,14,'NJKennedy Blvd E10003+NJHighwood Ave+10003|NJKennedy Blvd E10003+NJParkview Ave+10003|NJHighwood Ave10003|NJHighwood Ave10003+NJDuer Pl+10003|NJHighwood Ave10003+NJParkview Ave+10003|NJHighwood Ave10003+NJBoulevard E+10003|NJHighwood Ave10003+NJJ F Kennedy Blvd E+10003|NJDuer Pl10003|NJDuer Pl10003+NJParkview Ave+10003|NJParkview Ave10003|NJParkview Ave10003+NJBoulevard E+10003|NJParkview Ave10003+NJJ F Kennedy Blvd E+10003'
-74.0192,40.7682,6,4,'NJBellevue St10003'
-74.0192,40.7764,0,3,'NJColumbia Ter10003|NJColumbia Ter10003+NJPark Ave+10003|NJColumbia Ter10003+NJ44th St+10003|NJPark Ave10003+NJ44th St+10003|NJ44th St10003'
-74.0192,40.7048,5,0,'NYEsplanade10003'
-74.0192,40.6293,0,2,'NY73rd St10003+NYStewart Ave+10003'
-74.0191,40.6504,0,1,'NY1st Ave10003+NY50th St+10003|NY50th St10003'
-74.0191,40.8948,0,1,'NJStandish Rd10003|NJStandish Rd10003+NJGarrison Ave+10003'
-74.0191,40.6236,0,10,'NY7th Ave10003+NY79th St+10003|NYFort Hamilton Pkwy10003+NY79th St+10003|NY79th St10003'
-74.0191,40.6310,1,17,'NY6th Ave10003+NY71st St+10003|NY71st St10003'
-74.0190,40.6367,0,6,'NYI 27810001+NY5th Ave+10001|NY5th Ave10003+NYGowanus Expy+10003'
-74.0190,40.6403,2,48,'NY4th Ave10003+NY61st St+10003'
-74.0190,40.7666,0,3,'NJPort Imperial Blvd10003+NJI 495+10003'
-74.0190,40.6431,7,13,'NY3rd Ave10003+NY58th St+10003|NY58th St10003'
-74.0190,40.6263,1,22,'NY76th St10003+NY7th Ave+10003'
-74.0189,40.7738,1,1,'NJHighwood Ave10003+NJEldorado Pl+10003|NJEldorado Pl10003'
-74.0189,40.8274,1,0,'NJPleasantview Ter10003|NJPleasant View Ter W10003'
-74.0189,40.7874,1,0,'NJ57th St10003+NJMadison St+10003'
-74.0189,40.6314,0,95,'NY6th Ave10003+NYOvington Ave+10003'
-74.0188,40.7949,0,1,'NJSmith Ave10003+NJ64th St+10003'
-74.0188,40.6440,0,10,'NY57th St10003|NY57th St10003+NY3rd Ave+10003'
-74.0188,40.6243,0,13,'NY78th St10003|NY78th St10003+NY7th Ave+10003|NY78th St10003+NYFort Hamilton Pkwy+10003|NY7th Ave10003+NYFort Hamilton Pkwy+10003|NYFort Hamilton Pkwy10003|NYFort Hamilton Pkwy10003+NYFort Hamilton Pkwy+10003'
-74.0187,40.7745,1,1,'NJHighwood Ave10003|NJHighwood Ave10003+NJLiberty Pl+10003'
-74.0187,40.7066,1,5,'NY1 Pl10003|NY1st Pl10003'
-74.0187,40.6198,0,6,'NY83rd St10003+NY10th Ave+10003'
-74.0187,40.6474,0,12,'NY2nd Ave10003+NY53rd St+10003'
-74.0187,40.7770,0,2,'NJFulton St10003|NJFulton St10003+NJPark Ave+10003|NJFulton St10003+NJ45th St+10003|NJPark Ave10003+NJ45th St+10003|NJ45th St10003'
-74.0186,40.6271,1,24,'NY75th St10003+NY7th Ave+10003|NYBay Ridge Pkwy10003+NY7th Ave+10003'
-74.0186,40.6261,0,7,'NYGowanus Expy10001+NY76th St+10001|NY76th St10003|NY76th St10003+NYI 278+10003'
-74.0186,40.8045,1,0,'NJTonnele Ave10002+NJ76th St+10002|NJUS Hwy 910002+NJ76th St+10002|NJ76th St10003|NJ76th St10003+NJUS Hwy 1+10003'
-74.0186,40.6299,0,2,'NYStewart Ave10003+NY72nd St+10003'
-74.0186,40.7694,2,3,'NJKing Ave10003+NJHamilton Ave+10003|NJHamilton Ave10003'
-74.0186,40.8519,0,1,'NJOverpeck Ave10003'
-74.0185,40.6323,0,17,'NY69th St10003+NY6th Ave+10003|NY6th Ave10003+NYBay Ridge Ave+10003'
-74.0185,40.6372,0,3,'NY5th Ave10003+NY64th St+10003|NY64th St10003'
-74.0185,40.8841,0,1,'NJPalmer Ave10003+NJVandelinda Ave+10003'
-74.0185,40.8720,0,2,'NJWoodbine St10003|NJWoodbine St10003+NJFort Lee Rd+10003'
-74.0184,40.6745,0,41,'NYConover St10003'
-74.0184,40.6408,10,22,'NY60th St10003+NY4th Ave+10003'
-74.0184,40.7748,1,1,'NJCarroll Pl10003'
-74.0184,40.6438,0,5,'NY3rd Ave10003+NY57th St+10003|NY57th St10003'
-74.0184,40.7711,0,4,'NJKennedy Blvd E10003+NJBonn Pl+10003|NJBonn Pl10003|NJBonn Pl10003+NJBoulevard E+10003|NJBonn Pl10003+NJJ F Kennedy Blvd E+10003'
-74.0184,40.7825,1,4,'NJPalisade Ave10003+NJ51st St+10003'
-74.0183,40.6279,1,23,'NY74th St10003|NY74th St10003+NY7th Ave+10003'
-74.0183,40.6167,1,5,'NY11th Ave10003|NY11th Ave10003+NY86th St+10003'
-74.0183,40.6269,1,0,'NYGowanus Expy10001+NY75th St+10001|NYGowanus Expy10001+NYBay Ridge Pkwy+10001|NY75th St10003+NYI 278+10003|NYBay Ridge Pkwy10003+NYI 278+10003'
-74.0183,40.6445,0,14,'NY56th St10003|NY56th St10003+NY3rd Ave+10003'
-74.0183,40.7105,79,1389,'NYAlbany St10003|NYAlbany St10003+NYEsplanade+10003'
-74.0182,40.6330,0,13,'NY68th St10003+NY6th Ave+10003'
-74.0182,40.6041,1,4,'NYBay 8th St10003|NYBay 8th St10003+NYShore Pkwy N+10003|NYShore Pkwy N10003'
-74.0182,40.7087,113,1365,'NYW Thames St10003'
-74.0182,40.9056,0,1,'NJW Englewood Ave10003+NJHudson Rd+10003'
-74.0182,40.6203,1,7,'NY82nd St10003+NY10th Ave+10003'
-74.0181,40.6305,0,2,'NYStewart Ave10003+NY71st St+10003'
-74.0181,40.8640,0,1,'NJRoosevelt Ave10003+NJEdwin St+10003|NJEdwin St10003'
-74.0181,40.6480,1,10,'NY2nd Ave10003+NY52nd St+10003'
-74.0181,40.6286,0,7,'NY73rd St10003|NY73rd St10003+NY7th Ave+10003'
-74.0180,40.7775,0,1,'NJPark Ave10003+NJCooper Pl+10003|NJCooper Pl10003'
-74.0180,40.8885,0,5,'NJPalisade Ave10003+NJRailroad Pl+10003|NJPalisade Ave10003+NJFrances St+10003|NJRailroad Pl10003|NJRailroad Pl10003+NJFrances St+10003|NJFrances St10003'
-74.0180,40.6248,0,40,'NY77th St10003|NY77th St10003+NYFort Hamilton Pkwy+10003'
-74.0180,40.6337,0,8,'NYSenator St10003|NYSenator St10003+NY6th Ave+10003'
-74.0180,40.7070,7,22,'NY2nd Pl10003|NY2 Pl10003'
-74.0179,40.6378,0,35,'NY5th Ave10003+NY63rd St+10003'
-74.0179,40.7062,714,854,'NY1 Pl10003+NYBattery Pl+10003|NY1 Pl10003+NYBowling Grn+10003|NY1st Pl10003+NYBattery Pl+10003|NY1st Pl10003+NYBowling Grn+10003'
-74.0179,40.8961,0,1,'NJBillington Rd10003|NJBillington Rd10003+NJSussex Rd+10003'
-74.0179,40.6442,5,16,'NY56th St10003|NY56th St10003+NY3rd Ave+10003'
-74.0178,40.6266,1,10,'NY7th Ave10003+NY75th St+10003|NY7th Ave10003+NYBay Ridge Pkwy+10003'
-74.0178,40.6414,7,36,'NY59th St10003+NY4th Ave+10003'
-74.0178,40.6341,1,16,'NY67th St10003+NY6th Ave+10003'
-74.0178,40.6294,0,14,'NY7th Ave10003+NY72nd St+10003|NY72nd St10003'
-74.0178,40.7806,0,1,'NJ49th St10003+NJHudson Ave+10003'
-74.0178,40.8119,1,2,'NJ85th St10003'
-74.0178,40.7120,201,2098,'NYEsplanade10003'
-74.0178,40.7741,0,1,'NJPotter Pl10003|NJPotter Pl10003+NJLiberty Pl+10003'
-74.0177,40.8470,1,0,'NJUS Rte 4610002+NJNew Jersey Tpke+10002|NJUS Rte 4610002+NJI 95+10002'
-74.0177,40.6309,0,3,'NYOvington Ave10003+NYStewart Ave+10003'
-74.0177,40.7080,60,720,'NYS End Ave10003'
-74.0177,40.6173,0,3,'NY11th Ave10003+NY85th St+10003'
-74.0177,40.6450,0,13,'NY55th St10003|NY55th St10003+NY3rd Ave+10003'
-74.0176,40.6036,0,2,'NYShore Pkwy N10003+NY15th Ave+10003|NY15th Ave10003'
-74.0176,40.7707,0,6,'NJKennedy Blvd E10003+NJKing Ave+10003|NJKing Ave10003|NJKing Ave10003+NJBoulevard E+10003|NJKing Ave10003+NJJ F Kennedy Blvd E+10003'
-74.0176,40.7068,292,998,'NYBattery Pl10003+NY2 Pl+10003|NYBowling Grn10003+NY2 Pl+10003'
-74.0176,40.6209,0,19,'NY81st St10003+NY10th Ave+10003'
-74.0176,40.6301,1,3,'NY71st St10003|NY71st St10003+NY7th Ave+10003'
-74.0176,40.9438,0,1,'NJEagle Ave10003|NJEagle Ave10003+NJDemarest Ave+10003'
-74.0175,40.6776,2,9,'NYFerris St10003|NYFerris St10003+NYVan Dyke St+10003'
-74.0175,40.6485,0,3,'NY51st St10003+NY2nd Ave+10003'
-74.0175,40.6347,2,29,'NY66th St10003|NY66th St10003+NY6th Ave+10003'
-74.0175,40.7076,84,373,'NY3 Pl10003|NY3rd Pl10003'
-74.0174,40.7861,3,3,'NJGrant Pl10003|NJGrant Pl10003+NJ56th St+10003'
-74.0174,40.7085,545,917,'NYW Thames St10003+NYS End Ave+10003'
-74.0174,40.6521,0,1,'NY1st Ave10003+NY47th St+10003|NY47th St10003'
-74.0174,40.8820,0,1,'NJQueen Anne Rd10003+NJSherman Ave+10003|NJSherman Ave10003'
-74.0174,40.6383,1,28,'NY62nd St10003+NY5th Ave+10003'
-74.0173,40.6307,1,5,'NYOvington Ave10003+NY7th Ave+10003'
-74.0173,40.6051,0,10,'NYBay 8th St10003+NYIndependence Ave+10003|NYIndependence Ave10003'
-74.0173,40.7787,3,3,'NJBroadway10003|NJBroadway10003+NJ47th St+10003|NJBroadway10003+NJCo Rd 680+10003|NJ47th St10003|NJCo Rd 68010003'
-74.0173,40.7747,1,1,'NJClifton Ter10003+NJPotter Pl+10003'
-74.0173,40.6755,12,70,'NYReed St10003|NYReed St10003+NYConover St+10003'
-74.0173,40.6253,0,18,'NY76th St10003|NY76th St10003+NYFort Hamilton Pkwy+10003'
-74.0173,40.7780,0,6,'NJPark Ave10003+NJ46th St+10003|NJ46th St10003'
-74.0172,40.7787,1,0,'NJBroadway10003|NJBroadway10003+NJ47th St+10003|NJ47th St10003'
-74.0172,40.6420,6,83,'NY58th St10003+NY4th Ave+10003'
-74.0172,40.6737,1,20,'NYVan Brunt St10003'
-74.0172,40.6281,0,6,'NY7th Ave10003+NY8th Ave+10003|NY7th Ave10003+NY73rd St+10003|NY8th Ave10003|NY8th Ave10003+NY73rd St+10003|NY73rd St10003'
-74.0172,40.6448,0,5,'NY3rd Ave10003+NY55th St+10003|NY55th St10003'
-74.0172,40.8978,0,2,'NJSussex Rd10003+NJEmerson Ave+10003'
-74.0172,40.8061,0,1,'NJTonnele Ave10002+NJ79th St+10002|NJUS Hwy 910002+NJ79th St+10002|NJUS Hwy 110002+NJ79th St+10002|NJ79th St10003'
-74.0172,40.8739,0,1,'NJWoodbine St10003+NJDegraw Ave+10003'
-74.0171,40.6179,1,13,'NY84th St10003+NY11th Ave+10003'
-74.0171,40.6455,0,7,'NY54th St10003|NY54th St10003+NY3rd Ave+10003'
-74.0170,40.6077,0,3,'NYPoly Pl Exd10003|NYPoly Pl Exd10003+NY14th Ave+10003|NYPoly Pl Exd10003+NYCropsey Ave+10003|NY14th Ave10003|NY14th Ave10003+NYCropsey Ave+10003|NYCropsey Ave10003'
-74.0170,40.8510,0,2,'NJChristie St10003'
-74.0170,40.8012,1,0,'NJKiesel Pl10003|NJKiesel Pl10003+NJ73rd St+10003'
-74.0170,40.6215,0,9,'NY80th St10003+NY10th Ave+10003'
-74.0170,40.6042,0,2,'NYIndependence Ave10003|NYIndependence Ave10003+NY15th Ave+10003'
-74.0170,40.6352,3,20,'NYErik Pl10003|NYErik Pl10003+NY6th Ave+10003|NYErik Pl10003+NY65th St+10003|NY6th Ave10003+NY65th St+10003|NY65th St10003'
-74.0170,40.6316,0,7,'NY69th St10003|NY69th St10003+NYStewart Ave+10003|NY69th St10003+NY7th Ave+10003|NYStewart Ave10003|NYStewart Ave10003+NYBay Ridge Ave+10003|NYStewart Ave10003+NY7th Ave+10003|NYBay Ridge Ave10003|NYBay Ridge Ave10003+NY7th Ave+10003'
-74.0169,40.6288,0,1,'NY7th Ave10003+NY72nd St+10003|NY72nd St10003'
-74.0169,40.6491,0,3,'NY2nd Ave10003+NY50th St+10003'
-74.0169,40.7689,2,1,'NJPort Imperial Blvd10003+NJOxford Lndg+10003|NJOxford Lndg10003'
-74.0169,40.6781,0,26,'NYFerris St10003+NYCoffey St+10003'
-74.0169,40.7818,0,5,'NJ51st St10003+NJHudson Ave+10003|NJ51st St10003+NJBennett Ave+10003|NJHudson Ave10003+NJBennett Ave+10003|NJBennett Ave10003'
-74.0169,40.7151,37,19,'NYRiver Ter10003|NYRiver Ter10003+NYVesey St+10003|NYVesey St10003'
-74.0168,40.7737,0,7,'NJLiberty Pl10003+NJBurr Pl+10003|NJBurr Pl10003'
-74.0168,40.6354,5,15,'NYI 27810001|NYI 27810001+NYI 278+10001|NYI 27810001+NYGowanus Expy+10001|NYI 27810001+NY6th Ave+10001|NYGowanus Expy10001|NYGowanus Expy10001+NYGowanus Expy+10001|NYGowanus Expy10001+NYI 278+10001|NYGowanus Expy10001+NY6th Ave+10001|NY6th Ave10003+NYGowanus Expy+10003'
-74.0168,40.7753,0,1,'NJColumbia Ter10003+NJPotter Pl+10003'
-74.0168,40.7708,0,3,'NJKennedy Blvd E10003+NJHamilton Ave+10003|NJHamilton Ave10003|NJHamilton Ave10003+NJBoulevard E+10003|NJHamilton Ave10003+NJJ F Kennedy Blvd E+10003'
-74.0168,40.7140,145,68,'NYN End Ave10003'
-74.0168,40.6389,2,31,'NY5th Ave10003+NY61st St+10003'
-74.0168,40.7093,3143,7690,'NYRector Pl10003'
-74.0168,40.7065,467,1794,'NY2nd Pl10003'
-74.0167,40.7154,26,89,'NYVesey Pl10003|NYVesey Pl10003+NYRiver Ter+10003|NYVesey Pl10003+NYVesey St+10003|NYRiver Ter10003|NYRiver Ter10003+NYVesey St+10003|NYRiver Ter10003+NYRiver Ter+10003|NYVesey St10003|NYVesey St10003+NYRiver Ter+10003'
-74.0167,40.7073,473,1435,'NY3 Pl10003|NY3rd Pl10003'
-74.0167,40.7883,0,1,'NJ59th St10003|NJ59th St10003+NJBergenline Pl+10003|NJ59th St10003+NJBergenline Ave+10003'
-74.0167,40.9692,1,1,'NJAuricchio Ave10003'
-74.0167,40.7857,0,1,'NJ56th St10003+NJGaw Pl+10003|NJGaw Pl10003'
-74.0167,40.6323,0,9,'NY68th St10003|NY68th St10003+NY7th Ave+10003'
-74.0167,40.6453,0,4,'NY3rd Ave10003+NY54th St+10003|NY54th St10003'
-74.0167,40.6425,4,41,'NY57th St10003+NY4th Ave+10003'
-74.0167,40.6760,7,80,'NYConover St10003+NYBeard St+10003|NYBeard St10003'
-74.0166,40.6296,0,2,'NY7th Ave10003+NY71st St+10003|NY71st St10003'
-74.0166,40.6287,0,6,'NY72nd St10003+NY8th Ave+10003'
-74.0166,40.7081,836,2601,'NYW Thames St10003+NYBattery Pl+10003|NYW Thames St10003+NYBowling Grn+10003|NYBattery Pl10003|NYBowling Grn10003'
-74.0166,40.8788,0,1,'NJMildred St10003'
-74.0166,40.7784,6,10,'NJPark Ave10003+NJ47th St+10003'
-74.0166,40.7980,0,1,'NJSmith Ave10003+NJ70th St+10003'
-74.0166,40.7153,117,209,'NYVesey Pl10003|NYVesey Pl10003+NYVesey St+10003|NYVesey Pl10003+NYRiver Ter+10003'
-74.0165,40.7712,1,2,'NJDuer Pl10003'
-74.0165,40.7047,818,3814,'NYWest St10003|NYWest St10003+NYBattery Pl+10003|NYWest St10003+NYS Street Viaduct+10003|NYWest St10003+NYBowling Grn+10003|NYWest St10003+NYS St Viaduct+10003|NYBattery Pl10003+NYS Street Viaduct+10003|NYBattery Pl10003+NYS St Viaduct+10003|NYS Street Viaduct10003|NYS Street Viaduct10003+NYBowling Grn+10003|NYS Street Viaduct10003+NYS St Viaduct+10003|NYBowling Grn10003+NYS St Viaduct+10003|NYS St Viaduct10003'
-74.0165,40.6184,0,8,'NY83rd St10003+NY11th Ave+10003'
-74.0165,40.6047,0,26,'NYIndependence Ave10003|NYIndependence Ave10003+NY15th Ave+10003'
-74.0165,40.7848,0,1,'NJ55th St10003|NJ55th St10003+NJPalisade Ave+10003'
-74.0165,40.6258,1,8,'NY75th St10003+NYFort Hamilton Pkwy+10003|NYBay Ridge Pkwy10003+NYFort Hamilton Pkwy+10003'
-74.0165,40.6461,0,8,'NY53rd St10003|NY53rd St10003+NY3rd Ave+10003'
-74.0165,40.8901,0,1,'NJCherry Ln10003|NJCherry Ln10003+NJPalisade Ave+10003'
-74.0165,40.7051,2085,5169,'NYBattery Pl10003|NYBattery Pl10003+NYWest St+10003|NYBattery Pl10003+NYS St Viaduct+10003|NYWest St10003|NYWest St10003+NYS St Viaduct+10003|NYS St Viaduct10003|NYS St Viaduct10003+NYS St Viaduct+10003'
-74.0164,40.7163,298,2050,'NYMurray St10003|NYMurray St10003+NYRiver Ter+10003'
-74.0164,40.6220,0,17,'NY79th St10003+NY10th Ave+10003'
-74.0164,40.7687,1,3,'NJOxford Lndg10003+NJCambridge Way+10003|NJCambridge Way10003'
-74.0164,40.7824,1,2,'NJ52nd St10003+NJHudson Ave+10003'
-74.0164,40.7053,714,1446,'NYS St Viaduct10003|NYS St Viaduct10003+NYS St Viaduct+10003|NYS St Viaduct10003+NY1 Pl+10003|NYS St Viaduct10003+NY1st Pl+10003|NYS St Viaduct10003+NYWest St+10003|NY1 Pl10003|NY1 Pl10003+NYWest St+10003|NY1st Pl10003|NY1st Pl10003+NYWest St+10003|NYWest St10003'
-74.0164,40.6332,0,2,'NY67th St10003|NY67th St10003+NY7th Ave+10003'
-74.0164,40.7958,0,1,'NJKennedy Blvd10002+NJ67th St+10002|NJ67th St10003|NJ67th St10003+NJJohn F Kennedy Blvd+10003|NJ67th St10003+NJState Rte 501+10003'
-74.0164,40.7694,1,0,'NJPort Imperial Blvd10003+NJHenry Pl+10003|NJHenry Pl10003'
-74.0163,40.7679,0,25,'NJHenry Pl10003|NJHenry Pl10003+NJCambridge Way+10003|NJCambridge Way10003'
-74.0163,40.6303,0,13,'NY70th St10003|NY70th St10003+NY7th Ave+10003|NY70th St10003+NYOvington Ave+10003|NY7th Ave10003+NYOvington Ave+10003|NYOvington Ave10003'
-74.0163,40.6497,0,4,'NY2nd Ave10003+NY49th St+10003'
-74.0163,40.7760,2,4,'NJFulton St10003+NJPotter Pl+10003|NJPotter Pl10003'
-74.0163,40.7799,1,0,'NJBroadway10003+NJ49th St+10003'
-74.0163,40.6359,0,1,'NY64th St10003|NY64th St10003+NY6th Ave+10003'
-74.0163,40.8109,5,6,'NJMazzoni Pl10003|NJMazzoni Pl10003+NJ85th St+10003'
-74.0163,40.6332,0,2,'NYErik Pl10003|NYErik Pl10003+NY7th Ave+10003'
-74.0163,40.8627,0,1,'NJTeaneck Rd10003+NJGordon St+10003|NJGordon St10003'
-74.0163,40.6787,1,1,'NYFerris St10003+NYDikeman St+10003'
-74.0163,40.7064,285,726,'NYLittle West St10003|NYLittle West St10003+NY2 Pl+10003'
-74.0163,40.8549,0,1,'NJOverlook Ave10003|NJOverlook Ave10003+NJMorningside Ln+10003|NJMorningside Ln10003'
-74.0162,40.6550,0,1,'NY43rd St10003'
-74.0162,40.8028,0,1,'NJ75th St10003|NJ75th St10003+NJCottage Ave+10003'
-74.0162,40.6072,0,5,'NYBay 7th St10003|NYBay 7th St10003+NYCropsey Ave+10003'
-74.0162,40.7996,1,0,'NJDurham Ave10003|NJDurham Ave10003+NJ72nd St+10003'
-74.0162,40.7718,1,0,'NJKennedy Blvd E10003|NJKennedy Blvd E10003+NJJ F Kennedy Blvd E+10003|NJKennedy Blvd E10003+NJHudson Pl+10003|NJJ F Kennedy Blvd E10003|NJJ F Kennedy Blvd E10003+NJHudson Pl+10003|NJJ F Kennedy Blvd E10003+NJJ F Kennedy Blvd E+10003|NJHudson Pl10003|NJHudson Pl10003+NJBoulevard E+10003|NJHudson Pl10003+NJJ F Kennedy Blvd E+10003'
-74.0162,40.7148,3684,1318,'NYN End Ave10003+NYVesey St+10003'
-74.0162,40.6395,1,20,'NY60th St10003+NY5th Ave+10003'
-74.0161,40.6348,2,5,'NY65th St10003'
-74.0161,40.6459,1,7,'NY3rd Ave10003+NY53rd St+10003|NY53rd St10003'
-74.0161,40.6154,1,12,'NY12th Ave10003|NY12th Ave10003+NY86th St+10003'
-74.0161,40.8955,0,1,'NJBillington Rd10003|NJBillington Rd10003+NJBelle Ave+10003'
-74.0161,40.6039,0,6,'NYIndependence Ave10003+NYBay 10th St+10003|NYBay 10th St10003'
-74.0161,40.7063,390,1171,'NYS St Viaduct10003+NY2 Pl+10003|NYWest St10003+NY2 Pl+10003|NY2 Pl10003'
-74.0161,40.6431,2,40,'NY56th St10003+NY4th Ave+10003'
-74.0161,40.6292,0,16,'NY8th Ave10003+NY71st St+10003'
-74.0161,40.8735,0,3,'NJMorningside Ter10003+NJDegraw Ave+10003'
-74.0161,40.6333,0,2,'NYI 27810001+NY7th Ave+10001|NYGowanus Expy10001+NY7th Ave+10001'
-74.0161,40.7693,0,2,'NJRegency Pl10003'
-74.0160,40.6310,0,10,'NY7th Ave10003+NY69th St+10003|NY7th Ave10003+NYBay Ridge Ave+10003|NY69th St10003|NYBay Ridge Ave10003'
-74.0160,40.6747,26,96,'NYReed St10003|NYReed St10003+NYVan Brunt St+10003'
-74.0160,40.6766,5,20,'NYConover St10003+NYVan Dyke St+10003'
-74.0160,40.7940,1,0,'NJ65th St10003|NJ65th St10003+NJJackson St+10003|NJJackson St10003'
-74.0160,40.7070,147,410,'NYLittle West St10003'
-74.0160,40.8596,0,1,'NJOverpeck Ave10003+NJUnion Pl+10003'
-74.0160,40.7684,2,7,'NJOxford Lndg10003'
-74.0160,40.8798,0,1,'NJMildred St10003+NJVan Buren Ave+10003'
-74.0160,40.7151,5366,4573,'NYN End Ave10003+NYVesey St+10003|NYN End Ave10003+NYRiver Ter+10003|NYVesey St10003|NYRiver Ter10003'
-74.0160,40.6190,0,15,'NY82nd St10003+NY11th Ave+10003'
-74.0159,40.8976,1,1,'NJW Laurelton Pkwy10003|NJW Laurelton Pkwy10003+NJLaurelton Pkwy+10003|NJLaurelton Pkwy10003|NJLaurelton Pkwy10003+NJEmerson Ave+10003'
-74.0159,40.7725,0,1,'NJJ F Kennedy Blvd E10003+NJEldorado Pl+10003|NJEldorado Pl10003|NJEldorado Pl10003+NJBoulevard E+10003'
-74.0159,40.7995,1,1,'NJKelly Ln10003|NJKelly Ln10003+NJ72nd St+10003|NJKelly Ln10003+NJKelly Ln+10003|NJ72nd St10003|NJ72nd St10003+NJKelly Ln+10003|NJ72nd St10003+NJ72nd St+10003'
-74.0159,40.7830,0,1,'NJ53rd St10003+NJHudson Ave+10003'
-74.0159,40.8555,0,1,'NJOverlook Ave10003'
-74.0159,40.7067,215,892,'NYS St Viaduct10003+NYMorris St+10003|NYWest St10003+NYMorris St+10003|NYMorris St10003'
-74.0159,40.6466,0,10,'NY52nd St10003|NY52nd St10003+NY3rd Ave+10003'
-74.0159,40.7789,1,4,'NJ48th St10003+NJPark Ave+10003|NJPark Ave10003+NJCo Rd 684+10003|NJCo Rd 68410003'
-74.0159,40.7805,0,1,'NJBroadway10003+NJ50th St+10003|NJ50th St10003'
-74.0159,40.9010,0,1,'NJKensington Rd10003+NJSussex Rd+10003'
-74.0158,40.8016,1,0,'NJDurham Ave10003'
-74.0158,40.6226,0,32,'NY78th St10003+NY10th Ave+10003'
-74.0158,40.7116,10013,8522,'NYLiberty St10003|NYLiberty St10003+NYS End Ave+10003|NYS End Ave10003'
-74.0158,40.7177,336,2653,'NYWarren St10003|NYWarren St10003+NYRiver Ter+10003'
-74.0157,40.6318,0,3,'NYOvington Ave10003|NYOvington Ave10003+NY7th Ave+10003|NY7th Ave10003+NY68th St+10003|NY68th St10003'
-74.0157,40.6365,0,4,'NY6th Ave10003+NY63rd St+10003|NY63rd St10003'
-74.0157,40.7757,0,3,'NJFulton St10003+NJLouisa Pl+10003|NJLouisa Pl10003'
-74.0157,40.8647,5,5,'NJTeaneck Rd10003'
-74.0157,40.6263,0,8,'NY74th St10003|NY74th St10003+NYFort Hamilton Pkwy+10003'
-74.0157,40.8078,0,1,'NJTonnele Ave10002+NJ82nd St+10002|NJUS Hwy 910002+NJ82nd St+10002|NJUS Hwy 110002+NJ82nd St+10002|NJ82nd St10003'
-74.0157,40.6335,0,1,'NYGowanus Expy10001+NY7th Ave+10001|NYI 27810001+NY7th Ave+10001|NY66th St10003|NY66th St10003+NY7th Ave+10003'
-74.0157,40.7050,707,1118,'NYBattery Pl10003+NYWashington St+10003|NYBattery Pl10003+NYW U I Plz+10003|NYWashington St10003|NYW U I Plz10003'
-74.0157,40.6792,0,8,'NYFerris St10003+NYWolcott St+10003'
-74.0156,40.7019,12,12,'NYBrooklyn Battery Tunl10001+NYS Street Viaduct+10001|NYI 47810001+NYS Street Viaduct+10001'
-74.0156,40.7074,102,319,'NYS St Viaduct10003|NYS St Viaduct10003+NYI 478+10003|NYS St Viaduct10003+NYBrooklyn Battery Tunl+10003|NYS St Viaduct10003+NY12th Ave+10003|NYS St Viaduct10003+NYState Rte 9a+10003|NYS St Viaduct10003+NYWest St+10003|NYWest St10003|NYWest St10003+NYI 478+10003|NYWest St10003+NYBrooklyn Battery Tunl+10003|NYWest St10003+NY12th Ave+10003|NYWest St10003+NYState Rte 9a+10003|NYWest St10003+NYWest St+10003|NYI 47810001|NYI 47810001+NY12th Ave+10001|NYI 47810001+NYState Rte 9a+10001|NYI 47810001+NYWest St+10001|NYBrooklyn Battery Tunl10001|NYBrooklyn Battery Tunl10001+NY12th Ave+10001|NYBrooklyn Battery Tunl10001+NYState Rte 9a+10001|NYBrooklyn Battery Tunl10001+NYWest St+10001|NY12th Ave10002|NYState Rte 9a10002|NYWest St10002'
-74.0156,40.7155,1596,1596,'NYN End Ave10003+NYMurray St+10003|NYMurray St10003'
-74.0156,40.7731,1,8,'NJJ F Kennedy Blvd E10003+NJLiberty Pl+10003|NJBoulevard E10003+NJLiberty Pl+10003|NJLiberty Pl10003'
-74.0156,40.7885,0,1,'NJ60th St10003+NJHarrison Pl+10003|NJHarrison Pl10003'
-74.0156,40.7860,1,1,'NJ57th St10003+NJPalisade Ave+10003'
-74.0156,40.6401,3,42,'NY5th Ave10003+NY59th St+10003'
-74.0155,40.8117,0,1,'NJMazzoni Pl10003'
-74.0155,40.6464,1,8,'NY3rd Ave10003+NY52nd St+10003|NY52nd St10003'
-74.0155,40.9145,0,1,'NJCameron Rd10003|NJCameron Rd10003+NJNew Bridge Rd+10003'
-74.0155,40.6068,0,19,'NYBay 8th St10003+NYCropsey Ave+10003'
-74.0155,40.7077,289,1100,'NYJoseph P Ward St10003|NYJoseph P Ward St10003+NY12th Ave+10003|NYJoseph P Ward St10003+NYW Thames St+10003|NYJoseph P Ward St10003+NYState Rte 9a+10003|NYJoseph P Ward St10003+NYWest St+10003|NY12th Ave10002+NYW Thames St+10002|NYW Thames St10003|NYW Thames St10003+NYState Rte 9a+10003|NYW Thames St10003+NYWest St+10003'
-74.0155,40.7157,661,997,'NYN End Ave10003+NYMurray St+10003|NYMurray St10003'
-74.0155,40.6437,1,65,'NY55th St10003+NY4th Ave+10003'
-74.0155,40.6160,0,11,'NY12th Ave10003+NY85th St+10003'
-74.0155,40.6298,1,11,'NY70th St10003+NY8th Ave+10003'
-74.0154,40.7835,1,4,'NJHudson Ave10003+NJ54th St+10003'
-74.0154,40.6752,14,75,'NYVan Brunt St10003+NYBeard St+10003'
-74.0154,40.6325,1,1,'NY7th Ave10003+NY67th St+10003|NY67th St10003'
-74.0154,40.6771,6,55,'NYCoffey St10003+NYConover St+10003'
-74.0154,40.7158,771,1730,'NYN End Ave10003+NYMurray St+10003'
-74.0154,40.6196,1,23,'NY11th Ave10003+NY81st St+10003'
-74.0153,40.7915,0,1,'NJMadison St10003|NJMadison St10003+NJ62nd St+10003'
-74.0153,40.7047,89,138,'NYBattery Pl10003+NYBrooklyn Battery Tunl+10003|NYBattery Pl10003+NYI 478+10003|NYBrooklyn Battery Tunl10001+NYBowling Grn+10001|NYI 47810001+NYBowling Grn+10001'
-74.0153,40.6472,0,11,'NY51st St10003|NY51st St10003+NY3rd Ave+10003'
-74.0153,40.7763,0,4,'NJLouisa Pl10003+NJCooper Pl+10003|NJCooper Pl10003'
-74.0153,40.7738,4,6,'NJJ F Kennedy Blvd E10003+NJClifton Ter+10003|NJClifton Ter10003|NJClifton Ter10003+NJBoulevard E+10003'
-74.0153,40.7049,102,232,'NYBattery Pl10003+NYBrooklyn Battery Tunl+10003|NYBattery Pl10003+NYI 478+10003|NYBrooklyn Battery Tunl10001|NYBrooklyn Battery Tunl10001+NYBrooklyn Battery Tunl+10001|NYBrooklyn Battery Tunl10001+NYI 478+10001|NYI 47810001|NYI 47810001+NYI 478+10001|NYI 47810001+NYBrooklyn Battery Tunl+10001'
-74.0152,40.8732,0,1,'NJDegraw Ave10003+NJRockledge Pl+10003|NJRockledge Pl10003'
-74.0152,40.6231,1,22,'NY77th St10003+NY10th Ave+10003'
-74.0152,40.8345,1,2,'NJHendricks Cswy10003+NJFulton Pl+10003|NJFulton Pl10003'
-74.0152,40.6094,0,3,'NY14th Ave10003+NYBath Ave+10003|NYBath Ave10003'
-74.0152,40.7160,783,1534,'NYN End Ave10003|NYN End Ave10003+NYN End Ave+10003'
-74.0152,40.6508,0,6,'NY2nd Ave10003+NY47th St+10003'
-74.0152,40.7085,1047,2405,'NYRector St10003|NYRector St10003+NY12th Ave+10003|NYRector St10003+NYState Rte 9a+10003|NYRector St10003+NYWest St+10003'
-74.0152,40.6037,0,5,'NYIndependence Ave10003+NYBay 11th St+10003|NYBay 11th St10003'
-74.0151,40.6370,0,5,'NY62nd St10003+NY6th Ave+10003'
-74.0151,40.7794,4,11,'NJPark Ave10003+NJ49th St+10003'
-74.0151,40.6332,0,1,'NY7th Ave10003+NY66th St+10003'
-74.0151,40.7064,74,377,'NYWashington St10003|NYWashington St10003+NYMorris St+10003|NYMorris St10003|NYMorris St10003+NYW U I Plz+10003|NYW U I Plz10003'
-74.0151,40.7866,0,1,'NJ58th St10003+NJPalisade Ave+10003'
-74.0151,40.8617,0,1,'NJOverpeck Ave10003'
-74.0150,40.6544,0,1,'NY1st Ave10003+NY43rd St+10003'
-74.0150,40.8750,0,1,'NJMorningside Ter10003+NJHillside Ave+10003'
-74.0150,40.6797,0,5,'NYFerris St10003+NYSullivan St+10003'
-74.0150,40.7165,197,686,'NYN End Ave10003+NYPark Pl W+10003|NYPark Pl W10003'
-74.0150,40.6268,1,13,'NY73rd St10003+NYFort Hamilton Pkwy+10003'
-74.0150,40.7181,654,3100,'NYRiver Ter10003|NYRiver Ter10003+NYChambers St+10003|NYChambers St10003'
-74.0150,40.6406,2,34,'NY5th Ave10003+NY58th St+10003'
-74.0150,40.7935,0,1,'NJPolk St10003+NJ65th St+10003|NJ65th St10003'
-74.0150,40.7841,2,0,'NJ55th St10003+NJHudson Ave+10003'
-74.0149,40.7048,337,247,'NYBattery Pl10003+NYMerchant Marine Pl+10003|NYBattery Pl10003+NYMarine Pl+10003|NYBattery Pl10003+NYBattery Pl+10003|NYBattery Pl10003+NYGreenwich St+10003|NYBattery Pl10003+NYMerchant Marine Veterans Pl+10003|NYMerchant Marine Pl10003|NYMerchant Marine Pl10003+NYMarine Pl+10003|NYMerchant Marine Pl10003+NYBattery Pl+10003|NYMerchant Marine Pl10003+NYGreenwich St+10003|NYMerchant Marine Pl10003+NYMerchant Marine Veterans Pl+10003|NYMerchant Marine Pl10003+NYBattery Park Plz+10003|NYMarine Pl10003|NYMarine Pl10003+NYBattery Pl+10003|NYMarine Pl10003+NYGreenwich St+10003|NYMarine Pl10003+NYMerchant Marine Veterans Pl+10003|NYMarine Pl10003+NYBattery Park Plz+10003|NYBattery Pl10003|NYBattery Pl10003+NYBattery Park Plz+10003|NYGreenwich St10003|NYGreenwich St10003+NYMerchant Marine Veterans Pl+10003|NYGreenwich St10003+NYBattery Park Plz+10003|NYMerchant Marine Veterans Pl10003|NYMerchant Marine Veterans Pl10003+NYBattery Park Plz+10003|NYBattery Park Plz10003'
-74.0149,40.8126,1,0,'NJ88th St10003'
-74.0149,40.8522,2,11,'NJI 9510001|NJI 9510001+NJI 95+10001'
-74.0149,40.6470,0,1,'NY3rd Ave10003+NY51st St+10003|NY51st St10003'
-74.0149,40.6166,0,4,'NY12th Ave10003+NY84th St+10003'
-74.0149,40.6442,5,43,'NY54th St10003+NY4th Ave+10003'
-74.0149,40.6304,1,39,'NY69th St10003+NY8th Ave+10003|NY8th Ave10003+NYBay Ridge Ave+10003'
-74.0149,40.7881,4,4,'NJ60th St10003+NJTyler Pl+10003|NJTyler Pl10003'
-74.0149,40.7769,4,5,'NJ46th St10003+NJLouisa Pl+10003|NJLouisa Pl10003'
-74.0148,40.7094,2630,5971,'NY12th Ave10002+NYCarlisle St+10002|NYCarlisle St10003|NYCarlisle St10003+NYState Rte 9a+10003|NYCarlisle St10003+NYWest St+10003'
-74.0148,40.7062,35,30,'NYBrooklyn Battery Tunl10001|NYBrooklyn Battery Tunl10001+NYI 478+10001|NYI 47810001'
-74.0148,40.7745,1,4,'NJJ F Kennedy Blvd E10003+NJColumbia Ter+10003|NJColumbia Ter10003|NJColumbia Ter10003+NJBoulevard E+10003'
-74.0148,40.9005,0,1,'NJKensington Rd10003+NJPennington Rd+10003|NJPennington Rd10003'
-74.0148,40.6757,10,37,'NYVan Brunt St10003+NYVan Dyke St+10003'
-74.0148,40.6201,0,11,'NY11th Ave10003+NY80th St+10003'
-74.0148,40.6776,0,39,'NYDikeman St10003+NYConover St+10003'
-74.0148,40.7164,464,1001,'NYN End Ave10003+NYPark Pl W+10003'
-74.0148,40.6340,6,11,'NY7th Ave10003|NY7th Ave10003+NY7th Ave+10003|NY7th Ave10003+NY65th St+10003'
-74.0147,40.6478,8,15,'NY3rd Ave10003+NY50th St+10003|NY50th St10003'
-74.0147,40.7074,239,871,'NYJoseph P Ward St10003|NYJoseph P Ward St10003+NYWashington St+10003|NYWashington St10003'
-74.0147,40.7062,48,20,'NYBrooklyn Battery Tunl10001|NYBrooklyn Battery Tunl10001+NYI 478+10001|NYI 47810001'
-74.0147,40.6064,0,17,'NY15th Ave10003+NYCropsey Ave+10003'
-74.0147,40.9116,0,1,'NJNorfolk St10003+NJRegent St+10003|NJRegent St10003'
-74.0147,40.7098,1903,6266,'NY12th Ave10002+NYAlbany St+10002|NYAlbany St10003+NYState Rte 9a+10003|NYAlbany St10003+NYWest St+10003'
-74.0147,40.6237,0,8,'NY76th St10003+NY10th Ave+10003'
-74.0146,40.7872,3,3,'NJ59th St10003+NJPalisade Ave+10003'
-74.0146,40.6513,0,5,'NY2nd Ave10003+NY46th St+10003|NY46th St10003'
-74.0146,40.6376,1,15,'NY6th Ave10003+NY61st St+10003'
-74.0145,40.7171,499,1570,'NYWarren St10003+NYN End Ave+10003'
-74.0145,40.6028,0,4,'NYShore Pkwy N10003+NY16th Ave+10003|NY16th Ave10003'
-74.0145,40.7847,0,1,'NJHudson Ave10003+NJ56th St+10003'
-74.0145,40.7726,0,4,'NJPort Imperial Blvd10003+NJCo Rd 682+10003|NJPort Imperial Blvd10003+NJPershing Rd+10003'
-74.0145,40.6089,0,7,'NYBay 7th St10003+NYBath Ave+10003'
-74.0145,40.7751,0,6,'NJJ F Kennedy Blvd E10003|NJJ F Kennedy Blvd E10003+NJFulton St+10003|NJJ F Kennedy Blvd E10003+NJJ F Kennedy Blvd E+10003|NJJ F Kennedy Blvd E10003+NJKennedy Blvd E+10003|NJFulton St10003|NJFulton St10003+NJJ F Kennedy Blvd E+10003|NJFulton St10003+NJKennedy Blvd E+10003|NJFulton St10003+NJBoulevard E+10003|NJKennedy Blvd E10003'
-74.0145,40.6549,0,2,'NY42nd St10003+NY1st Ave+10003'
-74.0145,40.7104,616,632,'NY12th Ave10002+NYCedar St+10002|NYState Rte 9a10002+NYCedar St+10002|NYWest St10002+NYCedar St+10002|NYCedar St10003'
-74.0144,40.7032,317,633,'NYPearl St10003|NYPearl St10003+NYState St+10003'
-74.0144,40.7718,0,9,'NJRegency Pl10003|NJRegency Pl10003+NJCarlyle Ct+10003|NJCarlyle Ct10003'
-74.0144,40.8984,0,1,'NJEmerson Ave10003'
-74.0144,40.7823,0,1,'NJ53rd St10003+NJBroadway+10003'
-74.0144,40.6802,0,2,'NYFerris St10003+NYKing St+10003|NYKing St10003'
-74.0144,40.6412,1,7,'NY5th Ave10003+NY57th St+10003'
-74.0144,40.7036,372,610,'NYBridge St10003'
-74.0144,40.6813,3,7,'NYPioneer St10003|NYClinton Wharf10003'
-74.0144,40.8048,0,1,'NJNewkirk Ave10003'
-74.0144,40.6476,1,10,'NY50th St10003|NY50th St10003+NY3rd Ave+10003'
-74.0143,40.6171,0,1,'NY83rd St10003+NY12th Ave+10003'
-74.0143,40.7062,83,18,'NYMorris St10003|NYMorris St10003+NYTrinity Pl+10003|NYMorris St10003+NYGreenwich St+10003|NYTrinity Pl10003|NYTrinity Pl10003+NYGreenwich St+10003|NYGreenwich St10003'
-74.0143,40.6448,8,36,'NY4th Ave10003+NY53rd St+10003'
-74.0143,40.6309,0,19,'NYOvington Ave10003+NY8th Ave+10003|NY8th Ave10003+NY68th St+10003'
-74.0143,40.7170,954,2392,'NYWarren St10003+NYN End Ave+10003'
-74.0143,40.8000,0,2,'NJ73rd St10003|NJ73rd St10003+NJKennedy Blvd+10003|NJ73rd St10003+NJJohn F Kennedy Blvd+10003|NJ73rd St10003+NJState Rte 501+10003'
-74.0143,40.7154,3398,2923,'NYMurray St10003|NYMurray St10003+NYMurray St+10003'
-74.0143,40.6272,1,25,'NY72nd St10003+NYFort Hamilton Pkwy+10003'
-74.0143,40.9448,0,1,'NJStevens Ct10003'
-74.0143,40.7109,359,1120,'NY12th Ave10002+NYLiberty St+10002|NYState Rte 9a10002+NYLiberty St+10002|NYWest St10002+NYLiberty St+10002'
-74.0143,40.9169,0,2,'NJChovet Ter10003|NJChovet Ter10003+NJGlenwood Dr S+10003'
-74.0143,40.7046,615,505,'NYBattery Pl10003|NYBattery Pl10003+NYBattery Pl+10003|NYBattery Pl10003+NYBroadway+10003|NYBattery Pl10003+NYBowling Grn+10003|NYBattery Pl10003+NYState St+10003|NYBattery Pl10003+NYBattery Park Plz+10003|NYBroadway10003|NYBroadway10003+NYBowling Grn+10003|NYBroadway10003+NYState St+10003|NYBroadway10003+NYBattery Park Plz+10003|NYBowling Grn10003+NYBattery Park Plz+10003|NYState St10003|NYState St10003+NYBattery Park Plz+10003|NYBattery Park Plz10003'
-74.0142,40.7023,217,770,'NYState St10003|NYState St10003+NYState St+10003'
-74.0142,40.6207,0,10,'NY79th St10003+NY11th Ave+10003'
-74.0142,40.6763,25,99,'NYCoffey St10003+NYVan Brunt St+10003'
-74.0142,40.7067,65,39,'NYGreenwich St10003'
-74.0142,40.6782,0,18,'NYWolcott St10003+NYConover St+10003'
-74.0141,40.7064,123,38,'NYTrinity Pl10003|NYTrinity Pl10003+NYTrinity Pl+10003'
-74.0141,40.7062,106,87,'NYMorris St10003+NYTrinity Pl+10003|NYTrinity Pl10003'
-74.0141,40.8780,0,1,'NJAlbin St10003'
-74.0141,40.7765,0,4,'NJJ F Kennedy Blvd E10003+NJ46th St+10003|NJ46th St10003|NJ46th St10003+NJKennedy Blvd E+10003|NJ46th St10003+NJBoulevard E+10003|NJ46th St10003+NJE Kennedy Blvd+10003|NJKennedy Blvd E10003|NJKennedy Blvd E10003+NJE Kennedy Blvd+10003|NJE Kennedy Blvd10003'
-74.0141,40.7047,321,212,'NYMerchant Marine Pl10003|NYMerchant Marine Pl10003+NYMarine Pl+10003|NYMerchant Marine Pl10003+NYBattery Pl+10003|NYMerchant Marine Pl10003+NYBroadway+10003|NYMerchant Marine Pl10003+NYMerchant Marine Veterans Pl+10003|NYMarine Pl10003|NYMarine Pl10003+NYBattery Pl+10003|NYMarine Pl10003+NYBroadway+10003|NYMarine Pl10003+NYMerchant Marine Veterans Pl+10003|NYBattery Pl10003|NYBattery Pl10003+NYBroadway+10003|NYBattery Pl10003+NYMerchant Marine Veterans Pl+10003|NYBroadway10003+NYMerchant Marine Veterans Pl+10003|NYMerchant Marine Veterans Pl10003'
-74.0141,40.6483,1,65,'NY49th St10003|NY49th St10003+NY3rd Ave+10003'
-74.0141,40.6346,4,5,'NY64th St10003+NY7th Ave+10003'
-74.0141,40.7918,0,1,'NJBergenline Pl10003+NJ63rd St+10003|NJBergenline Ave10003+NJ63rd St+10003|NJ63rd St10003'
-74.0141,40.7177,398,2265,'NYN End Ave10003|NYN End Ave10003+NYChambers St+10003'
-74.0140,40.6243,0,18,'NY75th St10003+NY10th Ave+10003|NYBay Ridge Pkwy10003+NY10th Ave+10003'
-74.0140,40.7853,2,1,'NJ57th St10003+NJHudson Ave+10003'
-74.0140,40.6519,0,3,'NY2nd Ave10003+NY45th St+10003|NY45th St10003'
-74.0140,40.7010,20,25,'NYState St10003|NYState St10003+NYS Street Viaduct+10003|NYState St10003+NYSouth St+10003|NYState St10003+NYF D R Dr+10003|NYS Street Viaduct10002|NYS Street Viaduct10002+NYSouth St+10002|NYS Street Viaduct10002+NYS Street Viaduct+10002|NYSouth St10003|NYSouth St10003+NYF D R Dr+10003|NYSouth St10003+NYS Street Viaduct+10003|NYF D R Dr10002|NYF D R Dr10002+NYS Street Viaduct+10002|NYS Street Viaduct10003|NYS Street Viaduct10003+NYS Street Viaduct+10003'
-74.0140,40.6034,0,6,'NYIndependence Ave10003|NYIndependence Ave10003+NY16th Ave+10003'
-74.0140,40.6382,0,17,'NY60th St10003+NY6th Ave+10003'
-74.0140,40.7071,300,455,'NYEdgar St10003|NYEdgar St10003+NYGreenwich St+10003'
-74.0139,40.6141,4,12,'NY13th Ave10003|NY13th Ave10003+NY86th St+10003'
-74.0139,40.6060,0,11,'NYBay 10th St10003+NYCropsey Ave+10003'
-74.0139,40.6808,1,0,'NYPioneer St10003+NYFerris St+10003|NYFerris St10003|NYFerris St10003+NYClinton Wharf+10003'
-74.0139,40.7807,1,0,'NJPark Ave10003+NJ52nd St+10003|NJPark Ave10003+NJ51st St+10003|NJ52nd St10003|NJ52nd St10003+NJ51st St+10003|NJ51st St10003'
-74.0139,40.6741,1,1,'NYRichards St10003+NYBeard St+10003'
-74.0139,40.7772,0,15,'NJJ F Kennedy Blvd E10003+NJ47th St+10003|NJBoulevard E10003+NJ47th St+10003|NJ47th St10003|NJ47th St10003+NJE Kennedy Blvd+10003'
-74.0138,40.8737,0,1,'NJFenimore Rd10003+NJWhitelaw Pl+10003|NJWhitelaw Pl10003'
-74.0138,40.9001,0,1,'NJE Laurelton Pkwy10003|NJE Laurelton Pkwy10003+NJLaurelton Pkwy+10003|NJE Laurelton Pkwy10003+NJW Laurelton Pkwy+10003|NJE Laurelton Pkwy10003+NJDickerson Rd+10003|NJLaurelton Pkwy10003|NJLaurelton Pkwy10003+NJDickerson Rd+10003|NJW Laurelton Pkwy10003|NJW Laurelton Pkwy10003+NJDickerson Rd+10003|NJDickerson Rd10003'
-74.0138,40.6417,0,20,'NY56th St10003+NY5th Ave+10003'
-74.0138,40.7176,475,1347,'NYN End Ave10003|NYN End Ave10003+NYChambers St+10003'
-74.0138,40.7908,0,1,'NJ62nd St10003+NJHarrison Pl+10003|NJHarrison Pl10003'
-74.0138,40.8069,1,0,'NJ82nd St10003|NJ82nd St10003+NJGrand Ave+10003'
-74.0138,40.7024,1400,2627,'NYState Street Plz10003'
-74.0138,40.6085,0,8,'NYBay 8th St10003+NYBath Ave+10003'
-74.0138,40.4708,1,0,'NJN Hartshorne Dr10003'
-74.0138,40.7137,5859,1410,'NYState Rte 9a10002+NYVesey St+10002'
-74.0137,40.6177,0,8,'NY82nd St10003+NY12th Ave+10003'
-74.0137,40.6453,3,61,'NY4th Ave10003+NY52nd St+10003'
-74.0137,40.6481,0,3,'NY3rd Ave10003+NYSunset Ter+10003|NY3rd Ave10003+NY49th St+10003|NYSunset Ter10003|NY49th St10003'
-74.0137,40.6315,1,15,'NY8th Ave10003+NY67th St+10003'
-74.0137,40.8479,0,2,'NJEmerson St10003'
-74.0137,40.9108,0,1,'NJWestminster Ave10003'
-74.0137,40.7924,1,0,'NJBergenline Pl10003+NJ64th St+10003|NJ64th St10003+NJBergenline Ave+10003'
-74.0137,40.7778,0,2,'NJCo Rd 68210003|NJCo Rd 68210003+NJJ F Kennedy Blvd E+10003|NJCo Rd 68210003+NJBoulevard E+10003|NJCo Rd 68210003+NJE Kennedy Blvd+10003|NJPershing Rd10003|NJPershing Rd10003+NJJ F Kennedy Blvd E+10003|NJPershing Rd10003+NJBoulevard E+10003|NJPershing Rd10003+NJE Kennedy Blvd+10003'
-74.0137,40.8009,0,1,'NJKennedy Blvd10002+NJ74th St+10002|NJJohn F Kennedy Blvd10002+NJ74th St+10002|NJState Rte 50110002+NJ74th St+10002|NJ74th St10003'
-74.0137,40.7101,1006,2609,'NYWashington St10003+NYCedar St+10003|NYCedar St10003'
-74.0136,40.7779,3,6,'NJ48th St10003|NJ48th St10003+NJJ F Kennedy Blvd E+10003|NJ48th St10003+NJBoulevard E+10003|NJ48th St10003+NJE Kennedy Blvd+10003'
-74.0136,40.7715,1,10,'NJCarlyle Ct10003'
-74.0136,40.6212,0,80,'NY78th St10003+NY11th Ave+10003'
-74.0136,40.6277,1,21,'NY71st St10003+NYFort Hamilton Pkwy+10003'
-74.0136,40.6026,0,5,'NYShore Pkwy N10003+NYBay 13th St+10003|NYBay 13th St10003'
-74.0136,40.6768,27,149,'NYVan Brunt St10003+NYDikeman St+10003'
-74.0135,40.7859,0,1,'NJHudson Ave10003+NJ58th St+10003'
-74.0135,40.8450,0,4,'NJChallenger Rd10003'
-74.0135,40.7145,1277,623,'NY12th Ave10002+NYBarclay St+10002|NYBarclay St10003|NYBarclay St10003+NYState Rte 9a+10003|NYBarclay St10003+NYWest St+10003'
-74.0135,40.6787,0,7,'NYConover St10003+NYSullivan St+10003'
-74.0135,40.8574,3,2,'NJPreston St10003'
-74.0135,40.7069,219,102,'NYEdgar St10003|NYEdgar St10003+NYTrinity Pl+10003'
-74.0135,40.6489,1,8,'NY48th St10003|NY48th St10003+NY3rd Ave+10003'
-74.0135,40.6110,0,10,'NYBenson Ave10003|NYBenson Ave10003+NY14th Ave+10003'
-74.0135,40.7834,1,1,'NJ55th St10003|NJ55th St10003+NJBroadway+10003'
-74.0134,40.6525,0,2,'NY44th St10003+NY2nd Ave+10003'
-74.0134,40.7106,188,181,'NYWashington St10003|NYWashington St10003+NYLiberty St+10003'
-74.0134,40.6249,0,11,'NY74th St10003+NY10th Ave+10003'
-74.0134,40.7151,1384,561,'NY12th Ave10002+NYPark Pl+10002|NYPark Pl10003|NYPark Pl10003+NYState Rte 9a+10003|NYPark Pl10003+NYWest St+10003'
-74.0134,40.7071,342,229,'NYExchange Aly10003|NYExchange Aly10003+NYTrinity Pl+10003|NYExchange Aly10003+NYExchange Plz+10003|NYTrinity Pl10003+NYExchange Plz+10003|NYExchange Plz10003'
-74.0134,40.9047,0,3,'NJSussex Rd10003+NJOgden Ave+10003'
-74.0134,40.6387,1,18,'NY6th Ave10003+NY59th St+10003'
-74.0133,40.7152,1116,791,'NY12th Ave10002+NYMurray St+10002|NYState Rte 9a10002+NYMurray St+10002|NYWest St10002+NYMurray St+10002'
-74.0133,40.7050,622,337,'NYBeaver St10003'
-74.0133,40.6747,0,2,'NYVandyke St10003|NYVandyke St10003+NYVan Dyke St+10003|NYVandyke St10003+NYRichards St+10003|NYVandyke St10003+NYVan Dike St+10003|NYVan Dyke St10003|NYVan Dyke St10003+NYRichards St+10003|NYVan Dyke St10003+NYVan Dike St+10003|NYVan Dyke St10003+NYVan Dyke St+10003|NYRichards St10003|NYRichards St10003+NYVan Dike St+10003|NYRichards St10003+NYVan Dyke St+10003|NYVan Dike St10003|NYVan Dike St10003+NYVan Dyke St+10003'
-74.0133,40.6147,0,9,'NY13th Ave10003+NY85th St+10003'
-74.0133,40.7047,477,378,'NYBattery Pl10003|NYBattery Pl10003+NYBowling Grn+10003|NYBowling Grn10003'
-74.0133,40.7721,3,53,'NJCo Rd 68210003|NJPershing Rd10003'
-74.0133,40.7087,1189,2026,'NYCarlisle St10003|NYCarlisle St10003+NYGreenwich St+10003'
-74.0133,40.8898,0,1,'NJQueen Anne Rd10003+NJCarlton Ter+10003'
-74.0133,40.7059,1251,468,'NYMorris St10003|NYMorris St10003+NYBroadway+10003|NYBroadway10003|NYBroadway10003+NYBroadway+10003'
-74.0132,40.6560,0,1,'NY40th St10003+NY1st Ave+10003'
-74.0132,40.7157,1517,776,'NY12th Ave10002+NYPark Pl W+10002|NYState Rte 9a10002+NYPark Pl W+10002|NYWest St10002+NYPark Pl W+10002|NYPark Pl W10003'
-74.0132,40.6423,3,43,'NY5th Ave10003+NY55th St+10003'
-74.0132,40.6747,0,4,'NYVandyke St10003|NYVandyke St10003+NYVan Dyke St+10003|NYVandyke St10003+NYVan Dike St+10003|NYVandyke St10003+NYRichards St+10003|NYVan Dyke St10003|NYVan Dyke St10003+NYVan Dike St+10003|NYVan Dyke St10003+NYVan Dyke St+10003|NYVan Dyke St10003+NYRichards St+10003|NYVan Dike St10003|NYVan Dike St10003+NYVan Dyke St+10003|NYVan Dike St10003+NYRichards St+10003|NYRichards St10003'
-74.0132,40.7930,0,1,'NJBergenline Pl10003+NJ65th St+10003|NJBergenline Ave10003+NJ65th St+10003|NJ65th St10003'
-74.0132,40.7040,954,1845,'NYBroadway10003|NYBroadway10003+NYStone St+10003|NYBroadway10003+NYWhitehall St+10003|NYStone St10003|NYStone St10003+NYWhitehall St+10003|NYWhitehall St10003'
-74.0132,40.7973,1,0,'NJJackson St10003+NJ70th St+10003'
-74.0132,40.6320,3,6,'NY8th Ave10003+NY66th St+10003'
-74.0132,40.6487,0,10,'NY48th St10003|NY48th St10003+NY3rd Ave+10003'
-74.0132,40.6182,0,8,'NY12th Ave10003+NY81st St+10003'
-74.0132,40.6459,3,24,'NY51st St10003+NY4th Ave+10003'
-74.0132,40.6056,0,12,'NYBay 11th St10003+NYCropsey Ave+10003'
-74.0131,40.7091,833,1554,'NYAlbany St10003|NYAlbany St10003+NYGreenwich St+10003'
-74.0131,40.7905,0,2,'NJTyler Pl10003|NJTyler Pl10003+NJ62nd St+10003'
-74.0131,40.7165,3399,1644,'NYWarren St10003+NYState Rte 9a+10003'
-74.0130,40.6218,0,25,'NY77th St10003+NY11th Ave+10003'
-74.0130,40.8724,0,1,'NJDegraw Ave10003+NJTeaneck Rd+10003'
-74.0130,40.6080,1,7,'NY15th Ave10003+NYBath Ave+10003'
-74.0130,40.7784,2,3,'NJJ F Kennedy Blvd E10003+NJ49th St+10003|NJ49th St10003|NJ49th St10003+NJBoulevard E+10003|NJ49th St10003+NJE Kennedy Blvd+10003'
-74.0130,40.9201,0,1,'NJHallberg Ave10003+NJBarry Pl+10003|NJBarry Pl10003'
-74.0130,40.7031,313,451,'NYPearl St10003+NYWhitehall St+10003'
-74.0130,40.7094,205,606,'NYThames St10003|NYThames St10003+NYGreenwich St+10003'
-74.0130,40.7264,5,4,'NYHolland Tunl10001|NYHolland Tunl10001+NYHolland Tunl+10001|NYHolland Tunl10001+NYI 78+10001|NYI 7810001|NYI 7810001+NYI 78+10001|NYI 7810001+NYHolland Tunl+10001'
-74.0130,40.7803,0,5,'NJFairview Ter10003|NJFairview Ter10003+NJ51st St+10003'
-74.0130,40.7816,1,2,'NJ53rd St10003|NJ53rd St10003+NJPark Ave+10003'
-74.0130,40.7078,1969,811,'NYRector St10003+NYTrinity Pl+10003'
-74.0130,40.6494,1,13,'NY47th St10003|NY47th St10003+NY3rd Ave+10003'
-74.0129,40.6357,0,2,'NY62nd St10003|NY62nd St10003+NY7th Ave+10003'
-74.0129,40.6773,32,220,'NYWolcott St10003+NYVan Brunt St+10003'
-74.0129,40.8904,0,1,'NJEdgemont Ter10003+NJQueen Anne Rd+10003|NJQueen Anne Rd10003+NJEdgemont Pl+10003'
-74.0129,40.6792,1,6,'NYConover St10003+NYKing St+10003'
-74.0129,40.9100,0,1,'NJHighgate Ter10003|NJHighgate Ter10003+NJChurchill Rd+10003'
-74.0129,40.7172,1963,3616,'NY12th Ave10002+NYChambers St+10002|NYState Rte 9a10002+NYChambers St+10002|NYWest St10002+NYChambers St+10002'
-74.0129,40.7027,311,136,'NYWhitehall St10003+NYWater St+10003|NYWater St10003'
-74.0129,40.8980,0,1,'NJForest Ave10003+NJE Laurelton Pkwy+10003'
-74.0129,40.6282,0,20,'NY70th St10003+NYFort Hamilton Pkwy+10003'
-74.0128,40.6530,0,3,'NY2nd Ave10003+NY43rd St+10003'
-74.0128,40.7097,157,355,'NYGreenwich St10003+NYCedar St+10003|NYCedar St10003'
-74.0128,40.6255,0,6,'NY73rd St10003+NY10th Ave+10003'
-74.0128,40.7024,3486,692,'NYState Street Plz10003|NYState Street Plz10003+NYNew York Plz+10003|NYState Street Plz10003+NYWhitehall St+10003|NYNew York Plz10003|NYNew York Plz10003+NYWhitehall St+10003'
-74.0128,40.7047,536,660,'NYNew St10003|NYNew St10003+NYMarketfield St+10003|NYMarketfield St10003'
-74.0128,40.6393,0,24,'NY6th Ave10003+NY58th St+10003'
-74.0127,40.6106,0,15,'NYBenson Ave10003+NYBay 7th St+10003'
-74.0127,40.6152,0,13,'NY13th Ave10003+NY84th St+10003'
-74.0127,40.6290,0,12,'NY69th St10003+NY9th Ave+10003|NYBay Ridge Ave10003+NY9th Ave+10003|NY9th Ave10003'
-74.0127,40.7149,736,568,'NYPark Pl10003'
-74.0127,40.6752,1,34,'NYCoffey St10003+NYRichards St+10003'
-74.0127,40.8648,1,1,'NJI 8010001|NJI 8010001+NJI 80+10001'
-74.0126,40.6429,1,30,'NY5th Ave10003+NY54th St+10003'
-74.0126,40.7101,205,344,'NYGreenwich St10003|NYGreenwich St10003+NYLiberty St+10003'
-74.0126,40.6492,0,4,'NY3rd Ave10003+NY47th St+10003|NY47th St10003'
-74.0126,40.6024,0,1,'NYShore Pkwy N10003+NYBay 14th St+10003|NYBay 14th St10003'
-74.0126,40.6188,0,5,'NY12th Ave10003+NY80th St+10003'
-74.0126,40.6465,0,53,'NY50th St10003+NY4th Ave+10003'
-74.0126,40.7032,330,506,'NYMoore St10003|NYMoore St10003+NYPearl St+10003'
-74.0126,40.7871,0,2,'NJ60th St10003+NJChestnut Ct+10003|NJ60th St10003+NJHudson Ave+10003|NJChestnut Ct10003|NJChestnut Ct10003+NJHudson Ave+10003'
-74.0125,40.7015,819,2877,'NYSouth St10003+NYState St+10003|NYSouth St10003+NYWhitehall St+10003|NYState St10003|NYState St10003+NYWhitehall St+10003|NYWhitehall St10003'
-74.0125,40.7132,169,86,'NYWashington St10003|NYWashington St10003+NYVesey St+10003'
-74.0125,40.6326,4,9,'NY8th Ave10003+NY65th St+10003'
-74.0125,40.7846,0,1,'NJBroadway10003+NJ57th St+10003'
-74.0125,40.7068,1744,1755,'NYExchange Aly10003|NYExchange Aly10003+NYBroadway+10003|NYExchange Aly10003+NYExchange Plz+10003|NYExchange Aly10003+NYExchange Pl+10003|NYBroadway10003+NYExchange Plz+10003|NYBroadway10003+NYExchange Pl+10003|NYExchange Plz10003|NYExchange Plz10003+NYExchange Pl+10003|NYExchange Pl10003'
-74.0125,40.6224,2,18,'NY76th St10003+NY11th Ave+10003'
-74.0125,40.7822,1,1,'NJPark Ave10003+NJ54th St+10003'
-74.0124,40.7191,566,593,'NYHarrison St10003|NYHarrison St10003+NY12th Ave+10003|NYHarrison St10003+NYState Rte 9a+10003|NYHarrison St10003+NYWest St+10003'
-74.0124,40.6732,0,10,'NYDwight St10003|NYDwight St10003+NYBeard St+10003'
-74.0124,40.6500,0,15,'NY46th St10003|NY46th St10003+NY3rd Ave+10003'
-74.0124,40.6052,0,17,'NY16th Ave10003+NYCropsey Ave+10003'
-74.0124,40.6362,0,8,'NY7th Ave10003+NY61st St+10003'
-74.0123,40.7028,1598,621,'NYMoore St10003|NYMoore St10003+NYNew York Plz+10003|NYMoore St10003+NYWater St+10003|NYNew York Plz10003|NYNew York Plz10003+NYWater St+10003'
-74.0123,40.7139,239,180,'NYBarclay St10003+NYWashington St+10003|NYWashington St10003'
-74.0123,40.7942,2,3,'NJ67th St10003|NJ67th St10003+NJBergenline Pl+10003|NJ67th St10003+NJBergenline Ave+10003'
-74.0123,40.6569,0,1,'NY1st Ave10003'
-74.0123,40.6779,26,99,'NYVan Brunt St10003+NYSullivan St+10003'
-74.0123,40.8917,0,1,'NJCranford Pl10003|NJCranford Pl10003+NJQueen Anne Rd+10003|NJCranford Pl10003+NJSchley Pl+10003|NJQueen Anne Rd10003+NJSchley Pl+10003|NJSchley Pl10003'
-74.0123,40.6797,2,5,'NYPioneer St10003+NYCommercial Wharf+10003|NYPioneer St10003+NYConover St+10003|NYCommercial Wharf10003|NYCommercial Wharf10003+NYClinton Wharf+10003|NYClinton Wharf10003|NYClinton Wharf10003+NYConover St+10003'
-74.0123,40.7901,0,1,'NJ62nd St10003+NJPalisade Ave+10003'
-74.0123,40.6076,1,9,'NYBath Ave10003+NYBay 10th St+10003'
-74.0123,40.6536,0,2,'NY42nd St10003+NY2nd Ave+10003'
-74.0122,40.9354,0,1,'NJDuke Rd10003|NJWindsor Rd10003'
-74.0122,40.6260,0,24,'NY72nd St10003+NY10th Ave+10003'
-74.0122,40.7791,1,1,'NJ50th St10003|NJ50th St10003+NJJ F Kennedy Blvd E+10003|NJ50th St10003+NJBoulevard E+10003|NJ50th St10003+NJE Kennedy Blvd+10003|NJJ F Kennedy Blvd E10003|NJJ F Kennedy Blvd E10003+NJJ F Kennedy Blvd E+10003|NJBoulevard E10003|NJBoulevard E10003+NJJ F Kennedy Blvd E+10003|NJJ F Kennedy Blvd E10003+NJE Kennedy Blvd+10003|NJE Kennedy Blvd10003'
-74.0122,40.6399,0,17,'NY57th St10003+NY6th Ave+10003'
-74.0122,40.7203,898,366,'NY12th Ave10002+NYN Moore St+10002|NYState Rte 9a10002+NYN Moore St+10002|NYWest St10002+NYN Moore St+10002|NYN Moore St10003'
-74.0122,40.8748,0,1,'NJOakdene Ave10003|NJOakdene Ave10003+NJE Oakdene Ave+10003|NJOakdene Ave10003+NJPuffin Way+10003|NJOakdene Ave10003+NJTeaneck Rd+10003|NJE Oakdene Ave10003|NJE Oakdene Ave10003+NJPuffin Way+10003|NJE Oakdene Ave10003+NJTeaneck Rd+10003|NJPuffin Way10003|NJPuffin Way10003+NJTeaneck Rd+10003'
-74.0121,40.7090,721,346,'NYThames St10003+NYTrinity Pl+10003'
-74.0121,40.6287,1,13,'NY69th St10003+NYFort Hamilton Pkwy+10003|NYBay Ridge Ave10003+NYFort Hamilton Pkwy+10003'
-74.0121,40.6158,0,9,'NY83rd St10003+NY13th Ave+10003'
-74.0121,40.6296,0,5,'NYOvington Ave10003+NY9th Ave+10003|NY68th St10003+NY9th Ave+10003'
-74.0121,40.6434,1,37,'NY5th Ave10003+NY53rd St+10003'
-74.0121,40.7777,1,3,'NJPort Imperial Blvd10003'
-74.0121,40.6758,1,61,'NYDikeman St10003+NYRichards St+10003'
-74.0121,40.6498,0,4,'NY3rd Ave10003+NY46th St+10003|NY46th St10003'
-74.0120,40.7777,0,7,'NJPort Imperial Blvd10003'
-74.0120,40.7759,0,16,'NJAve at Port Imperial10003'
-74.0120,40.6102,0,10,'NYBenson Ave10003+NYBay 8th St+10003'
-74.0120,40.8604,1,1,'NJNew Jersey Tpke10001'
-74.0120,40.6194,0,5,'NY12th Ave10003+NY79th St+10003'
-74.0120,40.6470,2,34,'NYSunset Ter10003+NY4th Ave+10003|NY4th Ave10003+NY49th St+10003'
-74.0120,40.9069,0,1,'NJWarwick Ave10003+NJSussex Rd+10003'
-74.0119,40.8032,0,2,'NJ78th St10003|NJ78th St10003+NJKennedy Blvd+10003|NJ78th St10003+NJJohn F Kennedy Blvd+10003|NJ78th St10003+NJState Rte 501+10003'
-74.0119,40.7075,1733,2519,'NYRector St10003|NYRector St10003+NYBroadway+10003'
-74.0119,40.5783,0,1,'NYSunset Ct10003|NYSunset Ct10003+NYBeach Reservation+10003|NYSunset Ct10003+NYBeach 49th St+10003|NYBeach Reservation10003|NYBeach Reservation10003+NYBeach Reservation+10003|NYBeach Reservation10003+NYBeach 49th St+10003'
-74.0119,40.7093,690,429,'NYTrinity Pl10003+NYCedar St+10003'
-74.0119,40.7827,2,1,'NJPark Ave10003+NJ55th St+10003|NJ55th St10003'
-74.0119,40.8379,1,0,'NJBell Dr10003'
-74.0119,40.7216,296,201,'NYHubert St10003|NYHubert St10003+NY12th Ave+10003|NYHubert St10003+NYState Rte 9a+10003|NYHubert St10003+NYWest St+10003'
-74.0119,40.6332,0,4,'NY8th Ave10003+NY64th St+10003'
-74.0119,40.6704,1,7,'NYOtsego St Exd10003'
-74.0119,40.7066,696,618,'NYNew St10003+NYExchange Pl+10003'
-74.0119,40.6705,0,3,'NYOtsego St10003|NYOtsego St10003+NYOtsego St Exd+10003|NYOtsego St Exd10003'
-74.0119,40.8883,1,1,'NJCherry Ln10003+NJGrange Rd+10003|NJGrange Rd10003'
-74.0118,40.7819,3,4,'NJFairview Ter10003|NJFairview Ter10003+NJ54th St+10003'
-74.0118,40.6230,0,45,'NY75th St10003+NY11th Ave+10003|NY11th Ave10003+NYBay Ridge Pkwy+10003'
-74.0118,40.7797,2,3,'NJKennedy Blvd E10003|NJKennedy Blvd E10003+NJ51st St+10003|NJKennedy Blvd E10003+NJJ F Kennedy Blvd E+10003|NJJ F Kennedy Blvd E10003|NJJ F Kennedy Blvd E10003+NJ51st St+10003|NJJ F Kennedy Blvd E10003+NJJ F Kennedy Blvd E+10003|NJ51st St10003|NJ51st St10003+NJJ F Kennedy Blvd E+10003'
-74.0118,40.7867,1,0,'NJ60th St10003+NJFillmore Pl+10003|NJFillmore Pl10003'
-74.0118,40.7990,1,0,'NJJackson St10003|NJJackson St10003+NJ73rd St+10003'
-74.0118,40.6737,2,28,'NYDwight St10003+NYVan Dyke St+10003'
-74.0118,40.6506,0,12,'NY3rd Ave10003+NY45th St+10003|NY45th St10003'
-74.0118,40.7223,213,172,'NYLaight St10003|NYLaight St10003+NY12th Ave+10003|NYLaight St10003+NYState Rte 9a+10003|NYLaight St10003+NYWest St+10003'
-74.0118,40.6368,1,17,'NY60th St10003+NY7th Ave+10003'
-74.0117,40.7243,8,6,'NYWatts St Exn10003'
-74.0117,40.6127,2,48,'NY14th Ave10003+NY86th St+10003'
-74.0117,40.7137,682,770,'NYGreenwich St10003|NYGreenwich St10003+NYBarclay St+10003'
-74.0117,40.7078,1664,4020,'NYWall St10003|NYWall St10003+NYBroadway+10003'
-74.0117,40.6794,4,17,'NYPioneer St10003+NYImlay St+10003|NYImlay St10003'
-74.0117,40.7128,173,111,'NYW Broadway10003|NYW Broadway10003+NYVesey St+10003'
-74.0117,40.6541,0,9,'NY2nd Ave10003+NY41st St+10003'
-74.0117,40.6784,15,64,'NYVan Brunt St10003+NYKing St+10003'
-74.0117,40.6651,1,6,'NYColumbia St10003'
-74.0117,40.7097,977,725,'NYTrinity Pl10003+NYLiberty St+10003'
-74.0117,40.6266,0,26,'NY71st St10003+NY10th Ave+10003'
-74.0117,40.8333,1,0,'NJRailroad Ave10003+NJHendricks Cswy+10003'
-74.0116,40.8537,3,4,'NJChallenger Rd10003'
-74.0116,40.7230,116,511,'NYVestry St10003|NYVestry St10003+NY12th Ave+10003|NYVestry St10003+NYState Rte 9a+10003|NYVestry St10003+NYWest St+10003'
-74.0116,40.6404,1,38,'NY56th St10003+NY6th Ave+10003'
-74.0116,40.7034,3347,1819,'NYBroad St10003+NYPearl St+10003'
-74.0116,40.7036,809,613,'NYBridge St10003'
-74.0116,40.7040,1275,1296,'NYStone St10003'
-74.0116,40.7042,629,623,'NYS William St10003'
-74.0116,40.6071,0,4,'NYBay 11th St10003+NYBath Ave+10003'
-74.0116,40.7047,839,1105,'NYMarketfield St10003'
-74.0115,40.6163,0,3,'NY82nd St10003+NY13th Ave+10003'
-74.0115,40.7143,391,747,'NYPark Pl10003|NYPark Pl10003+NYGreenwich St+10003'
-74.0115,40.6302,0,3,'NY9th Ave10003+NY67th St+10003'
-74.0115,40.7236,399,477,'NYDesbrosses St10003|NYDesbrosses St10003+NY12th Ave+10003|NYDesbrosses St10003+NYState Rte 9a+10003|NYDesbrosses St10003+NYWest St+10003'
-74.0115,40.6048,0,6,'NYBay 13th St10003+NYCropsey Ave+10003'
-74.0115,40.7898,0,1,'NJMonroe Pl10003+NJ62nd St+10003'
-74.0115,40.6440,0,33,'NY5th Ave10003+NY52nd St+10003'
-74.0115,40.6504,0,4,'NY3rd Ave10003+NY45th St+10003|NY45th St10003'
-74.0115,40.7884,0,1,'NJ61st St10003+NJHudson Ave+10003'
-74.0114,40.6292,2,29,'NYOvington Ave10003+NYFort Hamilton Pkwy+10003|NY68th St10003+NYFort Hamilton Pkwy+10003'
-74.0114,40.6199,0,11,'NY78th St10003+NY12th Ave+10003'
-74.0114,40.6476,6,54,'NY48th St10003+NY4th Ave+10003'
-74.0114,40.6763,1,83,'NYWolcott St10003+NYRichards St+10003'
-74.0114,40.7833,0,3,'NJPark Ave10003+NJ56th St+10003|NJ56th St10003'
-74.0114,40.7243,154,114,'NYWatts St Exn10003|NYWatts St Exn10003+NY12th Ave+10003|NYWatts St Exn10003+NYWatts St+10003|NYWatts St Exn10003+NYState Rte 9a+10003|NYWatts St Exn10003+NYWest St+10003|NY12th Ave10002+NYWatts St+10002|NYWatts St10003|NYWatts St10003+NYState Rte 9a+10003|NYWatts St10003+NYWest St+10003'
-74.0113,40.7149,1349,2003,'NYGreenwich St10003+NYMurray St+10003'
-74.0113,40.6338,0,4,'NY8th Ave10003+NY63rd St+10003|NY63rd St10003'
-74.0113,40.7996,1,2,'NJ3rd Ave10003|NJ3rd Ave10003+NJ74th St+10003'
-74.0113,40.9111,0,1,'NJS Prospect Ave10003+NJHenrietta Ave+10003|NJHenrietta Ave10003'
-74.0113,40.6097,0,5,'NYBenson Ave10003+NY15th Ave+10003'
-74.0113,40.7075,361,578,'NYNew St10003|NYNew St10003+NYWall St+10003'
-74.0112,40.7083,964,2292,'NYBroadway10003+NYPine St+10003|NYPine St10003'
-74.0112,40.7104,999,627,'NYTrinity Pl10003|NYTrinity Pl10003+NYCortlandt St+10003|NYTrinity Pl10003+NYChurch St+10003|NYCortlandt St10003|NYCortlandt St10003+NYChurch St+10003|NYChurch St10003'
-74.0112,40.9082,0,1,'NJSussex Rd10003+NJWinthrop Rd+10003|NJWinthrop Rd10003'
-74.0112,40.7261,3,3,'NYHolland Tunl10001|NYHolland Tunl10001+NYHolland Tunl+10001|NYHolland Tunl10001+NYI 78+10001|NYI 7810001|NYI 7810001+NYI 78+10001|NYI 7810001+NYHolland Tunl+10001'
-74.0112,40.6236,0,33,'NY74th St10003+NY11th Ave+10003'
-74.0112,40.6511,0,8,'NY44th St10003|NY44th St10003+NY3rd Ave+10003'
-74.0112,40.7252,123,175,'NYCanal St10003|NYCanal St10003+NY12th Ave+10003|NYCanal St10003+NYState Rte 9a+10003|NYCanal St10003+NYWest St+10003'
-74.0112,40.7816,0,4,'NJKennedy Blvd E10003+NJ54th St+10003|NJJ F Kennedy Blvd E10003+NJ54th St+10003|NJ54th St10003'
-74.0112,40.8153,7,6,'NJDivision St10003'
-74.0112,40.6742,0,13,'NYCoffey St10003+NYDwight St+10003'
-74.0112,40.7018,579,1106,'NYBroad St10003|NYBroad St10003+NYSouth St+10003'
-74.0112,40.6374,0,7,'NY7th Ave10003+NY59th St+10003'
-74.0111,40.7156,2160,1621,'NYWarren St10003+NYGreenwich St+10003'
-74.0111,40.6547,0,3,'NY2nd Ave10003+NY40th St+10003'
-74.0111,40.8043,1,0,'NJKennedy Blvd10002+NJ80th St+10002|NJJohn F Kennedy Blvd10002+NJ80th St+10002|NJ80th St10003|NJ80th St10003+NJState Rte 501+10003'
-74.0111,40.6133,1,16,'NY14th Ave10003+NY85th St+10003'
-74.0111,40.6271,0,10,'NY70th St10003+NY10th Ave+10003'
-74.0111,40.7864,0,1,'NJ60th St10003+NJBroadway+10003'
-74.0111,40.7257,32,53,'NYHolland Tunl10001|NYHolland Tunl10001+NY12th Ave+10001|NYHolland Tunl10001+NYState Rte 9a+10001|NYHolland Tunl10001+NYWest St+10001|NYHolland Tunl10001+NYCanal St+10001|NYHolland Tunl10001+NYI 78+10001|NY12th Ave10002+NYCanal St+10002|NY12th Ave10002+NYI 78+10002|NYState Rte 9a10002+NYCanal St+10002|NYState Rte 9a10002+NYI 78+10002|NYWest St10002+NYCanal St+10002|NYWest St10002+NYI 78+10002|NYCanal St10001'
-74.0111,40.6789,84,294,'NYPioneer St10003+NYVan Brunt St+10003'
-74.0110,40.7258,24,26,'NYHolland Tunl10001|NYHolland Tunl10001+NY12th Ave+10001|NYHolland Tunl10001+NYHolland Tunl+10001|NYHolland Tunl10001+NYState Rte 9a+10001|NYHolland Tunl10001+NYWest St+10001|NY12th Ave10002+NYHolland Tunl+10002|NY12th Ave10002+NYCanal St+10002|NY12th Ave10002+NYI 78+10002|NYHolland Tunl10001+NYCanal St+10001|NYHolland Tunl10001+NYI 78+10001|NYCanal St10001|NYCanal St10001+NYState Rte 9a+10001|NYCanal St10001+NYWest St+10001|NYState Rte 9a10002+NYI 78+10002|NYWest St10002+NYI 78+10002'
-74.0110,40.6410,0,37,'NY6th Ave10003+NY55th St+10003'
-74.0110,40.7086,462,866,'NYThames St10003|NYThames St10003+NYBroadway+10003'
-74.0110,40.6722,10,8,'NYOtsego St10003+NYHalleck St+10003|NYOtsego St10003+NYBeard St+10003|NYHalleck St10003|NYHalleck St10003+NYBeard St+10003|NYBeard St10003'
-74.0110,40.7133,1060,4305,'NYBarclay St10003+NYW Broadway+10003'
-74.0110,40.7261,37,26,'NY12th Ave10002+NYI 78+10002|NY12th Ave10002+NYHolland Tunl+10002|NYI 7810001+NYState Rte 9a+10001|NYI 7810001+NYWest St+10001|NYHolland Tunl10001+NYState Rte 9a+10001|NYHolland Tunl10001+NYWest St+10001'
-74.0110,40.7262,77,67,'NYSpring St10003|NYSpring St10003+NY12th Ave+10003|NYSpring St10003+NYState Rte 9a+10003|NYSpring St10003+NYWest St+10003'
-74.0110,40.6123,0,8,'NYBay 7th St10003|NYBay 7th St10003+NY86th St+10003'
-74.0110,40.7163,1345,2444,'NYGreenwich St10003+NYChambers St+10003'
-74.0110,40.6169,0,15,'NY13th Ave10003+NY81st St+10003'
-74.0109,40.6509,1,25,'NY3rd Ave10003+NY44th St+10003|NY44th St10003'
-74.0109,40.6445,1,75,'NY51st St10003+NY5th Ave+10003'
-74.0109,40.8206,1,0,'NJFairview Ave10003+NJMerical St+10003|NJMerical St10003'
-74.0109,40.6807,0,1,'NYCommercial Wharf10003+NYVerona St+10003|NYConover St10003+NYVerona St+10003|NYVerona St10003'
-74.0109,40.7838,3,3,'NJPark Ave10003+NJ57th St+10003|NJ57th St10003'
-74.0109,40.5776,0,1,'NYBeach 48th St10003'
-74.0109,40.6017,0,1,'NYShore Pkwy N10003+NYBay 16th St+10003|NYBay 16th St10003'
-74.0109,40.8014,0,1,'NJ4th Ave10003|NJ4th Ave10003+NJ76th St+10003'
-74.0109,40.5782,0,3,'NYBeach Reservation10003|NYBeach Reservation10003+NYBeach 49th St+10003|NYBeach 49th St10003'
-74.0108,40.8716,0,1,'NJParkview Dr10003'
-74.0108,40.7088,818,926,'NYCedar St10003+NYBroadway+10003'
-74.0108,40.7962,1,0,'NJBergenline Pl10003+NJ70th St+10003|NJBergenline Ave10003+NJ70th St+10003'
-74.0108,40.6205,0,22,'NY12th Ave10003+NY77th St+10003'
-74.0108,40.7169,507,1182,'NYReade St10003|NYReade St10003+NYGreenwich St+10003'
-74.0108,40.6481,2,43,'NY47th St10003+NY4th Ave+10003'
-74.0108,40.6067,0,12,'NY16th Ave10003+NYBath Ave+10003'
-74.0108,40.7110,872,867,'NYDey St10003|NYDey St10003+NYChurch St+10003'
-74.0108,40.6768,2,26,'NYRichards St10003+NYSullivan St+10003|NYSullivan St10003'
-74.0108,40.6029,0,29,'NY17th Ct10003|NY17th Ct10003+NY17th Ave+10003|NY17th Ave10003'
-74.0107,40.6344,1,2,'NY62nd St10003|NY62nd St10003+NY8th Ave+10003'
-74.0107,40.6044,0,5,'NYBay 14th St10003|NYBay 14th St10003+NYCropsey Ave+10003'
-74.0107,40.5770,0,1,'NYBeach 47th St10003'
-74.0107,40.7290,630,993,'NYW Houston St10003|NYW Houston St10003+NY12th Ave+10003|NYW Houston St10003+NYState Rte 9a+10003|NYW Houston St10003+NYWest St+10003'
-74.0107,40.7977,0,1,'NJ72nd St10003+NJMadison St+10003|NJMadison St10003'
-74.0107,40.7041,721,821,'NYCoenties Aly10003|NYCoenties Aly10003+NYStone St+10003|NYStone St10003'
-74.0107,40.6296,1,15,'NY67th St10003+NYFort Hamilton Pkwy+10003'
-74.0107,40.7175,1154,1244,'NYGreenwich St10003+NYDuane St+10003|NYDuane St10003'
-74.0107,40.7215,343,485,'NYWashington St10003|NYWashington St10003+NYHubert St+10003'
-74.0107,40.6729,0,2,'NYOtsego St10003+NYVan Dyke St+10003|NYVan Dyke St10003'
-74.0107,40.7071,170,160,'NYBroad St10003|NYBroad St10003+NYWall St+10003|NYBroad St10003+NYNassau St+10003|NYWall St10003+NYNassau St+10003|NYNassau St10003'
-74.0107,40.8049,5,5,'NJKennedy Blvd10002+NJ81st St+10002|NJ81st St10003|NJ81st St10003+NJJohn F Kennedy Blvd+10003|NJ81st St10003+NJState Rte 501+10003'
-74.0107,40.7019,216,477,'NYNew York Plz10003|NYNew York Plz10003+NYSouth St+10003'
-74.0107,40.7298,554,1118,'NY12th Ave10002+NYClarkson St+10002|NYState Rte 9a10002+NYClarkson St+10002|NYWest St10002+NYClarkson St+10002|NYClarkson St10003'
-74.0106,40.6043,0,15,'NYBay 14th St10003|NYBay 14th St10003+NYCropsey Ave+10003'
-74.0106,40.7037,717,361,'NYPearl St10003+NYCoenties Slip+10003|NYCoenties Slip10003'
-74.0106,40.6517,0,4,'NY43rd St10003|NY43rd St10003+NY3rd Ave+10003'
-74.0106,40.6241,0,12,'NY73rd St10003+NY11th Ave+10003'
-74.0106,40.7993,0,3,'NJ74th St10003+NJ2nd Ave+10003|NJ2nd Ave10003'
-74.0106,40.6380,0,3,'NY7th Ave10003+NY58th St+10003'
-74.0106,40.7138,909,2078,'NYPark Pl10003+NYW Broadway+10003'
-74.0106,40.6748,3,55,'NYDikeman St10003+NYDwight St+10003'
-74.0105,40.6732,0,3,'NYSigourney St10003|NYSigourney St10003+NYOtsego St+10003'
-74.0105,40.7092,2193,1802,'NYLiberty St10003+NYBroadway+10003'
-74.0105,40.8653,3,2,'NJI 9510001'
-74.0105,40.6093,0,3,'NYBenson Ave10003+NYBay 10th St+10003'
-74.0105,40.7934,1,2,'NJ67th St10003+NJPalisade Ave+10003|NJPalisade Ave10003'
-74.0105,40.7038,338,210,'NYCoenties Aly10003|NYCoenties Aly10003+NYPearl St+10003'
-74.0105,40.7181,843,1029,'NYJay St10003|NYJay St10003+NYGreenwich St+10003'
-74.0105,40.6139,0,9,'NY84th St10003+NY14th Ave+10003'
-74.0105,40.6277,0,11,'NY69th St10003+NY10th Ave+10003|NYBay Ridge Ave10003+NY10th Ave+10003'
-74.0105,40.6553,1,56,'NY2nd Ave10003+NY39th St+10003'
-74.0105,40.7393,4,6,'NYGansevoort St10003'
-74.0105,40.7115,1895,3735,'NYChurch St10003+NYFulton St+10003|NYFulton St10003'
-74.0105,40.6804,0,6,'NYImlay St10003+NYVerona St+10003'
-74.0104,40.6415,0,45,'NY54th St10003+NY6th Ave+10003'
-74.0104,40.6795,30,126,'NYVan Brunt St10003+NYVisitation Pl+10003|NYVisitation Pl10003'
-74.0104,40.7188,4801,2675,'NYHarrison St10003+NYGreenwich St+10003'
-74.0104,40.6175,1,11,'NY13th Ave10003+NY80th St+10003'
-74.0104,40.7306,128,239,'NYLeroy St10003|NYLeroy St10003+NY12th Ave+10003|NYLeroy St10003+NYState Rte 9a+10003|NYLeroy St10003+NYWest St+10003'
-74.0104,40.8024,2,1,'NJ4th Ave10003+NJ78th St+10003|NJ78th St10003'
-74.0104,40.8895,0,1,'NJEdgemont Ter10003+NJRed Rd+10003|NJRed Rd10003+NJEdgemont Pl+10003'
-74.0104,40.7844,1,2,'NJPark Ave10003+NJ58th St+10003|NJ58th St10003'
-74.0103,40.7033,2308,935,'NYWater St10003+NYCoenties Slip+10003|NYCoenties Slip10003'
-74.0103,40.7235,339,3249,'NYWashington St10003+NYDesbrosses St+10003'
-74.0103,40.6737,0,7,'NYOtsego St10003+NYCoffey St+10003|NYCoffey St10003'
-74.0103,40.6313,1,8,'NY9th Ave10003+NY65th St+10003'
-74.0103,40.7048,846,1151,'NYS William St10003+NYMill Ln+10003|NYMill Ln10003'
-74.0103,40.8327,0,1,'NJRemsen Pl10003|NJRemsen Pl10003+NJBroad Street Cir+10003'
-74.0103,40.6451,0,37,'NY50th St10003+NY5th Ave+10003'
-74.0103,40.6515,1,8,'NY3rd Ave10003+NY43rd St+10003|NY43rd St10003'
-74.0103,40.8796,0,1,'NJFycke Ln10003|NJFycke Ln10003+NJTeaneck Rd+10003'
-74.0103,40.7195,8147,5489,'NYFranklin St10003|NYFranklin St10003+NYGreenwich St+10003'
-74.0103,40.7313,128,462,'NY12th Ave10002+NYMorton St+10002|NYState Rte 9a10002+NYMorton St+10002|NYMorton St10003|NYMorton St10003+NYWest St+10003'
-74.0103,40.8305,1,2,'NJUS Rte 110002+NJLancaster Rd+10002|NJLancaster Rd10003|NJLancaster Rd10003+NJBroad Ave+10003|NJLancaster Rd10003+NJUS Rte 9+10003'
-74.0103,40.6210,0,13,'NY12th Ave10003+NY76th St+10003'
-74.0103,40.6119,0,25,'NYBay 8th St10003|NYBay 8th St10003+NY86th St+10003'
-74.0102,40.6487,3,63,'NY46th St10003+NY4th Ave+10003'
-74.0102,40.7029,906,552,'NYNew York Plz10003'
-74.0102,40.6738,0,5,'NYOtsego St10003+NYBay St+10003|NYBay St10003'
-74.0102,40.7320,70,194,'NY12th Ave10002+NYBarrow St+10002|NYState Rte 9a10002+NYBarrow St+10002|NYBarrow St10003|NYBarrow St10003+NYWest St+10003'
-74.0102,40.7242,33,106,'NYWashington St10003+NYWatts St+10003'
-74.0102,40.7077,320,305,'NYNassau St10003+NYPine St+10003'
-74.0102,40.7324,139,154,'NY12th Ave10002+NYChristopher St+10002|NYChristopher St10003|NYChristopher St10003+NYState Rte 9a+10003|NYChristopher St10003+NYWest St+10003'
-74.0102,40.6774,1,19,'NYRichards St10003+NYKing St+10003'
-74.0102,40.6349,0,7,'NY8th Ave10003+NY61st St+10003'
-74.0102,40.7121,2892,1675,'NYChurch St10003+NYVesey St+10003'
-74.0101,40.7332,135,182,'NYW 10th St10003|NYW 10th St10003+NY12th Ave+10003|NYW 10th St10003+NYState Rte 9a+10003|NYW 10th St10003+NYWest St+10003|NY12th Ave10002+NYW 10 St+10002|NYState Rte 9a10002+NYW 10 St+10002|NYWest St10002+NYW 10 St+10002|NYW 10 St10003'
-74.0101,40.7144,1709,3227,'NYW Broadway10003+NYMurray St+10003'
-74.0101,40.8269,1,0,'NJUS Rte 110002+NJPleasantview Ter+10002|NJPleasantview Ter10003+NJBroad Ave+10003|NJPleasantview Ter10003+NJUS Rte 9+10003'
-74.0101,40.7045,715,732,'NYStone St10003+NYMill Ln+10003|NYMill Ln10003'
-74.0101,40.7208,17277,3072,'NYGreenwich St10003+NYBeach St+10003|NYBeach St10003'
-74.0101,40.7250,69,221,'NYWashington St10003+NYCanal St+10003|NYWashington St10003+NYI 78+10003|NYCanal St10003|NYCanal St10003+NYCanal St+10003|NYCanal St10003+NYI 78+10003'
-74.0101,40.7338,123,333,'NYCharles St10003|NYCharles St10003+NY12th Ave+10003|NYCharles St10003+NYState Rte 9a+10003|NYCharles St10003+NYWest St+10003'
-74.0101,40.7940,0,1,'NJ68th St10003+NJPalisade Ave+10003'
-74.0100,40.8319,3,4,'NJUS Rte 110002+NJMarion Pl+10002|NJMarion Pl10003|NJMarion Pl10003+NJBroad Ave+10003|NJMarion Pl10003+NJUS Rte 9+10003'
-74.0100,40.7252,35,254,'NYWashington St10003+NYHolland Tunl+10003|NYWashington St10003+NYCanal St+10003|NYWashington St10003+NYI 78+10003'
-74.0100,40.6247,0,14,'NY72nd St10003+NY11th Ave+10003'
-74.0100,40.6522,0,8,'NY42nd St10003|NY42nd St10003+NY3rd Ave+10003'
-74.0100,40.7342,87,173,'NY12th Ave10002+NYCharles Ln+10002|NYState Rte 9a10002+NYCharles Ln+10002|NYWest St10002+NYCharles Ln+10002|NYCharles Ln10003'
-74.0100,40.6025,0,5,'NYBay 16th St10003+NY17th Ct+10003|NY17th Ct10003'
-74.0100,40.7346,353,525,'NYPerry St10003|NYPerry St10003+NY12th Ave+10003|NYPerry St10003+NYState Rte 9a+10003|NYPerry St10003+NYWest St+10003'
-74.0100,40.6282,0,2,'NYOvington Ave10003|NYOvington Ave10003+NY10th Ave+10003|NY68th St10003|NY68th St10003+NY10th Ave+10003'
-74.0100,40.6301,0,10,'NY66th St10003+NYFort Hamilton Pkwy+10003'
-74.0100,40.6062,0,9,'NYBay 13th St10003+NYBath Ave+10003'
-74.0100,40.7174,218,337,'NYDuane St10003|NYDuane St10003+NYDuane St+10003'
-74.0100,40.6744,0,12,'NYOtsego St10003+NYDikeman St+10003|NYDikeman St10003'
-74.0100,40.6385,0,7,'NY57th St10003+NY7th Ave+10003'
-74.0100,40.7098,1853,1596,'NYMaiden Ln10003|NYMaiden Ln10003+NYCortlandt St+10003|NYMaiden Ln10003+NYBroadway+10003|NYCortlandt St10003|NYCortlandt St10003+NYBroadway+10003'
-74.0100,40.7051,2381,2360,'NYS William St10003|NYS William St10003+NYBeaver St+10003|NYWilliam St10003+NYBeaver St+10003'
-74.0099,40.7931,0,1,'NJ67th St10003+NJPalisade Ave+10003|NJPalisade Ave10003'
-74.0099,40.7353,662,1203,'NYW 11th St10003|NYW 11th St10003+NY12th Ave+10003|NYW 11th St10003+NYState Rte 9a+10003|NYW 11th St10003+NYWest St+10003|NYW 11 St10003|NYW 11 St10003+NY12th Ave+10003|NYW 11 St10003+NYState Rte 9a+10003|NYW 11 St10003+NYWest St+10003'
-74.0099,40.6745,0,4,'NYOtsego St10003+NYCreamer St+10003|NYCreamer St10003'
-74.0099,40.6145,1,35,'NY83rd St10003+NY14th Ave+10003'
-74.0099,40.7260,111,595,'NYWashington St10003+NYI 78+10003|NYWashington St10003+NYHolland Tunl+10003'
-74.0099,40.6753,1,31,'NYWolcott St10003+NYDwight St+10003'
-74.0099,40.6283,0,5,'NYOvington Ave10003|NYOvington Ave10003+NY10th Ave+10003|NY68th St10003|NY68th St10003+NY10th Ave+10003'
-74.0099,40.7215,2695,1558,'NYHubert St10003+NYGreenwich St+10003'
-74.0099,40.7261,243,1244,'NYWashington St10003+NYSpring St+10003'
-74.0099,40.7360,126,315,'NY12th Ave10002|NY12th Ave10002+NYBank St+10002|NYState Rte 9a10002+NYBank St+10002|NYWest St10002+NYBank St+10002|NYBank St10003'
-74.0099,40.7325,193,592,'NYWeehawken St10003|NYWeehawken St10003+NYChristopher St+10003'
-74.0099,40.7803,10,52,'NJRiverbend Dr10003'
-74.0099,40.7058,2688,2702,'NYWilliam St10003+NYExchange Pl+10003'
-74.0099,40.6421,0,31,'NY6th Ave10003+NY53rd St+10003'
-74.0098,40.7081,313,503,'NYCedar St10003|NYCedar St10003+NYNassau St+10003'
-74.0098,40.7850,0,2,'NJPark Ave10003+NJ59th St+10003|NJ59th St10003'
-74.0098,40.6088,0,12,'NYBenson Ave10003+NYBay 11th St+10003'
-74.0098,40.6800,16,89,'NYVan Brunt St10003+NYVerona St+10003'
-74.0098,40.6180,0,6,'NY79th St10003+NY13th Ave+10003'
-74.0098,40.7332,20,218,'NYWeehawken St10003|NYWeehawken St10003+NYW 10th St+10003|NYWeehawken St10003+NYW 10 St+10003'
-74.0098,40.7370,234,354,'NYBethune St10003|NYBethune St10003+NYState Rte 9a+10003|NYBethune St10003+NYWest St+10003'
-74.0098,40.6039,0,27,'NY17th Ave10003+NYCropsey Ave+10003'
-74.0098,40.7898,0,2,'NJDewey Ave10003|NJDewey Ave10003+NJ63rd St+10003'
-74.0097,40.7048,1843,1263,'NYStone St10003|NYStone St10003+NYHanover Sq+10003|NYStone St10003+NYPearl St+10003|NYStone St10003+NYWilliam St+10003|NYHanover Sq10003|NYHanover Sq10003+NYPearl St+10003|NYHanover Sq10003+NYWilliam St+10003|NYPearl St10003|NYPearl St10003+NYWilliam St+10003|NYWilliam St10003'
-74.0097,40.7376,165,666,'NYW 12 St10003|NYW 12 St10003+NYState Rte 9a+10003|NYW 12 St10003+NYWest St+10003|NYState Rte 9a10002+NYW 12th St+10002|NYWest St10002+NYW 12th St+10002|NYW 12th St10003'
-74.0097,40.6457,1,22,'NY5th Ave10003+NYSunset Ter+10003|NY5th Ave10003+NY49th St+10003'
-74.0097,40.7388,373,1113,'NYState Rte 9a10002+NYHoratio St+10002|NYWest St10002+NYHoratio St+10002|NYHoratio St10003'
-74.0097,40.7405,15,21,'NYBloomfield St10003'
-74.0097,40.6520,0,13,'NY3rd Ave10003+NY42nd St+10003|NY42nd St10003'
-74.0097,40.7382,1517,4299,'NYJane St10003|NYJane St10003+NYState Rte 9a+10003|NYJane St10003+NYWest St+10003'
-74.0097,40.7149,2909,2829,'NYWarren St10003+NYW Broadway+10003'
-74.0097,40.7394,77,134,'NYGansevoort St10003+NYState Rte 9a+10003|NYGansevoort St10003+NYWest St+10003'
-74.0097,40.7127,2610,1413,'NYChurch St10003+NYBarclay St+10003'
-74.0097,40.6493,17,39,'NY4th Ave10003+NY45th St+10003'
-74.0097,40.7088,332,654,'NYLiberty Pl10003|NYLiberty Pl10003+NYLiberty St+10003'
-74.0097,40.7228,815,1744,'NYVestry St10003+NYGreenwich St+10003'
-74.0096,40.7173,208,235,'NYStaple St10003|NYStaple St10003+NYDuane St+10003'
-74.0096,40.6216,0,26,'NY12th Ave10003+NY75th St+10003|NY12th Ave10003+NYBay Ridge Pkwy+10003'
-74.0096,40.7276,31,157,'NYWashington St10003+NYCharlton St+10003|NYCharlton St10003'
-74.0096,40.6751,0,14,'NYWolcott St10003|NYWolcott St10003+NYOtsego St+10003|NYWolcott St10003+NYLorraine St+10003|NYOtsego St10003+NYLorraine St+10003|NYLorraine St10003'
-74.0096,40.5776,0,1,'NYLaurel Ave10003'
-74.0096,40.8146,3,2,'NJTonnele Ave10002|NJTonnele Ave10002+NJUS Rte 1+10002|NJTonnele Ave10002+NJBroad Ave+10002|NJTonnele Ave10002+NJUS Rte 9+10002|NJTonnele Ave10002+NJDivision St+10002|NJUS Rte 110002|NJUS Rte 110002+NJUS Hwy 9+10002|NJUS Rte 110002+NJUS Hwy 1+10002|NJUS Rte 110002+NJDivision St+10002|NJUS Hwy 910002|NJUS Hwy 910002+NJBroad Ave+10002|NJUS Hwy 910002+NJUS Rte 9+10002|NJUS Hwy 910002+NJDivision St+10002|NJBroad Ave10002|NJBroad Ave10002+NJUS Hwy 1+10002|NJBroad Ave10002+NJDivision St+10002|NJUS Hwy 110002|NJUS Hwy 110002+NJUS Rte 9+10002|NJUS Hwy 110002+NJDivision St+10002|NJUS Rte 910002|NJUS Rte 910002+NJDivision St+10002|NJDivision St10003'
-74.0096,40.6355,0,25,'NY60th St10003+NY8th Ave+10003'
-74.0095,40.6779,2,58,'NYPioneer St10003|NYPioneer St10003+NYRichards St+10003'
-74.0095,40.6817,0,2,'NYCommercial Wharf10003+NYCommerce St+10003|NYCommerce St10003|NYCommerce St10003+NYConover St+10003'
-74.0095,40.7103,955,1463,'NYJohn St10003|NYJohn St10003+NYBroadway+10003'
-74.0095,40.7234,466,899,'NYDesbrosses St10003+NYGreenwich St+10003'
-74.0095,40.6114,3,24,'NY15th Ave10003+NY86th St+10003'
-74.0095,40.7064,3762,1870,'NYWall St10003+NYWilliam St+10003'
-74.0095,40.7283,115,183,'NYWashington St10003+NYKing St+10003|NYKing St10003'
-74.0095,40.7104,1182,1264,'NYDey St10003|NYDey St10003+NYBroadway+10003'
-74.0095,40.6528,0,6,'NY41st St10003|NY41st St10003+NY3rd Ave+10003'
-74.0095,40.6252,0,15,'NY11th Ave10003+NY71st St+10003'
-74.0095,40.7045,2166,1168,'NYPearl St10003+NYHanover Sq+10003'
-74.0094,40.7811,3,11,'NJRiverbend Dr10003'
-74.0094,40.7241,269,863,'NYGreenwich St10003+NYWatts St+10003'
-74.0094,40.6391,0,21,'NY56th St10003+NY7th Ave+10003'
-74.0094,40.6008,1,12,'NYCristoforo Colombo Blvd10003|NYCristoforo Colombo Blvd10003+NYShore Pkwy N+10003|NY18th Ave10003|NY18th Ave10003+NYShore Pkwy N+10003'
-74.0094,40.8859,0,1,'NJPrince St10003+NJSterling Pl+10003'
-74.0094,40.6564,1,3,'NY2nd Ave10003+NY37th St+10003|NY37th St10003'
-74.0094,40.9059,0,1,'NJRugby Rd10003+NJWarwick Ave+10003'
-74.0094,40.7086,393,965,'NYLiberty St10003+NYNassau St+10003'
-74.0093,40.6150,0,9,'NY82nd St10003+NY14th Ave+10003'
-74.0093,40.7246,131,406,'NYGreenwich St10003+NYCanal St+10003|NYGreenwich St10003+NYI 78+10003'
-74.0093,40.6288,1,48,'NY67th St10003+NY10th Ave+10003'
-74.0093,40.6758,0,6,'NYOtsego St10003|NYOtsego St10003+NYDwight St+10003'
-74.0093,40.7187,1053,328,'NYHarrison St10003+NYStaple St+10003|NYStaple St10003'
-74.0093,40.7247,185,572,'NYHolland Tunl10001+NYGreenwich St+10001|NYGreenwich St10003+NYCanal St+10003|NYGreenwich St10003+NYI 78+10003'
-74.0093,40.7207,1059,1478,'NYBeach St10003+NYCollister St+10003|NYCollister St10003'
-74.0093,40.7912,2,3,'NJ65th St10003+NJHudson Ave+10003'
-74.0093,40.6427,0,8,'NY6th Ave10003+NY52nd St+10003'
-74.0093,40.7133,2917,1287,'NYPark Pl10003+NYChurch St+10003'
-74.0092,40.7155,2078,3680,'NYW Broadway10003+NYHudson St+10003|NYW Broadway10003+NYChambers St+10003|NYHudson St10003|NYHudson St10003+NYChambers St+10003'
-74.0092,40.7855,1,4,'NJ60th St10003+NJPark Ave+10003'
-74.0092,40.8038,0,1,'NJ4th Ave10003+NJ80th St+10003'
-74.0092,40.6306,2,24,'NYFort Hamilton Pkwy10003+NY65th St+10003'
-74.0092,40.6186,0,18,'NY78th St10003+NY13th Ave+10003'
-74.0092,40.7297,521,564,'NYWashington St10003+NYClarkson St+10003'
-74.0092,40.7162,2753,1601,'NYReade St10003+NYHudson St+10003'
-74.0092,40.7794,2,22,'NJAve at Port Imperial10003|NJAve at Port Imperial10003+NJAve at Port Imperial+10003'
-74.0092,40.6815,0,6,'NYCommerce St10003+NYImlay St+10003'
-74.0092,40.6057,0,14,'NYBay 14th St10003+NYBath Ave+10003'
-74.0092,40.7874,2,2,'NJ61st St10003+NJBuchanan Pl+10003'
-74.0092,40.6805,8,50,'NYDelevan St10003|NYDelevan St10003+NYVan Brunt St+10003'
-74.0092,40.6462,0,40,'NY48th St10003+NY5th Ave+10003'
-74.0091,40.7404,51,64,'NYBloomfield St10003|NYBloomfield St10003+NYState Rte 9a+10003|NYBloomfield St10003+NYWest St+10003'
-74.0091,40.6718,3,10,'NYColumbia St10003|NYColumbia St10003+NYHalleck St+10003|NYHalleck St10003'
-74.0091,40.7093,357,621,'NYLiberty Pl10003|NYLiberty Pl10003+NYMaiden Ln+10003'
-74.0091,40.6325,0,2,'NY9th Ave10003+NY63rd St+10003'
-74.0091,40.7169,3180,759,'NYDuane St10003+NYHudson St+10003'
-74.0091,40.6526,2,2,'NY3rd Ave10003+NY41st St+10003|NY41st St10003'
-74.0091,40.7259,1059,1579,'NYGreenwich St10003+NYI 78+10003|NYGreenwich St10003+NYHolland Tunl+10003'
-74.0091,40.7042,1331,1352,'NYHanover Sq10003+NYWater St+10003|NYWater St10003'
-74.0091,40.7260,968,683,'NYSpring St10003+NYGreenwich St+10003'
-74.0091,40.6498,11,75,'NY44th St10003+NY4th Ave+10003'
-74.0091,40.6084,1,19,'NYBenson Ave10003+NY16th Ave+10003'
-74.0091,40.7304,379,1393,'NYWashington St10003+NYLeroy St+10003'
-74.0091,40.7055,1308,1201,'NYExchange Pl10003'
-74.0091,40.7173,1720,187,'NYDuane St10003|NYDuane St10003+NYHudson St+10003'
-74.0091,40.7109,2649,3326,'NYFulton St10003+NYBroadway+10003'
-74.0091,40.7221,802,705,'NYLaight St10003+NYCollister St+10003|NYCollister St10003'
-74.0091,40.5750,0,2,'NYBeach 43rd St10003|NYBeach 43rd St10003+NYAtlantic Ave+10003'
-74.0090,40.7407,420,1370,'NY10th Ave10002|NY10th Ave10002+NYState Rte 9a+10002|NY10th Ave10002+NYWest St+10002|NY10th Ave10002+NYLittle W 12th St+10002|NYState Rte 9a10002+NYLittle W 12th St+10002|NYWest St10002|NYWest St10002+NYLittle W 12th St+10002|NYWest St10002+NYWest St+10002|NYLittle W 12th St10003|NYLittle W 12th St10003+NYWest St+10003'
-74.0090,40.8268,1,0,'NJAbbott Ave10003|NJAbbott Ave10003+NJPleasantview Ter+10003|NJAbbott Ave10003+NJCharlotte Ter+10003|NJPleasantview Ter10003+NJCharlotte Ter+10003|NJCharlotte Ter10003'
-74.0090,40.6222,0,10,'NY74th St10003+NY12th Ave+10003'
-74.0090,40.7176,828,277,'NYThomas St10003|NYThomas St10003+NYHudson St+10003'
-74.0090,40.7070,1243,1177,'NYWilliam St10003+NYPine St+10003'
-74.0090,40.6035,0,12,'NYBay 16th St10003+NYCropsey Ave+10003'
-74.0090,40.7041,1059,820,'NYHanover Sq10003|NYHanover Sq10003+NYOld Slip+10003|NYHanover Sq10003+NYWater St+10003|NYOld Slip10003|NYOld Slip10003+NYWater St+10003'
-74.0090,40.7267,49,142,'NYVandam St10003|NYVandam St10003+NYGreenwich St+10003'
-74.0090,40.6361,1,11,'NY8th Ave10003+NY59th St+10003'
-74.0089,40.7179,640,232,'NYJay St10003|NYJay St10003+NYHudson St+10003'
-74.0089,40.7050,545,528,'NYPearl St10003'
-74.0089,40.7312,347,753,'NYWashington St10003+NYMorton St+10003'
-74.0089,40.6784,0,20,'NYVisitation Pl10003|NYVisitation Pl10003+NYRichards St+10003'
-74.0089,40.7049,543,472,'NYHanover St10003|NYHanover St10003+NYPearl St+10003'
-74.0089,40.6534,0,9,'NY40th St10003|NY40th St10003+NY3rd Ave+10003'
-74.0089,40.7090,383,542,'NYMaiden Ln10003+NYNassau St+10003'
-74.0089,40.6120,1,22,'NY85th St10003+NY15th Ave+10003'
-74.0089,40.7183,1111,533,'NYHudson St10003+NYWorth St+10003|NYWorth St10003'
-74.0089,40.6258,0,23,'NY70th St10003+NY11th Ave+10003'
-74.0089,40.7799,1,3,'NJAve at Port Imperial10003+NJRiverbend Dr+10003|NJRiverbend Dr10003'
-74.0088,40.7275,626,327,'NYGreenwich St10003+NYCharlton St+10003'
-74.0088,40.7910,0,1,'NJDewey Ave10003+NJ65th St+10003'
-74.0088,40.7138,4873,3550,'NYChurch St10003+NYMurray St+10003'
-74.0088,40.6396,0,7,'NY55th St10003+NY7th Ave+10003'
-74.0088,40.7160,5160,4055,'NYReade St10003+NYW Broadway+10003'
-74.0088,40.7186,2668,531,'NYHarrison St10003|NYHarrison St10003+NYHudson St+10003'
-74.0088,40.7060,2595,1193,'NYHanover St10003|NYHanover St10003+NYWall St+10003'
-74.0088,40.7424,94,253,'NY11th Ave10002+NYW 14th St+10002|NY11th Ave10002+NYW 14 St+10002|NYW 14th St10003|NYW 14th St10003+NYState Rte 9a+10003|NYW 14th St10003+NYWest St+10003|NYState Rte 9a10002+NYW 14 St+10002|NYW 14 St10003|NYW 14 St10003+NYWest St+10003'
-74.0088,40.6570,1,6,'NY36th St10003+NY2nd Ave+10003'
-74.0088,40.7042,1963,1458,'NYWater St10003|NYWater St10003+NYOld Slip+10003|NYWater St10003+NYWater St+10003|NYOld Slip10003|NYOld Slip10003+NYWater St+10003'
-74.0088,40.7319,355,1133,'NYWashington St10003+NYBarrow St+10003'
-74.0088,40.6110,1,8,'NY86th St10003+NYBay 10th St+10003|NYBay 10th St10003'
-74.0088,40.6156,0,14,'NY14th Ave10003+NY81st St+10003'
-74.0088,40.6294,1,12,'NY66th St10003+NY10th Ave+10003'
-74.0087,40.7190,11758,2754,'NYHudson St10003+NYLeonard St+10003|NYLeonard St10003'
-74.0087,40.7860,0,1,'NJPark Ave10003+NJWestover Pl+10003|NJWestover Pl10003'
-74.0087,40.7282,1774,177,'NYKing St10003+NYGreenwich St+10003'
-74.0087,40.7415,310,689,'NYW 13th St10003|NYW 13th St10003+NY10th Ave+10003|NYW 13th St10003+NY11th Ave+10003|NYW 13th St10003+NY10 Ave+10003|NYW 13th St10003+NYState Rte 9a+10003|NYW 13th St10003+NYWest St+10003|NY10th Ave10002|NY10th Ave10002+NY11th Ave+10002|NY10th Ave10002+NY10th Ave+10002|NY10th Ave10002+NY10 Ave+10002|NY10th Ave10002+NYW 13 St+10002|NY10th Ave10002+NYState Rte 9a+10002|NY10th Ave10002+NYWest St+10002|NY11th Ave10002|NY11th Ave10002+NY10th Ave+10002|NY11th Ave10002+NY10 Ave+10002|NY11th Ave10002+NYW 13 St+10002|NY10th Ave10003|NY10th Ave10003+NYW 13 St+10003|NY10th Ave10003+NYState Rte 9a+10003|NY10th Ave10003+NYWest St+10003|NY10 Ave10003|NY10 Ave10003+NYW 13 St+10003|NY10 Ave10003+NYState Rte 9a+10003|NY10 Ave10003+NYWest St+10003|NYW 13 St10003|NYW 13 St10003+NYState Rte 9a+10003|NYW 13 St10003+NYWest St+10003'
-74.0087,40.6004,1,3,'NYShore Pkwy N10003+NYBay 19th St+10003|NYBay 19th St10003'
-74.0087,40.6432,1,7,'NY51st St10003+NY6th Ave+10003'
-74.0087,40.8221,0,1,'NJUS Rte 110002+NJProbst Ave+10002|NJBroad Ave10002+NJProbst Ave+10002|NJUS Rte 910002+NJProbst Ave+10002|NJProbst Ave10003'
-74.0087,40.8242,0,1,'NJUS Rte 110002+NJFranklin Ave+10002|NJFranklin Ave10003|NJFranklin Ave10003+NJBroad Ave+10003|NJFranklin Ave10003+NJUS Rte 9+10003'
-74.0087,40.7871,0,2,'NJ61st St10003+NJJohnson Pl+10003|NJJohnson Pl10003'
-74.0086,40.7073,819,1064,'NYCedar St10003|NYCedar St10003+NYWilliam St+10003'
-74.0086,40.7242,137,215,'NYHolland Tunl10001|NYHolland Tunl10001+NYRenwick St+10001|NYRenwick St10003|NYRenwick St10003+NYCanal St+10003|NYRenwick St10003+NYI 78+10003'
-74.0086,40.7432,329,380,'NY11th Ave10002+NYW 15 St+10002|NY11th Ave10002+NYW 15th St+10002|NYState Rte 9a10002+NYW 15 St+10002|NYState Rte 9a10002+NYW 15th St+10002|NYW 15 St10003|NYW 15 St10003+NYWest St+10003|NYWest St10002+NYW 15th St+10002|NYW 15th St10003'
-74.0086,40.6191,0,12,'NY77th St10003+NY13th Ave+10003'
-74.0086,40.7326,1575,2375,'NYWashington St10003+NYChristopher St+10003'
-74.0086,40.6727,0,2,'NYSigourney St10003|NYSigourney St10003+NYColumbia St+10003|NYColumbia St10003|NYColumbia St10003+NYColumbia St+10003'
-74.0086,40.7495,181,596,'NY12th Ave10002+NYW 23rd St+10002|NYState Rte 9a10002+NYW 23rd St+10002|NYWest St10002+NYW 23rd St+10002|NYW 23rd St10003'
-74.0086,40.7114,2025,2274,'NYPark Row10003|NYPark Row10003+NYAnn St+10003|NYPark Row10003+NYBroadway+10003|NYPark Row10003+NYVesey St+10003|NYAnn St10003|NYAnn St10003+NYBroadway+10003|NYAnn St10003+NYVesey St+10003|NYBroadway10003+NYVesey St+10003|NYVesey St10003'
-74.0086,40.7991,1,1,'NJBergenline Pl10003+NJ75th St+10003|NJ75th St10003|NJ75th St10003+NJBergenline Ave+10003'
-74.0086,40.5802,0,2,'NYHighland Ave10003|NYHighland Ave10003+NYOcean View Ave+10003'
-74.0086,40.7289,1224,386,'NYW Houston St10003+NYGreenwich St+10003'
-74.0086,40.6764,1,13,'NYDwight St10003+NYKing St+10003|NYKing St10003'
-74.0086,40.8020,1,0,'NJ2nd Ave10003'
-74.0086,40.6468,3,96,'NY47th St10003+NY5th Ave+10003'
-74.0086,40.7334,737,1468,'NYWashington St10003+NYW 10th St+10003|NYWashington St10003+NYW 10 St+10003'
-74.0086,40.6811,11,90,'NYCommerce St10003+NYVan Brunt St+10003'
-74.0085,40.7852,2,7,'NJ60th St10003|NJ60th St10003+NJRiver Rd+10003|NJ60th St10003+NJKennedy Blvd E+10003|NJ60th St10003+NJHillside Rd+10003|NJ60th St10003+NJJ F Kennedy Blvd E+10003|NJ60th St10003+NJCo Rd 693+10003|NJRiver Rd10003|NJRiver Rd10003+NJKennedy Blvd E+10003|NJRiver Rd10003+NJHillside Rd+10003|NJRiver Rd10003+NJJ F Kennedy Blvd E+10003|NJRiver Rd10003+NJCo Rd 693+10003|NJKennedy Blvd E10003+NJHillside Rd+10003|NJHillside Rd10003|NJHillside Rd10003+NJJ F Kennedy Blvd E+10003|NJHillside Rd10003+NJCo Rd 693+10003|NJCo Rd 69310003'
-74.0085,40.6532,2,4,'NY3rd Ave10003+NY40th St+10003|NY40th St10003'
-74.0085,40.7037,311,246,'NYFront St10003|NYFront St10003+NYOld Slip+10003'
-74.0085,40.6330,0,3,'NY62nd St10003+NY9th Ave+10003|NY9th Ave10003'
-74.0085,40.7803,0,5,'NJAve at Port Imperial10003|NJAve at Port Imperial10003+NJAve at Port Imperial+10003'
-74.0085,40.7959,0,1,'NJ71st St10003+NJPalisade Ave+10003'
-74.0085,40.7440,189,365,'NY11th Ave10002+NYW 16 St+10002|NY11th Ave10002+NYW 16th St+10002|NYW 16 St10003|NYW 16 St10003+NYState Rte 9a+10003|NYW 16 St10003+NYWest St+10003|NYState Rte 9a10002+NYW 16th St+10002|NYW 16th St10003|NYW 16th St10003+NYWest St+10003'
-74.0085,40.6504,7,55,'NY4th Ave10003+NYNicholas J Sciarra Pl+10003|NY4th Ave10003+NY43rd St+10003|NYNicholas J Sciarra Pl10003|NYNicholas J Sciarra Pl10003+NY43rd St+10003'
-74.0085,40.7341,960,1675,'NYWashington St10003+NYCharles St+10003'
-74.0085,40.5756,0,1,'NYNautilus Ave10003|NYNautilus Ave10003+NYSurf Ave+10003'
-74.0085,40.7504,135,308,'NY12th Ave10002+NYW 24th St+10002|NYState Rte 9a10002+NYW 24th St+10002|NYWest St10002+NYW 24th St+10002|NYW 24th St10003'
-74.0085,40.7206,7375,3089,'NYEricsson Pl10003|NYEricsson Pl10003+NYHudson St+10003'
-74.0085,40.7240,73,54,'NYWatts St10003+NYI 78+10003'
-74.0085,40.7345,488,461,'NYWashington St10003+NYCharles Ln+10003|NYCharles Ln10003'
-74.0085,40.5794,0,1,'NYHighland Ave10003+NYManhattan Ave+10003|NYManhattan Ave10003'
-74.0085,40.6311,0,4,'NY64th St10003+NYFort Hamilton Pkwy+10003'
-74.0084,40.6829,2,1,'NYCommercial Wharf10003+NYBowne St+10003|NYConover St10003+NYBowne St+10003|NYBowne St10003'
-74.0084,40.7348,1229,1525,'NYWashington St10003+NYPerry St+10003'
-74.0084,40.6228,1,14,'NY12th Ave10003+NY73rd St+10003'
-74.0084,40.7095,388,1658,'NYJohn St10003+NYNassau St+10003'
-74.0084,40.9074,0,1,'NJRugby Rd10003+NJWinthrop Rd+10003'
-74.0084,40.7296,269,285,'NYGreenwich St10003+NYClarkson St+10003'
-74.0084,40.8050,4,5,'NJ82nd St10003+NJ4th Ave+10003'
-74.0084,40.7144,3593,1473,'NYWarren St10003+NYChurch St+10003'
-74.0084,40.7447,537,468,'NY11th Ave10002+NYW 17th St+10002|NY11th Ave10002+NYW 17 St+10002|NYW 17th St10003|NYW 17th St10003+NYState Rte 9a+10003|NYW 17th St10003+NYWest St+10003|NYState Rte 9a10002+NYW 17 St+10002|NYW 17 St10003|NYW 17 St10003+NYWest St+10003'
-74.0084,40.7166,3541,2734,'NYDuane St10003+NYW Broadway+10003'
-74.0084,40.6366,0,6,'NY8th Ave10003+NY58th St+10003'
-74.0084,40.7355,2104,2967,'NYWashington St10003+NYW 11th St+10003|NYWashington St10003+NYW 11 St+10003'
-74.0084,40.6052,0,11,'NYBath Ave10003+NY17th Ave+10003'
-74.0084,40.7258,759,912,'NYRenwick St10003+NYI 78+10003|NYRenwick St10003+NYHolland Tunl+10003|NYI 7810001|NYHolland Tunl10001'
-74.0084,40.8253,0,1,'NJShaler Blvd10003+NJCharlotte Ter+10003|NJCharlotte Ter10003'
-74.0084,40.7805,0,8,'NJAve at Port Imperial10003+NJRiverbend Dr+10003|NJRiverbend Dr10003'
-74.0083,40.7259,785,591,'NYRenwick St10003|NYRenwick St10003+NYSpring St+10003'
-74.0083,40.8962,1,0,'NJQueen Anne Rd10003+NJW Forest Ave+10003|NJW Forest Ave10003'
-74.0083,40.7213,2703,867,'NYHubert St10003|NYHubert St10003+NYHudson St+10003'
-74.0083,40.6733,0,3,'NYColumbia St10003+NYBay St+10003'
-74.0083,40.7038,324,364,'NYFront St10003+NYOld Slip+10003'
-74.0083,40.7362,1065,1490,'NYWashington St10003+NYBank St+10003'
-74.0083,40.6126,1,8,'NY84th St10003+NY15th Ave+10003'
-74.0083,40.6790,3,21,'NYRichards St10003+NYVerona St+10003'
-74.0083,40.7240,85,82,'NYCanal St10001|NYCanal St10001+NYWatts St+10001|NYCanal St10001+NYCanal St+10001|NYWatts St10003+NYI 78+10003|NYWatts St10003+NYCanal St+10003|NYI 7810001|NYI 7810001+NYCanal St+10001|NYCanal St10003'
-74.0083,40.6264,0,13,'NY69th St10003+NY11th Ave+10003|NYBay Ridge Ave10003+NY11th Ave+10003'
-74.0083,40.7077,1870,2557,'NYLegion Memorial Sq10003|NYLegion Memorial Sq10003+NYLiberty St+10003|NYLegion Memorial Sq10003+NYWilliam St+10003|NYLiberty St10003+NYWilliam St+10003'
-74.0083,40.5748,0,2,'NYBeach 42nd St10003+NYAtlantic Ave+10003'
-74.0083,40.6539,2,38,'NY39th St10003|NY39th St10003+NY3rd Ave+10003'
-74.0083,40.7370,1377,1458,'NYWashington St10003+NYBethune St+10003'
-74.0083,40.6079,0,14,'NYBenson Ave10003+NYBay 13th St+10003'
-74.0082,40.6031,0,10,'NYBay 17th St10003+NYCropsey Ave+10003'
-74.0082,40.7899,0,1,'NJ64th St10003+NJBroadway+10003'
-74.0082,40.6402,0,13,'NY54th St10003+NY7th Ave+10003'
-74.0082,40.7454,1062,1000,'NY11th Ave10002+NYW 18 St+10002|NY11th Ave10002+NYW 18th St+10002|NYW 18 St10003|NYW 18 St10003+NYState Rte 9a+10003|NYW 18 St10003+NYWest St+10003|NYW 18th St10003|NYW 18th St10003+NYState Rte 9a+10003|NYW 18th St10003+NYWest St+10003'
-74.0082,40.7376,4063,2867,'NYWashington St10003+NYW 12 St+10003|NYWashington St10003+NYW 12th St+10003'
-74.0082,40.7421,889,1378,'NY10th Ave10003+NYW 14th St+10003|NY10th Ave10003+NYW 14 St+10003|NYW 14th St10003+NY10 Ave+10003|NY10 Ave10003+NYW 14 St+10003'
-74.0082,40.7304,143,666,'NYLeroy St10003+NYGreenwich St+10003'
-74.0082,40.6575,1,9,'NY2nd Ave10003+NY35th St+10003'
-74.0082,40.6161,0,14,'NY14th Ave10003+NY80th St+10003'
-74.0082,40.7381,2911,6617,'NYWashington St10003+NYJane St+10003'
-74.0082,40.8084,0,1,'NJ86th St10003|NJ86th St10003+NJKennedy Blvd+10003|NJ86th St10003+NJJohn F Kennedy Blvd+10003|NJ86th St10003+NJState Rte 501+10003'
-74.0081,40.7878,1,0,'NJJohnson Pl10003'
-74.0081,40.6300,0,16,'NY10th Ave10003+NY65th St+10003'
-74.0081,40.7047,2056,2281,'NYWater St10003+NYGouverneur Ln+10003|NYGouverneur Ln10003'
-74.0081,40.7461,746,1053,'NYW 19 St10003|NYW 19 St10003+NY11th Ave+10003|NYW 19 St10003+NYState Rte 9a+10003|NYW 19 St10003+NYWest St+10003|NYW 19th St10003|NYW 19th St10003+NY11th Ave+10003|NYW 19th St10003+NYState Rte 9a+10003|NYW 19th St10003+NYWest St+10003'
-74.0081,40.7850,3,2,'NJRiver Rd10003|NJRiver Rd10003+NJRiver Rd+10003|NJRiver Rd10003+NJHillside Rd+10003|NJRiver Rd10003+NJAnthony M de Fino Way+10003|NJAnthony M de Fino Way10003'
-74.0081,40.8208,1,0,'NJUS Rte 110002+NJFairview Ave+10002|NJFairview Ave10003|NJFairview Ave10003+NJBroad Ave+10003|NJFairview Ave10003+NJUS Rte 9+10003'
-74.0081,40.6866,5,6,'NYI 47810001|NYI 47810001+NYBrooklyn Battery Tunl+10001|NYI 47810001+NYI 478+10001|NYBrooklyn Battery Tunl10001|NYBrooklyn Battery Tunl10001+NYBrooklyn Battery Tunl+10001|NYBrooklyn Battery Tunl10001+NYI 478+10001'
-74.0081,40.6438,0,10,'NY50th St10003+NY6th Ave+10003'
-74.0081,40.7388,3321,3236,'NYWashington St10003+NYHoratio St+10003'
-74.0081,40.7120,2539,3763,'NYBarclay St10003|NYBarclay St10003+NYBroadway+10003'
-74.0081,40.6197,0,14,'NY76th St10003+NY13th Ave+10003'
-74.0081,40.6105,0,3,'NYBay 11th St10003|NYBay 11th St10003+NY86th St+10003'
-74.0081,40.7394,1351,2429,'NYWashington St10003+NYGansevoort St+10003'
-74.0080,40.7964,1,1,'NJ72nd St10003+NJPalisade Ave+10003'
-74.0080,40.6740,1,3,'NYColumbia St10003+NYCreamer St+10003'
-74.0080,40.7054,1667,1276,'NYPearl St10003+NYBeaver St+10003|NYBeaver St10003'
-74.0080,40.7311,459,954,'NYGreenwich St10003+NYMorton St+10003'
-74.0080,40.7233,4832,654,'NYDesbrosses St10003|NYDesbrosses St10003+NYHudson St+10003'
-74.0080,40.7469,1068,989,'NY11th Ave10002+NYW 20th St+10002|NYW 20th St10003|NYW 20th St10003+NYState Rte 9a+10003|NYW 20th St10003+NYWest St+10003'
-74.0080,40.7810,0,1,'NJAve at Port Imperial10003|NJAve at Port Imperial10003+NJAve at Port Imperial+10003'
-74.0080,40.6473,0,101,'NY5th Ave10003+NY46th St+10003'
-74.0080,40.7032,97,275,'NYOld Slip10003|NYOld Slip10003+NYSouth St+10003'
-74.0080,40.6537,2,24,'NY3rd Ave10003+NY39th St+10003|NY39th St10003'
-74.0080,40.7234,2022,43,'NYHudson St10003|NYHudson St10003+NYCanal St+10003|NYHudson St10003+NYHudson St+10003|NYHudson St10003+NYI 78+10003|NYCanal St10003|NYCanal St10003+NYHudson St+10003|NYCanal St10003+NYCanal St+10003|NYCanal St10003+NYI 78+10003|NYCanal St10001|NYI 7810001'
-74.0080,40.8297,0,1,'NJLancaster Rd10003|NJLancaster Rd10003+NJAbbott Ave+10003'
-74.0080,40.6336,0,1,'NY9th Ave10003|NY9th Ave10003+NY61st St+10003'
-74.0080,40.7171,3115,1999,'NYThomas St10003+NYW Broadway+10003'
-74.0080,40.7868,0,3,'NJ61st St10003|NJ61st St10003+NJPark Ave+10003'
-74.0079,40.7055,1664,1707,'NYPearl St10003+NYWall St+10003'
-74.0079,40.7518,1703,1142,'NY12th Ave10002+NYW 26th St+10002|NYState Rte 9a10002+NYW 26th St+10002|NYWest St10002+NYW 26th St+10002|NYW 26th St10003'
-74.0079,40.7403,10073,5204,'NYWashington St10003+NYLittle W 12th St+10003'
-74.0079,40.7149,4133,1716,'NYChurch St10003+NYChambers St+10003'
-74.0079,40.6816,9,30,'NYSeabring St10003|NYSeabring St10003+NYVan Brunt St+10003'
-74.0079,40.6510,3,60,'NY42nd St10003+NY4th Ave+10003'
-74.0079,40.7788,0,3,'NJAve at Port Imperial10003'
-74.0079,40.7237,469,84,'NYHudson St10003+NYCanal St+10003'
-74.0079,40.7239,487,229,'NYWatts St10003|NYWatts St10003+NYHudson St+10003'
-74.0079,40.5754,0,1,'NYBeach 42nd St10003|NYBeach 42nd St10003+NYSurf Ave+10003'
-74.0079,40.5764,0,4,'NYHighland Ave10003+NYNeptune Ave+10003'
-74.0078,40.7476,1028,1337,'NYW 21 St10003|NYW 21 St10003+NY11th Ave+10003|NYW 21 St10003+NYState Rte 9a+10003|NYW 21 St10003+NYWest St+10003|NY11th Ave10002+NYW 21st St+10002|NYW 21st St10003|NYW 21st St10003+NYState Rte 9a+10003|NYW 21st St10003+NYWest St+10003'
-74.0078,40.7858,0,5,'NJJ F Kennedy Blvd E10003'
-74.0078,40.6234,0,8,'NY72nd St10003+NY12th Ave+10003'
-74.0078,40.6268,0,17,'NYOvington Ave10003+NY11th Ave+10003|NY11th Ave10003+NY68th St+10003'
-74.0078,40.8279,0,1,'NJMorse Ave10003+NJDelalla Ter+10003|NJDelalla Ter10003'
-74.0078,40.7091,242,901,'NYJohn St10003+NYDutch St+10003|NYDutch St10003'
-74.0078,40.7318,1101,3161,'NYGreenwich St10003+NYBarrow St+10003'
-74.0078,40.7905,1,1,'NJBroadway10003+NJ65th St+10003'
-74.0078,40.6372,0,4,'NY8th Ave10003+NY57th St+10003'
-74.0078,40.7246,841,295,'NYBroome St10003|NYBroome St10003+NYHudson St+10003'
-74.0078,40.7033,51,132,'NYOld Slip10003|NYOld Slip10003+NYSouth St+10003'
-74.0078,40.7108,282,904,'NYTheatre Aly10003|NYTheatre Aly10003+NYAnn St+10003'
-74.0077,40.7102,1166,708,'NYFulton St10003+NYNassau St+10003'
-74.0077,40.6316,1,7,'NY63rd St10003+NYFort Hamilton Pkwy+10003'
-74.0077,40.8003,1,0,'NJ77th St10003|NJ77th St10003+NJBergenline Ave+10003|NJ77th St10003+NJShopman Dr+10003|NJBergenline Ave10003|NJBergenline Ave10003+NJBergenline Ave+10003|NJBergenline Ave10003+NJShopman Dr+10003|NJShopman Dr10003'
-74.0077,40.6131,0,11,'NY83rd St10003+NY15th Ave+10003'
-74.0077,40.7524,89,198,'NYW 27th St10003|NYW 27th St10003+NY12th Ave+10003|NYW 27th St10003+NYState Rte 9a+10003|NYW 27th St10003+NYWest St+10003|NY12th Ave10002+NYW 27 St+10002|NYState Rte 9a10002+NYW 27 St+10002|NYW 27 St10003|NYW 27 St10003+NYWest St+10003'
-74.0077,40.6746,1,59,'NYColumbia St10003+NYLorraine St+10003'
-74.0077,40.7428,7273,3563,'NY10th Ave10003+NYW 15 St+10003|NY10th Ave10003+NYW 15th St+10003|NY10 Ave10003+NYW 15 St+10003|NY10 Ave10003+NYW 15th St+10003'
-74.0077,40.6795,2,19,'NYDelevan St10003+NYRichards St+10003'
-74.0077,40.7043,577,483,'NYGouverneur Ln10003+NYFront St+10003'
-74.0077,40.7252,1299,1191,'NYHudson St10003+NYDominick St+10003|NYDominick St10003'
-74.0077,40.7125,1013,1191,'NYPark Pl10003|NYPark Pl10003+NYBroadway+10003'
-74.0077,40.6408,0,18,'NY7th Ave10003+NY53rd St+10003'
-74.0076,40.7083,730,1098,'NYPlatt St10003|NYPlatt St10003+NYWilliam St+10003'
-74.0076,40.8820,0,1,'NJLindbergh Blvd10003+NJHartwell St+10003'
-74.0076,40.7235,785,263,'NYHudson St10003|NYHudson St10003+NYCanal St+10003'
-74.0076,40.6048,0,5,'NYBay 16th St10003+NYBath Ave+10003'
-74.0076,40.6581,1,4,'NY2nd Ave10003+NY34th St+10003|NY34th St10003'
-74.0076,40.8047,1,1,'NJ82nd St10003+NJ3rd Ave+10003'
-74.0076,40.6167,0,12,'NY79th St10003+NY14th Ave+10003'
-74.0076,40.7030,20,79,'NYS Street Viaduct10003'
-74.0076,40.7858,0,3,'NJJ F Kennedy Blvd E10003|NJJ F Kennedy Blvd E10003+NJKennedy Blvd E+10003|NJJ F Kennedy Blvd E10003+NJWestover Pl+10003|NJJ F Kennedy Blvd E10003+NJJ F Kennedy Blvd E+10003|NJJ F Kennedy Blvd E10003+NJCo Rd 693+10003|NJKennedy Blvd E10003|NJKennedy Blvd E10003+NJWestover Pl+10003|NJKennedy Blvd E10003+NJJ F Kennedy Blvd E+10003|NJWestover Pl10003|NJWestover Pl10003+NJJ F Kennedy Blvd E+10003|NJWestover Pl10003+NJCo Rd 693+10003'
-74.0076,40.7258,8548,3053,'NYSpring St10003+NYHudson St+10003'
-74.0075,40.7154,3832,1639,'NYReade St10003+NYChurch St+10003'
-74.0075,40.7177,1193,1117,'NYW Broadway10003+NYWorth St+10003'
-74.0075,40.6443,1,13,'NY6th Ave10003+NYSunset Ter+10003|NY6th Ave10003+NY49th St+10003|NYSunset Ter10003'
-74.0075,40.7329,2580,3412,'NYChristopher St10003+NYGreenwich St+10003'
-74.0075,40.6306,1,16,'NY64th St10003+NY10th Ave+10003'
-74.0075,40.7409,15395,20430,'NYWashington St10003+NYW 13th St+10003|NYWashington St10003+NYW 13 St+10003'
-74.0075,40.7482,1498,954,'NY11th Ave10002|NY11th Ave10002+NY12th Ave+10002|NY11th Ave10002+NY11 Ave+10002|NY11th Ave10002+NYW 22 St+10002|NY11th Ave10002+NYW 22nd St+10002|NY11th Ave10002+NY11th Ave+10002|NY12th Ave10002|NY12th Ave10002+NY11 Ave+10002|NY12th Ave10002+NYW 22 St+10002|NY12th Ave10002+NYW 22nd St+10002|NY12th Ave10002+NY11th Ave+10002|NY11 Ave10003|NY11 Ave10003+NYW 22 St+10003|NY11 Ave10003+NYW 22nd St+10003|NY11 Ave10003+NYState Rte 9a+10003|NY11 Ave10003+NYWest St+10003|NYW 22 St10003|NYW 22 St10003+NYState Rte 9a+10003|NYW 22 St10003+NY11th Ave+10003|NYW 22 St10003+NYWest St+10003|NYW 22nd St10003|NYW 22nd St10003+NYState Rte 9a+10003|NYW 22nd St10003+NY11th Ave+10003|NYW 22nd St10003+NYWest St+10003|NYState Rte 9a10002+NY11th Ave+10002|NY11th Ave10003|NY11th Ave10003+NYWest St+10003'
-74.0075,40.7239,126,78,'NYWatts St10003'
-74.0075,40.9088,0,1,'NJRugby Rd10003|NJRugby Rd10003+NJBriarcliff Rd+10003'
-74.0075,40.6026,0,18,'NYCristoforo Colombo Blvd10003+NYCropsey Ave+10003|NY18th Ave10003+NYCropsey Ave+10003'
-74.0075,40.7072,2037,2521,'NYLegion Memorial Sq10003|NYLegion Memorial Sq10003+NYMaiden Ln+10003|NYLegion Memorial Sq10003+NYGold St+10003|NYLegion Memorial Sq10003+NYLiberty St+10003|NYMaiden Ln10003+NYGold St+10003|NYMaiden Ln10003+NYLiberty St+10003|NYGold St10003|NYGold St10003+NYLiberty St+10003|NYLiberty St10003'
-74.0075,40.7816,1,30,'NJAve at Port Imperial10003|NJAve at Port Imperial10003+NJAve at Port Imperial+10003'
-74.0075,40.7061,949,2238,'NYPearl St10003+NYPine St+10003'
-74.0074,40.7532,39,109,'NYW 28th St10003|NYW 28th St10003+NY12th Ave+10003|NYW 28th St10003+NYState Rte 9a+10003|NYW 28th St10003+NYWest St+10003|NY12th Ave10002+NYW 28 St+10002|NYW 28 St10003|NYW 28 St10003+NYState Rte 9a+10003|NYW 28 St10003+NYWest St+10003'
-74.0074,40.6074,0,15,'NYBay 14th St10003+NYBenson Ave+10003'
-74.0074,40.6203,1,34,'NY75th St10003+NY13th Ave+10003|NY13th Ave10003+NYBay Ridge Pkwy+10003'
-74.0074,40.6479,2,86,'NY5th Ave10003+NY45th St+10003'
-74.0074,40.7334,649,673,'NYGreenwich St10003+NYGreenwich Mews+10003|NYGreenwich Mews10003'
-74.0074,40.7052,4980,6236,'NYWater St10003+NYWall St+10003'
-74.0074,40.7106,192,626,'NYNassau St10003+NYAnn St+10003'
-74.0074,40.6543,0,17,'NY3rd Ave10003+NY38th St+10003|NY38th St10003'
-74.0074,40.6342,1,19,'NY60th St10003+NY9th Ave+10003'
-74.0073,40.7336,635,467,'NYW 10th St10003+NYGreenwich St+10003|NYGreenwich St10003+NYW 10 St+10003'
-74.0073,40.6515,9,33,'NY4th Ave10003+NY41st St+10003'
-74.0073,40.7807,2,4,'NJAve at Port Imperial10003'
-74.0073,40.6101,1,17,'NY16th Ave10003+NY86th St+10003'
-74.0073,40.7918,0,1,'NJ67th St10003+NJDewey Ave+10003'
-74.0073,40.6821,8,15,'NYVan Brunt St10003+NYBowne St+10003'
-74.0073,40.7087,545,1668,'NYJohn St10003+NYWilliam St+10003'
-74.0073,40.8843,1,0,'NJTeaneck Rd10003+NJE Cedar Ln+10003'
-74.0073,40.8787,0,1,'NJFycke Ln10003+NJHoward St+10003|NJHoward St10003'
-74.0073,40.6239,0,13,'NY12th Ave10003+NY71st St+10003'
-74.0073,40.8009,0,1,'NJBergenline Ave10003+NJ78th St+10003|NJ78th St10003'
-74.0072,40.7435,9167,3330,'NY10th Ave10003+NYW 16 St+10003|NY10th Ave10003+NYW 16th St+10003|NY10 Ave10003+NYW 16 St+10003|NY10 Ave10003+NYW 16th St+10003'
-74.0072,40.7944,1,3,'NJHudson Ave10003+NJ70th St+10003'
-74.0072,40.7131,1002,1773,'NYMurray St10003|NYMurray St10003+NYMurray St Exd+10003|NYMurray St10003+NYBroadway+10003|NYMurray St Exd10003|NYMurray St Exd10003+NYBroadway+10003'
-74.0072,40.7539,36,98,'NY12th Ave10002+NYW 29th St+10002|NYState Rte 9a10002+NYW 29th St+10002|NYW 29th St10003|NYW 29th St10003+NYWest St+10003'
-74.0072,40.6378,0,6,'NY56th St10003+NY8th Ave+10003'
-74.0072,40.8908,0,1,'NJPrince St10003'
-74.0072,40.5995,0,6,'NY19th Ave10003|NY19th Ave10003+NYShore Pkwy N+10003'
-74.0072,40.7343,884,1593,'NYCharles St10003+NYGreenwich St+10003'
-74.0071,40.6137,0,12,'NY82nd St10003+NY15th Ave+10003'
-74.0071,40.6550,4,4,'NY3rd Ave10003+NY37th St+10003|NY37th St10003'
-74.0071,40.6275,0,17,'NY11th Ave10003+NY67th St+10003'
-74.0071,40.6064,0,2,'NYRutherford Pl10003|NYRutherford Pl10003+NY17th Ave+10003'
-74.0071,40.7064,426,865,'NYCedar St10003|NYCedar St10003+NYPearl St+10003'
-74.0071,40.7877,0,1,'NJPark Ave10003+NJ62nd St+10003'
-74.0071,40.7160,4702,1540,'NYDuane St10003+NYChurch St+10003'
-74.0071,40.6413,0,14,'NY7th Ave10003+NY52nd St+10003'
-74.0071,40.6800,0,9,'NYCommerce St10003+NYRichards St+10003'
-74.0071,40.7099,897,861,'NYDutch St10003|NYDutch St10003+NYFulton St+10003'
-74.0071,40.7183,1431,1611,'NYVarick St10003|NYVarick St10003+NYW Broadway+10003|NYVarick St10003+NYLeonard St+10003|NYW Broadway10003+NYLeonard St+10003'
-74.0070,40.7037,135,194,'NYGouverneur Ln10003|NYGouverneur Ln10003+NYSouth St+10003'
-74.0070,40.6586,0,2,'NY2nd Ave10003+NY33rd St+10003'
-74.0070,40.9087,0,1,'NJBriarcliff Rd10003+NJRector Ct+10003|NJRector Ct10003'
-74.0070,40.7333,1922,2884,'NYGreenwich Mews10003'
-74.0070,40.6321,1,8,'NY62nd St10003+NYFort Hamilton Pkwy+10003'
-74.0070,40.7489,5462,3536,'NY11 Ave10003+NYW 23rd St+10003|NY11th Ave10003+NYW 23rd St+10003'
-74.0070,40.6173,0,13,'NY78th St10003+NY14th Ave+10003'
-74.0070,40.7349,740,837,'NYGreenwich Ct10003|NYGreenwich Ct10003+NYGreenwich St+10003'
-74.0070,40.8293,1,0,'NJMorse Ave10003+NJLancaster Rd+10003'
-74.0070,40.7117,1250,784,'NYPark Row10003+NYBeekman St+10003|NYBeekman St10003'
-74.0070,40.7350,1030,534,'NYPerry St10003+NYGreenwich St+10003'
-74.0070,40.7416,5113,9686,'NYWashington St10003|NYWashington St10003+NYW 14th St+10003|NYWashington St10003+NYW 14 St+10003'
-74.0070,40.6449,1,42,'NY48th St10003+NY6th Ave+10003'
-74.0069,40.7855,2,16,'NJJ F Kennedy Blvd E10003+NJHighland Pl+10003|NJHighland Pl10003|NJHighland Pl10003+NJCo Rd 693+10003'
-74.0069,40.7191,906,869,'NYFranklin St10003|NYFranklin St10003+NYVarick St+10003|NYFranklin St10003+NYFranklin St+10003|NYVarick St10003+NYFranklin St+10003'
-74.0069,40.7833,0,12,'NJRiverwalk Pl10003'
-74.0069,40.6311,0,8,'NY63rd St10003+NY10th Ave+10003'
-74.0069,40.6043,0,7,'NYBay 17th St10003+NYBath Ave+10003'
-74.0069,40.7048,771,1131,'NYFront St10003+NYWall St+10003'
-74.0069,40.7302,12242,4923,'NYSt Lukes Pl10003|NYSt Lukes Pl10003+NYHudson St+10003'
-74.0068,40.6549,1,7,'NY3rd Ave10003+NY37th St+10003|NY37th St10003'
-74.0068,40.7079,1020,2463,'NYPlatt St10003+NYGold St+10003'
-74.0068,40.6485,1,105,'NY5th Ave10003+NY44th St+10003'
-74.0068,40.7545,52,154,'NY12th Ave10002+NYW 30th St+10002|NY12th Ave10002+NYW 30 St+10002|NYW 30th St10003|NYW 30th St10003+NYState Rte 9a+10003|NYW 30th St10003+NYWest St+10003|NYW 30 St10003|NYW 30 St10003+NYState Rte 9a+10003|NYW 30 St10003+NYWest St+10003'
-74.0068,40.7441,7316,9015,'NYW 17th St10003+NY10th Ave+10003|NYW 17th St10003+NY10 Ave+10003|NY10th Ave10003+NYW 17 St+10003|NY10 Ave10003+NYW 17 St+10003'
-74.0068,40.7198,1330,3067,'NYVarick St10003+NYN Moore St+10003'
-74.0068,40.6209,1,9,'NY74th St10003+NY13th Ave+10003'
-74.0068,40.7357,5406,4034,'NYW 11th St10003+NYGreenwich St+10003|NYW 11 St10003+NYGreenwich St+10003'
-74.0068,40.6779,3,70,'NYDwight St10003+NYVerona St+10003'
-74.0068,40.8044,0,1,'NJ82nd St10003+NJ2nd Ave+10003'
-74.0068,40.7819,0,3,'NJAve at Port Imperial10003|NJAve at Port Imperial10003+NJAve at Port Imperial+10003'
-74.0068,40.6023,0,8,'NYBay 19th St10003+NYCropsey Ave+10003'
-74.0068,40.7067,1245,1858,'NYMaiden Ln10003+NYPearl St+10003'
-74.0068,40.7115,413,281,'NYTheatre Aly10003|NYTheatre Aly10003+NYBeekman St+10003'
-74.0068,40.7056,1709,3429,'NYWater St10003+NYPine St+10003|NYPine St10003'
-74.0068,40.7834,1,1,'NJPort Imperial Blvd10003'
-74.0068,40.7950,0,5,'NJHudson Ave10003+NJ71st St+10003'
-74.0068,40.7136,940,1173,'NYWarren St10003|NYWarren St10003+NYBroadway+10003'
-74.0068,40.6347,0,18,'NY9th Ave10003+NY59th St+10003'
-74.0067,40.6521,6,87,'NY4th Ave10003+NY40th St+10003'
-74.0067,40.6836,0,1,'NYSummit St10003|NYSummit St10003+NYImlay St+10003'
-74.0067,40.8798,0,1,'NJHoward St10003'
-74.0067,40.9319,0,1,'NJAmes Ave10003+NJBanta Pl+10003|NJBanta Pl10003'
-74.0067,40.7204,493,799,'NYEricsson Pl10003|NYEricsson Pl10003+NYVarick St+10003|NYVarick St10003+NYBeach St+10003'
-74.0067,40.6107,1,14,'NY85th St10003+NY16th Ave+10003'
-74.0067,40.6245,0,23,'NY70th St10003+NY12th Ave+10003'
-74.0067,40.6827,9,13,'NYVan Brunt St10003+NYHamilton Ave+10003|NYHamilton Ave10003'
-74.0067,40.7921,1,0,'NJDewey Ave10003|NJDewey Ave10003+NJBroadway+10003'
-74.0067,40.7165,2462,541,'NYChurch St10003+NYThomas St+10003'
-74.0067,40.7982,1,0,'NJ75th St10003+NJPalisade Ave+10003'
-74.0066,40.6728,0,1,'NYHicks St10003|NYHicks St10003+NYBay St+10003'
-74.0066,40.6000,0,23,'NY19th Ave10003+NY19th Ln+10003|NY19th Ln10003'
-74.0066,40.8116,1,0,'NJSmith Ave10003+NJ91st St+10003'
-74.0066,40.6069,2,8,'NYBenson Ave10003+NY17th Ave+10003'
-74.0066,40.6383,4,9,'NY8th Ave10003+NY55th St+10003'
-74.0066,40.7364,1449,1318,'NYGreenwich St10003+NYBank St+10003'
-74.0066,40.7189,682,731,'NYFranklin St10003+NYW Broadway+10003'
-74.0066,40.7158,535,1512,'NYDuane St10003+NYTrimble Pl+10003|NYTrimble Pl10003'
-74.0066,40.6142,0,2,'NY81st St10003+NY15th Ave+10003'
-74.0066,40.7348,12257,5790,'NYGreenwich Ct10003'
-74.0066,40.6280,0,21,'NY11th Ave10003+NY66th St+10003'
-74.0065,40.8104,0,1,'NJBergenwood Ave10002+NJ90th St+10002|NJ90th St10003|NJ90th St10003+NJState Rte 501+10003'
-74.0065,40.6556,1,8,'NY36th St10003|NY36th St10003+NY3rd Ave+10003'
-74.0065,40.8715,1,1,'NJFrank W Burr Blvd10003|NJFrank W Burr Blvd10003+NJDegraw Ave+10003'
-74.0065,40.7082,915,3413,'NYJohn St10003+NYGold St+10003'
-74.0065,40.7496,1146,1207,'NY11 Ave10003+NYW 24th St+10003|NY11th Ave10003+NYW 24th St+10003'
-74.0065,40.6837,0,2,'NYI 47810001+NYCarroll St+10001|NYI 47810001+NYImlay St+10001|NYBrooklyn Battery Tunl10001+NYCarroll St+10001|NYBrooklyn Battery Tunl10001+NYImlay St+10001|NYCarroll St10003|NYCarroll St10003+NYImlay St+10003|NYImlay St10003'
-74.0065,40.7923,0,2,'NJ68th St10003+NJBroadway+10003'
-74.0065,40.7324,4421,2126,'NYHudson St10003+NYGrove St+10003|NYGrove St10003'
-74.0065,40.7370,728,960,'NYBethune St10003+NYGreenwich St+10003'
-74.0065,40.6419,1,9,'NY51st St10003+NY7th Ave+10003'
-74.0065,40.6772,3,88,'NYW 9th St10003|NYW 9th St10003+NYColumbia St+10003'
-74.0065,40.7224,156,109,'NYVestry St10003+NYCanal St+10003|NYCanal St10003'
-74.0065,40.6096,2,19,'NYBay 13th St10003|NYBay 13th St10003+NY86th St+10003'
-74.0065,40.7375,1306,813,'NYW 12 St10003+NYGreenwich St+10003|NYGreenwich St10003+NYW 12th St+10003'
-74.0065,40.8087,1,0,'NJ5th Ave10003|NJ5th Ave10003+NJ88th St+10003'
-74.0065,40.7112,454,729,'NYBeekman St10003+NYNassau St+10003'
-74.0065,40.7381,862,2227,'NYJane St10003+NYGreenwich St+10003'
-74.0065,40.7388,1691,1729,'NYGreenwich St10003+NYHoratio St+10003'
-74.0065,40.7070,600,757,'NYPearl St10003+NYFletcher St+10003|NYFletcher St10003'
-74.0065,40.6592,0,1,'NY2nd Ave10003+NY32nd St+10003|NY32nd St10003'
-74.0064,40.7394,6201,5593,'NY9 Ave10003|NY9 Ave10003+NYGansevoort St+10003|NY9 Ave10003+NYGreenwich St+10003|NY9th Ave10003|NY9th Ave10003+NYGansevoort St+10003|NY9th Ave10003+NYGreenwich St+10003|NYGansevoort St10003+NYGreenwich St+10003|NYGreenwich St10003'
-74.0064,40.7096,1331,1133,'NYWilliam St10003+NYFulton St+10003'
-74.0064,40.6178,1,14,'NY77th St10003+NY14th Ave+10003'
-74.0064,40.7191,365,288,'NYW Broadway10003+NYFranklin St+10003|NYFranklin St10003'
-74.0064,40.7204,130,281,'NYBeach St10003|NYBeach St10003+NYBeach St+10003'
-74.0064,40.7218,429,1103,'NYVarick St10003+NYLaight St+10003'
-74.0064,40.6060,0,1,'NYBay 16th St10003+NYRutherford Pl+10003'
-74.0064,40.7446,4236,1664,'NY10th Ave10003+NYW 18 St+10003|NY10th Ave10003+NYW 18th St+10003|NY10 Ave10003+NYW 18 St+10003|NY10 Ave10003+NYW 18th St+10003'
-74.0064,40.6805,0,27,'NYSeabring St10003+NYRichards St+10003'
-74.0064,40.6455,5,71,'NY47th St10003+NY6th Ave+10003'
-74.0064,40.7226,478,466,'NYVarick St10003+NYCanal St+10003'
-74.0063,40.7853,3,13,'NJJ F Kennedy Blvd E10003|NJJ F Kennedy Blvd E10003+NJJ F Kennedy Blvd E+10003|NJJ F Kennedy Blvd E10003+NJKennedy Blvd E+10003|NJKennedy Blvd E10003'
-74.0063,40.6317,0,3,'NY62nd St10003+NY10th Ave+10003|NY10th Ave10003'
-74.0063,40.7396,11896,6417,'NY9 Ave10003+NYLittle W 12th St+10003|NY9th Ave10003+NYLittle W 12th St+10003'
-74.0063,40.7223,175,257,'NYVarick St10003+NYVestry St+10003|NYVestry St10003'
-74.0063,40.6735,0,1,'NYHicks St10003+NYCreamer St+10003|NYCreamer St10003'
-74.0063,40.7142,1299,1624,'NYBroadway10003+NYChambers St+10003'
-74.0063,40.7874,0,1,'NJMonitor Pl10003|NJMonitor Pl10003+NJ62nd St+10003'
-74.0063,40.6326,0,5,'NY61st St10003+NYFort Hamilton Pkwy+10003'
-74.0063,40.6776,5,46,'NYColumbia St10003+NYVerona St+10003|NYVerona St10003'
-74.0062,40.7171,1856,831,'NYChurch St10003+NYWorth St+10003'
-74.0062,40.6490,1,40,'NY5th Ave10003+NYNicholas J Sciarra Pl+10003|NY5th Ave10003+NY43rd St+10003|NYNicholas J Sciarra Pl10003|NYNicholas J Sciarra Pl10003+NY43rd St+10003|NY43rd St10003'
-74.0062,40.7231,1365,2018,'NYVarick St10003+NYGrand St+10003|NYGrand St10003'
-74.0062,40.6554,6,7,'NY3rd Ave10003+NY36th St+10003|NY36th St10003'
-74.0062,40.6215,1,11,'NY73rd St10003+NY13th Ave+10003'
-74.0062,40.7053,195,423,'NYPine St10003|NYPine St10003+NYFront St+10003'
-74.0062,40.7043,115,206,'NYWall St10003|NYWall St10003+NYSouth St+10003'
-74.0062,40.7822,3,28,'NJRiverwalk Pl10003+NJAve at Port Imperial+10003'
-74.0062,40.6785,3,228,'NYDelevan St10003+NYDwight St+10003'
-74.0062,40.6526,19,139,'NY4th Ave10003+NY39th St+10003'
-74.0062,40.6039,1,4,'NYCristoforo Colombo Blvd10003+NYBath Ave+10003|NY18th Ave10003+NYBath Ave+10003'
-74.0062,40.6353,0,3,'NY9th Ave10003+NY58th St+10003'
-74.0062,40.8854,0,1,'NJBennett Rd10003|NJBennett Rd10003+NJTeaneck Rd+10003'
-74.0062,40.7163,358,381,'NYTrimble Pl10003|NYTrimble Pl10003+NYThomas St+10003'
-74.0062,40.6778,1,31,'NYColumbia St10003+NYHuntington St+10003|NYHuntington St10003'
-74.0062,40.4662,0,1,'NJGateway Natl Rec Area10003'
-74.0062,40.7889,0,2,'NJPark Ave10003+NJ64th St+10003'
-74.0061,40.7194,357,651,'NYW Broadway10003+NYWhite St+10003|NYWhite St10003'
-74.0061,40.5801,0,5,'NYPoplar Ave10003|NYPoplar Ave10003+NYSea Gate Ave+10003|NYPoplar Ave10003+NYPolar St+10003|NYSea Gate Ave10003+NYPolar St+10003|NYPolar St10003'
-74.0061,40.7119,723,472,'NYPark Row10003+NYSpruce St+10003|NYSpruce St10003'
-74.0061,40.6250,0,12,'NY69th St10003+NY12th Ave+10003|NY12th Ave10003+NYBay Ridge Ave+10003'
-74.0061,40.7099,262,721,'NYWilliam St10003+NYAnn St+10003'
-74.0061,40.8272,0,1,'NJDelalla Ter10003|NJDelalla Ter10003+NJShaler Blvd+10003'
-74.0061,40.7502,945,347,'NYW 25th St10003|NYW 25th St10003+NY11 Ave+10003|NYW 25th St10003+NY11th Ave+10003'
-74.0061,40.8084,1,2,'NJ4th Ave10003+NJ88th St+10003|NJ88th St10003'
-74.0061,40.6832,5,4,'NYI 47810001+NYVan Brunt St+10001|NYI 47810001+NYSummit St+10001|NYVan Brunt St10003+NYBrooklyn Battery Tunl+10003|NYVan Brunt St10003+NYSummit St+10003|NYBrooklyn Battery Tunl10001+NYSummit St+10001'
-74.0060,40.8918,1,1,'NJStasia St10003'
-74.0060,40.6389,0,9,'NY8th Ave10003+NY54th St+10003'
-74.0060,40.7061,1988,1590,'NYWater St10003+NYMaiden Ln+10003'
-74.0060,40.7079,1027,1876,'NYCliff St10003|NYCliff St10003+NYJohn St+10003'
-74.0060,40.6113,0,13,'NY84th St10003+NY16th Ave+10003'
-74.0060,40.7087,208,878,'NYGold St10003+NYEdens Aly+10003|NYEdens Aly10003'
-74.0060,40.7055,174,236,'NYFront St10003+NYde Peyster St+10003|NYde Peyster St10003'
-74.0060,40.6741,2,109,'NYHicks St10003+NYLorraine St+10003'
-74.0060,40.8110,0,1,'NJ91st St10003|NJ91st St10003+NJBergenwood Ave+10003|NJ91st St10003+NJState Rte 501+10003'
-74.0060,40.6148,1,11,'NY80th St10003+NY15th Ave+10003'
-74.0060,40.6816,14,94,'NYWoodhull St10003|NYWoodhull St10003+NYHamilton Ave+10003'
-74.0060,40.7204,71,259,'NYSt Johns Ln10003|NYSt Johns Ln10003+NYBeach St+10003'
-74.0060,40.6834,1,6,'NYVan Brunt St10003+NYHamilton Ave+10003|NYHamilton Ave10003'
-74.0060,40.7452,3433,3489,'NYW 19 St10003+NY10th Ave+10003|NYW 19 St10003+NY10 Ave+10003|NYW 19th St10003+NY10th Ave+10003|NYW 19th St10003+NY10 Ave+10003'
-74.0060,40.7072,395,366,'NYPlatt St10003|NYPlatt St10003+NYPearl St+10003'
-74.0059,40.7930,0,1,'NJ69th St10003+NJBroadway+10003'
-74.0059,40.7197,179,254,'NYW Broadway10003+NYN Moore St+10003|NYN Moore St10003'
-74.0059,40.6783,1,16,'NYDelevan St10003|NYDelevan St10003+NYColumbia St+10003'
-74.0059,40.6286,4,32,'NY11th Ave10003+NY65th St+10003'
-74.0059,40.6018,0,7,'NYBay 20th St10003+NYCropsey Ave+10003'
-74.0059,40.8746,0,4,'NJFrank W Burr Blvd10003|NJFrank W Burr Blvd10003+NJFrank W Burr Blvd+10003'
-74.0059,40.7394,4259,4767,'NYGansevoort St10003+NYLittle W 12th St+10003|NYLittle W 12th St10003'
-74.0059,40.5747,1,1,'NYBeach 40th St10003'
-74.0059,40.6424,0,11,'NY50th St10003+NY7th Ave+10003'
-74.0059,40.7223,163,310,'NYCanal St10003+NYSullivan St+10003|NYSullivan St10003'
-74.0059,40.6561,3,7,'NY35th St10003|NY35th St10003+NY3rd Ave+10003'
-74.0059,40.7147,1108,1914,'NYReade St10003+NYBroadway+10003'
-74.0059,40.6064,0,8,'NYBenson Ave10003+NYBay 16th St+10003'
-74.0059,40.8123,2,3,'NJSmith Ave10003'
-74.0059,40.7117,470,1765,'NYNassau St10003+NYSpruce St+10003'
-74.0059,40.7331,16492,12574,'NYBedford St10003|NYBedford St10003+NYChristopher St+10003'
-74.0059,40.7403,24710,10463,'NYW 13th St10003+NY9 Ave+10003|NYW 13th St10003+NY9th Ave+10003|NY9 Ave10003+NYW 13 St+10003|NY9th Ave10003+NYW 13 St+10003'
-74.0059,40.8112,0,1,'NJBergenwood Ave10002+NJ91st St+10002|NJState Rte 50110002+NJ91st St+10002|NJ91st St10003'
-74.0059,40.6184,1,14,'NY76th St10003+NY14th Ave+10003'
-74.0059,40.7365,8061,3157,'NYHudson St10003|NYHudson St10003+NY8 Ave+10003|NYHudson St10003+NYHudson St+10003|NYHudson St10003+NYBank St+10003|NY8 Ave10003|NY8 Ave10003+NYHudson St+10003|NY8 Ave10003+NYBank St+10003|NYBank St10003'
-74.0059,40.6785,2,25,'NYNelson St10003|NYNelson St10003+NYColumbia St+10003'
-74.0058,40.7211,54,78,'NYYork St10003|NYYork St10003+NYSt Johns Ln+10003'
-74.0058,40.7085,185,687,'NYRyders Aly10003|NYRyders Aly10003+NYEdens Aly+10003|NYEdens Aly10003'
-74.0058,40.6811,2,8,'NYHamilton Ave10003+NYBowne St+10003|NYBowne St10003'
-74.0058,40.6837,1,60,'NYVan Brunt St10003+NYCarroll St+10003'
-74.0058,40.7369,381,752,'NYBethune St10003|NYBethune St10003+NYHudson St+10003|NYHudson St10003|NYHudson St10003+NYHudson St+10003'
-74.0058,40.9312,0,1,'NJRiver Edge Rd10003+NJN Stoughton St+10003|NJN Stoughton St10003'
-74.0058,40.6460,2,71,'NY6th Ave10003+NY46th St+10003'
-74.0058,40.7177,2370,1210,'NYChurch St10003+NYLeonard St+10003'
-74.0058,40.7120,267,262,'NYPark Row10003+NYFrankfort St+10003|NYFrankfort St10003'
-74.0057,40.6748,0,11,'NYHicks St10003'
-74.0057,40.6811,29,133,'NYHamilton Ave10003+NYRichards St+10003|NYRichards St10003'
-74.0057,40.7218,74,237,'NYLaight St10003+NYSt Johns Ln+10003|NYSt Johns Ln10003'
-74.0057,40.7993,0,1,'NJ77th St10003+NJPalisade Ave+10003'
-74.0057,40.7316,2981,2616,'NYBarrow St10003+NYCommerce St+10003|NYCommerce St10003'
-74.0057,40.6820,23,40,'NYI 47810001|NYBrooklyn Battery Tunl10001'
-74.0057,40.7064,1354,897,'NYWater St10003+NYFletcher St+10003'
-74.0057,40.7376,3476,4027,'NYW 12 St10003+NYHudson St+10003|NYHudson St10003+NYW 12th St+10003'
-74.0057,40.7895,1,1,'NJPark Ave10003|NJPark Ave10003+NJ5th St+10003|NJPark Ave10003+NJ65th St+10003|NJPark Ave10003+NJPark Ave+10003|NJ5th St10003|NJ5th St10003+NJ65th St+10003|NJ5th St10003+NJPark Ave+10003|NJ65th St10003+NJPark Ave+10003'
-74.0057,40.6091,0,17,'NYBay 14th St10003|NYBay 14th St10003+NY86th St+10003'
-74.0057,40.6055,0,2,'NYBay 17th St10003+NYRutherford Pl+10003'
-74.0057,40.6829,4,35,'NYSummit St10003|NYSummit St10003+NYHamilton Ave+10003'
-74.0057,40.6496,1,43,'NY5th Ave10003+NY42nd St+10003|NY42nd St10003'
-74.0057,40.6789,1,15,'NYColumbia St10003+NYDwight St+10003|NYDwight St10003'
-74.0057,40.6255,1,30,'NY12th Ave10003+NYOvington Ave+10003|NY12th Ave10003+NY68th St+10003'
-74.0057,40.7201,254,347,'NYBeach St10003|NYBeach St10003+NYW Broadway+10003|NYBeach St10003+NYWalker St+10003|NYW Broadway10003+NYWalker St+10003|NYWalker St10003'
-74.0057,40.6560,2,7,'NY3rd Ave10003+NY35th St+10003|NY35th St10003'
-74.0056,40.6220,0,28,'NY72nd St10003+NY13th Ave+10003'
-74.0056,40.8076,1,0,'NJ87th St10003+NJ3rd Ave+10003'
-74.0056,40.7508,6606,538,'NY11 Ave10003+NYW 26th St+10003|NY11th Ave10003+NYW 26th St+10003'
-74.0056,40.6828,6,25,'NYHamilton Ave10003+NYSummit St+10003|NYSummit St10003'
-74.0056,40.7104,287,1495,'NYBeekman St10003+NYWilliam St+10003'
-74.0056,40.6532,22,75,'NY38th St10003+NY4th Ave+10003'
-74.0056,40.6036,1,6,'NYBay 19th St10003+NYBath Ave+10003'
-74.0056,40.6359,0,6,'NY57th St10003+NY9th Ave+10003'
-74.0056,40.6790,0,10,'NYCommerce St10003|NYCommerce St10003+NYColumbia St+10003'
-74.0056,40.6331,3,9,'NY60th St10003+NYFort Hamilton Pkwy+10003'
-74.0056,40.8782,0,1,'NJGeorge St10003|NJGeorge St10003+NJFycke Ln+10003'
-74.0056,40.5766,0,6,'NYNeptune Ave10003+NYSea Gate Ave+10003'
-74.0055,40.6791,3,57,'NYColumbia St10003+NYLuquer St+10003|NYLuquer St10003'
-74.0055,40.7369,3115,1382,'NYHudson St10003|NYHudson St10003+NYHudson St+10003|NYHudson St10003+NY8 Ave+10003|NYHudson St10003+NYAbingdon Sq+10003|NYHudson St10003+NY8th Ave+10003|NYHudson St10003+NYBleecker St+10003|NY8 Ave10003+NYAbingdon Sq+10003|NY8 Ave10003+NYBleecker St+10003|NYAbingdon Sq10003|NYAbingdon Sq10003+NY8th Ave+10003|NYAbingdon Sq10003+NYBleecker St+10003|NY8th Ave10003|NY8th Ave10003+NYBleecker St+10003|NYBleecker St10003'
-74.0055,40.7458,5516,1930,'NY10th Ave10003+NYW 20th St+10003|NY10 Ave10003+NYW 20th St+10003'
-74.0055,40.7870,2,1,'NJ62nd St10003+NJHighland Pl+10003|NJHighland Pl10003'
-74.0055,40.7058,360,229,'NYMaiden Ln10003+NYFront St+10003'
-74.0055,40.6118,0,11,'NY83rd St10003+NY16th Ave+10003'
-74.0055,40.7091,1178,1966,'NYGold St10003+NYFulton St+10003'
-74.0055,40.8517,1,1,'NJRoosevelt Pl10003'
-74.0055,40.6843,2,20,'NYVan Brunt St10003+NYPresident St+10003|NYPresident St10003'
-74.0055,40.7203,1165,388,'NYBeach St10003|NYBeach St10003+NYW Broadway+10003'
-74.0055,40.7119,57,126,'NYFrankfort St10003+NYNassau St+10003|NYNassau St10003'
-74.0055,40.7074,1229,1328,'NYPearl St10003+NYJohn St+10003'
-74.0055,40.8116,0,1,'NJ92nd St10003|NJ92nd St10003+NJBergenwood Ave+10003|NJ92nd St10003+NJState Rte 501+10003'
-74.0055,40.7301,136,553,'NYSt Lukes Pl10003'
-74.0055,40.7936,0,1,'NJ70th St10003+NJBroadway+10003'
-74.0055,40.7324,907,2402,'NYBedford St10003+NYGrove St+10003'
-74.0055,40.6394,0,20,'NY8th Ave10003+NY53rd St+10003'
-74.0054,40.7564,56,139,'NYW 33rd St10003|NYW 33rd St10003+NY12th Ave+10003|NYW 33rd St10003+NYState Rte 9a+10003|NYW 33rd St10003+NYWest St+10003|NYW 33 St10003|NYW 33 St10003+NY12th Ave+10003|NYW 33 St10003+NYState Rte 9a+10003|NYW 33 St10003+NYWest St+10003'
-74.0054,40.7152,643,1838,'NYDuane St10003+NYFederal Plz+10003|NYDuane St10003+NYBroadway+10003|NYFederal Plz10003|NYFederal Plz10003+NYBroadway+10003'
-74.0054,40.7295,114,169,'NYCarmine St10003'
-74.0054,40.7048,47,86,'NYPine St10003|NYPine St10003+NYSouth St+10003'
-74.0054,40.7219,355,481,'NY6 Ave10003+NYCanal St+10003|NY6th Ave10003|NY6th Ave10003+NYCanal St+10003|NYAve of the Americas10003+NYCanal St+10003'
-74.0054,40.6154,0,14,'NY79th St10003+NY15th Ave+10003'
-74.0054,40.7222,1430,321,'NY6 Ave10003+NYThompson St+10003|NY6th Ave10003+NYThompson St+10003|NYThompson St10003|NYThompson St10003+NYAve of the Americas+10003'
-74.0054,40.6567,1,9,'NY34th St10003|NY34th St10003+NY3rd Ave+10003'
-74.0054,40.7409,9437,6443,'NY9 Ave10003|NY9 Ave10003+NY9th Ave+10003|NY9 Ave10003+NYW 14th St+10003|NY9 Ave10003+NYW 14 St+10003|NY9th Ave10003|NY9th Ave10003+NY9th Ave+10003|NY9th Ave10003+NYW 14th St+10003|NY9th Ave10003+NYW 14 St+10003'
-74.0054,40.7122,55,98,'NYPark Row10003|NYPark Row10003+NYPark Row+10003|NYPark Row10003+NYMurray St Exd+10003|NYMurray St Exd10003'
-74.0054,40.7968,2,2,'NJHudson Ave10003+NJ74th St+10003'
-74.0053,40.6001,0,2,'NY20th Dr10003|NY20th Dr10003+NYBay 22nd St+10003|NYBay 22nd St10003'
-74.0053,40.7217,1476,280,'NY6 Ave10003+NYThompson St+10003|NYThompson St10003|NYThompson St10003+NYLaight St+10003|NYThompson St10003+NYAve of the Americas+10003|NYLaight St10003'
-74.0053,40.6430,0,32,'NY7th Ave10003+NY49th St+10003'
-74.0053,40.7183,3124,1885,'NY6 Ave10003|NY6 Ave10003+NYFranklin St+10003|NY6 Ave10003+NYChurch St+10003|NYFranklin St10003+NYAve of the Americas+10003|NYFranklin St10003+NYChurch St+10003|NYAve of the Americas10003|NYAve of the Americas10003+NYChurch St+10003'
-74.0053,40.7366,2784,5012,'NYBleecker St10003+NYBank St+10003|NYBank St10003'
-74.0053,40.8682,1,0,'NJFort Lee Rd10003'
-74.0053,40.6292,0,32,'NY64th St10003+NY11th Ave+10003'
-74.0053,40.7118,107,876,'NYFrankfort St10003'
-74.0053,40.7400,7054,17924,'NYW 13th St10003+NYHudson St+10003|NYW 13 St10003+NYHudson St+10003'
-74.0053,40.7230,374,956,'NYGrand St10003+NYSullivan St+10003|NYSullivan St10003'
-74.0053,40.7289,11787,11940,'NYVarick St10003+NYDowning St+10003|NYDowning St10003'
-74.0053,40.7218,714,637,'NYThompson St10003|NYThompson St10003+NYCanal St+10003'
-74.0053,40.7089,530,714,'NYRyders Aly10003|NYRyders Aly10003+NYFulton St+10003'
-74.0052,40.7210,1506,720,'NYYork St10003|NYYork St10003+NY6 Ave+10003|NYYork St10003+NYAve of the Americas+10003'
-74.0052,40.6190,0,29,'NY75th St10003+NY14th Ave+10003|NY14th Ave10003+NYBay Ridge Pkwy+10003'
-74.0052,40.7293,987,789,'NYVarick St10003|NYVarick St10003+NY7th Ave S+10003|NYVarick St10003+NYClarkson St+10003|NYVarick St10003+NY7 Ave S+10003|NY7th Ave S10003|NY7th Ave S10003+NYClarkson St+10003|NYClarkson St10003|NYClarkson St10003+NY7 Ave S+10003|NY7 Ave S10003'
-74.0052,40.8000,0,1,'NJPalisade Ave10003+NJ78th St+10003'
-74.0052,40.6798,1,190,'NYSeabring St10003|NYSeabring St10003+NYColumbia St+10003|NYSeabring St10003+NYColes St+10003|NYColumbia St10003+NYColes St+10003|NYColes St10003'
-74.0052,40.7206,3960,1072,'NY6 Ave10003+NYW Broadway+10003|NY6 Ave10003+NYLispenard St+10003|NYAve of the Americas10003+NYW Broadway+10003|NYAve of the Americas10003+NYLispenard St+10003|NYW Broadway10003+NYLispenard St+10003|NYLispenard St10003'
-74.0052,40.7901,0,1,'NJPark Ave10003|NJPark Ave10003+NJ5th St+10003|NJPark Ave10003+NJ66th St+10003|NJPark Ave10003+NJPark Ave+10003|NJ5th St10003|NJ5th St10003+NJ66th St+10003|NJ5th St10003+NJPark Ave+10003|NJ66th St10003+NJPark Ave+10003'
-74.0052,40.7060,203,147,'NYFront St10003+NYFletcher St+10003'
-74.0052,40.6466,1,32,'NY6th Ave10003+NY45th St+10003'
-74.0052,40.7049,27,40,'NYSouth St10003+NYde Peyster St+10003|NYde Peyster St10003'
-74.0052,40.7198,5999,684,'NY6 Ave10003+NYWalker St+10003|NYAve of the Americas10003+NYWalker St+10003'
-74.0052,40.5745,0,6,'NYSea Gate Ave10003|NYSea Gate Ave10003+NYMermaid Ave+10003|NYMermaid Ave10003'
-74.0052,40.6850,2,49,'NYVan Brunt St10003+NYUnion St+10003'
-74.0052,40.7514,4993,2637,'NYW 27th St10003+NY11 Ave+10003|NYW 27th St10003+NY11th Ave+10003|NY11 Ave10003+NYW 27 St+10003|NYW 27 St10003+NY11th Ave+10003'
-74.0052,40.7190,4792,2784,'NY6 Ave10003+NYWhite St+10003|NYAve of the Americas10003+NYWhite St+10003'
-74.0052,40.6060,0,1,'NYBenson Ave10003+NYBay 17th St+10003'
-74.0052,40.7409,10537,10504,'NYW 14th St10003+NYHudson St+10003|NYW 14th St10003+NY9th Ave+10003|NYW 14th St10003+NY9 Ave+10003|NYHudson St10003|NYHudson St10003+NY9th Ave+10003|NYHudson St10003+NYW 14 St+10003|NYHudson St10003+NY9 Ave+10003|NY9th Ave10003|NY9th Ave10003+NYW 14 St+10003|NY9th Ave10003+NY9 Ave+10003|NYW 14 St10003+NY9 Ave+10003|NY9 Ave10003'
-74.0052,40.8232,0,1,'NJWashington St10003|NJWashington St10003+NJAdams St+10003|NJAdams St10003'
-74.0052,40.6328,0,3,'NY60th St10003+NY10th Ave+10003'
-74.0052,40.8037,2,2,'NJ82nd St10003|NJ82nd St10003+NJBergenline Ave+10003'
-74.0051,40.7094,285,804,'NYGold St10003+NYAnn St+10003|NYAnn St10003'
-74.0051,40.6014,0,9,'NY19th Ave10003+NYCropsey Ave+10003'
-74.0051,40.7295,2199,1556,'NY7th Ave S10003+NYCarmine St+10003|NYCarmine St10003+NY7 Ave S+10003'
-74.0051,40.7464,1652,1427,'NYW 21 St10003+NY10th Ave+10003|NYW 21 St10003+NY10 Ave+10003|NYW 21st St10003+NY10th Ave+10003|NYW 21st St10003+NY10 Ave+10003'
-74.0051,40.7413,3102,4630,'NY9th Ave10003+NY9th Ave+10003|NY9th Ave10003+NY9 Ave+10003|NY9th Ave10003|NY9 Ave10003'
-74.0051,40.6565,1,7,'NY3rd Ave10003+NY34th St+10003|NY34th St10003'
-74.0051,40.6761,1,17,'NYHicks St10003|NYHicks St10003+NYMill St+10003|NYMill St10003'
-74.0051,40.6724,0,1,'NYBay St10003+NYHenry St+10003|NYHenry St10003'
-74.0051,40.6501,2,69,'NY5th Ave10003+NY41st St+10003'
-74.0051,40.7230,6164,1599,'NY6 Ave10003+NYGrand St+10003|NY6th Ave10003+NYGrand St+10003|NYGrand St10003+NYAve of the Americas+10003'
-74.0051,40.6226,0,13,'NY13th Ave10003+NY71st St+10003'
-74.0051,40.7088,359,522,'NYGold St10003|NYGold St10003+NYFulton St+10003'
-74.0050,40.7109,451,1919,'NYWilliam St10003|NYWilliam St10003+NYSpruce St+10003'
-74.0050,40.8121,1,1,'NJBergenwood Rd10003|NJBergenwood Rd10003+NJBergenwood Ave+10003|NJBergenwood Rd10003+NJState Rte 501+10003|NJBergenwood Ave10002|NJState Rte 50110002'
-74.0050,40.6819,8,48,'NYWoodhull St10003+NYHamilton Ave+10003'
-74.0050,40.6364,0,17,'NY56th St10003+NY9th Ave+10003'
-74.0050,40.6538,35,50,'NY37th St10003+NY4th Ave+10003'
-74.0050,40.7069,3634,3165,'NYWater St10003+NYJohn St+10003'
-74.0050,40.5981,0,25,'NYShore Pkwy N10003+NY20th Ave+10003|NY20th Ave10003'
-74.0050,40.7942,1,2,'NJ71st St10003+NJBroadway+10003'
-74.0050,40.7158,402,1423,'NYThomas St10003|NYThomas St10003+NYBroadway+10003'
-74.0050,40.6802,8,34,'NYHamilton Ave10003+NYColumbia St+10003|NYColumbia St10003'
-74.0050,40.9016,0,2,'NJWalraven Dr10003+NJQueen Anne Rd+10003'
-74.0049,40.6124,0,6,'NY82nd St10003+NY16th Ave+10003'
-74.0049,40.7315,664,1928,'NYBedford St10003+NYCommerce St+10003'
-74.0049,40.8811,0,1,'NJLindbergh Blvd10003+NJStelton St+10003'
-74.0049,40.6051,0,7,'NYBenson Ave10003|NYBenson Ave10003+NYCristoforo Colombo Blvd+10003|NYBenson Ave10003+NY18th Ave+10003|NYBenson Ave10003+NYRutherford Pl+10003|NYCristoforo Colombo Blvd10003+NYRutherford Pl+10003|NY18th Ave10003+NYRutherford Pl+10003|NYRutherford Pl10003'
-74.0049,40.6262,0,14,'NY12th Ave10003+NY67th St+10003'
-74.0049,40.7570,229,1478,'NYW 34th St10003|NYW 34th St10003+NY12th Ave+10003|NYW 34th St10003+NYState Rte 9a+10003|NYW 34th St10003+NYWest St+10003'
-74.0049,40.7123,121,115,'NYCentre St10003'
-74.0049,40.6400,0,5,'NY8th Ave10003+NY52nd St+10003'
-74.0049,40.7416,7391,6384,'NY9th Ave10003|NY9th Ave10003+NY9 Ave+10003|NY9th Ave10003+NY9th Ave+10003|NY9th Ave10003+NYW 15 St+10003|NY9th Ave10003+NYW 15th St+10003|NY9 Ave10003|NY9 Ave10003+NYW 15 St+10003|NY9 Ave10003+NYW 15th St+10003'
-74.0049,40.6086,0,18,'NY17th Ave10003+NY86th St+10003'
-74.0049,40.6857,4,7,'NYFerry Pl10003|NYFerry Pl10003+NYVan Brunt St+10003|NYFerry Pl10003+NYSackett St+10003|NYVan Brunt St10003+NYSackett St+10003|NYSackett St10003'
-74.0048,40.7189,3042,2873,'NYChurch St10003+NYWhite St+10003'
-74.0048,40.7375,5365,2897,'NY8 Ave10003+NYAbingdon Sq+10003|NY8 Ave10003+NYW 12 St+10003|NY8 Ave10003+NYW 12th St+10003|NYAbingdon Sq10003|NYAbingdon Sq10003+NY8th Ave+10003|NYAbingdon Sq10003+NYW 12 St+10003|NYAbingdon Sq10003+NYW 12th St+10003|NY8th Ave10003+NYW 12 St+10003|NY8th Ave10003+NYW 12th St+10003'
-74.0048,40.7097,276,579,'NYGold St10003|NYGold St10003+NYBeekman St+10003|NYGold St10003+NYGold St+10003|NYBeekman St10003|NYBeekman St10003+NYGold St+10003'
-74.0048,40.8073,5,4,'NJ87th St10003+NJ2nd Ave+10003'
-74.0048,40.6336,0,19,'NY59th St10003+NYFort Hamilton Pkwy+10003'
-74.0048,40.7135,403,230,'NYChambers St10003+NYElk St+10003|NYElk St10003'
-74.0048,40.6159,0,15,'NY78th St10003+NY15th Ave+10003'
-74.0048,40.7084,952,1416,'NYCliff St10003|NYCliff St10003+NYFulton St+10003'
-74.0048,40.7236,2562,1645,'NY6 Ave10003+NYSullivan St+10003|NY6th Ave10003+NYWatts St+10003|NY6th Ave10003+NYSullivan St+10003|NYWatts St10003+NYSullivan St+10003|NYAve of the Americas10003+NYSullivan St+10003|NYSullivan St10003'
-74.0048,40.6767,2,56,'NYHicks St10003+NYW 9th St+10003'
-74.0048,40.6573,0,8,'NY33rd St10003|NY33rd St10003+NY3rd Ave+10003'
-74.0048,40.8089,4,3,'NJ89th St10003|NJ89th St10003+NJ3rd Ave+10003'
-74.0047,40.7052,63,105,'NYMaiden Ln10003|NYMaiden Ln10003+NYSouth St+10003'
-74.0047,40.6436,0,33,'NY48th St10003+NY7th Ave+10003'
-74.0047,40.7243,685,1178,'NYAve of the Americas10003|NYAve of the Americas10003+NYBroome St+10003|NY6 Ave10003|NY6 Ave10003+NYBroome St+10003|NYBroome St10003+NY6th Ave+10003|NY6th Ave10003'
-74.0047,40.7907,0,2,'NJ67th St10003+NJPark Ave+10003'
-74.0047,40.7520,3191,4460,'NYW 28th St10003+NY11 Ave+10003|NYW 28th St10003+NY11th Ave+10003|NY11 Ave10003+NYW 28 St+10003|NYW 28 St10003+NY11th Ave+10003'
-74.0047,40.8006,1,0,'NJ79th St10003+NJPalisade Ave+10003|NJPalisade Ave10003'
-74.0047,40.6298,0,26,'NY11th Ave10003+NY63rd St+10003'
-74.0047,40.7303,2707,2860,'NY7th Ave S10003+NYLeroy St+10003|NYLeroy St10003+NY7 Ave S+10003'
-74.0047,40.7125,291,225,'NYCentre St10003+NYPark Row+10003|NYPark Row10003'
-74.0047,40.6609,0,1,'NY2nd Ave10003+NY29th St+10003'
-74.0047,40.7470,3182,2561,'NY10th Ave10003+NYW 22 St+10003|NY10th Ave10003+NYW 22nd St+10003|NY10 Ave10003+NYW 22 St+10003|NY10 Ave10003+NYW 22nd St+10003'
-74.0046,40.6031,1,15,'NYBay 20th St10003+NYBath Ave+10003'
-74.0046,40.7214,4496,7346,'NYW Broadway10003+NYCanal St+10003'
-74.0046,40.6471,0,91,'NY44th St10003+NY6th Ave+10003|NY6th Ave10003'
-74.0046,40.5996,0,2,'NY20th Dr10003+NY19th Ln+10003|NY19th Ln10003'
-74.0046,40.6196,0,11,'NY74th St10003+NY14th Ave+10003'
-74.0046,40.7242,1372,148,'NY6th Ave10003+NYBroome St+10003'
-74.0046,40.6812,14,62,'NYHamilton Ave10003+NYColumbia St+10003|NYColumbia St10003'
-74.0046,40.7064,564,409,'NYJohn St10003+NYFront St+10003'
-74.0046,40.7256,11682,13535,'NYSpring St10003+NYAve of the Americas+10003|NYSpring St10003+NY6 Ave+10003|NYSpring St10003+NY6th Ave+10003|NYAve of the Americas10003|NY6 Ave10003|NY6th Ave10003'
-74.0045,40.6334,0,4,'NY10th Ave10003+NY59th St+10003'
-74.0045,40.7163,1369,3052,'NYAve of the Strongest10003|NYAve of the Strongest10003+NYBroadway+10003|NYAve of the Strongest10003+NYFederal Plz+10003|NYWorth St10003+NYBroadway+10003|NYWorth St10003+NYFederal Plz+10003|NYBroadway10003+NYFederal Plz+10003|NYFederal Plz10003'
-74.0045,40.7948,1,2,'NJ72nd St10003+NJBroadway+10003'
-74.0045,40.8018,3,5,'NJPark Dr10003|NJPark Dr10003+NJPark Dr+10003'
-74.0045,40.6863,1,13,'NYde Graw St10003|NYde Graw St10003+NYVan Brunt St+10003|NYde Graw St10003+NYDegraw St+10003|NYVan Brunt St10003+NYDegraw St+10003'
-74.0045,40.6507,3,124,'NY5th Ave10003+NY40th St+10003'
-74.0045,40.8746,0,1,'NJAlcott Ct10009'
-74.0045,40.6231,0,17,'NY70th St10003+NY13th Ave+10003'
-74.0045,40.6810,3,30,'NYRapelye St10003|NYRapelye St10003+NYHamilton Ave+10003'
-74.0045,40.6571,2,34,'NY33rd St10003|NY33rd St10003+NY3rd Ave+10003'
-74.0045,40.7307,3632,3270,'NYBedford St10003+NY7th Ave S+10003|NYBedford St10003+NY7 Ave S+10003'
-74.0045,40.7865,1,3,'NJ62nd St10003|NJ62nd St10003+NJJ F Kennedy Blvd E+10003|NJ62nd St10003+NJKennedy Blvd E+10003|NJ62nd St10003+NJCo Rd 693+10003'
-74.0045,40.5986,1,2,'NY20th Ln10003|NY20th Ln10003+NY20th Ave+10003|NY20th Ave10003+NY20th la+10003|NY20th la10003'
-74.0044,40.7227,2113,4351,'NYThompson St10003+NYGrand St+10003'
-74.0044,40.6048,0,1,'NYBenson Ave10003+NYBay 19th St+10003|NYBay 19th St10003'
-74.0044,40.7114,49,50,'NYFrankfort St10003'
-74.0044,40.7054,85,118,'NYSouth St10003+NYFletcher St+10003|NYFletcher St10003'
-74.0044,40.6737,1,25,'NYHenry St10003+NYLorraine St+10003'
-74.0044,40.6056,0,1,'NYBenson Ave10003|NYBenson Ave10003+NYCristoforo Colombo Blvd+10003|NYBenson Ave10003+NY18th Ave+10003'
-74.0044,40.6370,0,8,'NY9th Ave10003+NY55th St+10003'
-74.0044,40.6543,82,68,'NY36th St10003+NY4th Ave+10003'
-74.0044,40.6795,5,27,'NYHamilton Ave10003+NYColes St+10003|NYColes St10003'
-74.0044,40.7423,25177,21525,'NY9 Ave10003+NYW 16 St+10003|NY9 Ave10003+NYW 16th St+10003|NYW 16 St10003+NY9th Ave+10003|NY9th Ave10003+NYW 16th St+10003'
-74.0044,40.7140,103,47,'NYReade St10003+NYElk St+10003'
-74.0044,40.7241,2147,908,'NYBroome St10003+NYSullivan St+10003'
-74.0044,40.7195,2108,2046,'NYChurch St10003+NYWalker St+10003'
-74.0044,40.6129,1,7,'NY16th Ave10003+NY81st St+10003'
-74.0044,40.6010,0,15,'NYBay 22nd St10003+NYCropsey Ave+10003'
-74.0044,40.6267,0,22,'NY12th Ave10003+NY66th St+10003'
-74.0043,40.7078,1823,1605,'NYPearl St10003+NYFulton St+10003'
-74.0043,40.6817,20,175,'NYWoodhull St10003+NYColumbia St+10003'
-74.0043,40.6406,1,6,'NY51st St10003+NY8th Ave+10003'
-74.0043,40.7249,1581,467,'NY6 Ave10003+NYDominick St+10003|NY6th Ave10003+NYDominick St+10003|NYAve of the Americas10003+NYDominick St+10003|NYDominick St10003'
-74.0043,40.7526,1360,3137,'NY11 Ave10003+NYW 29th St+10003|NYW 29th St10003+NY11th Ave+10003'
-74.0043,40.8704,0,7,'NJGlenwood Ave10003'
-74.0043,40.7912,0,12,'NJ68th St10003+NJPark Ave+10003'
-74.0043,40.7102,230,499,'NYGold St10003+NYSpruce St+10003|NYSpruce St10003'
-74.0042,40.6165,0,21,'NY77th St10003+NY15th Ave+10003'
-74.0042,40.6092,1,11,'NY85th St10003+NY17th Ave+10003'
-74.0042,40.7311,2512,2877,'NY7th Ave S10003+NYMorton St+10003|NYMorton St10003+NY7 Ave S+10003'
-74.0042,40.7167,510,2237,'NYCatherine Ln10003|NYCatherine Ln10003+NYBroadway+10003'
-74.0042,40.7896,1,3,'NJLincoln Pl10003|NJLincoln Pl10003+NJ66th St+10003'
-74.0042,40.6578,0,2,'NY32nd St10003|NY32nd St10003+NY3rd Ave+10003'
-74.0042,40.7381,4254,1917,'NYJane St10003+NY8 Ave+10003|NYJane St10003+NY8th Ave+10003'
-74.0042,40.7477,14891,12371,'NY10th Ave10003+NYW 23rd St+10003|NY10 Ave10003+NYW 23rd St+10003'
-74.0042,40.6441,1,68,'NY47th St10003+NY7th Ave+10003'
-74.0042,40.6047,1,1,'NYBenson Ave10003+NYBay 19th St+10003|NYBay 19th St10003'
-74.0042,40.7177,169,719,'NYFranklin St10003+NYFranklin Pl+10003|NYFranklin Pl10003'
-74.0041,40.6743,0,4,'NYHenry St10003'
-74.0041,40.7119,218,94,'NYPark Row10003|NYPark Row10003+NYBrooklyn Brg+10003|NYPark Row10003+NYPark Row+10003|NYBrooklyn Brg10002|NYBrooklyn Brg10002+NYPark Row+10002'
-74.0041,40.6304,1,17,'NY62nd St10003+NY11th Ave+10003'
-74.0041,40.6081,1,12,'NYBay 16th St10003+NY86th St+10003'
-74.0041,40.9029,0,3,'NJState St10003+NJQueen Anne Rd+10003'
-74.0041,40.6341,0,20,'NY58th St10003+NYFort Hamilton Pkwy+10003'
-74.0041,40.8720,0,8,'NJE Oakdene Ave10003'
-74.0041,40.7846,2,6,'NJPort Imperial Blvd10003+NJN Park Ct+10003|NJN Park Ct10003'
-74.0041,40.6002,1,0,'NYBay 23rd St10003'
-74.0041,40.7131,1725,295,'NYCentre St10003+NYChambers St+10003|NYChambers St10003'
-74.0041,40.7954,1,1,'NJ73rd St10003+NJBroadway+10003'
-74.0040,40.7075,3050,3342,'NYWater St10003|NYWater St10003+NYPearl St+10003|NYWater St10003+NYFulton St+10003|NYPearl St10003|NYPearl St10003+NYFulton St+10003'
-74.0040,40.8070,0,2,'NJ87th St10003+NJ1st Ave+10003'
-74.0040,40.7255,9987,1442,'NY6th Ave10003+NYSpring St+10003'
-74.0040,40.7169,589,2793,'NYBroadway10003+NYLeonard St+10003'
-74.0040,40.7146,43,53,'NYDuane St10003+NYFederal Plz+10003|NYDuane St10003+NYElk St+10003|NYFederal Plz10003|NYFederal Plz10003+NYElk St+10003|NYElk St10003'
-74.0040,40.6201,0,11,'NY73rd St10003+NY14th Ave+10003'
-74.0040,40.6340,0,11,'NY10th Ave10003|NY10th Ave10003+NY58th St+10003'
-74.0040,40.6824,21,252,'NYColumbia St10003+NYSummit St+10003'
-74.0040,40.7429,6118,9864,'NYW 17th St10003+NY9 Ave+10003|NYW 17th St10003+NY9th Ave+10003|NY9 Ave10003+NYW 17 St+10003|NY9th Ave10003+NYW 17 St+10003'
-74.0040,40.8840,0,1,'NJGolf Ct10003+NJClub Rd+10003'
-74.0040,40.7109,16,29,'NYMadison St10003|NYMadison St10003+NYFrankfort St+10003|NYMadison St10003+NYRose St+10003|NYMadison St10003+NYGold St+10003|NYFrankfort St10003+NYRose St+10003|NYFrankfort St10003+NYGold St+10003|NYRose St10003|NYRose St10003+NYGold St+10003|NYGold St10003'
-74.0040,40.7299,2777,3387,'NYBedford St10003+NYCarmine St+10003'
-74.0040,40.9003,0,1,'NJMurray Hill Rd10003|NJMurray Hill Rd10003+NJW Englewood Ave+10003|NJMurray Hill Rd10003+NJMurry Hill Rd+10003|NJW Englewood Ave10003+NJMurry Hill Rd+10003|NJMurry Hill Rd10003'
-74.0040,40.7985,0,1,'NJHudson Ave10003+NJ77th St+10003'
-74.0039,40.7072,1219,556,'NYFulton St10003'
-74.0039,40.7209,1571,4201,'NYWooster St10003|NYWooster St10003+NYCanal St+10003'
-74.0039,40.7200,1138,358,'NYChurch St10003+NYLispenard St+10003'
-74.0039,40.6513,20,157,'NY5th Ave10003+NY39th St+10003'
-74.0039,40.7105,24,160,'NYGold St10003|NYGold St10003+NYGold St+10003'
-74.0039,40.9109,0,1,'NJGreenbriar St10003+NJLee Pl+10003|NJLee Pl10003'
-74.0039,40.5992,5,15,'NY20th Dr10003|NY20th Dr10003+NY20th Ave+10003'
-74.0039,40.6237,0,23,'NY69th St10003+NY13th Ave+10003|NYBay Ridge Ave10003+NY13th Ave+10003'
-74.0039,40.6576,1,7,'NY32nd St10003|NY32nd St10003+NY3rd Ave+10003'
-74.0039,40.7381,3810,3024,'NYJane St10003+NYW 4 St+10003|NYJane St10003+NYW 4th St+10003'
-74.0039,40.7058,906,1073,'NYJohn St10003|NYJohn St10003+NYSouth St+10003'
-74.0039,40.7871,2,4,'NJJ F Kennedy Blvd E10003+NJ63rd St+10003|NJ63rd St10003|NJ63rd St10003+NJKennedy Blvd E+10003|NJ63rd St10003+NJCo Rd 693+10003'
-74.0039,40.7394,1285,3501,'NYW 13th St10003+NYW 4 St+10003|NYW 13th St10003+NYGansevoort St+10003|NYW 13th St10003+NYW 4th St+10003|NYW 4 St10003|NYW 4 St10003+NYGansevoort St+10003|NYW 4 St10003+NYW 4th St+10003|NYW 4 St10003+NYW 13 St+10003|NYGansevoort St10003|NYGansevoort St10003+NYW 4th St+10003|NYGansevoort St10003+NYW 13 St+10003|NYW 4th St10003|NYW 4th St10003+NYW 13 St+10003'
-74.0039,40.7384,2040,428,'NY8 Ave10003+NYW 4 St+10003|NY8 Ave10003+NYW 4th St+10003|NY8th Ave10003+NYW 4 St+10003|NY8th Ave10003+NYW 4th St+10003|NYW 4 St10003|NYW 4 St10003+NYW 4th St+10003|NYW 4th St10003|NYW 4th St10003+NYW 4th St+10003'
-74.0039,40.7388,489,539,'NYW 4 St10003|NYW 4 St10003+NYW 4th St+10003|NYW 4th St10003|NYW 4th St10003+NYW 4th St+10003'
-74.0039,40.6027,0,5,'NY19th Ave10003+NYBath Ave+10003'
-74.0039,40.6888,1,0,'NYKane St Exn10003'
-74.0038,40.6549,36,34,'NY35th St10003|NY35th St10003+NY4th Ave+10003'
-74.0038,40.6375,0,13,'NY54th St10003+NY9th Ave+10003'
-74.0038,40.6786,0,31,'NYHicks St10003+NYLuquer St+10003'
-74.0038,40.7234,448,1096,'NYWatts St10003+NYThompson St+10003'
-74.0038,40.7533,1449,2780,'NYW 30th St10003+NY11 Ave+10003|NYW 30th St10003+NY11th Ave+10003|NY11 Ave10003+NYW 30 St+10003|NYW 30 St10003+NY11th Ave+10003'
-74.0038,40.7319,2187,1557,'NY7th Ave S10003+NYCommerce St+10003|NY7 Ave S10003+NYCommerce St+10003'
-74.0038,40.8461,2,1,'NJState Rte 9310002+NJFairview St+10002|NJFairview St10003|NJFairview St10003+NJGrand Ave+10003'
-74.0038,40.6135,1,5,'NY16th Ave10003+NY80th St+10003'
-74.0038,40.7835,1,1,'NJAvenue at Port Imperial Ave10003|NJAvenue at Port Imperial Ave10003+NJAve at Port Imperial+10003|NJAve at Port Imperial10003'
-74.0038,40.7224,10283,6415,'NYGrand St10003+NYW Broadway+10003'
-74.0038,40.6788,0,8,'NYHicks St10003|NYHicks St10003+NYHamilton Ave+10003'
-74.0038,40.8711,5,26,'NJGlenwood Ave10003+NJFrank W Burr Blvd+10003|NJFrank W Burr Blvd10003'
-74.0038,40.7107,9,73,'NYRose St10003|NYRose St10003+NYFrankfort St+10003|NYRose St10003+NYGold St+10003|NYFrankfort St10003+NYGold St+10003|NYGold St10003'
-74.0038,40.7902,0,3,'NJ67th St10003+NJLincoln Pl+10003|NJLincoln Pl10003'
-74.0037,40.5796,0,1,'NYMaple Ave10003|NYMaple Ave10003+NYW 37th St+10003'
-74.0037,40.7263,4309,752,'NY6 Ave10003+NYVandam St+10003|NY6 Ave10003+NYMacdougal St+10003|NY6th Ave10003+NYVandam St+10003|NY6th Ave10003+NYMacdougal St+10003|NYVandam St10003|NYVandam St10003+NYAve of the Americas+10003|NYVandam St10003+NYMacdougal St+10003|NYAve of the Americas10003+NYMacdougal St+10003|NYMacdougal St10003'
-74.0037,40.6273,0,42,'NY12th Ave10003+NY65th St+10003'
-74.0037,40.8945,0,1,'NJAnna St10003|NJAnna St10003+NJW Forest Ave+10003'
-74.0037,40.7070,428,126,'NYFront St10003'
-74.0037,40.7368,1898,4598,'NYW 4 St10003+NYBank St+10003|NYBank St10003+NYW 4th St+10003'
-74.0037,40.6411,0,17,'NY50th St10003+NY8th Ave+10003'
-74.0037,40.7484,7377,3666,'NY10th Ave10003+NYW 24th St+10003|NY10 Ave10003+NYW 24th St+10003'
-74.0037,40.7920,0,1,'NJPark Ave10003+NJ69th St+10003'
-74.0037,40.7183,208,1144,'NYFranklin Pl10003|NYFranklin Pl10003+NYWhite St+10003'
-74.0037,40.7115,77,45,'NYMadison St10003+NYBrooklyn Brg+10003'
-74.0037,40.7293,1140,1849,'NYBedford St10003+NYDowning St+10003'
-74.0037,40.6830,32,362,'NYCarroll St10003+NYColumbia St+10003'
-74.0037,40.7110,13,48,'NYRose St10003|NYRose St10003+NYRose St+10003'
-74.0037,40.6170,0,25,'NY76th St10003+NY15th Ave+10003'
-74.0036,40.7877,2,5,'NJ64th St10003+NJJ F Kennedy Blvd E+10003|NJ64th St10003+NJKennedy Blvd E+10003'
-74.0036,40.7237,3777,4419,'NYThompson St10003+NYBroome St+10003'
-74.0036,40.6585,0,10,'NY31st St10003|NY31st St10003+NY3rd Ave+10003'
-74.0036,40.8906,0,1,'NJState Rte 410002+NJTeaneck Rd+10002'
-74.0036,40.5789,0,1,'NYCypress Ave10003|NYCypress Ave10003+NYW 37th St+10003'
-74.0036,40.7323,4581,3529,'NYBleeker St10003|NYBleeker St10003+NYBleecker St+10003|NYBleeker St10003+NYBarrow St+10003|NYBleecker St10003|NYBleecker St10003+NYBleecker St+10003|NYBleecker St10003+NYBarrow St+10003'
-74.0036,40.5732,0,1,'NYBeach 37th St10003'
-74.0036,40.7136,555,129,'NYCentre St10003+NYReade St+10003|NYCentre St10003+NYLafayette St+10003|NYReade St10003|NYReade St10003+NYFoley Sq+10003|NYReade St10003+NYLafayette St+10003|NYFoley Sq10003|NYFoley Sq10003+NYLafayette St+10003|NYLafayette St10003'
-74.0036,40.6006,0,5,'NYBay 23rd St10003+NYCropsey Ave+10003'
-74.0036,40.6447,0,33,'NY7th Ave10003+NY46th St+10003'
-74.0036,40.6786,3,14,'NYHamilton Ave10003+NYLuquer St+10003|NYLuquer St10003'
-74.0036,40.6309,0,19,'NY11th Ave10003+NY61st St+10003'
-74.0036,40.7322,1464,737,'NY7th Ave S10003+NYBleeker St+10003|NY7th Ave S10003+NYBleecker St+10003|NYBleeker St10003|NYBleeker St10003+NYBleecker St+10003|NYBleeker St10003+NY7 Ave S+10003|NYBleecker St10003|NYBleecker St10003+NYBleecker St+10003|NYBleecker St10003+NY7 Ave S+10003'
-74.0035,40.7434,5023,3297,'NY9 Ave10003+NYW 18 St+10003|NY9 Ave10003+NYW 18th St+10003|NYW 18 St10003+NY9th Ave+10003|NYW 18th St10003+NY9th Ave+10003'
-74.0035,40.7174,699,2008,'NYFranklin St10003+NYBroadway+10003'
-74.0035,40.7206,630,696,'NYChurch St10003|NYChurch St10003+NYCanal St+10003'
-74.0035,40.6802,5,12,'NYHicks St10003'
-74.0035,40.8466,0,1,'NJState Rte 9310002+NJW Harwood Ave+10002|NJGrand Ave10002+NJW Harwood Ave+10002|NJW Harwood Ave10003'
-74.0035,40.6756,2,87,'NYMill St10003|NYMill St10003+NYHenry St+10003|NYHenry St10003'
-74.0035,40.6884,0,1,'NYVan Brunt St10003|NYVan Brunt St10003+NYKane St Exn+10003|NYKane St Exn10003'
-74.0035,40.6087,0,5,'NYBay 16th St10003+NY85th St+10003'
-74.0035,40.5783,0,1,'NYLaurel Ave10003|NYLaurel Ave10003+NYW 37th St+10003'
-74.0035,40.7324,5408,3642,'NY7th Ave S10003+NYBarrow St+10003|NYBarrow St10003+NY7 Ave S+10003'
-74.0035,40.7082,1824,1074,'NYPearl St10003|NYPearl St10003+NYBeekman St+10003|NYPearl St10003+NYPearl St+10003|NYBeekman St10003|NYBeekman St10003+NYPearl St+10003'
-74.0035,40.7991,1,3,'NJHudson Ave10003+NJ78th St+10003'
-74.0035,40.6241,0,9,'NYOvington Ave10003+NY13th Ave+10003|NY13th Ave10003+NY68th St+10003'
-74.0034,40.7320,1521,1235,'NYBleecker St10003+NYCommerce St+10003|NYCommerce St10003'
-74.0034,40.7388,2701,1316,'NY8 Ave10003+NYHoratio St+10003|NY8th Ave10003+NYHoratio St+10003'
-74.0034,40.7270,4609,1390,'NY6th Ave10003+NYCharlton St+10003'
-74.0034,40.6207,0,21,'NY72nd St10003+NY14th Ave+10003'
-74.0034,40.7892,0,2,'NJMcKinley Pl10003|NJMcKinley Pl10003+NJ66th St+10003'
-74.0034,40.6100,0,19,'NY84th St10003+NY17th Ave+10003'
-74.0034,40.7852,1,0,'NJPort Imperial Blvd10003+NJKinston Ct+10003|NJKinston Ct10003'
-74.0034,40.6043,0,8,'NYBenson Ave10003+NYBay 20th St+10003'
-74.0034,40.6077,1,10,'NYBay 17th St10003|NYBay 17th St10003+NY86th St+10003'
-74.0034,40.7142,35,38,'NYDuane St10003+NYFederal Plz+10003|NYDuane St10003+NYLafayette St+10003|NYFederal Plz10003|NYFederal Plz10003+NYLafayette St+10003|NYLafayette St10003|NYLafayette St10003+NYLafayette St+10003'
-74.0034,40.8014,0,1,'NJPark Dr10003|NJPark Dr10003+NJPark Dr+10003'
-74.0034,40.6345,0,8,'NY57th St10003+NYFort Hamilton Pkwy+10003'
-74.0034,40.7108,63,182,'NYFrankfort St10003+NYGold St+10003|NYGold St10003'
-74.0034,40.7253,2595,2931,'NYSpring St10003+NYSullivan St+10003'
-74.0034,40.6797,2,9,'NYBrooklyn Queens Expy10001+NYHamilton Ave+10001|NYI 27810001+NYHamilton Ave+10001'
-74.0034,40.5776,0,2,'NYW 37th St10003+NYLyme Ave+10003|NYLyme Ave10003'
-74.0034,40.7112,71,51,'NYRose St10003|NYRose St10003+NYBrooklyn Brg+10003|NYRose St10003+NYRose St+10003|NYBrooklyn Brg10002+NYRose St+10002'
-74.0033,40.6803,0,6,'NYBrooklyn Queens Expy10001|NYI 27810001'
-74.0033,40.7355,2005,3946,'NYPerry St10003+NYW 4 St+10003|NYPerry St10003+NYW 4th St+10003'
-74.0033,40.8146,4,4,'NJFairview Ave10003+NJBergenwood Rd+10003|NJFairview Ave10003+NJHenry St+10003|NJBergenwood Rd10003|NJBergenwood Rd10003+NJHenry St+10003|NJHenry St10003'
-74.0033,40.6837,26,258,'NYPresident St10003+NYColumbia St+10003'
-74.0033,40.6518,8,18,'NY5th Ave10003+NY38th St+10003|NY38th St10003'
-74.0033,40.7165,145,424,'NYBenson St10003|NYBenson St10003+NYLeonard St+10003'
-74.0033,40.7317,1080,1425,'NYBleecker St10003+NYJones St+10003|NYJones St10003'
-74.0033,40.7287,748,1925,'NYBedford St10003|NYBedford St10003+NY6 Ave+10003|NYBedford St10003+NYBedford St+10003|NYBedford St10003+NYW Houston St+10003|NY6 Ave10003|NY6 Ave10003+NYBedford St+10003|NY6 Ave10003+NYW Houston St+10003|NYW Houston St10003'
-74.0033,40.8132,0,1,'NJState Rte 6310002+NJHarding Pl+10002|NJBergen Blvd10002+NJHarding Pl+10002|NJHarding Pl10003'
-74.0033,40.6807,0,16,'NYRapelye St10003|NYRapelye St10003+NYHicks St+10003'
-74.0033,40.6582,4,13,'NY3rd Ave10003+NY31st St+10003|NY31st St10003'
-74.0033,40.9140,0,1,'NJGreenbriar St10003|NJGreenbriar St10003+NJNew Bridge Rd+10003'
-74.0033,40.6792,4,3,'NYBrooklyn Queens Expy10001|NYBrooklyn Queens Expy10001+NYGowanus Expy+10001|NYBrooklyn Queens Expy10001+NY3rd Ave+10001|NYGowanus Expy10001|NY3rd Ave10001|NYGowanus Expy10002'
-74.0033,40.6554,9,38,'NY34th St10003+NY4th Ave+10003'
-74.0033,40.7204,1064,1188,'NYGreene St10003|NYGreene St10003+NYCanal St+10003'
-74.0033,40.6796,3,8,'NYHicks St10003|NYHicks St10003+NYHamilton Ave+10003'
-74.0033,40.6381,0,4,'NY9th Ave10003+NY53rd St+10003'
-74.0032,40.7490,4525,2274,'NYW 25th St10003+NY10th Ave+10003|NYW 25th St10003+NY10 Ave+10003'
-74.0032,40.5769,1,5,'NYNeptune Ave10003+NYW 37th St+10003'
-74.0032,40.7926,0,1,'NJPark Ave10003+NJ70th St+10003'
-74.0032,40.7139,297,22,'NYDuane St10003|NYDuane St10003+NYFoley Sq+10003'
-74.0032,40.6140,0,10,'NY79th St10003+NY16th Ave+10003'
-74.0032,40.7147,52,45,'NYPearl St10003|NYPearl St10003+NYFederal Plz+10003|NYPearl St10003+NYLafayette St+10003'
-74.0032,40.7277,4450,2110,'NY6 Ave10003|NY6 Ave10003+NY6 Ave+10003|NY6 Ave10003+NYKing St+10003|NY6 Ave10003+NYAve of the Americas+10003|NY6 Ave10003+NYAve of Americas+10003|NY6th Ave10003+NYKing St+10003|NY6th Ave10003+NY6 Ave+10003|NY6th Ave10003+NYAve of the Americas+10003|NY6th Ave10003+NYAve of Americas+10003|NYAve of the Americas10003|NYAve of the Americas10003+NYKing St+10003|NYAve of the Americas10003+NYAve of the Americas+10003|NYAve of the Americas10003+NY6 Ave+10003|NYAve of the Americas10003+NYAve of Americas+10003|NYKing St10003+NYAve of the Americas+10003|NYKing St10003+NY6 Ave+10003|NYKing St10003+NYAve of Americas+10003|NYAve of Americas10003'
-74.0032,40.7349,4029,6147,'NYCharles St10003+NYW 4 St+10003|NYCharles St10003+NYW 4th St+10003'
-74.0031,40.7315,1232,1483,'NYBleecker St10003+NYMorton St+10003|NYMorton St10003'
-74.0031,40.6590,0,1,'NY3rd Ave10003+NY30th St+10003|NY30th St10003'
-74.0031,40.7284,748,1029,'NYW Houston St10003+NY6 Ave+10003|NYW Houston St10003+NYAve of the Americas+10003|NYW Houston St10003+NYBedford St+10003|NYW Houston St10003+NYAve of Americas+10003|NY6 Ave10003+NYBedford St+10003|NYAve of the Americas10003|NYAve of the Americas10003+NYBedford St+10003|NYBedford St10003|NYBedford St10003+NYAve of Americas+10003|NYAve of Americas10003'
-74.0031,40.6417,0,10,'NY8th Ave10003+NY49th St+10003'
-74.0031,40.7269,3001,1591,'NYPrince St10003|NYPrince St10003+NYCharlton St+10003|NYPrince St10003+NYMacdougal St+10003|NYCharlton St10003|NYCharlton St10003+NYMacdougal St+10003'
-74.0031,40.5987,0,4,'NY21st Dr10003|NY21st Dr10003+NYBay 25th St+10003|NYBay 25th St10003'
-74.0031,40.7841,0,11,'NJAvenue at Port Imperial Ave10003+NJN Park Ct+10003|NJN Park Ct10003'
-74.0031,40.7440,4036,4878,'NYW 19 St10003+NY9 Ave+10003|NYW 19 St10003+NY9th Ave+10003|NYW 19th St10003+NY9 Ave+10003|NYW 19th St10003+NY9th Ave+10003'
-74.0031,40.7141,108,25,'NYDuane St10003+NYCentre St+10003'
-74.0031,40.7077,517,205,'NYBeekman St10003+NYWater St+10003|NYWater St10003'
-74.0031,40.6279,0,22,'NY12th Ave10003+NY64th St+10003'
-74.0031,40.7965,0,3,'NJ75th St10003+NJBroadway+10003'
-74.0031,40.9524,0,1,'NJMerritt Dr10003|NJMerritt Dr10003+NJSchlomann Dr+10003|NJSchlomann Dr10003'
-74.0031,40.8774,0,1,'NJLucy Ave10003|NJLucy Ave10003+NJFycke Ln+10003'
-74.0031,40.5762,0,1,'NYNautilus Ave10003|NYNautilus Ave10003+NYW 37th St+10003'
-74.0031,40.7391,3205,1715,'NYW 13th St10003|NYW 13th St10003+NY8 Ave+10003|NYW 13th St10003+NY8th Ave+10003|NY8 Ave10003+NYW 13 St+10003|NY8th Ave10003+NYW 13 St+10003|NYW 13 St10003'
-74.0031,40.6103,0,2,'NY83rd St10003|NY83rd St10003+NY17th Ave+10003'
-74.0031,40.6023,0,1,'NYBay 22nd St10003+NYBath Ave+10003'
-74.0030,40.7180,954,1706,'NYWhite St10003+NYBroadway+10003'
-74.0030,40.6791,10,7,'NYColes St10003|NYColes St10003+NYHamilton Ave+10003'
-74.0030,40.7332,8994,8441,'NY7th Ave S10003+NYGrove St+10003|NYGrove St10003+NY7 Ave S+10003'
-74.0030,40.7156,706,1292,'NYLafayette St10003|NYLafayette St10003+NYAve of the Strongest+10003|NYLafayette St10003+NYFederal Plz+10003|NYLafayette St10003+NYLafayette St+10003|NYLafayette St10003+NYWorth St+10003|NYAve of the Strongest10003+NYFederal Plz+10003|NYAve of the Strongest10003+NYLafayette St+10003|NYFederal Plz10003|NYFederal Plz10003+NYWorth St+10003|NYFederal Plz10003+NYFederal Plz+10003|NYWorth St10003+NYFederal Plz+10003'
-74.0030,40.6176,1,24,'NY75th St10003+NY15th Ave+10003|NYBay Ridge Pkwy10003+NY15th Ave+10003'
-74.0030,40.6844,67,388,'NYUnion St10003+NYColumbia St+10003'
-74.0030,40.6452,0,20,'NY7th Ave10003+NY45th St+10003'
-74.0030,40.8981,1,0,'NJBogert St10003+NJBeaumont Ave+10003|NJBeaumont Ave10003'
-74.0030,40.8519,1,0,'NJDepot Pl10003'
-74.0030,40.7233,6878,4237,'NYWatts St10003|NYWatts St10003+NYBroome St+10003|NYWatts St10003+NYW Broadway+10003|NYBroome St10003+NYW Broadway+10003'
-74.0030,40.7220,741,862,'NYWooster St10003+NYGrand St+10003'
-74.0030,40.7997,1,0,'NJHudson Ave10003|NJHudson Ave10003+NJ79th St+10003'
-74.0030,40.5755,0,1,'NYW 37th St10003+NYOceanic Ave+10003|NYOceanic Ave10003'
-74.0030,40.6813,2,59,'NYWoodhull St10003|NYWoodhull St10003+NYHicks St+10003'
-74.0030,40.7169,15,135,'NYBenson St10003'
-74.0030,40.7882,1,4,'NJ65th St10003|NJ65th St10003+NJJ F Kennedy Blvd E+10003|NJ65th St10003+NJKennedy Blvd E+10003|NJ65th St10003+NJCo Rd 693+10003'
-74.0030,40.7898,1,0,'NJ67th St10003+NJMcKinley Pl+10003|NJMcKinley Pl10003'
-74.0030,40.6315,0,9,'NY60th St10003+NY11th Ave+10003'
-74.0029,40.5734,0,2,'NYAtlantic Ave10003'
-74.0029,40.7311,1152,1069,'NYBleecker St10003+NYCornelia St+10003|NYCornelia St10003'
-74.0029,40.7597,276,1280,'NYI 49510001+NY12th Ave+10001|NYI 49510001+NYState Rte 9a+10001|NYI 49510001+NYWest St+10001|NYLincoln Tunl10001+NY12th Ave+10001|NYLincoln Tunl10001+NYState Rte 9a+10001|NYLincoln Tunl10001+NYWest St+10001'
-74.0029,40.7858,0,1,'NJPort Imperial Blvd10003+NJOswego Ct+10003|NJOswego Ct10003'
-74.0029,40.7171,40,267,'NYFranklin St10003+NYCortlandt Aly+10003|NYCortlandt Aly10003'
-74.0029,40.6784,8,24,'NYGowanus Expy10002'
-74.0029,40.7131,26,9,'NYCardinal Hayes Pl10003'
-74.0029,40.5809,0,21,'NYW 36th St10003|NYW 36th St10003+NYBayview Ave+10003'
-74.0029,40.6806,7,77,'NYRapelye St10003|NYRapelye St10003+NYHicks St+10003'
-74.0029,40.6726,2,14,'NYCreamer St10003|NYCreamer St10003+NYClinton St+10003'
-74.0029,40.6769,2,86,'NYHuntington St10003+NYHenry St+10003'
-74.0029,40.6488,0,81,'NY6th Ave10003|NY6th Ave10003+NY41st St+10003'
-74.0029,40.7336,2755,2314,'NY7th Ave S10003+NYChristopher St+10003|NYChristopher St10003+NY7 Ave S+10003'
-74.0029,40.6213,0,20,'NY14th Ave10003+NY71st St+10003'
-74.0028,40.5748,0,2,'NYW 37th St10003+NYMermaid Ave+10003|NYMermaid Ave10003'
-74.0028,40.6002,2,24,'NY20th Ave10003+NYCropsey Ave+10003'
-74.0028,40.7309,1627,1343,'NYLeroy St10003|NYLeroy St10003+NYBleecker St+10003'
-74.0028,40.7159,57,77,'NYLafayette St10003+NYCatherine Ln+10003|NYCatherine Ln10003'
-74.0028,40.7284,3715,960,'NYW Houston St10003+NY6th Ave+10003|NYW Houston St10003+NY6 Ave+10003|NYW Houston St10003+NYAve of the Americas+10003'
-74.0028,40.7115,1,5,'NYMadison St10003|NYMadison St10003+NYRose St+10003'
-74.0028,40.7337,16872,11560,'NY7th Ave S10003+NYW 4 St+10003|NY7th Ave S10003+NYW 4th St+10003|NYW 4 St10003+NY7 Ave S+10003|NYW 4th St10003+NY7 Ave S+10003'
-74.0028,40.5746,0,1,'NYW 37th St10003+NYMermaid Ave+10003|NYMermaid Ave10003'
-74.0028,40.7336,2262,1443,'NYChristopher St10003|NYChristopher St10003+NYStonewall Pl+10003|NYChristopher St10003+NYW 4 St+10003|NYChristopher St10003+NYW 4th St+10003|NYChristopher St10003+NYChristopher St+10003|NYStonewall Pl10003|NYStonewall Pl10003+NYW 4 St+10003|NYStonewall Pl10003+NYW 4th St+10003|NYStonewall Pl10003+NYChristopher St+10003|NYW 4 St10003+NYChristopher St+10003|NYW 4th St10003+NYChristopher St+10003'
-74.0028,40.7394,4763,1540,'NY8 Ave10003+NYGreenwich Ave+10003|NY8th Ave10003+NYGreenwich Ave+10003|NYGreenwich Ave10003'
-74.0028,40.8103,0,2,'NJKennedy Blvd10003+NJ2nd Ave+10003|NJJohn F Kennedy Blvd10003+NJ2nd Ave+10003|NJ2nd Ave10003|NJ2nd Ave10003+NJCo Rd 693+10003|NJCo Rd 69310003'
-74.0028,40.7496,6796,5089,'NY10th Ave10003+NYW 26th St+10003|NY10 Ave10003+NYW 26th St+10003'
-74.0028,40.7284,8155,2379,'NY6th Ave10003+NYW Houston St+10003|NY6 Ave10003+NYW Houston St+10003|NYAve of the Americas10003+NYW Houston St+10003'
-74.0028,40.6524,7,35,'NY5th Ave10003+NY37th St+10003|NY37th St10003'
-74.0028,40.7931,1,1,'NJ71st St10003+NJPark Ave+10003'
-74.0027,40.7145,14,7,'NYCentre St10003+NYPearl St+10003'
-74.0027,40.7072,169,270,'NYBeekman St10003+NYFront St+10003|NYFront St10003'
-74.0027,40.6248,0,7,'NY13th Ave10003+NY67th St+10003'
-74.0027,40.6588,5,22,'NY3rd Ave10003+NY30th St+10003|NY30th St10003'
-74.0027,40.8512,0,1,'NJCommercial Ave10003+NJW Central Blvd+10003'
-74.0027,40.7126,6,4,'NYAve of the Finest10003|NYAve of the Finest10003+NYPark Row+10003|NYPark Row10003|NYPark Row10003+NYPark Row+10003'
-74.0027,40.5970,0,13,'NYShore Pkwy N10003|NYShore Pkwy N10003+NY21st Ave+10003|NY21st Ave10003'
-74.0027,40.7446,4304,2964,'NY9 Ave10003+NYW 20th St+10003|NYW 20th St10003+NY9th Ave+10003'
-74.0027,40.6851,46,312,'NYColumbia St10003+NYSackett St+10003'
-74.0027,40.6560,23,175,'NY33rd St10003+NY4th Ave+10003'
-74.0027,40.6350,0,2,'NY56th St10003+NYFort Hamilton Pkwy+10003'
-74.0027,40.6387,0,10,'NY9th Ave10003+NY52nd St+10003'
-74.0027,40.6096,0,3,'NY84th St10003+NYBay 16th St+10003'
-74.0027,40.7113,81,64,'NYRose St10003'
-74.0026,40.6073,2,18,'NYCristoforo Colombo Blvd10003+NY86th St+10003|NY18th Ave10003+NY86th St+10003'
-74.0026,40.7602,1432,846,'NYW 39th St10003|NYW 39th St10003+NY12th Ave+10003|NYW 39th St10003+NYState Rte 9a+10003|NYW 39th St10003+NYWest St+10003'
-74.0026,40.6038,0,1,'NYBenson Ave10003+NY19th Ave+10003'
-74.0026,40.6775,13,67,'NYNelson St10003|NYNelson St10003+NYHamilton Ave+10003|NYNelson St10003+NYHenry St+10003|NYHamilton Ave10003+NYHenry St+10003|NYHenry St10003'
-74.0026,40.6820,3,97,'NYHicks St10003+NYSummit St+10003|NYSummit St10003'
-74.0026,40.7249,2538,3958,'NYThompson St10003+NYSpring St+10003'
-74.0026,40.7971,1,0,'NJ76th St10003+NJBroadway+10003'
-74.0026,40.6146,1,9,'NY78th St10003+NY16th Ave+10003'
-74.0026,40.7199,922,1120,'NYMercer St10003|NYMercer St10003+NYCanal St+10003'
-74.0026,40.7848,0,1,'NJAvenue at Port Imperial Ave10003+NJKinston Ct+10003|NJKinston Ct10003'
-74.0026,40.7334,5146,4471,'NYSheridan Sq10003|NYSheridan Sq10003+NYW 4 St+10003|NYSheridan Sq10003+NYGrove St+10003|NYSheridan Sq10003+NYW 4th St+10003|NYW Washington Pl10003|NYW Washington Pl10003+NYW 4 St+10003|NYW Washington Pl10003+NYSheridan Sq+10003|NYW Washington Pl10003+NYGrove St+10003|NYW Washington Pl10003+NYW 4th St+10003|NYW 4 St10003+NYSheridan Sq+10003|NYW 4 St10003+NYGrove St+10003|NYGrove St10003+NYW 4th St+10003'
-74.0026,40.6812,12,81,'NYWoodhull St10003|NYWoodhull St10003+NYHicks St+10003'
-74.0026,40.7603,3526,11232,'NYLincoln Tunl10001+NY12th Ave+10001|NYLincoln Tunl10001+NYState Rte 9a+10001|NYLincoln Tunl10001+NYWest St+10001|NYI 49510001+NY12th Ave+10001|NYI 49510001+NYState Rte 9a+10001|NYI 49510001+NYWest St+10001'
-74.0026,40.7162,86,102,'NYLafayette St10003+NYLeonard St+10003'
-74.0025,40.6422,0,11,'NY48th St10003+NY8th Ave+10003'
-74.0025,40.7186,1250,2020,'NYWalker St10003+NYBroadway+10003'
-74.0025,40.7143,205,10,'NYPearl St10003+NYFoley Sq+10003'
-74.0025,40.7398,14218,7963,'NY8 Ave10003+NYW 14th St+10003|NY8 Ave10003+NYW 14 St+10003|NY8th Ave10003+NYW 14th St+10003|NY8th Ave10003+NYW 14 St+10003'
-74.0025,40.6285,0,14,'NY12th Ave10003+NY63rd St+10003'
-74.0025,40.7276,204,1122,'NYKing St10003|NYKing St10003+NYMacdougal St+10003'
-74.0025,40.7088,1653,1292,'NYPeck Slip10003'
-74.0025,40.8883,0,1,'NJMidwood Rd10003'
-74.0025,40.6865,0,1,'NYSedgwick St10003'
-74.0025,40.7864,1,0,'NJPort Imperial Blvd10003+NJMidland Ct+10003|NJMidland Ct10003'
-74.0025,40.6109,0,7,'NY82nd St10003|NY82nd St10003+NY17th Ave+10003'
-74.0025,40.7904,0,10,'NJ68th St10003+NJBellevue Ave+10003|NJBellevue Ave10003'
-74.0025,40.9022,0,1,'NJState St10003+NJTerrace Cir+10003|NJTerrace Cir10003'
-74.0025,40.7551,490,677,'NYW 33rd St10003+NY11 Ave+10003|NYW 33rd St10003+NY11th Ave+10003|NYW 33 St10003+NY11 Ave+10003|NYW 33 St10003+NY11th Ave+10003'
-74.0025,40.7303,3943,2338,'NYBleecker St10003+NYCarmine St+10003'
-74.0025,40.6688,1,3,'NYBryant St10003|NYBryant St10003+NYCourt St+10003|NYCourt St10003'
-74.0025,40.6596,1,11,'NY29th St10003|NY29th St10003+NY3rd Ave+10003'
-74.0025,40.8266,0,1,'NJLancaster Rd10003|NJLancaster Rd10003+NJChestnut St+10003'
-74.0024,40.7888,0,13,'NJ66th St10003|NJ66th St10003+NJJ F Kennedy Blvd E+10003|NJ66th St10003+NJKennedy Blvd E+10003'
-74.0024,40.6458,0,51,'NY44th St10003+NY7th Ave+10003'
-74.0024,40.7388,3765,4299,'NYW 13 St10003|NYW 13 St10003+NYGreenwich Ave+10003|NYW 13 St10003+NYHoratio St+10003|NYGreenwich Ave10003+NYW 13th St+10003|NYGreenwich Ave10003+NYHoratio St+10003|NYW 13th St10003|NYW 13th St10003+NYHoratio St+10003|NYHoratio St10003'
-74.0024,40.6182,1,15,'NY74th St10003+NY15th Ave+10003'
-74.0024,40.5983,1,6,'NY20th Ln10003|NY20th Ln10003+NY21st Dr+10003|NY21st Dr10003+NY20th la+10003|NY20th la10003'
-74.0024,40.8434,1,0,'NJW Columbia Ave10003|NJW Columbia Ave10003+NJUS Rte 46+10003'
-74.0024,40.7177,63,122,'NYCortlandt Aly10003+NYWhite St+10003'
-74.0024,40.7873,1,0,'NJRiver Rd10003+NJ64th St+10003|NJ64th St10003|NJ64th St10003+NJHillside Rd+10003|NJ64th St10003+NJAnthony M de Fino Way+10003'
-74.0024,40.6857,77,305,'NYDegraw St10003+NYColumbia St+10003'
-74.0024,40.7116,7,4,'NYAve of the Finest10003+NYMadison St+10003|NYAve of the Finest10003+NYRose St+10003|NYMadison St10003|NYMadison St10003+NYRose St+10003|NYRose St10003'
-74.0024,40.7147,148,21,'NYFoley Sq10003+NYHamill Pl+10003|NYHamill Pl10003'
-74.0024,40.7265,6885,3804,'NYPrince St10003+NYSullivan St+10003'
-74.0023,40.6321,1,13,'NY11th Ave10003+NY59th St+10003'
-74.0023,40.7502,12429,8595,'NYW 27th St10003|NYW 27th St10003+NYW 27th St+10003|NYW 27th St10003+NY10th Ave+10003|NYW 27th St10003+NY10 Ave+10003|NYW 27th St10003+NYW 27 St+10003|NY10th Ave10003+NYW 27 St+10003|NY10 Ave10003+NYW 27 St+10003|NYW 27 St10003'
-74.0023,40.7067,1336,1215,'NYBeekman St10003|NYBeekman St10003+NYSouth St+10003'
-74.0023,40.7938,2,7,'NJPark Ave10003+NJ72nd St+10003'
-74.0023,40.6019,0,4,'NYBay 23rd St10003+NYBath Ave+10003'
-74.0023,40.7852,1,2,'NJNewburgh Ct10003|NJNewburgh Ct10003+NJAvenue at Port Imperial Ave+10003'
-74.0023,40.6827,1,77,'NYHicks St10003+NYCarroll St+10003|NYCarroll St10003'
-74.0023,40.6738,1,13,'NYClinton St10003+NYBush St+10003|NYBush St10003'
-74.0023,40.6494,4,153,'NY6th Ave10003+NY40th St+10003'
-74.0023,40.6760,0,31,'NYW 9th St10003|NYW 9th St10003+NYW 9th St+10003'
-74.0023,40.6218,0,22,'NY70th St10003+NY14th Ave+10003'
-74.0023,40.7452,3733,5102,'NYW 21 St10003+NY9 Ave+10003|NYW 21 St10003+NY9th Ave+10003|NY9 Ave10003+NYW 21st St+10003|NYW 21st St10003+NY9th Ave+10003'
-74.0023,40.6819,25,59,'NYSummit St10003|NYSummit St10003+NYHicks St+10003|NYSummit St10003+NYMonsignor Delveccio Pl+10003|NYHicks St10003+NYMonsignor Delveccio Pl+10003|NYMonsignor Delveccio Pl10003'
-74.0023,40.6872,1,0,'NYIrving St10003'
-74.0022,40.6783,6,37,'NYHenry St10003|NYHenry St10003+NYHamilton Ave+10003'
-74.0022,40.7203,124,569,'NYMercer St10003+NYHoward St+10003|NYHoward St10003'
-74.0022,40.7216,1107,563,'NYGrand St10003+NYGreene St+10003'
-74.0022,40.7297,8484,3627,'NY6th Ave10003+NYBleecker St+10003|NY6th Ave10003+NYMinetta St+10003|NY6th Ave10003+NYDowning St+10003|NY6 Ave10003+NYBleecker St+10003|NY6 Ave10003+NYMinetta St+10003|NY6 Ave10003+NYDowning St+10003|NYAve of the Americas10003+NYBleecker St+10003|NYAve of the Americas10003+NYMinetta St+10003|NYAve of the Americas10003+NYDowning St+10003|NYBleecker St10003|NYBleecker St10003+NYMinetta St+10003|NYBleecker St10003+NYDowning St+10003|NYMinetta St10003|NYMinetta St10003+NYDowning St+10003|NYDowning St10003'
-74.0022,40.9002,0,2,'NJHill St10003+NJWestgate Rd+10003|NJWestgate Rd10003'
-74.0022,40.7608,342,5570,'NYW 40th St10003|NYW 40th St10003+NY12th Ave+10003|NYW 40th St10003+NYState Rte 9a+10003|NYW 40th St10003+NYWest St+10003|NY12th Ave10002+NYW 40 St+10002|NYW 40 St10003|NYW 40 St10003+NYState Rte 9a+10003|NYW 40 St10003+NYWest St+10003'
-74.0022,40.7229,709,1015,'NYWooster St10003+NYBroome St+10003'
-74.0022,40.6594,3,27,'NY3rd Ave10003+NY29th St+10003|NY29th St10003'
-74.0022,40.6782,12,87,'NYHamilton Ave10003+NYLuquer St+10003|NYLuquer St10003'
-74.0022,40.7977,0,1,'NJ77th St10003+NJBroadway+10003'
-74.0022,40.5770,0,8,'NYW 36th St10003|NYW 36th St10003+NYNeptune Ave+10003'
-74.0022,40.8518,0,2,'NJCommercial Ave10003+NJUnion St+10003|NJUnion St10003'
-74.0021,40.7280,4834,3318,'NYW Houston St10003|NYW Houston St10003+NYW Houston St+10003|NYW Houston St10003+NYMacdougal St+10003|NYMacdougal St10003+NYW Houston St+10003'
-74.0021,40.6254,0,15,'NY13th Ave10003+NY66th St+10003'
-74.0021,40.7082,84,295,'NYPeck Slip10003|NYPeck Slip10003+NYWater St+10003'
-74.0021,40.6530,3,47,'NY36th St10003+NY5th Ave+10003'
-74.0021,40.7298,5568,1798,'NY6th Ave10003+NYBleecker St+10003|NY6 Ave10003+NYBleecker St+10003|NYAve of the Americas10003+NYBleecker St+10003|NYBleecker St10003'
-74.0021,40.7371,613,1624,'NYWaverly Pl10003|NYWaverly Pl10003+NYBank St+10003'
-74.0021,40.7328,1127,1531,'NYSheridan Sq10003+NYW 4 St+10003|NYSheridan Sq10003+NYBarrow St+10003|NYSheridan Sq10003+NYW 4th St+10003|NYW 4 St10003+NYBarrow St+10003|NYBarrow St10003+NYW 4th St+10003'
-74.0021,40.5997,0,3,'NYBay 25th St10003+NYCropsey Ave+10003'
-74.0021,40.7152,945,186,'NYCentre St10003+NYAve of the Strongest+10003|NYCentre St10003+NYWorth St+10003|NYAve of the Strongest10003|NYAve of the Strongest10003+NYFoley Sq+10003|NYFoley Sq10003|NYFoley Sq10003+NYWorth St+10003'
-74.0021,40.7854,0,1,'NJAvenue at Port Imperial Ave10003+NJOswego Ct+10003|NJOswego Ct10003'
-74.0021,40.5791,0,2,'NYW 35th St10003|NYW 35th St10003+NYCanal Ave+10003|NYCanal Ave10003'
-74.0021,40.8531,1,0,'NJW Palisades Blvd10003'
-74.0021,40.8004,0,1,'NJPark Dr10003|NJPark Dr10003+NJPark Dr+10003'
-74.0021,40.6566,15,49,'NY32nd St10003+NY4th Ave+10003'
-74.0021,40.6695,0,2,'NYPercival St10003|NYPercival St10003+NYCourt St+10003'
-74.0021,40.8710,1,0,'NJE Oakdene Ave10003'
-74.0021,40.6392,0,4,'NY51st St10003+NY9th Ave+10003'
-74.0021,40.7192,904,1010,'NYLispenard St10003|NYLispenard St10003+NYBroadway+10003'
-74.0021,40.6767,2,22,'NYHamilton Ave10003+NYHuntington St+10003|NYHuntington St10003'
-74.0021,40.7894,0,5,'NJ67th St10003|NJ67th St10003+NJJ F Kennedy Blvd E+10003|NJ67th St10003+NJKennedy Blvd E+10003'
-74.0021,40.7167,240,456,'NYFranklin St10003|NYFranklin St10003+NYLafayette St+10003'
-74.0021,40.8881,1,3,'NJAlpine Dr10003|NJAlpine Dr10003+NJMidwood Rd+10003'
-74.0021,40.8995,0,1,'NJMersereau Ter10003|NJMersereau Ter10003+NJGraham Pl+10003|NJMersereau Ter10003+NJW Englewood Ave+10003|NJGraham Pl10003|NJGraham Pl10003+NJW Englewood Ave+10003'
-74.0020,40.6864,15,112,'NYSedgwick St10003|NYSedgwick St10003+NYColumbia St+10003'
-74.0020,40.7381,2667,3692,'NYJane St10003|NYJane St10003+NYGreenwich Ave+10003'
-74.0020,40.6152,0,11,'NY77th St10003+NY16th Ave+10003'
-74.0020,40.7404,7175,4735,'NY8 Ave10003+NYW 15 St+10003|NY8 Ave10003+NYW 15th St+10003|NY8th Ave10003+NYW 15 St+10003|NY8th Ave10003+NYW 15th St+10003'
-74.0020,40.6745,6,18,'NYCentre St10003|NYCentre St10003+NYClinton St+10003|NYClinton St10003+NYCentre Mall+10003|NYCentre Mall10003'
-74.0020,40.6826,1,8,'NYCarroll St10003'
-74.0020,40.7558,1039,6932,'NYW 34th St10003+NY11 Ave+10003|NYW 34th St10003+NY11th Ave+10003'
-74.0020,40.8118,1,0,'NJFairview Ave10003+NJHancock Pl+10003|NJHancock Pl10003'
-74.0020,40.6833,9,137,'NYPresident St10003|NYPresident St10003+NYHicks St+10003'
-74.0020,40.9030,1,8,'NJTerrace Cir10003'
-74.0020,40.6428,0,19,'NY47th St10003+NY8th Ave+10003'
-74.0020,40.6355,0,12,'NY55th St10003+NYFort Hamilton Pkwy+10003'
-74.0019,40.6078,0,9,'NYCristoforo Colombo Blvd10003+NY85th St+10003|NY18th Ave10003+NY85th St+10003'
-74.0019,40.7246,4609,2614,'NYSpring St10003+NYW Broadway+10003'
-74.0019,40.6290,0,2,'NY62nd St10003+NY12th Ave+10003'
-74.0019,40.6826,11,37,'NYCarroll St10003+NYHicks St+10003'
-74.0019,40.6068,1,9,'NYBay 19th St10003|NYBay 19th St10003+NY86th St+10003'
-74.0019,40.6601,0,8,'NY28th St10003|NY28th St10003+NY3rd Ave+10003'
-74.0019,40.7911,0,3,'NJBellevue Ave10003+NJ69th St+10003'
-74.0019,40.7943,1,1,'NJ73rd St10003+NJPark Ave+10003'
-74.0019,40.8919,1,0,'NJRobinson St10003+NJOverlook Ave+10003|NJOverlook Ave10003'
-74.0019,40.6789,2,186,'NYHenry St10003+NYColes St+10003|NYHenry St10003+NY4th Pl+10003|NYColes St10003|NYColes St10003+NY4th Pl+10003|NY4th Pl10003'
-74.0019,40.6114,0,16,'NY81st St10003+NY17th Ave+10003'
-74.0019,40.7194,3115,1698,'NYCanal St10003+NYBroadway+10003'
-74.0019,40.7508,4676,1979,'NYW 28th St10003+NY10th Ave+10003|NYW 28th St10003+NY10 Ave+10003|NY10th Ave10003+NYW 28 St+10003|NY10 Ave10003+NYW 28 St+10003'
-74.0019,40.7857,0,6,'NJAvenue at Port Imperial Ave10003+NJAlbany Ct+10003|NJAlbany Ct10003'
-74.0019,40.5942,0,1,'NYBay Pkwy10003|NY22nd Ave10003'
-74.0019,40.8977,0,1,'NJBogert St10003+NJLongfellow Ave+10003|NJLongfellow Ave10003'
-74.0019,40.9195,0,1,'NJRoosevelt Ave10003'
-74.0018,40.6900,1,0,'NYCongress St10003'
-74.0018,40.6464,1,37,'NY7th Ave10003+NY43rd St+10003|NY43rd St10003'
-74.0018,40.6700,0,1,'NYCourt St10003+NYHalleck St+10003'
-74.0018,40.7183,70,192,'NYCortlandt Aly10003+NYWalker St+10003'
-74.0018,40.6188,0,16,'NY73rd St10003+NY15th Ave+10003'
-74.0018,40.7458,3919,3643,'NY9 Ave10003+NYW 22 St+10003|NY9 Ave10003+NYW 22nd St+10003|NYW 22 St10003+NY9th Ave+10003|NYW 22nd St10003+NY9th Ave+10003'
-74.0018,40.7329,265,493,'NYSheridan Sq10003|NYSheridan Sq10003+NYBarrow St+10003|NYSheridan Sq10003+NYWashington Pl+10003|NYW Washington Pl10003+NYSheridan Sq+10003|NYW Washington Pl10003+NYBarrow St+10003|NYW Washington Pl10003+NYWashington Pl+10003|NYBarrow St10003|NYBarrow St10003+NYWashington Pl+10003|NYWashington Pl10003'
-74.0018,40.7094,1015,1090,'NYDover St10003|NYDover St10003+NYFrankfort St+10003|NYFrankfort St10003'
-74.0018,40.6326,0,1,'NY11th Ave10003+NY58th St+10003'
-74.0018,40.7338,5684,5847,'NYStonewall Pl10003|NYStonewall Pl10003+NYChristopher St+10003|NYStonewall Pl10003+NYWaverly Pl+10003|NYChristopher St10003|NYChristopher St10003+NYWaverly Pl+10003|NYChristopher St10003+NYChristopher St+10003|NYWaverly Pl10003|NYWaverly Pl10003+NYChristopher St+10003'
-74.0018,40.7077,75,269,'NYPeck Slip10003+NYFront St+10003'
-74.0017,40.7138,7,6,'NYKent Pl10003'
-74.0017,40.5811,0,1,'NYBayview Ave10003+NYW 35th St+10003|NYW 35th St10003'
-74.0017,40.6080,1,1,'NYCristoforo Colombo Blvd10003+NYNew Utrecht Ave+10003|NY18th Ave10003+NYNew Utrecht Ave+10003'
-74.0017,40.6871,37,110,'NYColumbia St10003+NYIrving St+10003|NYIrving St10003'
-74.0017,40.6077,0,5,'NY85th St10003+NYNew Utrecht Ave+10003'
-74.0017,40.6499,1,71,'NY6th Ave10003|NY6th Ave10003+NY39th St+10003'
-74.0017,40.7614,992,1431,'NYW 41st St10003|NYW 41st St10003+NY12th Ave+10003|NYW 41st St10003+NYState Rte 9a+10003|NYW 41st St10003+NYWest St+10003'
-74.0017,40.6224,2,14,'NY69th St10003+NY14th Ave+10003|NYBay Ridge Ave10003+NY14th Ave+10003'
-74.0017,40.7355,10907,9570,'NY7th Ave S10003+NYWaverly Pl+10003|NYWaverly Pl10003+NY7 Ave S+10003'
-74.0017,40.5979,0,1,'NY21st Dr10003|NY21st Dr10003+NY21st Ave+10003'
-74.0017,40.7306,8781,1836,'NY6th Ave10003+NYMinetta Ln+10003|NY6th Ave10003+NYCarmine St+10003|NY6 Ave10003+NYMinetta Ln+10003|NY6 Ave10003+NYCarmine St+10003|NYAve of the Americas10003+NYMinetta Ln+10003|NYAve of the Americas10003+NYCarmine St+10003|NYMinetta Ln10003|NYMinetta Ln10003+NYCarmine St+10003|NYCarmine St10003'
-74.0017,40.6751,0,12,'NYClinton St10003+NYMill St+10003|NYMill St10003'
-74.0017,40.7157,748,154,'NYCentre St10003+NYLeonard St+10003'
-74.0017,40.6761,7,37,'NYHamilton Ave10003+NYW 9th St+10003'
-74.0017,40.7323,1642,2272,'NYW 4 St10003+NYJones St+10003|NYJones St10003|NYJones St10003+NYW 4th St+10003'
-74.0017,40.7337,526,1147,'NYGrove St10003+NYWaverly Pl+10003'
-74.0016,40.6840,40,109,'NYUnion St10003+NYHicks St+10003'
-74.0016,40.7875,1,0,'NJPort Imperial Blvd10003+NJHalf Moon Ct+10003|NJHalf Moon Ct10003'
-74.0016,40.6066,0,2,'NYNew Utrecht Ave10003|NYNew Utrecht Ave10003+NY86th St+10003'
-74.0016,40.7842,0,1,'NJNewburgh Ct10003'
-74.0016,40.6832,14,87,'NYHicks St10003+NYPresident St+10003|NYPresident St10003'
-74.0016,40.7261,4068,5223,'NYPrince St10003+NYThompson St+10003'
-74.0016,40.6599,3,5,'NY3rd Ave10003+NY28th St+10003|NY28th St10003'
-74.0016,40.7078,78,451,'NYPeck Slip10003+NYFront St+10003'
-74.0016,40.7173,432,1676,'NYLafayette St10003+NYWhite St+10003'
-74.0016,40.7411,7819,4007,'NY8 Ave10003+NYW 16 St+10003|NY8 Ave10003+NYW 16th St+10003|NY8th Ave10003+NYW 16 St+10003|NY8th Ave10003+NYW 16th St+10003'
-74.0015,40.6706,1,3,'NYCourt St10003+NYSigourney St+10003|NYSigourney St10003'
-74.0015,40.8945,1,0,'NJFairview Ave10003|NJFairview Ave10003+NJTeaneck Rd+10003'
-74.0015,40.6840,5,22,'NYUnion St10003+NYBrooklyn Queens Expy+10003|NYUnion St10003+NYI 278+10003'
-74.0015,40.6014,1,8,'NY20th Ave10003+NYBath Ave+10003'
-74.0015,40.6773,27,120,'NYNelson St10003|NYNelson St10003+NYHamilton Ave+10003'
-74.0015,40.7877,0,1,'NJPort Imperial Blvd10003'
-74.0015,40.6260,1,14,'NY13th Ave10003+NY65th St+10003'
-74.0015,40.6798,8,149,'NYHenry St10003+NY3rd Pl+10003|NY3rd Pl10003'
-74.0015,40.6571,9,73,'NY31st St10003+NY4th Ave+10003'
-74.0015,40.6398,0,12,'NY50th St10003+NY9th Ave+10003'
-74.0015,40.6855,20,343,'NYTiffany Pl10003|NYTiffany Pl10003+NYDegraw St+10003'
-74.0015,40.7097,351,584,'NYPearl St10003+NYBrooklyn Brg+10003'
-74.0015,40.7565,378,235,'NYW 35th St10003|NYW 35th St10003+NY11 Ave+10003|NYW 35th St10003+NY11th Ave+10003|NY11 Ave10003+NYW 35 St+10003|NY11th Ave10003+NYW 35 St+10003|NYW 35 St10003'
-74.0015,40.8537,0,1,'NJDepot Sq10003'
-74.0015,40.8428,0,1,'NJUS Rte 110002+NJE Columbia Ave+10002|NJUS Rte 110002+NJColumbia Ave+10002|NJE Columbia Ave10003|NJE Columbia Ave10003+NJUS Rte 9+10003|NJE Columbia Ave10003+NJColumbia Ave+10003|NJE Columbia Ave10003+NJBroad Ave+10003|NJUS Rte 910002+NJColumbia Ave+10002|NJColumbia Ave10003|NJColumbia Ave10003+NJBroad Ave+10003'
-74.0015,40.7950,0,2,'NJPark Ave10003+NJ74th St+10003'
-74.0015,40.7900,1,7,'NJ68th St10003|NJ68th St10003+NJJ F Kennedy Blvd E+10003|NJ68th St10003+NJKennedy Blvd E+10003'
-74.0015,40.7372,2975,2057,'NYGreenwich Ave10003+NYBank St+10003|NYBank St10003'
-74.0015,40.5992,0,17,'NYBay 26th St10003+NYCropsey Ave+10003'
-74.0014,40.6157,0,29,'NY76th St10003+NY16th Ave+10003'
-74.0014,40.7213,1036,1414,'NYMercer St10003+NYGrand St+10003'
-74.0014,40.7514,1305,1688,'NY10th Ave10003+NYW 29th St+10003|NY10 Ave10003+NYW 29th St+10003'
-74.0014,40.6839,14,21,'NYBrooklyn Queens Expy10001+NYUnion St+10001'
-74.0014,40.7135,4,2,'NYCardinal Hayes Pl10003|NYCardinal Hayes Pl10003+NYHayes Pl+10003|NYCardinal Hayes Pl10003+NYCardinal Hayes Pl+10003|NYHayes Pl10003|NYHayes Pl10003+NYCardinal Hayes Pl+10003'
-74.0014,40.7199,993,975,'NYHoward St10003+NYBroadway+10003'
-74.0014,40.5731,1,6,'NYW 36th St10003+NYSurf Ave+10003'
-74.0014,40.7311,11139,4194,'NYW 3rd St10003|NYW 3rd St10003+NY6th Ave+10003|NYW 3rd St10003+NY6 Ave+10003|NYW 3rd St10003+NYAve of the Americas+10003|NY6th Ave10003+NYW 3 St+10003|NY6 Ave10003+NYW 3 St+10003|NYAve of the Americas10003+NYW 3 St+10003|NYW 3 St10003'
-74.0014,40.7226,1172,751,'NYGreene St10003+NYBroome St+10003'
-74.0014,40.6758,5,20,'NYW 9th St10003|NYW 9th St10003+NYClinton St+10003|NYW 9th St10003+NYHamilton Ave+10003|NYClinton St10003+NYHamilton Ave+10003'
-74.0014,40.7277,6765,4042,'NYW Houston St10003+NYSullivan St+10003'
-74.0014,40.6878,219,297,'NYColumbia St10003+NYKane St+10003'
-74.0014,40.6434,0,7,'NY8th Ave10003+NY46th St+10003'
-74.0014,40.8429,0,1,'NJUS Rte 4610002|NJUS Rte 4610002+NJBroad Ave+10002|NJUS Rte 4610002+NJUS Rte 46+10002|NJUS Rte 110002+NJBroad Ave+10002|NJUS Rte 110002+NJUS Rte 46+10002|NJBroad Ave10003|NJBroad Ave10003+NJUS Rte 9+10003|NJBroad Ave10003+NJBroad Ave+10003|NJBroad Ave10003+NJUS Rte 46+10003|NJUS Rte 910002+NJUS Rte 46+10002|NJBroad Ave10002|NJBroad Ave10002+NJUS Rte 46+10002'
-74.0014,40.6607,0,7,'NY27th St10003|NY27th St10003+NY3rd Ave+10003'
-74.0014,40.6109,0,6,'NYBay 16th St10003|NYBay 16th St10003+NYNew Utrecht Ave+10003'
-74.0013,40.7073,240,313,'NYPeck Slip10003|NYPeck Slip10003+NYSouth St+10003'
-74.0013,40.6801,7,66,'NYHenry St10003+NYRapelye St+10003|NYRapelye St10003'
-74.0013,40.8824,0,1,'NJBayard St10003|NJBayard St10003+NJE Cedar Ln+10003'
-74.0013,40.9008,0,1,'NJLozier Pl10003+NJAyers Ct+10003|NJAyers Ct10003'
-74.0013,40.6847,8,128,'NYHicks St10003+NYSackett St+10003'
-74.0013,40.7465,8360,11213,'NY9 Ave10003+NYW 23rd St+10003|NY9th Ave10003+NYW 23rd St+10003'
-74.0013,40.7924,0,2,'NJ71st St10003+NJBoulevard E+10003|NJ71st St10003+NJJ F Kennedy Blvd E+10003|NJ71st St10003+NJKennedy Blvd E+10003|NJBoulevard E10003'
-74.0013,40.8527,0,2,'NJCommercial Ave10003+NJW Palisades Blvd+10003'
-74.0013,40.6120,0,1,'NY80th St10003+NY17th Ave+10003'
-74.0013,40.7148,134,108,'NYHamill Pl10003|NYHamill Pl10003+NYWorth St+10003'
-74.0013,40.6083,0,1,'NYCristoforo Colombo Blvd10003+NY84th St+10003|NY18th Ave10003+NY84th St+10003|NY84th St10003'
-74.0013,40.7933,4,7,'NJ72nd St10003|NJ72nd St10003+NJBoulevard E+10003|NJ72nd St10003+NJJ F Kennedy Blvd E+10003|NJ72nd St10003+NJKennedy Blvd E+10003'
-74.0013,40.6839,55,138,'NYUnion St10003+NYHicks St+10003'
-74.0013,40.8094,0,1,'NJJ F Kennedy Blvd E10003|NJJ F Kennedy Blvd E10003+NJKennedy Blvd+10003|NJJ F Kennedy Blvd E10003+NJBergenline Ave+10003|NJJ F Kennedy Blvd E10003+NJCo Rd 721+10003|NJJ F Kennedy Blvd E10003+NJJohn F Kennedy Blvd+10003|NJKennedy Blvd10003|NJKennedy Blvd10003+NJBergenline Ave+10003|NJKennedy Blvd10003+NJCo Rd 721+10003|NJKennedy Blvd10003+NJBoulevard E+10003|NJBergenline Ave10003+NJCo Rd 721+10003|NJBergenline Ave10003+NJJohn F Kennedy Blvd+10003|NJBergenline Ave10003+NJBoulevard E+10003|NJBergenline Ave10003+NJCo Rd 693+10003|NJCo Rd 72110003|NJCo Rd 72110003+NJJohn F Kennedy Blvd+10003|NJCo Rd 72110003+NJBoulevard E+10003|NJJohn F Kennedy Blvd10003|NJJohn F Kennedy Blvd10003+NJBoulevard E+10003|NJBoulevard E10003'
-74.0013,40.7190,1208,860,'NYCortlandt Aly10003|NYCortlandt Aly10003+NYCanal St+10003'
-74.0013,40.7135,5,2,'NYCardinal Hayes Pl10003|NYCardinal Hayes Pl10003+NYCardinal Hayes Pl+10003|NYCardinal Hayes Pl10003+NYHayes Pl+10003|NYHayes Pl10003'
-74.0013,40.5983,0,3,'NY21st Ln10003|NY21st Ln10003+NY21st Ave+10003'
-74.0012,40.6469,1,22,'NY7th Ave10003+NY42nd St+10003|NY42nd St10003'
-74.0012,40.6360,2,11,'NY54th St10003+NYFort Hamilton Pkwy+10003'
-74.0012,40.6194,0,10,'NY72nd St10003+NY15th Ave+10003'
-74.0012,40.6847,25,143,'NYBrooklyn Queens Expy10001+NYSackett St+10001|NYI 27810001+NYSackett St+10001'
-74.0012,40.6064,0,6,'NYBay 20th St10003|NYBay 20th St10003+NY86th St+10003'
-74.0012,40.7338,1861,3830,'NYWaverly Pl10003+NYChristopher St+10003|NYWaverly Pl10003+NYGrove St+10003|NYChristopher St10003+NYGrove St+10003|NYGrove St10003'
-74.0012,40.6228,0,18,'NYOvington Ave10003+NY14th Ave+10003|NY14th Ave10003+NY68th St+10003'
-74.0012,40.7866,0,1,'NJRoslyn Ct10003|NJRoslyn Ct10003+NJAvenue at Port Imperial Ave+10003'
-74.0012,40.7903,0,6,'NJJ F Kennedy Blvd E10003+NJFarragut Pl+10003|NJFarragut Pl10003|NJFarragut Pl10003+NJKennedy Blvd E+10003'
-74.0012,40.7292,6025,6526,'NYBleecker St10003+NYMacdougal St+10003'
-74.0012,40.7989,2,3,'NJBroadway10003|NJBroadway10003+NJ79th St+10003|NJBroadway10003+NJPark Dr+10003|NJ79th St10003+NJPark Dr+10003|NJPark Dr10003'
-74.0012,40.7074,74,330,'NYPeck Slip10003|NYPeck Slip10003+NYSouth St+10003'
-74.0012,40.6332,0,3,'NY57th St10003+NY11th Ave+10003'
-74.0012,40.6759,15,67,'NYGowanus Expy10001+NYClinton St+10001|NYClinton St10003+NY3rd Ave+10003'
-74.0012,40.7318,2905,1623,'NYW 4 St10003+NYCornelia St+10003|NYCornelia St10003|NYCornelia St10003+NYW 4th St+10003'
-74.0012,40.7620,3879,3613,'NYW 42nd St10003|NYW 42nd St10003+NY12th Ave+10003|NYW 42nd St10003+NYState Rte 9a+10003|NYW 42nd St10003+NYWest St+10003'
-74.0011,40.7417,5733,5046,'NYW 17th St10003+NY8 Ave+10003|NYW 17th St10003+NY8th Ave+10003|NY8 Ave10003+NYW 17 St+10003|NY8th Ave10003+NYW 17 St+10003'
-74.0011,40.6806,4,203,'NYHenry St10003+NY2nd Pl+10003|NY2nd Pl10003'
-74.0011,40.8542,2,1,'NJFair St10003'
-74.0011,40.7849,0,3,'NJAlbany Ct10003'
-74.0011,40.5771,0,4,'NYW 35th St10003|NYW 35th St10003+NYNeptune Ave+10003'
-74.0011,40.7334,199,626,'NYWaverly Pl10003|NYWaverly Pl10003+NYWaverly Pl+10003'
-74.0011,40.7102,327,441,'NYAve of the Finest10003|NYAve of the Finest10003+NYRobert F Wagner Sr Pl+10003|NYRobert F Wagner Sr Pl10003'
-74.0011,40.6030,0,2,'NYBenson Ave10003+NYBay 23rd St+10003'
-74.0011,40.7366,8584,6604,'NY7th Ave S10003|NY7th Ave S10003+NY7 Ave+10003|NY7th Ave S10003+NY7th Ave+10003|NY7th Ave S10003+NYGreenwich Ave+10003|NY7 Ave10003|NY7 Ave10003+NYGreenwich Ave+10003|NY7 Ave10003+NY7 Ave S+10003|NY7th Ave10003|NY7th Ave10003+NYGreenwich Ave+10003|NY7th Ave10003+NY7 Ave S+10003|NYGreenwich Ave10003+NY7 Ave S+10003|NY7 Ave S10003'
-74.0011,40.6118,0,2,'NYNew Utrecht Ave10003+NY80th St+10003'
-74.0011,40.6884,45,264,'NYBaltic St10003+NYColumbia St+10003'
-74.0011,40.7922,0,1,'NJBellevue Ave10003|NJBellevue Ave10003+NJJ F Kennedy Blvd E+10003|NJBellevue Ave10003+NJKennedy Blvd E+10003'
-74.0011,40.7571,556,143,'NYW 36 St10003|NYW 36 St10003+NY11 Ave+10003|NYW 36 St10003+NY11th Ave+10003|NY11 Ave10003+NYW 36th St+10003|NYW 36th St10003|NYW 36th St10003+NY11th Ave+10003'
-74.0010,40.6764,18,13,'NYHamilton Ave10003+NYClinton St+10003|NYClinton St10003'
-74.0010,40.8434,0,1,'NJBroad Ave10003+NJE Ruby Ave+10003|NJBroad Ave10003+NJW Ruby Ave+10003|NJE Ruby Ave10003|NJE Ruby Ave10003+NJW Ruby Ave+10003|NJW Ruby Ave10003'
-74.0010,40.7302,1627,1925,'NYMinetta Ln10003+NYMinetta St+10003|NYMinetta St10003'
-74.0010,40.6808,4,162,'NYHenry St10003+NYWoodhull St+10003|NYWoodhull St10003'
-74.0010,40.8957,0,1,'NJBedford Ave10003|NJBedford Ave10003+NJTeaneck Rd+10003'
-74.0010,40.6853,7,73,'NYHicks St10003+NYDegraw St+10003|NYDegraw St10003'
-74.0010,40.6605,3,23,'NY3rd Ave10003+NY27th St+10003|NY27th St10003'
-74.0010,40.7923,1,7,'NJ71st St10003|NJ71st St10003+NJFerry Rd+10003|NJFerry Rd10003'
-74.0010,40.6541,1,14,'NY34th St10003|NY34th St10003+NY5th Ave+10003'
-74.0010,40.8846,0,2,'NJBennett Rd10003+NJPhelps Rd+10003|NJPhelps Rd10003'
-74.0010,40.7179,617,1287,'NYLafayette St10003+NYWalker St+10003'
-74.0010,40.6763,81,54,'NYW 9th St10003|NYW 9th St10003+NYHamilton Ave+10003'
-74.0010,40.6765,64,65,'NYHuntington St10003|NYHuntington St10003+NYClinton St+10003'
-74.0010,40.7869,0,2,'NJFulton Ct10003|NJFulton Ct10003+NJAvenue at Port Imperial Ave+10003'
-74.0010,40.7317,12892,3311,'NY6th Ave10003+NYW 4 St+10003|NY6th Ave10003+NYW 4th St+10003|NY6 Ave10003+NYW 4 St+10003|NY6 Ave10003+NYW 4th St+10003|NYAve of the Americas10003+NYW 4 St+10003|NYAve of the Americas10003+NYW 4th St+10003'
-74.0009,40.7137,6,11,'NYCardinal Hayes Pl10003+NYKent Pl+10003|NYKent Pl10003'
-74.0009,40.7521,1102,526,'NY10th Ave10003+NYW 30th St+10003|NY10th Ave10003+NYW 30 St+10003|NY10 Ave10003+NYW 30th St+10003|NY10 Ave10003+NYW 30 St+10003'
-74.0009,40.6086,0,2,'NYCristoforo Colombo Blvd10003+NY84th St+10003|NY18th Ave10003+NY84th St+10003|NY84th St10003'
-74.0009,40.6403,0,21,'NY9th Ave10003+NY49th St+10003'
-74.0009,40.6577,10,64,'NY30th St10003+NY4th Ave+10003'
-74.0009,40.7907,3,17,'NJ69th St10003|NJ69th St10003+NJJ F Kennedy Blvd E+10003|NJ69th St10003+NJKennedy Blvd E+10003'
-74.0009,40.6720,0,1,'NYCreamer St10003+NYCourt St+10003'
-74.0009,40.7258,3814,2306,'NYPrince St10003+NYW Broadway+10003'
-74.0009,40.6266,0,17,'NY64th St10003+NY13th Ave+10003'
-74.0009,40.6761,155,109,'NYClinton St10003|NYClinton St10003+NYHamilton Ave+10003'
-74.0009,40.7088,100,470,'NYDover St10003+NYWater St+10003|NYWater St10003'
-74.0009,40.7938,1,3,'NJ73rd St10003|NJ73rd St10003+NJJ F Kennedy Blvd E+10003|NJ73rd St10003+NJBoulevard E+10003|NJ73rd St10003+NJKennedy Blvd E+10003|NJJ F Kennedy Blvd E10003|NJJ F Kennedy Blvd E10003+NJBoulevard E+10003|NJJ F Kennedy Blvd E10003+NJJ F Kennedy Blvd E+10003|NJJ F Kennedy Blvd E10003+NJKennedy Blvd E+10003|NJBoulevard E10003|NJKennedy Blvd E10003'
-74.0008,40.7471,5133,4523,'NY9 Ave10003+NYW 24th St+10003|NY9th Ave10003+NYW 24th St+10003'
-74.0008,40.6126,0,3,'NY79th St10003+NYNew Utrecht Ave+10003'
-74.0008,40.6010,0,10,'NYBay 25th St10003+NYBath Ave+10003'
-74.0008,40.6163,1,19,'NY75th St10003+NY16th Ave+10003|NYBay Ridge Pkwy10003+NY16th Ave+10003'
-74.0008,40.7169,600,123,'NYCentre St10003+NYWhite St+10003'
-74.0008,40.8102,0,1,'NJFairview Ave10003+NJAnderson Ave+10003'
-74.0008,40.6439,0,7,'NY8th Ave10003+NY45th St+10003'
-74.0008,40.9016,2,4,'NJState St10003+NJLozier Pl+10003|NJLozier Pl10003'
-74.0008,40.6749,3,10,'NYHamilton Ave10003+NYMill St+10003'
-74.0008,40.7153,16,23,'NYBaxter St10003|NYBaxter St10003+NYLeonard St+10003|NYBaxter St10003+NYHogan Pl+10003|NYLeonard St10003|NYLeonard St10003+NYHogan Pl+10003|NYHogan Pl10003'
-74.0008,40.6891,19,141,'NYColumbia St10003+NYWarren St+10003'
-74.0008,40.8724,0,1,'NJHarding Ave10003|NJHarding Ave10003+NJKilmoray Dr+10003'
-74.0007,40.6302,0,8,'NY60th St10003+NY12th Ave+10003'
-74.0007,40.7145,70,75,'NYCardinal Hayes Pl10003|NYCardinal Hayes Pl10003+NYWorth St+10003'
-74.0007,40.6612,0,13,'NY26th St10003|NY26th St10003+NY3rd Ave+10003'
-74.0007,40.6126,0,11,'NY79th St10003+NY17th Ave+10003'
-74.0007,40.5988,0,11,'NY21st Ave10003+NYCropsey Ave+10003'
-74.0007,40.7871,1,0,'NJAvenue at Port Imperial Ave10003+NJHalf Moon Ct+10003|NJHalf Moon Ct10003'
-74.0007,40.7856,1,0,'NJBuffalo Ct10003'
-74.0007,40.6814,17,186,'NYHenry St10003+NY1st Pl+10003|NY1st Pl10003'
-74.0007,40.7359,2398,2751,'NYPerry St10003|NYPerry St10003+NYGreenwich Ave+10003'
-74.0007,40.6770,122,284,'NYNelson St10003+NYClinton St+10003'
-74.0007,40.7494,376,491,'NYW 27th St10003'
-74.0007,40.5811,0,1,'NYW 33rd St10003'
-74.0007,40.7332,179,540,'NYWaverly Pl10003+NYGay St+10003|NYGay St10003'
-74.0007,40.7423,7332,4444,'NY8 Ave10003+NYW 18 St+10003|NY8 Ave10003+NYW 18th St+10003|NY8th Ave10003+NYW 18 St+10003|NY8th Ave10003+NYW 18th St+10003'
-74.0007,40.6815,24,258,'NYSummit St10003|NYSummit St10003+NYHenry St+10003|NYSummit St10003+NYMonsignor Delveccio Pl+10003|NYHenry St10003+NYMonsignor Delveccio Pl+10003|NYMonsignor Delveccio Pl10003'
-74.0007,40.8210,4,4,'NJCliff St10003'
-74.0007,40.6475,1,85,'NY7th Ave10003+NY41st St+10003'
-74.0007,40.7208,2875,1888,'NYGrand St10003+NYBroadway+10003'
-74.0007,40.7222,1229,1442,'NYMercer St10003+NYBroome St+10003'
-74.0007,40.6089,0,18,'NYCristoforo Colombo Blvd10003+NY83rd St+10003|NY18th Ave10003+NY83rd St+10003|NY83rd St10003'
-74.0007,40.6199,0,7,'NY71st St10003+NY15th Ave+10003'
-74.0006,40.7372,4391,3171,'NY7 Ave10003+NYW 12 St+10003|NY7 Ave10003+NYW 12th St+10003|NYW 12 St10003+NY7th Ave+10003|NY7th Ave10003+NYW 12th St+10003'
-74.0006,40.6852,18,128,'NYDegraw St10003|NYDegraw St10003+NYHicks St+10003'
-74.0006,40.7273,8752,4527,'NYW Houston St10003+NYThompson St+10003'
-74.0006,40.6755,96,84,'NYHamilton Ave10003+NYW 9th St+10003|NYW 9th St10003'
-74.0006,40.6134,1,5,'NY78th St10003+NYNew Utrecht Ave+10003'
-74.0006,40.7196,427,2334,'NYHoward St10003+NYCrosby St+10003|NYCrosby St10003'
-74.0006,40.8441,0,1,'NJE Edsall10003|NJE Edsall10003+NJBroad Ave+10003|NJE Edsall10003+NJW Edsall Ave+10003|NJBroad Ave10003+NJW Edsall Ave+10003|NJW Edsall Ave10003'
-74.0006,40.6338,0,11,'NY56th St10003+NY11th Ave+10003'
-74.0006,40.6726,0,9,'NYCourt St10003+NYLorraine St+10003'
-74.0006,40.7577,654,219,'NY11 Ave10003|NY11 Ave10003+NYW 37th St+10003|NY11 Ave10003+NY11th Ave+10003|NYW 37th St10003|NYW 37th St10003+NY11th Ave+10003|NY11th Ave10003|NY11th Ave10003+NY11th Ave+10003'
-74.0006,40.8195,0,1,'NJState Rte 6310002+NJWalker St+10002|NJBergen Blvd10002+NJWalker St+10002|NJWalker St10003'
-74.0006,40.6697,0,1,'NYSmith St10003+NYHalleck St+10003|NYHalleck St10003'
-74.0006,40.8138,0,1,'NJ6th St10003|NJ6th St10003+NJHenry St+10003'
-74.0006,40.7156,16,9,'NYBaxter St10003|NYBaxter St10003+NYBaxter St+10003'
-74.0005,40.6875,20,203,'NYTiffany Pl10003|NYTiffany Pl10003+NYKane St+10003'
-74.0005,40.7184,3551,1358,'NYLafayette St10003+NYCanal St+10003'
-74.0005,40.6235,0,7,'NY67th St10003+NY14th Ave+10003'
-74.0005,40.7152,18,40,'NYBaxter St10003+NYHogan Pl+10003|NYHogan Pl10003'
-74.0005,40.7527,584,571,'NYW 31st St10003|NYW 31st St10003+NY10th Ave+10003|NYW 31st St10003+NY10 Ave+10003|NY10th Ave10003+NYW 31 St+10003|NY10 Ave10003+NYW 31 St+10003|NYW 31 St10003'
-74.0005,40.6365,0,8,'NYFort Hamilton Pkwy10003+NY53rd St+10003'
-74.0005,40.7323,6816,1808,'NY6th Ave10003+NYW Washington Pl+10003|NY6th Ave10003+NYWashington Pl+10003|NYW Washington Pl10003|NYW Washington Pl10003+NYW Washington Pl+10003|NYW Washington Pl10003+NY6 Ave+10003|NYW Washington Pl10003+NYAve of the Americas+10003|NYW Washington Pl10003+NYWashington Pl+10003|NY6 Ave10003+NYWashington Pl+10003|NYAve of the Americas10003+NYWashington Pl+10003|NYWashington Pl10003'
-74.0005,40.7110,174,171,'NYSaint James Pl10003'
-74.0005,40.6749,10,11,'NYGarnet St10003|NYGarnet St10003+NYI 278+10003|NYGarnet St10003+NYMill St+10003|NYMill St10003'
-74.0005,40.7300,5338,4939,'NYWashington Sq W10003|NYWashington Sq W10003+NYMinetta Ln+10003|NYWashington Sq W10003+NYMacdougal St+10003|NYMinetta Ln10003|NYMinetta Ln10003+NYMacdougal St+10003'
-74.0005,40.8287,0,1,'NJDay Ave10003+NJChestnut St+10003'
-74.0005,40.6919,12,108,'NYAtlantic Ave10003'
-74.0005,40.7913,2,10,'NJ70th St10003|NJ70th St10003+NJJ F Kennedy Blvd E+10003|NJ70th St10003+NJKennedy Blvd E+10003'
-74.0005,40.7083,43,309,'NYDover St10003+NYFront St+10003|NYFront St10003'
-74.0005,40.6610,4,31,'NY26th St10003|NY26th St10003+NY3rd Ave+10003'
-74.0005,40.6373,0,4,'NY10th Ave10003|NY10th Ave10003+NY52nd St+10003'
-74.0005,40.6897,40,221,'NYCongress St10003+NYColumbia St+10003'
-74.0005,40.6059,0,10,'NY19th Ave10003+NY86th St+10003'
-74.0005,40.7144,180,186,'NYBaxter St10003|NYBaxter St10003+NYMosco St+10003|NYBaxter St10003+NYWorth St+10003|NYMosco St10003|NYMosco St10003+NYWorth St+10003'
-74.0004,40.8829,0,1,'NJGolf Ct10003|NJGolf Ct10003+NJCountry Club Dr+10003'
-74.0004,40.7288,5051,6793,'NYBleecker St10003+NYSullivan St+10003'
-74.0004,40.6546,3,65,'NY33rd St10003|NY33rd St10003+NY5th Ave+10003'
-74.0004,40.6777,301,234,'NYLuquer St10003+NYClinton St+10003'
-74.0004,40.7478,3193,6151,'NYW 25th St10003+NY9 Ave+10003|NYW 25th St10003+NY9th Ave+10003'
-74.0004,40.6821,38,516,'NYHenry St10003+NYCarroll St+10003'
-74.0004,40.7238,1450,1457,'NYSpring St10003+NYGreene St+10003'
-74.0004,40.7340,1605,1797,'NYGay St10003|NYGay St10003+NYChristopher St+10003'
-74.0004,40.7353,4046,3761,'NYCharles St10003|NYCharles St10003+NYGreenwich Ave+10003'
-74.0004,40.7626,2516,4909,'NYW 43rd St10003|NYW 43rd St10003+NY12th Ave+10003|NYW 43rd St10003+NYState Rte 9a+10003|NYW 43rd St10003+NYWest St+10003'
-74.0003,40.6582,8,55,'NY29th St10003+NY4th Ave+10003'
-74.0003,40.6409,0,12,'NY48th St10003+NY9th Ave+10003'
-74.0003,40.6026,0,2,'NYBenson Ave10003|NYBenson Ave10003+NY20th Ave+10003'
-74.0003,40.6271,0,3,'NY13th Ave10003+NY63rd St+10003'
-74.0003,40.5729,0,2,'NYW 35th St10003+NYSurf Ave+10003'
-74.0003,40.8403,0,1,'NJMaple Ave10003+NJState Rte 5+10003'
-74.0003,40.5957,0,5,'NYShore Pkwy10003|NYShore Pkwy10003+NYBay Pkwy+10003|NYShore Pkwy10003+NY22nd Ave+10003'
-74.0003,40.6733,3,8,'NYCourt St10003+NYBush St+10003'
-74.0003,40.6740,3,27,'NYCentre St10003+NYHamilton Ave+10003|NYHamilton Ave10003+NYCentre Mall+10003'
-74.0003,40.7428,8876,6282,'NYW 19 St10003+NY8 Ave+10003|NYW 19 St10003+NY8th Ave+10003|NYW 19th St10003+NY8 Ave+10003|NYW 19th St10003+NY8th Ave+10003'
-74.0003,40.7176,1041,131,'NYCentre St10003+NYWalker St+10003'
-74.0003,40.7861,2,2,'NJFulton Ct10003'
-74.0003,40.5984,0,2,'NY21st Ln10003|NY21st Ln10003+NYCropsey Ave+10003'
-74.0002,40.7968,0,1,'NJ77th St10003+NJPark Ave+10003'
-74.0002,40.6445,2,49,'NY44th St10003+NY8th Ave+10003'
-74.0002,40.8111,0,1,'NJDesoto Pl10003|NJDesoto Pl10003+NJAnderson Ave+10003'
-74.0002,40.6169,0,1,'NY74th St10003+NY16th Ave+10003'
-74.0002,40.8447,0,11,'NJE Harwood Ave10003|NJE Harwood Ave10003+NJW Harwood Ave+10003|NJE Harwood Ave10003+NJBroad Ave+10003|NJW Harwood Ave10003|NJW Harwood Ave10003+NJBroad Ave+10003'
-74.0002,40.6918,33,41,'NYFurman St10003|NYFurman St10003+NYAtlantic Ave+10003'
-74.0002,40.7379,5141,4377,'NYW 13 St10003+NY7 Ave+10003|NYW 13 St10003+NY7th Ave+10003|NY7 Ave10003+NYW 13th St+10003|NY7th Ave10003+NYW 13th St+10003'
-74.0002,40.8556,3,2,'NJW Edsall Blvd10003'
-74.0002,40.6747,29,21,'NYGarnet St10003+NYHamilton Ave+10003'
-74.0002,40.6005,0,6,'NYBay 26th St10003+NYBath Ave+10003'
-74.0002,40.6131,0,6,'NY78th St10003+NY17th Ave+10003'
-74.0002,40.6618,1,16,'NY25th St10003|NY25th St10003+NY3rd Ave+10003'
-74.0001,40.8988,1,0,'NJW Englewood Ave10003|NJW Englewood Ave10003+NJTeaneck Rd+10003'
-74.0001,40.7162,39,178,'NYBayard St10003|NYBayard St10003+NYBaxter St+10003'
-74.0001,40.7583,340,270,'NY11 Ave10003|NY11 Ave10003+NYW 38th St+10003|NY11 Ave10003+NY11th Ave+10003|NYW 38th St10003|NYW 38th St10003+NY11th Ave+10003|NY11th Ave10003|NY11th Ave10003+NY11th Ave+10003'
-74.0001,40.7079,68,327,'NYDover St10003|NYDover St10003+NYSouth St+10003'
-74.0001,40.7304,6302,9349,'NYW 3rd St10003+NYWashington Sq W+10003|NYW 3rd St10003+NYMacdougal St+10003|NYWashington Sq W10003|NYWashington Sq W10003+NYMacdougal St+10003|NYWashington Sq W10003+NYW 3 St+10003|NYMacdougal St10003+NYW 3 St+10003'
-74.0001,40.7943,1,4,'NJ74th St10003|NJ74th St10003+NJBoulevard E+10003|NJBoulevard E10003'
-74.0001,40.8843,0,1,'NJBennett Rd10003|NJBennett Rd10003+NJSheffield Rd+10003|NJBennett Rd10003+NJCountry Club Dr+10003|NJSheffield Rd10003'
-74.0001,40.6672,1,0,'NY19th St10003'
-74.0001,40.7254,793,1255,'NYWooster St10003+NYPrince St+10003'
-74.0001,40.6480,0,109,'NY7th Ave10003+NY40th St+10003'
-74.0001,40.6737,1,21,'NYCourt St10003+NYHamilton Ave+10003'
-74.0001,40.7892,0,1,'NJRiver Rd10003|NJAnthony M de Fino Way10003'
-74.0001,40.6205,0,9,'NY70th St10003+NY15th Ave+10003'
-74.0001,40.7584,414,593,'NY11 Ave10003+NYI 495+10003|NY11 Ave10003+NYLincoln Tunl+10003|NYI 49510001+NY11th Ave+10001|NYLincoln Tunl10001+NY11th Ave+10001'
-74.0001,40.7329,8177,3394,'NY6th Ave10003+NYWaverly Pl+10003|NY6 Ave10003+NYWaverly Pl+10003|NYWaverly Pl10003+NYAve of the Americas+10003'
-74.0001,40.6784,323,461,'NY4th Pl10003+NYClinton St+10003'
-74.0001,40.6873,6,97,'NYHicks St10003+NYKane St+10003'
-74.0001,40.5983,0,6,'NYBay 28th St10003|NYBay 28th St10003+NYCropsey Ave+10003'
-74.0001,40.7879,0,2,'NJAvenue at Port Imperial Ave10003+NJBrower Ct+10003|NJBrower Ct10003'
-74.0000,40.6828,25,623,'NYHenry St10003+NYPresident St+10003'
-74.0000,40.5960,1,12,'NYBay Pkwy10003+NYShore Pkwy+10003|NYBay Pkwy10003+NYLeif Ericson Dr+10003|NYBay Pkwy10003+NYBelt Pkwy+10003|NYShore Pkwy10002+NY22nd Ave+10002|NYLeif Ericson Dr10002+NY22nd Ave+10002|NYBelt Pkwy10002+NY22nd Ave+10002'
-74.0000,40.5772,0,2,'NYW 33rd St10003+NYNeptune Ave+10003'
-74.0000,40.6941,21,58,'NYJoralemon St10003'
-74.0000,40.6274,0,12,'NY13th Ave10003+NYTabor Ct+10003|NYTabor Ct10003'
-74.0000,40.6029,0,12,'NYBenson Ave10003|NYBenson Ave10003+NY20th Ave+10003'
-74.0000,40.6094,0,7,'NYCristoforo Colombo Blvd10003+NY82nd St+10003|NY82nd St10003|NY82nd St10003+NY18th Ave+10003'
-74.0000,40.6343,0,1,'NY11th Ave10003+NY55th St+10003'
-74.0000,40.7880,0,3,'NJAvenue at Port Imperial Ave10003+NJHarbor Pl+10003|NJHarbor Pl10003'
-74.0000,40.6739,7,10,'NYCentre St10003+NYCourt St+10003|NYCentre St10003+NYI 278+10003|NYCourt St10003+NYI 278+10003|NYCourt St10003+NYCentre Mall+10003|NYI 27810001+NYCentre Mall+10001'
-74.0000,40.6873,0,32,'NYBrooklyn Queens Expy10001+NYKane St+10001|NYI 27810001+NYKane St+10001'
-74.0000,40.7180,3673,552,'NYCentre St10003+NYCanal St+10003'
-73.9999,40.6241,1,9,'NY14th Ave10003+NY66th St+10003'
-73.9999,40.7484,2813,2255,'NY9 Ave10003+NYW 26th St+10003|NY9th Ave10003+NYW 26th St+10003'
-73.9999,40.7165,69,490,'NYBaxter St10003+NYWhite St+10003|NYWhite St10003'
-73.9999,40.7269,9208,4742,'NYW Houston St10003+NYW Broadway+10003|NYW Houston St10003+NYLaguardia Pl+10003|NYW Broadway10003|NYW Broadway10003+NYLaguardia Pl+10003|NYLaguardia Pl10003'
-73.9999,40.6616,2,13,'NY3rd Ave10003+NY25th St+10003|NY25th St10003'
-73.9999,40.8182,1,0,'NJWestview Pl10003|NJWestview Pl10003+NJ9th St+10003'
-73.9999,40.6379,0,4,'NY51st St10003+NY10th Ave+10003'
-73.9999,40.7085,48,83,'NYBrooklyn Brg10002+NYSouth St+10002'
-73.9999,40.7204,1631,3493,'NYGrand St10003+NYCrosby St+10003'
-73.9999,40.7895,0,1,'NJLydia Dr10003|NJLydia Dr10003+NJHillside Rd+10003|NJLydia Dr10003+NJRiver Rd+10003'
-73.9999,40.6850,14,269,'NYDegraw St10003+NYCheever Pl+10003|NYCheever Pl10003'
-73.9999,40.6873,2,38,'NYBrooklyn Queens Expy10001+NYKane St+10001'
-73.9999,40.8763,0,1,'NJBryant Ave10003|NJBryant Ave10003+NJFycke Ln+10003'
-73.9999,40.7218,3139,2144,'NYBroome St10003+NYBroadway+10003'
-73.9998,40.7434,6272,4270,'NY8 Ave10003+NYW 20th St+10003|NY8th Ave10003+NYW 20th St+10003'
-73.9998,40.7192,1685,3344,'NYLafayette St10003+NYHoward St+10003'
-73.9998,40.7895,0,15,'NJHillside Rd10003+NJFerry Rd+10003|NJFerry Rd10003|NJFerry Rd10003+NJRiver Rd+10003'
-73.9998,40.6552,2,53,'NY32nd St10003|NY32nd St10003+NY5th Ave+10003'
-73.9998,40.6065,0,16,'NY19th Ave10003+NY85th St+10003'
-73.9998,40.6742,26,15,'NYCourt St10003+NYHamilton Ave+10003'
-73.9998,40.6369,0,2,'NY52nd St10003+NYFort Hamilton Pkwy+10003'
-73.9998,40.7974,0,3,'NJPark Ave10003+NJ78th St+10003'
-73.9998,40.6588,4,16,'NY4th Ave10003+NY28th St+10003'
-73.9998,40.6415,0,15,'NY47th St10003+NY9th Ave+10003'
-73.9997,40.6880,13,173,'NYHicks St10003+NYBaltic St+10003|NYBaltic St10003'
-73.9997,40.6277,0,10,'NY62nd St10003+NY13th Ave+10003'
-73.9997,40.6835,168,956,'NYHenry St10003+NYUnion St+10003'
-73.9997,40.7517,130,230,'NYLincoln Tunnel Expy10001|NYLincoln Tunnel Expy10001+NYW 30th St+10001|NYLincoln Tunnel Expy10001+NYW 30 St+10001|NYW 30th St10003+NYI 495+10003|NYW 30 St10003+NYI 495+10003|NYI 49510001'
-73.9997,40.6055,2,1,'NYBay 22nd St10003|NYBay 22nd St10003+NY86th St+10003'
-73.9997,40.6731,7,10,'NYHamilton Ave10003+NYBush St+10003|NYBush St10003'
-73.9997,40.7118,321,291,'NYMadison St10003+NYSaint James Pl+10003'
-73.9997,40.7589,169,116,'NY11 Ave10003+NYW 39th St+10003|NY11 Ave10003+NYW 39 St+10003|NYW 39th St10003|NYW 39th St10003+NYW 39th St+10003|NYW 39th St10003+NYW 39 St+10003|NYW 39th St10003+NY11th Ave+10003|NYW 39 St10003|NYW 39 St10003+NY11th Ave+10003'
-73.9997,40.6872,41,152,'NYHicks St10003+NYKane St+10003'
-73.9997,40.7631,295,362,'NYW 44th St10003|NYW 44th St10003+NY12th Ave+10003|NYW 44th St10003+NYState Rte 9a+10003|NYW 44th St10003+NYWest St+10003'
-73.9997,40.8080,0,1,'NJFulton Ave10003|NJFulton Ave10003+NJWoodcliff Ave+10003'
-73.9997,40.7386,10928,9134,'NY7 Ave10003+NYW 14th St+10003|NY7 Ave10003+NYW 14 St+10003|NYW 14th St10003+NY7th Ave+10003|NY7th Ave10003+NYW 14 St+10003'
-73.9997,40.7284,8226,8880,'NYThompson St10003+NYBleecker St+10003'
-73.9997,40.6792,252,313,'NY3rd Pl10003+NYClinton St+10003'
-73.9997,40.6746,34,119,'NYCourt St10003+NYGarnet St+10003'
-73.9997,40.6716,0,2,'NYCreamer St10003+NYSmith St+10003'
-73.9997,40.7341,4502,5125,'NYChristopher St10003|NYChristopher St10003+NYVillage Sq+10003|NYChristopher St10003+NYGreenwich Ave+10003|NYChristopher St10003+NYChristopher St+10003|NYVillage Sq10003|NYVillage Sq10003+NYGreenwich Ave+10003|NYVillage Sq10003+NYChristopher St+10003|NYGreenwich Ave10003+NYChristopher St+10003'
-73.9996,40.6917,23,44,'NYAtlantic Ave10003+NYColumbia St+10003|NYColumbia St10003'
-73.9996,40.7539,1554,1030,'NYW 33rd St10003+NY10th Ave+10003|NYW 33rd St10003+NY10 Ave+10003|NYW 33 St10003+NY10th Ave+10003|NYW 33 St10003+NY10 Ave+10003'
-73.9996,40.6450,0,41,'NY8th Ave10003+NY43rd St+10003'
-73.9996,40.9006,0,2,'NJWestervelt Pl10003|NJWestervelt Pl10003+NJTeaneck Rd+10003'
-73.9996,40.6738,29,10,'NYCentre St10003+NYHamilton Ave+10003|NYCentre Mall10003+NYHamilton Ave+10003'
-73.9996,40.7590,185,124,'NY11 Ave10003+NYLincoln Tunl+10003|NY11 Ave10003+NYI 495+10003|NYLincoln Tunl10001+NY11th Ave+10001|NYI 49510001+NY11th Ave+10001'
-73.9996,40.6175,0,3,'NY73rd St10003+NY16th Ave+10003'
-73.9996,40.7234,1196,1711,'NYSpring St10003+NYMercer St+10003'
-73.9996,40.7310,2092,3471,'NYW 4 St10003|NYW 4 St10003+NYMacdougal St+10003|NYW 4 St10003+NYWashington Sq W+10003|NYW 4 St10003+NYWashington Sq S+10003|NYMacdougal St10003|NYMacdougal St10003+NYWashington Sq W+10003|NYMacdougal St10003+NYWashington Sq S+10003|NYMacdougal St10003+NYW 4th St+10003|NYWashington Sq W10003|NYWashington Sq W10003+NYWashington Sq S+10003|NYWashington Sq W10003+NYW 4th St+10003|NYWashington Sq S10003|NYWashington Sq S10003+NYW 4th St+10003|NYW 4th St10003'
-73.9996,40.7145,329,1176,'NYMosco St10003+NYMulberry St+10003'
-73.9996,40.6137,1,11,'NY77th St10003+NY17th Ave+10003'
-73.9996,40.6313,0,7,'NY12th Ave10003+NY58th St+10003'
-73.9996,40.7139,403,775,'NYWorth St10003+NYMulberry St+10003|NYMulberry St10003'
-73.9996,40.7336,9189,3198,'NY6th Ave10003+NYGreenwich Ave+10003|NY6th Ave10003+NYW 8th St+10003|NY6th Ave10003+NYW 8 St+10003|NY6 Ave10003+NYGreenwich Ave+10003|NY6 Ave10003+NYW 8th St+10003|NY6 Ave10003+NYW 8 St+10003|NYAve of the Americas10003+NYGreenwich Ave+10003|NYAve of the Americas10003+NYW 8th St+10003|NYAve of the Americas10003+NYW 8 St+10003|NYGreenwich Ave10003|NYGreenwich Ave10003+NYW 8th St+10003|NYGreenwich Ave10003+NYW 8 St+10003|NYW 8th St10003|NYW 8 St10003'
-73.9995,40.7083,60,147,'NYS Street Viaduct10002+NYBrooklyn Brg+10002|NYBrooklyn Brg10002+NYF D R Dr+10002'
-73.9995,40.9010,0,1,'NJState St10003|NJState St10003+NJTeaneck Rd+10003'
-73.9995,40.6486,1,122,'NY7th Ave10003+NY39th St+10003'
-73.9995,40.7885,0,2,'NJAvenue at Port Imperial Ave10003+NJPrice Ct+10003|NJPrice Ct10003'
-73.9995,40.6210,0,20,'NY69th St10003+NY15th Ave+10003|NYBay Ridge Ave10003+NY15th Ave+10003'
-73.9995,40.8297,1,1,'NJE Edgewater Ave10003+NJChestnut St+10003'
-73.9995,40.6000,1,11,'NY21st Ave10003+NYBath Ave+10003'
-73.9995,40.6099,1,11,'NYCristoforo Colombo Blvd10003+NY81st St+10003|NY18th Ave10003+NY81st St+10003'
-73.9994,40.7173,139,285,'NYWalker St10003+NYBaxter St+10003'
-73.9994,40.7878,0,1,'NJHarbor Pl10003|NJHarbor Pl10003+NJHarbor Pl+10003'
-73.9994,40.6349,0,6,'NY54th St10003+NY11th Ave+10003'
-73.9994,40.6886,3,175,'NYHicks St10003+NYWarren St+10003|NYWarren St10003'
-73.9994,40.6176,1,1,'NY16th Ave10003+NYNew Utrecht Ave+10003'
-73.9994,40.7522,247,318,'NYW 31st St10003+NYLincoln Tunnel Expy+10003|NYW 31st St10003+NYI 495+10003|NYLincoln Tunnel Expy10001+NYW 31 St+10001|NYW 31 St10003+NYI 495+10003'
-73.9994,40.7187,1065,192,'NYCentre St10003+NYHester St+10003|NYHester St10003'
-73.9994,40.7440,5309,6785,'NYW 21 St10003+NY8 Ave+10003|NYW 21 St10003+NY8th Ave+10003|NY8 Ave10003+NYW 21st St+10003|NY8th Ave10003+NYW 21st St+10003'
-73.9994,40.6879,6,46,'NYBaltic St10003|NYBaltic St10003+NYHicks St+10003'
-73.9994,40.5966,0,22,'NYBay Pkwy10003+NYBayview Pl+10003|NYBayview Pl10003|NYBayview Pl10003+NY22nd Ave+10003'
-73.9994,40.5978,0,3,'NYBay 29th St10003|NYBay 29th St10003+NYCropsey Ave+10003'
-73.9994,40.7301,2764,3047,'NYW 3rd St10003+NYSullivan St+10003|NYSullivan St10003+NYW 3 St+10003'
-73.9994,40.7352,276,467,'NYPatchin Pl10003'
-73.9994,40.6752,99,456,'NYCourt St10003+NYW 9th St+10003'
-73.9993,40.6723,1,1,'NYSmith St10003+NYLorraine St+10003'
-73.9993,40.7250,2033,1124,'NYPrince St10003+NYGreene St+10003'
-73.9993,40.6916,35,46,'NYBrooklyn Queens Expy10001+NYAtlantic Ave+10001|NYI 27810001+NYAtlantic Ave+10001'
-73.9993,40.6622,1,33,'NY3rd Ave10003+NY24th St+10003|NY24th St10003'
-73.9993,40.6631,0,1,'NY23rd St10003'
-73.9993,40.6247,4,19,'NY14th Ave10003+NY65th St+10003'
-73.9993,40.7159,266,343,'NYBayard St10003+NYMulberry St+10003'
-73.9993,40.7176,2056,564,'NYBaxter St10003+NYCanal St+10003'
-73.9993,40.6385,0,14,'NY50th St10003+NY10th Ave+10003'
-73.9993,40.6724,1,9,'NYHamilton Ave10003+NYSmith St+10003|NYSmith St10003'
-73.9993,40.6025,0,14,'NYBenson Ave10003+NYBay 25th St+10003'
-73.9993,40.6801,303,510,'NY2nd Pl10003+NYClinton St+10003'
-73.9993,40.6557,2,21,'NY5th Ave10003+NY31st St+10003|NY31st St10003'
-73.9993,40.7595,602,274,'NY11 Ave10003+NYW 40th St+10003|NY11 Ave10003+NYW 40 St+10003|NYW 40th St10003+NY11th Ave+10003|NYW 40 St10003+NY11th Ave+10003'
-73.9993,40.6562,2,19,'NYWoodrow Ct10003'
-73.9992,40.6071,0,11,'NY19th Ave10003+NY84th St+10003'
-73.9992,40.7189,1095,251,'NYCentre St10003+NYHoward St+10003|NYHoward St10003'
-73.9992,40.7348,1909,885,'NYPatchin Pl10003'
-73.9992,40.6939,165,1635,'NYJoralemon St10003+NYFurman St+10003'
-73.9992,40.7341,11635,7326,'NY6th Ave10003+NYChristopher St+10003|NY6th Ave10003+NYW 9th St+10003|NY6th Ave10003+NYVillage Sq+10003|NY6th Ave10003+NYW 9 St+10003|NY6 Ave10003+NYChristopher St+10003|NY6 Ave10003+NYW 9th St+10003|NY6 Ave10003+NYVillage Sq+10003|NY6 Ave10003+NYW 9 St+10003|NYAve of the Americas10003+NYChristopher St+10003|NYAve of the Americas10003+NYW 9th St+10003|NYAve of the Americas10003+NYVillage Sq+10003|NYAve of the Americas10003+NYW 9 St+10003|NYChristopher St10003|NYChristopher St10003+NYW 9th St+10003|NYChristopher St10003+NYVillage Sq+10003|NYChristopher St10003+NYW 9 St+10003|NYW 9th St10003|NYW 9th St10003+NYVillage Sq+10003|NYVillage Sq10003|NYVillage Sq10003+NYW 9 St+10003|NYW 9 St10003'
-73.9992,40.7392,4444,6748,'NY7 Ave10003+NYW 15 St+10003|NY7 Ave10003+NYW 15th St+10003|NY7th Ave10003+NYW 15 St+10003|NY7th Ave10003+NYW 15th St+10003'
-73.9992,40.6594,12,71,'NY4th Ave10003+NY27th St+10003'
-73.9992,40.6420,0,28,'NY9th Ave10003+NY46th St+10003'
-73.9992,40.6722,2,7,'NYHamilton Ave10003+NYLorraine St+10003|NYLorraine St10003'
-73.9992,40.6730,25,23,'NYBush St10003|NYBush St10003+NYHamilton Ave+10003'
-73.9992,40.8492,0,1,'NJW Central Blvd10003+NJHighland Ave+10003'
-73.9992,40.7898,0,2,'NJAbbie Ct10003'
-73.9991,40.6283,1,2,'NY13th Ave10003+NY61st St+10003'
-73.9991,40.7546,3138,1671,'NYW 34th St10003+NY10th Ave+10003|NYW 34th St10003+NY10 Ave+10003'
-73.9991,40.6939,17,226,'NYJoralemon St10003+NYBrooklyn Queens Expy+10003|NYJoralemon St10003+NYI 278+10003'
-73.9991,40.6916,58,80,'NYBrooklyn Queens Expy10001+NYAtlantic Ave+10001'
-73.9991,40.7087,61,261,'NYRobert F Wagner Sr Pl10003|NYRobert F Wagner Sr Pl10003+NYSouth St+10003'
-73.9991,40.6893,11,168,'NYHicks St10003|NYHicks St10003+NYCongress St+10003'
-73.9991,40.6962,1,4,'NYMontague St10003'
-73.9991,40.7265,1715,1728,'NYWooster St10003|NYWooster St10003+NYW Houston St+10003'
-73.9991,40.7316,688,2099,'NYW Washington Pl10003|NYW Washington Pl10003+NYWashington Sq W+10003'
-73.9991,40.7881,0,1,'NJHarbor Pl10003'
-73.9991,40.7637,219,418,'NYW 45 St10003|NYW 45 St10003+NY12th Ave+10003|NYW 45 St10003+NYState Rte 9a+10003|NYW 45 St10003+NYWest St+10003|NY12th Ave10002+NYW 45th St+10002|NYState Rte 9a10002+NYW 45th St+10002|NYWest St10002+NYW 45th St+10002|NYW 45th St10003'
-73.9991,40.6374,1,4,'NY51st St10003+NYFort Hamilton Pkwy+10003'
-73.9991,40.6848,53,1489,'NYHenry St10003+NYDegraw St+10003'
-73.9991,40.6939,31,308,'NYBrooklyn Queens Expy10001+NYJoralemon St+10001'
-73.9991,40.8093,0,2,'NJHudson Pl10003+NJShaler Ave+10003|NJShaler Ave10003'
-73.9991,40.6885,14,87,'NYWarren St10003|NYWarren St10003+NYHicks St+10003'
-73.9991,40.7200,2262,3140,'NYLafayette St10003+NYGrand St+10003'
-73.9990,40.6456,1,52,'NY8th Ave10003+NY42nd St+10003'
-73.9990,40.6758,103,766,'NYCourt St10003+NYHuntington St+10003'
-73.9990,40.7496,2102,1588,'NYW 28th St10003+NY9 Ave+10003|NYW 28th St10003+NY9th Ave+10003|NY9 Ave10003+NYW 28 St+10003|NYW 28 St10003+NY9th Ave+10003'
-73.9990,40.7214,1427,919,'NYBroome St10003+NYCrosby St+10003'
-73.9990,40.5721,1,2,'NYW 33rd St10003+NYSea Pl+10003|NYSea Pl10003'
-73.9990,40.6180,0,12,'NY72nd St10003+NY16th Ave+10003'
-73.9990,40.8093,0,6,'NJHeindel Pl10003|NJHeindel Pl10003+NJHudson Pl+10003'
-73.9990,40.6714,7,7,'NYCreamer St10003'
-73.9990,40.8155,0,2,'NJRoosevelt St10003|NJRoosevelt St10003+NJ6th St+10003'
-73.9990,40.7134,371,403,'NYJames St10003|NYJames St10003+NYPark Row+10003'
-73.9990,40.6142,0,20,'NY76th St10003+NY17th Ave+10003'
-73.9990,40.6629,0,32,'NY23rd St10003|NY23rd St10003+NY3rd Ave+10003'
-73.9990,40.6051,2,9,'NYBay 23rd St10003|NYBay 23rd St10003+NY86th St+10003'
-73.9990,40.5774,0,3,'NYNeptune Ave10003+NYW 32nd St+10003|NYW 32nd St10003'
-73.9990,40.6923,67,283,'NYState St10003|NYState St10003+NYColumbia Pl+10003|NYColumbia Pl10003'
-73.9990,40.6565,1,19,'NYRoosevelt Ct10003|NYRoosevelt Ct10003+NY30th St+10003|NYRoosevelt Ct10003+NYWoodrow Ct+10003|NY30th St10003+NYWoodrow Ct+10003|NYWoodrow Ct10003'
-73.9990,40.6319,0,6,'NY12th Ave10003+NY57th St+10003'
-73.9990,40.7446,6220,5369,'NY8 Ave10003+NYW 22 St+10003|NY8 Ave10003+NYW 22nd St+10003|NY8th Ave10003+NYW 22 St+10003|NY8th Ave10003+NYW 22nd St+10003'
-73.9990,40.6892,2,16,'NYBrooklyn Queens Expy10001+NYCongress St+10001|NYI 27810001+NYCongress St+10001'
-73.9990,40.7281,6605,5476,'NYBleecker St10003+NYLaguardia Pl+10003'
-73.9990,40.6216,0,15,'NYOvington Ave10003+NY15th Ave+10003|NY68th St10003+NY15th Ave+10003'
-73.9989,40.6869,24,420,'NYCheever Pl10003|NYCheever Pl10003+NYKane St+10003'
-73.9989,40.9660,0,1,'NJContant Ave10009|NJContant Ave10009+NJHaworth Dr+10009|NJHaworth Dr10003'
-73.9989,40.7126,162,296,'NYJames St10003+NYSaint James Pl+10003'
-73.9989,40.7892,0,2,'NJAvenue at Port Imperial Ave10003|NJAvenue at Port Imperial Ave10003+NJLydia Dr+10003'
-73.9989,40.6105,1,15,'NYCristoforo Colombo Blvd10003+NY80th St+10003|NY18th Ave10003+NY80th St+10003'
-73.9989,40.6809,391,373,'NY1st Pl10003+NYClinton St+10003'
-73.9989,40.6946,4,65,'NYFurman St10003+NYGrace Ct+10003|NYGrace Ct10003'
-73.9989,40.6892,5,16,'NYBrooklyn Queens Expy10001+NYCongress St+10001'
-73.9989,40.7150,112,526,'NYMott St10003+NYPell St+10003|NYPell St10003'
-73.9989,40.7352,162,409,'NYMilligan Pl10003'
-73.9989,40.6354,0,4,'NY11th Ave10003+NY53rd St+10003'
-73.9988,40.6725,8,7,'NYSmith St10003|NYSmith St10003+NYHamilton Ave+10003'
-73.9988,40.7307,510,469,'NYWashington Sq S10003+NYSullivan St+10003|NYSullivan St10003'
-73.9988,40.9176,0,2,'NJMcDermott Pl10003|NJMcDermott Pl10003+NJMiller St+10003'
-73.9988,40.7230,4731,4356,'NYSpring St10003+NYBroadway+10003'
-73.9988,40.8394,2,2,'NJMaple Ave10003+NJAbbott Ave+10003'
-73.9988,40.7145,269,525,'NYMosco St10003'
-73.9988,40.7602,3397,5062,'NY11 Ave10003+NYW 41st St+10003|NYW 41st St10003+NY11th Ave+10003'
-73.9988,40.7903,0,6,'NJLydia Dr10003'
-73.9988,40.9038,0,3,'NJWashington Pl10003|NJWashington Pl10003+NJTeaneck Rd+10003'
-73.9988,40.7184,151,458,'NYHester St10003+NYBaxter St+10003'
-73.9987,40.5995,0,9,'NYBay 28th St10003+NYBath Ave+10003'
-73.9987,40.6892,26,75,'NYCongress St10003+NYHicks St+10003'
-73.9987,40.6627,3,111,'NY3rd Ave10003+NY23rd St+10003|NY23rd St10003'
-73.9987,40.6876,2,11,'NYBaltic St10003+NYWarren Pl+10003|NYWarren Pl10003'
-73.9987,40.6765,73,419,'NYCourt St10003+NYNelson St+10003'
-73.9987,40.6390,4,47,'NY10th Ave10003+NY49th St+10003'
-73.9987,40.6946,11,272,'NYBrooklyn Queens Expy10001|NYBrooklyn Queens Expy10001+NYBrooklyn Queens Expy+10001|NYBrooklyn Queens Expy10001+NYI 278+10001|NYBrooklyn Queens Expy10001+NYGrace Ct+10001|NYI 27810001|NYI 27810001+NYGrace Ct+10001|NYI 27810001+NYI 278+10001'
-73.9987,40.8992,0,1,'NJArgonne Ct10003|NJArgonne Ct10003+NJBeveridge St+10003'
-73.9987,40.7348,6823,2276,'NY6th Ave10003+NYW 10th St+10003|NY6th Ave10003+NYW 10 St+10003|NYW 10th St10003+NY6 Ave+10003|NYW 10th St10003+NYAve of the Americas+10003|NY6 Ave10003+NYW 10 St+10003|NYAve of the Americas10003+NYW 10 St+10003'
-73.9987,40.7399,4330,5658,'NY7 Ave10003+NYW 16 St+10003|NY7 Ave10003+NYW 16th St+10003|NY7th Ave10003+NYW 16 St+10003|NY7th Ave10003+NYW 16th St+10003'
-73.9987,40.6253,0,9,'NY64th St10003+NY14th Ave+10003'
-73.9987,40.6568,0,44,'NYRoosevelt Ct10003'
-73.9987,40.6728,10,4,'NYSmith St10003+NYBush St+10003|NYBush St10003'
-73.9987,40.7119,36,241,'NYJames St10003|NYJames St10003+NYMadison St+10003'
-73.9987,40.5973,4,22,'NYBay Pkwy10003+NYCropsey Ave+10003|NY22nd Ave10003+NYCropsey Ave+10003'
-73.9987,40.6563,0,17,'NY5th Ave10003+NY30th St+10003|NY30th St10003'
-73.9987,40.6077,0,26,'NY19th Ave10003+NY83rd St+10003'
-73.9987,40.7553,862,1176,'NYW 35th St10003+NY10th Ave+10003|NYW 35th St10003+NY10 Ave+10003|NY10th Ave10003+NYW 35 St+10003|NY10 Ave10003+NYW 35 St+10003'
-73.9986,40.7643,1157,3371,'NYW 46 St10003|NYW 46 St10003+NY12th Ave+10003|NYW 46 St10003+NYState Rte 9a+10003|NYW 46 St10003+NYWest St+10003|NY12th Ave10002+NYW 46th St+10002|NYState Rte 9a10002+NYW 46th St+10002|NYWest St10002+NYW 46th St+10002|NYW 46th St10003'
-73.9986,40.7322,2312,4254,'NYWashington Sq N10003|NYWashington Sq N10003+NYMac Dougal St+10003|NYWashington Sq N10003+NYWaverly Pl+10003|NYWashington Sq N10003+NYWashington Sq W+10003|NYMac Dougal St10003|NYMac Dougal St10003+NYWaverly Pl+10003|NYMac Dougal St10003+NYWashington Sq W+10003|NYWaverly Pl10003|NYWaverly Pl10003+NYWashington Sq W+10003|NYWashington Sq W10003'
-73.9986,40.7890,0,1,'NJLydia Dr10003|NJLydia Dr10003+NJLydia Dr+10003'
-73.9986,40.7297,3564,5572,'NYW 3rd St10003+NYThompson St+10003|NYThompson St10003+NYW 3 St+10003'
-73.9986,40.7535,110,160,'NYW 33rd St10003+NYLincoln Tunnel Expy+10003|NYW 33rd St10003+NYI 495+10003|NYW 33 St10003+NYLincoln Tunnel Expy+10003|NYW 33 St10003+NYI 495+10003'
-73.9986,40.6599,25,138,'NY26th St10003+NY4th Ave+10003'
-73.9986,40.7944,2,7,'NJ75th St10003'
-73.9986,40.6426,0,4,'NY9th Ave10003+NY45th St+10003'
-73.9986,40.7502,1572,2340,'NY9 Ave10003+NYW 29th St+10003|NY9th Ave10003+NYW 29th St+10003'
-73.9986,40.7171,5952,2189,'NYWalker St10003|NYWalker St10003+NYCanal St+10003|NYWalker St10003+NYMulberry St+10003'
-73.9986,40.7246,6483,4299,'NYPrince St10003+NYMercer St+10003'
-73.9986,40.7952,0,1,'NJ76th St10003|NJ76th St10003+NJCo Rd 693+10003'
-73.9986,40.6020,0,9,'NYBenson Ave10003+NYBay 26th St+10003'
-73.9986,40.8469,0,1,'NJBrinkerhoff Ter10003|NJBrinkerhoff Ter10003+NJE Brinkerhoff Ave+10003|NJBrinkerhoff Ter10003+NJBroad Ave+10003|NJE Brinkerhoff Ave10003|NJE Brinkerhoff Ave10003+NJBroad Ave+10003'
-73.9986,40.5751,0,11,'NYW 32nd St10003+NYMermaid Ave+10003'
-73.9986,40.7350,3015,1347,'NY6th Ave10003+NYMilligan Pl+10003|NY6 Ave10003+NYMilligan Pl+10003|NYAve of the Americas10003+NYMilligan Pl+10003|NYMilligan Pl10003'
-73.9986,40.8160,0,5,'NJDelano Pl10003|NJDelano Pl10003+NJ6th St+10003'
-73.9985,40.6288,3,5,'NY60th St10003+NY13th Ave+10003'
-73.9985,40.7134,1201,488,'NYMott St10003|NYMott St10003+NYChatham Sq+10003|NYMott St10003+NYPark Row+10003|NYMott St10003+NYWorth St+10003|NYChatham Sq10003|NYChatham Sq10003+NYPark Row+10003|NYChatham Sq10003+NYWorth St+10003|NYPark Row10003|NYPark Row10003+NYWorth St+10003'
-73.9985,40.7198,4195,1506,'NYCentre St10003+NYGrand St+10003'
-73.9985,40.7960,0,3,'NJ77th St10003|NJ77th St10003+NJCo Rd 693+10003'
-73.9985,40.6953,7,28,'NYFurman St10003+NYRemsen St+10003|NYRemsen St10003'
-73.9985,40.6816,370,282,'NYCarroll St10003+NYClinton St+10003'
-73.9985,40.8291,0,1,'NJE Edgewater Ave10003|NJE Edgewater Ave10003+NJE Art Ave+10003|NJE Edgewater Ave10003+NJOak St+10003|NJE Art Ave10003|NJE Art Ave10003+NJOak St+10003|NJOak St10003'
-73.9985,40.7156,401,933,'NYMott St10003+NYBayard St+10003'
-73.9985,40.7453,13196,8420,'NY8 Ave10003+NYW 23rd St+10003|NY8th Ave10003+NYW 23rd St+10003'
-73.9985,40.5747,0,4,'NYW 32nd St10003'
-73.9985,40.6462,1,18,'NY8th Ave10003+NY41st St+10003'
-73.9985,40.6186,2,7,'NY71st St10003+NY16th Ave+10003'
-73.9985,40.7993,1,0,'NJPark Dr10003|NJPark Dr10003+NJPark Dr+10003'
-73.9984,40.6771,271,536,'NYCourt St10003+NYLuquer St+10003'
-73.9984,40.6634,0,24,'NY22nd St10003|NY22nd St10003+NY3rd Ave+10003'
-73.9984,40.6899,30,76,'NYAmity St10003|NYAmity St10003+NYHicks St+10003'
-73.9984,40.8104,0,9,'NJDesoto Pl10003+NJShaler Ave+10003'
-73.9984,40.6953,5,16,'NYBrooklyn Queens Expy10001+NYRemsen St+10001|NYI 27810001+NYRemsen St+10001'
-73.9984,40.6324,0,5,'NY56th St10003+NY12th Ave+10003'
-73.9984,40.6213,0,11,'NYOvington Ave10003|NYOvington Ave10003+NYNew Utrecht Ave+10003'
-73.9984,40.6735,9,19,'NYCentre St10003+NYSmith St+10003|NYCentre St10003+NYCenter Mall+10003|NYSmith St10003+NYCenter Mall+10003|NYSmith St10003+NYCentre Mall+10003|NYCenter Mall10003|NYCenter Mall10003+NYCentre Mall+10003|NYCentre Mall10003'
-73.9984,40.6148,0,15,'NY75th St10003+NY17th Ave+10003|NYBay Ridge Pkwy10003+NY17th Ave+10003'
-73.9984,40.6379,0,14,'NY50th St10003+NYFort Hamilton Pkwy+10003'
-73.9984,40.8428,2,2,'NJE Edsall10003+NJRoff Ave+10003'
-73.9984,40.6883,4,220,'NYWarren St10003+NYWarren Pl+10003|NYWarren Pl10003'
-73.9984,40.7262,2447,1303,'NYW Houston St10003+NYGreene St+10003|NYGreene St10003'
-73.9983,40.6921,12,174,'NYWillow Pl10003|NYWillow Pl10003+NYState St+10003'
-73.9983,40.6222,0,3,'NY67th St10003|NY67th St10003+NY15th Ave+10003'
-73.9983,40.7894,0,6,'NJAbbie Ct10003|NJAbbie Ct10003+NJLydia Dr+10003'
-73.9983,40.9099,0,1,'NJLerome Pl10003|NJLerome Pl10003+NJWard Plz+10003|NJLerome Pl10003+NJTeaneck Rd+10003|NJWard Plz10003|NJWard Plz10003+NJTeaneck Rd+10003'
-73.9983,40.5956,0,1,'NYBayview Pl10003'
-73.9983,40.7608,9373,14681,'NY11 Ave10003+NYW 42nd St+10003|NYW 42nd St10003+NY11th Ave+10003'
-73.9983,40.6111,0,10,'NYCristoforo Colombo Blvd10003+NY79th St+10003|NY18th Ave10003+NY79th St+10003'
-73.9983,40.6937,39,574,'NYJoralemon St10003+NYColumbia Pl+10003|NYColumbia Pl10003'
-73.9983,40.7405,4486,5940,'NYW 17th St10003+NY7 Ave+10003|NYW 17th St10003+NY7th Ave+10003|NY7 Ave10003+NYW 17 St+10003|NY7th Ave10003+NYW 17 St+10003'
-73.9983,40.8063,0,1,'NJNew York Ave10003|NJNew York Ave10003+NJWoodcliff Ave+10003'
-73.9983,40.7326,198,437,'NYMac Dougal St10003+NYMacdougal Aly+10003|NYMacdougal Aly10003'
-73.9983,40.8400,0,2,'NJE Harriet Ave10003+NJAbbott Ave+10003'
-73.9983,40.7354,4913,3369,'NY6th Ave10003+NYW 11th St+10003|NY6th Ave10003+NYW 11 St+10003|NYW 11th St10003+NY6 Ave+10003|NYW 11th St10003+NYAve of the Americas+10003|NYW 11 St10003+NY6 Ave+10003|NYW 11 St10003+NYAve of the Americas+10003'
-73.9983,40.6360,0,6,'NY11th Ave10003+NY52nd St+10003'
-73.9983,40.6959,6,26,'NYFurman St10003+NYMontague St+10003'
-73.9983,40.6046,5,12,'NY20th Ave10003+NY86th St+10003'
-73.9983,40.8047,3,2,'NJPark Dr10003'
-73.9982,40.7542,347,980,'NYW 34th St10003+NYLincoln Tunnel Expy+10003|NYW 34th St10003+NYI 495+10003'
-73.9982,40.7559,1813,2656,'NY10th Ave10003+NYW 36 St+10003|NY10th Ave10003+NYW 36th St+10003|NYW 36 St10003+NY10 Ave+10003|NY10 Ave10003+NYW 36th St+10003'
-73.9982,40.5733,0,6,'NYW 32nd St10003'
-73.9982,40.8164,0,2,'NJKamena St10003+NJ6th St+10003'
-73.9982,40.7211,1581,1162,'NYLafayette St10003+NYBroome St+10003'
-73.9982,40.6823,316,569,'NYPresident St10003+NYClinton St+10003'
-73.9982,40.6867,62,902,'NYHenry St10003+NYKane St+10003'
-73.9982,40.7649,156,218,'NYW 47 St10003|NYW 47 St10003+NY12th Ave+10003|NYW 47 St10003+NYState Rte 9a+10003|NYW 47 St10003+NYWest St+10003|NYW 47th St10003|NYW 47th St10003+NY12th Ave+10003|NYW 47th St10003+NYState Rte 9a+10003|NYW 47th St10003+NYWest St+10003'
-73.9982,40.7133,593,210,'NYChatham Sq10003|NYChatham Sq10003+NYSt James Pl+10003|NYChatham Sq10003+NYOliver St+10003|NYChatham Sq10003+NYSaint James Pl+10003|NYSt James Pl10003|NYSt James Pl10003+NYOliver St+10003|NYSt James Pl10003+NYSaint James Pl+10003|NYOliver St10003|NYOliver St10003+NYSaint James Pl+10003|NYSaint James Pl10003'
-73.9982,40.6846,21,504,'NYStrong Pl10003|NYStrong Pl10003+NYDegraw St+10003'
-73.9981,40.6396,3,22,'NY48th St10003+NY10th Ave+10003'
-73.9981,40.6959,6,12,'NYBrooklyn Queens Expy10001+NYMontague St+10001|NYI 27810001+NYMontague St+10001'
-73.9981,40.6633,3,89,'NY3rd Ave10003+NY22nd St+10003|NY22nd St10003'
-73.9981,40.7509,2851,3083,'NY9 Ave10003+NYW 30th St+10003|NY9 Ave10003+NYW 30 St+10003|NYW 30th St10003+NY9th Ave+10003|NYW 30 St10003+NY9th Ave+10003'
-73.9981,40.6258,2,3,'NY63rd St10003+NY14th Ave+10003'
-73.9981,40.6569,2,25,'NY29th St10003|NY29th St10003+NY5th Ave+10003'
-73.9981,40.6905,26,18,'NYPacific St10003|NYPacific St10003+NYHicks St+10003'
-73.9981,40.6082,0,10,'NY19th Ave10003+NY82nd St+10003'
-73.9981,40.7134,870,434,'NYChatham Sq10003|NYChatham Sq10003+NYSt James Pl+10003|NYChatham Sq10003+NYE Broadway+10003|NYChatham Sq10003+NYWorth St+10003|NYSt James Pl10003|NYSt James Pl10003+NYSt James Pl+10003|NYSt James Pl10003+NYE Broadway+10003|NYSt James Pl10003+NYWorth St+10003|NYE Broadway10003|NYE Broadway10003+NYWorth St+10003|NYWorth St10003'
-73.9981,40.6741,10,86,'NYMill St10003|NYMill St10003+NYSmith St+10003|NYMill St10003+NYGarnet St+10003|NYSmith St10003+NYGarnet St+10003|NYGarnet St10003'
-73.9981,40.7974,0,3,'NJ79th St10003|NJ79th St10003+NJCo Rd 693+10003'
-73.9981,40.7303,757,821,'NYThompson St10003|NYThompson St10003+NYWashington Sq S+10003'
-73.9981,40.5991,1,12,'NYBay 29th St10003+NYBath Ave+10003'
-73.9981,40.6779,243,877,'NYCourt St10003+NY4th Pl+10003'
-73.9981,40.7196,851,1860,'NYCentre Market Pl10003|NYCentre Market Pl10003+NYGrand St+10003|NYCentre Market Pl10003+NYBaxter St+10003|NYGrand St10003+NYBaxter St+10003|NYBaxter St10003'
-73.9980,40.9545,0,1,'NJGolf View Dr10003|NJGolf View Dr10003+NJBerkley Pl+10003|NJBerkley Pl10003'
-73.9980,40.7148,157,660,'NYDoyers St10003|NYDoyers St10003+NYPell St+10003'
-73.9980,40.5967,2,17,'NYBay 31st St10003|NYBay 31st St10003+NYCropsey Ave+10003'
-73.9980,40.6605,53,164,'NY25th St10003+NY4th Ave+10003'
-73.9980,40.6431,0,22,'NY44th St10003+NY9th Ave+10003'
-73.9980,40.7460,3233,2346,'NY8 Ave10003+NYW 24th St+10003|NY8th Ave10003+NYW 24th St+10003'
-73.9980,40.7127,16,64,'NYHenry St10003|NYHenry St10003+NYOliver St+10003'
-73.9980,40.7329,2636,4475,'NYMac Dougal St10003|NYMac Dougal St10003+NYW 8th St+10003|NYMac Dougal St10003+NYW 8 St+10003'
-73.9980,40.6226,0,3,'NYNew Utrecht Ave10003+NY15th Ave+10003'
-73.9980,40.8085,1,1,'NJPalisade Plz10003|NJPalisade Plz10003+NJPalisade Plz+10003|NJPalisade Plz10003+NJPalisade Pl+10003|NJPalisade Pl10003'
-73.9980,40.9177,0,1,'NJMiller St10003+NJHill Pl+10003|NJHill Pl10003'
-73.9980,40.7227,5812,5837,'NYSpring St10003+NYCrosby St+10003'
-73.9980,40.5722,0,1,'NYW 32nd St10003+NYSea Pl+10003|NYSea Pl10003'
-73.9980,40.7900,0,9,'NJLydia Dr10003|NJLydia Dr10003+NJLydia Dr+10003'
-73.9980,40.6965,4,16,'NYFurman St10003+NYPierrepont St Exd+10003|NYPierrepont St Exd10003'
-73.9979,40.6294,2,6,'NY13th Ave10003+NY59th St+10003'
-73.9979,40.7182,3523,1325,'NYHester St10003+NYMulberry St+10003'
-73.9979,40.6668,5,5,'NY18th St10003'
-73.9979,40.7293,2372,3127,'NYW 3rd St10003+NYLaguardia Pl+10003|NYW 3 St10003+NYLaguardia Pl+10003'
-73.9979,40.6467,0,69,'NY8th Ave10003+NY40th St+10003'
-73.9979,40.6874,44,518,'NYHenry St10003+NYBaltic St+10003'
-73.9979,40.6830,966,581,'NYUnion St10003+NYClinton St+10003'
-73.9979,40.6192,0,4,'NY70th St10003+NY16th Ave+10003'
-73.9979,40.6702,1,3,'NYHamilton Ave10003+NY14th St+10003|NY14th St10003'
-73.9979,40.7411,4886,3979,'NY7 Ave10003+NYW 18 St+10003|NY7 Ave10003+NYW 18th St+10003|NY7th Ave10003+NYW 18 St+10003|NY7th Ave10003+NYW 18th St+10003'
-73.9978,40.6965,7,25,'NYBrooklyn Queens Expy10001+NYPierrepont St Exd+10001|NYI 27810001+NYPierrepont St Exd+10001'
-73.9978,40.6016,0,10,'NYBenson Ave10003+NY21st Ave+10003'
-73.9978,40.6741,6,12,'NYMill St10003'
-73.9978,40.7615,2683,5202,'NY11 Ave10003+NYW 43rd St+10003|NYW 43rd St10003+NY11th Ave+10003'
-73.9978,40.6503,3,3,'NY36th St10003|NY36th St10003+NY7th Ave+10003|NY7th Ave10003'
-73.9978,40.6330,0,4,'NY12th Ave10003+NY55th St+10003'
-73.9978,40.7901,1,8,'NJLydia Dr10003'
-73.9978,40.7360,6190,5241,'NY6th Ave10003+NYW 12 St+10003|NY6th Ave10003+NYW 12th St+10003|NY6 Ave10003+NYW 12 St+10003|NY6 Ave10003+NYW 12th St+10003|NYAve of the Americas10003+NYW 12 St+10003|NYAve of the Americas10003+NYW 12th St+10003'
-73.9978,40.6912,650,587,'NYHicks St10003+NYAtlantic Ave+10003'
-73.9978,40.7242,6366,2605,'NYPrince St10003+NYBroadway+10003'
-73.9978,40.8057,0,3,'NJCo Rd 71910003|NJCo Rd 71910003+NJWoodcliff Ave+10003|NJCo Rd 71910003+NJPark Dr+10003|NJWoodcliff Ave10003+NJPark Dr+10003|NJWoodcliff Ave10003+NJPalisade Ave+10003|NJPark Dr10003|NJPark Dr10003+NJPalisade Ave+10003|NJPalisade Ave10003'
-73.9978,40.6640,2,18,'NY21st St10003|NY21st St10003+NY3rd Ave+10003'
-73.9978,40.6747,319,206,'NYSmith St10003+NYW 9th St+10003'
-73.9978,40.7120,70,202,'NYOliver St10003|NYOliver St10003+NYMadison St+10003'
-73.9978,40.7216,2033,2709,'NYLafayette St10003+NYKenmare St+10003|NYKenmare St10003'
-73.9978,40.7565,9309,15035,'NY10th Ave10003+NYW 37th St+10003|NY10 Ave10003+NYW 37th St+10003'
-73.9978,40.6227,1,1,'NY66th St10003+NY15th Ave+10003'
-73.9977,40.6154,0,13,'NY74th St10003+NY17th Ave+10003'
-73.9977,40.6116,0,11,'NY78th St10003+NYCristoforo Colombo Blvd+10003|NY78th St10003+NY18th Ave+10003'
-73.9977,40.6702,4,11,'NYI 27810001+NY14th St+10001'
-73.9977,40.7656,118,359,'NYW 48th St10003|NYW 48th St10003+NY12th Ave+10003|NYW 48th St10003+NYState Rte 9a+10003|NYW 48th St10003+NYWest St+10003|NYW 48 St10003|NYW 48 St10003+NY12th Ave+10003|NYW 48 St10003+NYState Rte 9a+10003|NYW 48 St10003+NYWest St+10003'
-73.9977,40.8405,1,1,'NJE Columbia Ave10003+NJAbbott Ave+10003|NJAbbott Ave10003'
-73.9977,40.7154,70,144,'NYBayard St10003+NYElizabeth St+10003|NYElizabeth St10003'
-73.9977,40.6762,6,73,'NYDennett Pl10003|NYDennett Pl10003+NYNelson St+10003'
-73.9977,40.8415,1,1,'NJUS Rte 4610002+NJE Ruby Ave+10002|NJUS Rte 110002+NJE Ruby Ave+10002|NJUS Rte 910002+NJE Ruby Ave+10002'
-73.9977,40.6950,28,538,'NYRemsen St10003+NYMontague Ter+10003|NYMontague Ter10003'
-73.9977,40.6366,0,4,'NY51st St10003+NY11th Ave+10003'
-73.9977,40.7134,370,233,'NYChatham Sq10003|NYChatham Sq10003+NYE Broadway+10003'
-73.9977,40.7515,2589,2161,'NYW 31st St10003|NYW 31st St10003+NYW 31st St+10003|NYW 31st St10003+NY9 Ave+10003|NYW 31st St10003+NY9th Ave+10003|NYW 31st St10003+NYW 31 St+10003|NY9 Ave10003+NYW 31 St+10003|NY9th Ave10003+NYW 31 St+10003'
-73.9977,40.6787,148,642,'NYCourt St10003+NY3rd Pl+10003'
-73.9977,40.6384,2,13,'NY49th St10003+NYFort Hamilton Pkwy+10003'
-73.9977,40.7208,4880,2031,'NYCentre St10003|NYCentre St10003+NYBroome St+10003|NYCentre St10003+NYCleveland Pl+10003|NYBroome St10003+NYCleveland Pl+10003|NYCleveland Pl10003'
-73.9976,40.6052,0,6,'NY85th St10003+NY20th Ave+10003'
-73.9976,40.7258,6073,3403,'NYW Houston St10003+NYMercer St+10003'
-73.9976,40.6936,25,400,'NYWillow Pl10003|NYWillow Pl10003+NYJoralemon St+10003'
-73.9976,40.7539,639,2407,'NYW 34th St10003+NYDyer Ave+10003|NYDyer Ave10003'
-73.9976,40.6639,1,30,'NY3rd Ave10003+NY21st St+10003|NY21st St10003'
-73.9976,40.7548,96,421,'NYW 35th St10003+NYLincoln Tunnel Expy+10003|NYW 35th St10003+NYI 495+10003|NYLincoln Tunnel Expy10001+NYW 35 St+10001|NYI 49510001+NYW 35 St+10001'
-73.9976,40.6880,24,573,'NYHenry St10003+NYWarren St+10003'
-73.9976,40.6401,2,9,'NY47th St10003+NY10th Ave+10003'
-73.9976,40.7466,2972,3406,'NYW 25th St10003+NY8 Ave+10003|NYW 25th St10003+NY8th Ave+10003'
-73.9975,40.6264,0,3,'NY62nd St10003+NY14th Ave+10003'
-73.9975,40.7140,1537,1263,'NYSt James Pl10003|NYSt James Pl10003+NYDivision St+10003|NYSt James Pl10003+NYChatham Sq+10003|NYSt James Pl10003+NYBowery+10003|NYSt James Pl10003+NYDoyers St+10003|NYDivision St10003|NYDivision St10003+NYBowery+10003|NYDivision St10003+NYDoyers St+10003|NYBowery10003|NYBowery10003+NYDoyers St+10003|NYDoyers St10003'
-73.9975,40.6042,0,5,'NYBay 25th St10003|NYBay 25th St10003+NY86th St+10003'
-73.9975,40.6088,0,13,'NY19th Ave10003+NY81st St+10003'
-73.9975,40.6574,1,11,'NY5th Ave10003+NY28th St+10003|NY28th St10003'
-73.9975,40.6919,60,230,'NYState St10003+NYHicks St+10003'
-73.9975,40.6703,9,5,'NYHamilton Ave10003+NY14th St+10003'
-73.9975,40.8160,0,1,'NJ5th St10003|NJ5th St10003+NJKamena St+10003'
-73.9975,40.7323,555,854,'NYMacdougal Aly10003'
-73.9974,40.6754,77,207,'NYSmith St10003+NYHuntington St+10003'
-73.9974,40.7416,6163,6694,'NYW 19 St10003+NY7 Ave+10003|NYW 19 St10003+NY7th Ave+10003|NYW 19th St10003+NY7 Ave+10003|NYW 19th St10003+NY7th Ave+10003'
-73.9974,40.6610,34,137,'NY24th St10003+NY4th Ave+10003'
-73.9974,40.6437,1,58,'NY9th Ave10003+NY43rd St+10003'
-73.9974,40.9146,0,1,'NJSylvan Ave10003|NJSylvan Ave10003+NJS Washington Ave+10003'
-73.9974,40.6703,14,11,'NYHamilton Pl10003'
-73.9974,40.6768,20,82,'NYDennett Pl10003|NYDennett Pl10003+NYLuquer St+10003'
-73.9974,40.7273,669,1127,'NYGreene St10003|NYGreene St10003+NYBleecker St+10003'
-73.9974,40.7214,9260,2821,'NYCleveland Pl10003+NYKenmare St+10003'
-73.9974,40.7140,1661,891,'NYCatherine St10003'
-73.9974,40.7621,1401,971,'NY11 Ave10003+NYW 44th St+10003|NYW 44th St10003+NY11th Ave+10003'
-73.9974,40.8289,1,1,'NJStewart St10003'
-73.9974,40.5962,1,3,'NYBay 32nd St10003|NYBay 32nd St10003+NYCropsey Ave+10003'
-73.9974,40.6211,0,3,'NYDuryea Ct10003|NYDuryea Ct10003+NY67th St+10003'
-73.9974,40.6956,29,718,'NYMontague Ter10003|NYMontague Ter10003+NYPierrepont Pl+10003|NYMontague Ter10003+NYMontague St+10003|NYPierrepont Pl10003|NYPierrepont Pl10003+NYMontague St+10003'
-73.9974,40.7299,1331,561,'NYWashington Sq S10003+NYLaguardia Pl+10003|NYLaguardia Pl10003'
-73.9974,40.6300,0,7,'NY13th Ave10003+NY58th St+10003'
-73.9973,40.7207,4979,1834,'NYCentre Market Pl10003|NYCentre Market Pl10003+NYBroome St+10003'
-73.9973,40.7367,10024,6593,'NY6th Ave10003+NYW 13 St+10003|NY6th Ave10003+NYW 13th St+10003|NYW 13 St10003+NY6 Ave+10003|NYW 13 St10003+NYAve of the Americas+10003|NY6 Ave10003+NYW 13th St+10003|NYAve of the Americas10003+NYW 13th St+10003'
-73.9973,40.5986,1,36,'NYBay Pkwy10003+NYBath Ave+10003|NY22nd Ave10003+NYBath Ave+10003'
-73.9973,40.8998,1,0,'NJPublic Row10003|NJPublic Row10003+NJWestervelt Pl+10003'
-73.9973,40.6885,3,183,'NYHenry St10003+NYVerandah Pl+10003|NYVerandah Pl10003'
-73.9973,40.7571,2117,1305,'NY10th Ave10003+NYW 38th St+10003|NY10 Ave10003+NYW 38th St+10003'
-73.9973,40.7193,7504,3664,'NYGrand St10003+NYMulberry St+10003'
-73.9973,40.6473,1,51,'NY8th Ave10003+NY39th St+10003'
-73.9973,40.7135,267,400,'NYCatherine St10003+NYE Broadway+10003'
-73.9973,40.5930,1,7,'NY24th Ave10003'
-73.9973,40.6197,0,10,'NY69th St10003+NY16th Ave+10003|NYBay Ridge Ave10003+NY16th Ave+10003'
-73.9973,40.6795,151,901,'NY2nd Pl10003+NYCourt St+10003'
-73.9973,40.6864,28,165,'NYStrong Pl10003|NYStrong Pl10003+NYKane St+10003'
-73.9972,40.7572,512,343,'NYI 49510001+NY10th Ave+10001|NYI 49510001+NY10 Ave+10001|NY10th Ave10003+NYLincoln Tunl+10003|NYLincoln Tunl10001+NY10 Ave+10001'
-73.9972,40.6336,1,5,'NY12th Ave10003+NY54th St+10003'
-73.9972,40.6843,884,634,'NYDegraw St10003+NYClinton St+10003'
-73.9972,40.6887,22,422,'NYHenry St10003+NYCongress St+10003'
-73.9972,40.6646,0,8,'NY20th St10003|NY20th St10003+NY3rd Ave+10003'
-73.9972,40.7580,127,148,'NYI 49510001|NYI 49510001+NYLincoln Tunl+10001|NYI 49510001+NYI 495+10001|NYLincoln Tunl10001|NYLincoln Tunl10001+NYI 495+10001'
-73.9972,40.6122,0,10,'NYCristoforo Colombo Blvd10003+NY77th St+10003|NY18th Ave10003+NY77th St+10003'
-73.9972,40.6160,0,13,'NY73rd St10003+NY17th Ave+10003'
-73.9972,40.8062,2,1,'NJCo Rd 71910003+NJHillcrest Pl+10003|NJCo Rd 71910003+NJHillcrest Rd+10003|NJHillcrest Pl10003|NJHillcrest Pl10003+NJHillcrest Rd+10003|NJHillcrest Pl10003+NJPalisade Ave+10003|NJHillcrest Rd10003|NJHillcrest Rd10003+NJPalisade Ave+10003'
-73.9972,40.6963,7,251,'NYPierrepont St Exd10003|NYPierrepont St Exd10003+NYColumbia Hts+10003|NYPierrepont St Exd10003+NYPierrepont St+10003|NYColumbia Hts10003|NYColumbia Hts10003+NYPierrepont St+10003|NYPierrepont St10003'
-73.9971,40.6760,45,25,'NYSmith St10003+NYNelson St+10003|NYSmith St10003+NY7th St+10003|NYNelson St10003|NYNelson St10003+NYNelson St+10003|NYNelson St10003+NY7th St+10003|NY7th St10003'
-73.9971,40.7223,16034,5995,'NYLafayette St10003+NYSpring St+10003|NYLafayette St10003+NYCleveland Pl+10003|NYSpring St10003+NYCleveland Pl+10003|NYCleveland Pl10003'
-73.9971,40.6233,1,13,'NY15th Ave10003+NY65th St+10003'
-73.9971,40.7289,362,749,'NYW 3rd St10003+NYWooster St Exd+10003|NYWooster St Exd10003|NYWooster St Exd10003+NYW 3 St+10003'
-73.9971,40.7128,34,456,'NYHenry St10003+NYCatherine St+10003'
-73.9971,40.7546,119,512,'NYW 35th St10003+NYDyer Ave+10003|NYDyer Ave10003+NYW 35 St+10003'
-73.9971,40.7179,384,1165,'NYHester St10003+NYMott St+10003'
-73.9971,40.6371,0,16,'NY50th St10003+NY11th Ave+10003'
-73.9971,40.7146,1475,1250,'NYBowery10003+NYPell St+10003|NYPell St10003'
-73.9971,40.7472,5258,4602,'NY8 Ave10003+NYW 26th St+10003|NY8th Ave10003+NYW 26th St+10003'
-73.9971,40.6693,10,12,'NYI 27810001|NYI 27810001+NYI 278+10001'
-73.9971,40.6011,0,18,'NYBay 28th St10003+NYBenson Ave+10003'
-73.9971,40.6963,18,284,'NYPierrepont Pl10003|NYPierrepont Pl10003+NYPierrepont St+10003'
-73.9971,40.8384,1,0,'NJMaple Ave10003+NJShaler Blvd+10003'
-73.9970,40.5728,0,9,'NYW 31st St10003|NYW 31st St10003+NYSurf Ave+10003'
-73.9970,40.6058,0,30,'NY84th St10003+NY20th Ave+10003'
-73.9970,40.6475,0,14,'NY8th Ave10003'
-73.9970,40.7422,6472,5891,'NY7 Ave10003+NYW 20th St+10003|NY7th Ave10003+NYW 20th St+10003'
-73.9970,40.6985,6,22,'NYFurman St10003+NYClark St+10003|NYClark St10003'
-73.9970,40.7165,3677,1044,'NYElizabeth St10003+NYCanal St+10003'
-73.9970,40.6407,0,5,'NY46th St10003+NY10th Ave+10003'
-73.9970,40.7314,1304,1430,'NYWashington Sq N10003+NY5th Ave+10003|NY5th Ave10003'
-73.9970,40.9244,0,1,'NJS Washington Ave10003+NJMadison Ave+10003|NJMadison Ave10003'
-73.9970,40.6644,3,27,'NY3rd Ave10003+NY20th St+10003|NY20th St10003'
-73.9970,40.6269,0,7,'NY14th Ave10003+NY61st St+10003'
-73.9970,40.7239,1670,435,'NYPrince St10003+NYCrosby St+10003'
-73.9969,40.6389,0,9,'NY48th St10003+NYFort Hamilton Pkwy+10003'
-73.9969,40.7661,72,258,'NYW 49th St10003|NYW 49th St10003+NY12th Ave+10003|NYW 49th St10003+NYState Rte 9a+10003|NYW 49th St10003+NYWest St+10003|NY12th Ave10002+NYW 49 St+10002|NYW 49 St10003|NYW 49 St10003+NYState Rte 9a+10003|NYW 49 St10003+NYWest St+10003'
-73.9969,40.8072,1,0,'NJKamp Pl10003|NJKamp Pl10003+NJNew York Ave+10003'
-73.9969,40.8082,1,0,'NJHudson Pl10003+NJBaar Pl+10003|NJBaar Pl10003'
-73.9969,40.6093,0,14,'NY19th Ave10003+NY80th St+10003'
-73.9969,40.6580,1,14,'NY5th Ave10003+NY27th St+10003|NY27th St10003'
-73.9969,40.7627,2063,2254,'NY11 Ave10003+NYW 45 St+10003|NY11 Ave10003+NYW 45th St+10003|NYW 45 St10003+NY11th Ave+10003|NY11th Ave10003+NYW 45th St+10003'
-73.9969,40.7988,1,1,'NJPark Dr10003'
-73.9969,40.6803,113,881,'NYCourt St10003+NY1st Pl+10003'
-73.9969,40.6985,1,6,'NYBrooklyn Queens Expy10001+NYClark St+10001|NYI 27810001+NYClark St+10001'
-73.9969,40.7958,1,0,'NJHillside Rd10003+NJHalf Moon Harbor Dr+10003|NJHalf Moon Harbor Dr10003|NJHalf Moon Harbor Dr10003+NJRiver Rd+10003'
-73.9969,40.6686,3,15,'NYHamilton Ave10003|NYHamilton Ave10003+NY3rd Ave+10003|NY3rd Ave10003'
-73.9969,40.6894,22,578,'NYHenry St10003+NYAmity St+10003'
-73.9969,40.5776,0,3,'NYNeptune Ave10003+NYW 30th St+10003|NYW 30th St10003'
-73.9969,40.7577,218,320,'NY10th Ave10003+NYW 39th St+10003|NY10th Ave10003+NYW 39 St+10003|NY10th Ave10003+NYI 495+10003|NY10 Ave10003+NYW 39th St+10003|NY10 Ave10003+NYW 39 St+10003|NY10 Ave10003+NYI 495+10003|NYW 39th St10003+NYI 495+10003|NYW 39 St10003+NYI 495+10003'
-73.9969,40.6709,1,1,'NYHamilton Pl10003+NY13th St+10003|NY13th St10003'
-73.9968,40.6616,56,429,'NY23rd St10003+NY4th Ave+10003'
-73.9968,40.6443,5,52,'NY9th Ave10003+NY42nd St+10003'
-73.9968,40.7374,13095,9189,'NY6th Ave10003+NYW 14th St+10003|NY6th Ave10003+NYW 14 St+10003|NY6 Ave10003+NYW 14th St+10003|NY6 Ave10003+NYW 14 St+10003|NYAve of the Americas10003+NYW 14th St+10003|NYAve of the Americas10003+NYW 14 St+10003'
-73.9968,40.7994,3,5,'NJBulls Ferry Rd10003'
-73.9968,40.6767,60,40,'NYSmith St10003+NYLuquer St+10003|NYLuquer St10003'
-73.9968,40.6692,20,5,'NYHamilton Ave10003+NY15th St+10003|NY15th St10003'
-73.9968,40.6037,1,10,'NYBay 26th St10003|NYBay 26th St10003+NY86th St+10003'
-73.9968,40.7150,1529,1520,'NYBowery10003+NYBayard St+10003|NYBayard St10003'
-73.9968,40.6647,0,4,'NYI 27810001|NYI 27810001+NYI 278+10001'
-73.9968,40.7527,5862,2621,'NYW 33rd St10003+NYW 31st St+10003|NYW 33rd St10003+NY9 Ave+10003|NYW 33rd St10003+NY9th Ave+10003|NYW 31st St10003|NYW 31st St10003+NYW 33 St+10003|NYW 33 St10003+NY9 Ave+10003|NYW 33 St10003+NY9th Ave+10003'
-73.9968,40.7114,59,670,'NYMonroe St10003|NYMonroe St10003+NYCatherine St+10003|NYMonroe St10003+NYCatherine Slip+10003|NYCatherine Slip10003'
-73.9968,40.6305,0,6,'NY57th St10003+NY13th Ave+10003'
-73.9968,40.7254,7707,3343,'NYW Houston St10003|NYW Houston St10003+NYE Houston St+10003|NYW Houston St10003+NYBroadway+10003|NYE Houston St10003|NYE Houston St10003+NYBroadway+10003'
-73.9968,40.7578,207,417,'NYI 49510001+NY10th Ave+10001|NYI 49510001+NY10 Ave+10001'
-73.9968,40.5945,0,1,'NYShore Pkwy N10003'
-73.9967,40.5956,0,6,'NY23rd Ave10003|NY23rd Ave10003+NYCropsey Ave+10003'
-73.9967,40.6916,66,308,'NYState St10003+NYGarden Pl+10003|NYGarden Pl10003'
-73.9967,40.6934,114,589,'NYJoralemon St10003+NYHicks St+10003'
-73.9967,40.6203,0,11,'NY68th St10003+NY16th Ave+10003'
-73.9967,40.6651,0,13,'NY19th St10003|NY19th St10003+NY3rd Ave+10003'
-73.9967,40.6992,5,10,'NYFurman St10003+NYPineapple St+10003|NYPineapple St10003'
-73.9967,40.7552,277,434,'NYDyer Ave10003|NYDyer Ave10003+NYLincoln Tunnel Expy+10003|NYDyer Ave10003+NYW 36 St+10003|NYDyer Ave10003+NYW 36th St+10003|NYDyer Ave10003+NYDyer Ave+10003|NYDyer Ave10003+NYI 495+10003|NYLincoln Tunnel Expy10001+NYW 36 St+10001|NYLincoln Tunnel Expy10001+NYW 36th St+10001|NYLincoln Tunnel Expy10001+NYDyer Ave+10001|NYW 36 St10003+NYDyer Ave+10003|NYW 36 St10003+NYI 495+10003|NYW 36th St10003+NYDyer Ave+10003|NYW 36th St10003+NYI 495+10003'
-73.9967,40.7269,1180,2175,'NYMercer St10003+NYBleecker St+10003'
-73.9967,40.6341,0,4,'NY12th Ave10003+NY53rd St+10003'
-73.9966,40.7478,2337,1882,'NYW 27th St10003|NYW 27th St10003+NY8 Ave+10003|NYW 27th St10003+NY8th Ave+10003|NY8 Ave10003+NYW 27 St+10003|NY8th Ave10003+NYW 27 St+10003|NYW 27 St10003'
-73.9966,40.6741,37,42,'NY9th St10003|NY9th St10003+NYW 9th St+10003|NYW 9th St10003'
-73.9966,40.7319,960,1023,'NYWashington Mews10003|NYWashington Mews10003+NY5th Ave+10003'
-73.9966,40.5980,0,6,'NYBath Ave10003+NYBay 31st St+10003'
-73.9966,40.6128,1,10,'NYCristoforo Colombo Blvd10003+NY76th St+10003|NY18th Ave10003+NY76th St+10003'
-73.9966,40.6166,0,10,'NY72nd St10003+NY17th Ave+10003'
-73.9966,40.7428,6697,7841,'NYW 21 St10003+NY7 Ave+10003|NYW 21 St10003+NY7th Ave+10003|NYW 21st St10003+NY7 Ave+10003|NYW 21st St10003+NY7th Ave+10003'
-73.9966,40.7212,2867,1906,'NYMulberry St10003+NYKenmare St+10003'
-73.9966,40.8389,0,1,'NJShaler Blvd10003|NJShaler Blvd10003+NJDelia Blvd+10003|NJDelia Blvd10003'
-73.9966,40.7296,1091,355,'NYW 4th St10003|NYW 4th St10003+NYWooster St Exd+10003|NYW 4th St10003+NYWashington Sq S+10003|NYW 4th St10003+NYWashington Sq E+10003|NYWooster St Exd10003|NYWooster St Exd10003+NYWashington Sq S+10003|NYWooster St Exd10003+NYWashington Sq E+10003|NYWooster St Exd10003+NYW 4 St+10003|NYWashington Sq S10003|NYWashington Sq S10003+NYWashington Sq E+10003|NYWashington Sq S10003+NYW 4 St+10003|NYWashington Sq E10003|NYWashington Sq E10003+NYW 4 St+10003|NYW 4 St10003'
-73.9966,40.6992,4,5,'NYBrooklyn Queens Expy10001+NYPineapple St+10001|NYI 27810001+NYPineapple St+10001'
-73.9965,40.6901,46,353,'NYHenry St10003+NYPacific St+10003'
-73.9965,40.5933,0,5,'NYShore Pkwy10003+NY24th Ave+10003|NY24th Ave10003'
-73.9965,40.6811,91,555,'NYCourt St10003+NYCarroll St+10003'
-73.9965,40.6220,0,4,'NYDuryea Ct10003|NYDuryea Ct10003+NY66th St+10003'
-73.9965,40.6239,0,8,'NY64th St10003+NY15th Ave+10003'
-73.9965,40.7667,81,279,'NYW 50th St10003|NYW 50th St10003+NY12th Ave+10003|NYW 50th St10003+NYState Rte 9a+10003|NYW 50th St10003+NYWest St+10003'
-73.9965,40.6687,8,5,'NYGowanus Expy10001+NYHamilton Ave+10001|NYI 27810001+NYHamilton Ave+10001|NY2nd Ave10003|NY2nd Ave10003+NYHamilton Ave+10003|NY3rd Ave10001+NYHamilton Ave+10001'
-73.9965,40.8355,1,1,'NJRay Ave10003+NJBruce St+10003'
-73.9965,40.7190,736,1370,'NYMott St10003+NYGrand St+10003'
-73.9965,40.7237,8933,1602,'NYLafayette St10003+NYPrince St+10003'
-73.9965,40.6659,3,10,'NY18th St10003+NY3rd Ave+10003'
-73.9965,40.6774,81,177,'NY5th St10003|NY5th St10003+NYSmith St+10003|NY5th St10003+NY4th Pl+10003|NYSmith St10003+NY4th Pl+10003|NY4th Pl10003'
-73.9965,40.6063,0,20,'NY83rd St10003+NY20th Ave+10003'
-73.9965,40.7634,5217,2516,'NY11 Ave10003+NYW 46 St+10003|NY11 Ave10003+NYW 46th St+10003|NYW 46 St10003+NY11th Ave+10003|NY11th Ave10003+NYW 46th St+10003'
-73.9965,40.6940,20,207,'NYGrace Ct10003|NYGrace Ct10003+NYHicks St+10003'
-73.9964,40.7102,10,174,'NYCherry St10003|NYCherry St10003+NYCatherine St+10003'
-73.9964,40.9349,1,2,'NJAddon Rd10003|NJAddon Rd10003+NJAschenbrand Ave+10003|NJAschenbrand Ave10003'
-73.9964,40.6940,13,58,'NYHicks St10003+NYGrace Court Aly+10003|NYGrace Court Aly10003'
-73.9964,40.6961,48,759,'NYWillow St10003|NYWillow St10003+NYPierrepont St+10003'
-73.9964,40.7583,480,1509,'NYW 40th St10003+NY10th Ave+10003|NYW 40th St10003+NY10 Ave+10003|NY10th Ave10003+NYW 40 St+10003|NY10 Ave10003+NYW 40 St+10003'
-73.9964,40.6690,13,11,'NY2nd Ave10003+NY15th St+10003'
-73.9964,40.6206,0,11,'NY67th St10003+NY16th Ave+10003'
-73.9964,40.6413,1,3,'NY10th Ave10003+NY45th St+10003'
-73.9964,40.6650,1,40,'NY3rd Ave10003+NY19th St+10003|NY19th St10003'
-73.9964,40.6007,1,15,'NYBenson Ave10003+NYBay 29th St+10003'
-73.9964,40.6715,1,4,'NYHamilton Pl10003|NYHamilton Pl10003+NY12th St+10003'
-73.9964,40.8149,0,1,'NJDelano Pl10003|NJDelano Pl10003+NJAnderson Ave+10003'
-73.9964,40.6861,757,364,'NYKane St10003+NYClinton St+10003'
-73.9964,40.7323,5983,4239,'NYE 8 St10003|NYE 8 St10003+NYW 8th St+10003|NYE 8 St10003+NYW 8 St+10003|NYE 8 St10003+NY5th Ave+10003|NYE 8th St10003|NYE 8th St10003+NYW 8th St+10003|NYE 8th St10003+NYW 8 St+10003|NYE 8th St10003+NY5th Ave+10003|NYW 8th St10003|NYW 8th St10003+NY5th Ave+10003|NYW 8 St10003|NYW 8 St10003+NY5th Ave+10003'
-73.9963,40.7286,247,626,'NYW 3rd St10003+NYGreene St+10003|NYGreene St10003|NYGreene St10003+NYW 3 St+10003'
-73.9963,40.8067,1,0,'NJCo Rd 71910003|NJCo Rd 71910003+NJKamp Pl+10003|NJKamp Pl10003|NJKamp Pl10003+NJPalisade Ave+10003'
-73.9963,40.6099,0,5,'NY19th Ave10003+NY79th St+10003'
-73.9963,40.7380,4392,5497,'NY6th Ave10003+NYW 15 St+10003|NY6th Ave10003+NYW 15th St+10003|NY6 Ave10003+NYW 15 St+10003|NY6 Ave10003+NYW 15th St+10003|NYAve of the Americas10003+NYW 15 St+10003|NYAve of the Americas10003+NYW 15th St+10003'
-73.9963,40.8300,2,0,'NJStewart St10003+NJOakdene Ave+10003'
-73.9963,40.6585,2,27,'NY26th St10003|NY26th St10003+NY5th Ave+10003'
-73.9963,40.7176,188,538,'NYHester St10003+NYElizabeth St+10003'
-73.9963,40.6984,62,1339,'NYColumbia Hts10003+NYClark St+10003'
-73.9963,40.7247,472,161,'NYJersey St10003|NYJersey St10003+NYCrosby St+10003'
-73.9963,40.6658,1,6,'NYI 27810001+NY18th St+10001'
-73.9963,40.7220,3759,3758,'NYSpring St10003+NYMulberry St+10003'
-73.9963,40.6448,0,39,'NY9th Ave10003+NY41st St+10003'
-73.9963,40.6622,44,170,'NY4th Ave10003+NY22nd St+10003'
-73.9963,40.7098,16,190,'NYCatherine St10003|NYCatherine St10003+NYCatherine St+10003|NYCatherine St10003+NYCatherine Slip+10003|NYCatherine St10003+NYWater St+10003|NYCatherine Slip10003+NYWater St+10003|NYWater St10003'
-73.9962,40.6908,1664,1766,'NYHenry St10003+NYAtlantic Ave+10003'
-73.9962,40.6840,19,330,'NYDegraw St10003+NYTompkins Pl+10003|NYTompkins Pl10003'
-73.9962,40.6393,0,13,'NY47th St10003+NYFort Hamilton Pkwy+10003'
-73.9962,40.8040,0,2,'NJWall St10003|NJWall St10003+NJWoodcliff Ave+10003'
-73.9962,40.8289,0,1,'NJOakdene Ave10003|NJOakdene Ave10003+NJStudio Rd+10003'
-73.9962,40.6817,248,1518,'NYCourt St10003+NYPresident St+10003'
-73.9962,40.7558,276,2420,'NYDyer Ave10003+NYW 37th St+10003'
-73.9962,40.6945,67,348,'NYRemsen St10003+NYHicks St+10003'
-73.9962,40.7484,2820,2589,'NYW 28th St10003+NY8 Ave+10003|NYW 28th St10003+NY8th Ave+10003|NY8 Ave10003+NYW 28 St+10003|NY8th Ave10003+NYW 28 St+10003'
-73.9962,40.8289,0,1,'NJOakdene Ave10003|NJOakdene Ave10003+NJStudio Rd+10003'
-73.9962,40.6311,0,4,'NY56th St10003+NY13th Ave+10003'
-73.9962,40.5940,0,1,'NY24th Ave10003|NY24th Ave10003+NYShore Pkwy N+10003'
-73.9962,40.5739,0,4,'NYW 30th St10003+NYRailroad Ave+10003|NYRailroad Ave10003'
-73.9961,40.8028,0,5,'NJWoodcliff Ave10003|NJWoodcliff Ave10003+NJBoulevard E+10003'
-73.9961,40.6657,1,1,'NYI 27810001+NY18th St+10001'
-73.9961,40.7434,5602,4220,'NY7 Ave10003+NYW 22 St+10003|NY7 Ave10003+NYW 22nd St+10003|NY7th Ave10003+NYW 22 St+10003|NY7th Ave10003+NYW 22nd St+10003'
-73.9961,40.6782,53,155,'NY4th St10003|NY4th St10003+NYSmith St+10003'
-73.9961,40.5951,0,3,'NYBay 34th St10003|NYBay 34th St10003+NYCropsey Ave+10003'
-73.9961,40.8052,2,2,'NJHillcrest Pl10003|NJHillcrest Pl10003+NJHillcrest Rd+10003|NJHillcrest Rd10003'
-73.9961,40.8236,0,1,'NJN 10th St10003+NJRidgefield Ter+10003|NJRidgefield Ter10003'
-73.9961,40.7092,116,229,'NYCatherine St10003|NYCatherine St10003+NYSouth St+10003|NYCatherine St10003+NYCatherine Slip+10003|NYSouth St10003+NYCatherine Slip+10003|NYCatherine Slip10003'
-73.9961,40.7162,3552,1202,'NYManhattan Brg10002|NYManhattan Brg10002+NYBowery+10002|NYManhattan Brg10002+NYCanal St+10002'
-73.9961,40.9279,0,1,'NJW Main St10003|NJW Main St10003+NJS Washington Ave+10003|NJW Main St10003+NJN Washington Ave+10003|NJW Main St10003+NJE Main St+10003|NJS Washington Ave10003|NJS Washington Ave10003+NJN Washington Ave+10003|NJS Washington Ave10003+NJE Main St+10003|NJN Washington Ave10003|NJN Washington Ave10003+NJE Main St+10003|NJE Main St10003'
-73.9961,40.6347,0,1,'NY12th Ave10003+NY52nd St+10003'
-73.9961,40.7302,190,329,'NYWashington Sq E10003+NYWashington Pl+10003|NYWashington Pl10003'
-73.9961,40.6033,2,27,'NY21st Ave10003+NY86th St+10003'
-73.9960,40.6868,487,274,'NYBaltic St10003+NYClinton St+10003'
-73.9960,40.6783,24,39,'NYSmith St10003+NY3rd Pl+10003|NY3rd Pl10003'
-73.9960,40.7673,595,1615,'NY12th Ave10002+NYW 51st St+10002|NYW 51st St10003|NYW 51st St10003+NYState Rte 9a+10003|NYW 51st St10003+NYWest St+10003'
-73.9960,40.7202,2602,3311,'NYMott St10003+NYBroome St+10003'
-73.9960,40.6750,1,0,'NYHuntington St10003'
-73.9960,40.6171,0,4,'NY71st St10003+NY17th Ave+10003'
-73.9960,40.7640,3762,3267,'NY11 Ave10003+NYW 47 St+10003|NY11 Ave10003+NYW 47th St+10003|NYW 47 St10003+NY11th Ave+10003|NYW 47th St10003+NY11th Ave+10003'
-73.9960,40.6990,15,76,'NYColumbia Hts10003+NYPineapple St+10003'
-73.9960,40.6134,3,28,'NYCristoforo Colombo Blvd10003+NY75th St+10003|NYCristoforo Colombo Blvd10003+NYBay Ridge Pkwy+10003|NY18th Ave10003+NY75th St+10003|NY18th Ave10003+NYBay Ridge Pkwy+10003'
-73.9960,40.8095,1,1,'NJDesoto Pl10003+NJSummit Ave+10003|NJSummit Ave10003'
-73.9960,40.5728,0,6,'NYW 30th St10003|NYW 30th St10003+NYSurf Ave+10003'
-73.9959,40.7590,3730,8214,'NYW 41st St10003+NY10th Ave+10003|NYW 41st St10003+NY10 Ave+10003'
-73.9959,40.6382,0,1,'NY48th St10003+NY11th Ave+10003'
-73.9959,40.5976,0,10,'NYBay 32nd St10003+NYBath Ave+10003'
-73.9959,40.6245,0,3,'NY63rd St10003+NY15th Ave+10003'
-73.9959,40.6933,41,780,'NYJoralemon St10003+NYGarden Pl+10003|NYGarden Pl10003'
-73.9959,40.6914,156,1438,'NYHenry St10003+NYState St+10003'
-73.9959,40.7328,4019,6804,'NYW 9th St10003|NYW 9th St10003+NYE 9 St+10003|NYW 9th St10003+NY5th Ave+10003|NYW 9th St10003+NYE 9th St+10003|NYE 9 St10003|NYE 9 St10003+NYW 9 St+10003|NYE 9 St10003+NY5th Ave+10003|NYW 9 St10003|NYW 9 St10003+NY5th Ave+10003|NYW 9 St10003+NYE 9th St+10003|NY5th Ave10003+NYE 9th St+10003|NYE 9th St10003'
-73.9959,40.8360,1,0,'NJBruce St10003|NJBruce St10003+NJElm Ave+10003'
-73.9959,40.6680,8,21,'NY16th St10003|NY16th St10003+NYHamilton Ave+10003'
-73.9959,40.6696,4,148,'NY2nd Ave10003+NY14th St+10003'
-73.9959,40.6069,2,35,'NY82nd St10003+NY20th Ave+10003'
-73.9959,40.7244,2908,380,'NYJersey St10003+NYLafayette St+10003'
-73.9959,40.7387,5033,4794,'NY6th Ave10003+NYW 16 St+10003|NY6th Ave10003+NYW 16th St+10003|NY6 Ave10003+NYW 16 St+10003|NY6 Ave10003+NYW 16th St+10003|NYAve of the Americas10003+NYW 16 St+10003|NYAve of the Americas10003+NYW 16th St+10003'
-73.9959,40.6952,222,1184,'NYHicks St10003+NYMontague St+10003'
-73.9958,40.7252,3217,1818,'NYE Houston St10003+NYCrosby St+10003'
-73.9958,40.7265,3687,2698,'NYBleecker St10003+NYBroadway+10003'
-73.9958,40.7976,0,1,'NJCove Ln10003|NJCove Ln10003+NJHillside Rd+10003|NJCove Ln10003+NJRiver Rd+10003'
-73.9958,40.7541,5851,5427,'NYW 35th St10003+NY9 Ave+10003|NYW 35th St10003+NY9th Ave+10003|NY9 Ave10003+NYW 35 St+10003|NY9th Ave10003+NYW 35 St+10003'
-73.9958,40.6418,0,11,'NY44th St10003+NY10th Ave+10003'
-73.9958,40.7292,269,252,'NYW 4th St10003+NYGreene St+10003|NYGreene St10003|NYGreene St10003+NYW 4 St+10003'
-73.9958,40.5778,0,2,'NYW 29th St10003|NYW 29th St10003+NYNeptune Ave+10003'
-73.9958,40.6655,0,11,'NY3rd Ave10003+NY18th St+10003'
-73.9958,40.6788,239,256,'NYSmith St10003+NY3rd St+10003|NY3rd St10003'
-73.9958,40.7994,2,2,'NJBulls Ferry Rd10003+NJBergen Ridge Rd+10003|NJBergen Ridge Rd10009'
-73.9958,40.7564,187,148,'NYDyer Ave10003+NYI 495+10003|NYDyer Ave10003+NYLincoln Tunl+10003|NYDyer Ave10003+NYW 38th St+10003|NYI 49510001|NYI 49510001+NYW 38th St+10001|NYLincoln Tunl10001|NYLincoln Tunl10001+NYW 38th St+10001'
-73.9958,40.6105,0,8,'NY78th St10003+NY19th Ave+10003'
-73.9958,40.6591,6,19,'NY5th Ave10003+NY25th St+10003|NY25th St10003'
-73.9958,40.7209,1992,2419,'NYMott St10003+NYKenmare St+10003'
-73.9957,40.7491,4091,5072,'NY8 Ave10003+NYW 29th St+10003|NY8th Ave10003+NYW 29th St+10003'
-73.9957,40.6202,0,1,'NYOvington Ct10003|NYOvington Ct10003+NY67th St+10003'
-73.9957,40.6281,1,7,'NY14th Ave10003+NY59th St+10003'
-73.9957,40.6728,50,49,'NY10th St10003'
-73.9957,40.6874,538,394,'NYWarren St10003+NYClinton St+10003'
-73.9957,40.8071,0,2,'NJPalisade Ave10003|NJPalisade Ave10003+NJPalisade Ave+10003'
-73.9957,40.7234,4400,2050,'NYPrince St10003+NYMulberry St+10003'
-73.9957,40.8126,1,0,'NJFulton Ave10003+NJDay Ave+10003'
-73.9957,40.8294,1,0,'NJLincoln Ave10003|NJLincoln Ave10003+NJStudio Rd+10003'
-73.9957,40.7188,350,1109,'NYGrand St10003+NYElizabeth St+10003'
-73.9957,40.6997,36,106,'NYOrange St10003|NYOrange St10003+NYColumbia Hts+10003'
-73.9957,40.6454,3,28,'NY9th Ave10003+NY40th St+10003'
-73.9957,40.8627,0,1,'NJStation Pkwy10003+NJMaple St+10003'
-73.9957,40.6627,36,312,'NY4th Ave10003+NY21st St+10003'
-73.9957,40.6790,458,142,'NY2nd Pl10003|NY2nd Pl10003+NYSmith St+10003'
-73.9956,40.7441,12777,9112,'NY7 Ave10003+NYW 23rd St+10003|NY7th Ave10003+NYW 23rd St+10003'
-73.9956,40.7556,192,754,'NYLincoln Tunnel Expy10001+NYW 37th St+10001|NYLincoln Tunnel Expy10001|NYLincoln Tunnel Expy10001+NYI 495+10001|NYI 49510001|NYI 49510001+NYW 37th St+10001|NYI 49510001+NYI 495+10001|NYW 37th St10003+NYI 495+10003'
-73.9956,40.7680,211,573,'NY12th Ave10002+NYW 52nd St+10002|NYW 52nd St10003|NYW 52nd St10003+NYState Rte 9a+10003|NYW 52nd St10003+NYWest St+10003'
-73.9956,40.6317,1,12,'NY13th Ave10003+NY55th St+10003'
-73.9956,40.8057,0,1,'NJMark Pl10003'
-73.9956,40.6002,0,24,'NYBenson Ave10003+NYBay Pkwy+10003|NYBenson Ave10003+NY22nd Ave+10003'
-73.9956,40.7282,1108,1763,'NYW 3rd St10003+NYMercer St+10003|NYMercer St10003+NYW 3 St+10003'
-73.9956,40.7307,1060,2063,'NYWashington Sq N10003|NYWashington Sq N10003+NYWaverly Pl+10003|NYWashington Sq N10003+NYWashington Sq E+10003|NYWashington Sq N10003+NYUniversity Pl+10003|NYWaverly Pl10003|NYWaverly Pl10003+NYWashington Sq E+10003|NYWaverly Pl10003+NYUniversity Pl+10003|NYWashington Sq E10003|NYWashington Sq E10003+NYUniversity Pl+10003|NYUniversity Pl10003'
-73.9956,40.7572,74,90,'NYI 49510001+NYW 39th St+10001|NYI 49510001+NYW 39 St+10001'
-73.9955,40.6959,122,303,'NYHicks St10003+NYPierrepont St+10003'
-73.9955,40.6214,1,16,'NY66th St10003+NY16th Ave+10003'
-73.9955,40.7646,6458,8187,'NY11 Ave10003+NYW 48th St+10003|NY11 Ave10003+NYW 48 St+10003|NYW 48th St10003+NY11th Ave+10003|NYW 48 St10003+NY11th Ave+10003'
-73.9955,40.7567,29,15,'NYLincoln Tunnel Expy10001|NYDyer Ave10003+NYI 495+10003'
-73.9955,40.6398,0,8,'NY46th St10003+NYFort Hamilton Pkwy+10003'
-73.9955,40.5946,0,5,'NYBay 35th St10003|NYBay 35th St10003+NYCropsey Ave+10003'
-73.9955,40.6879,394,124,'NYVarandah Pl10003|NYVarandah Pl10003+NYVerandah Pl+10003|NYVarandah Pl10003+NYClinton St+10003|NYVerandah Pl10003|NYVerandah Pl10003+NYClinton St+10003'
-73.9955,40.8603,0,1,'NJState Rte 9310002+NJPark Ave+10002|NJGrand Ave10002+NJPark Ave+10002|NJPark Ave10003'
-73.9955,40.7334,2581,4495,'NYE 10 St10003|NYE 10 St10003+NYW 10th St+10003|NYE 10 St10003+NYW 10 St+10003|NYE 10 St10003+NY5th Ave+10003|NYE 10th St10003|NYE 10th St10003+NYW 10th St+10003|NYE 10th St10003+NYW 10 St+10003|NYE 10th St10003+NY5th Ave+10003|NYW 10th St10003|NYW 10th St10003+NY5th Ave+10003|NYW 10 St10003|NYW 10 St10003+NY5th Ave+10003'
-73.9955,40.7596,10696,10744,'NYW 42nd St10003+NY10th Ave+10003|NYW 42nd St10003+NY10 Ave+10003'
-73.9955,40.7216,2316,4349,'NYMott St10003+NYSpring St+10003'
-73.9955,40.8529,0,1,'NJW Edsall Blvd10003+NJHighland Ave+10003|NJHighland Ave10003'
-73.9954,40.7393,9218,4672,'NY6th Ave10003+NYW 17th St+10003|NY6th Ave10003+NYW 17 St+10003|NYW 17th St10003+NY6 Ave+10003|NYW 17th St10003+NYAve of the Americas+10003|NY6 Ave10003+NYW 17 St+10003|NYAve of the Americas10003+NYW 17 St+10003'
-73.9954,40.9395,0,1,'NJIvy Pl10003|NJIvy Pl10003+NJPark Ave+10003'
-73.9954,40.6039,0,6,'NY85th St10003+NY21st Ave+10003'
-73.9954,40.7173,3208,2474,'NYHester St10003+NYBowery+10003'
-73.9954,40.6177,0,9,'NY70th St10003+NY17th Ave+10003'
-73.9954,40.8274,0,1,'NJState Rte 6310002+NJArt Ln+10002|NJBergen Blvd10002+NJArt Ln+10002'
-73.9954,40.8208,3,4,'NJPark Ave10003+NJ7th St+10003'
-73.9954,40.6702,1,34,'NY13th St10003+NY2nd Ave+10003'
-73.9954,40.6858,15,209,'NYTompkins Pl10003|NYTompkins Pl10003+NYKane St+10003'
-73.9954,40.7003,31,68,'NYCranberry St10003|NYCranberry St10003+NYColumbia Hts+10003'
-73.9954,40.6795,317,172,'NY2nd St10003|NY2nd St10003+NYSmith St+10003'
-73.9954,40.6140,0,5,'NYCristoforo Colombo Blvd10003+NY74th St+10003|NY74th St10003+NY18th Ave+10003'
-73.9954,40.7569,18,15,'NYDyer Ave10003|NYDyer Ave10003+NYDyer Ave+10003|NYDyer Ave10003+NYI 495+10003'
-73.9954,40.6388,5,7,'NY47th St10003+NY11th Ave+10003'
-73.9954,40.7547,3419,3820,'NY9 Ave10003+NYW 36 St+10003|NY9 Ave10003+NYW 36th St+10003|NYW 36 St10003+NY9th Ave+10003|NY9th Ave10003+NYW 36th St+10003'
-73.9954,40.7241,265,252,'NYJersey St10003|NYJersey St10003+NYMulberry St+10003'
-73.9953,40.7562,50,52,'NYI 49510001+NYW 38th St+10001'
-73.9953,40.7974,0,12,'NJCove Ln10003|NJCove Ln10003+NJRoc Harbour Dr+10003|NJCove Ln10003+NJCove Ln+10003|NJRoc Harbour Dr10003|NJRoc Harbour Dr10003+NJCove Ln+10003'
-73.9953,40.6882,347,270,'NYCongress St10003+NYClinton St+10003'
-73.9953,40.6250,0,10,'NY62nd St10003+NY15th Ave+10003'
-73.9953,40.6938,8,44,'NYGrace Court Aly10003'
-73.9953,40.7251,7597,1780,'NYLafayette St10003+NYE Houston St+10003'
-73.9953,40.6964,56,577,'NYLove Ln10003|NYLove Ln10003+NYHicks St+10003'
-73.9953,40.6028,0,3,'NYBay 28th St10003|NYBay 28th St10003+NY86th St+10003'
-73.9953,40.5944,0,5,'NY24th Ave10003|NY24th Ave10003+NYCropsey Ave+10003'
-73.9953,40.7298,38,207,'NYGreene St10003+NYWashington Pl+10003'
-73.9953,40.6074,1,5,'NY81st St10003+NY20th Ave+10003'
-73.9953,40.7497,10037,9964,'NY8 Ave10003+NYW 30th St+10003|NY8 Ave10003+NYW 30 St+10003|NY8th Ave10003+NYW 30th St+10003|NY8th Ave10003+NYW 30 St+10003'
-73.9953,40.5922,1,0,'NYBay 38th St10003|NYBay 38th St10003+NYShore Pkwy+10003'
-73.9953,40.7272,1783,1328,'NYBond St10003|NYBond St10003+NYBroadway+10003'
-73.9953,40.7571,91,113,'NYDyer Ave10003+NYW 39th St+10003|NYDyer Ave10003+NYW 39 St+10003'
-73.9953,40.7199,1601,1475,'NYBroome St10003+NYElizabeth St+10003'
-73.9952,40.5932,0,1,'NYShore Pkwy N10003+NYBay 37th St+10003|NYBay 37th St10003'
-73.9952,40.7006,14,15,'NYBrooklyn Queens Expy10001+NYColumbia Hts+10001|NYI 27810001+NYColumbia Hts+10001'
-73.9952,40.8550,0,1,'NJW Oakdene Ave10003+NJHillside Ave+10003|NJHillside Ave10003|NJHillside Ave10003+NJOakdene Ave+10003'
-73.9952,40.6837,312,1567,'NYDegraw St10003+NYCourt St+10003'
-73.9952,40.6424,0,22,'NY10th Ave10003+NY43rd St+10003'
-73.9952,40.9345,0,1,'NJMerritt Ave10003|NJMerritt Ave10003+NJN Washington Ave+10003'
-73.9952,40.5971,0,3,'NY23rd Ave10003+NYBath Ave+10003'
-73.9952,40.6661,7,78,'NY3rd Ave10003+NY17th St+10003|NY17th St10003'
-73.9952,40.6670,6,11,'NYProspect Ave10003|NYProspect Ave10003+NY3rd Ave+10003|NYProspect Ave10003+NYHamilton Ave+10003|NY3rd Ave10003|NY3rd Ave10003+NYHamilton Ave+10003'
-73.9952,40.6110,3,4,'NY19th Ave10003+NY77th St+10003'
-73.9952,40.8092,1,0,'NJRothwell Ave10003|NJRothwell Ave10003+NJDesoto Pl+10003'
-73.9952,40.6597,1,25,'NY5th Ave10003+NY24th St+10003'
-73.9952,40.6287,0,6,'NY14th Ave10003+NY58th St+10003'
-73.9952,40.7448,6972,5507,'NY7 Ave10003+NYW 24th St+10003|NY7th Ave10003+NYW 24th St+10003'
-73.9951,40.6752,0,1,'NY7th St10003'
-73.9951,40.6798,295,171,'NYSmith St10003+NY1st Pl+10003|NY1st Pl10003'
-73.9951,40.6199,2,21,'NY67th St10003+NYCameron Ct+10003|NYCameron Ct10003'
-73.9951,40.7312,485,265,'NYWashington Mews10003|NYWashington Mews10003+NYUniversity Pl+10003'
-73.9951,40.5740,0,2,'NYW 29th St10003+NYRailroad Ave+10003|NYRailroad Ave10003'
-73.9951,40.6633,49,177,'NY4th Ave10003+NY20th St+10003'
-73.9951,40.6459,2,33,'NY9th Ave10003+NY39th St+10003'
-73.9951,40.7653,910,1473,'NY11 Ave10003+NYW 49th St+10003|NY11 Ave10003+NYW 49 St+10003|NYW 49th St10003+NY11th Ave+10003|NYW 49 St10003+NY11th Ave+10003'
-73.9951,40.7561,163,187,'NYI 49510001+NYW 38th St+10001'
-73.9951,40.6931,157,1268,'NYHenry St10003+NYJoralemon St+10003'
-73.9951,40.6341,1,7,'NYNew Utrecht Ave10003+NY52nd St+10003'
-73.9951,40.6912,231,628,'NYState St10003+NYSidney Pl+10003|NYSidney Pl10003'
-73.9951,40.7288,685,1484,'NYW 4th St10003+NYMercer St+10003|NYMercer St10003+NYW 4 St+10003'
-73.9951,40.7261,436,1012,'NYBleecker St10003+NYCrosby St+10003|NYCrosby St10003'
-73.9951,40.8020,6,6,'NJBergen Ridge Rd10009'
-73.9951,40.7340,2243,4032,'NYW 11th St10003|NYW 11th St10003+NYE 11th St+10003|NYW 11th St10003+NYE 11 St+10003|NYW 11th St10003+NY5th Ave+10003|NYW 11 St10003|NYW 11 St10003+NYE 11th St+10003|NYW 11 St10003+NYE 11 St+10003|NYW 11 St10003+NY5th Ave+10003|NYE 11th St10003|NYE 11th St10003+NY5th Ave+10003|NYE 11 St10003|NYE 11 St10003+NY5th Ave+10003'
-73.9951,40.8449,1,0,'NJGlen Ave10003+NJE Brinkerhoff Ave+10003'
-73.9950,40.6322,0,10,'NY54th St10003+NY13th Ave+10003'
-73.9950,40.7266,248,308,'NYShinbone Aly10003|NYShinbone Aly10003+NYJones Aly+10003|NYJones Aly10003'
-73.9950,40.7025,17,24,'NYFurman St10003+NYDoughty St+10003|NYDoughty St10003'
-73.9950,40.7399,6840,3728,'NY6th Ave10003+NYW 18 St+10003|NY6th Ave10003+NYW 18th St+10003|NY6 Ave10003+NYW 18 St+10003|NY6 Ave10003+NYW 18th St+10003|NYAve of the Americas10003+NYW 18 St+10003|NYAve of the Americas10003+NYW 18th St+10003'
-73.9950,40.6665,4,14,'NY3rd Ave10003+NYHamilton Ave+10003|NYHamilton Ave10003'
-73.9950,40.6889,413,346,'NYAmity St10003+NYClinton St+10003'
-73.9950,40.4077,0,1,'NJBeach Blvd10003'
-73.9950,40.7603,6606,8567,'NYW 43rd St10003+NY10th Ave+10003|NYW 43rd St10003+NY10 Ave+10003'
-73.9950,40.7206,3089,2248,'NYElizabeth St10003+NYKenmare St+10003'
-73.9950,40.6349,1,1,'NY51st St10003+NYNew Utrecht Ave+10003'
-73.9949,40.8068,1,5,'NJManhattan Pl10003'
-73.9949,40.7553,5316,5135,'NY9 Ave10003+NYW 37th St+10003|NY9th Ave10003+NYW 37th St+10003'
-73.9949,40.6210,1,7,'NYOvington Ct10003|NYOvington Ct10003+NY66th St+10003'
-73.9949,40.7230,3543,4631,'NYMott St10003+NYPrince St+10003'
-73.9949,40.7030,3,2,'NYCadman Plz W10003|NYOld Fulton St10003'
-73.9949,40.7250,5073,3311,'NYE Houston St10003+NYMulberry St+10003'
-73.9949,40.5729,1,5,'NYW 29th St10003+NYSurf Ave+10003'
-73.9949,40.6844,104,539,'NYCourt St10003+NYDouglass St+10003|NYDouglass St10003'
-73.9949,40.7158,270,258,'NYChrystie St10003+NYCanal St+10003'
-73.9949,40.6708,0,15,'NY2nd Ave10003+NY12th St+10003'
-73.9949,40.6358,0,5,'NY50th St10003+NY12th Ave+10003'
-73.9949,40.6255,0,1,'NY61st St10003|NY61st St10003+NY15th Ave+10003'
-73.9949,40.6802,289,155,'NYCarroll St10003|NYCarroll St10003+NYSmith St+10003'
-73.9949,40.8498,0,1,'NJE Washington Pl10003|NJE Washington Pl10003+NJ1st St+10003'
-73.9949,40.7142,180,193,'NYMarket St10003|NYMarket St10003+NYDivision St+10003'
-73.9949,40.6668,4,8,'NY3rd Ave10003+NYProspect Ave+10003'
-73.9948,40.6044,0,7,'NY84th St10003+NY21st Ave+10003'
-73.9948,40.6358,0,8,'NY50th St10003+NYNew Utrecht Ave+10003'
-73.9948,40.7503,29817,18728,'NYW 31st St10003+NY8 Ave+10003|NYW 31st St10003+NY8th Ave+10003|NY8 Ave10003+NYW 31 St+10003|NY8th Ave10003+NYW 31 St+10003'
-73.9948,40.5940,0,6,'NY24th Ave10003|NY24th Ave10003+NYHarway Ave+10003|NY24th Ave10003+NYCropsey Ave+10003|NYHarway Ave10003|NYHarway Ave10003+NYCropsey Ave+10003'
-73.9948,40.6182,0,9,'NY69th St10003+NY17th Ave+10003|NYBay Ridge Ave10003+NY17th Ave+10003'
-73.9948,40.6994,14,259,'NYWillow St10003+NYOrange St+10003'
-73.9948,40.6937,34,436,'NYHenry St10003+NYHunts Ln+10003|NYHunts Ln10003'
-73.9948,40.5998,0,9,'NYBenson Ave10003+NYBay 31st St+10003'
-73.9948,40.7304,200,641,'NYWaverly Pl10003+NYGreene St+10003'
-73.9948,40.7577,130,336,'NYW 40th St10003+NYDyer Ave+10003|NYDyer Ave10003+NYW 40 St+10003'
-73.9948,40.7185,3521,2273,'NYGrand St10003+NYBowery+10003'
-73.9948,40.8052,1,1,'NJWall St10003|NJWall St10003+NJFrancis Pl+10003|NJFrancis Pl10003'
-73.9948,40.6146,0,10,'NYCristoforo Colombo Blvd10003+NY73rd St+10003|NY18th Ave10003+NY73rd St+10003'
-73.9948,40.6403,2,11,'NYFort Hamilton Pkwy10003+NY45th St+10003'
-73.9948,40.6394,0,2,'NY11th Ave10003+NY46th St+10003'
-73.9948,40.7316,2556,1804,'NYE 8 St10003+NYUniversity Pl+10003|NYE 8th St10003+NYUniversity Pl+10003'
-73.9948,40.8030,0,1,'NJBergen Ridge Rd10003'
-73.9948,40.7278,2929,1829,'NYW 3rd St10003|NYW 3rd St10003+NYGreat Jones St+10003|NYW 3rd St10003+NYBroadway+10003|NYGreat Jones St10003|NYGreat Jones St10003+NYW 3 St+10003|NYGreat Jones St10003+NYBroadway+10003|NYW 3 St10003|NYW 3 St10003+NYBroadway+10003'
-73.9947,40.5779,0,3,'NYW 28th St10003|NYW 28th St10003+NYNeptune Ave+10003'
-73.9947,40.6366,1,9,'NYNew Utrecht Ave10003+NY49th St+10003'
-73.9947,40.7269,462,1096,'NYShinbone Aly10003+NYBond St+10003'
-73.9947,40.5715,0,1,'NYW 29th St10003'
-73.9947,40.6080,0,6,'NY80th St10003+NY20th Ave+10003'
-73.9947,40.7030,115,39,'NYFurman St10003|NYFurman St10003+NYCadman Plz W+10003|NYFurman St10003+NYOld Fulton St+10003'
-73.9947,40.7454,5862,7140,'NYW 25th St10003+NY7 Ave+10003|NYW 25th St10003+NY7th Ave+10003'
-73.9947,40.7213,3407,3663,'NYSpring St10003+NYElizabeth St+10003'
-73.9947,40.7151,304,112,'NYChrystie St10003|NYChrystie St10003+NYManhattan Brg+10003'
-73.9947,40.7692,190,1102,'NY12th Ave10002+NYW 54 St+10002|NY12th Ave10002+NYW 54th St+10002|NYState Rte 9a10002+NYW 54 St+10002|NYState Rte 9a10002+NYW 54th St+10002|NYW 54 St10003|NYW 54 St10003+NYWest St+10003|NYWest St10002+NYW 54th St+10002|NYW 54th St10003'
-73.9947,40.6463,0,2,'NY9th Ave10003+NYNew Utrecht Ave+10003|NYNew Utrecht Ave10003'
-73.9947,40.6896,463,429,'NYPacific St10003+NYClinton St+10003'
-73.9947,40.7948,0,5,'NJMarine Rd10003'
-73.9947,40.7008,18,20,'NYBrooklyn Queens Expy10001+NYMiddagh St+10001|NYMiddagh St10003|NYMiddagh St10003+NYI 278+10003'
-73.9947,40.8524,0,1,'NJE Edsall Blvd10003|NJE Edsall Blvd10003+NJBroad Ave+10003|NJE Edsall Blvd10003+NJW Edsall Blvd+10003|NJBroad Ave10003+NJW Edsall Blvd+10003|NJW Edsall Blvd10003'
-73.9947,40.6753,0,1,'NY6th St10003'
-73.9947,40.6805,591,284,'NYSmith St10003+NYCarroll St+10003|NYCarroll St10003'
-73.9946,40.7041,7,5,'NYBrooklyn Brg10002'
-73.9946,40.7259,4139,1449,'NYLafayette St10003+NYBleecker St+10003'
-73.9946,40.9308,1,1,'NJBell Pl10003'
-73.9946,40.6375,0,12,'NY48th St10003+NYNew Utrecht Ave+10003'
-73.9946,40.6429,2,13,'NY10th Ave10003+NY42nd St+10003'
-73.9946,40.7659,1041,1144,'NY11 Ave10003+NYW 50th St+10003|NYW 50th St10003+NY11th Ave+10003'
-73.9946,40.6941,139,962,'NYHenry St10003+NYRemsen St+10003'
-73.9946,40.6979,212,1931,'NYHicks St10003+NYClark St+10003'
-73.9946,40.7019,11,2,'NYVine St10003|NYVine St10003+NYColumbia Hts+10003|NYVine St10003+NYEverit St+10003|NYColumbia Hts10003|NYColumbia Hts10003+NYEverit St+10003|NYEverit St10003'
-73.9946,40.6116,1,7,'NY19th Ave10003+NY76th St+10003'
-73.9946,40.7404,6366,3990,'NYW 19 St10003+NY6th Ave+10003|NYW 19 St10003+NY6 Ave+10003|NYW 19 St10003+NYAve of the Americas+10003|NY6th Ave10003+NYW 19th St+10003|NYW 19th St10003+NY6 Ave+10003|NYW 19th St10003+NYAve of the Americas+10003'
-73.9946,40.5925,0,8,'NYBay 38th St10003|NYBay 38th St10003+NYShore Pkwy N+10003'
-73.9946,40.6602,7,219,'NY5th Ave10003+NY23rd St+10003'
-73.9946,40.7042,5,8,'NYBrooklyn Brg10002|NYBrooklyn Brg10002+NYBrooklyn Brg+10002'
-73.9946,40.6024,0,18,'NYBay 29th St10003|NYBay 29th St10003+NY86th St+10003'
-73.9946,40.7137,217,365,'NYMarket St10003+NYE Broadway+10003'
-73.9946,40.7347,4340,4362,'NYE 12th St10003|NYE 12th St10003+NYW 12 St+10003|NYE 12th St10003+NYW 12th St+10003|NYE 12th St10003+NY5th Ave+10003|NYW 12 St10003|NYW 12 St10003+NYE 12 St+10003|NYW 12 St10003+NY5th Ave+10003|NYE 12 St10003|NYE 12 St10003+NYW 12th St+10003|NYE 12 St10003+NY5th Ave+10003|NYW 12th St10003|NYW 12th St10003+NY5th Ave+10003'
-73.9946,40.6766,1,5,'NY5th St10003|NY5th St10003+NYHoyt St+10003|NYHoyt St10003'
-73.9946,40.6292,0,2,'NY57th St10003+NY14th Ave+10003'
-73.9946,40.6851,151,393,'NYCourt St10003+NYButler St+10003|NYButler St10003'
-73.9946,40.6961,24,94,'NYCollege Pl10003|NYCollege Pl10003+NYLove Ln+10003'
-73.9945,40.7294,166,483,'NYMercer St10003+NYWashington Pl+10003'
-73.9945,40.8370,0,1,'NJShetland Ln10003+NJMaple Ave+10003|NJMaple Ave10003'
-73.9945,40.6673,3,65,'NY3rd Ave10003|NY3rd Ave10003+NY3rd Ave+10003|NY3rd Ave10003+NY16th St+10003|NY16th St10003+NY3rd Ave+10003'
-73.9945,40.6383,0,6,'NY47th St10003+NYNew Utrecht Ave+10003'
-73.9945,40.8090,0,1,'NJDesoto Pl10003|NJDesoto Pl10003+NJPalisade Ave+10003'
-73.9945,40.6195,0,4,'NYWallaston Ct10003|NYWallaston Ct10003+NY67th St+10003'
-73.9945,40.7001,15,238,'NYWillow St10003+NYCranberry St+10003'
-73.9945,40.6456,2,9,'NYNew Utrecht Ave10003+NY39th St+10003'
-73.9945,40.7609,5474,3502,'NYW 44th St10003+NY10th Ave+10003|NYW 44th St10003+NY10 Ave+10003'
-73.9945,40.5966,0,5,'NYBay 34th St10003+NYBath Ave+10003'
-73.9945,40.6638,54,281,'NY19th St10003+NY4th Ave+10003'
-73.9945,40.7559,4041,3480,'NY9 Ave10003+NYW 38th St+10003|NY9th Ave10003+NYW 38th St+10003'
-73.9945,40.8545,0,1,'NJOrchard Ave10003|NJOrchard Ave10003+NJW Oakdene Ave+10003|NJOrchard Ave10003+NJOakdene Ave+10003'
-73.9945,40.7258,1392,980,'NYBleecker St10003+NYMulberry St+10003|NYMulberry St10003'
-73.9945,40.6924,16,88,'NYAitken Pl10003|NYAitken Pl10003+NYSidney Pl+10003'
-73.9945,40.7130,154,946,'NYMarket St10003+NYHenry St+10003'
-73.9945,40.7143,126,64,'NYDivision St10003+NYManhattan Brg+10003'
-73.9945,40.7023,15,11,'NYDoughty St10003+NYEverit St+10003'
-73.9945,40.6328,0,16,'NY13th Ave10003+NY53rd St+10003'
-73.9945,40.9322,0,2,'NJHickory Ave10003+NJViolet Ct+10003|NJViolet Ct10003'
-73.9944,40.7029,174,55,'NYWater St10003|NYWater St10003+NYCadman Plz W+10003|NYWater St10003+NYOld Fulton St+10003'
-73.9944,40.6392,0,7,'NY46th St10003+NYNew Utrecht Ave+10003'
-73.9944,40.7170,464,970,'NYHester St10003|NYHester St10003+NYChrystie St+10003'
-73.9944,40.7194,2081,1112,'NYBroome St10003|NYBroome St10003+NYBowery+10003'
-73.9944,40.6662,11,98,'NYProspect Expy10002|NYState Rte 2710002'
-73.9944,40.6855,118,340,'NYCourt St10003+NYKane St+10003|NYKane St10003'
-73.9944,40.7263,1604,466,'NYLafayette St10003+NYJones Aly+10003'
-73.9944,40.6809,507,131,'NYSmith St10003+NYPresident St+10003|NYPresident St10003'
-73.9944,40.6714,2,3,'NY11th St10003+NY2nd Ave+10003'
-73.9944,40.7195,2103,2099,'NYBroome St10003|NYBroome St10003+NYBowery+10003'
-73.9944,40.7584,338,999,'NYW 41st St10003+NYDyer Ave+10003'
-73.9944,40.8079,1,2,'NJColumbus Pl10003|NJColumbus Pl10003+NJManhattan Pl+10003|NJManhattan Pl10003'
-73.9944,40.6902,2490,1130,'NYAtlantic Ave10003+NYClinton St+10003'
-73.9944,40.7971,2,22,'NJRiverview Cir10003|NJRiverview Cir10003+NJRoc Harbour Dr+10003|NJRiverview Cir10003+NJN Cove Ln+10003|NJRiverview Cir10003+NJCove Ln N+10003|NJRiverview Cir10003+NJCove Ln+10003|NJRoc Harbour Dr10003|NJRoc Harbour Dr10003+NJN Cove Ln+10003|NJRoc Harbour Dr10003+NJCove Ln N+10003|NJRoc Harbour Dr10003+NJCove Ln+10003|NJRoc Harbour Dr10003+NJRiver View Cir+10003|NJN Cove Ln10003|NJN Cove Ln10003+NJCove Ln+10003|NJN Cove Ln10003+NJRiver View Cir+10003|NJCove Ln N10003|NJCove Ln N10003+NJCove Ln+10003|NJCove Ln N10003+NJRiver View Cir+10003|NJCove Ln10003|NJCove Ln10003+NJRiver View Cir+10003|NJRiver View Cir10003'
-73.9943,40.6398,0,3,'NYNew Utrecth Ave10003|NYNew Utrecth Ave10003+NY11th Ave+10003|NY11th Ave10003'
-73.9943,40.6810,1490,604,'NYSmith St10003+NYPresident St+10003|NYPresident St10003'
-73.9943,40.7698,108,1026,'NYW 55 St10003|NYW 55 St10003+NY12th Ave+10003|NYW 55 St10003+NYState Rte 9a+10003|NYW 55 St10003+NYWest St+10003|NYW 55th St10003|NYW 55th St10003+NY12th Ave+10003|NYW 55th St10003+NYState Rte 9a+10003|NYW 55th St10003+NYWest St+10003'
-73.9943,40.6400,0,3,'NYNew Utrecth Ave10003|NYNew Utrecth Ave10003+NY45th St+10003|NYNew Utrecht Ave10003+NY45th St+10003'
-73.9943,40.6406,1,12,'NYNew Utrecht Ave10003+NYFort Hamilton Pkwy+10003'
-73.9943,40.6364,0,7,'NY12th Ave10003+NY49th St+10003'
-73.9943,40.6206,0,9,'NYCameron Ct10003|NYCameron Ct10003+NY66th St+10003'
-73.9943,40.6409,0,1,'NY44th St10003+NYNew Utrecht Ave+10003'
-73.9943,40.6948,296,1657,'NYHenry St10003+NYMontague St+10003'
-73.9943,40.7322,3523,3371,'NYE 9 St10003+NYUniversity Pl+10003|NYUniversity Pl10003+NYE 9th St+10003'
-73.9943,40.6985,100,320,'NYHicks St10003+NYPineapple St+10003'
-73.9943,40.6418,0,2,'NYNew Utrecht Ave10003+NY43rd St+10003'
-73.9943,40.9144,1,0,'NJMorrissey Walk10003|NJMorrissey Walk10003+NJMurray Hill Ter+10003|NJMurray Hill Ter10003'
-73.9943,40.8135,2,2,'NJWashington Pl10003'
-73.9943,40.7156,75,134,'NYForsyth St10003+NYCanal St+10003'
-73.9943,40.6445,0,11,'NYNew Utrecht Ave10003+NY40th St+10003'
-73.9943,40.6050,0,4,'NY83rd St10003+NY21st Ave+10003'
-73.9943,40.7460,11106,11507,'NY7 Ave10003+NYW 26th St+10003|NY7th Ave10003+NYW 26th St+10003'
-73.9943,40.6875,10,180,'NYVarandah Pl10003'
-73.9943,40.6188,0,13,'NY68th St10003+NY17th Ave+10003'
-73.9943,40.6858,124,319,'NYCourt St10003+NYBaltic St+10003|NYBaltic St10003'
-73.9943,40.7284,2153,1243,'NYE 4 St10003|NYE 4 St10003+NYW 4th St+10003|NYE 4 St10003+NYBroadway+10003|NYE 4 St10003+NYW 4 St+10003|NYW 4th St10003|NYW 4th St10003+NYBroadway+10003|NYW 4th St10003+NYE 4th St+10003|NYBroadway10003+NYE 4th St+10003|NYBroadway10003+NYW 4 St+10003|NYE 4th St10003|NYE 4th St10003+NYW 4 St+10003|NYW 4 St10003'
-73.9942,40.7714,61,133,'NY12th Ave10002+NYW 57 St+10002|NY12th Ave10002+NYW 57th St+10002|NYW 57 St10003|NYW 57 St10003+NYState Rte 9a+10003|NYW 57 St10003+NYWest St+10003|NYState Rte 9a10002+NYW 57th St+10002|NYW 57th St10003|NYW 57th St10003+NYWest St+10003'
-73.9942,40.6436,0,14,'NYNew Utrecht Ave10003+NY41st St+10003'
-73.9942,40.8233,0,1,'NJN 8th St10003'
-73.9942,40.6151,1,6,'NYCristoforo Colombo Blvd10003+NY72nd St+10003|NY72nd St10003+NY18th Ave+10003'
-73.9942,40.7007,3,233,'NYWillow St10003+NYMiddagh St+10003'
-73.9942,40.7706,308,608,'NYW 56th St10003|NYW 56 St10003'
-73.9942,40.5935,0,3,'NYBay 37 St10003|NYBay 37 St10003+NYCropsey Ave+10003'
-73.9942,40.8342,0,1,'NJRay Ave10003+NJOak St+10003'
-73.9942,40.7276,1015,552,'NYShinbone Aly10003|NYShinbone Aly10003+NYGreat Jones St+10003|NYShinbone Aly10003+NYGreat Jones Aly+10003|NYGreat Jones St10003+NYGreat Jones Aly+10003|NYGreat Jones Aly10003'
-73.9942,40.6930,32,305,'NYJoralemon St10003+NYSidney Pl+10003|NYSidney Pl10003'
-73.9942,40.7247,4596,6244,'NYMott St10003+NYE Houston St+10003'
-73.9942,40.7028,361,141,'NYCadman Plz W10003+NYEverit St+10003|NYOld Fulton St10003+NYEverit St+10003|NYEverit St10003'
-73.9942,40.7665,1610,1094,'NY11 Ave10003+NYW 51st St+10003|NYW 51st St10003+NY11th Ave+10003'
-73.9942,40.7410,8089,6168,'NY6th Ave10003+NYW 20th St+10003|NY6 Ave10003+NYW 20th St+10003|NYAve of the Americas10003+NYW 20th St+10003'
-73.9942,40.9475,0,2,'NJRichard Dr10003'
-73.9942,40.6772,1,19,'NYHoyt St10003+NY4th St+10003'
-73.9942,40.7227,3876,2395,'NYPrince St10003+NYElizabeth St+10003'
-73.9941,40.6262,0,1,'NY60th St10003+NY15th Ave+10003'
-73.9941,40.7106,30,741,'NYCherry St10003+NYMarket St+10003|NYCherry St10003+NYMarket Slip+10003|NYMarket St10003|NYMarket St10003+NYMarket Slip+10003|NYMarket Slip10003'
-73.9941,40.6086,0,8,'NY79th St10003+NY20th Ave+10003'
-73.9941,40.7266,4706,1727,'NYLafayette St10003+NYBond St+10003'
-73.9941,40.7353,4790,4908,'NYW 13 St10003|NYW 13 St10003+NYE 13 St+10003|NYW 13 St10003+NYE 13th St+10003|NYW 13 St10003+NY5th Ave+10003|NYE 13 St10003|NYE 13 St10003+NYW 13th St+10003|NYE 13 St10003+NY5th Ave+10003|NYW 13th St10003|NYW 13th St10003+NYE 13th St+10003|NYW 13th St10003+NY5th Ave+10003|NYE 13th St10003|NYE 13th St10003+NY5th Ave+10003'
-73.9941,40.5993,0,18,'NYBay 32nd St10003+NYBenson Ave+10003'
-73.9941,40.7101,11,109,'NYMarket Slip10003+NYWater St+10003|NYWater St10003'
-73.9941,40.6970,22,281,'NYCollege Pl10003'
-73.9941,40.6861,137,268,'NYCourt St10003+NYBaltic St+10003|NYBaltic St10003'
-73.9941,40.7022,3,4,'NYDoughty St10003+NYElizabeth Pl+10003|NYElizabeth Pl10003'
-73.9941,40.6408,0,10,'NY44th St10003+NYFort Hamilton Pkwy+10003'
-73.9941,40.6435,0,5,'NY10th Ave10003+NY41st St+10003'
-73.9941,40.7616,4792,4550,'NYW 45 St10003+NY10th Ave+10003|NYW 45 St10003+NY10 Ave+10003|NY10th Ave10003+NYW 45th St+10003|NY10 Ave10003+NYW 45th St+10003'
-73.9941,40.7300,540,1290,'NYMercer St10003+NYWaverly Pl+10003'
-73.9941,40.7011,12,34,'NYWillow St10003|NYWillow St10003+NYBrooklyn Queens Expy+10003|NYWillow St10003+NYI 278+10003'
-73.9940,40.6909,612,421,'NYState St10003+NYClinton St+10003'
-73.9940,40.6678,9,192,'NY3rd Ave10003+NY15th St+10003'
-73.9940,40.7313,763,1436,'NYE 8 St10003+NYGreene St+10003|NYE 8th St10003+NYGreene St+10003|NYGreene St10003'
-73.9940,40.7203,6549,4043,'NYBowery10003+NYDelancey St+10003|NYBowery10003+NYKenmare St+10003|NYDelancey St10003|NYDelancey St10003+NYKenmare St+10003|NYKenmare St10003'
-73.9940,40.8291,0,1,'NJState Rte 6310002+NJWashington Ave+10002|NJBergen Blvd10002+NJWashington Ave+10002|NJWashington Ave10003'
-73.9940,40.7095,67,110,'NYMarket Slip10003|NYMarket Slip10003+NYSouth St+10003'
-73.9940,40.5936,4,3,'NYBay 37th St10003|NYBay 37th St10003+NYBay 37 St+10003|NYBay 37th St10003+NYHarway Ave+10003|NYBay 37 St10003|NYBay 37 St10003+NYHarway Ave+10003'
-73.9940,40.7565,5154,5272,'NY9 Ave10003+NYW 39th St+10003|NY9 Ave10003+NYW 39 St+10003|NYW 39th St10003+NY9th Ave+10003|NYW 39 St10003+NY9th Ave+10003'
-73.9940,40.5919,0,2,'NYShore Pkwy N10003+NY25th Ave+10003|NY25th Ave10003'
-73.9940,40.6608,40,261,'NY5th Ave10003+NY22nd St+10003'
-73.9940,40.8745,1,0,'NJI 9510001|NJI 9510001+NJI 95+10001'
-73.9940,40.6298,0,2,'NY56th St10003+NY14th Ave+10003'
-73.9940,40.6471,2,1,'NY37th St10003+NY9th Ave+10003|NY9th Ave10003'
-73.9940,40.6992,56,376,'NYHicks St10003+NYOrange St+10003'
-73.9940,40.6955,193,841,'NYHenry St10003+NYPierrepont St+10003'
-73.9940,40.6122,0,24,'NY19th Ave10003+NY75th St+10003|NY19th Ave10003+NYBay Ridge Pkwy+10003'
-73.9940,40.7143,140,363,'NYDivision St10003+NYEldridge St+10003|NYEldridge St10003'
-73.9939,40.7515,42924,8945,'NYW 33rd St10003+NY8 Ave+10003|NYW 33rd St10003+NY8th Ave+10003|NYW 33 St10003+NY8 Ave+10003|NYW 33 St10003+NY8th Ave+10003'
-73.9939,40.7590,5291,7648,'NYDyer Ave10003|NYDyer Ave10003+NYW 42nd St+10003'
-73.9939,40.6644,51,195,'NY18th St10003+NY4th Ave+10003'
-73.9939,40.6865,131,348,'NYCourt St10003+NYWarren St+10003|NYWarren St10003'
-73.9939,40.6720,2,8,'NY10th St10003+NY2nd Ave+10003'
-73.9939,40.6192,0,19,'NY67th St10003+NY17th Ave+10003'
-73.9939,40.6333,0,9,'NY13th Ave10003+NY52nd St+10003'
-73.9938,40.5961,1,11,'NYBay 35th St10003+NYBath Ave+10003'
-73.9938,40.7260,171,543,'NYJones Aly10003'
-73.9938,40.7279,431,877,'NYGreat Jones Aly10003'
-73.9938,40.5730,0,6,'NYW 28th St10003+NYSurf Ave+10003'
-73.9938,40.7181,1873,1563,'NYChrystie St10003+NYGrand St+10003'
-73.9938,40.8006,0,1,'NJHillside Rd10003+NJBulls Ferry Rd+10003|NJBulls Ferry Rd10003|NJBulls Ferry Rd10003+NJRiver Rd+10003'
-73.9938,40.8519,0,3,'NJE Edsall Blvd10003+NJLincoln St+10003'
-73.9938,40.7327,3709,4227,'NYE 10 St10003+NYUniversity Pl+10003|NYE 10th St10003+NYUniversity Pl+10003'
-73.9938,40.7466,7009,5325,'NYW 27th St10003+NY7 Ave+10003|NYW 27th St10003+NY7th Ave+10003|NY7 Ave10003+NYW 27 St+10003|NYW 27 St10003+NY7th Ave+10003'
-73.9938,40.6020,4,40,'NYBay Pkwy10003+NY86th St+10003|NY22nd Ave10003+NY86th St+10003'
-73.9938,40.7027,281,215,'NYCadman Plz W10003+NYElizabeth Pl+10003|NYElizabeth Pl10003|NYElizabeth Pl10003+NYOld Fulton St+10003'
-73.9938,40.7209,9512,6251,'NYSpring St10003|NYSpring St10003+NYBowery+10003'
-73.9938,40.6868,137,501,'NYWarren St10003|NYWarren St10003+NYCourt St+10003'
-73.9938,40.6959,95,1216,'NYHenry St10003+NYLove Ln+10003'
-73.9938,40.8258,1,0,'NJHighridge Ave10003'
-73.9938,40.5903,0,1,'NYBay 41st St10003|NYBay 41st St10003+NYShore Pkwy+10003'
-73.9938,40.7256,169,970,'NYMott St10003|NYMott St10003+NYBleecker St+10003'
-73.9937,40.7290,1514,869,'NYBroadway10003+NYWashington Pl+10003|NYWashington Pl10003'
-73.9937,40.7416,13529,10279,'NYW 21 St10003+NY6th Ave+10003|NYW 21 St10003+NY6 Ave+10003|NYW 21 St10003+NYAve of the Americas+10003|NY6th Ave10003+NYW 21st St+10003|NY6 Ave10003+NYW 21st St+10003|NYAve of the Americas10003+NYW 21st St+10003'
-73.9937,40.6369,0,19,'NY48th St10003+NY12th Ave+10003'
-73.9937,40.6915,267,427,'NYSchermerhorn St10003|NYSchermerhorn St10003+NYClinton St+10003'
-73.9937,40.6203,0,15,'NYWallaston Ct10003|NYWallaston Ct10003+NY66th St+10003'
-73.9937,40.6778,38,268,'NYHoyt St10003+NY3rd St+10003'
-73.9937,40.7671,1727,1206,'NY11 Ave10003+NYW 52nd St+10003|NYW 52nd St10003+NY11th Ave+10003'
-73.9937,40.6232,0,10,'NY63rd St10003+NY16th Ave+10003'
-73.9937,40.7167,15,175,'NYHester St10003'
-73.9937,40.7722,23,53,'NY12th Ave10002+NYW 58th St+10002|NYW 58th St10003|NYW 58th St10003+NYState Rte 9a+10003|NYW 58th St10003+NYWest St+10003'
-73.9937,40.5780,0,2,'NYW 27th St10003|NYW 27th St10003+NYNeptune Ave+10003'
-73.9937,40.6056,0,8,'NY82nd St10003+NY21st Ave+10003'
-73.9937,40.6998,110,187,'NYHicks St10003+NYCranberry St+10003'
-73.9937,40.8919,1,0,'NJLorraine Ave10003|NJLorraine Ave10003+NJLoraine Ave+10003|NJLorraine Ave10003+NJLorraine Ave+10003|NJLorraine Ave10003+NJRosemont Pl+10003|NJLoraine Ave10003|NJLoraine Ave10003+NJLorraine Ave+10003|NJLoraine Ave10003+NJRosemont Pl+10003|NJRosemont Pl10003'
-73.9937,40.7047,1,1,'NYNew Dock St10003'
-73.9937,40.6157,2,17,'NYCristoforo Colombo Blvd10003+NY71st St+10003|NY18th Ave10003+NY71st St+10003'
-73.9937,40.9239,0,5,'NJBeucler Pl10003|NJBeucler Pl10003+NJE Clinton Ave+10003'
-73.9936,40.7013,4,24,'NYBrooklyn Queens Expy10001+NYPoplar St+10001|NYI 27810001+NYPoplar St+10001|NYPoplar St10003'
-73.9936,40.5930,0,5,'NYBay 38th St10003+NYCropsey Ave+10003'
-73.9936,40.7273,10076,3656,'NYGreat Jones St10003+NYLafayette St+10003'
-73.9936,40.7033,21,43,'NYWater St10003+NYBrooklyn Brg+10003'
-73.9936,40.7360,7871,6400,'NYW 14th St10003|NYW 14th St10003+NYE 14th St+10003|NYW 14th St10003+NY5th Ave+10003|NYW 14th St10003+NYE 14 St+10003|NYE 14th St10003|NYE 14th St10003+NYW 14 St+10003|NYE 14th St10003+NY5th Ave+10003|NYW 14 St10003|NYW 14 St10003+NY5th Ave+10003|NYW 14 St10003+NYE 14 St+10003|NY5th Ave10003+NYE 14 St+10003|NYE 14 St10003'
-73.9936,40.7131,137,402,'NYHenry St10003+NYForsyth St+10003|NYForsyth St10003'
-73.9936,40.7622,4513,3993,'NYW 46 St10003+NY10th Ave+10003|NYW 46 St10003+NY10 Ave+10003|NY10th Ave10003+NYW 46th St+10003|NY10 Ave10003+NYW 46th St+10003'
-73.9936,40.6871,144,617,'NYCourt St10003+NYWyckoff St+10003|NYWyckoff St10003'
-73.9936,40.7730,12,17,'NYW 59th St10003'
-73.9936,40.7571,7457,11207,'NYW 40th St10003+NY9 Ave+10003|NYW 40th St10003+NY9th Ave+10003|NY9 Ave10003+NYW 40 St+10003|NYW 40 St10003+NY9th Ave+10003'
-73.9936,40.6091,0,9,'NY78th St10003+NY20th Ave+10003'
-73.9935,40.6268,0,2,'NY59th St10003+NY15th Ave+10003'
-73.9935,40.6685,21,203,'NY3rd Ave10003+NY14th St+10003'
-73.9935,40.8540,0,1,'NJW Oakdene Ave10003|NJW Oakdene Ave10003+NJBroad Ave+10003|NJBroad Ave10003+NJOakdene Ave+10003|NJOakdene Ave10003'
-73.9935,40.7216,7549,4541,'NYBowery10003+NYRivington St+10003|NYRivington St10003'
-73.9935,40.8029,0,1,'NJChurchill Rd10003|NJChurchill Rd10003+NJRiver Rd+10003|NJChurchill Rd10003+NJHillside Rd+10003'
-73.9935,40.6441,0,12,'NY10th Ave10003+NY40th St+10003'
-73.9935,40.6823,1945,773,'NYSmith St10003+NYSackett St+10003'
-73.9935,40.7522,18517,14402,'NYW 34th St10003+NY8 Ave+10003|NYW 34th St10003+NY8th Ave+10003'
-73.9935,40.7244,6371,4943,'NYE Houston St10003+NYElizabeth St+10003'
-73.9934,40.6922,447,209,'NYLivingston St10003|NYLivingston St10003+NYAitken Pl+10003|NYLivingston St10003+NYClinton St+10003|NYAitken Pl10003|NYAitken Pl10003+NYClinton St+10003'
-73.9934,40.7033,19,31,'NYNew Dock St10003|NYNew Dock St10003+NYBrooklyn Brg+10003|NYWater St10003+NYBrooklyn Brg+10003'
-73.9934,40.8976,0,1,'NJAspen Ter10003|NJAspen Ter10003+NJSchoonmaker Rd+10003'
-73.9934,40.6613,40,370,'NY5th Ave10003+NY21st St+10003'
-73.9934,40.6303,0,2,'NY55th St10003+NY14th Ave+10003'
-73.9934,40.7154,594,747,'NYEldridge St10003+NYCanal St+10003'
-73.9934,40.6726,115,83,'NY9th St10003+NY2nd Ave+10003'
-73.9934,40.8038,0,2,'NJRiver Rd10003+NJRiver Rd+10003|NJRiver Rd10003|NJRiver Rd10003+NJHillside Rd+10003'
-73.9934,40.5989,0,28,'NYBenson Ave10003+NY23rd Ave+10003'
-73.9934,40.6412,0,15,'NY43rd St10003+NYFort Hamilton Pkwy+10003'
-73.9934,40.7005,67,538,'NYMiddagh St10003+NYHicks St+10003'
-73.9934,40.7191,977,1419,'NYBroome St10003|NYBroome St10003+NYChrystie St+10003'
-73.9934,40.7472,11263,4595,'NYW 28th St10003+NY7 Ave+10003|NYW 28th St10003+NY7th Ave+10003|NY7 Ave10003+NYW 28 St+10003|NY7th Ave10003+NYW 28 St+10003'
-73.9934,40.6650,127,435,'NY17th St10003+NY4th Ave+10003'
-73.9933,40.7971,1,1,'NJN Cove Ln10003|NJCove Ln N10003'
-73.9933,40.6128,0,22,'NY74th St10003+NY19th Ave+10003'
-73.9933,40.7727,18,47,'NY12th Ave10002+NYW 59th St+10002|NYState Rte 9a10002+NYW 59th St+10002|NYHenry Hudson Pkwy10002|NYHenry Hudson Pkwy10002+NYWest St+10002|NYHenry Hudson Pkwy10002+NYW 59th St+10002|NYWest St10002|NYWest St10002+NYW 59th St+10002'
-73.9933,40.6877,82,322,'NYCourt St10003+NYCongress St+10003|NYCongress St10003'
-73.9933,40.6933,53,240,'NYHunts Ln10003'
-73.9933,40.6956,31,246,'NYLove Ln10003'
-73.9933,40.7333,3091,1869,'NYE 11th St10003+NYUniversity Pl+10003|NYE 11 St10003+NYUniversity Pl+10003'
-73.9933,40.9346,3,19,'NJMerritt Ave10003+NJPhelps Ave+10003|NJPhelps Ave10003'
-73.9933,40.7016,3,2,'NYVine St10003+NYMc Kenny St+10003|NYMc Kenny St10003'
-73.9933,40.6785,9,200,'NY2nd St10003+NYHoyt St+10003'
-73.9933,40.7422,7957,4739,'NY6th Ave10003|NY6th Ave10003+NYW 22 St+10003|NY6th Ave10003+NYW 22nd St+10003|NY6 Ave10003+NYW 22 St+10003|NY6 Ave10003+NYW 22nd St+10003|NYAve of the Americas10003+NYW 22 St+10003|NYAve of the Americas10003+NYW 22nd St+10003'
-73.9933,40.6339,0,5,'NY51st St10003+NY13th Ave+10003'
-73.9933,40.8480,0,1,'NJE Palisades Blvd10003+NJRoff Ave+10003'
-73.9933,40.9239,0,1,'NJS Summit St10003|NJS Summit St10003+NJE Clinton Ave+10003'
-73.9933,40.6878,117,379,'NYCourt St10003+NYBergen St+10003|NYBergen St10003'
-73.9933,40.7960,0,4,'NJRiverview Cir10003|NJRiver View Cir10003'
-73.9933,40.7024,926,398,'NYFront St10003|NYFront St10003+NYCadman Plz W+10003|NYFront St10003+NYOld Fulton St+10003'
-73.9933,40.7678,1857,2204,'NY11 Ave10003+NYW 53rd St+10003|NY11 Ave10003+NYW 53 St+10003|NYW 53rd St10003|NYW 53rd St10003+NY11th Ave+10003|NYW 53 St10003|NYW 53 St10003+NY11th Ave+10003'
-73.9933,40.7296,2879,1100,'NYWaverly Pl10003|NYWaverly Pl10003+NYBroadway+10003'
-73.9933,40.7224,4917,3582,'NYPrince St10003|NYPrince St10003+NYBowery+10003'
-73.9933,40.7309,1421,4580,'NYE 8 St10003+NYMercer St+10003|NYMercer St10003|NYMercer St10003+NYE 8th St+10003'
-73.9932,40.6025,2,9,'NYBay Pkwy10003+NY85th St+10003|NY85th St10003+NY22nd Ave+10003'
-73.9932,40.8171,0,1,'NJ3rd St10003|NJ3rd St10003+NJCliff St+10003'
-73.9932,40.7628,3778,5755,'NYW 47 St10003+NY10th Ave+10003|NYW 47 St10003+NY10 Ave+10003|NYW 47th St10003+NY10th Ave+10003|NYW 47th St10003+NY10 Ave+10003'
-73.9932,40.7019,6,6,'NYDoughty St10003+NYMc Kenny St+10003|NYMc Kenny St10003'
-73.9932,40.6375,0,6,'NY47th St10003+NY12th Ave+10003'
-73.9931,40.8095,0,1,'NJCedar St10003|NJCedar St10003+NJProspect Ave+10003'
-73.9931,40.7279,5770,2252,'NYE 4 St10003+NYLafayette St+10003|NYLafayette St10003+NYE 4th St+10003'
-73.9931,40.5957,0,9,'NY24th Ave10003+NYBath Ave+10003'
-73.9931,40.6237,0,2,'NY62nd St10003+NY16th Ave+10003'
-73.9931,40.7367,5375,5533,'NYE 15th St10003|NYE 15th St10003+NYE 15 St+10003|NYE 15th St10003+NYW 15 St+10003|NYE 15th St10003+NY5th Ave+10003|NYE 15th St10003+NYW 15th St+10003|NYE 15 St10003|NYE 15 St10003+NYW 15 St+10003|NYE 15 St10003+NY5th Ave+10003|NYE 15 St10003+NYW 15th St+10003|NYW 15 St10003|NYW 15 St10003+NY5th Ave+10003|NY5th Ave10003+NYW 15th St+10003|NYW 15th St10003'
-73.9931,40.5923,0,2,'NY25th Ave10003+NYCropsey Ave+10003'
-73.9931,40.6061,0,2,'NY21st Ave10003+NY81st St+10003'
-73.9931,40.6928,946,807,'NYJoralemon St10003+NYClinton St+10003'
-73.9931,40.7117,117,205,'NYMonroe St10003+NYManhattan Brg+10003'
-73.9931,40.6199,0,15,'NY66th St10003+NY17th Ave+10003'
-73.9931,40.7228,3308,3012,'NYBowery10003+NYStanton St+10003|NYStanton St10003'
-73.9931,40.8057,1,0,'NJRiver Rd10003|NJRiver Rd10003+NJOld River Rd+10003|NJHillside Rd10003|NJHillside Rd10003+NJOld River Rd+10003|NJOld River Rd10003'
-73.9931,40.6163,0,17,'NY70th St10003+NYCristoforo Colombo Blvd+10003|NY70th St10003+NY18th Ave+10003'
-73.9931,40.6952,81,270,'NYMonroe Pl10003|NYMonroe Pl10003+NYPierrepont St+10003'
-73.9931,40.7578,4169,4726,'NYW 41st St10003+NY9 Ave+10003|NYW 41st St10003+NY9th Ave+10003'
-73.9931,40.8111,0,1,'NJPalisade Ave10003+NJDay Ave+10003|NJDay Ave10003'
-73.9931,40.7011,18,208,'NYHicks St10003+NYPoplar St+10003'
-73.9931,40.6829,1307,816,'NYDegraw St10003+NYSmith St+10003'
-73.9931,40.6015,0,5,'NY86th St10003+NYBay 31st St+10003|NYBay 31st St10003'
-73.9931,40.8187,1,0,'NJAnderson Ave10003+NJMorningside Ave+10003'
-73.9930,40.7255,840,2369,'NYBleecker St10003+NYElizabeth St+10003|NYElizabeth St10003'
-73.9930,40.6691,25,232,'NY13th St10003+NY3rd Ave+10003'
-73.9930,40.6975,983,2117,'NYHenry St10003+NYClark St+10003'
-73.9930,40.7144,28,41,'NYDivision St10003+NYPike St+10003|NYPike St10003|NYPike St10003+NYAllen St+10003|NYAllen St10003'
-73.9930,40.6884,58,277,'NYAmity St10003|NYAmity St10003+NYCourt St+10003'
-73.9930,40.5906,0,2,'NYBay 41st St10003|NYBay 41st St10003+NYShore Pkwy N+10003'
-73.9930,40.5743,0,4,'NYW 27th St10003'
-73.9930,40.7529,6066,3539,'NYW 35th St10003+NY8 Ave+10003|NYW 35th St10003+NY8th Ave+10003|NY8 Ave10003+NYW 35 St+10003|NY8th Ave10003+NYW 35 St+10003'
-73.9930,40.5889,0,3,'NYShore Pkwy10003+NYBay 43rd St+10003|NYBay 43rd St10003'
-73.9930,40.7138,206,378,'NYPike St10003|NYPike St10003+NYE Broadway+10003'
-73.9930,40.6097,1,7,'NY77th St10003+NY20th Ave+10003'
-73.9930,40.6583,0,1,'NY24th St10003|NY24th St10003+NY6th Ave+10003|NY6th Ave10003'
-73.9930,40.6273,1,8,'NY58th St10003+NY15th Ave+10003'
-73.9929,40.6790,4,125,'NYHoyt St10003+NY1st St+10003|NY1st St10003'
-73.9929,40.6885,111,374,'NYCourt St10003+NYDean St+10003|NYDean St10003'
-73.9929,40.7733,51,60,'NYHenry Hudson Pkwy10002|NYHenry Hudson Pkwy10002+NY12th Ave+10002|NYHenry Hudson Pkwy10002+NYHenry Hudson Pkwy+10002|NY12th Ave10002'
-73.9929,40.5898,4,8,'NYShore Pkwy10002+NY26th Ave+10002|NY26th Ave10003+NYLeif Ericson Dr+10003|NY26th Ave10003+NYBelt Pkwy+10003'
-73.9929,40.6654,43,106,'NYProspect Expy10002+NY4th Ave+10002|NYState Rte 2710002+NY4th Ave+10002'
-73.9929,40.7479,7415,3709,'NY7 Ave10003+NYW 29th St+10003|NY7th Ave10003+NYW 29th St+10003'
-73.9929,40.7146,673,581,'NYAllen St10003|NYAllen St10003+NYAlan St+10003|NYAllen St10003+NYAllen St+10003|NYAlan St10003|NYAlan St10003+NYAllen St+10003'
-73.9929,40.6446,1,8,'NY10th Ave10003+NY39th St+10003'
-73.9929,40.7200,3870,3625,'NYChrystie St10003+NYDelancey St+10003|NYDelancey St10003'
-73.9929,40.6732,5,23,'NY8th St10003|NY8th St10003+NY2nd Ave+10003'
-73.9929,40.7144,65,70,'NYDivision St10003+NYAllen St+10003|NYDivision St10003+NYAlan St+10003|NYDivision St10003+NYPike St+10003|NYAllen St10003|NYAllen St10003+NYAlan St+10003|NYAllen St10003+NYPike St+10003|NYAlan St10003|NYAlan St10003+NYPike St+10003|NYPike St10003'
-73.9928,40.7016,6,4,'NYBrooklyn Queens Expy10001+NYHicks St+10001|NYI 27810001+NYHicks St+10001'
-73.9928,40.7301,3296,2148,'NYAstor Pl10003|NYAstor Pl10003+NYBroadway+10003'
-73.9928,40.6619,61,371,'NY5th Ave10003+NY20th St+10003'
-73.9928,40.6309,0,11,'NY54th St10003+NY14th Ave+10003'
-73.9928,40.7165,83,223,'NYEldridge St10003+NYHester St+10003'
-73.9928,40.7429,15671,12327,'NY6 Ave10003+NYW 23rd St+10003|NYAve of the Americas10003+NYW 23rd St+10003'
-73.9928,40.7684,2284,3654,'NY11 Ave10003+NYW 54 St+10003|NY11 Ave10003+NYW 54th St+10003|NYW 54 St10003+NY11th Ave+10003|NY11th Ave10003+NYW 54th St+10003'
-73.9928,40.7339,6550,3727,'NYE 12th St10003+NYUniversity Pl+10003|NYE 12 St10003+NYUniversity Pl+10003'
-73.9928,40.7017,5,4,'NYVine St10003+NYHicks St+10003'
-73.9928,40.6792,1,133,'NYCarroll St10003|NYCarroll St10003+NYHoyt St+10003'
-73.9928,40.6655,116,156,'NYProspect Ave10003+NY4th Ave+10003'
-73.9928,40.7018,11,4,'NYDoughty St10003|NYDoughty St10003+NYHicks St+10003'
-73.9928,40.6133,0,20,'NY19th Ave10003+NY73rd St+10003'
-73.9927,40.7138,195,459,'NYE Broadway10003+NYPike St+10003'
-73.9927,40.6936,1071,493,'NYRemsen St10003+NYClinton St+10003'
-73.9927,40.7214,676,751,'NYFreeman Aly10003|NYFreeman Aly10003+NYRivington St+10003'
-73.9927,40.7026,190,150,'NYFront St10003+NYBrooklyn Brg+10003'
-73.9927,40.6981,426,1133,'NYHenry St10003+NYPineapple Walk+10003|NYHenry St10003+NYPineapple St+10003|NYPineapple Walk10003|NYPineapple Walk10003+NYPineapple St+10003'
-73.9927,40.7634,3218,4122,'NYW 48th St10003+NY10th Ave+10003|NYW 48th St10003+NY10 Ave+10003|NY10th Ave10003+NYW 48 St+10003|NYW 48 St10003+NY10 Ave+10003'
-73.9927,40.6345,0,5,'NY50th St10003+NY13th Ave+10003'
-73.9927,40.6890,69,351,'NYCourt St10003+NYPacific St+10003|NYPacific St10003'
-73.9927,40.8310,2,2,'NJState Rte 6310002+NJLawton Ave+10002|NJBergen Blvd10002+NJLawton Ave+10002|NJLawton Ave10003'
-73.9927,40.7373,4906,5459,'NYE 16 St10003|NYE 16 St10003+NYW 16 St+10003|NYE 16 St10003+NYW 16th St+10003|NYE 16 St10003+NY5th Ave+10003|NYE 16 St10003+NYE 16th St+10003|NYW 16 St10003|NYW 16 St10003+NY5th Ave+10003|NYW 16 St10003+NYE 16th St+10003|NYW 16th St10003|NYW 16th St10003+NY5th Ave+10003|NYW 16th St10003+NYE 16th St+10003|NY5th Ave10003+NYE 16th St+10003|NYE 16th St10003'
-73.9926,40.6417,0,17,'NY42nd St10003+NYFort Hamilton Pkwy+10003'
-73.9926,40.5781,0,1,'NYNeptune Ave10003+NYW 25th St+10003|NYW 25th St10003'
-73.9926,40.7584,11323,9775,'NYW 42nd St10003+NY9 Ave+10003|NYW 42nd St10003+NY9th Ave+10003'
-73.9926,40.6835,753,336,'NYSmith St10003+NYDouglass St+10003'
-73.9926,40.6892,117,302,'NYCourt St10003+NYPacific St+10003|NYPacific St10003'
-73.9926,40.7189,114,780,'NYBroome St10003|NYBroome St10003+NYForsyth St+10003'
-73.9926,40.5984,0,13,'NYBenson Ave10003+NYBay 34th St+10003'
-73.9926,40.6031,0,31,'NY84th St10003+NYBay Pkwy+10003|NY84th St10003+NY22nd Ave+10003'
-73.9926,40.7021,324,114,'NYCadman Plz W10003+NYHicks St+10003|NYHicks St10003|NYHicks St10003+NYOld Fulton St+10003'
-73.9926,40.7241,13303,6013,'NYE Houston St10003+NYBowery+10003'
-73.9926,40.7040,1,0,'NYOld Dock St10003'
-73.9926,40.6795,3,159,'NYHoyt St10003+NYCarroll St+10003|NYCarroll St10003'
-73.9926,40.5917,0,4,'NYCropsey Ave10003+NYBay 40th St+10003'
-73.9926,40.6380,0,10,'NY12th Ave10003+NY46th St+10003'
-73.9926,40.6761,1,1,'NYBond St10003'
-73.9926,40.7144,615,217,'NYDivision St10003+NYPike St+10003|NYPike St10003|NYPike St10003+NYAllen St+10003|NYAllen St10003'
-73.9926,40.5899,1,12,'NYShore Pkwy N10003+NY26th Ave+10003'
-73.9925,40.6243,0,1,'NY61st St10003+NY16th Ave+10003'
-73.9925,40.7033,21,10,'NYDock St10003|NYDock St10003+NYOld Dock St+10003|NYOld Dock St10003'
-73.9925,40.7535,7645,2910,'NY8 Ave10003+NYW 36 St+10003|NY8 Ave10003+NYW 36th St+10003|NY8th Ave10003+NYW 36 St+10003|NY8th Ave10003+NYW 36th St+10003'
-73.9925,40.6697,9,246,'NY3rd Ave10003+NY12th St+10003'
-73.9925,40.6067,0,11,'NY21st Ave10003+NY80th St+10003'
-73.9925,40.6168,0,14,'NYCristoforo Colombo Blvd10003+NY69th St+10003|NYCristoforo Colombo Blvd10003+NYBay Ridge Ave+10003|NY69th St10003+NY18th Ave+10003|NY18th Ave10003+NYBay Ridge Ave+10003'
-73.9925,40.7026,30,25,'NYFront St10003+NYBrooklyn Brg+10003'
-73.9925,40.7139,777,607,'NYPike St10003+NYE Broadway+10003'
-73.9925,40.6205,1,32,'NY17th Ave10003+NY65th St+10003'
-73.9925,40.7485,10595,4000,'NYSt Vincents Sq10003|NYSt Vincents Sq10003+NY7 Ave+10003|NYSt Vincents Sq10003+NYW 30th St+10003|NYSt Vincents Sq10003+NY7th Ave+10003|NYSt Vincents Sq10003+NYFashion Ave+10003|NYSt Vincents Sq10003+NYW 30 St+10003|NYSt Vincents Sq10003+NYAdam C Powell Blvd+10003|NY7 Ave10003+NYW 30th St+10003|NY7 Ave10003+NYFashion Ave+10003|NY7 Ave10003+NYW 30 St+10003|NY7 Ave10003+NYAdam C Powell Blvd+10003|NYW 30th St10003+NY7th Ave+10003|NYW 30th St10003+NYFashion Ave+10003|NYW 30th St10003+NYAdam C Powell Blvd+10003|NY7th Ave10003+NYFashion Ave+10003|NY7th Ave10003+NYW 30 St+10003|NY7th Ave10003+NYAdam C Powell Blvd+10003|NYFashion Ave10003|NYFashion Ave10003+NYW 30 St+10003|NYFashion Ave10003+NYAdam C Powell Blvd+10003|NYW 30 St10003+NYAdam C Powell Blvd+10003|NYAdam C Powell Blvd10003'
-73.9925,40.7220,310,768,'NYFreeman Aly10003'
-73.9925,40.8167,1,2,'NJ2nd St10003|NJ2nd St10003+NJCliff St+10003'
-73.9924,40.6943,1604,930,'NYMontague St10003+NYClinton St+10003'
-73.9924,40.7026,58,57,'NYDock St10003'
-73.9924,40.7306,5065,4472,'NYE 8 St10003+NYBroadway+10003|NYE 8th St10003+NYBroadway+10003'
-73.9924,40.6102,0,8,'NY76th St10003+NY20th Ave+10003'
-73.9924,40.6987,233,972,'NYHenry St10003+NYOrange St+10003|NYOrange St10003'
-73.9924,40.5952,2,6,'NYBay 37th St10003+NYBath Ave+10003'
-73.9924,40.6589,3,161,'NY6th Ave10003+NY23rd St+10003'
-73.9924,40.6279,0,7,'NY57th St10003+NY15th Ave+10003'
-73.9924,40.6763,4,3,'NY4th St10003|NY4th St10003+NYBond St+10003'
-73.9924,40.6738,88,283,'NY7th St10003+NY2nd Ave+10003'
-73.9924,40.6897,1868,1933,'NYCourt St10003+NYAtlantic Ave+10003'
-73.9924,40.8125,0,2,'NJPalisade Ave10003+NJWashington Pl+10003|NJWashington Pl10003'
-73.9923,40.7690,1769,1092,'NY11 Ave10003+NYW 55 St+10003|NY11 Ave10003+NYW 55th St+10003|NYW 55 St10003+NY11th Ave+10003|NYW 55th St10003+NY11th Ave+10003'
-73.9923,40.6010,0,8,'NYBay 32nd St10003|NYBay 32nd St10003+NY86th St+10003'
-73.9923,40.7249,8498,3474,'NYBowery10003+NYE 1st St+10003|NYBowery10003+NYE 1 St+10003|NYE 1st St10003|NYE 1 St10003'
-73.9923,40.7436,9227,9516,'NY6 Ave10003+NYW 24th St+10003|NYAve of the Americas10003+NYW 24th St+10003'
-73.9923,40.6452,0,5,'NY38th St10003|NY38th St10003+NY10th Ave+10003'
-73.9923,40.7345,4840,3057,'NYE 13 St10003+NYUniversity Pl+10003|NYE 13th St10003+NYUniversity Pl+10003'
-73.9923,40.6625,43,292,'NY5th Ave10003+NY19th St+10003'
-73.9922,40.6315,0,10,'NY14th Ave10003+NY53rd St+10003'
-73.9922,40.7641,2388,5030,'NYW 49th St10003+NY10th Ave+10003|NYW 49th St10003+NY10 Ave+10003|NY10th Ave10003+NYW 49 St+10003|NY10 Ave10003+NYW 49 St+10003'
-73.9922,40.6800,12,180,'NYHoyt St10003+NYPresident St+10003|NYPresident St10003'
-73.9922,40.6661,106,489,'NY16th St10003+NY4th Ave+10003'
-73.9922,40.7212,2122,2498,'NYChrystie St10003+NYRivington St+10003'
-73.9922,40.7379,7895,5642,'NYW 17th St10003|NYW 17th St10003+NYE 17 St+10003|NYW 17th St10003+NYE 17th St+10003|NYW 17th St10003+NY5th Ave+10003|NYE 17 St10003|NYE 17 St10003+NYW 17 St+10003|NYE 17 St10003+NY5th Ave+10003|NYW 17 St10003|NYW 17 St10003+NYE 17th St+10003|NYW 17 St10003+NY5th Ave+10003|NYE 17th St10003|NYE 17th St10003+NY5th Ave+10003'
-73.9922,40.7018,69,49,'NYVine St10003|NYVine St10003+NYCadman Plz W+10003|NYVine St10003+NYOld Fulton St+10003'
-73.9922,40.7177,1090,2385,'NYGrand St10003+NYEldridge St+10003'
-73.9922,40.8239,0,1,'NJGreenmount Ave10003+NJOregon Ave+10003'
-73.9922,40.7252,6769,3854,'NYBleecker St10003|NYBleecker St10003+NYBowery+10003'
-73.9922,40.6842,952,410,'NYSmith St10003+NYButler St+10003'
-73.9922,40.7109,46,60,'NYPike Slip10003|NYPike Slip10003+NYCherry St+10003|NYPike Slip10003+NYPike St+10003|NYCherry St10003+NYPike St+10003|NYPike St10003'
-73.9922,40.7118,209,490,'NYMonroe St10003|NYMonroe St10003+NYPike St+10003'
-73.9922,40.6139,0,17,'NY19th Ave10003+NY72nd St+10003'
-73.9922,40.7197,1442,1537,'NYDelancey St10003|NYDelancey St10003+NYForsyth St+10003'
-73.9922,40.6802,6,149,'NYHoyt St10003+NYPresident St+10003|NYPresident St10003'
-73.9921,40.7591,9619,8000,'NYW 43rd St10003+NY9 Ave+10003|NYW 43rd St10003+NY9th Ave+10003'
-73.9921,40.7730,260,555,'NYW 60th St10003'
-73.9921,40.7144,141,130,'NYDivision St10003+NYOrchard St+10003|NYOrchard St10003'
-73.9921,40.6972,135,1139,'NYMonroe Pl10003|NYMonroe Pl10003+NYClark St+10003'
-73.9921,40.6350,0,4,'NY13th Ave10003+NY49th St+10003'
-73.9921,40.8432,0,2,'NJ7th St10003+NJE Brinkerhoff Ave+10003'
-73.9921,40.7017,132,80,'NYBrooklyn Queens Expy10001+NYCadman Plz W+10001|NYBrooklyn Queens Expy10001+NYOld Fulton St+10001|NYI 27810001+NYCadman Plz W+10001|NYI 27810001+NYOld Fulton St+10001'
-73.9921,40.6949,768,237,'NYPierrepont St10003+NYClinton St+10003'
-73.9921,40.7541,5411,6527,'NY8 Ave10003+NYW 37th St+10003|NY8th Ave10003+NYW 37th St+10003'
-73.9921,40.6994,204,875,'NYHenry St10003+NYCranberry St+10003|NYCranberry St10003'
-73.9921,40.5910,0,6,'NYBay 41st St10003+NYCropsey Ave+10003'
-73.9921,40.7256,10389,6031,'NYE 2nd St10003|NYE 2nd St10003+NYBowery+10003|NYE 2nd St10003+NYBond St+10003|NYBowery10003+NYBond St+10003|NYBowery10003+NYE 2 St+10003|NYBond St10003|NYBond St10003+NYE 2 St+10003|NYE 2 St10003'
-73.9921,40.6903,380,1469,'NYState St10003+NYCourt St+10003'
-73.9920,40.6037,0,20,'NYBay Pkwy10003+NY83rd St+10003|NY83rd St10003+NY22nd Ave+10003'
-73.9920,40.7109,6,54,'NYCherry St10003+NYPike Slip+10003|NYCherry St10003+NYPike St+10003|NYPike Slip10003|NYPike Slip10003+NYPike St+10003|NYPike St10003'
-73.9920,40.7098,37,49,'NYManhattan Brg10002+NYSouth St+10002'
-73.9920,40.6703,8,178,'NY11th St10003+NY3rd Ave+10003'
-73.9920,40.7491,21574,31053,'NYW 31st St10003+NYSt Vincents Sq+10003|NYW 31st St10003+NYPenn Plz+10003|NYW 31st St10003+NY7 Ave+10003|NYW 31st St10003+NY7th Ave+10003|NYW 31st St10003+NYFashion Ave+10003|NYW 31st St10003+NYAdam C Powell Blvd+10003|NYSt Vincents Sq10003|NYSt Vincents Sq10003+NYPenn Plz+10003|NYSt Vincents Sq10003+NY7 Ave+10003|NYSt Vincents Sq10003+NY7th Ave+10003|NYSt Vincents Sq10003+NYFashion Ave+10003|NYSt Vincents Sq10003+NYAdam C Powell Blvd+10003|NYSt Vincents Sq10003+NYW 31 St+10003|NYPenn Plz10003|NYPenn Plz10003+NYFashion Ave+10003|NYPenn Plz10003+NYAdam C Powell Blvd+10003|NYPenn Plz10003+NYW 31 St+10003|NY7 Ave10003+NYFashion Ave+10003|NY7 Ave10003+NYAdam C Powell Blvd+10003|NY7 Ave10003+NYW 31 St+10003|NY7th Ave10003+NYFashion Ave+10003|NY7th Ave10003+NYAdam C Powell Blvd+10003|NY7th Ave10003+NYW 31 St+10003|NYFashion Ave10003|NYFashion Ave10003+NYAdam C Powell Blvd+10003|NYFashion Ave10003+NYW 31 St+10003|NYAdam C Powell Blvd10003|NYAdam C Powell Blvd10003+NYW 31 St+10003'
-73.9920,40.6386,0,4,'NY12th Ave10003+NY45th St+10003'
-73.9920,40.7282,4880,1870,'NYStable Ct10003'
-73.9920,40.9006,0,1,'NJShepard Ave10003+NJSunrise Ter+10003|NJSunrise Ter10003'
-73.9919,40.6249,0,5,'NY60th St10003+NY16th Ave+10003'
-73.9919,40.6072,1,8,'NY79th St10003+NY21st Ave+10003'
-73.9919,40.6873,53,714,'NYBoerum Pl10003|NYBoerum Pl10003+NYBergen St+10003'
-73.9919,40.7098,10,12,'NYPike Slip10003|NYPike Slip10003+NYSouth St+10003'
-73.9919,40.6174,1,9,'NYCristoforo Colombo Blvd10003+NY68th St+10003|NY18th Ave10003+NY68th St+10003'
-73.9919,40.7096,9,9,'NYS Street Viaduct10002+NYManhattan Brg+10002|NYManhattan Brg10002+NYF D R Dr+10002'
-73.9919,40.6422,1,16,'NYFort Hamilton Pkwy10003+NY41st St+10003'
-73.9919,40.7312,2985,3841,'NYE 9 St10003+NYBroadway+10003|NYBroadway10003+NYWanamaker Pl+10003|NYBroadway10003+NYE 9th St+10003|NYWanamaker Pl10003|NYWanamaker Pl10003+NYE 9th St+10003|NYE 9th St10003'
-73.9919,40.5743,0,2,'NYW 25th St10003+NYRailroad Ave+10003|NYRailroad Ave10003'
-73.9919,40.5980,0,17,'NYBenson Ave10003+NYBay 35th St+10003'
-73.9919,40.7696,6174,1359,'NY11 Ave10003+NYW 56th St+10003|NY11 Ave10003+NYW 56 St+10003|NYW 56th St10003+NY11th Ave+10003|NYW 56 St10003+NY11th Ave+10003'
-73.9919,40.7149,4290,3133,'NYCanal St10003+NYOrchard St+10003'
-73.9919,40.6769,34,174,'NYBond St10003+NY3rd St+10003'
-73.9919,40.7442,9585,11060,'NYW 25th St10003+NY6 Ave+10003|NYW 25th St10003+NYAve of the Americas+10003|NYW 25th St10003+NY6th Ave+10003|NY6th Ave10003'
-73.9919,40.6744,1,16,'NY2nd Ave10003+NY6th St+10003'
-73.9919,40.5885,0,2,'NYBay 44th St10003|NYBay 44th St10003+NYShore Pkwy N+10003'
-73.9918,40.9106,0,1,'NJWard Plz10003|NJWard Plz10003+NJLiberty Rd+10003'
-73.9918,40.6211,0,4,'NY64th St10003+NY17th Ave+10003'
-73.9918,40.8671,0,1,'NJWillow St10003+NJSchor Ave+10003'
-73.9918,40.5923,0,4,'NYHarway Ave10003+NYBay 40th St+10003'
-73.9918,40.6458,0,4,'NY37th St10003+NY10th Ave+10003|NY10th Ave10003'
-73.9918,40.6595,12,241,'NY6th Ave10003+NY22nd St+10003'
-73.9918,40.7385,5961,3624,'NYE 18 St10003|NYE 18 St10003+NYW 18 St+10003|NYE 18 St10003+NYW 18th St+10003|NYE 18 St10003+NY5th Ave+10003|NYW 18 St10003|NYW 18 St10003+NYE 18th St+10003|NYW 18 St10003+NY5th Ave+10003|NYW 18th St10003|NYW 18th St10003+NYE 18th St+10003|NYW 18th St10003+NY5th Ave+10003|NYE 18th St10003|NYE 18th St10003+NY5th Ave+10003'
-73.9918,40.6284,0,5,'NY56th St10003+NY15th Ave+10003'
-73.9918,40.7264,18461,10061,'NYGreat Jones St10003|NYGreat Jones St10003+NYE 3rd St+10003|NYGreat Jones St10003+NYBowery+10003|NYGreat Jones St10003+NYE 3 St+10003|NYE 3rd St10003|NYE 3rd St10003+NYBowery+10003|NYBowery10003+NYE 3 St+10003|NYE 3 St10003'
-73.9918,40.7647,3314,3653,'NYW 50th St10003+NY10th Ave+10003|NYW 50th St10003+NY10 Ave+10003'
-73.9918,40.7098,35,98,'NYPike Slip10003|NYPike Slip10003+NYSouth St+10003'
-73.9918,40.6108,0,14,'NY75th St10003+NY20th Ave+10003|NYBay Ridge Pkwy10003+NY20th Ave+10003'
-73.9918,40.6848,1592,752,'NYSmith St10003+NYBaltic St+10003'
-73.9918,40.8121,0,2,'NJLaird Ave10003+NJWashington Pl+10003|NJWashington Pl10003'
-73.9918,40.7000,59,714,'NYHenry St10003+NYMiddagh St+10003'
-73.9917,40.7186,1275,1488,'NYBroome St10003+NYEldridge St+10003'
-73.9917,40.7026,76,221,'NYYork St10003|NYYork St10003+NYFront St+10003'
-73.9917,40.6910,237,1076,'NYCourt St10003+NYSchermerhorn St+10003'
-73.9917,40.6667,84,436,'NY4th Ave10003+NY15th St+10003'
-73.9917,40.6808,51,379,'NYHoyt St10003+NYUnion St+10003'
-73.9917,40.7352,7911,5020,'NYUnion Sq W10003|NYUnion Sq W10003+NYE 14th St+10003|NYUnion Sq W10003+NYUniversity Pl+10003|NYUnion Sq W10003+NYE 14 St+10003|NYE 14th St10003+NYUniversity Pl+10003|NYUniversity Pl10003|NYUniversity Pl10003+NYE 14 St+10003'
-73.9917,40.7597,12337,7285,'NY9 Ave10003+NYW 44th St+10003|NYW 44th St10003+NY9th Ave+10003'
-73.9917,40.5948,0,5,'NYBay 38th St10003+NYBath Ave+10003'
-73.9917,40.8507,0,1,'NJE Edsall Blvd10003+NJ3rd St+10003'
-73.9917,40.6630,77,306,'NY5th Ave10003+NY18th St+10003'
-73.9917,40.6320,0,5,'NY14th Ave10003+NY52nd St+10003'
-73.9917,40.8448,0,2,'NJE Central Blvd10003+NJ6th St+10003'
-73.9916,40.7224,1589,2928,'NYChrystie St10003+NYStanton St+10003|NYStanton St10003'
-73.9916,40.7246,1488,1084,'NYExtra Pl10003|NYExtra Pl10003+NYE 1st St+10003|NYExtra Pl10003+NYE 1 St+10003'
-73.9916,40.7547,7907,5198,'NY8 Ave10003+NYW 38th St+10003|NY8th Ave10003+NYW 38th St+10003'
-73.9916,40.6006,1,17,'NY23rd Ave10003+NY86th St+10003'
-73.9916,40.6145,0,3,'NY19th Ave10003+NY71st St+10003'
-73.9916,40.5782,0,1,'NYNeptune Ave10003+NYW 24th St+10003|NYW 24th St10003'
-73.9916,40.7497,47287,19462,'NYW 32 St10003|NYW 32 St10003+NYPenn Plz+10003|NYW 32 St10003+NY7 Ave+10003|NYW 32 St10003+NY7th Ave+10003|NYPenn Plz10003+NYW 32nd St+10003|NY7 Ave10003+NYW 32nd St+10003|NY7th Ave10003+NYW 32nd St+10003|NYW 32nd St10003'
-73.9915,40.7271,11336,8981,'NYE 4 St10003+NYBowery+10003|NYE 4 St10003+NYCooper Sq+10003|NYBowery10003|NYBowery10003+NYE 4th St+10003|NYBowery10003+NYCooper Sq+10003|NYE 4th St10003+NYCooper Sq+10003|NYCooper Sq10003'
-73.9915,40.5904,0,5,'NY26th Ave10003+NYCropsey Ave+10003'
-73.9915,40.6356,0,9,'NY48th St10003+NY13th Ave+10003'
-73.9915,40.8079,0,4,'NJWaterford Towers10003|NJWaterford Towers10003+NJOld River Rd+10003'
-73.9915,40.7017,47,67,'NYBrooklyn Queens Expy10001+NYBrooklyn Brg+10001|NYI 27810001+NYBrooklyn Brg+10001'
-73.9915,40.6709,16,174,'NY10th St10003+NY3rd Ave+10003'
-73.9915,40.6178,1,1,'NYCristoforo Colombo Blvd10003+NY67th St+10003|NY18th Ave10003+NY67th St+10003|NY67th St10003'
-73.9915,40.6880,20,681,'NYDean St10003+NYBoerum Pl+10003'
-73.9915,40.7210,316,261,'NYForsyth St10003+NYRivington St+10003'
-73.9915,40.5878,0,3,'NY27th Ave10003|NY27th Ave10003+NYShore Pkwy N+10003'
-73.9915,40.7317,2529,3369,'NYE 10 St10003+NYBroadway+10003|NYE 10th St10003+NYBroadway+10003'
-73.9915,40.6042,0,7,'NY82nd St10003+NYBay Pkwy+10003|NY82nd St10003+NY22nd Ave+10003'
-73.9915,40.7007,16,96,'NYHenry St10003+NYPoplar St+10003|NYPoplar St10003'
-73.9914,40.6916,287,1457,'NYCourt St10003+NYLivingston St+10003'
-73.9914,40.7298,7252,2621,'NYAstor Pl10003+NYLafayette St+10003'
-73.9914,40.7448,15188,12279,'NY6 Ave10003+NYW 26th St+10003|NYAve of the Americas10003+NYW 26th St+10003|NY6th Ave10003+NYW 26th St+10003'
-73.9914,40.6986,276,269,'NYOld Fulton St10003'
-73.9914,40.6392,0,6,'NY12th Ave10003+NY44th St+10003'
-73.9914,40.6978,228,199,'NYPineapple Walk10003|NYPineapple Walk10003+NYCadman Plz W+10003|NYPineapple Walk10003+NYPineapple St+10003|NYCadman Plz W10003+NYPineapple St+10003|NYPineapple St10003'
-73.9914,40.7703,4945,5470,'NY11 Ave10003+NYW 57 St+10003|NY11 Ave10003+NYW 57th St+10003|NYW 57 St10003+NY11th Ave+10003|NYW 57th St10003+NY11th Ave+10003'
-73.9914,40.7251,139,321,'NYExtra Pl10003'
-73.9914,40.7391,5590,3818,'NYW 19 St10003|NYW 19 St10003+NYE 19th St+10003|NYW 19 St10003+NYE 19 St+10003|NYW 19 St10003+NY5th Ave+10003|NYW 19th St10003|NYW 19th St10003+NYE 19th St+10003|NYW 19th St10003+NYE 19 St+10003|NYW 19th St10003+NY5th Ave+10003|NYE 19th St10003|NYE 19th St10003+NY5th Ave+10003|NYE 19 St10003|NYE 19 St10003+NY5th Ave+10003'
-73.9914,40.6180,0,2,'NYCristoforo Colombo Blvd10003+NY67th St+10003|NY18th Ave10003+NY67th St+10003|NY67th St10003'
-73.9914,40.6775,6,49,'NY2nd St10003+NYBond St+10003'
-73.9914,40.6970,303,430,'NYCadman Plz W10003+NYClark St+10003|NYClark St10003'
-73.9914,40.7276,1665,2091,'NYStable Ct10003|NYStable Ct10003+NYCooper Sq+10003'
-73.9914,40.8146,0,1,'NJPalisade Ave10003|NJPalisade Ave10003+NJWalker St+10003|NJPalisade Ave10003+NJPalisades Ave+10003|NJWalker St10003|NJWalker St10003+NJPalisades Ave+10003|NJPalisades Ave10003'
-73.9914,40.6078,0,17,'NY78th St10003+NY21st Ave+10003'
-73.9913,40.8064,0,1,'NJRiver Rd10003+NJCity Pl+10003|NJRiver Rd10003+NJGorge Rd Exd+10003|NJCity Pl10003|NJCity Pl10003+NJGorge Rd Exd+10003|NJGorge Rd Exd10003'
-73.9913,40.7653,2665,4323,'NY10th Ave10003+NYW 51st St+10003|NY10 Ave10003+NYW 51st St+10003'
-73.9913,40.6854,1597,423,'NYSmith St10003+NYWarren St+10003'
-73.9913,40.7160,1876,1018,'NYHester St10003+NYOrchard St+10003'
-73.9913,40.6966,180,189,'NYCadman Plz W10003+NYClinton St+10003|NYClinton St10003'
-73.9913,40.6814,16,320,'NYHoyt St10003+NYSackett St+10003'
-73.9913,40.7010,150,57,'NYHenry St10003|NYHenry St10003+NYCadman Plz W+10003|NYHenry St10003+NYOld Fulton St+10003'
-73.9913,40.7278,3536,2502,'NYCooper Sq10003|NYCooper Sq10003+NYE 5th St+10003|NYCooper Sq10003+NYE 5 St+10003|NYCooper Sq10003+NYCooper Sq+10003|NYE 5th St10003|NYE 5th St10003+NYCooper Sq+10003|NYE 5 St10003|NYE 5 St10003+NYCooper Sq+10003'
-73.9913,40.7195,14548,10342,'NYDelancey St10003+NYEldridge St+10003'
-73.9913,40.7324,2042,2211,'NYE 11th St10003|NYE 11th St10003+NYBroadway+10003|NYE 11 St10003|NYE 11 St10003+NYBroadway+10003'
-73.9913,40.9333,0,5,'NJ1st St10003+NJE Central Ave+10003|NJE Central Ave10003|NJE Central Ave10003+NJN 1st St+10003'
-73.9913,40.6217,1,1,'NY63rd St10003+NY17th Ave+10003'
-73.9913,40.7237,2903,2809,'NYE Houston St10003+NY2nd Ave+10003|NYE Houston St10003+NY2 Ave+10003|NY2nd Ave10003|NY2nd Ave10003+NY2 Ave+10003|NY2 Ave10003'
-73.9913,40.8094,0,4,'NJLegend Hills Dr10003|NJLegend Hills Dr10003+NJGorge Rd+10003'
-73.9912,40.7017,14,36,'NYI 27810001|NYI 27810001+NYI 278+10001|NYI 27810001+NYBrooklyn Qns Expy+10001|NYI 27810001+NYBrooklyn Brg+10001|NYI 27810001+NYBrooklyn Queens Expy+10001|NYBrooklyn Queens Expy10001+NYBrooklyn Qns Expy+10001|NYBrooklyn Queens Expy10001+NYBrooklyn Brg+10001|NYBrooklyn Qns Expy10001|NYBrooklyn Qns Expy10001+NYI 278+10001|NYBrooklyn Qns Expy10001+NYBrooklyn Brg+10001'
-73.9912,40.6673,90,420,'NY4th Ave10003+NY14th St+10003'
-73.9912,40.7604,11641,6237,'NYW 45 St10003+NY9 Ave+10003|NYW 45 St10003+NY9th Ave+10003|NY9 Ave10003+NYW 45th St+10003|NY9th Ave10003+NYW 45th St+10003'
-73.9912,40.8118,0,3,'NJWashington Pl10003'
-73.9912,40.7145,170,490,'NYDivision St10003+NYLudlow St+10003|NYLudlow St10003'
-73.9912,40.6600,15,306,'NY6th Ave10003+NY21st St+10003'
-73.9912,40.6427,1,21,'NYFort Hamilton Pkwy10003+NY40th St+10003'
-73.9912,40.6290,0,27,'NY55th St10003+NY15th Ave+10003'
-73.9912,40.7029,69,291,'NYHoward Aly10003'
-73.9912,40.7350,4809,2152,'NYUnion Sq S10003|NYUnion Sq S10003+NYE 14th St+10003|NYUnion Sq S10003+NYE 14 St+10003'
-73.9912,40.6963,1124,357,'NYCadman Plz W10003+NYTillary St+10003|NYTillary St10003'
-73.9912,40.8275,0,1,'NJGrove Ave10003+NJWashington Ave+10003'
-73.9912,40.7553,7850,15733,'NY8 Ave10003+NYW 39th St+10003|NY8 Ave10003+NYW 39 St+10003|NY8th Ave10003+NYW 39th St+10003|NY8th Ave10003+NYW 39 St+10003'
-73.9912,40.5976,0,4,'NY24th Ave10003+NYBenson Ave+10003'
-73.9911,40.7359,1709,943,'NYUnion Sq S10003|NYUnion Sq S10003+NYUnion Sq W+10003|NYUnion Sq S10003+NYE 15th St+10003|NYUnion Sq S10003+NYE 15 St+10003|NYUnion Sq W10003+NYE 15th St+10003|NYUnion Sq W10003+NYE 15 St+10003|NYE 15th St10003|NYE 15th St10003+NYE 15 St+10003|NYE 15 St10003'
-73.9911,40.6114,0,8,'NY74th St10003+NY20th Ave+10003'
-73.9911,40.7147,393,772,'NYLudlow St10003+NYCanal St+10003'
-73.9911,40.8150,0,1,'NJPalisade Ave10003+NJCottage Ln+10003|NJPalisade Ave10003+NJCottage Pl+10003|NJCottage Ln10003|NJCottage Pl10003'
-73.9911,40.7332,3946,4066,'NYE 12th St10003+NYBroadway+10003|NYE 12 St10003+NYBroadway+10003'
-73.9911,40.7503,33443,42810,'NYW 33rd St10003+NYPenn Plz+10003|NYW 33rd St10003+NY7 Ave+10003|NYW 33rd St10003+NY7th Ave+10003|NYW 33 St10003+NYPenn Plz+10003|NYW 33 St10003+NY7 Ave+10003|NYW 33 St10003+NY7th Ave+10003'
-73.9911,40.5919,0,1,'NYBay 41st St10003+NYHarway Ave+10003'
-73.9911,40.5898,0,8,'NYBay 43rd St10003|NYBay 43rd St10003+NYCropsey Ave+10003'
-73.9911,40.6886,31,531,'NYPacific St10003+NYBoerum Pl+10003'
-73.9911,40.6636,83,471,'NY5th Ave10003+NY17th St+10003'
-73.9911,40.9465,0,1,'NJWashington Ave10003+NJRandolph Ave+10003|NJRandolph Ave10003'
-73.9911,40.6326,0,5,'NY51st St10003+NY14th Ave+10003'
-73.9911,40.5872,0,3,'NYBay 46th St10003|NYBay 46th St10003+NYShore Pkwy N+10003'
-73.9911,40.7300,2743,728,'NYE 8 St10003+NYLafayette St+10003|NYLafayette St10003+NYE 8th St+10003'
-73.9910,40.7240,861,917,'NY2nd Ave10003|NY2nd Ave10003+NY2nd Ave+10003|NY2nd Ave10003+NY2 Ave+10003|NY2 Ave10003|NY2 Ave10003+NY2nd Ave+10003|NY2 Ave10003+NY2 Ave+10003'
-73.9910,40.6998,595,712,'NYMiddagh St10003|NYMiddagh St10003+NYCadman Plz W+10003|NYMiddagh St10003+NYOld Fulton St+10003'
-73.9910,40.6715,244,230,'NY3rd Ave10003+NY9th St+10003'
-73.9910,40.7236,2029,2795,'NY2nd Ave10003|NY2nd Ave10003+NYChrystie St+10003|NY2nd Ave10003+NYE Houston St+10003|NY2nd Ave10003+NY2 Ave+10003|NYChrystie St10003|NYChrystie St10003+NYE Houston St+10003|NYChrystie St10003+NY2 Ave+10003|NYE Houston St10003+NY2 Ave+10003|NY2 Ave10003'
-73.9910,40.6150,1,7,'NY70th St10003+NY19th Ave+10003'
-73.9910,40.6755,2,3,'NY2nd Ave10003'
-73.9910,40.6012,0,5,'NY85th St10003+NY23rd Ave+10003'
-73.9910,40.6925,197,713,'NYJoralemon St10003+NYCourt St+10003'
-73.9910,40.7454,7107,7620,'NYW 27th St10003+NY6 Ave+10003|NYW 27th St10003+NYAve of the Americas+10003|NYW 27th St10003+NY6th Ave+10003|NY6 Ave10003+NYW 27 St+10003|NYAve of the Americas10003+NYW 27 St+10003|NYW 27 St10003+NY6th Ave+10003'
-73.9910,40.6361,0,18,'NY47th St10003+NY13th Ave+10003'
-73.9909,40.7340,8517,4181,'NYE 13 St10003+NYBroadway+10003|NYE 13th St10003+NYBroadway+10003'
-73.9909,40.7397,4564,3127,'NYE 20th St10003|NYE 20th St10003+NYW 20th St+10003|NYE 20th St10003+NY5th Ave+10003|NYW 20th St10003|NYW 20th St10003+NY5th Ave+10003'
-73.9909,40.7008,241,87,'NYProspect St10003|NYProspect St10003+NYCadman Plz W+10003'
-73.9909,40.5943,0,11,'NY25th Ave10003+NYBath Ave+10003'
-73.9909,40.7292,296,330,'NYE 7 St10003|NYE 7 St10003+NYCooper Sq+10003|NYE 7th St10003|NYE 7th St10003+NYCooper Sq+10003'
-73.9909,40.7222,171,72,'NYStanton St10003|NYStanton St10003+NYForsyth St+10003'
-73.9909,40.7710,1021,925,'NY11 Ave10003+NYW 58th St+10003|NYW 58th St10003+NY11th Ave+10003'
-73.9909,40.6781,4,80,'NYBond St10003+NY1st St+10003'
-73.9909,40.6861,1073,620,'NYSmith St10003+NYWyckoff St+10003'
-73.9909,40.7659,5108,4851,'NY10th Ave10003+NYW 52nd St+10003|NY10 Ave10003+NYW 52nd St+10003'
-73.9909,40.6048,0,19,'NYBay Pkwy10003+NY81st St+10003|NY81st St10003+NY22nd Ave+10003'
-73.9909,40.6821,16,491,'NYDegraw St10003+NYHoyt St+10003'
-73.9909,40.6001,0,6,'NYBay 34th St10003|NYBay 34th St10003+NY86th St+10003'
-73.9908,40.6397,2,18,'NY12th Ave10003+NY43rd St+10003'
-73.9908,40.7243,2276,2889,'NY2nd Ave10003+NYE 1st St+10003|NY2nd Ave10003+NYE 1 St+10003|NYE 1st St10003+NY2 Ave+10003|NY2 Ave10003+NYE 1 St+10003'
-73.9908,40.8214,3,3,'NJEdgewater Rd10003+NJAnderson Ave+10003'
-73.9908,40.6185,0,12,'NYCristoforo Colombo Blvd10003+NY66th St+10003|NY18th Ave10003+NY66th St+10003'
-73.9908,40.7284,3403,1856,'NYE 6th St10003|NYE 6th St10003+NYCooper Sq+10003|NYCooper Sq10003+NYE 6 St+10003|NYE 6 St10003'
-73.9908,40.6084,0,10,'NY77th St10003+NY21st Ave+10003'
-73.9908,40.7610,18313,7624,'NYW 46 St10003+NY9 Ave+10003|NYW 46 St10003+NY9th Ave+10003|NY9 Ave10003+NYW 46th St+10003|NY9th Ave10003+NYW 46th St+10003'
-73.9908,40.6260,0,1,'NY58th St10003+NY16th Ave+10003'
-73.9908,40.7146,238,407,'NYDivision St10003+NYCanal St+10003'
-73.9908,40.7348,8497,4828,'NYE 14th St10003+NYUnion Sq E+10003|NYE 14th St10003+NYBroadway+10003|NYUnion Sq E10003|NYUnion Sq E10003+NYBroadway+10003|NYUnion Sq E10003+NYE 14 St+10003|NYBroadway10003|NYBroadway10003+NYE 14 St+10003'
-73.9907,40.6950,32,133,'NYJohnson St10003|NYJohnson St10003+NYCadman Plz W+10003'
-73.9907,40.6679,108,384,'NY13th St10003+NY4th Ave+10003'
-73.9907,40.6930,144,358,'NYCourt St10003+NYRemsen St+10003|NYRemsen St10003'
-73.9907,40.7365,4427,2981,'NYE 16 St10003|NYE 16 St10003+NYUnion Sq W+10003|NYE 16 St10003+NYE 16th St+10003|NYUnion Sq W10003+NYE 16th St+10003|NYE 16th St10003'
-73.9907,40.7560,18473,16808,'NYW 40th St10003+NY8 Ave+10003|NYW 40th St10003+NY8th Ave+10003|NY8 Ave10003+NYW 40 St+10003|NY8th Ave10003+NYW 40 St+10003'
-73.9907,40.7299,1025,961,'NYAstor Pl10003|NYAstor Pl10003+NY4th Ave+10003|NYAstor Pl10003+NYE 8 St+10003|NYAstor Pl10003+NYE 8th St+10003|NYAstor Pl10003+NY4 Ave+10003|NY4th Ave10003|NY4th Ave10003+NYCooper Sq+10003|NY4th Ave10003+NYE 8 St+10003|NY4th Ave10003+NYE 8th St+10003|NYCooper Sq10003|NYCooper Sq10003+NYE 8 St+10003|NYCooper Sq10003+NYE 8th St+10003|NYCooper Sq10003+NY4 Ave+10003|NYE 8 St10003|NYE 8 St10003+NY4 Ave+10003|NYE 8th St10003|NYE 8th St10003+NY4 Ave+10003|NY4 Ave10003'
-73.9907,40.8136,1,2,'NJWheeler St10003'
-73.9907,40.8158,1,15,'NJCliff St10003+NJPalisade Ave+10003'
-73.9907,40.5737,0,2,'NYW 24th St10003+NYSurf Ave+10003'
-73.9907,40.7172,7771,5692,'NYGrand St10003+NYOrchard St+10003'
-73.9907,40.7025,314,440,'NYMain St10003'
-73.9907,40.7028,176,897,'NYMain St10003+NYHoward Aly+10003|NYHoward Aly10003'
-73.9907,40.8129,0,1,'NJLaird Ave10003+NJMain St+10003|NJMain St10003'
-73.9907,40.6222,0,4,'NY62nd St10003+NY17th Ave+10003'
-73.9907,40.6946,57,296,'NYCadman Plz W10003+NYPierrepont St+10003|NYPierrepont St10003'
-73.9907,40.7039,76,374,'NYMain St10003|NYMain St10003+NYPlymouth St+10003|NYPlymouth St10003'
-73.9907,40.6640,25,89,'NYProspect Expy10002+NY5th Ave+10002|NY5th Ave10003+NYState Rte 27+10003'
-73.9907,40.8183,0,1,'NJPark Ave10003+NJCommercial Ave+10003'
-73.9906,40.6891,564,953,'NYAtlantic Ave10003+NYBoerum Pl+10003'
-73.9906,40.7306,1843,844,'NYLafayette St10003+NYE 9 St+10003|NYLafayette St10003+NYWanamaker Pl+10003'
-73.9906,40.6606,26,330,'NY6th Ave10003+NY20th St+10003'
-73.9906,40.7208,5795,4232,'NYEldridge St10003+NYRivington St+10003'
-73.9906,40.7510,20588,29666,'NYW 34th St10003+NYPenn Plz+10003|NYW 34th St10003+NY7 Ave+10003|NYW 34th St10003+NY7th Ave+10003|NYW 34th St10003+NYFashion Ave+10003|NYPenn Plz10003|NYPenn Plz10003+NYFashion Ave+10003|NYFashion Ave10003'
-73.9906,40.6296,0,8,'NY54th St10003|NY54th St10003+NY15th Ave+10003'
-73.9906,40.8708,1,2,'NJChristie Hts10003|NJChristie Hts10003+NJWillow Tree Rd+10003'
-73.9906,40.9437,0,1,'NJThompson St10003|NJThompson St10003+NJDavies Ave+10003'
-73.9906,40.8118,2,12,'NJDaibes Ct10003|NJDaibes Ct10003+NJGorge Rd+10003'
-73.9906,40.6120,0,9,'NY73rd St10003+NY20th Ave+10003'
-73.9906,40.7158,84,927,'NYLudlow St10003+NYHester St+10003'
-73.9905,40.6297,0,4,'NY54th St10003|NY54th St10003+NY15th Ave+10003'
-73.9905,40.8111,0,3,'NJDaibes Ct10003'
-73.9905,40.7403,5452,3943,'NYW 21 St10003|NYW 21 St10003+NYE 21st St+10003|NYW 21 St10003+NY5th Ave+10003|NYW 21st St10003|NYW 21st St10003+NYE 21st St+10003|NYW 21st St10003+NY5th Ave+10003|NYE 21st St10003|NYE 21st St10003+NY5th Ave+10003'
-73.9905,40.7460,5551,6018,'NYW 28th St10003+NY6 Ave+10003|NYW 28th St10003+NYAve of the Americas+10003|NYW 28th St10003+NY6th Ave+10003|NY6 Ave10003+NYW 28 St+10003|NYAve of the Americas10003+NYW 28 St+10003|NYW 28 St10003+NY6th Ave+10003'
-73.9905,40.6642,89,132,'NY5th Ave10003+NYProspect Ave+10003'
-73.9905,40.6721,50,280,'NY3rd Ave10003+NY8th St+10003'
-73.9905,40.7306,1680,764,'NY4th Ave10003+NYLafayette St+10003|NY4th Ave10003+NYE 9th St+10003|NY4th Ave10003+NYE 9 St+10003|NY4th Ave10003+NYWanamaker Pl+10003|NYLafayette St10003|NYLafayette St10003+NY4 Ave+10003|NYLafayette St10003+NYE 9th St+10003|NYLafayette St10003+NYE 9 St+10003|NYLafayette St10003+NYWanamaker Pl+10003|NY4 Ave10003+NYE 9th St+10003|NY4 Ave10003+NYE 9 St+10003|NY4 Ave10003+NYWanamaker Pl+10003|NYE 9th St10003|NYE 9th St10003+NYWanamaker Pl+10003|NYWanamaker Pl10003'
-73.9905,40.5784,0,2,'NYNeptune Ave10003+NYW 23rd St+10003'
-73.9905,40.6331,0,1,'NY50th St10003+NY14th Ave+10003'
-73.9905,40.6432,0,13,'NY39th St10003+NYFort Hamilton Pkwy+10003'
-73.9905,40.6867,2190,616,'NYSmith St10003+NYBergen St+10003'
-73.9905,40.5890,0,2,'NYBay 44th St10003+NYCropsey Ave+10003'
-73.9905,40.5902,0,2,'NYMill Rd10003|NYMill Rd10003+NYBay 43rd St+10003'
-73.9905,40.7716,1251,2414,'NY11 Ave10003|NY11 Ave10003+NYW End Ave+10003|NY11 Ave10003+NYW 59th St+10003|NYW End Ave10003|NYW End Ave10003+NY11th Ave+10003|NYW End Ave10003+NYW 59th St+10003|NY11th Ave10003|NY11th Ave10003+NYW 59th St+10003'
-73.9904,40.6937,172,657,'NYCourt St10003|NYCourt St10003+NYCadman Plz W+10003|NYCourt St10003+NYMontague St+10003|NYCadman Plz W10003|NYCadman Plz W10003+NYMontague St+10003|NYMontague St10003'
-73.9904,40.6156,0,12,'NY19th Ave10003+NY69th St+10003|NY19th Ave10003+NYBay Ridge Ave+10003'
-73.9904,40.6787,55,246,'NYBond St10003+NYCarroll St+10003'
-73.9904,40.6827,6,362,'NYHoyt St10003+NYDouglass St+10003'
-73.9904,40.7666,1889,3496,'NY10th Ave10003+NYW 53rd St+10003|NY10th Ave10003+NYW 53 St+10003|NY10 Ave10003+NYW 53rd St+10003|NY10 Ave10003+NYW 53 St+10003'
-73.9904,40.5971,0,11,'NYBay 37th St10003+NYBenson Ave+10003'
-73.9904,40.5717,0,2,'NYW 24th St10003'
-73.9904,40.6017,0,13,'NY84th St10003+NY23rd Ave+10003'
-73.9904,40.7313,3296,3180,'NY4th Ave10003+NYE 10 St+10003|NY4th Ave10003+NYLafayette St+10003|NY4th Ave10003+NYE 10th St+10003|NYE 10 St10003+NYLafayette St+10003|NYE 10 St10003+NY4 Ave+10003|NYLafayette St10003|NYLafayette St10003+NYE 10th St+10003|NYLafayette St10003+NYLafayette St+10003|NYLafayette St10003+NY4 Ave+10003|NYE 10th St10003+NYLafayette St+10003|NYE 10th St10003+NY4 Ave+10003'
-73.9904,40.8342,0,1,'NJAurora Ave10003|NJAurora Ave10003+NJBergen Blvd+10003'
-73.9904,40.6367,0,10,'NY13th Ave10003+NY46th St+10003'
-73.9904,40.8663,0,1,'NJState Rte 9310002+NJSchor Ave+10002|NJGrand Ave10002+NJSchor Ave+10002|NJSchor Ave10003'
-73.9904,40.5914,1,9,'NYHarway Ave10003+NY26th Ave+10003'
-73.9904,40.7289,5380,2508,'NYE 7 St10003+NYCooper Sq+10003|NYE 7th St10003+NYCooper Sq+10003'
-73.9904,40.8165,1,0,'NJPalisade Ave10003+NJJersey Ave+10003'
-73.9903,40.7249,1804,3824,'NYE 2nd St10003+NY2nd Ave+10003|NYE 2nd St10003+NY2 Ave+10003|NY2nd Ave10003+NYE 2 St+10003|NYE 2 St10003+NY2 Ave+10003'
-73.9903,40.8095,0,2,'NJHudson Pr10003|NJHudson Pr10003+NJOld River Rd+10003'
-73.9903,40.8131,0,1,'NJLaird Ave10003|NJLaird Ave10003+NJGorge Rd+10003'
-73.9903,40.7371,7760,3516,'NYBroadway10003|NYBroadway10003+NYE 17 St+10003|NYBroadway10003+NYUnion Sq W+10003|NYBroadway10003+NYE 17th St+10003|NYE 17 St10003+NYUnion Sq W+10003|NYUnion Sq W10003|NYUnion Sq W10003+NYE 17th St+10003'
-73.9903,40.7616,7847,5975,'NYW 47 St10003+NY9 Ave+10003|NYW 47 St10003+NY9th Ave+10003|NYW 47th St10003+NY9 Ave+10003|NYW 47th St10003+NY9th Ave+10003'
-73.9903,40.8060,7,22,'NJCity Pl10003'
-73.9903,40.6053,0,12,'NYBay Pkwy10003+NY80th St+10003|NY80th St10003+NY22nd Ave+10003'
-73.9903,40.7566,23526,19870,'NYW 41st St10003+NY8 Ave+10003|NYW 41st St10003+NY8th Ave+10003'
-73.9903,40.7234,1745,2608,'NYE Houston St10003+NYForsyth St+10003|NYForsyth St10003'
-73.9903,40.8077,1,6,'NJRiver Rd10003+NJThe Promenade+10003|NJThe Promenade10003'
-73.9902,40.6403,0,2,'NY12th Ave10003+NY42nd St+10003'
-73.9902,40.7281,394,1037,'NYE 6th St10003+NYTaras Shevchenko Pl+10003|NYTaras Shevchenko Pl10003|NYTaras Shevchenko Pl10003+NYE 6 St+10003'
-73.9902,40.8440,0,1,'NJE Central Blvd10003+NJ8th St+10003'
-73.9902,40.6685,148,742,'NY12th St10003+NY4th Ave+10003'
-73.9902,40.7144,763,720,'NYCanal St10003+NYRutgers St+10003'
-73.9902,40.7320,3419,2335,'NY4th Ave10003+NYE 11th St+10003|NY4th Ave10003+NYE 11 St+10003|NYE 11th St10003|NYE 11th St10003+NY4 Ave+10003|NYE 11 St10003|NYE 11 St10003+NY4 Ave+10003'
-73.9902,40.7147,388,787,'NYDivision St10003|NYDivision St10003+NYEssex St+10003|NYDivision St10003+NYRutgers St+10003|NYEssex St10003|NYEssex St10003+NYRutgers St+10003|NYRutgers St10003'
-73.9902,40.7141,1008,1705,'NYJefferson St10003|NYJefferson St10003+NYE Broadway+10003|NYJefferson St10003+NYRutgers St+10003'
-73.9902,40.6089,0,15,'NY76th St10003+NY21st Ave+10003'
-73.9902,40.5939,0,4,'NYBath Ave10003+NYBay 40th St+10003'
-73.9902,40.6576,1,92,'NY23rd St10003|NY23rd St10003+NY7th Ave+10003|NY7th Ave10003'
-73.9902,40.6191,3,39,'NYCristoforo Colombo Blvd10003+NY65th St+10003|NY18th Ave10003+NY65th St+10003'
-73.9902,40.8313,1,0,'NJW End Ave10003+NJBagley Pl+10003|NJBagley Pl10003'
-73.9902,40.6266,0,3,'NY57th St10003+NY16th Ave+10003'
-73.9902,40.7008,274,128,'NYProspect St10003+NYBrooklyn Brg+10003'
-73.9902,40.6897,544,664,'NYState St10003+NYBoerum Pl+10003'
-73.9901,40.5997,0,14,'NYBay 35th St10003|NYBay 35th St10003+NY86th St+10003'
-73.9901,40.8522,1,1,'NJPalmer Pl10003|NJPalmer Pl10003+NJ3rd St+10003|NJPalmer Pl10003+NJOakdene Ave+10003|NJ3rd St10003|NJ3rd St10003+NJOakdene Ave+10003|NJOakdene Ave10003'
-73.9901,40.7517,5476,9078,'NYW 35th St10003+NY7 Ave+10003|NYW 35th St10003+NY7th Ave+10003|NYW 35th St10003+NYFashion Ave+10003|NY7 Ave10003+NYW 35 St+10003|NY7th Ave10003+NYW 35 St+10003|NYFashion Ave10003+NYW 35 St+10003'
-73.9901,40.5745,0,18,'NYRailroad Ave10003'
-73.9901,40.7378,5357,3207,'NYE 18 St10003+NYBroadway+10003|NYBroadway10003+NYE 18th St+10003'
-73.9901,40.6228,0,5,'NY61st St10003+NY17th Ave+10003'
-73.9901,40.6951,217,48,'NYCadman Plz E10003'
-73.9901,40.7304,1073,635,'NYLafayette Ct10003|NYLafayette Ct10003+NYE 9th St+10003|NYLafayette Ct10003+NYE 9 St+10003'
-73.9901,40.8098,1,4,'NJThompson Ln10003|NJThompson Ln10003+NJOld River Rd+10003'
-73.9901,40.7409,3953,2533,'NYE 22nd St10003|NYE 22nd St10003+NYW 22 St+10003|NYE 22nd St10003+NYW 22nd St+10003|NYE 22nd St10003+NY5th Ave+10003|NYW 22 St10003|NYW 22 St10003+NYE 22 St+10003|NYW 22 St10003+NY5th Ave+10003|NYW 22nd St10003|NYW 22nd St10003+NYE 22 St+10003|NYW 22nd St10003+NY5th Ave+10003|NYE 22 St10003|NYE 22 St10003+NY5th Ave+10003'
-73.9901,40.7467,5502,8304,'NY6 Ave10003+NYW 29th St+10003|NYAve of the Americas10003+NYW 29th St+10003|NYW 29th St10003+NY6th Ave+10003'
-73.9901,40.6611,17,229,'NY6th Ave10003+NY19th St+10003'
-73.9900,40.6301,0,3,'NY15th Ave10003+NY53rd St+10003'
-73.9900,40.7219,398,1053,'NYStanton St10003+NYEldridge St+10003'
-73.9900,40.6874,1305,709,'NYSmith St10003+NYDean St+10003'
-73.9900,40.7008,177,86,'NYProspect St10003+NYBrooklyn Brg+10003'
-73.9900,40.7328,4994,5734,'NY4th Ave10003+NYE 12th St+10003|NY4th Ave10003+NYE 12 St+10003|NYE 12th St10003+NY4 Ave+10003|NY4 Ave10003+NYE 12 St+10003'
-73.9900,40.8092,4,7,'NJHudson Pr10003'
-73.9900,40.7352,3398,1496,'NY4th Ave10003|NY4th Ave10003+NYUnion Sq E+10003|NY4 Ave10003|NY4 Ave10003+NYUnion Sq E+10003'
-73.9900,40.8142,1,1,'NJWalker St10003|NJWalker St10003+NJGorge Rd+10003'
-73.9900,40.6727,139,257,'NY7th St10003+NY3rd Ave+10003'
-73.9900,40.5885,1,2,'NY27th Ave10003|NY27th Ave10003+NYCropsey Ave+10003'
-73.9900,40.7722,1058,2765,'NYW 60th St10003+NYW End Ave+10003'
-73.9900,40.6833,17,349,'NYHoyt St10003+NYButler St+10003|NYButler St10003'
-73.9900,40.6793,22,72,'NYBond St10003+NYPresident St+10003'
-73.9900,40.6126,0,7,'NY72nd St10003+NY20th Ave+10003'
-73.9900,40.8251,0,1,'NJOakdene Ave10003+NJOlympia Ave+10003|NJOlympia Ave10003'
-73.9900,40.7672,4189,4771,'NY10th Ave10003+NYW 54 St+10003|NY10th Ave10003+NYW 54th St+10003|NY10 Ave10003+NYW 54 St+10003|NY10 Ave10003+NYW 54th St+10003'
-73.9900,40.7385,6107,2577,'NYBroadway10003+NYE 19th St+10003|NYBroadway10003+NYE 19 St+10003'
-73.9900,40.7170,2258,4535,'NYGrand St10003+NYLudlow St+10003'
-73.9899,40.7112,22,183,'NYCherry St10003+NYRutgers Slip+10003|NYCherry St10003+NYPelham St+10003|NYRutgers Slip10003|NYRutgers Slip10003+NYPelham St+10003|NYPelham St10003'
-73.9899,40.7345,11372,5827,'NY4th Ave10003+NYE 14th St+10003|NY4th Ave10003+NYE 14 St+10003|NY4 Ave10003+NYE 14th St+10003|NY4 Ave10003+NYE 14 St+10003'
-73.9899,40.5884,0,1,'NYCropsey Ave10003+NY27th Ave+10003|NY27th Ave10003'
-73.9899,40.8226,1,0,'NJGreenmount Ave10003|NJGreenmount Ave10003+NJAnderson Ave+10003'
-73.9899,40.6337,0,2,'NY14th Ave10003+NY49th St+10003'
-73.9899,40.7353,4498,2002,'NYE 15 St10003|NYE 15 St10003+NYUnion Sq E+10003|NYE 15th St10003|NYE 15th St10003+NYUnion Sq E+10003'
-73.9899,40.6769,5,3,'NY2nd St10003'
-73.9899,40.7296,9778,6169,'NY3rd Ave10003|NY3rd Ave10003+NYSaint Marks Pl+10003|NY3rd Ave10003+NYCooper Sq+10003|NYSaint Marks Pl10003|NYSaint Marks Pl10003+NY3 Ave+10003|NYSaint Marks Pl10003+NYCooper Sq+10003|NY3 Ave10003|NY3 Ave10003+NYCooper Sq+10003|NYCooper Sq10003'
-73.9899,40.5896,0,2,'NYBay 44th St10003+NYMill Rd+10003'
-73.9899,40.7306,491,851,'NYLafayette Ct10003'
-73.9899,40.7108,4,88,'NYRutgers Slip10003+NYPelham St+10003|NYPelham St10003'
-73.9899,40.7256,4227,4174,'NYE 3rd St10003+NY2nd Ave+10003|NYE 3rd St10003+NY2 Ave+10003|NY2nd Ave10003+NYE 3 St+10003|NYE 3 St10003+NY2 Ave+10003'
-73.9899,40.7335,8097,5244,'NY4th Ave10003+NYE 13 St+10003|NY4th Ave10003+NYE 13th St+10003|NYE 13 St10003+NY4 Ave+10003|NY4 Ave10003+NYE 13th St+10003'
-73.9899,40.7622,7161,4743,'NY9 Ave10003+NYW 48th St+10003|NY9 Ave10003+NYW 48 St+10003|NYW 48th St10003+NY9th Ave+10003|NYW 48 St10003+NY9th Ave+10003'
-73.9899,40.6161,0,8,'NY19th Ave10003+NY68th St+10003'
-73.9898,40.5860,1,3,'NYBay 48th St10003|NYBay 48th St10003+NYShore Pkwy N+10003'
-73.9898,40.6650,132,772,'NY5th Ave10003+NY16th St+10003'
-73.9898,40.6023,0,8,'NY83rd St10003+NY23rd Ave+10003'
-73.9898,40.8998,0,1,'NJOak St10003|NJOak St10003+NJShepard Ave+10003'
-73.9898,40.6995,5,68,'NYCadman Plz E10003+NYRed Cross Pl+10003|NYRed Cross Pl10003'
-73.9898,40.7287,1599,1491,'NYE 7 St10003+NYTaras Shevchenko Pl+10003|NYE 7th St10003+NYTaras Shevchenko Pl+10003|NYTaras Shevchenko Pl10003'
-73.9898,40.7572,23772,20468,'NYW 42nd St10003+NY8 Ave+10003|NYW 42nd St10003+NY8th Ave+10003'
-73.9898,40.7101,29,170,'NYRutgers Slip10003|NYRutgers Slip10003+NYSouth St+10003'
-73.9898,40.6373,0,3,'NY13th Ave10003+NY45th St+10003'
-73.9898,40.8318,0,1,'NJLafayette Ave10003+NJW End Ave+10003'
-73.9898,40.6436,1,7,'NY38th St10003+NYFort Hamilton Pkwy+10003'
-73.9898,40.7392,4486,2968,'NYBroadway10003+NYE 20th St+10003'
-73.9898,40.8544,0,1,'NJSylvan Ave10003|NJSylvan Ave10003+NJGlenwood Ave+10003'
-73.9898,40.7156,574,1328,'NYEssex St10003+NYHester St+10003|NYHester St10003'
-73.9897,40.7004,28,46,'NYCadman Plz E10003+NYBrooklyn Brg+10003'
-73.9897,40.7051,4,3,'NYManhattan Brg10002'
-73.9897,40.7006,54,11,'NYCadman Plz E10003+NYBrooklyn Brg+10003'
-73.9897,40.6904,395,683,'NYSchermerhorn St10003+NYBoerum Pl+10003'
-73.9897,40.8267,0,1,'NJGlen Ave10003+NJWashington Ave+10003|NJGlen St10003+NJWashington Ave+10003'
-73.9897,40.7112,20,138,'NYCherry St10003+NYRutgers St+10003|NYRutgers St10003'
-73.9897,40.7007,492,218,'NYProspect St10003+NYCadman Plz E+10003|NYProspect St10003+NYWashington St+10003|NYCadman Plz E10003|NYCadman Plz E10003+NYWashington St+10003|NYWashington St10003'
-73.9897,40.6691,178,400,'NY11th St10003+NY4th Ave+10003'
-73.9897,40.6059,0,8,'NY79th St10003+NYBay Pkwy+10003|NY79th St10003+NY22nd Ave+10003'
-73.9897,40.5967,1,27,'NYBay 38th St10003+NYBenson Ave+10003'
-73.9897,40.7523,5365,3630,'NYW 36 St10003+NY7 Ave+10003|NYW 36 St10003+NY7th Ave+10003|NYW 36 St10003+NYFashion Ave+10003|NY7 Ave10003+NYW 36th St+10003|NY7th Ave10003+NYW 36th St+10003|NYFashion Ave10003+NYW 36th St+10003'
-73.9897,40.5740,0,3,'NYW 23rd St10003+NYSurf Ave+10003'
-73.9897,40.7015,75,390,'NYI 27810001+NYWashington St+10001|NYBrooklyn Qns Expy10001+NYWashington St+10001'
-73.9897,40.7016,214,1325,'NYI 27810001+NYWashington St+10001|NYBrooklyn Queens Expy10001+NYWashington St+10001'
-73.9897,40.6408,1,7,'NY12th Ave10003+NY41st St+10003'
-73.9897,40.7299,4311,1753,'NY3rd Ave10003+NYStuyvesant St+10003|NY3 Ave10003+NYStuyvesant St+10003|NYStuyvesant St10003'
-73.9896,40.5910,0,2,'NYHarway Ave10003+NYBay 43rd St+10003'
-73.9896,40.6253,0,1,'NY58th St10003'
-73.9896,40.7473,5316,6180,'NY6 Ave10003+NYW 30th St+10003|NY6 Ave10003+NYW 30 St+10003|NYAve of the Americas10003+NYW 30th St+10003|NYAve of the Americas10003+NYW 30 St+10003|NYW 30th St10003+NY6th Ave+10003|NYW 30 St10003+NY6th Ave+10003'
-73.9896,40.6880,768,162,'NYSmith St10003+NYPacific St+10003'
-73.9896,40.6581,4,182,'NY7th Ave10003+NY22nd St+10003|NY22nd St10003'
-73.9896,40.6271,0,3,'NY56th St10003+NY16th Ave+10003'
-73.9896,40.7399,5539,2889,'NYBroadway10003+NYE 21st St+10003'
-73.9896,40.6095,0,15,'NY75th St10003+NY21st Ave+10003|NYBay Ridge Pkwy10003+NY21st Ave+10003'
-73.9896,40.7415,10635,3290,'NYE 23rd St10003|NYE 23rd St10003+NY5th Ave+10003|NYE 23rd St10003+NYW 23rd St+10003|NY5th Ave10003+NYW 23rd St+10003|NY5th Ave10003+NYE 23 St+10003|NYW 23rd St10003|NYW 23rd St10003+NYE 23 St+10003|NYE 23 St10003'
-73.9896,40.6197,1,20,'NYCristoforo Colombo Blvd10003+NY64th St+10003|NY18th Ave10003+NY64th St+10003'
-73.9896,40.6768,5,4,'NY2nd St10003'
-73.9896,40.6799,64,170,'NYUnion St10003+NYBond St+10003'
-73.9896,40.6840,16,322,'NYHoyt St10003+NYBaltic St+10003'
-73.9895,40.7729,1076,2349,'NYW 61 St10003|NYW 61 St10003+NYW End Ave+10003|NYW End Ave10003+NYW 61st St+10003|NYW 61st St10003'
-73.9895,40.7039,59,241,'NYPlymouth St10003+NYWashington St+10003|NYWashington St10003'
-73.9895,40.5879,0,3,'NYBay 46th St10003+NYCropsey Ave+10003'
-73.9895,40.7051,4,4,'NYManhattan Brg10002|NYManhattan Brg10002+NYManhattan Brg+10002'
-73.9895,40.9023,0,1,'NJW Palisade Ave10003|NJW Palisade Ave10003+NJHargreaves Ave+10003|NJW Palisade Ave10003+NJBelmont St+10003|NJHargreaves Ave10003|NJHargreaves Ave10003+NJBelmont St+10003|NJBelmont St10003'
-73.9895,40.6733,93,166,'NY3rd Ave10003+NY6th St+10003'
-73.9895,40.7678,2022,3884,'NYW 55 St10003+NY10th Ave+10003|NYW 55 St10003+NY10 Ave+10003|NYW 55th St10003+NY10th Ave+10003|NYW 55th St10003+NY10 Ave+10003'
-73.9895,40.7113,5,81,'NYRutgers Slip10003|NYRutgers Slip10003+NYCherry St+10003'
-73.9895,40.6234,1,1,'NY60th St10003+NY17th Ave+10003'
-73.9895,40.7301,5477,3238,'NY3rd Ave10003+NYE 9th St+10003|NY3rd Ave10003+NYE 9 St+10003|NYE 9th St10003+NY3 Ave+10003|NYE 9 St10003+NY3 Ave+10003'
-73.9895,40.5935,1,10,'NYBay 41st St10003+NYBath Ave+10003'
-73.9895,40.6923,33,74,'NYJoralemon St10003|NYJoralemon St10003+NYFulton St+10003|NYJoralemon St10003+NYWilloughby St+10003|NYFulton St10003|NYFulton St10003+NYWilloughby St+10003|NYWilloughby St10003'
-73.9895,40.6617,8,180,'NY6th Ave10003+NY18th St+10003'
-73.9895,40.6307,0,5,'NY52nd St10003+NY15th Ave+10003'
-73.9895,40.5785,0,3,'NYNeptune Ave10003+NYW 22nd St+10003'
-73.9895,40.7360,5019,2745,'NYUnion Sq E10003+NYE 16th St+10003|NYUnion Sq E10003+NYE 16 St+10003|NYE 16th St10003|NYE 16 St10003'
-73.9894,40.6775,0,1,'NY1st St10003'
-73.9894,40.5889,0,5,'NYMill Rd10003|NYMill Rd10003+NY27th Ave+10003'
-73.9894,40.7262,7302,9124,'NYE 4 St10003+NY2nd Ave+10003|NYE 4 St10003+NY2 Ave+10003|NY2nd Ave10003+NYE 4th St+10003|NYE 4th St10003+NY2 Ave+10003'
-73.9894,40.7406,2783,4172,'NYE 22nd St10003+NYBroadway+10003|NYBroadway10003+NYE 22 St+10003'
-73.9894,40.7101,34,112,'NYRutgers Slip10003|NYRutgers Slip10003+NYSouth St+10003'
-73.9894,40.7629,7373,5513,'NY9 Ave10003+NYW 49th St+10003|NY9 Ave10003+NYW 49 St+10003|NYW 49th St10003+NY9th Ave+10003|NYW 49 St10003+NY9th Ave+10003'
-73.9894,40.7100,18,24,'NYS Street Viaduct10002|NYS Street Viaduct10002+NYS Street Viaduct+10002'
-73.9894,40.6131,0,18,'NY71st St10003+NY20th Ave+10003'
-73.9894,40.5993,0,13,'NY24th Ave10003+NY86th St+10003'
-73.9894,40.7232,2403,5871,'NYE Houston St10003+NYEldridge St+10003|NYEldridge St10003'
-73.9894,40.7760,1830,5225,'NYRiverside Blvd10003'
-73.9893,40.7141,242,597,'NYJefferson St10003|NYJefferson St10003+NYCanal St+10003|NYJefferson St10003+NYE Broadway+10003|NYCanal St10003|NYCanal St10003+NYE Broadway+10003'
-73.9893,40.6343,1,7,'NY48th St10003+NY14th Ave+10003'
-73.9893,40.6910,921,1903,'NYCourt Sq10003|NYCourt Sq10003+NYLivingston St+10003|NYCourt Sq10003+NYRed Hook Ln+10003|NYCourt Sq10003+NYPearl St+10003|NYCourt Sq10003+NYBoerum Pl+10003|NYLivingston St10003+NYRed Hook Ln+10003|NYLivingston St10003+NYPearl St+10003|NYLivingston St10003+NYBoerum Pl+10003|NYRed Hook Ln10003|NYRed Hook Ln10003+NYBoerum Pl+10003|NYPearl St10003|NYPearl St10003+NYBoerum Pl+10003'
-73.9893,40.6656,255,567,'NY5th Ave10003+NY15th St+10003'
-73.9893,40.7579,18815,14948,'NYW 43rd St10003+NY8 Ave+10003|NYW 43rd St10003+NY8th Ave+10003'
-73.9893,40.7419,4304,850,'NYBroadway10003+NY5th Ave+10003'
-73.9893,40.7732,633,941,'NYW 61st Dr10003|NYW 61st Dr10003+NYW End Ave+10003|NYW 61st Dr10003+NYW 61 Dr+10003|NYW End Ave10003+NYW 61 Dr+10003|NYW 61 Dr10003'
-73.9893,40.6167,0,20,'NY19th Ave10003+NY67th St+10003'
-73.9892,40.7529,3435,2227,'NY7 Ave10003+NYW 37th St+10003|NY7th Ave10003+NYW 37th St+10003|NYFashion Ave10003+NYW 37th St+10003'
-73.9892,40.7423,1432,517,'NYBroadway10003+NYW 24th St+10003'
-73.9892,40.6029,0,9,'NY82nd St10003+NY23rd Ave+10003'
-73.9892,40.6697,253,357,'NY10th St10003+NY4th Ave+10003'
-73.9892,40.7020,1448,1430,'NYFleet Aly10003'
-73.9892,40.7414,4784,2563,'NYE 23rd St10003+NYBroadway+10003|NYBroadway10003+NYE 23 St+10003'
-73.9892,40.6378,1,3,'NY44th St10003+NY13th Ave+10003'
-73.9892,40.8161,1,1,'NJJersey Ave10003|NJJersey Ave10003+NJGorge Rd+10003'
-73.9892,40.7016,35,190,'NYYork St10003+NYFleet Aly+10003|NYFleet Aly10003'
-73.9892,40.6773,1,1,'NY1st St10003'
-73.9892,40.6886,1736,1788,'NYSmith St10003+NYAtlantic Ave+10003'
-73.9892,40.7479,9121,13102,'NYW 31st St10003+NY6 Ave+10003|NYW 31st St10003+NYAve of the Americas+10003|NYW 31st St10003+NY6th Ave+10003|NY6 Ave10003+NYW 31 St+10003|NYAve of the Americas10003+NYW 31 St+10003|NYW 31 St10003+NY6th Ave+10003|NY6th Ave10003'
-73.9892,40.7167,1884,1754,'NYGrand St10003+NYEssex St+10003'
-73.9892,40.7430,2848,2669,'NYW 25th St10003+NYBroadway+10003'
-73.9891,40.6065,0,14,'NY78th St10003+NYBay Pkwy+10003|NY78th St10003+NYKings Hwy+10003|NY78th St10003+NY22nd Ave+10003|NYBay Pkwy10003+NYKings Hwy+10003|NYKings Hwy10003|NYKings Hwy10003+NY22nd Ave+10003'
-73.9891,40.7768,1032,4739,'NYRiverside Blvd10003+NYW 66 St+10003|NYW 66 St10003'
-73.9891,40.6806,2,53,'NYBond St10003+NYSackett St+10003'
-73.9891,40.6846,12,213,'NYHoyt St10003+NYWarren St+10003|NYWarren St10003'
-73.9891,40.7038,21,147,'NYAdams St10003|NYAdams St10003+NYPlymouth St+10003'
-73.9891,40.7743,1470,6168,'NYW 63rd St10003|NYW 63rd St10003+NYE Tower Dr+10003|NYE Tower Dr10003'
-73.9891,40.7735,989,1307,'NYW 62 St10003|NYW 62 St10003+NYW 62nd St+10003|NYW 62 St10003+NYW End Ave+10003|NYW 62nd St10003|NYW 62nd St10003+NYW End Ave+10003'
-73.9891,40.6414,1,15,'NY12th Ave10003+NY40th St+10003'
-73.9891,40.6441,0,6,'NY37th St10003+NYFort Hamilton Pkwy+10003'
-73.9891,40.7307,6955,3990,'NYE 10 St10003+NY3rd Ave+10003|NYE 10 St10003+NY3 Ave+10003|NYE 10th St10003+NY3rd Ave+10003|NYE 10th St10003+NY3 Ave+10003'
-73.9891,40.7684,1970,2686,'NYW 56th St10003+NY10th Ave+10003|NYW 56th St10003+NY10 Ave+10003|NY10th Ave10003+NYW 56 St+10003|NYW 56 St10003+NY10 Ave+10003'
-73.9890,40.7365,13362,6723,'NYPark Ave S10003|NYPark Ave S10003+NYE 17 St+10003|NYPark Ave S10003+NYUnion Sq E+10003|NYPark Ave S10003+NYE 17th St+10003|NYE 17 St10003+NYUnion Sq E+10003|NYUnion Sq E10003|NYUnion Sq E10003+NYE 17th St+10003'
-73.9890,40.8732,1,0,'NJRay Ave10003'
-73.9890,40.6587,5,209,'NY7th Ave10003+NY21st St+10003|NY21st St10003'
-73.9890,40.7438,5816,3778,'NYBroadway10003+NYW 26th St+10003'
-73.9890,40.6277,1,2,'NY55th St10003+NY16th Ave+10003'
-73.9890,40.5872,0,4,'NYBay 47th St10003|NYBay 47th St10003+NYCropsey Ave+10003'
-73.9890,40.6203,0,12,'NYCristoforo Colombo Blvd10003+NY63rd St+10003|NY18th Ave10003+NY63rd St+10003'
-73.9890,40.7268,7331,6714,'NYE 5th St10003+NY2nd Ave+10003|NYE 5th St10003+NY2 Ave+10003|NY2nd Ave10003+NYE 5 St+10003|NYE 5 St10003+NY2 Ave+10003'
-73.9890,40.6788,5,4,'NYPresident St10003'
-73.9890,40.6921,691,402,'NYCourt Sq10003|NYCourt Sq10003+NYAdams St+10003|NYCourt Sq10003+NYFulton St+10003|NYCourt Sq10003+NYBoerum Pl+10003|NYAdams St10003|NYAdams St10003+NYFulton St+10003|NYAdams St10003+NYBoerum Pl+10003|NYFulton St10003+NYBoerum Pl+10003|NYBoerum Pl10003'
-73.9890,40.5962,0,7,'NYBenson Ave10003+NY25th Ave+10003'
-73.9890,40.7422,2170,733,'NY5th Ave10003+NYW 24th St+10003|NYW 24th St10003'
-73.9889,40.7635,11098,6051,'NYW 50th St10003+NY9 Ave+10003|NYW 50th St10003+NY9th Ave+10003'
-73.9889,40.7750,362,611,'NYW 64th St10003'
-73.9889,40.6101,0,16,'NY74th St10003+NY21st Ave+10003'
-73.9889,40.6623,2,131,'NY17th St10003|NY17th St10003+NY6th Ave+10003'
-73.9889,40.7775,863,2950,'NYRiverside Blvd10003+NYW 67 St+10003|NYW 67 St10003'
-73.9889,40.6999,23,28,'NYBrooklyn Brg10002|NYBrooklyn Brg10002+NYBrooklyn Brg+10002'
-73.9889,40.7299,4591,3468,'NYE 9th St10003+NYStuyvesant St+10003|NYE 9 St10003+NYStuyvesant St+10003'
-73.9889,40.5906,0,6,'NYBay 44th St10003+NYHarway Ave+10003'
-73.9889,40.8836,1,4,'NJWindsor Park Ct10009|NJWindsor Park Ct10009+NJState Rte 4+10009'
-73.9889,40.8094,0,1,'NJThompson Ln10003'
-73.9889,40.6240,0,5,'NY59th St10003+NY17th Ave+10003'
-73.9889,40.6312,0,12,'NY51st St10003+NY15th Ave+10003'
-73.9889,40.7445,5475,3689,'NYW 27th St10003+NYBroadway+10003|NYBroadway10003+NYW 27 St+10003'
-73.9888,40.8335,0,1,'NJAurora Ave10003+NJW End Ave+10003'
-73.9888,40.7585,22587,13157,'NY8 Ave10003+NYW 44th St+10003|NY8th Ave10003+NYW 44th St+10003'
-73.9888,40.6137,1,16,'NY70th St10003+NY20th Ave+10003'
-73.9888,40.6662,171,605,'NY5th Ave10003+NY14th St+10003'
-73.9888,40.7535,4487,1476,'NY7 Ave10003+NYW 38th St+10003|NY7th Ave10003+NYW 38th St+10003|NYFashion Ave10003+NYW 38th St+10003'
-73.9888,40.7340,5260,4073,'NYE 14th St10003+NYIrving Pl+10003|NYE 14 St10003+NYIrving Pl+10003|NYIrving Pl10003'
-73.9888,40.5999,0,6,'NY24th Ave10003+NY85th St+10003'
-73.9888,40.6624,6,57,'NYProspect Expy10002+NY6th Ave+10002'
-73.9888,40.7147,114,408,'NYJefferson St10003'
-73.9888,40.6950,680,850,'NYAdams St10003+NYJohnson St+10003|NYAdams St10003+NYTech Pl+10003|NYJohnson St10003|NYJohnson St10003+NYJohnson St+10003|NYJohnson St10003+NYTech Pl+10003|NYTech Pl10003'
-73.9888,40.6348,0,6,'NY47th St10003+NY14th Ave+10003'
-73.9887,40.7780,1108,2775,'NYRiverside Blvd10003+NYW 68 St+10003|NYW 68 St10003'
-73.9887,40.5930,0,6,'NY26th Ave10003+NYBath Ave+10003'
-73.9887,40.6923,612,571,'NYAdams St10003+NYWilloughby St+10003'
-73.9887,40.7453,6600,6103,'NYW 28th St10003+NYBroadway+10003|NYBroadway10003+NYW 28 St+10003'
-73.9887,40.6703,915,533,'NY9th St10003+NY4th Ave+10003'
-73.9887,40.6892,168,326,'NYState St10003+NYSmith St+10003'
-73.9887,40.5743,0,1,'NYW 22nd St10003'
-73.9887,40.7485,16847,11236,'NYW 32 St10003+NY6 Ave+10003|NYW 32 St10003+NYAve of the Americas+10003|NY6 Ave10003+NYW 32nd St+10003|NYAve of the Americas10003+NYW 32nd St+10003'
-73.9887,40.6852,30,316,'NYHoyt St10003+NYWyckoff St+10003'
-73.9887,40.7749,360,1582,'NYE Tower Dr10003|NYE Tower Dr10003+NYW 64th St+10003'
-73.9887,40.6812,11,53,'NYDegraw St10003+NYBond St+10003'
-73.9887,40.6172,1,10,'NY19th Ave10003+NY66th St+10003'
-73.9887,40.5743,0,2,'NYSurf Ave10003+NYW 22nd St+10003|NYW 22nd St10003'
-73.9887,40.5988,0,9,'NYBay 37th St10003|NYBay 37th St10003+NY86th St+10003'
-73.9887,40.8203,0,1,'NJEdgewater Rd10003+NJPalisade Ave+10003'
-73.9886,40.7003,244,120,'NYAdams St10003|NYAdams St10003+NYSands St+10003|NYSands St10003'
-73.9886,40.6992,96,203,'NYBrooklyn Brg10002|NYBrooklyn Brg10002+NYAdams St+10002|NYBrooklyn Brg10002+NYRed Cross Pl+10002|NYAdams St10003+NYRed Cross Pl+10003|NYRed Cross Pl10003'
-73.9886,40.7428,2725,1496,'NYW 25th St10003|NYW 25th St10003+NY5th Ave+10003'
-73.9886,40.6034,0,3,'NY81st St10003+NY23rd Ave+10003'
-73.9886,40.7229,12668,7854,'NYE Houston St10003|NYE Houston St10003+NYPeretz Sq+10003|NYE Houston St10003+NYE Houston St+10003|NYE Houston St10003+NY1st Ave+10003|NYE Houston St10003+NY1 Ave+10003|NYPeretz Sq10003|NYPeretz Sq10003+NY1st Ave+10003|NYPeretz Sq10003+NY1 Ave+10003|NY1st Ave10003|NY1 Ave10003'
-73.9886,40.7013,17,133,'NYAdams St10003+NYI 278+10003|NYAdams St10003+NYBrooklyn Qns Expy+10003'
-73.9886,40.7014,63,371,'NYAdams St10003+NYI 278+10003|NYAdams St10003+NYBrooklyn Queens Expy+10003'
-73.9886,40.7741,2627,3622,'NYW 63rd St10003|NYW 63rd St10003+NYW End Ave+10003|NYW 63rd St10003+NYThelonius Monk Cir+10003|NYW 63rd St10003+NYW 63rd St+10003|NYW 63rd St10003+NYW 63 St+10003|NYW End Ave10003+NYThelonius Monk Cir+10003|NYW End Ave10003+NYW 63rd St+10003|NYW End Ave10003+NYW 63 St+10003|NYThelonius Monk Cir10003|NYThelonius Monk Cir10003+NYW 63rd St+10003|NYThelonius Monk Cir10003+NYW 63 St+10003|NYW 63 St10003'
-73.9886,40.7000,13,10,'NYAdams St10003|NYAdams St10003+NYSands St+10003|NYSands St10003'
-73.9886,40.6384,0,6,'NY13th Ave10003+NY43rd St+10003'
-73.9886,40.7313,15940,9469,'NYE 11th St10003+NY3rd Ave+10003|NYE 11th St10003+NY3 Ave+10003|NYE 11 St10003+NY3rd Ave+10003|NYE 11 St10003+NY3 Ave+10003'
-73.9886,40.7135,119,837,'NYHenry St10003+NYJefferson St+10003'
-73.9886,40.7460,7865,6235,'NYBroadway10003+NYW 29th St+10003'
-73.9886,40.7371,14087,6912,'NYPark Ave S10003+NYE 18 St+10003|NYPark Ave S10003+NYE 18th St+10003'
-73.9886,40.5842,0,1,'NYBay 38th St10003|NYBay 38th St10003+NYShore Pkwy+10003|NYBay 38th St10003+NYBay 38th St+10003|NYShore Pkwy10003|NYShore Pkwy10003+NYBay 38th St+10003'
-73.9886,40.7691,6644,9863,'NY10th Ave10003+NYW 57 St+10003|NY10th Ave10003+NYW 57th St+10003|NY10 Ave10003+NYW 57 St+10003|NY10 Ave10003+NYW 57th St+10003'
-73.9886,40.6070,1,4,'NYBay Pkwy10003+NY77th St+10003|NY77th St10003|NY77th St10003+NY22nd Ave+10003'
-73.9885,40.7274,6365,7714,'NYE 6th St10003+NY2nd Ave+10003|NYE 6th St10003+NY2 Ave+10003|NY2nd Ave10003+NYE 6 St+10003|NY2 Ave10003+NYE 6 St+10003'
-73.9885,40.7215,22305,8811,'NYStanton St10003+NYOrchard St+10003'
-73.9885,40.8789,0,4,'NJW Sheffield Ave10003+NJW Sheffield Exn+10003|NJW Sheffield Exn10003'
-73.9885,40.7038,14,325,'NYPlymouth St10003+NYAdams St+10003|NYAdams St10003'
-73.9885,40.6420,0,8,'NY12th Ave10003+NY39th St+10003'
-73.9885,40.7641,10381,6965,'NY9 Ave10003+NYW 51st St+10003|NYW 51st St10003+NY9th Ave+10003'
-73.9885,40.8412,0,2,'NJState Rte 6310002+NJE Brinkerhoff Ave+10002|NJState Rte 6310002+NJ12th St+10002|NJBergen Blvd10002+NJE Brinkerhoff Ave+10002|NJBergen Blvd10002+NJ12th St+10002|NJE Brinkerhoff Ave10003+NJ12th St+10003'
-73.9885,40.7128,63,378,'NYJefferson St10003|NYJefferson St10003+NYMadison St+10003'
-73.9885,40.5866,0,3,'NYBay 48th St10003|NYBay 48th St10003+NYCropsey Ave+10003'
-73.9885,40.7468,1328,2065,'NYBroadway10003+NYW 30th St+10003|NYBroadway10003+NYW 30 St+10003'
-73.9885,40.7233,6370,2383,'NY1st Ave10003+NYE 1st St+10003|NY1st Ave10003+NYE 1 St+10003|NYE 1st St10003+NY1 Ave+10003|NYE 1 St10003+NY1 Ave+10003'
-73.9885,40.8105,1,5,'NJIndependence Way10003|NJIndependence Way10003+NJRiver Rd+10003'
-73.9884,40.7773,66,203,'NYW 67 St10003'
-73.9884,40.7788,940,2705,'NYRiverside Blvd10003+NYW 69 St+10003|NYW 69 St10003'
-73.9884,40.7045,6,16,'NYJohn St10003|NYJohn St10003+NYAdams St+10003|NYAdams St10003'
-73.9884,40.6282,0,1,'NY54th St10003|NY54th St10003+NY16th Ave+10003'
-73.9884,40.6593,15,207,'NY7th Ave10003+NY20th St+10003'
-73.9884,40.7038,18,163,'NYAnchorage Pl10003|NYAnchorage Pl10003+NYPlymouth St+10003'
-73.9884,40.8366,0,1,'NJKingsland Ave10003+NJBluff Rd+10003|NJBluff Rd10003+NJKingsland Ln+10003'
-73.9884,40.6071,1,12,'NYBay Pkwy10003+NYAve P+10003|NYAve P10003|NYAve P10003+NY22nd Ave+10003'
-73.9884,40.6209,0,12,'NYCristoforo Colombo Blvd10003+NY62nd St+10003|NY62nd St10003+NY18th Ave+10003'
-73.9884,40.5726,0,1,'NYW 22nd St10003+NYHighland View Ave+10003|NYHighland View Ave10003'
-73.9884,40.7765,167,1433,'NYW 66 St10003+NYFreedom Pl+10003|NYFreedom Pl10003|NYFreedom Pl10003+NYW 66th St+10003|NYW 66th St10003'
-73.9884,40.7119,1,2,'NYJefferson St10003'
-73.9884,40.7592,14100,7901,'NYW 45 St10003+NY8 Ave+10003|NYW 45 St10003+NY8th Ave+10003|NY8 Ave10003+NYW 45th St+10003|NY8th Ave10003+NYW 45th St+10003'
-73.9884,40.5864,0,6,'NY28th Ave10003|NY28th Ave10003+NYCropsey Ave+10003'
-73.9884,40.7164,354,868,'NYGrand St10003+NYNorfolk St+10003|NYNorfolk St10003'
-73.9884,40.6107,0,16,'NY73rd St10003+NY21st Ave+10003'
-73.9883,40.6446,2,4,'NY36th St10003|NY36th St10003+NYFort Hamilton Pkwy+10003'
-73.9883,40.7797,100,231,'NYHenry Hudson Pkwy10002+NYW 70th St+10002|NYState Rte 9a10002+NYW 70th St+10002|NYW 70th St10003'
-73.9883,40.6283,0,4,'NY16th Ave10003+NY54th St+10003|NY54th St10003'
-73.9883,40.6628,23,355,'NY6th Ave10003+NYProspect Ave+10003'
-73.9883,40.7541,3797,1747,'NY7 Ave10003+NYW 39th St+10003|NY7 Ave10003+NYW 39 St+10003|NYW 39th St10003+NY7th Ave+10003|NYW 39th St10003+NYFashion Ave+10003|NY7th Ave10003+NYW 39 St+10003|NYFashion Ave10003+NYW 39 St+10003'
-73.9883,40.7114,43,544,'NYCherry St10003+NYJefferson St+10003|NYJefferson St10003'
-73.9883,40.6668,141,379,'NY5th Ave10003+NY13th St+10003'
-73.9883,40.7475,4637,4073,'NYW 31st St10003+NYBroadway+10003|NYBroadway10003+NYW 31 St+10003'
-73.9883,40.6245,0,3,'NY58th St10003+NY17th Ave+10003'
-73.9883,40.6899,163,171,'NYSmith St10003+NYSchermerhorn St+10003'
-73.9883,40.6318,0,2,'NY50th St10003+NY15th Ave+10003'
-73.9883,40.6859,117,729,'NYHoyt St10003+NYBergen St+10003'
-73.9883,40.7347,6860,7064,'NYE 15 St10003+NYIrving Pl+10003|NYE 15th St10003+NYIrving Pl+10003'
-73.9883,40.6819,9,91,'NYBond St10003+NYDouglass St+10003'
-73.9883,40.7491,6111,3845,'NYW 33rd St10003+NY6 Ave+10003|NYW 33rd St10003+NYAve of the Americas+10003|NYW 33 St10003+NY6 Ave+10003|NYW 33 St10003+NYAve of the Americas+10003'
-73.9883,40.6778,10,103,'NYNevins St10003|NYNevins St10003+NYCarroll St+10003'
-73.9882,40.6142,0,19,'NY69th St10003+NY20th Ave+10003|NYBay Ridge Ave10003+NY20th Ave+10003'
-73.9882,40.6918,18,29,'NYFulton St10003+NYRed Hook Ln+10003|NYFulton St10003+NYPearl St+10003|NYRed Hook Ln10003'
-73.9882,40.5958,0,18,'NYBenson Ave10003+NYBay 40th St+10003'
-73.9882,40.6710,270,426,'NY8th St10003+NY4th Ave+10003'
-73.9882,40.7747,1910,3248,'NYW 64th St10003|NYW 64th St10003+NYW End Ave+10003|NYW 64th St10003+NYW 64 St+10003|NYW 64th St10003+NYW 64th St+10003|NYW End Ave10003+NYW 64 St+10003|NYW End Ave10003+NYW 64th St+10003|NYW 64 St10003|NYW 64 St10003+NYW 64th St+10003'
-73.9882,40.7435,6641,3443,'NYMadison Sq N10003|NYMadison Sq N10003+NYE 26th St+10003|NYMadison Sq N10003+NY5th Ave+10003|NYMadison Sq N10003+NYW 26th St+10003|NYE 26th St10003|NYE 26th St10003+NY5th Ave+10003|NYE 26th St10003+NYW 26th St+10003|NY5th Ave10003+NYW 26th St+10003|NYW 26th St10003'
-73.9882,40.6004,0,23,'NY24th Ave10003+NY84th St+10003'
-73.9882,40.7483,10176,8032,'NYW 32 St10003+NYBroadway+10003|NYBroadway10003+NYW 32nd St+10003'
-73.9882,40.6354,0,4,'NY14th Ave10003+NY46th St+10003'
-73.9882,40.5901,0,2,'NYHarway Ave10003+NY27th Ave+10003'
-73.9882,40.7377,15893,5132,'NYPark Ave S10003+NYE 19th St+10003|NYPark Ave S10003+NYE 19 St+10003'
-73.9882,40.7320,7177,6933,'NYE 12th St10003+NY3rd Ave+10003|NYE 12th St10003+NY3 Ave+10003|NY3rd Ave10003+NYE 12 St+10003|NY3 Ave10003+NYE 12 St+10003'
-73.9881,40.6933,1168,2750,'NYPearl St10003'
-73.9881,40.7727,134,850,'NYW 61st Dr10003|NYW 61st Dr10003+NYW 61 Dr+10003|NYW 61 Dr10003'
-73.9881,40.7280,6884,5836,'NYE 7 St10003+NY2nd Ave+10003|NYE 7 St10003+NY2 Ave+10003|NYE 7th St10003+NY2nd Ave+10003|NYE 7th St10003+NY2 Ave+10003'
-73.9881,40.8284,3,3,'NJGlen St10003|NJGlen St10003+NJGrant Ave+10003|NJGlen St10003+NJLawton Ave+10003|NJGrant Ave10003|NJGrant Ave10003+NJLawton Ave+10003'
-73.9881,40.7409,6760,3928,'NYE 23rd St10003+NYMadison Ave+10003|NYMadison Ave10003|NYMadison Ave10003+NYE 23 St+10003'
-73.9881,40.6802,0,1,'NYSackett St10003'
-73.9881,40.6179,0,14,'NY19th Ave10003+NY65th St+10003'
-73.9881,40.6040,0,9,'NY23rd Ave10003+NY80th St+10003'
-73.9881,40.7698,2519,3842,'NY10th Ave10003+NYW 58th St+10003|NY10 Ave10003+NYW 58th St+10003'
-73.9880,40.6389,0,3,'NY13th Ave10003+NY42nd St+10003'
-73.9880,40.7490,6090,7339,'NYW 33rd St10003+NYBroadway+10003|NYW 33 St10003+NYBroadway+10003'
-73.9880,40.7796,1036,3013,'NYRiverside Blvd10003+NYW 70 St+10003|NYRiverside Blvd10003+NYW 70th St+10003|NYW 70 St10003|NYW 70 St10003+NYW 70th St+10003|NYW 70th St10003|NYW 70th St10003+NYW 70th St+10003'
-73.9880,40.7647,11257,8055,'NY9 Ave10003+NYW 52nd St+10003|NYW 52nd St10003+NY9th Ave+10003'
-73.9880,40.5926,0,4,'NYBay 43rd St10003+NYBath Ave+10003'
-73.9880,40.5860,0,4,'NYBay 49th St10003|NYBay 49th St10003+NYCropsey Ave+10003'
-73.9880,40.7495,2835,1477,'NYBroadway10003+NY6 Ave+10003|NYBroadway10003+NYAve of the Americas+10003'
-73.9880,40.7239,4184,4307,'NYE 2nd St10003+NY1st Ave+10003|NYE 2nd St10003+NY1 Ave+10003|NY1st Ave10003+NYE 2 St+10003|NYE 2 St10003+NY1 Ave+10003'
-73.9880,40.6076,0,16,'NYBay Pkwy10003+NY76th St+10003|NY76th St10003|NY76th St10003+NY22nd Ave+10003'
-73.9879,40.5984,0,3,'NYBay 38th St10003|NYBay 38th St10003+NY86th St+10003'
-73.9879,40.7499,2800,2605,'NYW 34th St10003+NYBroadway+10003'
-73.9879,40.7598,19738,11107,'NYW 46 St10003+NY8 Ave+10003|NYW 46 St10003+NY8th Ave+10003|NY8 Ave10003+NYW 46th St+10003|NY8th Ave10003+NYW 46th St+10003'
-73.9879,40.6425,1,7,'NY12th Ave10003+NY38th St+10003'
-73.9879,40.8188,1,2,'NJSummit Ter10003+NJCortland Pl+10003|NJCortland Pl10003'
-73.9879,40.6905,234,184,'NYSmith St10003+NYLivingston St+10003'
-73.9879,40.7548,5381,2354,'NYW 40th St10003+NY7 Ave+10003|NYW 40th St10003+NY7th Ave+10003|NYW 40th St10003+NYFashion Ave+10003|NY7 Ave10003+NYW 40 St+10003|NY7th Ave10003+NYW 40 St+10003|NYFashion Ave10003+NYW 40 St+10003'
-73.9879,40.7174,1146,1305,'NYBroome St10003+NYNorfolk St+10003'
-73.9879,40.7227,6661,7070,'NYPeretz Sq10003+NYOrchard St+10003|NYE Houston St10003+NYOrchard St+10003|NYOrchard St10003'
-73.9879,40.6865,29,475,'NYHoyt St10003+NYDean St+10003'
-73.9879,40.6800,2,1,'NYSackett St10003'
-73.9879,40.6825,18,147,'NYBond St10003+NYButler St+10003|NYButler St10003'
-73.9879,40.5858,0,5,'NYCropsey Ave10003+NYBay 49th St+10003|NYBay 49th St10003'
-73.9879,40.6214,0,4,'NYCristoforo Colombo Blvd10003+NY61st St+10003|NY61st St10003+NY18th Ave+10003'
-73.9878,40.6288,0,4,'NY16th Ave10003+NY53rd St+10003'
-73.9878,40.6598,50,202,'NY19th St10003+NY7th Ave+10003'
-73.9878,40.7731,60,530,'NYW 62 St10003|NYW 62 St10003+NYW 62nd St+10003|NYW 62nd St10003'
-73.9878,40.6785,0,24,'NYNevins St10003+NYPresident St+10003|NYPresident St10003'
-73.9878,40.6993,31,16,'NYHigh St10003|NYHigh St10003+NYPearl St+10003|NYPearl St10003'
-73.9878,40.7777,159,571,'NYW 68 St10003|NYW 68 St10003+NYFreedom Pl+10003'
-73.9878,40.6674,191,834,'NY5th Ave10003+NY12th St+10003'
-73.9878,40.7498,6127,6187,'NYW 34th St10003+NY6 Ave+10003|NYW 34th St10003+NYAve of the Americas+10003'
-73.9878,40.7507,1594,1271,'NYW 35th St10003+NYBroadway+10003|NYBroadway10003+NYW 35 St+10003'
-73.9878,40.6112,0,15,'NY72nd St10003+NY21st Ave+10003'
-73.9878,40.7212,25492,27853,'NYStanton St10003+NYLudlow St+10003'
-73.9877,40.7441,10043,10405,'NYW 27th St10003|NYW 27th St10003+NYE 27th St+10003|NYW 27th St10003+NY5th Ave+10003|NYW 27th St10003+NYE 27 St+10003|NYW 27 St10003|NYW 27 St10003+NYE 27th St+10003|NYW 27 St10003+NY5th Ave+10003|NYW 27 St10003+NYE 27 St+10003|NYE 27th St10003|NYE 27th St10003+NY5th Ave+10003|NY5th Ave10003+NYE 27 St+10003|NYE 27 St10003'
-73.9877,40.6616,7,118,'NY17th St10003|NY17th St10003+NYCalder Pl+10003|NYCalder Pl10003'
-73.9877,40.7383,17060,6935,'NYPark Ave S10003+NYE 20th St+10003'
-73.9877,40.6251,0,2,'NY57th St10003+NY17th Ave+10003'
-73.9877,40.8255,0,1,'NJWashington Ave10003|NJWashington Ave10003+NJAnderson Ave+10003'
-73.9877,40.6716,420,560,'NY7th St10003+NY4th Ave+10003'
-73.9877,40.6324,0,2,'NY49th St10003+NY15th Ave+10003'
-73.9877,40.7012,242,54,'NYI 27810001+NYPearl St+10001|NYPearl St10003+NYBrooklyn Qns Expy+10003'
-73.9877,40.7754,1420,1800,'NYW End Ave10003+NYW 65th St+10003|NYW End Ave10003+NYW 65 St+10003|NYW 65th St10003|NYW 65 St10003'
-73.9877,40.7013,361,306,'NYI 27810001+NYPearl St+10001|NYPearl St10003+NYBrooklyn Queens Expy+10003'
-73.9877,40.9366,0,1,'NJDepew St10003'
-73.9877,40.7326,11763,7684,'NYE 13 St10003+NY3rd Ave+10003|NYE 13 St10003+NY3 Ave+10003|NY3rd Ave10003+NYE 13th St+10003|NYE 13th St10003+NY3 Ave+10003'
-73.9877,40.7031,3213,1837,'NYPearl St10003+NYAnchorage Pl+10003|NYAnchorage Pl10003'
-73.9877,40.7286,8966,10153,'NY2nd Ave10003+NYSaint Marks Pl+10003|NYSaint Marks Pl10003+NY2 Ave+10003'
-73.9877,40.6808,2,3,'NYDegraw St10003'
-73.9877,40.6148,0,5,'NY68th St10003+NY20th Ave+10003'
-73.9876,40.7514,1518,1201,'NYBroadway10003+NYW 36 St+10003|NYBroadway10003+NYW 36th St+10003'
-73.9876,40.5746,0,2,'NYW 21st St10003+NYSurf Ave+10003'
-73.9876,40.7704,3006,4438,'NY10th Ave10003|NY10th Ave10003+NYAmsterdam Ave+10003|NY10th Ave10003+NYW 59th St+10003|NYAmsterdam Ave10003|NYAmsterdam Ave10003+NY10 Ave+10003|NYAmsterdam Ave10003+NYW 59th St+10003|NY10 Ave10003|NY10 Ave10003+NYW 59th St+10003'
-73.9876,40.8064,0,5,'NJThe Promenade10003'
-73.9876,40.8237,0,1,'NJKearney Ave10003|NJKearney Ave10003+NJGorge Rd+10003'
-73.9876,40.6010,0,14,'NY24th Ave10003+NY83rd St+10003'
-73.9876,40.7802,298,878,'NYRiverside Blvd10003+NYW 71 St+10003|NYW 71 St10003'
-73.9876,40.8197,0,2,'NJEdgewater Rd10003+NJSummit Ter+10003|NJSummit Ter10003'
-73.9876,40.6359,0,4,'NY14th Ave10003+NY45th St+10003'
-73.9876,40.5836,0,1,'NYBay 38th St10003|NYBay 38th St10003+NYBay 52nd St+10003'
-73.9876,40.7654,8060,8277,'NY9 Ave10003+NYW 53rd St+10003|NY9 Ave10003+NYW 53 St+10003|NYW 53rd St10003+NY9th Ave+10003|NY9th Ave10003+NYW 53 St+10003'
-73.9876,40.6623,6,94,'NYProspect Ave10003+NYWebster Pl+10003|NYWebster Pl10003'
-73.9876,40.8306,0,1,'NJLafayette Ave10003+NJHillside Ave+10003|NJHillside Ave10003'
-73.9875,40.5853,1,6,'NYBay 50th St10003|NYBay 50th St10003+NYCropsey Ave+10003'
-73.9875,40.7162,295,583,'NYSuffolk St10003|NYSuffolk St10003+NYGrand St+10003'
-73.9875,40.7415,3065,790,'NYE 24th St10003|NYE 24th St10003+NYMadison Ave+10003'
-73.9875,40.7046,8,34,'NYPearl St10003'
-73.9875,40.5953,0,11,'NYBenson Ave10003+NYBay 41st St+10003'
-73.9875,40.7246,4403,2399,'NYE 3rd St10003+NY1st Ave+10003|NYE 3rd St10003+NY1 Ave+10003|NY1st Ave10003+NYE 3 St+10003|NYE 3 St10003+NY1 Ave+10003'
-73.9875,40.6440,3,3,'NYMinna St10003|NYMinna St10003+NY36th St+10003'
-73.9875,40.6602,8,44,'NY18th St10003|NY18th St10003+NY7th Ave+10003'
-73.9875,40.7522,966,721,'NYBroadway10003+NYW 37th St+10003'
-73.9875,40.6045,0,12,'NY79th St10003+NY23rd Ave+10003'
-73.9875,40.6757,102,61,'NY3rd Ave10003+NY2nd St+10003|NY2nd St10003'
-73.9875,40.8671,0,1,'NJCottage Pl10003|NJCottage Pl10003+NJLeonia Ave+10003'
-73.9875,40.7604,12054,8567,'NYW 47 St10003+NY8 Ave+10003|NYW 47 St10003+NY8th Ave+10003|NYW 47th St10003+NY8 Ave+10003|NYW 47th St10003+NY8th Ave+10003'
-73.9875,40.8101,0,2,'NJIndependence Way10003|NJIndependence Way10003+NJIndependence Way+10003'
-73.9875,40.7784,80,389,'NYW 69 St10003|NYW 69 St10003+NYFreedom Pl+10003'
-73.9875,40.6395,1,6,'NY13th Ave10003+NY41st St+10003'
-73.9875,40.6638,7,478,'NY6th Ave10003+NY16th St+10003'
-73.9874,40.7554,7428,3973,'NYW 41st St10003+NY7 Ave+10003|NYW 41st St10003+NY7th Ave+10003|NYW 41st St10003+NYFashion Ave+10003|NYFashion Ave10003'
-73.9874,40.6185,0,17,'NY19th Ave10003+NY64th St+10003'
-73.9874,40.6871,27,274,'NYHoyt St10003+NYPacific St+10003'
-73.9874,40.7183,22414,15332,'NYNorfolk St10003+NYDelancey St+10003'
-73.9874,40.5897,0,4,'NYBay 46th St10003+NYHarway Ave+10003'
-73.9874,40.5851,0,3,'NYBay 50th St10003|NYBay 50th St10003+NYCropsey Ave+10003'
-73.9874,40.6791,24,116,'NYUnion St10003+NYNevins St+10003'
-73.9874,40.7359,6689,4306,'NYE 17 St10003+NYIrving Pl+10003|NYE 17th St10003+NYIrving Pl+10003'
-73.9874,40.6081,0,6,'NYBay Pkwy10003+NYStillwell Ave+10003|NYStillwell Ave10003|NYStillwell Ave10003+NY22nd Ave+10003'
-73.9874,40.7300,968,2982,'NYE 10 St10003+NYStuyvesant St+10003|NYE 10th St10003+NYStuyvesant St+10003|NYStuyvesant St10003'
-73.9873,40.6915,542,327,'NYSmith St10003|NYSmith St10003+NYFulton St+10003|NYSmith St10003+NYJay St+10003|NYFulton St10003+NYJay St+10003|NYJay St10003'
-73.9873,40.5787,0,1,'NYW 20th St10003|NYW 20th St10003+NYNeptune Ave+10003'
-73.9873,40.6082,0,9,'NY75th St10003|NY75th St10003+NYBay Pkwy+10003|NY75th St10003+NY22nd Ave+10003|NYBay Pkwy10003+NYBay Ridge Pkwy+10003|NYBay Ridge Pkwy10003|NYBay Ridge Pkwy10003+NY22nd Ave+10003'
-73.9873,40.6431,0,5,'NY12th Ave10003+NY37th St+10003'
-73.9873,40.6604,17,47,'NYProspect Expy10002+NY18th St+10002|NYProspect Expy10002+NY7th Ave+10002|NY18th St10003|NY18th St10003+NY7th Ave+10003'
-73.9873,40.7529,1345,775,'NYBroadway10003+NYW 38th St+10003'
-73.9873,40.7389,9278,5557,'NYPark Ave S10003+NYE 21st St+10003'
-73.9873,40.6680,253,333,'NY5th Ave10003+NY11th St+10003'
-73.9873,40.7447,6659,5060,'NYW 28th St10003|NYW 28th St10003+NY5th Ave+10003|NYW 28th St10003+NYE 28th St+10003|NYW 28 St10003|NYW 28 St10003+NY5th Ave+10003|NYW 28 St10003+NYE 28th St+10003|NY5th Ave10003+NYE 28th St+10003|NYE 28th St10003'
-73.9873,40.7505,8480,6783,'NYW 35th St10003+NY6 Ave+10003|NYW 35th St10003+NYAve of the Americas+10003|NY6 Ave10003+NYW 35 St+10003|NYAve of the Americas10003+NYW 35 St+10003'
-73.9873,40.6815,3,13,'NYDouglass St10003'
-73.9873,40.6294,0,4,'NY16th Ave10003+NY52nd St+10003'
-73.9873,40.6220,131,152,'NYCristoforo Colombo Blvd10003+NY60th St+10003|NY60th St10003+NY18th Ave+10003'
-73.9873,40.6072,0,5,'NYAve P10003+NYStillwell Ave+10003'
-73.9873,40.6931,527,552,'NYMetrotech10003|NYMetrotech10003+NYJay St+10003|NYMetrotech Center10003|NYMetrotech Center10003+NYJay St+10003|NYMetrotech Walk10003|NYMetrotech Walk10003+NYJay St+10003'
-73.9872,40.7760,3213,7529,'NYW End Ave10003+NYW 66 St+10003|NYW End Ave10003+NYW 66th St+10003'
-73.9872,40.7006,504,133,'NYProspect St10003+NYJay St+10003|NYJay St10003'
-73.9872,40.7292,10560,8294,'NYStuyvesant St10003|NYStuyvesant St10003+NYE 9th St+10003|NYStuyvesant St10003+NYE 9 St+10003|NYStuyvesant St10003+NY2nd Ave+10003|NYStuyvesant St10003+NY2 Ave+10003|NYE 9th St10003+NY2nd Ave+10003|NYE 9th St10003+NY2 Ave+10003|NYE 9 St10003+NY2nd Ave+10003|NYE 9 St10003+NY2 Ave+10003'
-73.9872,40.7810,39,148,'NYHenry Hudson Pkwy10002+NYW 72nd St+10002|NYHenry Hudson Pkwy10002+NYW 72 St+10002|NYW 72nd St10003|NYW 72nd St10003+NYState Rte 9a+10003|NYState Rte 9a10002+NYW 72 St+10002|NYW 72 St10003'
-73.9872,40.6621,7,80,'NYProspect Ave10003+NYCalder Pl+10003|NYCalder Pl10003'
-73.9872,40.8661,0,1,'NJHillside Ave10003+NJCoover St+10003|NJCoover St10003'
-73.9872,40.6722,262,325,'NY4th Ave10003+NY6th St+10003'
-73.9872,40.8481,0,1,'NJE Edsall Blvd10003+NJ7th St+10003'
-73.9872,40.6938,528,318,'NYMyrtle Ave10003'
-73.9872,40.6118,0,3,'NY71st St10003+NY21st Ave+10003'
-73.9872,40.5979,0,18,'NY25th Ave10003+NY86th St+10003'
-73.9872,40.7333,14519,9168,'NY3rd Ave10003+NYE 14th St+10003|NY3rd Ave10003+NYE 14 St+10003|NYE 14th St10003+NY3 Ave+10003|NY3 Ave10003+NYE 14 St+10003'
-73.9872,40.8168,1,0,'NJAdolphus Ave10003'
-73.9871,40.8223,1,2,'NJRiverview Ave10003'
-73.9871,40.7711,1871,3867,'NYW 60th St10003+NYAmsterdam Ave+10003'
-73.9871,40.6256,0,5,'NY56th St10003|NY56th St10003+NY17th Ave+10003'
-73.9871,40.7225,4540,8639,'NYE Houston St10003|NYE Houston St10003+NYPeretz Sq+10003|NYE Houston St10003+NYE Houston St+10003|NYE Houston St10003+NYLudlow St+10003|NYPeretz Sq10003|NYPeretz Sq10003+NYLudlow St+10003'
-73.9871,40.8764,0,1,'NJBrookside Ave10003|NJBrookside Ave10003+NJCedar Ln+10003|NJCedar Ln10003'
-73.9871,40.6329,2,6,'NY48th St10003+NY15th Ave+10003'
-73.9871,40.7660,7197,4192,'NY9 Ave10003+NYW 54 St+10003|NY9 Ave10003+NYW 54th St+10003|NY9th Ave10003+NYW 54 St+10003|NY9th Ave10003+NYW 54th St+10003'
-73.9871,40.6902,44,491,'NYLivingston St10003+NYGallatin Pl+10003|NYGallatin Pl10003'
-73.9871,40.7792,707,2405,'NYW 70 St10003+NYFreedom Pl+10003|NYW 70th St10003+NYFreedom Pl+10003|NYFreedom Pl10003'
-73.9871,40.7536,1522,1103,'NYBroadway10003+NYW 39th St+10003|NYBroadway10003+NYW 39 St+10003'
-73.9871,40.5846,0,4,'NYCropsey Ave10003|NYCropsey Ave10003+NYCropsey Ave+10003'
-73.9871,40.6154,0,6,'NY20th Ave10003+NY67th St+10003'
-73.9871,40.6968,688,1024,'NYCathedral Pl10003'
-73.9871,40.7421,2015,913,'NYE 25th St10003|NYE 25th St10003+NYMadison Ave+10003|NYE 25th St10003+NYMadison Square Plz+10003|NYMadison Ave10003+NYMadison Square Plz+10003|NYMadison Square Plz10003'
-73.9871,40.7252,4541,4707,'NYE 4 St10003+NY1st Ave+10003|NYE 4 St10003+NY1 Ave+10003|NY1st Ave10003+NYE 4th St+10003|NYE 4th St10003+NY1 Ave+10003'
-73.9870,40.6973,23,177,'NYChapel St10003'
-73.9870,40.7172,5,23,'NYSuffolk St10003+NYBroome St+10003'
-73.9870,40.7227,699,589,'NYLudlow St10003|NYLudlow St10003+NYE 1st St+10003|NYLudlow St10003+NYE 1 St+10003'
-73.9870,40.6015,0,16,'NY24th Ave10003+NY82nd St+10003'
-73.9870,40.6060,0,3,'NYKings Hwy10003+NYStillwell Ave+10003'
-73.9870,40.6977,48,343,'NYConcord St10003'
-73.9870,40.7610,17748,11858,'NY8 Ave10003+NYW 48th St+10003|NY8 Ave10003+NYW 48 St+10003|NY8th Ave10003+NYW 48th St+10003|NY8th Ave10003+NYW 48 St+10003'
-73.9870,40.6365,0,2,'NY44th St10003+NY14th Ave+10003'
-73.9870,40.6878,934,1012,'NYHoyt St10003+NYAtlantic Ave+10003'
-73.9870,40.6763,7,23,'NY1st St10003+NY3rd Ave+10003'
-73.9870,40.6838,33,240,'NYBond St10003+NYWarren St+10003|NYWarren St10003'
-73.9870,40.8099,0,1,'NJChase Ct10003|NJChase Ct10003+NJIndependence Way+10003|NJChase Ct10003+NJEllery Ct+10003|NJIndependence Way10003+NJEllery Ct+10003|NJEllery Ct10003'
-73.9870,40.6985,4,18,'NYNassau St10003'
-73.9870,40.6797,5,79,'NYNevins St10003+NYSackett St+10003'
-73.9870,40.7365,3235,4086,'NYE 18 St10003+NYIrving Pl+10003|NYE 18th St10003+NYIrving Pl+10003'
-73.9870,40.6644,19,319,'NY6th Ave10003+NY15th St+10003'
-73.9869,40.7560,14036,6482,'NYW 42nd St10003+NY7 Ave+10003|NYW 42nd St10003+NY7th Ave+10003'
-73.9869,40.5764,0,9,'NYW 20th St10003+NYMermaid Ave+10003'
-73.9869,40.6401,0,3,'NY13th Ave10003+NY40th St+10003'
-73.9869,40.8988,0,2,'NJShepard Ave10003+NJOrange St+10003|NJOrange St10003'
-73.9869,40.7543,1928,1591,'NYW 40th St10003+NYBroadway+10003|NYBroadway10003+NYW 40 St+10003'
-73.9869,40.6992,22,59,'NYHigh St10003'
-73.9869,40.6619,10,54,'NYProspect Ave10003+NYJackson Pl+10003|NYJackson Pl10003'
-73.9869,40.6190,0,5,'NY19th Ave10003+NY63rd St+10003'
-73.9869,40.8101,0,2,'NJEllery Ct10003'
-73.9869,40.7511,8552,6536,'NY6 Ave10003+NYW 36 St+10003|NY6 Ave10003+NYW 36th St+10003|NYAve of the Americas10003+NYW 36 St+10003|NYAve of the Americas10003+NYW 36th St+10003'
-73.9868,40.7395,11661,6120,'NYPark Ave S10003+NYE 22nd St+10003|NYPark Ave S10003+NYE 22 St+10003'
-73.9868,40.6051,0,7,'NY78th St10003|NY78th St10003+NYQuentin Rd+10003|NY78th St10003+NY23rd Ave+10003|NY78th St10003+NYStillwell Ave+10003|NYQuentin Rd10003|NYQuentin Rd10003+NY23rd Ave+10003|NYQuentin Rd10003+NYStillwell Ave+10003|NY23rd Ave10003|NY23rd Ave10003+NYStillwell Ave+10003'
-73.9868,40.7453,5885,5623,'NYE 29th St10003|NYE 29th St10003+NYW 29th St+10003|NYE 29th St10003+NY5th Ave+10003|NYW 29th St10003|NYW 29th St10003+NY5th Ave+10003'
-73.9868,40.5842,0,4,'NYShore Pkwy10002+NYCropsey Ave+10002|NYBelt Pkwy10002+NYCropsey Ave+10002'
-73.9868,40.7379,1191,1259,'NYGramercy Park S10003|NYGramercy Park S10003+NYGramercy Park W+10003|NYE 20th St10003+NYGramercy Park W+10003|NYGramercy Park W10003'
-73.9868,40.8302,0,1,'NJGlen St10003|NJGlen St10003+NJLafayette Ave+10003'
-73.9868,40.7799,23,244,'NYW 71st St10003'
-73.9868,40.7298,7620,11615,'NYE 10 St10003+NYStuyvesant St+10003|NYE 10 St10003+NY2nd Ave+10003|NYE 10 St10003+NY2 Ave+10003|NYE 10th St10003+NYStuyvesant St+10003|NYE 10th St10003+NY2nd Ave+10003|NYE 10th St10003+NY2 Ave+10003|NYStuyvesant St10003|NYStuyvesant St10003+NY2nd Ave+10003|NYStuyvesant St10003+NY2 Ave+10003'
-73.9868,40.6686,153,426,'NY5th Ave10003+NY10th St+10003'
-73.9868,40.7006,92,135,'NYProspect St10003+NYJay St+10003|NYJay St10003'
-73.9868,40.7010,17,72,'NYI 27810001+NYJay St+10001|NYBrooklyn Qns Expy10001+NYJay St+10001'
-73.9868,40.7011,1334,2127,'NYI 27810001+NYJay St+10001|NYBrooklyn Queens Expy10001+NYJay St+10001'
-73.9868,40.7006,53,28,'NYProspect St10003+NYJay St+10003|NYJay St10003'
-73.9868,40.5949,0,15,'NYBenson Ave10003+NY26th Ave+10003'
-73.9867,40.7115,45,396,'NYCherry St10003+NYClinton St+10003'
-73.9867,40.6436,0,16,'NY12th Ave10003+NY36th St+10003'
-73.9867,40.7160,586,2196,'NYClinton St10003+NYGrand St+10003'
-73.9867,40.5846,0,1,'NYCropsey Ave10003+NYAve Z+10003|NYAve Z10003'
-73.9867,40.6088,1,18,'NY74th St10003|NY74th St10003+NYBay Pkwy+10003|NY74th St10003+NY22nd Ave+10003'
-73.9867,40.6728,204,901,'NY5th St10003|NY5th St10003+NY4th Ave+10003'
-73.9867,40.5892,0,1,'NYBay 47th St10003+NYHarway Ave+10003'
-73.9867,40.9483,0,1,'NJGrant Ave10003+NJHoward St+10003|NJHoward St10003'
-73.9867,40.7717,1253,1280,'NYW 61 St10003+NYAmsterdam Ave+10003|NYAmsterdam Ave10003+NYW 61st St+10003'
-73.9867,40.6609,17,153,'NY17th St10003+NY7th Ave+10003'
-73.9867,40.7340,4350,4989,'NYE 15 St10003+NY3rd Ave+10003|NYE 15 St10003+NY3 Ave+10003|NY3rd Ave10003+NYE 15th St+10003|NYE 15th St10003+NY3 Ave+10003'
-73.9867,40.6299,0,4,'NY51st St10003+NY16th Ave+10003'
-73.9867,40.6226,0,5,'NYCristoforo Colombo Blvd10003+NY59th St+10003|NY18th Ave10003+NY59th St+10003'
-73.9867,40.7666,5476,4879,'NYW 55 St10003+NY9 Ave+10003|NYW 55 St10003+NY9th Ave+10003|NYW 55th St10003+NY9 Ave+10003|NYW 55th St10003+NY9th Ave+10003'
-73.9867,40.6634,8,111,'NY16th St10003+NYWebster Pl+10003|NYWebster Pl10003'
-73.9867,40.8441,0,1,'NJState Rte 6310002+NJE Palisades Blvd+10002|NJBergen Blvd10002+NJE Palisades Blvd+10002'
-73.9866,40.7550,5650,3726,'NYW 41st St10003+NYBroadway+10003'
-73.9866,40.7258,3458,1899,'NYE 5th St10003|NYE 5th St10003+NY1st Ave+10003|NYE 5th St10003+NY1 Ave+10003|NYE 5 St10003|NYE 5 St10003+NY1st Ave+10003|NYE 5 St10003+NY1 Ave+10003'
-73.9866,40.7105,71,869,'NYClinton St10003|NYClinton St10003+NYSouth St+10003'
-73.9866,40.6124,0,8,'NY70th St10003+NY21st Ave+10003'
-73.9866,40.7807,51,579,'NYRiverside Blvd10003|NYRiverside Blvd10003+NYW 72nd St+10003|NYRiverside Blvd10003+NYW 72 St+10003'
-73.9866,40.5749,0,2,'NYW 20th St10003|NYW 20th St10003+NYSurf Ave+10003'
-73.9866,40.5837,0,4,'NYBay 52nd St10003+NYCropsey Ave+10003'
-73.9866,40.7180,2180,2272,'NYSuffolk St10003+NYDelancey St+10003'
-73.9866,40.7428,5247,2197,'NYMadison Sq N10003|NYMadison Sq N10003+NYE 26th St+10003|NYMadison Sq N10003+NYMadison Ave+10003|NYMadison Sq N10003+NYMadison Square Plz+10003|NYE 26th St10003+NYMadison Ave+10003|NYE 26th St10003+NYMadison Square Plz+10003|NYMadison Ave10003+NYMadison Square Plz+10003|NYMadison Square Plz10003'
-73.9866,40.8321,0,1,'NJFlorence Pl10003|NJFlorence Pl10003+NJAurora Ave+10003'
-73.9866,40.5985,1,11,'NY85th St10003+NY25th Ave+10003'
-73.9866,40.6884,37,607,'NYState St10003+NYHoyt St+10003'
-73.9866,40.7046,195,309,'NYJay St10003'
-73.9866,40.7617,13894,8920,'NY8 Ave10003+NYW 49th St+10003|NY8 Ave10003+NYW 49 St+10003|NY8th Ave10003+NYW 49th St+10003|NY8th Ave10003+NYW 49 St+10003'
-73.9865,40.6335,0,7,'NY47th St10003+NY15th Ave+10003'
-73.9865,40.7371,2241,2242,'NYE 19th St10003+NYIrving Pl+10003|NYE 19 St10003+NYIrving Pl+10003'
-73.9865,40.6804,13,10,'NYNevins St10003+NYDegraw St+10003'
-73.9865,40.5917,0,3,'NYBath Ave10003+NY27th Ave+10003'
-73.9865,40.7002,127,96,'NYSands St10003|NYSands St10003+NYJay St+10003'
-73.9865,40.8283,0,2,'NJGrant Ave10003+NJAnderson Ave+10003'
-73.9865,40.6159,0,12,'NY66th St10003+NY20th Ave+10003'
-73.9865,40.6911,35,292,'NYFulton St10003+NYGallatin Pl+10003|NYGallatin Pl10003'
-73.9865,40.7567,5996,3296,'NYW 43rd St10003|NYW 43rd St10003+NYTimes Square Plz+10003|NYW 43rd St10003+NY7 Ave+10003|NYW 43rd St10003+NY7th Ave+10003|NYW 43rd St10003+NYTimes Sq+10003|NYTimes Square Plz10003|NYTimes Square Plz10003+NY7 Ave+10003|NYTimes Square Plz10003+NY7th Ave+10003|NYTimes Square Plz10003+NYTimes Sq+10003|NY7 Ave10003+NYTimes Sq+10003|NY7th Ave10003+NYTimes Sq+10003|NYTimes Sq10003'
-73.9865,40.5975,0,14,'NY86th St10003+NYBay 40th St+10003|NYBay 40th St10003'
-73.9865,40.6030,1,18,'NY80th St10003|NY80th St10003+NYStillwell Ave+10003'
-73.9865,40.6650,19,434,'NY6th Ave10003+NY14th St+10003'
-73.9864,40.6021,0,2,'NY24th Ave10003+NY81st St+10003|NY81st St10003'
-73.9864,40.7732,108,232,'NYThelonius Monk Cir10003|NYThelonius Monk Cir10003+NYW 63rd St+10003|NYThelonius Monk Cir10003+NYW 63 St+10003|NYW 63rd St10003|NYW 63rd St10003+NYW 63 St+10003|NYW 63 St10003'
-73.9864,40.8762,0,1,'NJNordhoff Pl10003|NJNordhoff Pl10003+NJBrookside Ave+10003'
-73.9864,40.7385,1566,1532,'NYE 21st St10003+NYGramercy Park W+10003|NYGramercy Park W10003|NYGramercy Park W10003+NYGramercy Park N+10003|NYGramercy Park N10003'
-73.9864,40.8349,1,0,'NJHarvard Pl10003+NJState Rte 5+10003'
-73.9864,40.6371,1,3,'NY14th Ave10003+NY43rd St+10003'
-73.9864,40.8577,0,2,'NJKnapp Ter10003|NJKnapp Ter10003+NJPaulin Blvd+10003'
-73.9864,40.7517,4690,3823,'NY6 Ave10003+NYW 37th St+10003|NYAve of the Americas10003+NYW 37th St+10003'
-73.9864,40.7459,3590,2905,'NYW 30th St10003|NYW 30th St10003+NYE 30 St+10003|NYW 30th St10003+NY5th Ave+10003|NYW 30th St10003+NYE 30th St+10003|NYE 30 St10003|NYE 30 St10003+NYW 30 St+10003|NYE 30 St10003+NY5th Ave+10003|NYW 30 St10003|NYW 30 St10003+NY5th Ave+10003|NYW 30 St10003+NYE 30th St+10003|NY5th Ave10003+NYE 30th St+10003|NYE 30th St10003'
-73.9864,40.5830,0,6,'NYBay 53rd St10003|NYBay 53rd St10003+NYCropsey Ave+10003'
-73.9864,40.6026,0,7,'NYHighlawn Ave10003|NYHighlawn Ave10003+NYStillwell Ave+10003'
-73.9864,40.7304,6640,6104,'NYE 11th St10003+NY2nd Ave+10003|NYE 11th St10003+NY2 Ave+10003|NYE 11 St10003+NY2nd Ave+10003|NYE 11 St10003+NY2 Ave+10003'
-73.9864,40.7402,13740,7486,'NYPark Ave S10003+NYE 23rd St+10003|NYPark Ave S10003+NYE 23 St+10003'
-73.9864,40.5831,0,1,'NYCanal Ave10003|NYCanal Ave10003+NYCropsey Ave+10003'
-73.9863,40.6910,8,68,'NYFulton St10003+NYLawrence St+10003|NYLawrence St10003'
-73.9863,40.6999,61,116,'NYSands St10003+NYJay St+10003|NYJay St10003'
-73.9863,40.6771,137,255,'NY3rd Ave10003+NYCarroll St+10003'
-73.9863,40.6692,882,678,'NY5th Ave10003+NY9th St+10003'
-73.9863,40.6022,0,3,'NY24th Ave10003|NY24th Ave10003+NYStillwell Ave+10003'
-73.9863,40.6406,0,3,'NY13th Ave10003+NY39th St+10003'
-73.9863,40.7222,3998,3762,'NYE Houston St10003+NYA Ave+10003|NYE Houston St10003+NYAve A+10003|NYE Houston St10003+NYEssex St+10003|NYA Ave10003|NYA Ave10003+NYAve A+10003|NYA Ave10003+NYEssex St+10003|NYAve A10003|NYAve A10003+NYEssex St+10003|NYEssex St10003'
-73.9863,40.6196,0,4,'NY19th Ave10003+NY62nd St+10003'
-73.9863,40.6074,0,10,'NYAve P10003+NYW 13th St+10003|NYW 13th St10003'
-73.9862,40.8673,1,0,'NJHarrison St10003+NJCoover St+10003|NJCoover St10003'
-73.9862,40.7723,1143,1024,'NYW 62nd St10003|NYW 62nd St10003+NYAmsterdam Ave+10003|NYAmsterdam Ave10003+NYW 62 St+10003|NYW 62 St10003'
-73.9862,40.6759,2,19,'NY1st St10003+NYWhitwell Pl+10003|NYWhitwell Pl10003'
-73.9862,40.6579,1,57,'NY8th Ave10003|NY8th Ave10003+NY20th St+10003'
-73.9862,40.7223,2011,999,'NYA Ave10003|NYA Ave10003+NYAve A+10003|NYA Ave10003+NYE 1st St+10003|NYA Ave10003+NYE 1 St+10003|NYAve A10003|NYAve A10003+NYE 1st St+10003|NYAve A10003+NYAve A+10003|NYAve A10003+NYE 1 St+10003|NYE 1st St10003|NYE 1st St10003+NYAve A+10003|NYE 1 St10003'
-73.9862,40.7346,3699,4157,'NY3rd Ave10003+NYE 16th St+10003|NY3rd Ave10003+NYE 16 St+10003|NY3 Ave10003+NYE 16th St+10003|NY3 Ave10003+NYE 16 St+10003'
-73.9862,40.7672,6299,5918,'NYW 56th St10003+NY9 Ave+10003|NYW 56th St10003+NY9th Ave+10003|NY9 Ave10003+NYW 56 St+10003|NYW 56 St10003+NY9th Ave+10003'
-73.9862,40.6734,98,135,'NY4th St10003|NY4th St10003+NY4th Ave+10003'
-73.9862,40.5863,1,6,'NYBay 50th St10003+NYW 17th St+10003|NYW 17th St10003'
-73.9862,40.8994,0,2,'NJWashington Pl10003+NJPalisade Pl+10003'
-73.9862,40.7264,8229,6535,'NYE 6th St10003+NY1st Ave+10003|NYE 6th St10003+NY1 Ave+10003|NY1st Ave10003+NYE 6 St+10003|NYE 6 St10003+NY1 Ave+10003'
-73.9862,40.6949,121,185,'NYJohnson St10003+NYLawrence St+10003|NYLawrence St10003|NYLawrence St10003+NYTech Pl+10003'
-73.9862,40.6985,20,58,'NYNassau St10003+NYBridge Plaza Ct+10003|NYBridge Plaza Ct10003'
-73.9862,40.7207,11060,6648,'NYStanton St10003+NYNorfolk St+10003'
-73.9862,40.7566,10713,7548,'NYTimes Square Plz10003|NYTimes Square Plz10003+NYBroadway+10003|NYTimes Square Plz10003+NYW 43rd St+10003|NYTimes Square Plz10003+NYTimes Sq+10003|NYBroadway10003+NYW 43rd St+10003|NYBroadway10003+NYTimes Sq+10003|NYW 43rd St10003|NYW 43rd St10003+NYTimes Sq+10003|NYTimes Sq10003'
-73.9862,40.6890,116,690,'NYHoyt St10003+NYSchermerhorn St+10003'
-73.9861,40.6946,14,5,'NYMetrotech Center10003'
-73.9861,40.7434,4792,3984,'NYE 27th St10003+NYMadison Ave+10003|NYMadison Ave10003+NYE 27 St+10003'
-73.9861,40.7225,2834,2043,'NYE 2nd St10003|NYE 2nd St10003+NYAve A+10003'
-73.9861,40.6093,0,10,'NY73rd St10003|NY73rd St10003+NYBay Pkwy+10003|NY73rd St10003+NY22nd Ave+10003'
-73.9861,40.6615,50,232,'NYProspect Ave10003+NY7th Ave+10003'
-73.9861,40.7376,504,1118,'NYGramercy Park S10003+NYIrving Pl+10003|NYE 20th St10003+NYIrving Pl+10003|NYIrving Pl10003'
-73.9861,40.6850,140,496,'NYBond St10003+NYBergen St+10003'
-73.9861,40.8318,1,0,'NJFairview Ln10003|NJFairview Ln10003+NJAurora Ave+10003'
-73.9861,40.6810,5,15,'NYNevins St10003+NYDouglass St+10003|NYDouglass St10003'
-73.9861,40.7623,20950,9171,'NYW 50th St10003+NY8 Ave+10003|NYW 50th St10003+NY8th Ave+10003'
-73.9861,40.6232,0,2,'NYCristoforo Colombo Blvd10003+NY58th St+10003|NY58th St10003+NY18th Ave+10003'
-73.9861,40.6305,0,7,'NY50th St10003+NY16th Ave+10003'
-73.9861,40.6010,0,1,'NY82nd St10003|NY82nd St10003+NYStillwell Ave+10003'
-73.9860,40.6129,0,5,'NY69th St10003+NY21st Ave+10003|NYBay Ridge Ave10003+NY21st Ave+10003'
-73.9860,40.5944,0,3,'NYBenson Ave10003+NYBay 43rd St+10003'
-73.9860,40.7573,14318,6590,'NYW 44th St10003+NY7 Ave+10003|NYW 44th St10003+NY7th Ave+10003'
-73.9860,40.8828,0,1,'NJS Van Brunt St10003|NJS Van Brunt St10003+NJVan Brunt St+10003|NJS Van Brunt St10003+NJNordoff Dr+10003|NJVan Brunt St10003|NJVan Brunt St10003+NJNordoff Dr+10003|NJNordoff Dr10003'
-73.9860,40.6976,7,489,'NYBridge Plaza Ct10003|NYBridge Plaza Ct10003+NYConcord St+10003'
-73.9860,40.5991,0,16,'NY84th St10003+NY25th Ave+10003'
-73.9860,40.6059,0,7,'NYKings Hwy10003+NYW 13th St+10003'
-73.9860,40.6268,0,4,'NY54th St10003+NY17th Ave+10003'
-73.9860,40.6340,0,9,'NY46th St10003+NY15th Ave+10003'
-73.9860,40.5888,0,7,'NYHarway Ave10003+NY28th Ave+10003'
-73.9859,40.7465,6565,6573,'NYW 31st St10003|NYW 31st St10003+NYE 31 St+10003|NYW 31st St10003+NY5th Ave+10003|NYW 31st St10003+NYE 31st St+10003|NYE 31 St10003|NYE 31 St10003+NYW 31 St+10003|NYE 31 St10003+NY5th Ave+10003|NYW 31 St10003|NYW 31 St10003+NY5th Ave+10003|NYW 31 St10003+NYE 31st St+10003|NY5th Ave10003+NYE 31st St+10003|NYE 31st St10003'
-73.9859,40.6656,18,242,'NY13th St10003+NY6th Ave+10003'
-73.9859,40.7523,7177,6866,'NY6 Ave10003+NYW 38th St+10003|NYAve of the Americas10003+NYW 38th St+10003'
-73.9859,40.6003,0,8,'NYAvenue S10003|NYAvenue S10003+NYStillwell Ave+10003'
-73.9859,40.8098,0,9,'NJFranklin Ct10003'
-73.9859,40.8297,0,2,'NJLafayette Ave10003+NJAnderson Ave+10003'
-73.9859,40.8415,0,1,'NJ14th St10003+NJCentral Blvd+10003|NJ14th St10003+NJE Central Blvd+10003|NJCentral Blvd10003|NJCentral Blvd10003+NJE Central Blvd+10003|NJE Central Blvd10003'
-73.9859,40.8684,0,1,'NJChristie Hts10003+NJHillcrest Ave+10003|NJHillcrest Ave10003'
-73.9859,40.7310,6652,8914,'NYE 12th St10003+NY2nd Ave+10003|NYE 12th St10003+NY2 Ave+10003|NY2nd Ave10003+NYE 12 St+10003|NYE 12 St10003+NY2 Ave+10003'
-73.9859,40.6431,0,6,'NYTehama St10003|NYTehama St10003+NY36th St+10003'
-73.9859,40.6631,6,188,'NY16th St10003+NYJackson Pl+10003|NYJackson Pl10003'
-73.9859,40.7713,323,2743,'NYW 61 St10003|NYW 61st St10003'
-73.9859,40.7175,102,436,'NYClinton St10003+NYDelancey St S+10003|NYDelancey St S10003'
-73.9859,40.7409,9753,2890,'NYPark Ave S10003+NYE 24th St+10003'
-73.9859,40.6000,0,3,'NY83rd St10003|NY83rd St10003+NYStillwell Ave+10003'
-73.9859,40.7157,170,566,'NYGrand St10003+NYAttorney St+10003|NYAttorney St10003'
-73.9859,40.6165,0,20,'NY20th Ave10003+NY65th St+10003'
-73.9859,40.6777,155,374,'NY3rd Ave10003+NYPresident St+10003'
-73.9858,40.6052,0,4,'NYQuentin Rd10003+NYW 13th St+10003'
-73.9858,40.6376,0,2,'NY14th Ave10003+NY42nd St+10003'
-73.9858,40.5765,0,2,'NYW 19th St10003+NYMermaid Ave+10003'
-73.9858,40.6698,272,275,'NY5th Ave10003+NY8th St+10003'
-73.9858,40.5912,0,10,'NYBay 46th St10003+NYBath Ave+10003'
-73.9858,40.7352,4614,4666,'NYE 17 St10003+NY3rd Ave+10003|NYE 17 St10003+NY3 Ave+10003|NY3rd Ave10003+NYE 17th St+10003|NY3 Ave10003+NYE 17th St+10003'
-73.9858,40.5867,0,1,'NYBay 50th St10003+NYAve Y+10003|NYAve Y10003|NYAve Y10003+NYPvt A Catanzaro Sq+10003|NYPvt A Catanzaro Sq10003'
-73.9858,40.7177,505,243,'NYWilliamsburg Brg10002|NYWilliamsburg Brg10002+NYClinton St+10002|NYWilliamsburg Brg10002+NYDelancey St+10002|NYClinton St10003+NYDelancey St+10003|NYDelancey St10003'
-73.9858,40.6097,0,11,'NYW 12th St10003|NYW 12th St10003+NYBay Pkwy+10003|NYW 12th St10003+NY22nd Ave+10003'
-73.9858,40.7270,11191,3765,'NYE 7 St10003+NY1st Ave+10003|NYE 7 St10003+NY1 Ave+10003|NYE 7th St10003+NY1st Ave+10003|NYE 7th St10003+NY1 Ave+10003'
-73.9858,40.7230,5765,3640,'NYE 2nd St10003|NYE 2nd St10003+NYE 2nd St+10003|NYE 2nd St10003+NYAve A+10003|NYE 2nd St10003+NYE 2 St+10003|NYAve A10003+NYE 2 St+10003'
-73.9857,40.5970,0,5,'NYBay 41st St10003|NYBay 41st St10003+NY86th St+10003'
-73.9857,40.5993,0,1,'NY25th Ave10003|NY25th Ave10003+NYStillwell Ave+10003'
-73.9857,40.6896,64,532,'NYHoyt St10003+NYLivingston St+10003'
-73.9857,40.7679,7849,10045,'NY9 Ave10003+NYW 57 St+10003|NY9 Ave10003+NYW 57th St+10003|NY9th Ave10003+NYW 57 St+10003|NY9th Ave10003+NYW 57th St+10003'
-73.9857,40.6412,0,3,'NY38th St10003+NY13th Ave+10003'
-73.9857,40.6740,194,412,'NY3rd St10003+NY4th Ave+10003'
-73.9857,40.7440,5981,7708,'NYMadison Ave10003+NYE 28th St+10003'
-73.9857,40.6201,0,1,'NY19th Ave10003+NY61st St+10003'
-73.9857,40.6857,174,643,'NYBond St10003+NYDean St+10003'
-73.9857,40.7803,192,1128,'NYRiverside Dr10003|NYRiverside Dr10003+NYW 72nd St+10003|NYRiverside Dr10003+NYW 72 St+10003'
-73.9857,40.7382,5569,3485,'NYLexington Ave10003|NYLexington Ave10003+NYE 21st St+10003|NYLexington Ave10003+NYGramercy Park N+10003'
-73.9857,40.6816,18,50,'NYNevins St10003+NYButler St+10003'
-73.9857,40.7179,1680,2123,'NYClinton St10003+NYDelancey St+10003|NYDelancey St10003'
-73.9857,40.5989,0,1,'NY84th St10003|NY84th St10003+NYStillwell Ave+10003'
-73.9857,40.6984,40,153,'NYFlatbush Ave Exn10003|NYFlatbush Ave Exn10003+NYNassau St+10003'
-73.9856,40.7629,9893,9375,'NY8 Ave10003+NYW 51st St+10003|NY8th Ave10003+NYW 51st St+10003'
-73.9856,40.6585,4,71,'NY8th Ave10003+NY19th St+10003'
-73.9856,40.8226,1,0,'NJOakdene Ave10003|NJOakdene Ave10003+NJPalisade Ave+10003'
-73.9856,40.6621,16,139,'NYWindsor Pl10003|NYWindsor Pl10003+NY7th Ave+10003'
-73.9856,40.8304,0,8,'NJPleasant Ave10003|NJPleasant Ave10003+NJAnderson Ave+10003'
-73.9856,40.5752,0,2,'NYW 19th St10003|NYW 19th St10003+NYSurf Ave+10003'
-73.9856,40.7580,17287,14103,'NYW 45 St10003+NY7 Ave+10003|NYW 45 St10003+NY7th Ave+10003|NYBroadway10003+NY7 Ave+10003|NYBroadway10003+NY7th Ave+10003|NY7 Ave10003+NYW 45th St+10003|NY7th Ave10003+NYW 45th St+10003'
-73.9855,40.6099,0,7,'NY72nd St10003|NY72nd St10003+NYBay Pkwy+10003|NY72nd St10003+NY22nd Ave+10003'
-73.9855,40.6756,0,7,'NY1st St10003+NYDenton Pl+10003|NYDenton Pl10003'
-73.9855,40.7220,2426,3046,'NYE Houston St10003+NYNorfolk St+10003|NYNorfolk St10003'
-73.9855,40.6310,0,7,'NY16th Ave10003+NY49th St+10003'
-73.9855,40.6768,12,62,'NYWhitwell Pl10003|NYWhitwell Pl10003+NYCarroll St+10003'
-73.9855,40.7472,14252,9167,'NYW 32 St10003|NYW 32 St10003+NYE 32nd St+10003|NYW 32 St10003+NYE 32 St+10003|NYW 32 St10003+NY5th Ave+10003|NYE 32nd St10003|NYE 32nd St10003+NY5th Ave+10003|NYE 32nd St10003+NYW 32nd St+10003|NYE 32 St10003|NYE 32 St10003+NY5th Ave+10003|NYE 32 St10003+NYW 32nd St+10003|NY5th Ave10003+NYW 32nd St+10003|NYW 32nd St10003'
-73.9855,40.5979,1,3,'NYAve T10003|NYAve T10003+NYStillwell Ave+10003'
-73.9855,40.7529,6507,5205,'NY6 Ave10003+NYW 39th St+10003|NY6 Ave10003+NYW 39 St+10003|NYAve of the Americas10003+NYW 39th St+10003|NYAve of the Americas10003+NYW 39 St+10003'
-73.9855,40.8453,1,1,'NJ11th St10003'
-73.9855,40.6135,0,12,'NY68th St10003+NY21st Ave+10003'
-73.9854,40.7785,3680,8303,'NYW 70 St10003+NYW End Ave+10003|NYW End Ave10003+NYW 70th St+10003'
-73.9854,40.6662,19,505,'NY6th Ave10003+NY12th St+10003'
-73.9854,40.7317,8355,8039,'NYE 13 St10003+NY2nd Ave+10003|NYE 13 St10003+NY2 Ave+10003|NY2nd Ave10003+NYE 13th St+10003|NYE 13th St10003+NY2 Ave+10003'
-73.9854,40.7006,51,594,'NYProspect St10003+NYBrooklyn Queens Expy+10003'
-73.9854,40.8091,1,0,'NJThornton Ct10003'
-73.9854,40.7415,5464,2424,'NYPark Ave S10003+NYE 25th St+10003'
-73.9854,40.5870,0,7,'NYBay 50th St10003+NYW 16th St+10003|NYPvt A Catanzaro Sq10003|NYPvt A Catanzaro Sq10003+NYW 16th St+10003|NYW 16th St10003'
-73.9854,40.7373,297,1169,'NYGramercy Park S10003|NYGramercy Park S10003+NYGramercy Park E+10003|NYE 20th St10003+NYGramercy Park E+10003|NYGramercy Park E10003'
-73.9854,40.6273,0,2,'NY17th Ave10003+NY53rd St+10003'
-73.9854,40.6346,0,1,'NY15th Ave10003+NY45th St+10003'
-73.9854,40.7811,43,672,'NYW 73 St10003|NYW 73 St10003+NYRiverside Dr+10003|NYW 73rd St10003|NYW 73rd St10003+NYRiverside Dr+10003'
-73.9854,40.6907,8,44,'NYBridge St10003|NYBridge St10003+NYFulton St+10003'
-73.9854,40.7358,4448,4997,'NYE 18 St10003+NY3rd Ave+10003|NYE 18 St10003+NY3 Ave+10003|NY3rd Ave10003+NYE 18th St+10003|NY3 Ave10003+NYE 18th St+10003'
-73.9854,40.6101,2,11,'NYAve O10003|NYAve O10003+NYBay Pkwy+10003|NYAve O10003+NY22nd Ave+10003'
-73.9853,40.7145,88,676,'NYE Broadway10003+NYMontgomery St+10003|NYMontgomery St10003'
-73.9853,40.6587,3,22,'NYProspect Expy10002+NY8th Ave+10002'
-73.9853,40.6075,0,11,'NYW 12th St10003+NYAve P+10003'
-73.9853,40.7735,2260,1012,'NYW 64th St10003|NYW 64th St10003+NYAmsterdam Ave+10003|NYW 64th St10003+NYW 64 St+10003|NYAmsterdam Ave10003+NYW 64 St+10003|NYW 64 St10003'
-73.9853,40.5867,0,1,'NYAve Y10003|NYAve Y10003+NYPvt A Catanzaro Sq+10003|NYAve Y10003+NYW 16th St+10003|NYPvt A Catanzaro Sq10003+NYW 16th St+10003'
-73.9853,40.7166,7,40,'NYBroome St10003+NYAttorney St+10003|NYAttorney St10003'
-73.9853,40.7205,341,2826,'NYStanton St10003+NYSuffolk St+10003'
-73.9853,40.7276,13204,11414,'NY1st Ave10003+NYSaint Marks Pl+10003|NYSaint Marks Pl10003+NY1 Ave+10003'
-73.9853,40.6704,330,528,'NY7th St10003+NY5th Ave+10003'
-73.9853,40.7236,5219,4257,'NYE 3rd St10003+NYAve A+10003|NYE 3 St10003+NYAve A+10003'
-73.9853,40.6458,5,33,'NYChester Ave10003|NYChester Ave10003+NYFort Hamilton Pkwy+10003'
-73.9853,40.5967,0,1,'NYStillwell Ave10003+NY86th St+10003'
-73.9853,40.6382,0,4,'NY14th Ave10003+NY41st St+10003'
-73.9852,40.7446,5813,7060,'NYE 29th St10003+NYMadison Ave+10003'
-73.9852,40.7334,1309,2401,'NYE 15 St10003+NYRutherford Pl+10003|NYRutherford Pl10003|NYRutherford Pl10003+NYE 15th St+10003'
-73.9852,40.6930,95,1329,'NYMetrotech10003+NYBridge St+10003|NYBridge St10003|NYBridge St10003+NYMetrotech Center+10003|NYBridge St10003+NYMetrotech Walk+10003'
-73.9852,40.6171,4,7,'NY64th St10003+NY20th Ave+10003'
-73.9852,40.7388,3767,7886,'NYE 22nd St10003+NYLexington Ave+10003|NYLexington Ave10003+NYE 22 St+10003'
-73.9852,40.5883,0,4,'NYHarway Ave10003+NYBay 49th St+10003'
-73.9852,40.7686,13184,15929,'NY9 Ave10003+NYW 58th St+10003|NY9th Ave10003+NYW 58th St+10003'
-73.9852,40.8433,1,1,'NJ13th St10003+NJE Palisades Blvd+10003'
-73.9852,40.5789,0,6,'NYW 17th St10003|NYW 17th St10003+NYNeptune Ave+10003|NYW 17th St10003+NYCropsey Ave+10003|NYNeptune Ave10003+NYCropsey Ave+10003|NYCropsey Ave10003'
-73.9852,40.6746,174,393,'NY4th Ave10003+NY2nd St+10003|NY2nd St10003'
-73.9852,40.5964,0,2,'NY26th Ave10003|NY26th Ave10003+NYStillwell Ave+10003'
-73.9852,40.6937,3,9,'NYMyrtle Ave10003'
-73.9852,40.7635,12293,9374,'NY8 Ave10003+NYW 52nd St+10003|NY8th Ave10003+NYW 52nd St+10003'
-73.9852,40.8597,1,2,'NJPaulin Blvd10003+NJHoward Ter+10003|NJHoward Ter10003'
-73.9852,40.7818,43,381,'NYRiverside Dr10003|NYRiverside Dr10003+NYW 74th St+10003|NYRiverside Dr10003+NYW 74 St+10003|NYRiverside Dr10003+NYRiverside Dr+10003|NYW 74th St10003|NYW 74th St10003+NYRiverside Dr+10003|NYW 74 St10003|NYW 74 St10003+NYRiverside Dr+10003'
-73.9852,40.6944,4,4,'NYMetrotech Center10003'
-73.9851,40.8232,1,1,'NJLincoln Ave10003|NJLincoln Ave10003+NJPalisade Ave+10003'
-73.9851,40.6949,52,87,'NYBridge St10003|NYBridge St10003+NYJohnson St+10003|NYBridge St10003+NYTech Pl+10003'
-73.9851,40.6417,1,2,'NY13th Ave10003+NY37th St+10003'
-73.9851,40.7138,66,523,'NYHenry St10003+NYSamuel Dickstein Plz+10003|NYSamuel Dickstein Plz10003|NYSamuel Dickstein Plz10003+NYMontgomery St+10003'
-73.9851,40.8313,2,2,'NJAurora Ave10003|NJAurora Ave10003+NJEdgewood Ln+10003|NJAurora Ave10003+NJAnderson Ave+10003|NJEdgewood Ln10003|NJEdgewood Ln10003+NJAnderson Ave+10003'
-73.9851,40.6906,67,250,'NYHoyt St10003|NYHoyt St10003+NYFulton St+10003'
-73.9851,40.6426,0,8,'NYClara St10003|NYClara St10003+NY36th St+10003'
-73.9851,40.6627,36,333,'NY16th St10003+NY7th Ave+10003'
-73.9851,40.6207,0,3,'NY60th St10003+NY19th Ave+10003'
-73.9851,40.6972,250,287,'NYFlatbush Ave Exn10003+NYChapel St+10003|NYFlatbush Ave Exn10003+NYBridge St+10003|NYChapel St10003|NYChapel St10003+NYBridge St+10003|NYBridge St10003'
-73.9851,40.7586,17244,11370,'NYW 46 St10003+NY7 Ave+10003|NYW 46 St10003+NY7th Ave+10003|NY7 Ave10003+NYW 46th St+10003|NY7th Ave10003+NYW 46th St+10003'
-73.9851,40.8469,0,1,'NJE Edsall Blvd10003+NJ10th St+10003|NJ10th St10003'
-73.9851,40.7191,6239,4817,'NYClinton St10003+NYRivington St+10003'
-73.9851,40.6590,1,161,'NY8th Ave10003+NY18th St+10003'
-73.9851,40.5957,0,6,'NYAve U10003|NYAve U10003+NYStillwell Ave+10003'
-73.9850,40.7860,0,1,'NYBoat Basin10003|NYBoat Basin10003+NY79th St Boat Basin+10003|NY79th St Boat Basin10003'
-73.9850,40.7478,14625,10816,'NYW 33rd St10003|NYW 33rd St10003+NYE 33rd St+10003|NYW 33rd St10003+NYE 33 St+10003|NYW 33rd St10003+NY5th Ave+10003|NYW 33 St10003|NYW 33 St10003+NYE 33rd St+10003|NYW 33 St10003+NYE 33 St+10003|NYW 33 St10003+NY5th Ave+10003|NYE 33rd St10003|NYE 33rd St10003+NY5th Ave+10003|NYE 33 St10003|NYE 33 St10003+NY5th Ave+10003'
-73.9850,40.7536,6964,4814,'NYW 40th St10003+NY6 Ave+10003|NYW 40th St10003+NYAve of the Americas+10003|NY6 Ave10003+NYW 40 St+10003|NYAve of the Americas10003+NYW 40 St+10003'
-73.9850,40.5954,0,1,'NYBay 43rd St10003|NYBay 43rd St10003+NYStillwell Ave+10003'
-73.9850,40.7154,212,500,'NYGrand St10003+NYRidge St+10003|NYRidge St10003'
-73.9850,40.6057,0,12,'NYW 12th St10003+NYKings Hwy+10003'
-73.9850,40.6790,82,401,'NY3rd Ave10003+NYSackett St+10003'
-73.9850,40.7379,648,1451,'NYE 21st St10003+NYGramercy Park E+10003|NYGramercy Park E10003|NYGramercy Park E10003+NYGramercy Park N+10003|NYGramercy Park N10003'
-73.9850,40.7421,11043,5418,'NYPark Ave S10003+NYE 26th St+10003'
-73.9850,40.7791,1494,3668,'NYW 71st St10003+NYW End Ave+10003|NYW End Ave10003+NYW 71 St+10003'
-73.9850,40.6104,0,20,'NYW 11th St10003|NYW 11th St10003+NYBay Pkwy+10003|NYW 11th St10003+NY71st St+10003|NYW 11th St10003+NY22nd Ave+10003|NYBay Pkwy10003+NY71st St+10003|NY71st St10003|NY71st St10003+NY22nd Ave+10003'
-73.9850,40.6243,0,1,'NYCristoforo Colombo Blvd10003+NY56th St+10003|NY18th Ave10003+NY56th St+10003|NY56th St10003'
-73.9850,40.6984,17,95,'NYBridge St10003|NYBridge St10003+NYNassau St+10003'
-73.9849,40.7124,43,198,'NYMontgomery St10003+NYMonroe St+10003|NYMonroe St10003'
-73.9849,40.6004,0,38,'NYAvenue S10003+NYW 13th St+10003'
-73.9849,40.6969,121,136,'NYFlatbush Ave Exn10003+NYBridge St+10003|NYBridge St10003'
-73.9849,40.6668,35,257,'NY11th St10003+NY6th Ave+10003'
-73.9849,40.6261,0,2,'NY54th St10003'
-73.9849,40.7323,8596,9761,'NYE 14th St10003+NY2nd Ave+10003|NYE 14th St10003+NY2 Ave+10003|NY2nd Ave10003+NYE 14 St+10003|NYE 14 St10003+NY2 Ave+10003'
-73.9849,40.7364,4504,4079,'NY3rd Ave10003+NYE 19th St+10003|NY3rd Ave10003+NYE 19 St+10003|NYE 19th St10003+NY3 Ave+10003|NY3 Ave10003+NYE 19 St+10003'
-73.9849,40.8981,0,1,'NJShepard Ave10003|NJShepard Ave10003+NJMattlage Pl+10003'
-73.9849,40.6316,0,7,'NY48th St10003+NY16th Ave+10003'
-73.9849,40.8845,1,24,'NJS Van Brunt St10003+NJNordhoff Pl+10003|NJNordhoff Pl10003'
-73.9849,40.6101,0,7,'NYW 11th St10003+NYAve O+10003'
-73.9849,40.7742,9397,1399,'NYAmsterdam Ave10003+NYW 65th St+10003|NYAmsterdam Ave10003+NYW 65 St+10003'
-73.9849,40.6968,289,728,'NYFlatbush Ave Exn10003+NYCathedral Pl+10003|NYCathedral Pl10003'
-73.9849,40.7282,7647,3213,'NYE 9th St10003+NY1st Ave+10003|NYE 9th St10003+NY1 Ave+10003|NYE 9 St10003+NY1st Ave+10003|NYE 9 St10003+NY1 Ave+10003'
-73.9849,40.6140,0,6,'NY21st Ave10003+NY67th St+10003'
-73.9849,40.7117,12,129,'NYCherry St10003|NYCherry St10003+NYMontgomery St+10003'
-73.9848,40.7243,4490,7467,'NYE 4 St10003+NYAve A+10003|NYAve A10003+NYE 4th St+10003'
-73.9848,40.7177,178,1589,'NYAttorney St10003|NYAttorney St10003+NYDelancey St+10003'
-73.9848,40.6451,0,40,'NYMinna St10003+NYChester Ave+10003'
-73.9848,40.6869,1159,1189,'NYBond St10003+NYAtlantic Ave+10003'
-73.9848,40.7006,153,1053,'NYProspect St10003|NYProspect St10003+NYBridge St+10003|NYBridge St10003'
-73.9848,40.7859,35,124,'NYBoat Basin10003|NYBoat Basin10003+NYW 79th St+10003|NYBoat Basin10003+NY79th St Boat Basin+10003|NYW 79th St10003|NYW 79th St10003+NY79th St Boat Basin+10003|NY79th St Boat Basin10003'
-73.9848,40.6279,0,6,'NY52nd St10003+NY17th Ave+10003'
-73.9848,40.6352,1,8,'NY44th St10003+NY15th Ave+10003'
-73.9848,40.6829,18,271,'NYNevins St10003+NYWarren St+10003|NYWarren St10003'
-73.9848,40.7452,4271,4885,'NYE 30 St10003+NYMadison Ave+10003|NYMadison Ave10003+NYE 30th St+10003'
-73.9848,40.6710,346,392,'NY5th Ave10003+NY6th St+10003'
-73.9848,40.7112,17,246,'NYWater St10003|NYWater St10003+NYMontgomery St+10003'
-73.9848,40.7825,48,1035,'NYW 75th St10003|NYW 75th St10003+NYRiverside Dr+10003|NYW 75 St10003|NYW 75 St10003+NYRiverside Dr+10003'
-73.9848,40.5766,1,1,'NYW 17th St10003+NYMermaid Ave+10003'
-73.9848,40.7340,31,116,'NYRutherford Pl10003+NYE 16th St+10003|NYRutherford Pl10003+NYE 16 St+10003|NYE 16th St10003|NYE 16 St10003'
-73.9848,40.7692,5662,5841,'NY9 Ave10003|NY9 Ave10003+NYW 59th St+10003|NY9 Ave10003+NYColumbus Ave+10003|NY9th Ave10003|NY9th Ave10003+NYW 59th St+10003|NY9th Ave10003+NYColumbus Ave+10003|NYW 59th St10003|NYW 59th St10003+NYColumbus Ave+10003|NYColumbus Ave10003'
-73.9848,40.6765,6,33,'NYDenton Pl10003|NYDenton Pl10003+NYCarroll St+10003'
-73.9847,40.7395,6233,5858,'NYE 23rd St10003+NYLexington Ave+10003|NYLexington Ave10003+NYE 23 St+10003'
-73.9847,40.7642,6314,7912,'NY8 Ave10003+NYW 53rd St+10003|NY8 Ave10003+NYW 53 St+10003|NY8th Ave10003+NYW 53rd St+10003|NY8th Ave10003+NYW 53 St+10003'
-73.9847,40.7145,51,246,'NYSamuel Dickstein Plz10003+NYE Broadway+10003'
-73.9847,40.6752,163,433,'NY1st St10003+NY4th Ave+10003'
-73.9847,40.7107,123,287,'NYF D R Dr10003|NYF D R Dr10003+NYSouth St+10003|NYF D R Dr10003+NYMontgomery St+10003|NYSouth St10003|NYSouth St10003+NYFront St+10003|NYSouth St10003+NYMontgomery St+10003|NYFront St10003|NYFront St10003+NYMontgomery St+10003'
-73.9847,40.6892,90,853,'NYLivingston St10003+NYElm Pl+10003|NYElm Pl10003'
-73.9847,40.7217,1635,2582,'NYE Houston St10003+NYSuffolk St+10003|NYSuffolk St10003'
-73.9847,40.6387,0,5,'NY14th Ave10003+NY40th St+10003'
-73.9847,40.7105,69,71,'NYSouth St10003|NYSouth St10003+NYS Street Viaduct+10003|NYSouth St10003+NYF D R Dr+10003|NYSouth St10003+NYMontgomery St+10003|NYS Street Viaduct10002|NYS Street Viaduct10002+NYMontgomery St+10002|NYF D R Dr10002+NYMontgomery St+10002|NYMontgomery St10003'
-73.9847,40.6177,0,3,'NY63rd St10003+NY20th Ave+10003'
-73.9846,40.5815,0,1,'NYHart Pl10003+NYW 16th St+10003|NYW 16th St10003'
-73.9846,40.7592,17359,15195,'NYW 47 St10003+NY7 Ave+10003|NYW 47 St10003+NY7th Ave+10003|NYW 47th St10003+NY7 Ave+10003|NYW 47th St10003+NY7th Ave+10003'
-73.9846,40.5835,0,1,'NYBay 52nd St10003'
-73.9846,40.5935,0,3,'NYStillwell Ave10003+NY27th Ave+10003|NY27th Ave10003'
-73.9846,40.8167,0,1,'NJEdgewater Rd10003+NJCortland Pl+10003|NJCortland Pl10003'
-73.9846,40.7542,7044,4002,'NYW 41st St10003|NYW 41st St10003+NY6 Ave+10003|NYW 41st St10003+NYAve of the Americas+10003'
-73.9846,40.8143,1,0,'NJEdgewater Cmns10003|NJEdgewater Cmns10003+NJOld River Rd+10003'
-73.9846,40.6633,199,423,'NY7th Ave10003+NY15th St+10003'
-73.9846,40.9510,0,1,'NJPearl St10003'
-73.9846,40.6423,0,2,'NY13th Ave10003|NY13th Ave10003+NY36th St+10003'
-73.9846,40.7043,84,1033,'NYJohn St10003+NYBridge St+10003|NYBridge St10003'
-73.9846,40.6998,33,114,'NYBrooklyn Queens Expy10001+NYSands St+10001'
-73.9846,40.6796,87,149,'NY3rd Ave10003+NYDegraw St+10003'
-73.9846,40.7484,11204,10439,'NYW 34th St10003|NYW 34th St10003+NYE 34th St+10003|NYW 34th St10003+NYE 34 St+10003|NYW 34th St10003+NY5th Ave+10003|NYE 34th St10003|NYE 34th St10003+NY5th Ave+10003|NYE 34 St10003|NYE 34 St10003+NY5th Ave+10003'
-73.9845,40.7164,3,65,'NYBroome St10003+NYRidge St+10003'
-73.9845,40.7427,13851,4268,'NYPark Ave S10003+NYE 27th St+10003|NYPark Ave S10003+NYE 27 St+10003'
-73.9845,40.6259,0,1,'NY54th St10003'
-73.9845,40.5753,0,1,'NYW 17th St10003|NYW 17th St10003+NYSurf Ave+10003'
-73.9845,40.7370,5088,3857,'NYE 20th St10003+NY3rd Ave+10003|NYE 20th St10003+NY3 Ave+10003'
-73.9845,40.5879,0,10,'NYBay 50th St10003+NYHarway Ave+10003'
-73.9845,40.8988,0,1,'NJWashington Pl10003|NJWashington Pl10003+NJMattlage Pl+10003'
-73.9845,40.8429,1,0,'NJ14th St10003+NJE Palisades Blvd+10003|NJ14th St10003+NJPalisades Blvd+10003|NJE Palisades Blvd10003|NJE Palisades Blvd10003+NJPalisades Blvd+10003|NJPalisades Blvd10003'
-73.9845,40.8298,0,1,'NJFranklin Ave10003'
-73.9845,40.5980,0,3,'NYAve T10003+NYW 13th St+10003'
-73.9845,40.6222,0,4,'NY58th St10003+NYDahl Ct+10003|NYDahl Ct10003'
-73.9845,40.6596,6,246,'NY17th St10003+NY8th Ave+10003'
-73.9845,40.6213,0,3,'NY19th Ave10003+NY59th St+10003'
-73.9845,40.7202,3245,2687,'NYClinton St10003+NYStanton St+10003'
-73.9845,40.7798,2954,5153,'NYW End Ave10003+NYW 72nd St+10003|NYW End Ave10003+NYW 72 St+10003'
-73.9845,40.7832,56,1089,'NYW 76th St10003|NYW 76th St10003+NYRiverside Dr+10003|NYW 76 St10003|NYW 76 St10003+NYRiverside Dr+10003'
-73.9844,40.7288,7324,7902,'NYE 10 St10003+NY1st Ave+10003|NYE 10 St10003+NY1 Ave+10003|NYE 10th St10003+NY1st Ave+10003|NYE 10th St10003+NY1 Ave+10003'
-73.9844,40.7330,1739,3564,'NYE 15 St10003+NY2nd Ave+10003|NYE 15 St10003+NY2 Ave+10003|NY2nd Ave10003+NYE 15th St+10003|NYE 15th St10003+NY2 Ave+10003'
-73.9844,40.6674,13,272,'NY10th St10003+NY6th Ave+10003'
-73.9844,40.5925,0,1,'NYBay 46th St10003|NYBay 46th St10003+NYStillwell Ave+10003'
-73.9844,40.6903,171,337,'NYOratory Pl10003|NYOratory Pl10003+NYFulton St+10003|NYDuffield St10003|NYDuffield St10003+NYFulton St+10003'
-73.9844,40.8832,0,1,'NJBrownstone Way10009|NJBrownstone Way10009+NJBrownstone Way+10009'
-73.9844,40.7748,1581,5423,'NYAmsterdam Ave10003+NYW 66 St+10003|NYAmsterdam Ave10003+NYW 66th St+10003'
-73.9844,40.6076,0,7,'NYW 11th St10003+NYAve P+10003'
-73.9844,40.7249,5633,3936,'NYE 5th St10003|NYE 5th St10003+NYAve A+10003|NYE 5 St10003|NYE 5 St10003+NYAve A+10003'
-73.9844,40.6444,3,68,'NY12th Ave10003+NYChester Ave+10003'
-73.9844,40.6249,0,5,'NYCristoforo Colombo Blvd10003+NY55th St+10003|NY18th Ave10003+NY55th St+10003'
-73.9844,40.6876,35,470,'NYState St10003+NYBond St+10003'
-73.9844,40.6110,0,28,'NY70th St10003|NY70th St10003+NYBay Pkwy+10003|NY70th St10003+NY22nd Ave+10003'
-73.9844,40.6835,17,266,'NYNevins St10003+NYWyckoff St+10003'
-73.9843,40.7346,347,1777,'NYE 17 St10003+NYRutherford Pl+10003|NYRutherford Pl10003|NYRutherford Pl10003+NYE 17th St+10003'
-73.9843,40.6322,0,7,'NY47th St10003+NY16th Ave+10003'
-73.9843,40.7459,3952,4662,'NYE 31 St10003+NYMadison Ave+10003|NYMadison Ave10003+NYE 31st St+10003'
-73.9843,40.7698,4524,5615,'NYW 60th St10003+NYColumbus Ave+10003'
-73.9843,40.6930,21,354,'NYMetrotech10003|NYMetrotech10003+NYOratory Pl+10003|NYMetrotech10003+NYDuffield St+10003|NYOratory Pl10003+NYMetrotech Center+10003|NYOratory Pl10003+NYMetrotech Walk+10003|NYDuffield St10003+NYMetrotech Center+10003|NYDuffield St10003+NYMetrotech Walk+10003|NYMetrotech Center10003|NYMetrotech Walk10003'
-73.9843,40.6716,456,688,'NY5th Ave10003+NY5th St+10003'
-73.9843,40.6146,0,9,'NY66th St10003+NY21st Ave+10003'
-73.9843,40.7648,7365,6615,'NY8 Ave10003+NYW 54 St+10003|NY8 Ave10003+NYW 54th St+10003|NY8th Ave10003+NYW 54 St+10003|NY8th Ave10003+NYW 54th St+10003'
-73.9843,40.8096,0,4,'NJIndependence Way10003'
-73.9843,40.6937,56,214,'NYOratory Pl10003|NYOratory Pl10003+NYMyrtle Ave+10003|NYDuffield St10003|NYDuffield St10003+NYMyrtle Ave+10003|NYMyrtle Ave10003'
-73.9843,40.7402,2850,3788,'NYE 24th St10003+NYLexington Ave+10003'
-73.9843,40.7152,522,711,'NYGrand St10003+NYSamuel Dickstein Plz+10003|NYGrand St10003+NYPitt St+10003|NYSamuel Dickstein Plz10003|NYSamuel Dickstein Plz10003+NYPitt St+10003|NYPitt St10003'
-73.9843,40.5916,0,1,'NYBay 47th St10003|NYBay 47th St10003+NYStillwell Ave+10003'
-73.9842,40.7170,18,94,'NYDelancey St S10003+NYRidge St+10003'
-73.9842,40.7188,122,714,'NYAttorney St10003|NYAttorney St10003+NYRivington St+10003'
-73.9842,40.5861,0,2,'NYW 15th Pl10003|NYW 15th Pl10003+NYW 15th St+10003|NYW 15th St10003'
-73.9842,40.6357,0,6,'NY15th Ave10003+NY43rd St+10003'
-73.9842,40.8177,0,1,'NJHilltop Ter10003'
-73.9842,40.6284,0,8,'NY51st St10003+NY17th Ave+10003'
-73.9842,40.6758,167,208,'NYGarfield Pl10003|NYGarfield Pl10003+NY4th Ave+10003'
-73.9842,40.8549,0,1,'NJLester St10003'
-73.9842,40.8502,0,1,'NJMadeline Ln10003|NJMadeline Ln10003+NJWestgate Dr+10003|NJMadeline Ln10003+NJWestgate Dr S+10003|NJWestgate Dr10003+NJWestgate Dr S+10003|NJWestgate Dr S10003'
-73.9842,40.8138,1,4,'NJEdgewater Cmns10003|NJEdgewater Cmns10003+NJRiver Rd+10003'
-73.9842,40.8207,0,1,'NJBrandon Pl10003|NJBrandon Pl10003+NJRiverview Ave+10003'
-73.9842,40.7598,20038,11670,'NYW 48th St10003+NY7 Ave+10003|NYW 48th St10003+NY7th Ave+10003|NY7 Ave10003+NYW 48 St+10003|NYW 48 St10003+NY7th Ave+10003'
-73.9842,40.6112,0,8,'NYBay Pkwy10003+NYW 10th St+10003|NYW 10th St10003|NYW 10th St10003+NY22nd Ave+10003'
-73.9841,40.5791,0,3,'NYNeptune Ave10003+NYW 16th St+10003'
-73.9841,40.6802,60,413,'NY3rd Ave10003+NYDouglass St+10003'
-73.9841,40.6960,1543,3007,'NYDuffield St10003|NYDuffield St10003+NYTillary St+10003|NYOratory Pl10003|NYOratory Pl10003+NYTillary St+10003'
-73.9841,40.5961,0,1,'NY86th St10003+NYW 13th St+10003'
-73.9841,40.7548,17390,6213,'NYW 42nd St10003+NY6 Ave+10003|NYW 42nd St10003+NYAve of the Americas+10003'
-73.9841,40.8270,0,1,'NJGrant Ave10003+NJAbbott Blvd+10003'
-73.9841,40.6639,138,742,'NY7th Ave10003+NY14th St+10003'
-73.9841,40.6393,1,1,'NY14th Ave10003+NY39th St+10003'
-73.9841,40.7375,5323,5789,'NY3rd Ave10003+NYE 21st St+10003|NY3 Ave10003+NYE 21st St+10003'
-73.9841,40.7433,9066,6375,'NYPark Ave S10003|NYPark Ave S10003+NY4 Ave+10003|NYPark Ave S10003+NYPark Ave S+10003|NYPark Ave S10003+NYE 28th St+10003|NY4 Ave10003|NY4 Ave10003+NYPark Ave S+10003|NY4 Ave10003+NYE 28th St+10003'
-73.9841,40.7491,6273,7095,'NYW 35th St10003|NYW 35th St10003+NYE 35 St+10003|NYW 35th St10003+NYE 35th St+10003|NYW 35th St10003+NY5th Ave+10003|NYE 35 St10003|NYE 35 St10003+NY5th Ave+10003|NYE 35 St10003+NYW 35 St+10003|NYE 35th St10003|NYE 35th St10003+NY5th Ave+10003|NYE 35th St10003+NYW 35 St+10003|NY5th Ave10003+NYW 35 St+10003|NYW 35 St10003'
-73.9841,40.7173,112,664,'NYWilliamsburg Brg10002+NYRidge St+10002'
-73.9841,40.6901,22,102,'NYFulton St10003+NYElm Pl+10003|NYElm Pl10003'
-73.9841,40.6182,0,1,'NY62nd St10003+NY20th Ave+10003'
-73.9840,40.6056,0,15,'NYW 11th St10003+NYKings Hwy+10003'
-73.9840,40.6227,0,1,'NYDahl Ct10003'
-73.9840,40.6566,3,19,'NYProspect Park W10003|NYProspect Park W10003+NY20th St+10003'
-73.9840,40.7294,7247,2782,'NYE 11th St10003+NY1st Ave+10003|NYE 11th St10003+NY1 Ave+10003|NYE 11 St10003+NY1st Ave+10003|NYE 11 St10003+NY1 Ave+10003'
-73.9840,40.7139,3,27,'NYGouverneur St10003|NYGouverneur St10003+NYHenry St+10003|NYGouverneur St10003+NYGouvernour St+10003|NYHenry St10003+NYGouvernour St+10003|NYGouvernour St10003'
-73.9840,40.6984,21,65,'NYDuffield St10003|NYDuffield St10003+NYNassau St+10003|NYOratory Pl10003|NYOratory Pl10003+NYNassau St+10003'
-73.9840,40.6882,38,153,'NYBond St10003+NYSchermerhorn St+10003'
-73.9840,40.7805,1491,4075,'NYW 73 St10003+NYW End Ave+10003|NYW 73rd St10003+NYW End Ave+10003'
-73.9840,40.5834,0,1,'NYCanal Ave10003'
-73.9840,40.7754,930,5204,'NYW 67 St10003|NYW 67 St10003+NYAmsterdam Ave+10003|NYAmsterdam Ave10003+NYW 67th St+10003|NYW 67th St10003'
-73.9840,40.7255,13515,12943,'NYE 6th St10003+NYAve A+10003|NYAve A10003+NYE 6 St+10003'
-73.9840,40.6842,43,521,'NYNevins St10003+NYBergen St+10003'
-73.9839,40.6680,291,691,'NY9th St10003+NY6th Ave+10003'
-73.9839,40.7855,152,133,'NYHenry Hudson Pkwy10002+NYW 79th St+10002|NYW 79th St10003+NYState Rte 9a+10003'
-73.9839,40.6601,14,350,'NY8th Ave10003+NYProspect Ave+10003'
-73.9839,40.7113,1,66,'NYWater St10003+NYGouverneur Slip W+10003|NYGouverneur Slip W10003'
-73.9839,40.6761,753,659,'NY4th Ave10003+NYCarroll St+10003'
-73.9839,40.7838,40,1131,'NYW 77th St10003|NYW 77th St10003+NYRiverside Dr+10003|NYW 77 St10003|NYW 77 St10003+NYRiverside Dr+10003'
-73.9839,40.6219,0,5,'NY19th Ave10003+NY58th St+10003|NY58th St10003'
-73.9839,40.7465,6500,2875,'NYE 32nd St10003+NYMadison Ave+10003|NYE 32 St10003+NYMadison Ave+10003'
-73.9839,40.7132,18,206,'NYGouverneur St10003+NYGouvernour St+10003|NYMadison St10003+NYGouvernour St+10003|NYGouvernour St10003'
-73.9839,40.8085,0,1,'NJSmith Ct10003'
-73.9839,40.7705,1832,1602,'NYW 61st St10003|NYW 61st St10003+NYColumbus Ave+10003|NYW 61 St10003|NYW 61 St10003+NYColumbus Ave+10003'
-73.9839,40.7195,15,21,'NYAttorney St10003'
-73.9838,40.7108,25,99,'NYF D R Dr10003+NYGouverneur Slip W+10003|NYGouverneur Slip W10003|NYGouverneur Slip W10003+NYFront St+10003'
-73.9838,40.6255,0,5,'NYCristoforo Colombo Blvd10003+NY54th St+10003|NY54th St10003+NY18th Ave+10003'
-73.9838,40.7215,4808,3854,'NYE Houston St10003+NYClinton St+10003|NYE Houston St10003+NYAve B+10003|NYClinton St10003|NYClinton St10003+NYAve B+10003|NYAve B10003'
-73.9838,40.7654,6109,5985,'NYW 55 St10003+NY8 Ave+10003|NYW 55 St10003+NY8th Ave+10003|NYW 55th St10003+NY8 Ave+10003|NYW 55th St10003+NY8th Ave+10003'
-73.9838,40.7408,2086,1765,'NYE 25th St10003|NYE 25th St10003+NYLexington Ave+10003|NYE 25th St10003+NYE 25 St+10003|NYE 25th St10003+NYBernard Baruch Way+10003|NYE 25th St10003+NYE 25th St+10003|NYLexington Ave10003+NYE 25 St+10003|NYLexington Ave10003+NYBernard Baruch Way+10003|NYLexington Ave10003+NYE 25th St+10003|NYE 25 St10003|NYE 25 St10003+NYBernard Baruch Way+10003|NYBernard Baruch Way10003|NYBernard Baruch Way10003+NYE 25th St+10003'
-73.9838,40.6116,0,11,'NY69th St10003|NY69th St10003+NYBay Pkwy+10003|NY69th St10003+NY22nd Ave+10003|NYBay Ridge Ave10003|NYBay Ridge Ave10003+NYBay Pkwy+10003|NYBay Ridge Ave10003+NY22nd Ave+10003'
-73.9838,40.5890,0,1,'NYAve X10003|NYAve X10003+NYStillwell Ave+10003'
-73.9838,40.6722,261,298,'NY5th Ave10003+NY4th St+10003'
-73.9838,40.8425,0,3,'NJ15th St10003+NJPalisades Blvd+10003'
-73.9838,40.7125,3,42,'NYGouverneur St10003+NYMonroe St+10003|NYMonroe St10003'
-73.9838,40.6327,0,4,'NY16th Ave10003+NY46th St+10003'
-73.9837,40.7605,18721,10706,'NYW 49th St10003+NY7 Ave+10003|NYW 49th St10003+NY7th Ave+10003|NY7 Ave10003+NYW 49 St+10003|NY7th Ave10003+NYW 49 St+10003'
-73.9837,40.6900,6,14,'NYFulton St10003+NYDekalb Ave+10003|NYDekalb Ave10003'
-73.9837,40.6809,94,548,'NY3rd Ave10003+NYButler St+10003'
-73.9837,40.9506,0,1,'NJRucereto Ave10003|NJRucereto Ave10003+NJLarch Ave+10003'
-73.9837,40.6152,0,14,'NY21st Ave10003+NY65th St+10003'
-73.9837,40.8347,0,2,'NJBluff Rd10003+NJAnderson Ave+10003'
-73.9837,40.5937,0,1,'NYAve V10003+NYW 13th St+10003'
-73.9837,40.8089,1,0,'NJNelson Ct10003'
-73.9836,40.7327,1551,2571,'NYNathan D Perlman Pl10003|NYNathan D Perlman Pl10003+NYE 15 St+10003|NYNathan D Perlman Pl10003+NYE 15th St+10003'
-73.9836,40.7200,107,549,'NYStanton St10003+NYAttorney St+10003'
-73.9836,40.6290,0,1,'NY50th St10003+NY17th Ave+10003'
-73.9836,40.6363,0,4,'NY15th Ave10003+NY42nd St+10003'
-73.9836,40.7382,6424,7508,'NYE 22nd St10003+NY3rd Ave+10003|NYE 22nd St10003+NY3 Ave+10003|NY3rd Ave10003+NYE 22 St+10003|NY3 Ave10003+NYE 22 St+10003'
-73.9836,40.9081,0,1,'NJManor Rd10003'
-73.9836,40.7439,15030,12266,'NY4 Ave10003|NY4 Ave10003+NYPark Ave S+10003|NY4 Ave10003+NYE 29th St+10003|NYPark Ave S10003|NYPark Ave S10003+NYE 29th St+10003|NYPark Ave S10003+NYPark Ave S+10003|NYE 29th St10003+NYPark Ave S+10003'
-73.9836,40.7555,13404,7415,'NY6 Ave10003+NYW 43rd St+10003|NYW 43rd St10003+NYAve of the Americas+10003'
-73.9836,40.7497,8758,7199,'NYW 36 St10003|NYW 36 St10003+NY5th Ave+10003|NYW 36 St10003+NYE 36th St+10003|NYW 36th St10003|NYW 36th St10003+NY5th Ave+10003|NYW 36th St10003+NYE 36th St+10003|NY5th Ave10003+NYE 36th St+10003|NYE 36th St10003'
-73.9836,40.7113,1,65,'NYGouverneur St10003|NYGouverneur St10003+NYWater St+10003'
-73.9836,40.6645,88,371,'NY13th St10003+NY7th Ave+10003'
-73.9836,40.6888,61,116,'NYBond St10003+NYLivingston St+10003'
-73.9836,40.5981,1,34,'NYAve T10003+NYW 12th St+10003'
-73.9835,40.7343,2010,2063,'NYE 17 St10003+NY2nd Ave+10003|NYE 17 St10003+NY2 Ave+10003|NY2nd Ave10003+NYE 17th St+10003|NYE 17th St10003+NY2 Ave+10003'
-73.9835,40.6432,2,65,'NYChester Ave10003+NYClara St+10003'
-73.9835,40.7300,7584,7210,'NYE 12th St10003+NY1st Ave+10003|NYE 12th St10003+NY1 Ave+10003|NY1st Ave10003+NYE 12 St+10003|NYE 12 St10003+NY1 Ave+10003'
-73.9835,40.6848,19,334,'NYNevins St10003+NYDean St+10003'
-73.9835,40.8249,1,2,'NJPalisade Ave10003+NJColumbia Ave+10003'
-73.9835,40.7811,1093,2171,'NYW End Ave10003+NYW 74th St+10003|NYW End Ave10003+NYW 74 St+10003'
-73.9835,40.8283,1,2,'NJLafayette Ave10003+NJAbbott Blvd+10003|NJAbbott Blvd10003'
-73.9835,40.6900,15,20,'NYAlbee Sq10003|NYAlbee Sq10003+NYDekalb Ave+10003'
-73.9835,40.7761,684,3522,'NYW 68th St10003|NYW 68th St10003+NYAmsterdam Ave+10003|NYAmsterdam Ave10003+NYW 68 St+10003|NYW 68 St10003'
-73.9835,40.6399,0,3,'NY38th St10003+NY14th Ave+10003'
-73.9835,40.6188,0,9,'NY61st St10003+NY20th Ave+10003'
-73.9835,40.6077,0,23,'NYW 10th St10003+NYAve P+10003'
-73.9835,40.6768,716,613,'NYPresident St10003+NY4th Ave+10003'
-73.9835,40.5873,0,5,'NYHarway Ave10003|NYHarway Ave10003+NYStillwell Ave+10003'
-73.9835,40.7711,7105,2056,'NYW 62nd St10003+NYColumbus Ave+10003|NYW 62 St10003+NYColumbus Ave+10003'
-73.9835,40.6939,1572,1386,'NYFlatbush Ave Exn10003|NYFlatbush Ave Exn10003+NYFlatbush Ave Exd+10003|NYFlatbush Ave Exn10003+NYGold St+10003|NYFlatbush Ave Exd10003|NYFlatbush Ave Exd10003+NYGold St+10003|NYGold St10003'
-73.9834,40.7220,2629,3739,'NYAve B10003+NYE 2nd St+10003|NYAve B10003+NYE 2 St+10003'
-73.9834,40.7471,3362,1673,'NYE 33rd St10003+NYMadison Ave+10003|NYE 33 St10003+NYMadison Ave+10003'
-73.9834,40.6572,3,41,'NYProspect Park W10003+NY19th St+10003'
-73.9834,40.6686,19,249,'NY8th St10003+NY6th Ave+10003'
-73.9834,40.6921,197,2471,'NYGold St10003|NYGold St10003+NYAlbee Sq+10003|NYGold St10003+NYWilloughby St+10003|NYAlbee Sq10003|NYAlbee Sq10003+NYWilloughby St+10003'
-73.9834,40.7186,299,1858,'NYRivington St10003+NYRidge St+10003'
-73.9834,40.7660,8809,7175,'NYW 56th St10003+NY8 Ave+10003|NYW 56th St10003+NY8th Ave+10003|NY8 Ave10003+NYW 56 St+10003|NY8th Ave10003+NYW 56 St+10003'
-73.9834,40.7414,3684,3763,'NYE 26th St10003+NYLexington Ave+10003'
-73.9834,40.6120,0,13,'NYBay Pkwy10003+NYW 9th St+10003|NYW 9th St10003|NYW 9th St10003+NY22nd Ave+10003'
-73.9833,40.7149,157,355,'NYAbraham Pl10003|NYAbraham Pl10003+NYGrand St+10003'
-73.9833,40.6936,457,463,'NYFlatbush Ave Exd10003|NYFlatbush Ave Exd10003+NYMyrtle Ave+10003'
-73.9833,40.7167,24,125,'NYDelancey St S10003+NYPitt St+10003'
-73.9833,40.7113,2,141,'NYWater St10003+NYGouverneur Slip E+10003|NYGouverneur Slip E10003'
-73.9833,40.6415,0,1,'NYOld New Utrecht Rd10003|NYOld New Utrecht Rd10003+NY36th St+10003'
-73.9833,40.6936,1039,1314,'NYGold St10003|NYGold St10003+NYFlatbush Ave Exn+10003|NYFlatbush Ave Exn10003'
-73.9833,40.7844,69,1415,'NYW 78 St10003|NYW 78 St10003+NYRiverside Dr+10003|NYRiverside Dr10003+NYW 78th St+10003|NYW 78th St10003'
-73.9833,40.6728,564,1035,'NY5th Ave10003+NY3rd St+10003'
-73.9833,40.6815,42,80,'NY3rd Ave10003+NYBaltic St+10003'
-73.9833,40.5862,0,2,'NYW 15th Pl10003|NYW 15th Pl10003+NYStillwell Ave+10003'
-73.9833,40.5747,1,2,'NYBowery St10003|NYBowery St10003+NYW 16th St+10003'
-73.9833,40.6260,0,5,'NYCristoforo Colombo Blvd10003+NY53rd St+10003|NY18th Ave10003+NY53rd St+10003'
-73.9833,40.7611,22817,5671,'NYW 50th St10003+NY7 Ave+10003|NYW 50th St10003+NY7th Ave+10003'
-73.9833,40.7108,10,51,'NYF D R Dr10003+NYGouverneur Slip E+10003|NYFront St10003+NYGouverneur Slip E+10003|NYGouverneur Slip E10003'
-73.9832,40.8497,1,0,'NJStillwell Ave10003'
-73.9832,40.6609,14,133,'NYWindsor Pl10003+NY8th Ave+10003'
-73.9832,40.6121,4,9,'NYBay Pkwy10003+NY68th St+10003|NY68th St10003|NY68th St10003+NY22nd Ave+10003'
-73.9832,40.6269,0,2,'NY52nd St10003+NYOld New Utrecht Rd+10003|NYOld New Utrecht Rd10003'
-73.9832,40.7627,13453,6574,'NYBroadway10003+NYW 52nd St+10003'
-73.9832,40.5912,0,3,'NY2nd Ave10003+NYW 13th St+10003|NYAvenue W10003+NYW 13th St+10003'
-73.9832,40.7170,115,582,'NYWilliamsburg Brg10002+NYPitt St+10002'
-73.9832,40.8528,0,2,'NJLee Ct10003'
-73.9832,40.6333,0,1,'NY16th Ave10003+NY45th St+10003'
-73.9832,40.6402,0,1,'NYOld New Utrecht Rd10003|NYOld New Utrecht Rd10003+NY14th Ave+10003'
-73.9832,40.7446,5963,5281,'NYPark Ave S10003+NYE 30 St+10003|NYPark Ave S10003+NYE 30th St+10003'
-73.9832,40.7333,142,313,'NYNathan D Perlman Pl10003+NYE 16th St+10003|NYNathan D Perlman Pl10003+NYE 16 St+10003|NYE 16th St10003|NYE 16th St10003+NYE 16 St+10003|NYE 16 St10003'
-73.9832,40.7503,6753,7712,'NYW 37th St10003|NYW 37th St10003+NYE 37th St+10003|NYW 37th St10003+NY5th Ave+10003|NYE 37th St10003|NYE 37th St10003+NY5th Ave+10003'
-73.9832,40.7561,16195,13593,'NY6 Ave10003+NYW 44th St+10003|NYW 44th St10003+NYAve of the Americas+10003'
-73.9831,40.6574,11,45,'NYProspect Park W10003+NYProspect Expy+10003'
-73.9831,40.7388,11063,9853,'NYE 23rd St10003+NY3rd Ave+10003|NYE 23rd St10003+NY3 Ave+10003|NY3rd Ave10003+NYE 23 St+10003|NY3 Ave10003+NYE 23 St+10003'
-73.9831,40.5959,0,3,'NYW 12th St10003+NYAve U+10003'
-73.9831,40.7348,2473,3834,'NYE 18 St10003+NY2nd Ave+10003|NYE 18 St10003+NY2 Ave+10003|NY2nd Ave10003+NYE 18th St+10003|NYE 18th St10003+NY2 Ave+10003'
-73.9831,40.7146,5,70,'NYE Broadway10003|NYE Broadway10003+NYE Broadway+10003'
-73.9831,40.6425,0,9,'NYChester Ave10003+NYLouisa St+10003'
-73.9831,40.6855,29,504,'NYNevins St10003+NYPacific St+10003'
-73.9831,40.7267,9064,10889,'NYSaint Marks Pl10003|NYSaint Marks Pl10003+NYAve A+10003'
-73.9831,40.5792,0,12,'NYW 15th St10003+NYNeptune Ave+10003'
-73.9831,40.8360,0,1,'NJDorincourt Rd10003|NJDorincourt Rd10003+NJAnderson Ave+10003'
-73.9831,40.6651,147,861,'NY12th St10003+NY7th Ave+10003'
-73.9831,40.8085,0,1,'NJPenn Ct10003'
-73.9831,40.7307,8189,4296,'NYE 13 St10003+NY1st Ave+10003|NYE 13 St10003+NY1 Ave+10003|NY1st Ave10003+NYE 13th St+10003|NYE 13th St10003+NY1 Ave+10003'
-73.9831,40.8534,0,4,'NJLynette Dr10003|NJLynette Dr10003+NJVillage Circle Dr+10003|NJVillage Circle Dr10003'
-73.9831,40.6466,1,8,'NYBills Pl10003|NYBills Pl10003+NYFort Hamilton Pkwy+10003'
-73.9831,40.6055,0,19,'NYKings Hwy10003+NYW 10th St+10003'
-73.9831,40.8420,0,1,'NJ16th St10003+NJPalisades Blvd+10003'
-73.9831,40.6983,24,106,'NYI 27810001+NYGold St+10001|NYBrooklyn Qns Expy10001+NYGold St+10001'
-73.9831,40.6296,0,2,'NY49th St10003+NY17th Ave+10003'
-73.9831,40.7818,1220,3568,'NYW 75th St10003+NYW End Ave+10003|NYW End Ave10003+NYW 75 St+10003'
-73.9831,40.6368,0,6,'NY15th Ave10003+NY41st St+10003'
-73.9831,40.6984,74,219,'NYI 27810001+NYGold St+10001|NYBrooklyn Queens Expy10001+NYGold St+10001|NYBrooklyn Queens Expy10001+NYNassau St+10001'
-73.9830,40.7767,678,2378,'NYW 69th St10003|NYW 69th St10003+NYAmsterdam Ave+10003|NYAmsterdam Ave10003+NYW 69 St+10003|NYW 69 St10003'
-73.9830,40.6774,1438,1081,'NYUnion St10003+NY4th Ave+10003'
-73.9830,40.7718,12918,1761,'NYLincoln Center Plz10003|NYLincoln Center Plz10003+NYColumbus Ave+10003|NYW 63rd St10003|NYW 63rd St10003+NYColumbus Ave+10003|NYW 63 St10003|NYW 63 St10003+NYColumbus Ave+10003'
-73.9830,40.8625,0,2,'NJHawthorne Ter10003|NJHawthorne Ter10003+NJWoodland Pl+10003'
-73.9830,40.6158,0,3,'NY64th St10003+NY21st Ave+10003'
-73.9830,40.6277,1,2,'NY51st St10003+NYOld New Utrecht Rd+10003'
-73.9830,40.8179,0,1,'NJFox Ter10003'
-73.9830,40.8298,0,4,'NJWayne Ave10003+NJAbbott Blvd+10003'
-73.9830,40.7212,1026,1672,'NYE Houston St10003+NYAttorney St+10003|NYAttorney St10003'
-73.9830,40.7148,91,294,'NYE Broadway10003|NYE Broadway10003+NYGrand St+10003'
-73.9830,40.7227,5818,5601,'NYAve B10003+NYE 3rd St+10003|NYAve B10003+NYE 3 St+10003'
-73.9830,40.6897,21,39,'NYBond St10003+NYFulton St+10003'
-73.9830,40.7478,4550,2871,'NYE 34th St10003+NYMadison Ave+10003|NYE 34 St10003+NYMadison Ave+10003'
-73.9829,40.6692,15,511,'NY7th St10003+NY6th Ave+10003'
-73.9829,40.6900,7,22,'NYBond St10003'
-73.9829,40.5728,1,1,'NYBoardwalk W10003+NYW 16th St+10003|NYW 16th St10003'
-73.9829,40.7420,9225,5262,'NYLexington Ave10003+NYE 27th St+10003|NYLexington Ave10003+NYE 27 St+10003'
-73.9829,40.6194,0,12,'NY60th St10003+NY20th Ave+10003'
-73.9829,40.7667,9249,8159,'NY8 Ave10003+NYW 57 St+10003|NY8 Ave10003+NYW 57th St+10003|NY8th Ave10003+NYW 57 St+10003|NY8th Ave10003+NYW 57th St+10003'
-73.9829,40.8083,0,2,'NJJefferson Ct10003|NJJefferson Ct10003+NJIndependence Way+10003'
-73.9829,40.6821,24,84,'NYWarren St10003|NYWarren St10003+NY3rd Ave+10003'
-73.9829,40.6577,8,130,'NYProspect Park W10003+NY18th St+10003'
-73.9828,40.7159,13,272,'NYAbraham Pl10003|NYAbraham Pl10003+NYBroome St+10003|NYAbraham Pl10003+NYBialystoker Pl+10003|NYBroome St10003+NYBialystoker Pl+10003|NYBialystoker Pl10003'
-73.9828,40.7634,6575,3753,'NYBroadway10003+NYW 53rd St+10003|NYBroadway10003+NYW 53 St+10003'
-73.9828,40.6285,0,4,'NY50th St10003+NYOld New Utrecht Rd+10003'
-73.9828,40.5892,0,2,'NYAve X10003+NYW 13th St+10003'
-73.9828,40.7617,13564,6035,'NY7 Ave10003+NYW 51st St+10003|NY7th Ave10003+NYW 51st St+10003'
-73.9828,40.7197,192,2103,'NYStanton St10003+NYRidge St+10003'
-73.9828,40.6734,624,742,'NY5th Ave10003+NY2nd St+10003'
-73.9828,40.8340,1,2,'NJBluff Rd10003+NJEdgewood Ln+10003'
-73.9828,40.7339,281,1471,'NYNathan D Perlman Pl10003|NYNathan D Perlman Pl10003+NYE 17 St+10003|NYNathan D Perlman Pl10003+NYE 17th St+10003'
-73.9827,40.5938,0,2,'NYW 12th St10003+NYAve V+10003'
-73.9827,40.6615,8,311,'NY8th Ave10003+NY16th St+10003'
-73.9827,40.9165,5,4,'NJNorthrop Ln10003|NJNorthrop Ln10003+NJMackay Dr+10003|NJMackay Dr10003'
-73.9827,40.7452,5445,3826,'NYPark Ave S10003+NYE 31 St+10003|NYPark Ave S10003+NYE 31st St+10003'
-73.9827,40.7510,4593,3874,'NYW 38th St10003|NYW 38th St10003+NYE 38th St+10003|NYW 38th St10003+NY5th Ave+10003|NYE 38th St10003|NYE 38th St10003+NY5th Ave+10003'
-73.9827,40.8596,0,1,'NJWarwick Ln10003|NJWarwick Ln10003+NJFort Lee Rd+10003'
-73.9827,40.5833,0,1,'NYShore Pkwy10002+NYStillwell Ave+10002|NYLeif Ericson Dr10002+NYStillwell Ave+10002|NYBelt Pkwy10002+NYStillwell Ave+10002'
-73.9827,40.6885,26,87,'NYHanover Pl10003|NYHanover Pl10003+NYLivingston St+10003'
-73.9827,40.7568,14178,10141,'NYW 45 St10003+NY6 Ave+10003|NYW 45 St10003+NYAve of the Americas+10003|NY6 Ave10003+NYW 45th St+10003|NYAve of the Americas10003+NYW 45th St+10003'
-73.9827,40.8210,1,0,'NJOakdene Ave10003+NJWinterburn Grove+10003|NJWinterburn Grove10003'
-73.9827,40.6266,0,2,'NYCristoforo Colombo Blvd10003+NY52nd St+10003|NY18th Ave10003+NY52nd St+10003'
-73.9827,40.7354,3061,5050,'NY2nd Ave10003+NYE 19th St+10003|NY2nd Ave10003+NYE 19 St+10003|NYE 19th St10003+NY2 Ave+10003|NYE 19 St10003+NY2 Ave+10003'
-73.9827,40.8253,0,1,'NJPalisade Ave10003+NJLawton Ave+10003'
-73.9827,40.6906,2,13,'NYFleet St10003'
-73.9827,40.7395,5395,9558,'NYE 24th St10003+NY3rd Ave+10003|NYE 24th St10003+NY3 Ave+10003'
-73.9827,40.5934,0,1,'NYW 12th St10003'
-73.9827,40.6861,448,718,'NYNevins St10003+NYAtlantic Ave+10003'
-73.9827,40.6127,4,25,'NYBay Pkwy10003+NYW 8th St+10003|NYBay Pkwy10003+NY67th St+10003|NY22nd Ave10003+NYW 8th St+10003|NY22nd Ave10003+NY67th St+10003|NYW 8th St10003|NYW 8th St10003+NY67th St+10003|NY67th St10003'
-73.9827,40.7273,2965,2905,'NYE 9th St10003+NYAve A+10003|NYE 9 St10003+NYAve A+10003'
-73.9826,40.8085,0,1,'NJJefferson Ct10003'
-73.9826,40.8549,0,1,'NJMaple St10003'
-73.9826,40.6293,0,3,'NY49th St10003+NYOld New Utrecht Rd+10003'
-73.9826,40.6459,0,33,'NYMinna St10003+NYBills Pl+10003|NYBills Pl10003'
-73.9826,40.6781,355,573,'NYSackett St10003+NY4th Ave+10003'
-73.9826,40.7850,669,1310,'NYW 79th St10003|NYW 79th St10003+NYW 79th St+10003|NYW 79th St10003+NYRiverside Dr+10003|NYW 79th St10003+NYW 79 St+10003|NYRiverside Dr10003|NYRiverside Dr10003+NYW 79 St+10003|NYRiverside Dr10003+NYRiverside Dr+10003|NYW 79 St10003|NYW 79 St10003+NYRiverside Dr+10003'
-73.9826,40.8482,0,2,'NJ11th St10003|NJ11th St10003+NJWindsor Dr+10003|NJWindsor Dr10003'
-73.9826,40.6338,0,2,'NY44th St10003+NY16th Ave+10003'
-73.9826,40.7723,16663,797,'NYW 64 St10003|NYW 64 St10003+NYColumbus Ave+10003|NYW 64th St10003|NYW 64th St10003+NYColumbus Ave+10003'
-73.9826,40.7824,1298,2653,'NYW 76th St10003+NYW End Ave+10003|NYW End Ave10003+NYW 76 St+10003'
-73.9826,40.7773,3928,4037,'NYW 70 St10003+NYAmsterdam Ave+10003|NYAmsterdam Ave10003+NYW 70th St+10003'
-73.9826,40.6657,370,482,'NY11th St10003+NY7th Ave+10003'
-73.9826,40.7043,17,165,'NYJohn St10003+NYGold St+10003|NYGold St10003'
-73.9826,40.7314,13562,11826,'NYE 14th St10003+NY1st Ave+10003|NYE 14th St10003+NY1 Ave+10003|NY1st Ave10003+NYE 14 St+10003|NYE 14 St10003+NY1 Ave+10003'
-73.9826,40.7165,8,102,'NYDelancey St S10003+NYBialystoker Pl+10003'
-73.9825,40.6078,1,77,'NYAve P10003+NYW 9th St+10003'
-73.9825,40.6921,794,357,'NYPrince St10003|NYPrince St10003+NYFlatbush Ave Exn+10003|NYPrince St10003+NYWilloughby St+10003'
-73.9825,40.6930,386,1109,'NYPrince St10003+NYFair St+10003|NYFair St10003'
-73.9825,40.7233,2210,5331,'NYE 4 St10003+NYAve B+10003|NYAve B10003+NYE 4th St+10003'
-73.9825,40.7183,88,480,'NYPitt St10003+NYRivington St+10003|NYRivington St10003'
-73.9825,40.7484,2857,2573,'NYE 35 St10003+NYMadison Ave+10003|NYE 35th St10003+NYMadison Ave+10003'
-73.9825,40.7640,7567,4024,'NYBroadway10003+NYW 54 St+10003|NYBroadway10003+NYW 54th St+10003'
-73.9825,40.6374,0,16,'NY15th Ave10003+NY40th St+10003'
-73.9825,40.7426,6310,6542,'NYLexington Ave10003|NYLexington Ave10003+NYE 28 St+10003|NYLexington Ave10003+NYLexington Ave+10003|NYLexington Ave10003+NYE 28th St+10003|NYE 28 St10003|NYE 28 St10003+NYLexington Ave+10003|NYE 28 St10003+NYE 28th St+10003'
-73.9825,40.6948,103,852,'NYPrince St10003+NYJohnson St+10003|NYPrince St10003+NYTech Pl+10003|NYJohnson St10003|NYTech Pl10003'
-73.9825,40.7147,122,559,'NYGrand St10003+NYE Broadway+10003|NYE Broadway10003'
-73.9825,40.6164,2,6,'NY63rd St10003+NY21st Ave+10003'
-73.9824,40.6415,1,5,'NYChester Ave10003|NYChester Ave10003+NYChurch Ave+10003'
-73.9824,40.8565,0,1,'NJUS Rte 4610002+NJChristies Ln+10002|NJUS Rte 110002+NJChristies Ln+10002|NJBergen Blvd10002+NJChristies Ln+10002|NJChristies Ln10003|NJChristies Ln10003+NJUS Rte 9+10003'
-73.9824,40.6698,22,316,'NY6th Ave10003+NY6th St+10003'
-73.9824,40.6828,41,235,'NYSt Marks Pl10003|NYSt Marks Pl10003+NY3rd Ave+10003|NYSt Marks Pl10003+NYWyckoff St+10003|NY3rd Ave10003+NYWyckoff St+10003|NYWyckoff St10003'
-73.9824,40.6889,4,3,'NYHanover Pl10003+NYGrove Pl+10003|NYGrove Pl10003'
-73.9824,40.6301,0,3,'NY48th St10003+NY17th Ave+10003|NY48th St10003+NYOld New Utrecht Rd+10003|NY17th Ave10003+NYOld New Utrecht Rd+10003|NYOld New Utrecht Rd10003'
-73.9824,40.7674,10794,4407,'NY8 Ave10003+NYW 58th St+10003|NY8th Ave10003+NYW 58th St+10003'
-73.9824,40.7168,25,34,'NYWilliamsburg Brg10002+NYBialystoker Pl+10002'
-73.9824,40.8377,0,1,'NJE Brinkerhoff Ave10003|NJE Brinkerhoff Ave10003+NJAnderson Ave+10003|NJBrinkerhoff Ave10003|NJBrinkerhoff Ave10003+NJAnderson Ave+10003'
-73.9824,40.7623,12917,7019,'NY7 Ave10003+NYW 52nd St+10003|NY7th Ave10003+NYW 52nd St+10003'
-73.9823,40.6410,0,2,'NY14th Ave10003+NY36th St+10003'
-73.9823,40.6975,88,592,'NYPrince St10003|NYPrince St10003+NYConcord St+10003'
-73.9823,40.7170,19,101,'NYWillett St10003|NYWillett St10003+NYBialystoker Pl+10003|NYWillett St10003+NYDelancey St+10003|NYBialystoker Pl10003|NYBialystoker Pl10003+NYDelancey St+10003|NYBialystoker Pl10003+NYBialystoker St+10003|NYDelancey St10003+NYBialystoker St+10003|NYBialystoker St10003'
-73.9823,40.6200,0,10,'NY59th St10003+NY20th Ave+10003'
-73.9823,40.5914,0,3,'NYW 12th St10003|NYW 12th St10003+NY2nd Ave+10003|NYW 12th St10003+NYAvenue W+10003'
-73.9823,40.7458,7227,2744,'NYPark Ave10003|NYPark Ave10003+NYE 32nd St+10003|NYPark Ave10003+NYPark Ave S+10003|NYPark Ave10003+NYE 32 St+10003|NYE 32nd St10003+NYPark Ave S+10003|NYPark Ave S10003|NYPark Ave S10003+NYE 32 St+10003'
-73.9823,40.6740,669,1176,'NY1st St10003+NY5th Ave+10003'
-73.9823,40.6583,5,211,'NYProspect Park W10003+NY17th St+10003'
-73.9823,40.7516,5174,4032,'NYW 39th St10003|NYW 39th St10003+NYE 39 St+10003|NYW 39th St10003+NYE 39th St+10003|NYW 39th St10003+NY5th Ave+10003|NYE 39 St10003|NYE 39 St10003+NYW 39 St+10003|NYE 39 St10003+NY5th Ave+10003|NYW 39 St10003|NYW 39 St10003+NYE 39th St+10003|NYW 39 St10003+NY5th Ave+10003|NYE 39th St10003|NYE 39th St10003+NY5th Ave+10003'
-73.9823,40.7360,1533,3932,'NYE 20th St10003+NY2nd Ave+10003|NYE 20th St10003+NY2 Ave+10003'
-73.9823,40.7574,10101,5641,'NYW 46 St10003+NY6 Ave+10003|NYW 46 St10003+NYAve of the Americas+10003|NY6 Ave10003+NYW 46th St+10003|NYAve of the Americas10003+NYW 46th St+10003'
-73.9823,40.7409,505,3003,'NYE 26th St10003+NYBroadway Aly+10003|NYBroadway Aly10003'
-73.9822,40.8838,0,1,'NJHaase Pl10003'
-73.9822,40.6867,25,560,'NYState St10003+NYNevins St+10003'
-73.9822,40.6621,65,250,'NY8th Ave10003+NY15th St+10003'
-73.9822,40.7278,3977,5881,'NYE 10 St10003+NYAve A+10003|NYE 10th St10003+NYAve A+10003'
-73.9822,40.7739,10812,4975,'NYW 66 St10003+NYBroadway+10003|NYW 66th St10003+NYBroadway+10003'
-73.9822,40.7647,7033,5537,'NYW 55 St10003+NYBroadway+10003|NYW 55th St10003+NYBroadway+10003'
-73.9822,40.7401,4558,5759,'NY3rd Ave10003+NYE 25 St+10003|NY3rd Ave10003+NYBernard Baruch Way+10003|NY3rd Ave10003+NYE 25th St+10003|NYE 25 St10003+NY3 Ave+10003|NYE 25 St10003+NYBernard Baruch Way+10003|NY3 Ave10003+NYBernard Baruch Way+10003|NY3 Ave10003+NYE 25th St+10003|NYBernard Baruch Way10003|NYBernard Baruch Way10003+NYE 25th St+10003'
-73.9822,40.7747,7596,7074,'NYW 67 St10003+NYBroadway+10003|NYW 67th St10003+NYBroadway+10003'
-73.9822,40.7106,4,143,'NYSouth St10003|NYSouth St10003+NYSouth St+10003'
-73.9822,40.7730,12589,1264,'NYW 65th St10003+NYBroadway+10003|NYW 65 St10003+NYBroadway+10003'
-73.9822,40.7729,8374,768,'NYColumbus Ave10003+NYBroadway+10003'
-73.9822,40.6787,676,554,'NYDegraw St10003+NY4th Ave+10003'
-73.9822,40.7722,13686,3586,'NYW 64 St10003+NYBroadway+10003|NYW 64th St10003+NYBroadway+10003'
-73.9822,40.7755,8096,6311,'NYW 68th St10003+NYBroadway+10003|NYW 68 St10003+NYBroadway+10003'
-73.9822,40.7210,597,1452,'NYE Houston St10003+NYRidge St+10003|NYRidge St10003'
-73.9822,40.7714,22974,11747,'NYLincoln Center Plz10003+NYBroadway+10003|NYW 63rd St10003+NYBroadway+10003|NYW 63 St10003+NYBroadway+10003'
-73.9822,40.7677,6213,1512,'NY8 Ave10003|NY8 Ave10003+NYColumbus Cir+10003|NY8th Ave10003|NY8th Ave10003+NYColumbus Cir+10003|NYColumbus Cir10003'
-73.9821,40.7706,7553,4595,'NYW 62nd St10003+NYBroadway+10003|NYW 62 St10003+NYBroadway+10003'
-73.9821,40.6235,0,8,'NY19th Ave10003+NY55th St+10003|NY55th St10003'
-73.9821,40.7763,5214,4670,'NYW 69th St10003+NYBroadway+10003|NYW 69 St10003+NYBroadway+10003'
-73.9821,40.6272,1,4,'NYCristoforo Colombo Blvd10003+NY51st St+10003|NY51st St10003+NY18th Ave+10003'
-73.9821,40.6912,525,373,'NYFlatbush Ave Exn10003+NYFleet St+10003'
-73.9821,40.7830,875,2488,'NYW 77th St10003+NYW End Ave+10003|NYW 77 St10003+NYW End Ave+10003'
-73.9821,40.8765,0,1,'NJLake Ct10003'
-73.9821,40.7697,5457,3268,'NYW 61st St10003+NYBroadway+10003|NYW 61 St10003+NYBroadway+10003'
-73.9821,40.7779,1694,2544,'NYW 71st St10003+NYAmsterdam Ave+10003|NYAmsterdam Ave10003+NYW 71 St+10003'
-73.9821,40.6133,4,13,'NYBay Pkwy10003+NY66th St+10003|NY66th St10003|NY66th St10003+NY22nd Ave+10003'
-73.9821,40.7771,4282,3484,'NYW 70 St10003+NYBroadway+10003|NYW 70th St10003+NYBroadway+10003'
-73.9821,40.6054,1,30,'NYKings Hwy10003+NYW 9th St+10003'
-73.9821,40.6894,9,13,'NYHanover Pl10003|NYHanover Pl10003+NYFulton St+10003'
-73.9821,40.7689,13036,6477,'NYW 60th St10003'
-73.9821,40.6975,9,37,'NYBrooklyn Queens Expy10001+NYConcord St+10001'
-73.9821,40.7239,3717,7372,'NYE 5th St10003|NYE 5th St10003+NYAve B+10003|NYE 5 St10003|NYE 5 St10003+NYAve B+10003'
-73.9821,40.6663,124,433,'NY10th St10003+NY7th Ave+10003'
-73.9821,40.7730,11654,1496,'NYW 65th St10003+NYColumbus Ave+10003|NYColumbus Ave10003+NYW 65 St+10003'
-73.9821,40.7685,18603,4040,'NYBroadway10003'
-73.9820,40.5950,0,2,'NYW 11th St10003+NYLake Pl+10003|NYLake Pl10003'
-73.9820,40.7490,4117,3086,'NYMadison Ave10003+NYE 36th St+10003'
-73.9820,40.7320,4067,2846,'NYE 15 St10003|NYE 15 St10003+NY1st Ave+10003|NYE 15 St10003+NY1 Ave+10003|NYE 15th St10003|NYE 15th St10003+NY1st Ave+10003|NYE 15th St10003+NY1 Ave+10003'
-73.9820,40.6344,0,3,'NY16th Ave10003+NY43rd St+10003'
-73.9820,40.7433,4226,4708,'NYE 29th St10003+NYE 28 St+10003|NYE 29th St10003+NYLexington Ave+10003|NYE 28 St10003|NYE 28 St10003+NYLexington Ave+10003|NYLexington Ave10003|NYLexington Ave10003+NYLexington Ave+10003'
-73.9820,40.7856,53,627,'NYW 80th St10003|NYW 80th St10003+NYRiverside Dr+10003|NYRiverside Dr10003+NYW 80 St+10003|NYW 80 St10003'
-73.9820,40.6834,101,215,'NY3rd Ave10003+NYBergen St+10003'
-73.9820,40.7781,3874,2054,'NYAmsterdam Ave10003+NYBroadway+10003'
-73.9820,40.7788,6378,3379,'NYW 72nd St10003+NYBroadway+10003|NYW 72 St10003+NYBroadway+10003'
-73.9820,40.7655,7527,5516,'NYW 56th St10003+NYBroadway+10003|NYBroadway10003+NYW 56 St+10003'
-73.9820,40.7107,14,182,'NYF D R Dr10002+NYSouth St+10002|NYSouth St10003'
-73.9820,40.5948,0,2,'NYW 11th St10003+NY86th St+10003'
-73.9820,40.6424,1,0,'NYStory Ct10003'
-73.9820,40.9216,0,1,'NJHenry St10003'
-73.9819,40.7195,42,185,'NYStanton St10003|NYStanton St10003+NYPitt St+10003'
-73.9819,40.6704,27,559,'NY5th St10003+NY6th Ave+10003'
-73.9819,40.7778,1641,2804,'NYW 71st St10003+NYBroadway+10003|NYW 71 St10003+NYBroadway+10003'
-73.9819,40.7630,9462,10445,'NY7 Ave10003+NYW 53rd St+10003|NY7 Ave10003+NYW 53 St+10003|NY7th Ave10003+NYW 53rd St+10003|NY7th Ave10003+NYW 53 St+10003'
-73.9819,40.6307,0,6,'NY47th St10003+NY17th Ave+10003'
-73.9819,40.6430,1,41,'NYLouisa St10003+NYStory St+10003|NYStory St10003'
-73.9819,40.6380,0,1,'NY15th Ave10003+NY39th St+10003'
-73.9819,40.6169,0,8,'NY62nd St10003+NY21st Ave+10003'
-73.9819,40.6462,0,13,'NYMinna St10003+NYMicieli Pl+10003|NYMicieli Pl10003'
-73.9819,40.8490,0,1,'NJ11th St10003|NJ11th St10003+NJStillwell Ave+10003'
-73.9818,40.7663,5783,3725,'NYBroadway10003+NYW 57 St+10003|NYBroadway10003+NYW 57th St+10003'
-73.9818,40.7366,2667,5057,'NY2nd Ave10003+NYE 21st St+10003|NYE 21st St10003+NY2 Ave+10003'
-73.9818,40.7464,6938,2911,'NYPark Ave10003+NYE 33rd St+10003|NYPark Ave10003+NYE 33 St+10003'
-73.9818,40.7522,5253,3693,'NYW 40th St10003|NYW 40th St10003+NYE 40th St+10003|NYW 40th St10003+NY5th Ave+10003|NYW 40 St10003|NYW 40 St10003+NYE 40th St+10003|NYW 40 St10003+NY5th Ave+10003|NYE 40th St10003|NYE 40th St10003+NY5th Ave+10003'
-73.9818,40.6873,6,132,'NYNevins St10003+NYSchermerhorn St+10003'
-73.9818,40.7416,981,2187,'NYE 27th St10003+NYBroadway Aly+10003|NYBroadway Aly10003|NYBroadway Aly10003+NYE 27 St+10003'
-73.9818,40.6471,0,2,'NYCaton Ave10003|NYCaton Ave10003+NYFort Hamilton Pkwy+10003'
-73.9818,40.6552,1,52,'NYMcDonald Ave10003|NYMcDonald Ave10003+NY20th St+10003|NYMcDonald Ave10003+NY10th Ave+10003|NY20th St10003+NY10th Ave+10003|NY10th Ave10003'
-73.9818,40.7580,9070,5576,'NYW 47 St10003+NY6 Ave+10003|NYW 47 St10003+NYAve of the Americas+10003|NYW 47th St10003+NY6 Ave+10003|NYW 47th St10003+NYAve of the Americas+10003'
-73.9818,40.5939,0,3,'NYW 11th St10003+NYAve V+10003'
-73.9818,40.6916,116,151,'NYFleet Pl10003|NYFleet Pl10003+NYFleet St+10003|NYFleet St10003'
-73.9818,40.7284,4380,3065,'NYE 11th St10003+NYAve A+10003|NYE 11 St10003+NYAve A+10003'
-73.9818,40.6746,750,626,'NY5th Ave10003+NYGarfield Pl+10003'
-73.9818,40.7407,5570,6472,'NYE 26th St10003+NY3rd Ave+10003|NYE 26th St10003+NY3 Ave+10003'
-73.9818,40.6930,30,62,'NYFair St10003|NYFair St10003+NYFleet Pl+10003|NYFleet Pl10003'
-73.9818,40.6415,0,8,'NY14th Ave10003+NY35th St+10003'
-73.9818,40.6793,555,424,'NYDouglass St10003+NY4th Ave+10003'
-73.9818,40.5836,0,2,'NYW 13th St10003'
-73.9817,40.6136,1,7,'NYBay Pkwy10003+NYW 7th St+10003|NYW 7th St10003|NYW 7th St10003+NY22nd Ave+10003'
-73.9817,40.8391,0,1,'NJCentral Blvd10002+NJAnderson Ave+10002|NJState Rte 510002+NJAnderson Ave+10002'
-73.9817,40.5755,2,3,'NYSchweikerts Walk10003|NYSchweikerts Walk10003+NYSurf Ave+10003'
-73.9817,40.6627,15,345,'NY8th Ave10003+NY14th St+10003'
-73.9817,40.7795,2868,3545,'NYW 73 St10003+NYBroadway+10003|NYW 73rd St10003+NYBroadway+10003'
-73.9817,40.7162,5,36,'NYDelancey St S10003+NYSheriff St+10003|NYSheriff St10003'
-73.9817,40.6588,22,323,'NYProspect Park W10003+NYProspect Ave+10003'
-73.9817,40.7671,3299,1104,'NYBroadway10003+NYW 58th St+10003'
-73.9817,40.6205,0,2,'NY58th St10003|NY58th St10003+NY20th Ave+10003'
-73.9817,40.7837,848,1116,'NYW End Ave10003+NYW 78 St+10003|NYW End Ave10003+NYW 78th St+10003'
-73.9817,40.7145,241,1007,'NYGrand St10003+NYColumbia St+10003|NYGrand St10003+NYAbraham Kazan St+10003|NYColumbia St10003|NYAbraham Kazan St10003'
-73.9816,40.7684,7590,3528,'NYCentral Park W10003'
-73.9816,40.7676,2881,657,'NYBroadway10003'
-73.9816,40.8160,1,0,'NJRiver Rd10003+NJOld River Rd+10003|NJOld River Rd10003|NJOld River Rd10003+NJOld River Rd+10003'
-73.9816,40.7786,6513,4960,'NYAmsterdam Ave10003+NYW 72nd St+10003|NYAmsterdam Ave10003+NYW 72 St+10003'
-73.9816,40.6669,628,808,'NY9th St10003+NY7th Ave+10003'
-73.9816,40.7497,4036,4553,'NYMadison Ave10003+NYE 37th St+10003'
-73.9816,40.7736,8407,4662,'NYW 66 St10003+NYColumbus Ave+10003|NYW 66th St10003+NYColumbus Ave+10003'
-73.9816,40.6426,0,3,'NYStory Ct10003|NYStory Ct10003+NYStory St+10003'
-73.9816,40.6241,0,8,'NY54th St10003+NY19th Ave+10003'
-73.9816,40.6277,0,8,'NY50th St10003+NYCristoforo Colombo Blvd+10003|NY50th St10003+NY18th Ave+10003'
-73.9816,40.6841,74,250,'NY3rd Ave10003+NYDean St+10003'
-73.9816,40.7326,4921,2710,'NYStuyvesant Loop W10003|NYStuyvesant Loop W10003+NYE 16th St+10003|NYStuyvesant Loop W10003+NY1st Ave+10003|NYStuyvesant Loop W10003+NYE 16 St+10003|NYStuyvesant Loop W10003+NY1 Ave+10003|NYE 16th St10003|NYE 16th St10003+NY1st Ave+10003|NYE 16th St10003+NYE 16 St+10003|NYE 16th St10003+NY1 Ave+10003|NY1st Ave10003+NYE 16 St+10003|NYE 16 St10003|NYE 16 St10003+NY1 Ave+10003'
-73.9816,40.7439,3500,5522,'NYE 30 St10003+NYLexington Ave+10003|NYLexington Ave10003+NYE 30th St+10003'
-73.9815,40.7181,2,9,'NYRivington St10003'
-73.9815,40.8560,0,1,'NJChristie Ln10003|NJChristie Ln10003+NJChristies Ln+10003|NJChristie Ln10003+NJMaple St+10003|NJChristies Ln10003|NJChristies Ln10003+NJMaple St+10003'
-73.9815,40.5770,2,17,'NYStillwell Ave10003+NYMermaid Ave+10003|NYMermaid Ave10003'
-73.9815,40.7166,59,55,'NYWilliamsburg Brg10002+NYSheriff St+10002'
-73.9815,40.8784,0,1,'NJState Rte 9310002+NJRockwood Pl+10002|NJGrand Ave10002+NJRockwood Pl+10002'
-73.9815,40.7803,8115,2684,'NYW 74th St10003+NYBroadway+10003|NYW 74 St10003+NYBroadway+10003'
-73.9815,40.6885,4,15,'NYGrove Pl10003'
-73.9815,40.8447,0,3,'NJ15th St10003+NJEdsall Blvd+10003'
-73.9815,40.6899,1874,1092,'NYFlatbush Ave Exn10003+NYDekalb Ave+10003'
-73.9815,40.6534,0,63,'NYTerrace Pl10003|NYTerrace Pl10003+NYMcDonald Ave+10003'
-73.9814,40.7862,32,716,'NYW 81st St10003|NYW 81st St10003+NYRiverside Dr+10003|NYW 81 St10003|NYW 81 St10003+NYRiverside Dr+10003'
-73.9814,40.6138,1,12,'NYBay Pkwy10003+NY65th St+10003|NY22nd Ave10003+NY65th St+10003'
-73.9814,40.7167,21,148,'NYDelancey St10003+NYSheriff St+10003'
-73.9814,40.7236,432,1555,'NYE 5 St10003|NYE 5th St10003'
-73.9814,40.7636,9623,10511,'NY7 Ave10003+NYW 54 St+10003|NY7 Ave10003+NYW 54th St+10003|NY7th Ave10003+NYW 54 St+10003|NY7th Ave10003+NYW 54th St+10003'
-73.9814,40.6350,0,1,'NY16th Ave10003+NY42nd St+10003'
-73.9814,40.6711,35,444,'NY4th St10003+NY6th Ave+10003'
-73.9814,40.6879,46,130,'NYNevins St10003+NYLivingston St+10003'
-73.9814,40.7372,3031,6959,'NYE 22nd St10003+NY2nd Ave+10003|NYE 22nd St10003+NY2 Ave+10003|NY2nd Ave10003+NYE 22 St+10003|NYE 22 St10003+NY2 Ave+10003'
-73.9814,40.7528,4580,3065,'NYE 41st St10003|NYE 41st St10003+NY5th Ave+10003'
-73.9814,40.7678,7424,4325,'NYCentral Park S10003|NYW 59 St10003'
-73.9814,40.7471,7094,8107,'NYPark Ave10003+NYE 34th St+10003|NYPark Ave10003+NYE 34 St+10003'
-73.9813,40.7586,8962,3317,'NY6 Ave10003+NYW 48th St+10003|NY6 Ave10003+NYW 48 St+10003|NYW 48th St10003+NYAve of the Americas+10003|NYAve of the Americas10003+NYW 48 St+10003'
-73.9813,40.8228,1,0,'NJCrescent Ln10003+NJHudson Ter+10003|NJCrescent Ave10003+NJHudson Ter+10003'
-73.9813,40.8358,1,1,'NJDorincourt Rd10003+NJAbbott Blvd+10003'
-73.9813,40.6472,0,5,'NYCaton Ave10003+NYDahill Rd+10003|NYDahill Rd10003'
-73.9813,40.6751,1005,1043,'NY5th Ave10003+NYCarroll St+10003'
-73.9813,40.7291,4316,6410,'NYE 12th St10003+NYAve A+10003|NYE 12 St10003+NYAve A+10003'
-73.9813,40.6800,311,492,'NYButler St10003+NY4th Ave+10003'
-73.9813,40.5915,1,5,'NYW 11th St10003+NY2nd Ave+10003|NYW 11th St10003+NYAvenue W+10003|NY2nd Ave10003|NYAvenue W10003'
-73.9813,40.7414,8859,7174,'NY3rd Ave10003+NYE 27th St+10003|NY3rd Ave10003+NYE 27 St+10003|NYE 27th St10003+NY3 Ave+10003|NY3 Ave10003+NYE 27 St+10003'
-73.9813,40.7810,6765,4721,'NYW 75th St10003+NYBroadway+10003|NYW 75 St10003+NYBroadway+10003'
-73.9813,40.7207,1132,734,'NYE Houston St10003+NYLoisada Ave+10003|NYE Houston St10003+NYAve C+10003|NYE Houston St10003+NYPitt St+10003|NYLoisada Ave10003|NYLoisada Ave10003+NYPitt St+10003|NYAve C10003|NYAve C10003+NYPitt St+10003|NYPitt St10003'
-73.9813,40.6312,0,4,'NY46th St10003+NY17th Ave+10003'
-73.9813,40.6385,0,1,'NY38th St10003+NY15th Ave+10003'
-73.9813,40.6526,2,66,'NYSeeley St10003|NYSeeley St10003+NYMcDonald Ave+10003'
-73.9813,40.6175,0,9,'NY61st St10003+NY21st Ave+10003'
-73.9812,40.6266,0,5,'NY51st St10003'
-73.9812,40.7171,1,8,'NYSheriff St10003'
-73.9812,40.6420,2,7,'NYChurch Ave10003+NY14th Ave+10003|NYChurch Ave10003+NYStory St+10003|NY14th Ave10003|NY14th Ave10003+NYStory St+10003|NYStory St10003'
-73.9812,40.7869,50,1145,'NYW 82nd St10003|NYW 82nd St10003+NYRiverside Dr+10003|NYRiverside Dr10003+NYW 82 St+10003|NYW 82 St10003'
-73.9812,40.6633,31,258,'NY13th St10003+NY8th Ave+10003'
-73.9812,40.7192,0,2,'NYStanton St Exn10003|NYStanton St Exn10003+NYWillett St+10003|NYStanton St Exn10003+NYBialystoker St+10003|NYWillett St10003|NYBialystoker St10003'
-73.9812,40.6558,3,113,'NY19th St10003+NY10th Ave+10003'
-73.9812,40.6465,0,9,'NYMinna St10003|NYMinna St10003+NYDahill Rd+10003'
-73.9812,40.6210,0,5,'NY57th St10003|NY57th St10003+NY20th Ave+10003'
-73.9812,40.7022,162,1225,'NYFront St10003'
-73.9812,40.7154,12,192,'NYBroome St10003|NYBroome St10003+NYColumbia St+10003|NYBroome St10003+NYAbraham Kazan St+10003'
-73.9812,40.8209,0,1,'NJLincoln Ave10003'
-73.9812,40.7844,2100,2898,'NYW 79th St10003+NYW End Ave+10003|NYW End Ave10003+NYW 79 St+10003'
-73.9811,40.7877,68,1193,'NYW 83 St10003|NYW 83 St10003+NYRiverside Dr+10003|NYW 83rd St10003|NYW 83rd St10003+NYRiverside Dr+10003'
-73.9811,40.7793,3050,4122,'NYW 73 St10003+NYAmsterdam Ave+10003|NYAmsterdam Ave10003+NYW 73rd St+10003'
-73.9811,40.6053,0,37,'NYKings Hwy10003+NYW 8th St+10003'
-73.9811,40.6847,97,163,'NY3rd Ave10003+NYPacific St+10003'
-73.9811,40.7332,2242,1093,'NYE 17 St10003|NYE 17 St10003+NY1st Ave+10003|NYE 17 St10003+NY1 Ave+10003|NY1st Ave10003+NYE 17th St+10003|NYE 17th St10003|NYE 17th St10003+NY1 Ave+10003'
-73.9811,40.7029,33,100,'NYWater St10003'
-73.9811,40.7503,3565,3968,'NYMadison Ave10003+NYE 38th St+10003'
-73.9811,40.7742,4453,3458,'NYW 67 St10003+NYColumbus Ave+10003|NYW 67th St10003+NYColumbus Ave+10003'
-73.9811,40.7031,5,27,'NYEvans St10003'
-73.9811,40.6516,4,64,'NYMcDonald Ave10003+NYVanderbilt St+10003|NYVanderbilt St10003'
-73.9811,40.7445,11121,9554,'NYE 31 St10003+NYLexington Ave+10003|NYE 31st St10003+NYLexington Ave+10003'
-73.9811,40.6959,58,250,'NYTillary St10003|NYTillary St10003+NYTillary St+10003'
-73.9811,40.5894,0,5,'NYW 11th St10003+NYAve X+10003'
-73.9811,40.5951,1,6,'NYW 10th St10003+NYLake Pl+10003'
-73.9811,40.7210,1220,2501,'NYLoisada Ave10003+NYE 2nd St+10003|NYLoisada Ave10003+NYE 2 St+10003|NYAve C10003+NYE 2nd St+10003|NYAve C10003+NYE 2 St+10003'
-73.9811,40.6675,214,381,'NY8th St10003+NY7th Ave+10003'
-73.9811,40.7818,3671,2797,'NYW 76th St10003+NYBroadway+10003|NYW 76 St10003+NYBroadway+10003'
-73.9811,40.7885,79,1278,'NYW 84 St10003|NYW 84 St10003+NYRiverside Dr+10003|NYW 84th St10003|NYW 84th St10003+NYRiverside Dr+10003|NYEdgar Allen Poe St10003|NYEdgar Allen Poe St10003+NYRiverside Dr+10003'
-73.9811,40.6458,1,40,'NY12th Ave10003|NY12th Ave10003+NYDahill Rd+10003'
-73.9810,40.7693,4027,3392,'NYW 61st St10003|NYW 61st St10003+NYCentral Park W+10003|NYW 61 St10003|NYW 61 St10003+NYCentral Park W+10003'
-73.9810,40.7042,2,1,'NYAdmiral Perry Plz10003|NYAdmiral Perry Plz10003+NYJohn St+10003|NYAdmiral Perry Plz10003+NYHudson Ave+10003|NYJohn St10003|NYJohn St10003+NYHudson Ave+10003|NYHudson Ave10003'
-73.9810,40.6283,1,8,'NYCristoforo Colombo Blvd10003+NY49th St+10003|NY18th Ave10003+NY49th St+10003'
-73.9810,40.6247,0,8,'NY19th Ave10003+NY53rd St+10003'
-73.9810,40.6936,100,179,'NYHudson Walk10003|NYHudson Walk10003+NYMyrtle Ave+10003'
-73.9810,40.7642,10697,10400,'NYW 55 St10003+NY7 Ave+10003|NYW 55 St10003+NY7th Ave+10003|NYW 55th St10003+NY7 Ave+10003|NYW 55th St10003+NY7th Ave+10003'
-73.9810,40.6584,1,77,'NYHoward Pl10003|NYHoward Pl10003+NYProspect Ave+10003'
-73.9809,40.6561,0,28,'NYProspect Expy10002+NY10th Ave+10002'
-73.9809,40.6942,1,3,'NYHudson Walk10003'
-73.9809,40.5941,0,2,'NYW 10th St10003|NYW 10th St10003+NY86th St+10003'
-73.9809,40.6889,756,232,'NYFulton St10003+NYFlatbush Ave Exn+10003|NYFulton St10003+NYFlatbush Ave+10003|NYFlatbush Ave Exn10003|NYFlatbush Ave Exn10003+NYFlatbush Ave+10003|NYFlatbush Ave10003'
-73.9809,40.6717,41,874,'NY6th Ave10003+NY3rd St+10003'
-73.9809,40.7143,191,584,'NYHenry St10003|NYHenry St10003+NYGrand St+10003|NYHenry St10003+NYJackson St+10003|NYGrand St10003+NYJackson St+10003|NYJackson St10003'
-73.9809,40.6450,1,51,'NYTehama St10003|NYTehama St10003+NYAlbemarle Rd+10003|NYTehama St10003+NYDahill Rd+10003|NYAlbemarle Rd10003|NYAlbemarle Rd10003+NYDahill Rd+10003'
-73.9809,40.7379,6887,11069,'NYE 23rd St10003+NY2nd Ave+10003|NYE 23rd St10003+NY2 Ave+10003|NY2nd Ave10003+NYE 23 St+10003|NY2 Ave10003+NYE 23 St+10003'
-73.9809,40.6806,184,533,'NYBaltic St10003+NY4th Ave+10003'
-73.9809,40.6758,458,664,'NY5th Ave10003+NYPresident St+10003'
-73.9809,40.7535,8240,4396,'NYW 42nd St10003|NYW 42nd St10003+NYE 42nd St+10003|NYW 42nd St10003+NY5th Ave+10003|NYE 42nd St10003|NYE 42nd St10003+NY5th Ave+10003'
-73.9809,40.7593,12356,3620,'NY6 Ave10003+NYW 49th St+10003|NY6 Ave10003+NYW 49 St+10003|NYW 49th St10003+NYAve of the Americas+10003|NYAve of the Americas10003+NYW 49 St+10003'
-73.9809,40.7159,21,199,'NYDelancey St S10003+NYAbraham Kazan St+10003|NYAbraham Kazan St10003'
-73.9809,40.6598,30,210,'NYProspect Park W10003+NYWindsor Pl+10003'
-73.9809,40.6264,0,2,'NY51st St10003'
-73.9809,40.7420,8665,9782,'NY3rd Ave10003+NYE 28th St+10003|NY3 Ave10003+NYE 28th St+10003'
-73.9809,40.7297,6435,5423,'NYE 13 St10003+NYAve A+10003|NYE 13th St10003+NYAve A+10003'
-73.9809,40.7478,3318,5341,'NYE 35 St10003+NYPark Ave+10003|NYPark Ave10003+NYE 35th St+10003'
-73.9809,40.7893,91,1556,'NYW 85 St10003|NYW 85 St10003+NYRiverside Dr+10003|NYW 85th St10003|NYW 85th St10003+NYRiverside Dr+10003'
-73.9809,40.8332,1,1,'NJDearborn Rd10003+NJBluff Rd+10003'
-73.9809,40.6355,0,8,'NY16th Ave10003+NY41st St+10003'
-73.9808,40.6888,408,151,'NYNevins St10003|NYNevins St10003+NYFlatbush Ave+10003'
-73.9808,40.7825,3858,6873,'NYW 77th St10003+NYBroadway+10003|NYW 77 St10003+NYBroadway+10003'
-73.9808,40.8169,0,1,'NJArcher St10003|NJArcher St10003+NJRiver Rd+10003|NJArcher St10003+NJOld River Rd+10003'
-73.9808,40.6144,1,24,'NY64th St10003+NYBay Pkwy+10003|NY64th St10003+NY22nd Ave+10003'
-73.9808,40.5731,0,1,'NYBoardwalk W10003+NYStillwell Ave+10003|NYStillwell Ave10003'
-73.9808,40.6443,0,19,'NYClara St10003|NYClara St10003+NYDahill Rd+10003'
-73.9808,40.7257,4905,6027,'NYE 8 St10003|NYE 8 St10003+NYAve B+10003|NYAve B10003+NYE 8th St+10003|NYE 8th St10003'
-73.9807,40.7013,14,56,'NYYork St10003|NYYork St10003+NYNavy St+10003|NYYork St10003+NYHudson Ave+10003|NYNavy St10003|NYNavy St10003+NYHudson Ave+10003|NYHudson Ave10003'
-73.9807,40.6639,57,740,'NY8th Ave10003+NY12th St+10003'
-73.9807,40.6318,0,3,'NY17th Ave10003+NY45th St+10003'
-73.9807,40.6391,0,1,'NY37th St10003+NY15th Ave+10003'
-73.9807,40.7122,19,231,'NYCherry St10003|NYCherry St10003+NYJackson St+10003'
-73.9807,40.6495,6,35,'NYMcDonald Ave10003+NYGreenwood Ave+10003|NYGreenwood Ave10003'
-73.9807,40.7338,4313,8151,'NYE 18 St10003|NYE 18 St10003+NY1st Ave+10003|NYE 18 St10003+NYFirst Ave Lp+10003|NYE 18 St10003+NYStuyvesant Loop W+10003|NYE 18 St10003+NY1 Ave+10003|NY1st Ave10003+NYFirst Ave Lp+10003|NY1st Ave10003+NYE 18th St+10003|NY1st Ave10003+NYStuyvesant Loop W+10003|NYFirst Ave Lp10003|NYFirst Ave Lp10003+NYE 18th St+10003|NYFirst Ave Lp10003+NYStuyvesant Loop W+10003|NYFirst Ave Lp10003+NY1 Ave+10003|NYE 18th St10003|NYE 18th St10003+NYStuyvesant Loop W+10003|NYE 18th St10003+NY1 Ave+10003|NYStuyvesant Loop W10003|NYStuyvesant Loop W10003+NY1 Ave+10003'
-73.9807,40.6134,0,29,'NYW 6th St10003|NYW 6th St10003+NY65th St+10003'
-73.9807,40.6853,1084,677,'NY3rd Ave10003+NYAtlantic Ave+10003'
-73.9807,40.7026,1,2,'NYHarrison Aly10003'
-73.9807,40.6181,0,13,'NY60th St10003+NY21st Ave+10003'
-73.9807,40.7163,121,336,'NYWilliamsburg Brg10002+NYColumbia St+10002'
-73.9807,40.7509,3416,2109,'NYE 39 St10003+NYMadison Ave+10003|NYMadison Ave10003+NYE 39th St+10003'
-73.9807,40.7799,3283,3795,'NYAmsterdam Ave10003+NYW 74th St+10003|NYAmsterdam Ave10003+NYW 74 St+10003'
-73.9807,40.7031,0,18,'NYHarrison Aly10003|NYHarrison Aly10003+NYEvans St+10003'
-73.9807,40.7850,820,1887,'NYW 80th St10003+NYW End Ave+10003|NYW End Ave10003+NYW 80 St+10003'
-73.9807,40.7749,5272,2525,'NYW 68th St10003+NYColumbus Ave+10003|NYColumbus Ave10003+NYW 68 St+10003'
-73.9807,40.7451,3457,6246,'NYE 32nd St10003+NYLexington Ave+10003|NYE 32 St10003+NYLexington Ave+10003'
-73.9807,40.6564,3,61,'NY18th St10003+NY10th Ave+10003'
-73.9806,40.5756,1,6,'NYSurf Ave10003+NYHenderson Walk+10003|NYHenderson Walk10003'
-73.9806,40.6435,0,15,'NYLouisa St10003|NYLouisa St10003+NYDahill Rd+10003'
-73.9806,40.7115,12,92,'NYJackson St10003+NYWater St+10003|NYWater St10003'
-73.9806,40.7217,1148,3050,'NYLoisada Ave10003+NYE 3rd St+10003|NYLoisada Ave10003+NYE 3 St+10003|NYE 3rd St10003+NYAve C+10003|NYAve C10003+NYE 3 St+10003'
-73.9806,40.6681,91,535,'NY7th St10003+NY7th Ave+10003'
-73.9806,40.7699,1929,2062,'NYW 62nd St10003|NYW 62nd St10003+NYCentral Park W+10003|NYW 62 St10003|NYW 62 St10003+NYCentral Park W+10003'
-73.9806,40.7110,15,36,'NYF D R Dr10003+NYJackson St+10003|NYJackson St10003|NYJackson St10003+NYFront St+10003|NYFront St10003'
-73.9806,40.8284,3,12,'NJPalisade Ave10003+NJWinston Dr+10003|NJPalisade Ave10003+NJWayne Ave+10003|NJWinston Dr10003|NJWinston Dr10003+NJWayne Ave+10003|NJWayne Ave10003'
-73.9805,40.7648,13130,11322,'NYW 56th St10003+NY7 Ave+10003|NYW 56th St10003+NY7th Ave+10003|NY7 Ave10003+NYW 56 St+10003|NYW 56 St10003+NY7th Ave+10003'
-73.9805,40.6974,34,46,'NYNavy St10003+NYConcord St+10003|NYConcord St10003'
-73.9805,40.8580,0,1,'NJUS Rte 4610002+NJMain St+10002|NJUS Rte 110002+NJMain St+10002|NJBergen Blvd10002+NJMain St+10002|NJUS Rte 910002+NJMain St+10002'
-73.9805,40.7832,3129,2294,'NYW 78 St10003+NYBroadway+10003|NYW 78th St10003+NYBroadway+10003'
-73.9805,40.6812,300,574,'NYWarren St10003+NY4th Ave+10003'
-73.9805,40.6997,33,118,'NYNavy St10003+NYSands St+10003|NYSands St10003'
-73.9805,40.6764,1728,1724,'NY5th Ave10003+NYUnion St+10003'
-73.9805,40.8349,1,1,'NJDearborn Rd10003'
-73.9804,40.9050,0,1,'NJJane St10003|NJJane St10003+NJTryon Ave+10003|NJJane St10003+NJKnickerbocker Rd+10003|NJTryon Ave10003|NJTryon Ave10003+NJKnickerbocker Rd+10003'
-73.9804,40.6899,331,242,'NYHudson Ave10003'
-73.9804,40.6289,0,11,'NY48th St10003+NYCristoforo Colombo Blvd+10003|NY48th St10003+NY18th Ave+10003'
-73.9804,40.7599,9965,4096,'NYW 50th St10003+NY6 Ave+10003|NYW 50th St10003+NYAve of the Americas+10003'
-73.9804,40.8808,0,2,'NJBancker St10003+NJMary St+10003|NJMary St10003'
-73.9804,40.6424,11,50,'NYChurch Ave10003+NYDahill Rd+10003'
-73.9804,40.6723,31,453,'NY6th Ave10003+NY2nd St+10003'
-73.9804,40.7385,3568,6103,'NYE 24th St10003+NY2nd Ave+10003|NYE 24th St10003+NY2 Ave+10003'
-73.9804,40.7426,10191,9772,'NY3rd Ave10003+NYE 29th St+10003|NYE 29th St10003+NY3 Ave+10003'
-73.9804,40.8523,0,3,'NJJohn St10003|NJJohn St10003+NJNorth Ave+10003'
-73.9804,40.8383,0,1,'NJCentral Blvd10002+NJAbbott Blvd+10002|NJState Rte 510002+NJAbbott Blvd+10002'
-73.9804,40.7484,3647,6080,'NYPark Ave10003+NYE 36th St+10003'
-73.9804,40.6252,0,2,'NY19th Ave10003+NY52nd St+10003'
-73.9804,40.7542,6958,3222,'NYW 43rd St10003|NYW 43rd St10003+NY5th Ave+10003|NYW 43rd St10003+NYE 43rd St+10003|NY5th Ave10003+NYE 43rd St+10003|NYE 43rd St10003'
-73.9804,40.6965,25,39,'NYNavy St10003+NYPark Ave+10003|NYNavy St10003+NYBrooklyn Queens Expy+10003|NYPark Ave10003|NYPark Ave10003+NYBrooklyn Queens Expy+10003'
-73.9804,40.6604,60,350,'NYProspect Park W10003+NY16th St+10003'
-73.9804,40.7190,1,2,'NYStanton St Exn10003+NYSheriff St+10003|NYSheriff St10003'
-73.9804,40.8678,0,1,'NJVreeland Ave10003+NJBirch Ln+10003|NJBirch Ln10003'
-73.9804,40.6477,8,27,'NYMcDonald Ave10003+NYFort Hamilton Pkwy+10003'
-73.9804,40.8588,0,1,'NJCaspar Ln10003'
-73.9804,40.7899,355,2366,'NYW 86th St10003|NYW 86th St10003+NYRiverside Dr+10003|NYRiverside Dr10003+NYW 86 St+10003|NYW 86 St10003'
-73.9804,40.6962,15,39,'NYNavy St10003+NYTillary St+10003|NYNavy St10003+NYPark Ave+10003|NYTillary St10003|NYTillary St10003+NYPark Ave+10003|NYPark Ave10003'
-73.9803,40.7304,7478,10203,'NYE 14th St10003+NYAve A+10003|NYAve A10003|NYAve A10003+NYStuyvesant Loop S+10003|NYAve A10003+NYE 14 St+10003|NYStuyvesant Loop S10003'
-73.9803,40.7263,1039,1559,'NYAve B10003+NYE 9th St+10003|NYAve B10003+NYE 9 St+10003'
-73.9803,40.7401,488,2720,'NYE 26th St10003+NYBroadway Aly+10003|NYBroadway Aly10008'
-73.9803,40.6473,16,56,'NYCaton Ave10003+NYMcDonald Ave+10003'
-73.9803,40.7151,0,3,'NYBroome St10003|NYBroome St10003+NYCannon St+10003|NYCannon St10003'
-73.9803,40.8270,3,2,'NJWinston Dr10003+NJNorman Dr+10003|NJNorman Dr10003'
-73.9803,40.7344,2150,2001,'NYE 19th St10003|NYE 19th St10003+NY1st Ave+10003|NYE 19th St10003+NY1 Ave+10003|NY1st Ave10003+NYE 19 St+10003|NYE 19 St10003|NYE 19 St10003+NY1 Ave+10003'
-73.9803,40.6860,105,268,'NYState St10003+NY3rd Ave+10003'
-73.9803,40.6579,1,60,'NYProspect Ave10003+NYFuller Pl+10003|NYFuller Pl10003'
-73.9803,40.6361,1,5,'NY16th Ave10003+NY40th St+10003'
-73.9803,40.6956,2,10,'NYNavy St10003+NYTillary St+10003|NYTillary St10003'
-73.9803,40.6886,698,247,'NYHudson Ave10003|NYHudson Ave10003+NYFulton St+10003'
-73.9802,40.8239,0,2,'NJLawton Ave10003+NJHudson Ter+10003|NJHudson Ter10003'
-73.9802,40.9304,0,1,'NJMarconi St10003|NJMarconi St10003+NJSunset Ter+10003|NJSunset Ter10003'
-73.9802,40.5940,0,1,'NYAve V10003+NYGaribald Sq+10003|NYGaribald Sq10003'
-73.9802,40.8290,0,2,'NJMarion Ave10003|NJMarion Ave10003+NJPalisade Ave+10003'
-73.9802,40.7031,1,28,'NYEvans St10003+NYLittle St+10003|NYLittle St10003'
-73.9802,40.6646,69,343,'NY11th St10003+NY8th Ave+10003'
-73.9802,40.7515,3786,2310,'NYMadison Ave10003+NYE 40th St+10003'
-73.9802,40.6150,0,23,'NYBay Pkwy10003+NY63rd St+10003|NY63rd St10003+NY22nd Ave+10003'
-73.9802,40.7806,5275,4827,'NYW 75th St10003+NYAmsterdam Ave+10003|NYAmsterdam Ave10003+NYW 75 St+10003'
-73.9802,40.7457,4459,4182,'NYE 33rd St10003+NYLexington Ave+10003|NYE 33 St10003+NYLexington Ave+10003'
-73.9802,40.7857,1153,2619,'NYW 81st St10003+NYW End Ave+10003|NYW 81 St10003+NYW End Ave+10003'
-73.9802,40.7755,4771,4063,'NYW 69th St10003+NYColumbus Ave+10003|NYW 69 St10003+NYColumbus Ave+10003'
-73.9802,40.7322,482,2870,'NYStuyvesant Walk10003'
-73.9802,40.6106,2,57,'NYAve O10003+NYW 6th St+10003'
-73.9802,40.6052,0,18,'NYKings Hwy10003+NYW 7th St+10003'
-73.9802,40.6612,55,298,'NY15th St10003'
-73.9802,40.7223,1019,3693,'NYE 4 St10003+NYLoisada Ave+10003|NYE 4 St10003+NYAve C+10003|NYLoisada Ave10003+NYE 4th St+10003|NYAve C10003+NYE 4th St+10003'
-73.9801,40.5951,0,16,'NYLake Pl10003+NYW 9th St+10003'
-73.9801,40.6396,0,3,'NY15th Ave10003+NY36th St+10003'
-73.9801,40.8203,0,1,'NJOakdene Ter10003|NJOakdene Pl10003|NJOakdene Pl10003+NJUndercliff Ave+10003'
-73.9801,40.7705,2043,3942,'NYLincoln Center Plz10003|NYLincoln Center Plz10003+NYCentral Park W+10003|NYW 63rd St10003|NYW 63rd St10003+NYCentral Park W+10003|NYCentral Park W10003+NYW 63 St+10003|NYW 63 St10003'
-73.9801,40.6594,0,38,'NYHoward Pl10003|NYHoward Pl10003+NYWindsor Pl+10003'
-73.9801,40.8521,0,2,'NJ10th St10003|NJ10th St10003+NJNorth Ave+10003'
-73.9801,40.6186,0,4,'NY21st Ave10003+NY59th St+10003'
-73.9801,40.6405,4,5,'NY35th St10003|NY35th St10003+NYDahill Rd+10003'
-73.9801,40.6569,4,122,'NY17th St10003+NY10th Ave+10003'
-73.9801,40.6687,136,294,'NY7th Ave10003+NY6th St+10003'
-73.9801,40.6608,44,136,'NYProspect Park W10003'
-73.9800,40.7157,29,104,'NYDelancey St S10003+NYCannon St+10003|NYCannon St10003'
-73.9800,40.7655,16496,7589,'NY7 Ave10003+NYW 57 St+10003|NY7 Ave10003+NYW 57th St+10003|NY7th Ave10003+NYW 57 St+10003|NY7th Ave10003+NYW 57th St+10003'
-73.9800,40.6819,770,842,'NYSt Marks Pl10003+NY4th Ave+10003'
-73.9800,40.6770,673,865,'NY5th Ave10003+NYBerkeley Pl+10003|NY5th Ave10003+NYSackett St+10003|NYBerkeley Pl10003|NYBerkeley Pl10003+NYSackett St+10003|NYSackett St10003'
-73.9800,40.6402,0,6,'NYAve C10003|NYAve C10003+NYDahill Rd+10003'
-73.9800,40.6520,1,83,'NYVanderbilt St10003+NYE 2nd St+10003|NYE 2nd St10003'
-73.9800,40.7175,22,250,'NYColumbia St10003+NYRivington St+10003|NYRivington St10003'
-73.9800,40.7035,1,18,'NYPlymouth St10003|NYPlymouth St10003+NYLittle St+10003|NYLittle St10003'
-73.9800,40.7838,6864,3105,'NYW 79th St10003+NYBroadway+10003|NYW 79 St10003+NYBroadway+10003'
-73.9800,40.7605,8685,3898,'NY6 Ave10003+NYW 51st St+10003|NYAve of the Americas10003+NYW 51st St+10003'
-73.9800,40.7392,3243,5034,'NY2nd Ave10003+NYE 25 St+10003|NY2nd Ave10003+NYE 25th St+10003|NYE 25 St10003+NY2 Ave+10003|NY2 Ave10003+NYE 25th St+10003'
-73.9800,40.7176,49,712,'NYRivington St10003|NYRivington St10003+NYColumbia St+10003'
-73.9800,40.7140,177,1228,'NYGrand St10003+NYLewis St+10003|NYLewis St10003'
-73.9800,40.7432,8167,9647,'NY3rd Ave10003+NYE 30 St+10003|NY3rd Ave10003+NYE 30th St+10003|NYE 30 St10003+NY3 Ave+10003|NY3 Ave10003+NYE 30th St+10003'
-73.9800,40.7490,4151,5240,'NYPark Ave10003+NYE 37th St+10003'
-73.9799,40.6988,9,20,'NY4th St10003|NY4th St10003+NY1st Ave+10003|NY1st Ave10003'
-73.9799,40.8296,0,1,'NJPalisade Ave10003+NJTower Dr+10003|NJTower Dr10003'
-73.9799,40.7688,431,180,'NYWest Dr10003|NYWest Dr10003+NYCentral Park Driveway+10003|NYCentral Park Driveway10003'
-73.9799,40.7000,3,3,'NY2nd St10003|NY2nd St10003+NY1st Ave+10003'
-73.9799,40.7548,9626,5667,'NYW 44th St10003|NYW 44th St10003+NYE 44th St+10003|NYW 44th St10003+NY5th Ave+10003|NYE 44th St10003|NYE 44th St10003+NY5th Ave+10003'
-73.9799,40.6540,3,105,'NYTerrace Pl10003+NY20th St+10003'
-73.9799,40.6729,33,604,'NY1st St10003+NY6th Ave+10003'
-73.9799,40.7408,697,2757,'NYBroadway Aly10008|NYBroadway Aly10008+NYE 27th St+10008|NYBroadway Aly10008+NYE 27 St+10008'
-73.9799,40.6397,0,2,'NY15th Ave10003|NY15th Ave10003+NYDahill Rd+10003'
-73.9799,40.7269,3253,6246,'NYE 10 St10003+NYAve B+10003|NYE 10th St10003+NYAve B+10003'
-73.9799,40.5935,0,4,'NYW 9th St10003|NYW 9th St10003+NY86th St+10003'
-73.9799,40.6451,7,154,'NYMcDonald Ave10003+NYAlbemarle Rd+10003'
-73.9799,40.6395,0,5,'NY36th St10003|NY36th St10003+NYDahill Rd+10003'
-73.9799,40.7017,0,1,'NYWest St10003|NYWest St10003+NY1st Ave+10003|NY1st Ave10003'
-73.9799,40.7350,4890,8287,'NYE 20th St10003+NY1st Ave+10003|NYE 20th St10003+NY1 Ave+10003'
-73.9799,40.7906,74,1179,'NYW 87th St10003|NYW 87th St10003+NYRiverside Dr+10003|NYRiverside Dr10003+NYW 87 St+10003|NYW 87 St10003'
-73.9799,40.6294,0,6,'NYCristoforo Colombo Blvd10003+NY47th St+10003|NY47th St10003+NY18th Ave+10003'
-73.9798,40.6873,344,234,'NYLivingston St10003|NYLivingston St10003+NYFlatbush Ave+10003'
-73.9798,40.6258,0,4,'NY19th Ave10003+NY51st St+10003'
-73.9798,40.6866,100,17,'NYLafayette Ave10003|NYLafayette Ave10003+NY3rd Ave+10003|NYLafayette Ave10003+NYSchermerhorn St+10003|NY3rd Ave10003+NYSchermerhorn St+10003'
-73.9798,40.7521,7424,5636,'NYE 41st St10003+NYMadison Ave+10003'
-73.9797,40.7812,3441,3532,'NYW 76th St10003+NYAmsterdam Ave+10003|NYAmsterdam Ave10003+NYW 76 St+10003'
-73.9797,40.8262,0,1,'NJLafayette Ave10003+NJWinston Dr+10003|NJWinston Dr10003'
-73.9797,40.7761,4236,3387,'NYW 70 St10003+NYColumbus Ave+10003|NYW 70th St10003+NYColumbus Ave+10003'
-73.9797,40.7863,1240,1765,'NYW 82nd St10003+NYW End Ave+10003|NYW End Ave10003+NYW 82 St+10003'
-73.9797,40.7202,260,868,'NYE Houston St10003+NYSheriff St+10003|NYSheriff St10003'
-73.9797,40.7229,731,1554,'NYLoisada Ave10003+NYE 5 St+10003|NYLoisada Ave10003+NYE 5th St+10003|NYE 5 St10003+NYAve C+10003|NYE 5th St10003+NYAve C+10003'
-73.9797,40.6947,6,18,'NYMonument Walk10003'
-73.9797,40.7464,5881,11232,'NYE 34th St10003+NYLexington Ave+10003|NYE 34 St10003+NYLexington Ave+10003'
-73.9797,40.6652,36,292,'NY10th St10003+NY8th Ave+10003'
-73.9797,40.7310,346,2639,'NYStuyvesant Walk10003'
-73.9797,40.6366,0,1,'NY16th Ave10003+NY39th St+10003'
-73.9797,40.6385,1,1,'NY37th St10003|NY37th St10003+NYDahill Rd+10003'
-73.9797,40.6612,50,117,'NYProspect Park W10003|NYProspect Park W10003+NYBartel Pritchard Sq+10003|NYBartel Pritchard Sq10003'
-73.9797,40.7712,2312,1581,'NYW 64 St10003|NYW 64 St10003+NYCentral Park W+10003|NYW 64th St10003|NYW 64th St10003+NYCentral Park W+10003'
-73.9796,40.5755,0,11,'NYW 12th St10003+NYSurf Ave+10003'
-73.9796,40.6156,1,17,'NY62nd St10003+NYBay Pkwy+10003|NY62nd St10003+NY22nd Ave+10003'
-73.9796,40.8519,0,2,'NJNorth Ave10003+NJAnn St+10003|NJAnn St10003'
-73.9796,40.5794,0,14,'NYW 12th St10003|NYW 12th St10003+NYNeptune Ave+10003'
-73.9796,40.6825,929,784,'NY4th Ave10003+NYBergen St+10003'
-73.9796,40.7042,1,0,'NYJohn St Exd10003'
-73.9796,40.6499,1,61,'NYGreenwood Ave10003+NYE 2nd St+10003'
-73.9796,40.6777,691,716,'NY5th Ave10003+NYLincoln Pl+10003|NY5th Ave10003+NYDegraw St+10003|NYLincoln Pl10003|NYLincoln Pl10003+NYDegraw St+10003|NYDegraw St10003'
-73.9796,40.6870,405,166,'NY3rd Ave10003|NY3rd Ave10003+NYFlatbush Ave+10003'
-73.9796,40.6609,82,138,'NYProspect Park SW10003'
-73.9796,40.6693,89,448,'NY5th St10003+NY7th Ave+10003'
-73.9796,40.6793,6,242,'NYQuisenbury Dr10003|NYQuisenbury Dr10003+NYGregory Pl+10003|NYQuisenbury Dr10003+NYButler St+10003|NYGregory Pl10003|NYGregory Pl10003+NYButler St+10003'
-73.9796,40.6329,0,6,'NY43rd St10003+NY17th Ave+10003'
-73.9796,40.6378,1,10,'NYCortelyou Rd10003|NYCortelyou Rd10003+NYDahill Rd+10003'
-73.9795,40.7662,6333,3782,'NY7 Ave10003+NYW 58th St+10003|NY7th Ave10003+NYW 58th St+10003'
-73.9795,40.6962,3,35,'NYMonument Walk10003|NYMonument Walk10003+NYPark Ave+10003'
-73.9795,40.6965,7,5,'NYPark Ave10003+NYMonument Walk+10003|NYMonument Walk10003'
-73.9795,40.6964,4,6,'NYBrooklyn Queens Expy10001+NYMonument Walk+10001'
-73.9795,40.7398,3094,3005,'NYE 26th St10003+NY2nd Ave+10003|NYE 26th St10003+NY2 Ave+10003'
-73.9795,40.6575,4,113,'NYProspect Ave10003+NY10th Ave+10003'
-73.9795,40.7611,7944,5592,'NY6 Ave10003+NYW 52nd St+10003|NYAve of the Americas10003+NYW 52nd St+10003'
-73.9795,40.7330,477,4961,'NYStuyvesant Loop W10003|NYStuyvesant Loop W10003+NYFirst Ave Lp+10003|NYStuyvesant Loop W10003+NYStuyvesant Loop W+10003|NYStuyvesant Loop W10003+NYStuyvesant Walk+10003|NYFirst Ave Lp10003|NYFirst Ave Lp10003+NYStuyvesant Loop W+10003|NYFirst Ave Lp10003+NYStuyvesant Walk+10003|NYStuyvesant Walk10003'
-73.9795,40.6610,15,15,'NYWest Dr10003'
-73.9795,40.6899,114,356,'NYRockwell Pl10003'
-73.9795,40.7438,7097,7904,'NY3rd Ave10003+NYE 31 St+10003|NY3rd Ave10003+NYE 31st St+10003|NYE 31 St10003+NY3 Ave+10003|NY3 Ave10003+NYE 31st St+10003'
-73.9795,40.7496,4492,7485,'NYPark Ave10003+NYE 38th St+10003'
-73.9795,40.6192,0,6,'NY58th St10003+NY21st Ave+10003'
-73.9795,40.7149,14,450,'NYBroome St10003|NYBroome St10003+NYLewis St+10003'
-73.9795,40.6533,0,69,'NYSeeley St10003+NY20th St+10003'
-73.9795,40.7554,6793,3813,'NYW 45 St10003|NYW 45 St10003+NYE 45th St+10003|NYW 45 St10003+NY5th Ave+10003|NYE 45th St10003|NYE 45th St10003+NY5th Ave+10003|NYE 45th St10003+NYW 45th St+10003|NY5th Ave10003+NYW 45th St+10003|NYW 45th St10003'
-73.9795,40.7845,2385,1241,'NYW 80th St10003+NYBroadway+10003|NYW 80 St10003+NYBroadway+10003'
-73.9795,40.6374,0,1,'NY38th St10003|NY38th St10003+NYDahill Rd+10003'
-73.9795,40.6127,0,10,'NYW 5th St10003|NYW 5th St10003+NY65th St+10003'
-73.9795,40.7275,3477,3442,'NYE 11th St10003+NYAve B+10003|NYAve B10003+NYE 11 St+10003'
-73.9794,40.6227,0,1,'NY54th St10003|NY54th St10003+NY20th Ave+10003'
-73.9794,40.7356,2687,2594,'NY1st Ave10003+NYE 21st St+10003|NYE 21st St10003|NYE 21st St10003+NY1 Ave+10003'
-73.9794,40.7187,42,413,'NYStanton St Exn10003|NYStanton St Exn10003+NYColumbia St+10003'
-73.9794,40.6735,52,622,'NYGarfield Pl10003+NY6th Ave+10003'
-73.9794,40.8802,0,1,'NJBancker St10003|NJBancker St10003+NJGrand Ave+10003'
-73.9794,40.7173,3,182,'NYRivington St10003'
-73.9794,40.7912,49,1452,'NYW 88 St10003|NYW 88 St10003+NYRiverside Dr+10003|NYW 88th St10003|NYW 88th St10003+NYRiverside Dr+10003'
-73.9794,40.8265,0,1,'NJWinston Dr10003|NJWinston Dr10003+NJWinston Dr+10003'
-73.9794,40.8829,0,1,'NJGrant St10003|NJGrant St10003+NJMary St+10003'
-73.9794,40.6867,489,102,'NYLafayette Ave10003+NYFlatbush Ave+10003'
-73.9794,40.7578,2467,1697,'NYRockefeller Plz10003|NYRockefeller Plz10003+NYW 48th St+10003|NYRockefeller Plz10003+NYW 48 St+10003'
-73.9794,40.6228,0,2,'NY54th St10003|NY54th St10003+NY20th Ave+10003'
-73.9794,40.8517,1,3,'NJ11th St10003|NJ11th St10003+NJNorth Ave+10003'
-73.9793,40.6616,19,187,'NYProspect Park W10003+NY14th St+10003|NY14th St10003'
-73.9793,40.6591,1,64,'NYWindsor Pl10003+NYFuller Pl+10003|NYFuller Pl10003'
-73.9793,40.7138,186,1694,'NYGrand St10003+NYMadison St+10003|NYMadison St10003'
-73.9793,40.7869,1137,3412,'NYW 83 St10003+NYW End Ave+10003|NYW End Ave10003+NYW 83rd St+10003'
-73.9793,40.7528,9686,12023,'NYE 42nd St10003+NYMadison Ave+10003'
-73.9793,40.6364,0,1,'NY39th St10003|NY39th St10003+NYDahill Rd+10003'
-73.9793,40.6883,198,179,'NYFulton St10003+NYRockwell Pl+10003'
-73.9793,40.7818,1982,4369,'NYW 77th St10003+NYAmsterdam Ave+10003|NYAmsterdam Ave10003+NYW 77 St+10003'
-73.9793,40.7235,1303,2437,'NYLoisada Ave10003+NYE 6th St+10003|NYLoisada Ave10003+NYE 6 St+10003|NYAve C10003+NYE 6th St+10003|NYAve C10003+NYE 6 St+10003'
-73.9793,40.7767,5848,5324,'NYW 71st St10003+NYColumbus Ave+10003|NYW 71 St10003+NYColumbus Ave+10003'
-73.9793,40.8214,0,1,'NJRussell Ave10003|NJRussell Ave10003+NJUndercliff Ave+10003'
-73.9793,40.8185,1,2,'NJVreeland Ter10003|NJVreeland Ter10003+NJRiver Rd+10003|NJVreeland Ter10003+NJOld River Rd+10003'
-73.9792,40.6481,17,122,'NYE 2nd St10003+NYFort Hamilton Pkwy+10003'
-73.9792,40.7471,2573,4516,'NYE 35 St10003+NYLexington Ave+10003|NYE 35th St10003+NYLexington Ave+10003'
-73.9792,40.6263,0,1,'NY50th St10003+NY19th Ave+10003'
-73.9792,40.8310,1,1,'NJPalisade Ave10003+NJKensington Dr+10003|NJKensington Dr10009'
-73.9792,40.6657,124,535,'NY9th St10003+NY8th Ave+10003'
-73.9792,40.7154,16,77,'NYDelancey St S10003+NYLewis St+10003'
-73.9792,40.6125,0,6,'NY23rd Ave10003|NY23rd Ave10003+NY65th St+10003'
-73.9792,40.5951,2,11,'NYLake Pl10003+NYW 8th St+10003'
-73.9792,40.7718,2432,1893,'NY65th St Transverse10003|NY65th St Transverse10003+NYW 65th St+10003|NY65th St Transverse10003+NYCentral Park W+10003|NY65th St Transverse10003+NYW 65 St+10003|NYW 65th St10003|NYW 65th St10003+NYCentral Park W+10003|NYCentral Park W10003+NYW 65 St+10003|NYW 65 St10003'
-73.9792,40.6948,1,3,'NYMonument Walk10003|NYMonument Walk10003+NYMonument Walk+10003'
-73.9792,40.6107,0,14,'NYAve O10003+NYW 5th St+10003'
-73.9792,40.6783,411,365,'NY5th Ave10003+NYDouglass St+10003|NYDouglass St10003'
-73.9792,40.6935,157,955,'NYNavy St10003|NYNavy St10003+NYAshland Pl+10003|NYNavy St10003+NYMyrtle Ave+10003|NYAshland Pl10003|NYAshland Pl10003+NYMyrtle Ave+10003'
-73.9792,40.6831,507,521,'NYDean St10003+NY4th Ave+10003'
-73.9791,40.6954,0,1,'NYMonument Walk10003|NYMonument Walk10003+NYMonument Walk+10003'
-73.9791,40.6051,0,20,'NYW 6th St10003+NYKings Hwy+10003'
-73.9791,40.6799,11,189,'NYQuisenbury Dr10003|NYQuisenbury Dr10003+NYGregory Pl+10003|NYQuisenbury Dr10003+NYBaltic St+10003|NYGregory Pl10003|NYGregory Pl10003+NYBaltic St+10003'
-73.9791,40.6524,0,38,'NYVanderbilt St10003+NYE 3rd St+10003|NYE 3rd St10003'
-73.9791,40.8936,1,0,'NJDubois Ct10003'
-73.9791,40.6354,0,5,'NYDitmas Ave10003|NYDitmas Ave10003+NY40th St+10003|NYDitmas Ave10003+NYDahill Rd+10003|NY40th St10003|NY40th St10003+NYDahill Rd+10003'
-73.9791,40.6784,227,410,'NY5th Ave10003+NYSt Johns Pl+10003|NYSt Johns Pl10003'
-73.9791,40.6863,697,233,'NYRockwell Pl10003|NYRockwell Pl10003+NYSchermerhorn St+10003|NYRockwell Pl10003+NYFlatbush Ave+10003|NYSchermerhorn St10003|NYSchermerhorn St10003+NYFlatbush Ave+10003'
-73.9791,40.7404,5446,6925,'NY2nd Ave10003+NYE 27th St+10003|NY2nd Ave10003+NYE 27 St+10003|NYE 27th St10003|NYE 27th St10003+NY2 Ave+10003|NY2 Ave10003+NYE 27 St+10003|NYE 27 St10003'
-73.9791,40.7669,8802,10524,'NY7 Ave10003|NY7 Ave10003+NYCentral Park S+10003|NY7 Ave10003+NYW 59 St+10003|NY7th Ave10003|NY7th Ave10003+NYCentral Park S+10003|NY7th Ave10003+NYW 59 St+10003'
-73.9791,40.6699,71,384,'NY4th St10003+NY7th Ave+10003'
-73.9791,40.6161,0,7,'NY61st St10003+NYBay Pkwy+10003|NY61st St10003+NY22nd Ave+10003'
-73.9791,40.7444,5329,7918,'NYE 32nd St10003+NY3rd Ave+10003|NYE 32nd St10003+NY3 Ave+10003|NY3rd Ave10003+NYE 32 St+10003|NYE 32 St10003+NY3 Ave+10003'
-73.9791,40.7502,6121,5481,'NYPark Ave10003+NYE 39 St+10003|NYPark Ave10003+NYE 39th St+10003'
-73.9791,40.6867,463,150,'NYLafayette Ave10003+NYRockwell Pl+10003'
-73.9791,40.7618,11619,15074,'NY6 Ave10003+NYW 53rd St+10003|NY6 Ave10003+NYW 53 St+10003|NYAve of the Americas10003+NYW 53rd St+10003|NYAve of the Americas10003+NYW 53 St+10003'
-73.9790,40.6299,1,1,'NYCristoforo Colombo Blvd10003+NY46th St+10003|NY18th Ave10003+NY46th St+10003|NY46th St10003'
-73.9790,40.7560,6560,3068,'NYW 46 St10003|NYW 46 St10003+NYE 46th St+10003|NYW 46 St10003+NY5th Ave+10003|NYE 46th St10003|NYE 46th St10003+NY5th Ave+10003|NYE 46th St10003+NYW 46th St+10003|NY5th Ave10003+NYW 46th St+10003|NYW 46th St10003'
-73.9790,40.6581,4,55,'NY10th Ave10003+NYSherman St+10003|NYSherman St10003'
-73.9790,40.6430,28,102,'NYChurch Ave10003+NYBeverley Rd+10003|NYBeverley Rd10003'
-73.9790,40.7852,2410,2024,'NYW 81st St10003+NYBroadway+10003|NYW 81 St10003+NYBroadway+10003'
-73.9790,40.7158,33,77,'NYWilliamsburg Brg10002+NYLewis St+10002'
-73.9790,40.7281,1646,3328,'NYE 12th St10003+NYAve B+10003|NYAve B10003+NYE 12 St+10003'
-73.9790,40.6289,1,1,'NY47th St10003+NYWebster Ave+10003|NYWebster Ave10003'
-73.9790,40.6545,3,142,'NYTerrace Pl10003|NYTerrace Pl10003+NY19th St+10003|NYTerrace Pl10003+NY11th Ave+10003|NY19th St10003+NY11th Ave+10003|NY11th Ave10003'
-73.9790,40.6335,1,1,'NY42nd St10003+NY17th Ave+10003'
-73.9790,40.7362,3085,5527,'NYE 22nd St10003|NYE 22nd St10003+NY1st Ave+10003|NYE 22nd St10003+NYPeter Cooper Rd+10003|NYE 22nd St10003+NY1 Ave+10003|NY1st Ave10003+NYE 22 St+10003|NY1st Ave10003+NYPeter Cooper Rd+10003|NYE 22 St10003|NYE 22 St10003+NYPeter Cooper Rd+10003|NYE 22 St10003+NY1 Ave+10003|NYPeter Cooper Rd10003|NYPeter Cooper Rd10003+NY1 Ave+10003'
-73.9790,40.7319,5,31,'NYStuyvesant Walk10003|NYStuyvesant Walk10003+NYStuyvesant Oval+10003|NYStuyvesant Oval10003'
-73.9790,40.7022,1,1,'NYShip Ways Ave10003+NYWest Way+10003|NYWest Way10003'
-73.9789,40.6403,11,41,'NYMcDonald Ave10003+NYAve C+10003'
-73.9789,40.6198,0,2,'NY21st Ave10003+NY57th St+10003'
-73.9789,40.7584,4510,1987,'NYRockefeller Plz10003+NYW 49th St+10003|NYRockefeller Plz10003+NYW 49 St+10003'
-73.9789,40.7160,14,101,'NYDelancey St10003+NYLewis St+10003|NYLewis St10003'
-73.9789,40.7006,1,2,'NY2nd St10003+NYChauncey Ave+10003|NYChauncey Ave10003'
-73.9789,40.6344,0,5,'NY41st St10003|NY41st St10003+NYDahill Rd+10003'
-73.9789,40.6992,0,1,'NYPerry Ave10003'
-73.9789,40.6525,1,10,'NYVanderbilt St10003+NY20th St+10003|NY20th St10003'
-73.9789,40.6962,4,47,'NYMonument Walk10003|NYMonument Walk10003+NYPark Ave+10003'
-73.9789,40.6270,0,1,'NY49th St10003'
-73.9789,40.7241,4293,4343,'NYLoisada Ave10003+NYE 7 St+10003|NYLoisada Ave10003+NYE 7th St+10003|NYE 7 St10003+NYAve C+10003|NYE 7th St10003+NYAve C+10003'
-73.9789,40.8199,0,1,'NJRiver Mews Ln10003'
-73.9789,40.5755,0,11,'NYSurf Ave10003+NYJones Walk+10003|NYJones Walk10003'
-73.9789,40.6622,10,207,'NYProspect Park W10003+NY13th St+10003|NY13th St10003'
-73.9788,40.5951,0,4,'NYLake Pl10003'
-73.9788,40.7825,2158,3624,'NYAmsterdam Ave10003+NYW 78 St+10003|NYAmsterdam Ave10003+NYW 78th St+10003'
-73.9788,40.6742,25,600,'NY6th Ave10003+NYCarroll St+10003'
-73.9788,40.8308,0,1,'NJKensington Dr10003|NJKensington Dr10003+NJKensington Dr+10003|NJKensington Dr10003+NJMayfair Ln+10003|NJKensington Dr10009|NJKensington Dr10009+NJMayfair Ln+10009|NJMayfair Ln10003'
-73.9788,40.7876,1256,2157,'NYW 84 St10003+NYW End Ave+10003|NYW 84th St10003+NYW End Ave+10003|NYEdgar Allen Poe St10003+NYW End Ave+10003'
-73.9788,40.8514,0,1,'NJWest St10003|NJWest St10003+NJNorth Ave+10003'
-73.9788,40.7774,9368,9413,'NYW 72nd St10003+NYColumbus Ave+10003|NYW 72 St10003+NYColumbus Ave+10003'
-73.9788,40.7477,2122,4655,'NYE 36th St10003+NYLexington Ave+10003'
-73.9788,40.6233,0,3,'NY20th Ave10003+NY53rd St+10003'
-73.9788,40.7535,5288,3459,'NYMadison Ave10003+NYE 43rd St+10003'
-73.9788,40.6337,0,2,'NY17th Ave10003|NY17th Ave10003+NYDahill Rd+10003'
-73.9788,40.7199,297,546,'NYE Houston St10003+NYColumbia St+10003|NYE Houston St10003+NYAve D+10003|NYColumbia St10003|NYColumbia St10003+NYAve D+10003|NYAve D10003'
-73.9788,40.7316,242,2510,'NYStuyvesant Walk10003'
-73.9787,40.5927,1,4,'NYW 8th St10003+NY86th St+10003'
-73.9787,40.6838,925,496,'NY4th Ave10003+NYPacific St+10003'
-73.9787,40.7724,1957,4076,'NY65th St Transverse10003|NY65th St Transverse10003+NYW 66 St+10003|NY65th St Transverse10003+NYCentral Park W+10003|NY65th St Transverse10003+NYW 66th St+10003|NYW 66 St10003|NYW 66 St10003+NYCentral Park W+10003|NYCentral Park W10003+NYW 66th St+10003|NYW 66th St10003'
-73.9787,40.6548,5,56,'NYProspect Expy10002+NY11th Ave+10002'
-73.9787,40.6503,2,65,'NYGreenwood Ave10003+NYE 3rd St+10003'
-73.9787,40.6664,35,321,'NY8th St10003+NY8th Ave+10003'
-73.9787,40.6333,0,1,'NY42nd St10003|NY42nd St10003+NYDahill Rd+10003'
-73.9787,40.8746,0,1,'NJLake St10003|NJLake St10003+NJBroad Ave+10003'
-73.9787,40.7200,396,472,'NYE 2nd St10003|NYE 2nd St10003+NYAve D+10003|NYE 2 St10003|NYE 2 St10003+NYAve D+10003'
-73.9787,40.6790,281,384,'NY5th Ave10003+NYButler St+10003|NY5th Ave10003+NYSterling Pl+10003|NYButler St10003|NYButler St10003+NYSterling Pl+10003|NYSterling Pl10003'
-73.9787,40.7918,76,1196,'NYW 89 St10003|NYW 89 St10003+NYRiverside Dr+10003|NYW 89th St10003|NYW 89th St10003+NYRiverside Dr+10003'
-73.9787,40.6537,2,54,'NYSeeley St10003+NY19th St+10003'
-73.9787,40.6330,0,4,'NYAve F10003|NYAve F10003+NYDahill Rd+10003'
-73.9786,40.8264,1,5,'NJPalisadium Dr10003'
-73.9786,40.6379,6,5,'NYCortelyou Rd10003+NYMcDonald Ave+10003'
-73.9786,40.7677,227,202,'NYWest Dr10003|NYWest Dr10003+NYCentral Park Driveway+10003|NYCentral Park Driveway10003'
-73.9786,40.6898,204,418,'NYAshland Pl10003+NYDekalb Ave+10003'
-73.9786,40.7410,4189,8893,'NY2nd Ave10003+NYE 28th St+10003|NY2 Ave10003+NYE 28th St+10003|NYE 28th St10003'
-73.9786,40.7324,1,14,'NYStuyvesant Walk10003'
-73.9786,40.7451,10976,9292,'NY3rd Ave10003+NYE 33rd St+10003|NY3rd Ave10003+NYE 33 St+10003|NYE 33rd St10003+NY3 Ave+10003|NYE 33 St10003+NY3 Ave+10003'
-73.9786,40.7508,4394,6544,'NYPark Ave10003+NYE 40th St+10003'
-73.9786,40.7624,15430,17663,'NY6 Ave10003+NYW 54 St+10003|NY6 Ave10003+NYW 54th St+10003|NYAve of the Americas10003+NYW 54 St+10003|NYAve of the Americas10003+NYW 54th St+10003'
-73.9786,40.6131,0,6,'NY23rd Ave10003+NY64th St+10003'
-73.9786,40.5951,0,5,'NYLake Pl10003'
-73.9786,40.7567,4988,1587,'NYW 47 St10003|NYW 47 St10003+NYE 47th St+10003|NYW 47 St10003+NY5th Ave+10003|NYW 47th St10003|NYW 47th St10003+NYE 47th St+10003|NYW 47th St10003+NY5th Ave+10003|NYE 47th St10003|NYE 47th St10003+NY5th Ave+10003'
-73.9786,40.6705,107,657,'NY3rd St10003+NY7th Ave+10003'
-73.9785,40.7287,1618,3165,'NYAve B10003+NYE 13 St+10003|NYAve B10003+NYE 13th St+10003'
-73.9785,40.7858,2156,1224,'NYW 82nd St10003+NYBroadway+10003|NYW 82 St10003+NYBroadway+10003'
-73.9785,40.7369,6270,6764,'NYE 23rd St10003+NY1st Ave+10003|NYE 23rd St10003+NY1 Ave+10003|NY1st Ave10003+NYE 23 St+10003|NY1 Ave10003+NYE 23 St+10003'
-73.9785,40.6323,1,2,'NY43rd St10003|NY43rd St10003+NYDahill Rd+10003'
-73.9785,40.6587,3,64,'NYWindsor Pl10003+NY10th Ave+10003'
-73.9785,40.5897,0,5,'NYAve X10003|NYAve X10003+NYW 8th St+10003|NYW 8th St10003'
-73.9785,40.6120,0,7,'NYW 4th St10003|NYW 4th St10003+NY65th St+10003'
-73.9785,40.6550,5,123,'NY18th St10003+NY11th Ave+10003'
-73.9785,40.6167,2,14,'NY60th St10003+NYBay Pkwy+10003|NY60th St10003+NY22nd Ave+10003'
-73.9784,40.7591,3702,1703,'NYW 50th St10003+NYRockefeller Plz+10003'
-73.9784,40.9286,0,1,'NJBrick Ct10003'
-73.9784,40.8543,0,1,'NJJohn St10003+NJCatherine St+10003'
-73.9784,40.7247,2314,4049,'NYLoisada Ave10003+NYE 8 St+10003|NYLoisada Ave10003+NYE 8th St+10003|NYE 8 St10003+NYAve C+10003|NYAve C10003+NYE 8th St+10003'
-73.9784,40.6748,42,473,'NY6th Ave10003+NYPresident St+10003'
-73.9784,40.7151,7,10,'NYDelancey St S10003+NYBaruch Pl+10003|NYBaruch Pl10003'
-73.9784,40.8229,0,1,'NJOakdene Ter10003|NJOakdene Ter10003+NJOakdene Pl+10003|NJOakdene Ter10003+NJCrown Ct+10003|NJUndercliff Ave10003+NJOakdene Pl+10003|NJUndercliff Ave10003+NJCrown Ct+10003|NJOakdene Pl10003|NJOakdene Pl10003+NJCrown Ct+10003|NJCrown Ct10003'
-73.9784,40.8351,0,4,'NJState Rte 510002+NJBridle Way+10002'
-73.9784,40.8750,0,1,'NJRock Creek Ter10003|NJRock Creek Ter10003+NJBroad Ave+10003'
-73.9784,40.7524,13844,14067,'NYVanderbilt Ave10003|NYVanderbilt Ave10003+NYE 42nd St+10003'
-73.9784,40.6485,0,128,'NYE 3rd St10003+NYFort Hamilton Pkwy+10003'
-73.9784,40.7882,1352,3452,'NYW 85 St10003+NYW End Ave+10003|NYW 85th St10003+NYW End Ave+10003'
-73.9783,40.6628,11,301,'NYProspect Park W10003+NY12th St+10003|NY12th St10003'
-73.9783,40.6879,315,627,'NYFulton St10003+NYAshland Pl+10003'
-73.9783,40.7483,4232,5983,'NYE 37th St10003+NYLexington Ave+10003'
-73.9783,40.6844,1627,821,'NYAtlantic Ave10003+NY4th Ave+10003|NYAtlantic Ave10003+NYTimes Plz+10003|NY4th Ave10003|NY4th Ave10003+NYTimes Plz+10003|NYTimes Plz10003'
-73.9783,40.7541,3652,5272,'NYE 44th St10003+NYMadison Ave+10003'
-73.9783,40.6962,9,53,'NYPark Ave10003+NYSaint Edwards St+10003|NYSaint Edwards St10003'
-73.9783,40.7046,0,1,'NYWest Way10003'
-73.9783,40.6433,6,43,'NYChurch Ave10003+NYE 2nd St+10003'
-73.9783,40.7831,8147,11382,'NYW 79th St10003+NYAmsterdam Ave+10003|NYAmsterdam Ave10003+NYW 79 St+10003'
-73.9783,40.6796,145,123,'NY5th Ave10003+NYBaltic St+10003|NYBaltic St10003'
-73.9783,40.6313,41,54,'NY44th St10003|NY44th St10003+NYDahill Rd+10003'
-73.9783,40.7324,9,5,'NYStuyvesant Walk10003'
-73.9783,40.7781,3877,4760,'NYW 73 St10003+NYColumbus Ave+10003|NYW 73rd St10003+NYColumbus Ave+10003'
-73.9783,40.7730,2191,3388,'NYW 67 St10003|NYW 67 St10003+NYCentral Park W+10003|NYCentral Park W10003+NYW 67th St+10003|NYW 67th St10003'
-73.9783,40.8246,0,1,'NJOld Wood Rd10003'
-73.9783,40.6852,776,769,'NYState St10003|NYState St10003+NYFlatbush Ave+10003'
-73.9783,40.6108,1,31,'NYAve O10003+NYW 4th St+10003'
-73.9783,40.5951,0,4,'NYW 7th St10003+NYLake Pl+10003'
-73.9782,40.6428,2,49,'NYE 2nd St10003+NYBeverley Rd+10003'
-73.9782,40.6797,149,285,'NY5th Ave10003+NYPark Pl+10003|NYPark Pl10003'
-73.9782,40.7207,137,944,'NYE 3rd St10003|NYE 3rd St10003+NYAve D+10003|NYE 3 St10003|NYE 3 St10003+NYAve D+10003'
-73.9782,40.6527,0,45,'NYVanderbilt St10003+NYE 4th St+10003|NYE 4th St10003'
-73.9782,40.6670,16,331,'NY7th St10003+NY8th Ave+10003'
-73.9782,40.8533,0,1,'NJElizabeth St10003|NJElizabeth St10003+NJAnn St+10003'
-73.9782,40.6239,0,3,'NY52nd St10003+NY20th Ave+10003'
-73.9782,40.8208,0,5,'NJRussell Ave10003+NJRiver Mews Ln+10003|NJRiver Mews Ln10003'
-73.9782,40.7392,164,1124,'NYE 26th St10003+NYMount Carmel Pl+10003|NYMount Carmel Pl10003'
-73.9782,40.6284,0,1,'NY47th St10003+NYLawrence Ave+10003|NYLawrence Ave10003'
-73.9782,40.6954,1,2,'NYMonument Walk10003|NYMonument Walk10003+NYSaint Edwards St+10003'
-73.9782,40.7416,4141,5369,'NYE 29th St10003+NY2nd Ave+10003|NYE 29th St10003+NY2 Ave+10003'
-73.9782,40.7155,20,35,'NYWilliamsburg Brg10002+NYBaruch Pl+10002'
-73.9782,40.7515,5153,8954,'NYE 41st St10003+NYPark Ave+10003'
-73.9782,40.6303,1,5,'NYCristoforo Colombo Blvd10003+NYDahill Rd+10003|NYCristoforo Colombo Blvd10003+NY45th St+10003|NY18th Ave10003+NYDahill Rd+10003|NY18th Ave10003+NY45th St+10003|NYDahill Rd10003|NYDahill Rd10003+NY45th St+10003|NY45th St10003'
-73.9781,40.6999,0,1,'NY3rd St10003+NYChauncey Ave+10003'
-73.9781,40.7630,18175,11048,'NYW 55 St10003+NY6 Ave+10003|NYW 55 St10003+NYAve of the Americas+10003|NYW 55th St10003+NY6 Ave+10003|NYW 55th St10003+NYAve of the Americas+10003'
-73.9781,40.7457,12900,12342,'NYE 34th St10003+NY3rd Ave+10003|NYE 34th St10003+NY3 Ave+10003|NY3rd Ave10003+NYE 34 St+10003|NYE 34 St10003+NY3 Ave+10003'
-73.9781,40.7573,6035,1358,'NYE 48th St10003|NYE 48th St10003+NYW 48th St+10003|NYE 48th St10003+NYW 48 St+10003|NYE 48th St10003+NY5th Ave+10003|NYW 48th St10003|NYW 48th St10003+NY5th Ave+10003|NYW 48 St10003|NYW 48 St10003+NY5th Ave+10003'
-73.9781,40.6946,0,3,'NYMonument Walk10003|NYMonument Walk10003+NYSaint Edwards St+10003'
-73.9781,40.9625,0,1,'NJGarfield St10003+NJJackson Ave+10003|NJJackson Ave10003'
-73.9781,40.6981,2,10,'NY4th St10003|NY4th St10003+NYNassau St+10003'
-73.9781,40.7157,5,52,'NYDelancey St10003+NYBaruch Pl+10003|NYBaruch Pl10003'
-73.9781,40.6049,0,14,'NYW 5th St10003+NYKings Hwy+10003'
-73.9781,40.6275,0,2,'NY48th St10003|NY48th St10003+NY19th Ave+10003'
-73.9781,40.7864,3900,3165,'NYW 83 St10003+NYBroadway+10003|NYW 83rd St10003+NYBroadway+10003'
-73.9781,40.6528,1,20,'NYE 5th St10003|NYE 5th St10003+NYVanderbilt St+10003|NYE 5th St10003+NY19th St+10003|NYVanderbilt St10003+NY19th St+10003|NY19th St10003'
-73.9781,40.6711,122,377,'NY7th Ave10003+NY2nd St+10003'
-73.9781,40.7376,1075,477,'NYE 24th St10003|NYE 24th St10003+NY1st Ave+10003|NYE 24th St10003+NY1 Ave+10003'
-73.9780,40.6547,1,5,'NYTerrace Pl10003|NYTerrace Pl10003+NY18th St+10003'
-73.9780,40.6849,1682,368,'NYAshland Pl10003|NYAshland Pl10003+NYFlatbush Ave+10003|NYAshland Pl10003+NYTimes Plz+10003|NYFlatbush Ave10003+NYTimes Plz+10003|NYTimes Plz10003'
-73.9780,40.6356,4,10,'NYDitmas Ave10003+NYMcDonald Ave+10003'
-73.9780,40.7124,26,256,'NYF D R Dr10003+NYCherry St+10003'
-73.9780,40.6593,4,129,'NY16th St10003+NY10th Ave+10003'
-73.9780,40.7294,7158,9318,'NYAve B10003|NYAve B10003+NYE 14th St+10003|NYAve B10003+NYStuyvesant Loop S+10003|NYAve B10003+NYE 14 St+10003|NYStuyvesant Loop S10003'
-73.9780,40.6137,1,17,'NY23rd Ave10003+NY63rd St+10003'
-73.9780,40.7597,5910,3997,'NYRockefeller Plz10003|NYRockefeller Plz10003+NYW 51st St+10003'
-73.9780,40.6943,0,10,'NYAuburn Pl10003|NYAuburn Pl10003+NYSaint Edwards St+10003'
-73.9780,40.7253,3074,4413,'NYLoisada Ave10003+NYE 9th St+10003|NYLoisada Ave10003+NYE 9 St+10003|NYAve C10003+NYE 9th St+10003|NYAve C10003+NYE 9 St+10003'
-73.9780,40.6754,195,930,'NYUnion St10003+NY6th Ave+10003'
-73.9779,40.8598,7,48,'NJJones Rd10003+NJChurch Ln+10003|NJChurch Ln10003'
-73.9779,40.6898,156,93,'NYSt Felix St10003'
-73.9779,40.7156,19,90,'NYWilliamsburg Brg10003|NYWilliamsburg Brg10003+NYDelancey St+10003|NYWilliamsburg Brg10003+NYBaruch Dr+10003|NYDelancey St10003|NYDelancey St10003+NYBaruch Dr+10003|NYBaruch Dr10003'
-73.9779,40.7331,295,738,'NYStuyvesant Walk10003'
-73.9779,40.7020,5,0,'NYEast Way10003|NYEast Way10003+NYShip Ways Ave+10003|NYShip Ways Ave10003'
-73.9779,40.6540,0,21,'NYProspect Expy10002+NYSeeley St+10002'
-73.9779,40.6851,312,395,'NYHanson Pl10003'
-73.9779,40.7489,3344,6394,'NYE 38th St10003+NYLexington Ave+10003'
-73.9779,40.6802,215,212,'NYWarren St10003|NYWarren St10003+NY5th Ave+10003'
-73.9779,40.7531,9504,6507,'NYVanderbilt Ave10003+NYE 43rd St+10003|NYE 43rd St10003'
-73.9779,40.7547,3641,3267,'NYE 45th St10003+NYMadison Ave+10003'
-73.9779,40.6182,0,3,'NY58th St10003'
-73.9779,40.6937,6,7,'NYSaint Edwards St10003+NYN Elliott Walk+10003|NYN Elliott Walk10003'
-73.9779,40.6556,3,103,'NY17th St10003+NY11th Ave+10003'
-73.9779,40.5754,0,2,'NYW 10th St10003|NYW 10th St10003+NYSurf Ave+10003'
-73.9779,40.7205,9,54,'NYLillian Wald Dr10003'
-73.9779,40.7889,2092,4713,'NYW 86th St10003+NYW End Ave+10003|NYW End Ave10003+NYW 86 St+10003'
-73.9779,40.6173,0,6,'NYBay Pkwy10003+NY59th St+10003|NY59th St10003+NY22nd Ave+10003'
-73.9778,40.6634,21,310,'NYProspect Park W10003+NY11th St+10003|NY11th St10003'
-73.9778,40.6506,0,62,'NYGreenwood Ave10003+NYE 4th St+10003'
-73.9778,40.7787,3692,3670,'NYW 74th St10003+NYColumbus Ave+10003|NYW 74 St10003+NYColumbus Ave+10003'
-73.9778,40.6036,3,48,'NYW 5th St10003+NYHighlawn Ave+10003'
-73.9778,40.6934,48,59,'NYMonument Walk10003|NYMonument Walk10003+NYSaint Edwards St+10003|NYMonument Walk10003+NYMyrtle Ave+10003'
-73.9778,40.7737,1357,2122,'NYW 68th St10003|NYW 68th St10003+NYCentral Park W+10003|NYCentral Park W10003+NYW 68 St+10003|NYW 68 St10003'
-73.9778,40.7838,5412,5836,'NYAmsterdam Ave10003+NYW 80th St+10003|NYAmsterdam Ave10003+NYW 80 St+10003'
-73.9778,40.7013,1,3,'NY2nd St10003+NYMorris Ave+10003|NYMorris Ave10003'
-73.9778,40.6803,227,231,'NY5th Ave10003+NYProspect Pl+10003|NYProspect Pl10003'
-73.9778,40.7213,94,1204,'NYE 4 St10003|NYE 4 St10003+NYAve D+10003|NYE 4th St10003|NYE 4th St10003+NYAve D+10003'
-73.9778,40.6282,0,2,'NY47th St10003+NYDahill Rd+10003|NYDahill Rd10003'
-73.9778,40.7301,435,1614,'NYStuyvesant Walk10003'
-73.9778,40.8313,0,1,'NJState Rte 510002+NJBriar Way+10002|NJBriar Way10003'
-73.9777,40.7399,23,28,'NYE 27 St10003|NYE 27 St10003+NYMount Carmel Pl+10003'
-73.9777,40.7340,2894,7579,'NYStuyvesant Loop N10003'
-73.9777,40.6676,15,215,'NY8th Ave10003+NY6th St+10003'
-73.9777,40.7922,63,2099,'NYW 90 St10003|NYW 90 St10003+NYRiverside Dr+10003|NYW 90th St10003|NYW 90th St10003+NYRiverside Dr+10003'
-73.9777,40.7636,13729,9377,'NYW 56th St10003+NY6 Ave+10003|NYW 56th St10003+NYAve of the Americas+10003|NY6 Ave10003+NYW 56 St+10003|NYAve of the Americas10003+NYW 56 St+10003'
-73.9777,40.7124,9,73,'NYCherry St10003|NYCherry St10003+NYF D R Dr+10003'
-73.9777,40.5921,0,1,'NYW 7th St10003|NYW 7th St10003+NYBoynton Pl+10003|NYW 7th St10003+NY86th St+10003|NYBoynton Pl10003|NYBoynton Pl10003+NY86th St+10003'
-73.9777,40.7521,9217,4284,'NYPark Ave10003+NYE 42nd St+10003'
-73.9777,40.7423,5920,6374,'NYE 30 St10003+NY2nd Ave+10003|NYE 30 St10003+NY2 Ave+10003|NY2nd Ave10003+NYE 30th St+10003|NY2 Ave10003+NYE 30th St+10003'
-73.9777,40.8565,0,1,'NJEllery Ave10003|NJEllery Ave10003+NJSummit Ave+10003'
-73.9777,40.7579,6436,1747,'NYW 49th St10003|NYW 49th St10003+NYE 49th St+10003|NYW 49th St10003+NY5th Ave+10003|NYW 49 St10003|NYW 49 St10003+NYE 49th St+10003|NYW 49 St10003+NY5th Ave+10003|NYE 49th St10003|NYE 49th St10003+NY5th Ave+10003'
-73.9776,40.5919,0,2,'NYAvenue W10003|NYAvenue W10003+NYBoynton Pl+10003'
-73.9776,40.7464,6457,4999,'NYE 35 St10003+NY3rd Ave+10003|NYE 35 St10003+NY3 Ave+10003|NY3rd Ave10003+NYE 35th St+10003|NYE 35th St10003+NY3 Ave+10003'
-73.9776,40.7675,1093,2234,'NYWest Dr10003|NYWest Dr10003+NYCentral ParkCenter Dr+10003|NYCentral ParkCenter Dr10003'
-73.9776,40.6332,17,25,'NYMcDonald Ave10003+NYAve F+10003'
-73.9776,40.6244,2,13,'NY51st St10003+NY20th Ave+10003'
-73.9776,40.7382,1715,756,'NYE 25 St10003+NY1st Ave+10003|NYE 25 St10003+NY1 Ave+10003|NY1st Ave10003+NYE 25th St+10003|NY1 Ave10003+NYE 25th St+10003'
-73.9776,40.6541,3,39,'NYSeeley St10003+NY18th St+10003'
-73.9776,40.7133,122,1824,'NYF D R Dr10003+NYGrand St+10003'
-73.9776,40.7870,5691,2416,'NYW 84 St10003+NYBroadway+10003|NYW 84th St10003+NYBroadway+10003|NYEdgar Allen Poe St10003|NYEdgar Allen Poe St10003+NYBroadway+10003'
-73.9776,40.8626,0,1,'NJRidgeland Ter10003+NJGreenway Dr+10003|NJGreenway Dr10003'
-73.9776,40.7031,0,1,'NYEast Way10003+NYFront Ave+10003|NYFront Ave10003'
-73.9776,40.8462,0,1,'NJCenter Ave10003+NJTremont Ave+10003'
-73.9776,40.6717,110,627,'NY1st St10003+NY7th Ave+10003'
-73.9775,40.6919,12,103,'NYSaint Edwards St10003|NYSaint Edwards St10003+NYWilloughby St+10003|NYWilloughby St10003'
-73.9775,40.7149,7,33,'NYMangin St10003|NYMangin St10003+NYDelancey St S+10003'
-73.9775,40.8894,1,0,'NJS Dean St10003+NJGarret Pl+10003|NJGarret Pl10003'
-73.9775,40.7259,1943,4323,'NYLoisada Ave10003+NYE 10 St+10003|NYLoisada Ave10003+NYE 10th St+10003|NYE 10 St10003+NYAve C+10003|NYE 10th St10003+NYAve C+10003'
-73.9775,40.6761,16,541,'NY6th Ave10003+NYBerkeley Pl+10003'
-73.9775,40.6981,6,58,'NY5th St10003|NY5th St10003+NYNassau St+10003|NY5th St10003+NYN Elliott Pl+10003|NY5th St10003+NYFlushing Ave+10003|NYNassau St10003|NYNassau St10003+NYN Elliott Pl+10003|NYNassau St10003+NYFlushing Ave+10003|NYN Elliott Pl10003|NYN Elliott Pl10003+NYFlushing Ave+10003|NYFlushing Ave10003'
-73.9775,40.7523,6842,2406,'NYPark Ave10003|NYPark Ave10003+NYPark Ave+10003'
-73.9775,40.6599,15,159,'NYProspect Park SW10003+NY10th Ave+10003|NY10th Ave10003'
-73.9775,40.8205,1,2,'NJRiver Rd10003+NJRussell Ave+10003|NJOld River Rd10003+NJRussell Ave+10003|NJRussell Ave10003'
-73.9775,40.6875,178,340,'NYSt Felix St10003+NYFulton St+10003'
-73.9775,40.6488,3,148,'NYE 4th St10003+NYFort Hamilton Pkwy+10003'
-73.9775,40.6530,3,29,'NYVanderbilt St10003'
-73.9775,40.7016,4,3,'NY2nd St10003+NYDock Ave+10003|NYDock Ave10003'
-73.9775,40.6841,2177,711,'NYFlatbush Ave10003+NYAtlantic Ave+10003'
-73.9775,40.6809,657,875,'NYSt Marks Pl10003|NYSt Marks Pl10003+NYSt Marks Ave+10003|NYSt Marks Pl10003+NY5th Ave+10003|NYSt Marks Ave10003|NYSt Marks Ave10003+NY5th Ave+10003'
-73.9775,40.6436,10,132,'NYChurch Ave10003+NYE 3rd St+10003'
-73.9774,40.7495,7427,7391,'NYE 39 St10003+NYLexington Ave+10003|NYE 39th St10003+NYLexington Ave+10003'
-73.9774,40.7311,62,307,'NYStuyvesant Walk10003'
-73.9774,40.7537,7032,10910,'NYVanderbilt Ave10003+NYE 44th St+10003|NYE 44th St10003'
-73.9774,40.7554,3198,2035,'NYE 46th St10003+NYMadison Ave+10003'
-73.9774,40.6114,0,8,'NYW 3rd St10003|NYW 3rd St10003+NY65th St+10003'
-73.9774,40.6142,1,24,'NY62nd St10003+NY23rd Ave+10003'
-73.9774,40.7715,453,678,'NY65th St Transverse10003|NY65th St Transverse10003+NY65th St Transverse+10003|NY65th St Transverse10003+NYWest Dr+10003'
-73.9774,40.6964,12,61,'NYPark Ave10003+NYN Elliott Pl+10003|NYN Elliott Pl10003'
-73.9774,40.7132,36,733,'NYGrand St10003|NYGrand St10003+NYF D R Dr+10003'
-73.9774,40.7743,1500,3816,'NYW 69th St10003|NYW 69th St10003+NYCentral Park W+10003|NYCentral Park W10003+NYW 69 St+10003|NYW 69 St10003'
-73.9774,40.7794,4238,5705,'NYW 75th St10003+NYColumbus Ave+10003|NYW 75 St10003+NYColumbus Ave+10003'
-73.9774,40.7845,7414,4893,'NYAmsterdam Ave10003+NYW 81st St+10003|NYAmsterdam Ave10003+NYW 81 St+10003'
-73.9774,40.7219,38,210,'NYE 5 St10011|NYE 5 St10011+NYAve D+10011'
-73.9774,40.6869,264,309,'NYSt Felix St10003+NYLafayette Ave+10003'
-73.9774,40.7896,1064,3139,'NYW 87th St10003+NYW End Ave+10003|NYW End Ave10003+NYW 87 St+10003'
-73.9774,40.7454,2905,8191,'NYTunnel Exit St10003|NYTunnel Exit St10003+NYE 34th St+10003|NYTunnel Exit St10003+NYE 34 St+10003'
-73.9773,40.7219,42,178,'NYE 5 St10003|NYE 5 St10003+NYAve D+10003|NYE 5th St10003|NYE 5th St10003+NYAve D+10003'
-73.9773,40.6381,4,99,'NYCortelyou Rd10003+NYE 2nd St+10003'
-73.9773,40.6640,15,202,'NY10th St10003|NY10th St10003+NYProspect Park W+10003'
-73.9773,40.7017,2,4,'NY2nd St10003+NYEastway+10003|NYEastway10003'
-73.9773,40.6109,0,7,'NYAve O10003|NYAve O10003+NYW 3rd St+10003|NYAve O10003+NYAve O+10003|NYW 3rd St10003+NYAve O+10003'
-73.9773,40.6429,5,180,'NYE 3rd St10003+NYBeverley Rd+10003'
-73.9773,40.7153,90,80,'NYWilliamsburg Brg10002+NYMangin St+10002'
-73.9773,40.7404,155,490,'NYE 28 St10003|NYE 28 St10003+NYMount Carmel Pl+10003|NYE 28 St10003+NYE 28th St+10003|NYMount Carmel Pl10003|NYMount Carmel Pl10003+NYE 28th St+10003|NYE 28th St10003'
-73.9773,40.6561,5,220,'NYProspect Ave10003+NY11th Ave+10003'
-73.9773,40.6961,6,39,'NYPark Ave10003+NYN Elliot Pl+10003|NYN Elliot Pl10003'
-73.9773,40.8800,1,5,'NJMadison Ave10003+NJAudubon Rd+10003|NJAudubon Rd10003'
-73.9773,40.6476,3,129,'NYCaton Ave10003+NYE 4th St+10003'
-73.9773,40.6259,0,2,'NYAve I10003|NYAve I10003+NYDahill Rd+10003|NYDahill Rd10003'
-73.9773,40.7155,4,38,'NYMangin St10003|NYMangin St10003+NYWilliamsburg Brg+10003'
-73.9772,40.5951,0,16,'NYW 6th St10003+NYLake Pl+10003'
-73.9772,40.8332,1,0,'NJClaremont Rd10003|NJClaremont Rd10003+NJBriar Way+10003'
-73.9772,40.7193,147,447,'NYE Houston St10003+NYLillian Wald Dr+10003|NYE Houston St10003+NYBaruch Dr+10003|NYLillian Wald Dr10003|NYLillian Wald Dr10003+NYBaruch Dr+10003|NYBaruch Dr10003'
-73.9772,40.5919,0,2,'NYAvenue W10003+NY86th St+10003'
-73.9772,40.8871,0,1,'NJGrand Ave10003+NJE Linden Ave+10003'
-73.9772,40.8224,1,6,'NJCrown Ct10003'
-73.9772,40.6682,22,559,'NY5th St10003+NY8th Ave+10003'
-73.9772,40.7429,7613,3538,'NYE 31 St10003|NYE 31 St10003+NY2nd Ave+10003|NYE 31 St10003+NY2 Ave+10003|NY2nd Ave10003+NYE 31st St+10003|NY2 Ave10003+NYE 31st St+10003|NYE 31st St10003'
-73.9772,40.7585,7052,1573,'NYE 50th St10003|NYE 50th St10003+NYW 50th St+10003|NYE 50th St10003+NY5th Ave+10003|NYW 50th St10003|NYW 50th St10003+NYE 50 St+10003|NYW 50th St10003+NY5th Ave+10003|NYE 50 St10003|NYE 50 St10003+NY5th Ave+10003'
-73.9772,40.6251,0,2,'NY50th St10003+NYDahill Rd+10003|NYDahill Rd10003'
-73.9772,40.7643,15872,11229,'NY6 Ave10003+NYW 57 St+10003|NY6 Ave10003+NYW 57th St+10003|NYAve of the Americas10003+NYW 57 St+10003|NYAve of the Americas10003+NYW 57th St+10003'
-73.9772,40.7470,4227,5094,'NY3rd Ave10003+NYE 36th St+10003|NY3 Ave10003+NYE 36th St+10003'
-73.9772,40.7029,0,3,'NYFront Ave10003+NYEastway+10003|NYEastway10003'
-73.9771,40.7388,790,769,'NYE 26th St10003|NYE 26th St10003+NY1st Ave+10003|NYE 26th St10003+NY1 Ave+10003'
-73.9771,40.8767,1,0,'NJBroad Ave10003+NJState Rte 4+10003'
-73.9771,40.5797,0,8,'NYNeptune Ave10003+NYSheepshead Bay Rd+10003|NYSheepshead Bay Rd10003'
-73.9771,40.6249,2,6,'NY50th St10003|NY50th St10003+NYDahill Rd+10003|NY50th St10003+NY20th Ave+10003|NYDahill Rd10003|NYDahill Rd10003+NY20th Ave+10003'
-73.9771,40.8236,0,1,'NJEdgewater Pl10003|NJEdgewater Pl10003+NJGarden Pl+10003'
-73.9771,40.7519,14809,13904,'NYE 42nd St10003+NYde Pew Pl+10003|NYde Pew Pl10003'
-73.9771,40.6048,0,15,'NYW 4th St10003+NYKings Hwy+10003'
-73.9771,40.6767,34,271,'NY6th Ave10003+NYLincoln Pl+10003'
-73.9771,40.8636,0,1,'NJRidgeland Ter10003'
-73.9771,40.6898,188,182,'NYFort Greene Pl10003'
-73.9771,40.6215,0,1,'NY54th St10003+NY21st Ave+10003'
-73.9771,40.7927,35,772,'NYW 91 St10003|NYW 91 St10003+NYRiverside Dr+10003|NYW 91st St10003|NYW 91st St10003+NYRiverside Dr+10003'
-73.9771,40.7265,1274,3040,'NYLoisada Ave10003+NYE 11th St+10003|NYLoisada Ave10003+NYE 11 St+10003|NYE 11th St10003+NYAve C+10003|NYE 11 St10003+NYAve C+10003'
-73.9771,40.6551,0,17,'NY17th St10003|NY17th St10003+NYTerrace Pl+10003'
-73.9771,40.7877,3808,3164,'NYW 85 St10003+NYBroadway+10003|NYW 85th St10003+NYBroadway+10003'
-73.9771,40.6723,201,608,'NYGarfield Pl10003+NY7th Ave+10003'
-73.9770,40.6852,97,232,'NYSt Felix St10003|NYSt Felix St10003+NYHanson Pl+10003'
-73.9770,40.6815,860,609,'NY5th Ave10003+NYBergen St+10003'
-73.9770,40.7006,0,2,'NY3rd St10003+NYMorris Ave+10003'
-73.9770,40.6112,0,2,'NYAve O10003|NYAve O10003+NY24th Ave+10003|NYAve O10003+NY65th St+10003|NY24th Ave10003|NY24th Ave10003+NY65th St+10003'
-73.9770,40.6299,5,4,'NYMcDonald Ave10003+NYWebster Ave+10003'
-73.9770,40.6532,0,8,'NY18th St10003|NY18th St10003+NYVanderbilt St+10003|NYVanderbilt St10003'
-73.9770,40.7312,6,5,'NYStuyvesant Walk10003'
-73.9770,40.7502,4691,3924,'NYE 40th St10003+NYLexington Ave+10003'
-73.9770,40.6943,0,11,'NYAuburn Pl10003+NYN Elliott Walk+10003|NYAuburn Pl10003+NYN Elliot Pl+10003|NYN Elliott Walk10003|NYN Elliott Walk10003+NYN Elliot Pl+10003|NYN Elliot Pl10003'
-73.9770,40.7319,146,721,'NYStuyvesant Walk10003'
-73.9770,40.6510,2,105,'NYE 5th St10003+NYGreenwood Ave+10003|NYGreenwood Ave10003'
-73.9770,40.7543,3016,2750,'NYVanderbilt Ave10003+NYE 45th St+10003'
-73.9770,40.7560,4656,1182,'NYMadison Ave10003+NYE 47th St+10003'
-73.9770,40.8279,2,3,'NJTower Dr10009'
-73.9769,40.6241,0,1,'NY51st St10003|NY51st St10003+NYDahill Rd+10003'
-73.9769,40.7749,1672,2376,'NYW 70 St10003|NYW 70 St10003+NYCentral Park W+10003|NYW 70th St10003|NYW 70th St10003+NYCentral Park W+10003'
-73.9769,40.6939,14,23,'NYN Elliott Walk10003|NYN Elliott Walk10003+NYN Elliott Walk+10003'
-73.9769,40.7902,1496,2515,'NYW 88 St10003+NYW End Ave+10003|NYW End Ave10003+NYW 88th St+10003'
-73.9769,40.7800,2683,3318,'NYW 76th St10003+NYColumbus Ave+10003|NYW 76 St10003+NYColumbus Ave+10003'
-73.9769,40.6037,0,12,'NYW 4th St10003+NYHighlawn Ave+10003'
-73.9769,40.7851,2985,3403,'NYAmsterdam Ave10003+NYW 82nd St+10003|NYAmsterdam Ave10003+NYW 82 St+10003'
-73.9769,40.5933,1,6,'NYWolf Pl10003|NYWolf Pl10003+NYW 6th St+10003'
-73.9769,40.7225,140,1210,'NYE 6th St10003+NYAve D+10003|NYAve D10003+NYE 6 St+10003'
-73.9769,40.6357,2,34,'NYDitmas Ave10003+NYE 2nd St+10003'
-73.9769,40.7281,313,1225,'NYE 13 St10003|NYE 13th St10003'
-73.9768,40.6291,0,2,'NYLawrence Ave10003+NYMcDonald Ave+10003'
-73.9768,40.9409,1,1,'NJKnickerbocker Rd10003'
-73.9768,40.6454,1,58,'NYE 4th St10003+NYAlbemarle Rd+10003'
-73.9768,40.7930,33,511,'NYRiverside Dr10003|NYRiverside Dr10003+NYRiverside Dr+10003'
-73.9768,40.6084,3,58,'NYW 3rd St10003+NYAve P+10003'
-73.9768,40.6646,51,383,'NYProspect Park W10003+NY9th St+10003|NY9th St10003'
-73.9768,40.8730,0,1,'NJHedgerow Dr10003|NJHedgerow Dr10003+NJCross Creek Dr+10003'
-73.9768,40.6235,0,2,'NYAve J10003|NYAve J10003+NYDahill Rd+10003'
-73.9768,40.6148,1,5,'NY61st St10003+NY23rd Ave+10003'
-73.9768,40.6187,1,1,'NYBay Pkwy10003+NY57th St+10003|NY57th St10003|NY57th St10003+NY22nd Ave+10003'
-73.9768,40.7146,13,449,'NYF D R Dr10003+NYDelancey St S+10003'
-73.9768,40.8306,0,1,'NJState Rte 510002+NJArcadian Way+10002|NJArcadian Way10003'
-73.9768,40.7460,442,1273,'NYTunnel Exit St10003+NYE 35 St+10003|NYTunnel Exit St10003+NYE 35th St+10003'
-73.9768,40.6981,9,17,'NYN Portland Ave10003'
-73.9768,40.8532,1,0,'NJCatherine St10003+NJWilliam St+10003'
-73.9768,40.7435,3740,6446,'NYE 32nd St10003|NYE 32nd St10003+NY2nd Ave+10003|NYE 32nd St10003+NY2 Ave+10003|NYE 32 St10003|NYE 32 St10003+NY2nd Ave+10003|NYE 32 St10003+NY2 Ave+10003'
-73.9768,40.6230,0,7,'NYDahill Rd10003+NY52nd St+10003|NY52nd St10003'
-73.9767,40.5753,1,9,'NYW 8th St10003|NYW 8th St10003+NYSurf Ave+10003'
-73.9767,40.7317,1,7,'NYStuyvesant Walk10003'
-73.9767,40.7592,7503,2728,'NYE 51st St10003|NYE 51st St10003+NYW 51st St+10003|NYE 51st St10003+NY5th Ave+10003|NYE 51 St10003|NYE 51 St10003+NYW 51st St+10003|NYE 51 St10003+NY5th Ave+10003|NYW 51st St10003|NYW 51st St10003+NY5th Ave+10003'
-73.9767,40.6110,0,4,'NYAve O10003|NYAve O10003+NY65th St+10003'
-73.9767,40.7476,5586,4449,'NY3rd Ave10003+NYE 37th St+10003|NY3 Ave10003+NYE 37th St+10003'
-73.9767,40.6688,31,338,'NY4th St10003+NY8th Ave+10003'
-73.9767,40.7650,7893,7377,'NY6 Ave10003+NYW 58th St+10003|NYAve of the Americas10003+NYW 58th St+10003'
-73.9767,40.7394,1238,1023,'NYE 27 St10003|NYE 27 St10003+NY1st Ave+10003|NYE 27 St10003+NY1 Ave+10003'
-73.9767,40.6284,0,2,'NYMcDonald Ave10003+NYParkville Ave+10003'
-73.9767,40.9293,0,1,'NJChristie St10003+NJClarke Pl+10003|NJClarke Pl10003'
-73.9767,40.6830,2089,457,'NYFlatbush Ave10003+NYPacific St+10003|NYPacific St10003'
-73.9767,40.7146,17,78,'NYDelancey St S10003|NYDelancey St S10003+NYF D R Dr+10003'
-73.9767,40.8511,0,1,'NJCenter St10003|NJCenter St10003+NJAnderson Ave+10003'
-73.9767,40.7216,11,201,'NYE 5 St10011'
-73.9766,40.7008,0,1,'NY3rd St10003+NYDock Ave+10003'
-73.9766,40.7271,569,1855,'NYLoisada Ave10003+NYE 12th St+10003|NYLoisada Ave10003+NYHaven Plz+10003|NYLoisada Ave10003+NYE 12 St+10003|NYE 12th St10003+NYAve C+10003|NYE 12th St10003+NYHaven Plz+10003|NYE 12th St10003+NYE 12 St+10003|NYAve C10003+NYHaven Plz+10003|NYAve C10003+NYE 12 St+10003|NYHaven Plz10003|NYHaven Plz10003+NYE 12 St+10003|NYE 12 St10003|NYE 12 St10003+NYE 12 St+10003'
-73.9766,40.5920,0,5,'NYW 6th St10003+NYAvenue W+10003'
-73.9766,40.8301,1,0,'NJBluff Rd10003|NJBluff Rd10003+NJState Rte 5+10003'
-73.9766,40.5753,0,5,'NYW 8th St10003|NYW 8th St10003+NYSurf Ave+10003'
-73.9766,40.6774,31,492,'NY6th Ave10003+NYSt Johns Pl+10003'
-73.9766,40.6491,3,114,'NYE 5th St10003+NYFort Hamilton Pkwy+10003|NYFort Hamilton Pkwy10003|NYFort Hamilton Pkwy10003+NYFort Hamilton Pkwy+10003'
-73.9766,40.6821,1147,602,'NY5th Ave10003+NYDean St+10003'
-73.9766,40.6872,278,460,'NYFort Greene Pl10003+NYFulton St+10003'
-73.9766,40.6276,1,2,'NY47th St10003|NY47th St10003+NYMcDonald Ave+10003|NY47th St10003+NYFoster Ave+10003|NYMcDonald Ave10003+NYFoster Ave+10003|NYFoster Ave10003'
-73.9766,40.7933,21,514,'NYW 92 St10003|NYW 92 St10003+NYRiverside Dr+10003|NYRiverside Dr10003+NYW 92nd St+10003|NYW 92nd St10003'
-73.9766,40.6553,2,51,'NYTerrace Pl10003+NYProspect Ave+10003'
-73.9766,40.6828,1471,147,'NYPacific St10003|NYPacific St10003+NYFlatbush Ave+10003'
-73.9766,40.6220,0,1,'NY21st Ave10003|NY21st Ave10003+NYDahill Rd+10003|NY21st Ave10003+NY53rd St+10003|NYDahill Rd10003|NYDahill Rd10003+NY53rd St+10003|NY53rd St10003'
-73.9765,40.6870,209,276,'NYFort Greene Pl10003+NYLafayette Ave+10003'
-73.9765,40.7508,5466,3144,'NYE 41st St10003+NYLexington Ave+10003'
-73.9765,40.7550,2848,1354,'NYVanderbilt Ave10003+NYE 46th St+10003'
-73.9765,40.5915,0,3,'NYW 6th St10003|NYW 6th St10003+NY86th St+10003'
-73.9765,40.7566,3477,1594,'NYE 48th St10003+NYMadison Ave+10003'
-73.9765,40.7883,7297,5256,'NYW 86th St10003+NYBroadway+10003|NYW 86 St10003+NYBroadway+10003'
-73.9765,40.7231,104,1136,'NYE 7 St10003|NYE 7 St10003+NYAve D+10003|NYE 7th St10003|NYE 7th St10003+NYAve D+10003'
-73.9765,40.7153,34,243,'NYF D R Dr10003+NYWilliamsburg Brg+10003|NYWilliamsburg Brg10003'
-73.9765,40.7755,1683,4391,'NYW 71st St10003|NYW 71st St10003+NYCentral Park W+10003|NYCentral Park W10003+NYW 71 St+10003|NYW 71 St10003'
-73.9764,40.6270,0,3,'NYMcDonald Ave10003+NYElmwood Ave+10003|NYElmwood Ave10003'
-73.9764,40.7022,0,3,'NY2nd St10003|NY2nd St10003+NYFront Ave+10003'
-73.9764,40.7908,1211,2986,'NYW 89 St10003+NYW End Ave+10003|NYW 89th St10003+NYW End Ave+10003'
-73.9764,40.7673,175,170,'NYCentral Park Driveway10003|NYCentral Park Driveway10003+NYCentral ParkCenter Dr+10003'
-73.9764,40.7150,355,462,'NYWilliamsburg Brg10002+NYF D R Dr+10002'
-73.9764,40.7857,4473,6543,'NYW 83 St10003+NYAmsterdam Ave+10003|NYAmsterdam Ave10003+NYW 83rd St+10003'
-73.9764,40.6333,1,15,'NYE 2nd St10003+NYAve F+10003'
-73.9764,40.7807,7345,4325,'NYW 77th St10003+NYColumbus Ave+10003|NYW 77 St10003+NYColumbus Ave+10003'
-73.9764,40.6545,4,91,'NYSeeley St10003+NYProspect Ave+10003'
-73.9764,40.6963,11,86,'NYBrooklyn Queens Expy10001+NYN Portland Ave+10001'
-73.9764,40.5961,0,11,'NYW 5th St10003+NYLama Ct+10003|NYW 5th St10003+NYLlama Ct+10003|NYLama Ct10003|NYLama Ct10003+NYLlama Ct+10003|NYLlama Ct10003'
-73.9764,40.8514,0,1,'NJWhiteman St10003|NJWhiteman St10003+NJAnderson Ave+10003'
-73.9764,40.8778,0,1,'NJVan Nostrand Ave10003+NJBroad Ave+10003'
-73.9764,40.6118,0,7,'NY64th St10003+NY24th Ave+10003'
-73.9764,40.7359,831,2811,'NYE 23rd St10003+NYAsser Levy Pl+10003|NYAsser Levy Pl10003|NYAsser Levy Pl10003+NYE 23 St+10003'
-73.9764,40.6108,0,5,'NYW 2nd St10003|NYW 2nd St10003+NY65th St+10003'
-73.9764,40.7191,142,376,'NYE Houston St10003+NYBaruch Pl+10003|NYBaruch Pl10003'
-73.9763,40.7441,5954,5177,'NYE 33rd St10003+NY2nd Ave+10003|NYE 33rd St10003+NY2 Ave+10003|NY2nd Ave10003+NYE 33 St+10003|NYE 33 St10003+NY2 Ave+10003'
-73.9763,40.6007,2,78,'NYW 4th St10003+NYApplegate Ct+10003|NYApplegate Ct10003'
-73.9763,40.6477,3,141,'NYCaton Ave10003+NYE 5th St+10003'
-73.9763,40.6652,20,326,'NYProspect Park W10003+NY8th St+10003|NY8th St10003'
-73.9763,40.6732,122,758,'NY7th Ave10003+NYCarroll St+10003'
-73.9763,40.7466,246,1726,'NYTunnel Exit St10003|NYTunnel Exit St10003+NYE 36th St+10003'
-73.9763,40.6825,1836,373,'NY5th Ave10003+NYFlatbush Ave+10003'
-73.9763,40.7324,337,3435,'NYStuyvesant Walk10003'
-73.9763,40.7940,68,1509,'NYRiverside Dr10003+NYW 93rd St+10003|NYRiverside Dr10003+NYW 93 St+10003|NYW 93rd St10003|NYW 93 St10003'
-73.9763,40.8714,0,1,'NJEagles Notch Dr10003'
-73.9763,40.7598,9212,2669,'NYE 52nd St10003|NYE 52nd St10003+NYW 52nd St+10003|NYE 52nd St10003+NY5th Ave+10003|NYW 52nd St10003|NYW 52nd St10003+NYE 52 St+10003|NYW 52nd St10003+NY5th Ave+10003|NYE 52 St10003|NYE 52 St10003+NY5th Ave+10003'
-73.9763,40.7482,6340,5391,'NY3rd Ave10003+NYE 38th St+10003|NY3 Ave10003+NYE 38th St+10003'
-73.9763,40.6560,0,28,'NYHorace Ct10003'
-73.9763,40.7541,3276,1285,'NYPark Ave10003|NYPark Ave10003+NYE 45th St+10003|NYPark Ave10003+NYPark Ave+10003|NYE 45th St10003+NYPark Ave+10003'
-73.9763,40.6719,12,172,'NYGarfield Pl10003+NYPolhemus Pl+10003|NYPolhemus Pl10003'
-73.9763,40.7400,2175,820,'NY1st Ave10003+NYE 28 St+10003|NY1st Ave10003+NYE 28th St+10003|NYE 28 St10003|NYE 28 St10003+NY1 Ave+10003|NYE 28 St10003+NYE 28th St+10003|NY1 Ave10003+NYE 28th St+10003|NYE 28th St10003'
-73.9762,40.6260,1,10,'NYAve I10003+NYMcDonald Ave+10003|NYAve I10003+NY20th Ave+10003|NYMcDonald Ave10003+NY20th Ave+10003|NY20th Ave10003'
-73.9762,40.7657,9527,14364,'NY6 Ave10003|NY6 Ave10003+NYCentral Park S+10003|NY6 Ave10003+NYW 59 St+10003|NY6 Ave10003+NYCentral ParkCenter Dr+10003|NYAve of the Americas10003|NYAve of the Americas10003+NYCentral Park S+10003|NYAve of the Americas10003+NYW 59 St+10003|NYAve of the Americas10003+NYCentral ParkCenter Dr+10003|NYCentral Park S10003+NYCentral ParkCenter Dr+10003|NYW 59 St10003+NYCentral ParkCenter Dr+10003|NYCentral ParkCenter Dr10003'
-73.9762,40.7948,87,1442,'NYRiverside Dr10003+NYW 94th St+10003|NYRiverside Dr10003+NYW 94 St+10003|NYW 94th St10003|NYW 94 St10003'
-73.9762,40.6535,1,80,'NYProspect Ave10003+NYVanderbilt St+10003'
-73.9762,40.6154,0,4,'NY60th St10003+NY23rd Ave+10003'
-73.9762,40.5951,0,3,'NYW 5th St10003+NYLake Pl+10003'
-73.9762,40.6988,2,3,'NYOrdnance Ave10003|NYOrdnance Ave10003+NY5th St+10003'
-73.9762,40.8947,0,3,'NJW Palisade Ave10003+NJNathaniel Pl+10003|NJNathaniel Pl10009'
-73.9762,40.8264,0,1,'NJAdelaide Pl10003'
-73.9762,40.5798,0,24,'NYW 8th St10003|NYW 8th St10003+NYNeptune Ave+10003|NYW 8th St10003+NYShell Rd+10003|NYNeptune Ave10003+NYShell Rd+10003|NYShell Rd10003'
-73.9762,40.7253,56,1017,'NYE 10 St10003+NYSzold Pl+10003|NYSzold Pl10003|NYSzold Pl10003+NYE 10th St+10003'
-73.9762,40.6827,524,25,'NY5th Ave10003+NYPacific St+10003'
-73.9762,40.6870,496,437,'NYLafayette Ave10003+NYFulton St+10003'
-73.9762,40.6694,29,547,'NY8th Ave10003+NY3rd St+10003'
-73.9762,40.6781,45,388,'NY6th Ave10003+NYSterling Pl+10003'
-73.9762,40.7277,207,711,'NYLoisada Ave10003+NYE 13 St+10003|NYLoisada Ave10003+NYE 13th St+10003|NYE 13 St10003|NYE 13 St10003+NYE 13th St+10003|NYE 13 St10003+NYAve C+10003|NYE 13th St10003|NYE 13th St10003+NYAve C+10003'
-73.9762,40.8639,5,4,'NJJones Rd10003+NJNordhoff Dr+10003|NJNordhoff Dr10003'
-73.9762,40.8972,0,1,'NJGrove St10003|NJGrove St10003+NJJames St+10003|NJGrove St10003+NJJames Ct+10003'
-73.9762,40.6575,2,175,'NYWindsor Pl10003+NY11th Ave+10003'
-73.9761,40.6046,0,24,'NYW 3rd St10003+NYKings Hwy+10003'
-73.9761,40.6897,99,208,'NYS Elliott Pl10003'
-73.9761,40.6527,2,76,'NYReeve Pl10003|NYReeve Pl10003+NYProspect Ave+10003'
-73.9761,40.7556,10518,1832,'NYVanderbilt Ave10003|NYVanderbilt Ave10003+NYE 47th St+10003'
-73.9761,40.6944,3,50,'NYAuburn Pl10003|NYAuburn Pl10003+NYN Portland Ave+10003'
-73.9760,40.6313,3,15,'NYCristoforo Colombo Blvd10003+NYE 2nd St+10003|NYCristoforo Colombo Blvd10003+NYSeton Pl+10003|NY18th Ave10003+NYE 2nd St+10003|NY18th Ave10003+NYSeton Pl+10003|NYE 2nd St10003|NYE 2nd St10003+NYSeton Pl+10003|NYSeton Pl10003'
-73.9760,40.7514,13032,12481,'NYE 42nd St10003+NYLexington Ave+10003'
-73.9760,40.7304,171,2611,'NYStuyvesant Walk10003'
-73.9760,40.7572,3885,2907,'NYMadison Ave10003+NYE 49th St+10003'
-73.9760,40.7237,100,1179,'NYE 8 St10003|NYE 8 St10003+NYAve D+10003|NYE 8th St10003|NYE 8th St10003+NYAve D+10003'
-73.9760,40.7179,9,72,'NYMangin St10003|NYMangin St10003+NYBaruch Pl+10003|NYBaruch Pl10003'
-73.9760,40.9495,2,1,'NJBeechwood Rd10003|NJBeechwood Rd10003+NJLexington Ave+10003|NJLexington Ave10003'
-73.9760,40.5899,0,1,'NYAve X10003'
-73.9760,40.7914,977,2095,'NYW 90 St10003+NYW End Ave+10003|NYW 90th St10003+NYW End Ave+10003'
-73.9760,40.7813,4278,2304,'NYW 78 St10003|NYW 78 St10003+NYColumbus Ave+10003|NYColumbus Ave10003+NYW 78th St+10003|NYW 78th St10003'
-73.9760,40.7864,2757,2991,'NYW 84 St10003+NYAmsterdam Ave+10003|NYW 84th St10003+NYAmsterdam Ave+10003'
-73.9760,40.8519,0,1,'NJElizabeth St10003|NJElizabeth St10003+NJAnderson Ave+10003'
-73.9760,40.6038,0,9,'NYW 3rd St10003+NYHighlawn Ave+10003|NYHighlawn Ave10003'
-73.9760,40.6358,10,101,'NYDitmas Ave10003+NYE 3rd St+10003'
-73.9760,40.7762,4409,6908,'NY72nd St Transverse10003|NY72nd St Transverse10003+NYW 72nd St+10003|NY72nd St Transverse10003+NYCentral Park W+10003|NY72nd St Transverse10003+NYW 72 St+10003|NYW 72nd St10003|NYW 72nd St10003+NYCentral Park W+10003|NYCentral Park W10003+NYW 72 St+10003|NYW 72 St10003'
-73.9759,40.7890,2443,3414,'NYW 87th St10003+NYBroadway+10003|NYW 87 St10003+NYBroadway+10003'
-73.9759,40.6939,1,19,'NYN Elliott Walk10003|NYN Elliott Walk10003+NYN Portland Ave+10003'
-73.9759,40.6835,897,240,'NYFort Greene Pl10003|NYFort Greene Pl10003+NY5th Ave+10003|NYFort Greene Pl10003+NYAtlantic Ave+10003|NY5th Ave10003|NY5th Ave10003+NYAtlantic Ave+10003'
-73.9759,40.6085,0,9,'NYAve P10003+NYW 2nd St+10003'
-73.9759,40.6455,2,144,'NYE 5th St10003+NYAlbemarle Rd+10003'
-73.9759,40.8229,0,5,'NJPortside Dr10003|NJPortside Dr10003+NJRiver Rd+10003|NJPortside Dr10003+NJOld River Rd+10003|NJPortside Dr10003+NJGarden Pl+10003|NJRiver Rd10003+NJGarden Pl+10003|NJOld River Rd10003+NJGarden Pl+10003|NJGarden Pl10003'
-73.9759,40.6738,144,480,'NY7th Ave10003+NYPresident St+10003'
-73.9759,40.7448,8884,9556,'NYE 34th St10003+NY2nd Ave+10003|NYE 34th St10003+NY2 Ave+10003|NYE 34 St10003+NY2nd Ave+10003|NYE 34 St10003+NY2 Ave+10003'
-73.9759,40.7019,0,1,'NY3rd St10003|NY3rd St10003+NYFront Ave+10003|NYFront Ave10003'
-73.9759,40.7473,347,935,'NYTunnel Exit St10003|NYTunnel Exit St10003+NYE 37th St+10003'
-73.9759,40.6565,2,79,'NYHorace Ct10003|NYHorace Ct10003+NYSherman St+10003'
-73.9758,40.6934,126,143,'NYN Portland Ave10003|NYN Portland Ave10003+NYMyrtle Ave+10003'
-73.9758,40.5911,0,3,'NYVan Sicklen St10003|NYVan Sicklen St10003+NY86th St+10003'
-73.9758,40.7955,113,1232,'NYRiverside Dr10003|NYRiverside Dr10003+NYRiverside Dr+10003|NYRiverside Dr10003+NYW 95th St+10003|NYRiverside Dr10003+NYW 95 St+10003|NYW 95th St10003|NYW 95th St10003+NYRiverside Dr+10003|NYW 95 St10003'
-73.9758,40.7489,8991,5479,'NY3rd Ave10003+NYE 39 St+10003|NY3rd Ave10003+NYE 39th St+10003|NYE 39 St10003+NY3 Ave+10003|NY3 Ave10003+NYE 39th St+10003'
-73.9758,40.6658,16,239,'NY7th St10003|NY7th St10003+NYProspect Park W+10003'
-73.9758,40.7604,11525,2752,'NYE 53rd St10003|NYE 53rd St10003+NYW 53rd St+10003|NYE 53rd St10003+NYW 53 St+10003|NYE 53rd St10003+NY5th Ave+10003|NYW 53rd St10003|NYW 53rd St10003+NY5th Ave+10003|NYW 53rd St10003+NYE 53 St+10003|NYW 53 St10003|NYW 53 St10003+NY5th Ave+10003|NYW 53 St10003+NYE 53 St+10003|NY5th Ave10003+NYE 53 St+10003|NYE 53 St10003'
-73.9758,40.6514,2,81,'NYGreenwood Ave10003|NYGreenwood Ave10003+NYProspect Ave+10003'
-73.9758,40.8660,0,2,'NJGrandview Ter10003|NJGrandview Ter10003+NJJones Rd+10003|NJJones Rd10003'
-73.9758,40.7547,2904,781,'NYE 46th St10003+NYPark Ave+10003'
-73.9758,40.6209,10,9,'NY54th St10003'
-73.9758,40.6236,1,4,'NYMcDonald Ave10003+NYAve J+10003'
-73.9758,40.7406,2328,1489,'NYE 29th St10003|NYE 29th St10003+NY1st Ave+10003|NYE 29th St10003+NYE 29th St+10003|NYE 29th St10003+NYE 29 St+10003|NYE 29th St10003+NY1 Ave+10003|NY1st Ave10003+NYE 29th St+10003|NY1st Ave10003+NYE 29 St+10003|NYE 29 St10003|NYE 29 St10003+NY1 Ave+10003'
-73.9758,40.6123,0,6,'NY63rd St10003+NY24th Ave+10003'
-73.9758,40.7259,4,11,'NYSzold Pl10003+NYE 11th St+10003|NYSzold Pl10003+NYE 11 St+10003|NYE 11th St10003|NYE 11 St10003'
-73.9758,40.6980,6,53,'NYN Oxford St10003'
-73.9758,40.8786,0,1,'NJAllison Ct10003|NJAllison Ct10003+NJBroad Ave+10003'
-73.9758,40.6028,2,17,'NYW 3rd St10003+NYLloyd Ct+10003|NYLloyd Ct10003'
-73.9757,40.6787,26,345,'NYPark Pl10003+NY6th Ave+10003'
-73.9757,40.8543,0,1,'NJWilliam St10003|NJWilliam St10003+NJMain St+10003'
-73.9757,40.7538,3107,1629,'NYE 45th St10003+NYde Pew Pl+10003'
-73.9757,40.6700,39,285,'NY8th Ave10003+NY2nd St+10003'
-73.9757,40.7285,1055,2107,'NYLoisada Ave10003+NYE 14th St+10003|NYLoisada Ave10003+NYE 14 St+10003|NYAve C10003+NYE 14th St+10003|NYAve C10003+NYE 14 St+10003'
-73.9757,40.7390,12,12,'NYE 27th St10003|NYE 27th St10003+NYE 27 St+10003|NYE 27 St10003'
-73.9757,40.6173,2,0,'NYDahill Rd10003'
-73.9757,40.6581,5,139,'NY16th St10003+NY11th Ave+10003'
-73.9756,40.6159,1,0,'NY23rd Ave10003+NY59th St+10003'
-73.9756,40.6504,1,9,'NYOcean Pkwy10003|NYOcean Pkwy10003+NYProspect Ave+10003'
-73.9756,40.8274,0,1,'NJColumbia Ter10003|NJColumbia Ter10003+NJUndercliff Ave+10003'
-73.9756,40.7243,48,478,'NYE 9th St10003|NYE 9th St10003+NYAve D+10003|NYE 9 St10003|NYE 9 St10003+NYAve D+10003'
-73.9756,40.9680,1,2,'NJOak St10003'
-73.9756,40.7579,5343,7307,'NYE 50th St10003+NYMadison Ave+10003|NYE 50 St10003+NYMadison Ave+10003'
-73.9756,40.6871,255,552,'NYLafayette Ave10003+NYS Elliott Pl+10003'
-73.9756,40.5967,0,2,'NYW 4th St10003|NYW 4th St10003+NYAve U+10003'
-73.9756,40.7761,153,130,'NY72nd St Transverse10003|NY72nd St Transverse10003+NYWest Dr+10003'
-73.9756,40.8581,0,1,'NJState Rte 410002'
-73.9756,40.7521,13693,8224,'NYE 43rd St10003|NYE 43rd St10003+NYLexington Ave+10003'
-73.9755,40.6992,0,3,'NY5th St10003+NYMorris Ave+10003'
-73.9755,40.6497,3,9,'NYProspect Expy10002|NYProspect Expy10002+NYOcean Pkwy+10002|NYProspect Expy10002+NYProspect Ave+10002|NYProspect Expy10002+NYFort Hamilton Pkwy+10002|NYOcean Pkwy10002|NYOcean Pkwy10002+NYOcean Pkwy+10002|NYOcean Pkwy10002+NYProspect Ave+10002|NYOcean Pkwy10002+NYFort Hamilton Pkwy+10002|NYState Rte 2710002+NYProspect Ave+10002|NYOcean Pkwy10003|NYOcean Pkwy10003+NYProspect Ave+10003|NYOcean Pkwy10003+NYFort Hamilton Pkwy+10003|NYProspect Ave10003|NYProspect Ave10003+NYFort Hamilton Pkwy+10003'
-73.9755,40.7921,972,2535,'NYW 91 St10003+NYW End Ave+10003|NYW 91st St10003+NYW End Ave+10003'
-73.9755,40.6868,562,517,'NYS Elliott Pl10003+NYFulton St+10003'
-73.9755,40.7870,2595,4084,'NYW 85 St10003+NYAmsterdam Ave+10003|NYW 85th St10003+NYAmsterdam Ave+10003'
-73.9755,40.6334,1,13,'NYE 3rd St10003+NYAve F+10003'
-73.9755,40.5934,0,2,'NYWolf Pl10003|NYWolf Pl10003+NYVan Sicklen St+10003'
-73.9755,40.6306,0,4,'NYSeton Pl10003+NYWebster Ave+10003'
-73.9755,40.8943,0,2,'NJW Palisade Ave10003+NJS Van Brunt St+10003|NJS Van Brunt St10003'
-73.9755,40.6716,7,226,'NYGarfield Pl10003+NYFiske Pl+10003|NYFiske Pl10003'
-73.9755,40.6963,21,94,'NYPark Ave10003+NYN Oxford St+10003|NYN Oxford St10003'
-73.9755,40.7896,2398,2113,'NYW 88 St10003+NYBroadway+10003|NYW 88th St10003+NYBroadway+10003'
-73.9755,40.7820,3135,4813,'NYW 79th St10003|NYW 79th St10003+NYColumbus Ave+10003|NYW 79 St10003|NYW 79 St10003+NYColumbus Ave+10003'
-73.9755,40.6729,0,292,'NYPolhemus Pl10003|NYPolhemus Pl10003+NYCarroll St+10003'
-73.9755,40.6745,489,994,'NYUnion St10003+NY7th Ave+10003'
-73.9755,40.6489,1,3,'NYOcean Pkwy10003+NYFort Hamilton Pkwy+10003|NYFort Hamilton Pkwy10003'
-73.9755,40.7769,1051,3405,'NYW 73 St10003|NYW 73 St10003+NYCentral Park W+10003|NYW 73rd St10003|NYW 73rd St10003+NYCentral Park W+10003'
-73.9755,40.7189,61,167,'NYE Houston St10003|NYE Houston St10003+NYMangin St+10003|NYE Houston St10003+NYE Houston St+10003|NYMangin St10003|NYMangin St10003+NYE Houston St+10003'
-73.9754,40.8347,0,1,'NJCrescent Way10003|NJCrescent Way10003+NJBridle Way+10003'
-73.9754,40.6008,0,3,'NYW 3rd St10003+NYApplegate Ct+10003|NYApplegate Ct10003'
-73.9754,40.7479,495,1816,'NYTunnel Exit St10003+NYE 38th St+10003'
-73.9754,40.6160,0,1,'NYDahill Rd10003+NY59th St+10003|NY59th St10003'
-73.9754,40.7454,2961,3787,'NYE 35 St10003+NY2nd Ave+10003|NYE 35 St10003+NY2 Ave+10003|NY2nd Ave10003+NYE 35th St+10003|NYE 35th St10003+NY2 Ave+10003'
-73.9754,40.7331,2373,5890,'NYStuyvesant Loop N10003'
-73.9754,40.7495,7709,3121,'NY3rd Ave10003+NYE 40th St+10003|NY3 Ave10003+NYE 40th St+10003'
-73.9754,40.7372,199,360,'NYAsser Levy Pl10003|NYAsser Levy Pl10003+NYE 25 St+10003|NYAsser Levy Pl10003+NYE 25th St+10003'
-73.9754,40.7610,10536,2958,'NYE 54th St10003|NYE 54th St10003+NYW 54 St+10003|NYE 54th St10003+NY5th Ave+10003|NYE 54th St10003+NYW 54th St+10003|NYE 54 St10003|NYE 54 St10003+NYW 54 St+10003|NYE 54 St10003+NY5th Ave+10003|NYE 54 St10003+NYW 54th St+10003|NYW 54 St10003|NYW 54 St10003+NY5th Ave+10003|NY5th Ave10003+NYW 54th St+10003|NYW 54th St10003'
-73.9754,40.5946,0,1,'NYVan Sicklen St10003+NYAve V+10003|NYAve V10003'
-73.9754,40.7553,9059,2607,'NYE 47th St10003+NYPark Ave+10003'
-73.9753,40.7413,5732,6639,'NYE 30 St10003+NY1st Ave+10003|NYE 30 St10003+NY1 Ave+10003|NY1st Ave10003+NYE 30th St+10003|NY1 Ave10003+NYE 30th St+10003'
-73.9753,40.7265,9,35,'NYSzold Pl10003|NYSzold Pl10003+NYE 12th St+10003|NYSzold Pl10003+NYHaven Plz+10003|NYSzold Pl10003+NYE 12 St+10003|NYE 12th St10003+NYHaven Plz+10003|NYE 12th St10003+NYE 12 St+10003|NYHaven Plz10003|NYHaven Plz10003+NYE 12 St+10003|NYE 12 St10003|NYE 12 St10003+NYE 12 St+10003'
-73.9753,40.6664,15,330,'NYProspect Park W10003+NY6th St+10003|NY6th St10003'
-73.9753,40.6793,44,444,'NYProspect Pl10003+NY6th Ave+10003'
-73.9753,40.8433,0,2,'NJMohegan Way10003+NJOleri Ter+10003'
-73.9753,40.7175,168,703,'NYF D R Drive Svc Rd E10006'
-73.9753,40.6101,0,1,'NYW 1st St10003|NYW 1st St10003+NY65th St+10003'
-73.9753,40.6271,0,2,'NYElmwood Ave10003+NYE 2nd St+10003|NYE 2nd St10003'
-73.9753,40.5951,0,1,'NYVan Sicklen St10003+NYLake Pl+10003|NYLake Pl10003'
-73.9753,40.7397,59,37,'NYE 28 St10003|NYE 28 St10003+NYE 28th St+10003|NYE 28th St10003'
-73.9753,40.7190,73,198,'NYF D R Dr10003+NYE Houston St+10003'
-73.9752,40.7747,18,30,'NYWest Dr10003+NY72nd St Transverse+10003|NY72nd St Transverse10003'
-73.9752,40.7292,165,581,'NYLoisada Ave10003+NYE 15 St+10003|NYLoisada Ave10003+NYE 15th St+10003|NYE 15 St10003|NYE 15 St10003+NYAve C+10003|NYE 15th St10003|NYE 15th St10003+NYAve C+10003'
-73.9752,40.5954,0,1,'NYVan Sicklen St10003+NYGravesend Neck Rd+10003|NYGravesend Neck Rd10003'
-73.9752,40.7445,1723,5365,'NYTunnel Entrance St10003|NYTunnel Entrance St10003+NYE 34th St+10003|NYTunnel Entrance St10003+NYE 34 St+10003'
-73.9752,40.6478,5,124,'NYCaton Ave10003+NYOcean Pkwy+10003|NYOcean Pkwy10003|NYOcean Pkwy10003+NYOcean Pkwy+10003'
-73.9752,40.7544,2719,1291,'NYE 46th St10003+NYde Pew Pl+10003|NYde Pew Pl10003'
-73.9752,40.6129,0,3,'NY62nd St10003+NY24th Ave+10003'
-73.9752,40.7192,16,174,'NYF D R Dr10003+NYE Houston St+10003'
-73.9752,40.6706,17,412,'NY1st St10003+NY8th Ave+10003'
-73.9752,40.8280,0,1,'NJDempsey Ave10003|NJDempsey Ave10003+NJUndercliff Ave+10003'
-73.9752,40.6317,1,15,'NYCristoforo Colombo Blvd10003+NYE 3rd St+10003|NY18th Ave10003+NYE 3rd St+10003|NYE 3rd St10003'
-73.9752,40.6045,0,11,'NYKings Hwy10003+NYW 2nd St+10003|NYW 2nd St10003'
-73.9752,40.7249,73,733,'NYE 10 St10003+NYAve D+10003|NYE 10th St10003+NYAve D+10003'
-73.9752,40.6587,5,195,'NYProspect Park SW10003+NY11th Ave+10003|NY11th Ave10003'
-73.9751,40.5960,0,1,'NYVan Sicklen St10003+NYLama Ct+10003|NYVan Sicklen St10003+NYLlama Ct+10003|NYLama Ct10003|NYLama Ct10003+NYLlama Ct+10003|NYLlama Ct10003'
-73.9751,40.7354,778,1255,'NYE 23rd St10003|NYE 23rd St10003+NYAve C+10003|NYE 23rd St10003+NYF D R Dr+10003|NYE 23rd St10003+NYE 23rd St+10003|NYAve C10003|NYAve C10003+NYE 23rd St+10003|NYAve C10003+NYF D R Dr+10003|NYAve C10003+NYE 23 St+10003|NYF D R Dr10003|NYF D R Dr10003+NYE 23rd St+10003|NYF D R Dr10003+NYF D R Dr+10003|NYF D R Dr10003+NYE 23 St+10003|NYE 23rd St10003+NYE 23 St+10003|NYE 23 St10003'
-73.9751,40.6531,0,58,'NYE 7th St10003|NYE 7th St10003+NYReeve Pl+10003'
-73.9751,40.5906,0,2,'NYLake St10003|NYLake St10003+NY86th St+10003'
-73.9751,40.7585,4731,4472,'NYE 51st St10003+NYMadison Ave+10003|NYE 51 St10003+NYMadison Ave+10003'
-73.9751,40.8506,0,1,'NJAston Ter10003|NJAston Ter10003+NJAston Ter Exd+10003|NJAston Ter10003+NJWhiteman St+10003|NJAston Ter Exd10003|NJAston Ter Exd10003+NJWhiteman St+10003'
-73.9751,40.6487,5,11,'NYOcean Pkwy10003|NYOcean Pkwy10003+NYOcean Pkwy+10003'
-73.9751,40.6897,146,381,'NYS Portland Ave10003|NYS Portland Ave10003+NYS Portland+10003|NYS Portland Ave10003+NYN Portland Ave+10003|NYS Portland10003|NYS Portland10003+NYN Portland Ave+10003|NYN Portland Ave10003'
-73.9751,40.6980,10,15,'NYOrdnance Ave10003|NYOrdnance Ave10003+NY8th St+10003|NYOrdnance Ave10003+NYFlushing Ave+10003|NY8th St10003|NY8th St10003+NYFlushing Ave+10003'
-73.9751,40.7527,7659,6324,'NYE 44th St10003|NYE 44th St10003+NYLexington Ave+10003'
-73.9751,40.5991,0,23,'NYW 3rd St10003|NYW 3rd St10003+NYAve T+10003'
-73.9751,40.6261,0,10,'NYAve I10003+NYE 2nd St+10003'
-73.9751,40.7927,1053,2446,'NYW 92 St10003+NYW End Ave+10003|NYW End Ave10003+NYW 92nd St+10003'
-73.9751,40.7314,218,1049,'NYStuyvesant Walk10003'
-73.9751,40.8755,0,1,'NJRockwood Pl10003|NJRockwood Pl10003+NJState Rte 4+10003'
-73.9750,40.7191,73,207,'NYE Houston St10003|NYE Houston St10003+NYF D R Dr+10003'
-73.9750,40.5968,4,5,'NYVan Sicklen St10003+NYAve U+10003|NYVan Sicklen St10003+NYU Ave+10003|NYAve U10003|NYAve U10003+NYAve U+10003|NYAve U10003+NYU Ave+10003|NYU Ave10003'
-73.9750,40.8538,0,1,'NJMain St10003+NJLinwood Ave+10003|NJLinwood Ave10003'
-73.9750,40.7960,213,864,'NYRiverside Dr10003+NYW 96 St+10003|NYRiverside Dr10003+NYW 96th St+10003|NYW 96 St10003|NYW 96th St10003'
-73.9750,40.6751,166,839,'NYBerkeley Pl10003+NY7th Ave+10003'
-73.9750,40.7902,2905,3465,'NYW 89 St10003+NYBroadway+10003|NYW 89th St10003+NYBroadway+10003'
-73.9750,40.7192,38,124,'NYE Houston St10003|NYE Houston St10003+NYF D R Dr+10003'
-73.9750,40.7877,5871,8690,'NYW 86th St10003+NYAmsterdam Ave+10003|NYAmsterdam Ave10003+NYW 86 St+10003'
-73.9750,40.6300,1,13,'NYLawrence Ave10003+NYSeton Pl+10003'
-73.9750,40.7775,1357,2447,'NYW 74th St10003|NYW 74th St10003+NYCentral Park W+10003|NYCentral Park W10003+NYW 74 St+10003|NYW 74 St10003'
-73.9750,40.6086,1,25,'NYW 1st St10003+NYAve P+10003'
-73.9750,40.7826,1750,2682,'NYW 80th St10003|NYW 80th St10003+NYColumbus Ave+10003|NYColumbus Ave10003+NYW 80 St+10003|NYW 80 St10003'
-73.9750,40.6137,0,1,'NY61st St10003|NY61st St10003+NYDahill Rd+10003'
-73.9750,40.7485,1206,1695,'NYTunnel Exit St10003+NYE 39 St+10003|NYTunnel Exit St10003+NYE 39th St+10003'
-73.9750,40.8256,1,4,'NJMcCurry Ln10003'
-73.9750,40.6478,2,123,'NYCaton Ave10003|NYCaton Ave10003+NYCaton Ave+10003|NYCaton Ave10003+NYOcean Pkwy+10003|NYCaton Ave10002|NYCaton Ave10002+NYOcean Pkwy+10002'
-73.9750,40.8529,0,1,'NJJane St10003|NJJane St10003+NJAnderson Ave+10003'
-73.9750,40.6799,98,239,'NYSt Marks Ave10003|NYSt Marks Ave10003+NY6th Ave+10003'
-73.9750,40.6840,210,68,'NYS Elliott Pl10003|NYS Elliott Pl10003+NYAcademy Park Pl+10003|NYAcademy Park Pl10003'
-73.9749,40.7461,1663,2455,'NY2nd Ave10003+NYE 36th St+10003|NYE 36th St10003+NY2 Ave+10003'
-73.9749,40.7501,6389,3022,'NYE 41st St10003+NY3rd Ave+10003|NYE 41st St10003+NY3 Ave+10003'
-73.9749,40.8246,0,5,'NJRiver Rd10003+NJGrand Cove Way+10003|NJOld River Rd10003+NJGrand Cove Way+10003|NJGrand Cove Way10003'
-73.9749,40.5968,0,4,'NYAve U10003|NYAve U10003+NYVillage Rd N+10003|NYAve U10003+NYAve U+10003|NYAve U10003+NYU Ave+10003|NYVillage Rd N10003|NYVillage Rd N10003+NYAve U+10003|NYVillage Rd N10003+NYU Ave+10003|NYU Ave10003'
-73.9749,40.8279,0,2,'NJPanorama Dr10003'
-73.9749,40.7617,12082,7519,'NYW 55 St10003|NYW 55 St10003+NYE 55 St+10003|NYW 55 St10003+NYE 55th St+10003|NYW 55 St10003+NY5th Ave+10003|NYW 55th St10003|NYW 55th St10003+NYE 55 St+10003|NYW 55th St10003+NYE 55th St+10003|NYW 55th St10003+NY5th Ave+10003|NYE 55 St10003|NYE 55 St10003+NY5th Ave+10003|NYE 55th St10003|NYE 55th St10003+NY5th Ave+10003'
-73.9749,40.5922,0,4,'NYLake St10003+NYAvenue W+10003'
-73.9749,40.7353,154,223,'NYF D R Dr10002|NYF D R Dr10002+NYE 23rd St+10002|NYF D R Dr10003'
-73.9749,40.6800,113,260,'NY6th Ave10003+NYSt Marks Ave+10003|NYSt Marks Ave10003'
-73.9749,40.7559,12182,9672,'NYE 48th St10003+NYPark Ave+10003'
-73.9749,40.6045,0,9,'NYKings Pl10003'
-73.9749,40.6132,0,2,'NYDahill Rd10003+NY24th Ave+10003'
-73.9749,40.7370,44,220,'NYE 25 St10003|NYE 25 St10003+NYF D R Dr+10003|NYF D R Dr10003+NYE 25th St+10003|NYE 25th St10003'
-73.9749,40.7342,303,1443,'NYAve C10003|NYAve C10003+NYF D R Dr+10003|NYAve C10003+NYPeter Cooper Rd+10003|NYF D R Dr10003|NYF D R Dr10003+NYF D R Dr+10003|NYF D R Dr10003+NYPeter Cooper Rd+10003|NYPeter Cooper Rd10003'
-73.9749,40.7352,106,336,'NYF D R Dr10002'
-73.9749,40.9354,0,1,'NJWillis Ave10003+NJ12th St+10003|NJ12th St10003'
-73.9749,40.6489,2,88,'NYOcean Pkwy10003+NYCaton Pl+10003|NYCaton Pl10003'
-73.9749,40.6186,22,17,'NYMcDonald Ave10003+NYAve L+10003|NYAve L10003'
-73.9749,40.8566,0,1,'NJLewis St10003+NJFletcher Ave+10003'
-73.9748,40.6670,16,307,'NYProspect Park W10003+NY5th St+10003|NY5th St10003'
-73.9748,40.6284,0,4,'NYFoster Ave10003+NYE 3rd St+10003|NYE 3rd St10003'
-73.9748,40.6457,16,288,'NYAlbemarle Rd10003|NYAlbemarle Rd10003+NYOcean Pkwy+10003'
-73.9748,40.8701,0,2,'NJJones Rd10003+NJKenwood St+10003|NJKenwood St10003'
-73.9748,40.7359,247,658,'NYF D R Dr10006|NYF D R Dr10006+NYF D R Dr+10006|NYF D R Dr10002'
-73.9748,40.8413,1,2,'NJS Horizon Rd10003|NJS Horizon Rd10003+NJState Rte 67+10003|NJS Horizon Rd10003+NJPalisade Ave+10003'
-73.9748,40.6980,24,71,'NYCumberland St10003+NYFlushing Ave+10003'
-73.9748,40.5789,0,2,'NYW 6th St10003|NYW 6th St10003+NYSheepshead Bay Rd+10003'
-73.9748,40.7298,694,3034,'NYLoisada Ave10003+NYE 16th St+10003|NYLoisada Ave10003+NYE 16 St+10003|NYE 16th St10003|NYE 16th St10003+NYAve C+10003|NYE 16th St10003+NYStuyvesant Loop E+10003|NYE 16th St10003+NYE 16 St+10003|NYAve C10003+NYE 16 St+10003|NYStuyvesant Loop E10003|NYStuyvesant Loop E10003+NYE 16 St+10003|NYE 16 St10003'
-73.9748,40.7215,36,369,'NYF D R Dr10003+NYE 6th St+10003|NYF D R Dr10003+NYE 6 St+10003|NYE 6th St10003|NYE 6 St10003'
-73.9748,40.6560,1,39,'NYTerrace Pl10003+NYSherman St+10003|NYSherman St10003'
-73.9747,40.7452,180,417,'NYTunnel Entrance St10003+NYE 35 St+10003|NYTunnel Entrance St10003+NYE 35th St+10003'
-73.9747,40.6560,0,10,'NYTemple Ct10003'
-73.9747,40.8213,0,6,'NJPortside Dr10003'
-73.9747,40.5948,0,1,'NYCorso Ct10003'
-73.9747,40.6480,3,62,'NYKermit Pl10003'
-73.9747,40.6712,38,258,'NYGarfield Pl10003+NY8th Ave+10003'
-73.9747,40.6803,1078,743,'NY6th Ave10003+NYFlatbush Ave+10003'
-73.9747,40.5800,0,13,'NYW 6th St10003+NYNeptune Ave+10003'
-73.9747,40.7747,10,8,'NYCentral Park Driveway10003'
-73.9747,40.7591,5162,3364,'NYE 52nd St10003+NYMadison Ave+10003|NYMadison Ave10003+NYE 52 St+10003'
-73.9747,40.6726,9,429,'NYCarroll St10003+NYFiske Pl+10003|NYFiske Pl10003'
-73.9747,40.7351,110,157,'NYFdr Dr10006|NYFdr Dr10006+NYF D R Dr+10006|NYFdr Dr10006+NYFdr Drive Svc Rd E+10006|NYF D R Dr10006|NYF D R Dr10006+NYFdr Drive Svc Rd E+10006|NYFdr Drive Svc Rd E10006|NYFdr Drive Svc Rd E10006+NYFdr Drive Svc Rd E+10006'
-73.9747,40.6448,28,303,'NYChurch Ave10003+NYOcean Pkwy+10003'
-73.9747,40.6478,6,174,'NYOcean Pkwy10003+NYCaton Ave+10003'
-73.9747,40.5940,0,2,'NYLake St10003|NYLake St10003+NYVillage Rd S+10003'
-73.9746,40.7351,29,58,'NYFdr Dr10006|NYFdr Dr10006+NYFdr Drive Svc Rd E+10006|NYFdr Dr10006+NYE 23rd St+10006|NYFdr Dr10006+NYMarginal St+10006|NYFdr Drive Svc Rd E10006|NYFdr Drive Svc Rd E10006+NYE 23rd St+10006|NYFdr Drive Svc Rd E10006+NYMarginal St+10006|NYE 23rd St10003+NYMarginal St+10003|NYMarginal St10003'
-73.9746,40.7534,7928,4025,'NYE 45th St10003+NYLexington Ave+10003'
-73.9746,40.8391,1,1,'NJBridget Walk10003+NJHorizon Rd+10003'
-73.9746,40.5828,4,8,'NYW 6th St10003|NYW 6th St10003+NYShell Rd+10003|NYShell Rd10003|NYShell Rd10003+NYShore Pkwy+10003|NYShell Rd10003+NYLeif Ericson Dr+10003|NYShell Rd10003+NYBelt Pkwy+10003'
-73.9746,40.6237,0,27,'NYAve J10003+NYE 2nd St+10003'
-73.9746,40.6984,1,2,'NY8th St10003+NYMorris Ave+10003|NYMorris Ave10003'
-73.9746,40.7210,37,336,'NYF D R Drive Svc Rd E10006'
-73.9746,40.6872,163,870,'NYS Portland Ave10003|NYS Portland Ave10003+NYS Portland+10003|NYS Portland Ave10003+NYLafayette Ave+10003|NYS Portland Ave10003+NYS Portland Ave+10003|NYS Portland Ave10003+NYN Portland Ave+10003|NYS Portland10003|NYS Portland10003+NYLafayette Ave+10003|NYS Portland10003+NYS Portland Ave+10003|NYS Portland10003+NYN Portland Ave+10003|NYLafayette Ave10003+NYS Portland Ave+10003|NYLafayette Ave10003+NYN Portland Ave+10003|NYN Portland Ave10003'
-73.9746,40.7933,1138,3531,'NYW 93rd St10003+NYW End Ave+10003|NYW End Ave10003+NYW 93 St+10003'
-73.9746,40.9696,1,0,'NJMaycock Ct10003'
-73.9746,40.7370,169,1927,'NYF D R Dr10003'
-73.9746,40.8297,1,3,'NJHudson Ave10003|NJHudson Ave10003+NJUndercliff Ave+10003'
-73.9746,40.6757,165,713,'NYLincoln Pl10003+NY7th Ave+10003'
-73.9746,40.8381,0,1,'NJHorizon Rd10003'
-73.9746,40.6116,0,2,'NYDahill Rd10003+NY63rd St+10003|NY63rd St10003'
-73.9746,40.7908,3186,2380,'NYW 90 St10003+NYBroadway+10003|NYW 90th St10003+NYBroadway+10003'
-73.9745,40.6502,11,165,'NYE 7th St10003|NYE 7th St10003+NYOcean Pkwy+10003|NYE 7th St10003+NYFort Hamilton Pkwy+10003|NYOcean Pkwy10003+NYFort Hamilton Pkwy+10003|NYFort Hamilton Pkwy10003'
-73.9745,40.7386,26,36,'NYE 27th St10003|NYE 27th St10003+NYE 27 St+10003|NYE 27 St10003'
-73.9745,40.7832,6914,7251,'NYW 81st St10003+NYColumbus Ave+10003|NYW 81 St10003+NYColumbus Ave+10003'
-73.9745,40.7782,1282,3900,'NYW 75th St10003|NYW 75th St10003+NYCentral Park W+10003|NYCentral Park W10003+NYW 75 St+10003|NYW 75 St10003'
-73.9745,40.7884,1796,4414,'NYW 87th St10003+NYAmsterdam Ave+10003|NYAmsterdam Ave10003+NYW 87 St+10003'
-73.9745,40.7372,302,2192,'NYF D R Dr10003|NYF D R Dr10003+NYF D R Dr+10003|NYF D R Dr10002'
-73.9745,40.6294,0,18,'NYSeton Pl10003+NYParkville Ave+10003'
-73.9745,40.7491,892,3590,'NYTunnel Exit St10003+NYE 40th St+10003'
-73.9745,40.6113,1,4,'NYAve O10003|NYAve O10003+NYDahill Rd+10003'
-73.9745,40.6280,0,2,'NYWalsh Ct10003|NYWalsh Ct10003+NYE 3rd St+10003'
-73.9745,40.8569,0,1,'NJKelby10003|NJKelby10003+NJKelby St+10003|NJKelby10003+NJCountry Rd+10003|NJKelby10003+NJFletcher Ave+10003|NJKelby St10003|NJKelby St10003+NJCountry Rd+10003|NJKelby St10003+NJFletcher Ave+10003|NJKelby St10003+NJKelby St+10003|NJCountry Rd10003|NJCountry Rd10003+NJFletcher Ave+10003|NJCountry Rd10003+NJKelby St+10003|NJFletcher Ave10003+NJKelby St+10003'
-73.9745,40.7327,1086,3636,'NYE 20th St10003|NYE 20th St10003+NYAve C+10003|NYE 20th St10003+NYF D R Dr+10003|NYAve C10003|NYAve C10003+NYF D R Dr+10003|NYF D R Dr10003'
-73.9745,40.6807,1124,598,'NY6th Ave10003+NYBergen St+10003'
-73.9745,40.7467,1834,1680,'NY2nd Ave10003+NYE 37th St+10003|NYE 37th St10003+NY2 Ave+10003'
-73.9745,40.8390,1,1,'NJBridget Walk10003'
-73.9745,40.6963,28,254,'NYPark Ave10003+NYCumberland St+10003|NYCumberland St10003'
-73.9745,40.8594,2,1,'NJI 9510001+NJState Rte 4+10001'
-73.9745,40.7623,11276,4093,'NYW 56th St10003|NYW 56th St10003+NYE 56 St+10003|NYW 56th St10003+NYE 56th St+10003|NYW 56th St10003+NY5th Ave+10003|NYE 56 St10003|NYE 56 St10003+NYW 56 St+10003|NYE 56 St10003+NY5th Ave+10003|NYE 56th St10003|NYE 56th St10003+NYW 56 St+10003|NYE 56th St10003+NY5th Ave+10003|NYW 56 St10003|NYW 56 St10003+NY5th Ave+10003'
-73.9745,40.5788,0,5,'NYSheepshead Bay Rd10003'
-73.9744,40.7508,11327,9460,'NY3rd Ave10003+NYE 42nd St+10003|NYE 42nd St10003+NY3 Ave+10003'
-73.9744,40.6449,8,84,'NYChurch Ave10003+NYOcean Pkwy+10003'
-73.9744,40.6164,19,15,'NYAve M10003+NYMcDonald Ave+10003'
-73.9744,40.6863,713,656,'NYS Portland Ave10003+NYFulton St+10003'
-73.9744,40.7566,8492,9867,'NYE 49th St10003+NYPark Ave+10003'
-73.9744,40.8723,0,1,'NJRidgeland Ter10003'
-73.9744,40.6106,0,4,'NYDahill Rd10003+NY64th St+10003|NY64th St10003'
-73.9744,40.8534,0,2,'NJMain St10003+NJAnderson Ave+10003|NJAnderson Ave10003'
-73.9744,40.6016,0,12,'NYVan Sicklen St10003+NYAvenue S+10003'
-73.9744,40.8318,1,0,'NJManatauk Ave10003+NJClaremont Rd+10003|NJClaremont Rd10003'
-73.9743,40.6676,8,321,'NYProspect Park W10003+NY4th St+10003|NY4th St10003'
-73.9743,40.6321,3,12,'NYCristoforo Colombo Blvd10003+NYE 4th St+10003|NY18th Ave10003+NYE 4th St+10003|NYE 4th St10003'
-73.9743,40.6797,1118,716,'NYFlatbush Ave10003+NYSt Marks Ave+10003'
-73.9743,40.7458,74,199,'NYTunnel Entrance St10003+NYE 36th St+10003'
-73.9743,40.6554,1,135,'NYSeeley St10003+NYTemple Ct+10003|NYTemple Ct10003'
-73.9743,40.8370,0,1,'NJDuncan Rd10003'
-73.9743,40.8642,0,5,'NJState Rte 410002+NJI 95+10002'
-73.9743,40.6220,14,14,'NYBay Pkwy10003+NYE 2nd St+10003|NYE 2nd St10003|NYE 2nd St10003+NY22nd Ave+10003'
-73.9743,40.8635,0,2,'NJI 9510001|NJI 9510001+NJI 95+10001'
-73.9743,40.5879,0,1,'NYShell Rd10003+NYAve Y+10003|NYAve Y10003'
-73.9743,40.8444,0,1,'NJOleri Ter10003+NJTremont Ave+10003'
-73.9743,40.7261,7,209,'NYE 12th St10003|NYE 12th St10003+NYE 12 St+10003|NYE 12th St10003+NYAve D+10003|NYE 12 St10003|NYE 12 St10003+NYAve D+10003'
-73.9743,40.6534,1,94,'NYSherman St10003|NYSherman St10003+NYReeve Pl+10003'
-73.9742,40.8501,0,2,'NJCenter Ave10003+NJWhiteman St+10003'
-73.9742,40.5887,1,3,'NYBouck Ct10003|NYBouck Ct10003+NYShell Rd+10003'
-73.9742,40.6815,84,504,'NY6th Ave10003+NYDean St+10003'
-73.9742,40.6026,0,2,'NYVan Sicklen St10003+NYLloyd Ct+10003|NYLloyd Ct10003'
-73.9742,40.7597,6932,1545,'NYE 53rd St10003+NYMadison Ave+10003|NYMadison Ave10003+NYE 53 St+10003'
-73.9742,40.5901,1,15,'NYShell Rd10003|NYShell Rd10003+NYMcDonald Ave+10003|NYShell Rd10003+NYAve X+10003|NYShell Rd10003+NY86th St+10003|NYMcDonald Ave10003|NYMcDonald Ave10003+NYAve X+10003|NYMcDonald Ave10003+NY86th St+10003|NYAve X10003+NY86th St+10003|NY86th St10003'
-73.9742,40.6044,0,10,'NYW 1st St10003|NYW 1st St10003+NYKings Hwy+10003'
-73.9742,40.6450,34,131,'NYChurch Ave10003+NYOcean Pkwy+10003'
-73.9742,40.7540,6192,2934,'NYE 46th St10003+NYLexington Ave+10003'
-73.9742,40.6718,28,248,'NYMontgomery Pl10003|NYMontgomery Pl10003+NY8th Ave+10003'
-73.9742,40.6095,0,6,'NYDahill Rd10003+NY65th St+10003'
-73.9742,40.7966,87,1125,'NYRiverside Dr10003|NYRiverside Dr10003+NYRiverside Dr+10003|NYRiverside Dr10003+NYW 97th St+10003|NYW 97th St10003'
-73.9742,40.7940,1169,1937,'NYW 94th St10003+NYW End Ave+10003|NYW End Ave10003+NYW 94 St+10003'
-73.9741,40.8577,0,1,'NJUS Rte 4610002|NJUS Rte 4610002+NJUS Rte 1+10002|NJUS Rte 4610002+NJUS Rte 9+10002|NJUS Rte 4610002+NJI 95+10002|NJUS Rte 110002|NJUS Rte 110002+NJUS Rte 1+10002|NJUS Rte 110002+NJUS Rte 9+10002|NJUS Rte 110002+NJI 95+10002|NJBergen Blvd10002|NJBergen Blvd10002+NJUS Rte 1+10002|NJBergen Blvd10002+NJUS Rte 9+10002|NJBergen Blvd10002+NJI 95+10002|NJUS Rte 110001|NJUS Rte 110001+NJUS Rte 9+10001|NJUS Rte 910001|NJUS Rte 910001+NJUS Rte 9+10001|NJUS Rte 910002|NJUS Rte 910002+NJI 95+10002'
-73.9741,40.6262,1,33,'NYAve I10003+NYE 3rd St+10003'
-73.9741,40.7392,146,178,'NYE 28 St10003|NYE 28 St10003+NYE 28th St+10003|NYE 28th St10003'
-73.9741,40.8829,0,2,'NJHuguenot Ave10003+NJRobin Rd+10003|NJRobin Rd10003'
-73.9741,40.7773,26,34,'NYCentral Park Driveway10003|NYCentral Park Driveway10003+NYWest Dr+10003'
-73.9741,40.5966,0,1,'NYLake St10003|NYLake St10003+NYVillage Rd N+10003'
-73.9741,40.7915,3171,2945,'NYW 91 St10003+NYBroadway+10003|NYW 91st St10003+NYBroadway+10003'
-73.9741,40.6765,99,584,'NYSt Johns Pl10003+NY7th Ave+10003'
-73.9741,40.6897,283,504,'NYS Oxford St10003'
-73.9741,40.7396,1018,103,'NYE 29th St10003|NYE 29 St10003'
-73.9741,40.7640,6356,3043,'NY5 Ave10003|NY5 Ave10003+NYGrand Army Plz+10003|NY5 Ave10003+NYW 58th St+10003|NYGrand Army Plz10003|NYGrand Army Plz10003+NYW 58th St+10003'
-73.9741,40.7351,3,7,'NYE 23rd St10003'
-73.9741,40.7497,2477,4445,'NYTunnel Exit St10003|NYTunnel Exit St10003+NYE 41st St+10003'
-73.9741,40.7788,1263,1512,'NYW 76th St10003|NYW 76th St10003+NYCentral Park W+10003|NYW 76 St10003|NYW 76 St10003+NYCentral Park W+10003'
-73.9741,40.7890,1541,2993,'NYW 88 St10003+NYAmsterdam Ave+10003|NYAmsterdam Ave10003+NYW 88th St+10003'
-73.9741,40.8776,0,2,'NJAllison Ct10003'
-73.9741,40.7839,3728,2896,'NYW 82nd St10003+NYColumbus Ave+10003|NYColumbus Ave10003+NYW 82 St+10003'
-73.9740,40.6573,3,130,'NYCenter Dr10003|NYCenter Dr10003+NYProspect Park SW+10003|NYCenter Dr10003+NY16th St+10003|NYCenter Dr10003+NYCentral Dr+10003|NYProspect Park SW10003+NY16th St+10003|NYProspect Park SW10003+NYCentral Dr+10003|NY16th St10003|NY16th St10003+NYCentral Dr+10003|NYCentral Dr10003'
-73.9740,40.7473,4176,4408,'NY2nd Ave10003+NYE 38th St+10003|NYE 38th St10003+NY2 Ave+10003'
-73.9740,40.8260,0,2,'NJRiver Rd10003+NJHilliard Ave+10003|NJOld River Rd10003+NJHilliard Ave+10003'
-73.9740,40.6288,0,4,'NYSeton Pl10003|NYSeton Pl10003+NYFoster Ave+10003'
-73.9740,40.7431,4682,4055,'NYE 33rd St10003|NYE 33rd St10003+NY1st Ave+10003|NYE 33rd St10003+NY1 Ave+10003|NY1st Ave10003+NYE 33 St+10003|NYE 33 St10003|NYE 33 St10003+NY1 Ave+10003'
-73.9740,40.8913,0,2,'NJGrand Ave10003+NJW Englewood Ave+10003|NJW Englewood Ave10003'
-73.9740,40.6140,1,18,'NY60th St10003|NY60th St10003+NY24th Ave+10003|NY60th St10003+NYAvenue N+10003|NYMcDonald Ave10003+NY24th Ave+10003|NY24th Ave10003|NY24th Ave10003+NYAvenue N+10003|NYAvenue N10003'
-73.9740,40.7310,1317,3041,'NYLoisada Ave10003|NYLoisada Ave10003+NYF D R Dr+10003|NYF D R Dr10003|NYF D R Dr10003+NYStuyvesant Loop E+10003|NYStuyvesant Loop E10003'
-73.9740,40.7572,6764,6642,'NYE 50th St10003+NYPark Ave+10003|NYE 50 St10003+NYPark Ave+10003'
-73.9740,40.7459,58,88,'NYTunnel Entrance St10003'
-73.9740,40.6044,0,4,'NYVan Sicklen St10003'
-73.9740,40.7380,623,1529,'NYF D R Dr10003|NYF D R Dr10003+NYF D R Dr+10003|NYF D R Dr10002'
-73.9740,40.7630,10584,2152,'NYE 57th St10003|NYE 57th St10003+NYW 57 St+10003|NYE 57th St10003+NYW 57th St+10003|NYE 57th St10003+NY5th Ave+10003|NYW 57 St10003|NYW 57 St10003+NY5th Ave+10003|NYW 57th St10003|NYW 57th St10003+NY5th Ave+10003'
-73.9740,40.7514,8841,5681,'NY3rd Ave10003+NYE 43rd St+10003|NYE 43rd St10003+NY3 Ave+10003'
-73.9740,40.6823,29,34,'NY6th Ave10003+NYPacific St+10003'
-73.9739,40.6409,37,665,'NYAve C10003+NYOcean Pkwy+10003'
-73.9739,40.8293,0,1,'NJHudson Ave10003+NJAdelaide Pl+10003|NJAdelaide Pl10003'
-73.9739,40.6838,43,118,'NYS Portland Ave10003+NYAcademy Park Pl+10003|NYAcademy Park Pl10003'
-73.9739,40.5923,0,4,'NYMcDonald Ave10003+NYAvenue W+10003'
-73.9739,40.9108,0,1,'NJShannon Ct10003'
-73.9739,40.6502,1,32,'NYE 8th St10003|NYE 8th St10003+NYOcean Pkwy+10003'
-73.9739,40.7378,660,3913,'NYF D R Dr10006|NYF D R Dr10006+NYF D R Dr+10006|NYF D R Dr10002'
-73.9739,40.6933,100,511,'NYWashington Park10003|NYWashington Park10003+NYMyrtle Ave+10003'
-73.9738,40.6682,15,270,'NYProspect Park W10003+NY3rd St+10003|NYProspect Park W10003+NYWest Dr+10003|NY3rd St10003|NY3rd St10003+NYWest Dr+10003|NYWest Dr10003'
-73.9738,40.6722,35,734,'NY8th Ave10003+NYCarroll St+10003'
-73.9738,40.7268,5,67,'NYE 13 St10003|NYE 13 St10003+NYE 13th St+10003|NYE 13 St10003+NYAve D+10003|NYE 13th St10003|NYE 13th St10003+NYAve D+10003'
-73.9738,40.6564,4,113,'NYProspect Park SW10003+NYTerrace Pl+10003|NYProspect Park SW10003+NYWindsor Pl+10003|NYTerrace Pl10003|NYTerrace Pl10003+NYWindsor Pl+10003|NYWindsor Pl10003'
-73.9738,40.6831,398,83,'NYS Portland Ave10003|NYS Portland Ave10003+NY6th Ave+10003|NYS Portland Ave10003+NYAtlantic Ave+10003|NY6th Ave10003'
-73.9738,40.6980,18,27,'NYCarlton Ave10003'
-73.9738,40.7604,7441,2870,'NYE 54th St10003+NYMadison Ave+10003|NYE 54 St10003+NYMadison Ave+10003'
-73.9737,40.7546,7834,5367,'NYE 47th St10003+NYLexington Ave+10003'
-73.9737,40.6507,0,25,'NYOcean Pkwy10003+NYSherman St+10003|NYSherman St10003'
-73.9737,40.8719,0,2,'NJOverlook Pl10003|NJOverlook Pl10003+NJJones Rd+10003'
-73.9737,40.7743,12,15,'NYCentral Park Driveway10003'
-73.9737,40.7946,955,1528,'NYW 95th St10003+NYW End Ave+10003|NYW End Ave10003+NYW 95 St+10003'
-73.9737,40.6238,1,14,'NYAve J10003+NYE 3rd St+10003'
-73.9737,40.8603,1,1,'NJEllery Ave10003|NJEllery Ave10003+NJWest St+10003|NJWest St10003'
-73.9737,40.6771,112,577,'NY7th Ave10003+NYSterling Pl+10003'
-73.9737,40.8581,0,4,'NJI 9510001+NJKelby St+10001|NJKelby St10003'
-73.9737,40.8243,0,8,'NJGrand Cove Way10003'
-73.9737,40.9167,0,1,'NJHamilton Pl10003+NJHarsen Rd+10003|NJHarsen Rd10003'
-73.9737,40.6484,1,10,'NYE 7th St10003|NYE 7th St10003+NYKermit Pl+10003'
-73.9737,40.7921,2478,1847,'NYW 92 St10003+NYBroadway+10003|NYW 92nd St10003+NYBroadway+10003'
-73.9737,40.7971,26,870,'NYW 98th St10003|NYW 98th St10003+NYRiverside Dr+10003|NYRiverside Dr10003+NYW 98 St+10003|NYW 98 St10003'
-73.9736,40.6873,149,1325,'NYLafayette Ave10003+NYS Oxford St+10003'
-73.9736,40.8671,1,12,'NJExecutive Dr10009|NJExecutive Dr10009+NJState Rte 4+10009'
-73.9736,40.7463,174,390,'NYE 37th St10003+NYTunnel Entrance St+10003'
-73.9736,40.7646,6073,6638,'NY5 Ave10003|NY5 Ave10003+NYGrand Army Plz+10003|NY5 Ave10003+NYCentral Park S+10003|NY5 Ave10003+NYW 59 St+10003|NYGrand Army Plz10003|NYGrand Army Plz10003+NYCentral Park S+10003|NYGrand Army Plz10003+NYW 59 St+10003|NYCentral Park S10003|NYW 59 St10003'
-73.9736,40.7896,1036,4518,'NYW 89 St10003+NYAmsterdam Ave+10003|NYW 89th St10003+NYAmsterdam Ave+10003'
-73.9736,40.7845,4008,3494,'NYW 83 St10003+NYColumbus Ave+10003|NYW 83rd St10003+NYColumbus Ave+10003'
-73.9736,40.7004,2,2,'NY5th St10003|NY5th St10003+NYMarket St+10003|NYMarket St10003'
-73.9736,40.7479,6112,6197,'NYE 39 St10003+NY2nd Ave+10003|NYE 39 St10003+NY2 Ave+10003|NY2nd Ave10003+NYE 39th St+10003|NYE 39th St10003+NY2 Ave+10003'
-73.9736,40.7988,23,72,'NYRiverside Dr10003+NYW 100 St+10003|NYW 100 St10003'
-73.9736,40.7795,3177,2548,'NYW 77th St10003|NYW 77th St10003+NYCentral Park W+10003|NYW 77 St10003|NYW 77 St10003+NYCentral Park W+10003'
-73.9736,40.7702,283,473,'NYCentral PkCtr Dr10003|NYCentral PkCtr Dr10003+NYCentral Park Driveway+10003|NYCentral PkCenter Dr10003|NYCentral PkCenter Dr10003+NYCentral Park Driveway+10003|NYCentral ParkCtr Dr10003|NYCentral ParkCtr Dr10003+NYCentral Park Driveway+10003|NYCenter Dr10003|NYCenter Dr10003+NYCentral Park Driveway+10003|NYCentral Park Driveway10003|NYCentral Park Driveway10003+NYCentral Park Driveway+10003|NYCentral ParkCenter Dr10003|NYCentral ParkCenter Dr10003+NYCentral Park Driveway+10003'
-73.9736,40.6556,5,95,'NYSeeley St10003|NYSeeley St10003+NYProspect Park SW+10003'
-73.9735,40.6577,1,0,'NYCenter Dr10003|NYCenter Dr10003+NYCenter Dr+10003|NYCenter Dr10003+NYCentral Dr+10003|NYCentral Dr10003|NYCentral Dr10003+NYCentral Dr+10003|NYCentral Dr10003+NYCenter Dr+10003'
-73.9735,40.7242,61,536,'NYE 10 St10003|NYE 10 St10003+NYF D R Dr+10003|NYF D R Dr10003+NYE 10th St+10003|NYE 10th St10003'
-73.9735,40.6917,11,581,'NYWashington Park10003+NYWilloughby Ave+10003|NYWilloughby Ave10003'
-73.9735,40.7578,5499,3358,'NYE 51st St10003+NYPark Ave+10003|NYE 51 St10003+NYPark Ave+10003'
-73.9735,40.6228,2,7,'NYBay Pkwy10003+NYE 3rd St+10003|NY22nd Ave10003+NYE 3rd St+10003|NYE 3rd St10003'
-73.9735,40.5853,0,2,'NYAtwater Ct10003'
-73.9735,40.7438,6615,11645,'NYE 34th St10003+NY1st Ave+10003|NYE 34th St10003+NY1 Ave+10003|NYE 34 St10003+NY1st Ave+10003|NYE 34 St10003+NY1 Ave+10003'
-73.9735,40.6786,900,1147,'NYProspect Pl10003+NYFlatbush Ave+10003'
-73.9735,40.6476,1,51,'NYCaton Ave10002+NYE 7th St+10002'
-73.9735,40.7521,7114,5543,'NY3rd Ave10003+NYE 44th St+10003|NYE 44th St10003+NY3 Ave+10003'
-73.9735,40.6114,0,13,'NYAve O10003+NYMcDonald Ave+10003'
-73.9735,40.8676,0,2,'NJState Rte 410002+NJGrandview Ave+10002|NJGrandview Ave10003'
-73.9735,40.5953,0,2,'NYMcDonald Ave10003+NYGravesend Neck Rd+10003'
-73.9735,40.7457,107,264,'NYTunnel Entrance St10003'
-73.9735,40.6961,29,240,'NYBrooklyn Queens Expy10001+NYCarlton Ave+10001'
-73.9735,40.7637,13605,2080,'NYW 58th St10003|NYW 58th St10003+NY5th Ave+10003|NYW 58th St10003+NYE 58th St+10003|NY5th Ave10003+NYE 58th St+10003|NYE 58th St10003'
-73.9735,40.7979,31,1034,'NYRiverside Dr10003+NYW 99th St+10003|NYRiverside Dr10003+NYW 99 St+10003|NYW 99th St10003|NYW 99 St10003'
-73.9735,40.5748,0,26,'NYW 5th St10003'
-73.9734,40.7936,86,687,'NYW 94th St10003+NYPomander Walk+10003|NYPomander Walk10003|NYPomander Walk10003+NYW 94 St+10003'
-73.9734,40.7056,0,1,'NYGee Ave10003'
-73.9734,40.8258,0,2,'NJHilliard Ave10003'
-73.9734,40.6273,0,1,'NYE 4th St10003|NYE 4th St10003+NYElmwood Ave+10003'
-73.9734,40.8572,0,1,'NJI 9510001|NJI 9510001+NJI 95+10001|NJI 9510001+NJUS Rte 1+10001|NJI 9510001+NJUS Rte 9+10001'
-73.9734,40.6017,0,12,'NYLake St10003+NYAvenue S+10003'
-73.9734,40.8271,0,1,'NJMariners Cove10003|NJMariners Cove10003+NJRiver Rd+10003|NJMariners Cove10003+NJOld River Rd+10003|NJRiver Rd10003+NJTower Dr+10003|NJOld River Rd10003+NJTower Dr+10003|NJTower Dr10003'
-73.9734,40.6729,53,466,'NY8th Ave10003+NYPresident St+10003'
-73.9734,40.6859,302,394,'NYS Oxford St10003|NYS Oxford St10003+NYFulton St+10003'
-73.9734,40.6165,1,21,'NYAve M10003+NYE 2nd St+10003'
-73.9733,40.6468,1,82,'NYFriel Pl10003|NYFriel Pl10003+NYE 7th St+10003'
-73.9733,40.6933,59,201,'NYMyrtle Ave10003|NYMyrtle Ave10003+NYMyrtle Ave+10003'
-73.9733,40.6688,10,340,'NYProspect Park W10003+NY2nd St+10003|NY2nd St10003'
-73.9733,40.6856,33,125,'NYS Oxford St10003+NYHanson Pl+10003'
-73.9733,40.6981,1,0,'NYSouth St10003'
-73.9733,40.6979,4,7,'NY7th Ave10003|NY7th Ave10003+NYFlushing Ave+10003'
-73.9733,40.7610,4904,2319,'NYE 55 St10003+NYMadison Ave+10003|NYMadison Ave10003+NYE 55th St+10003'
-73.9733,40.5965,0,1,'NYMcDonald Ave10003+NYVillage Rd N+10003'
-73.9733,40.7274,4,2,'NYE 14th St10003+NYAve D+10003|NYAve D10003|NYAve D10003+NYE 14 St+10003'
-73.9733,40.8288,0,1,'NJBeverly Pl10003|NJBeverly Pl10003+NJHudson Ave+10003'
-73.9733,40.7552,10017,11754,'NYE 48th St10003+NYLexington Ave+10003'
-73.9733,40.6858,243,127,'NYS Oxford St10003|NYS Oxford St10003+NYFulton St+10003|NYS Oxford St10003+NYGreene Ave+10003|NYFulton St10003+NYGreene Ave+10003|NYGreene Ave10003'
-73.9733,40.6988,0,1,'NYFarragut St10003|NYFarragut St10003+NY7th Ave+10003'
-73.9733,40.5844,0,1,'NYBokee Ct10003|NYBokee Ct10003+NYColby Ct+10003|NYColby Ct10003'
-73.9733,40.6546,6,74,'NYProspect Park SW10003+NYVanderbilt St+10003|NYVanderbilt St10003'
-73.9733,40.8316,1,0,'NJHudson Ter10003'
-73.9732,40.6777,244,523,'NYPark Pl10003+NY7th Ave+10003'
-73.9732,40.5970,0,8,'NYAve U10003+NYMcDonald Ave+10003'
-73.9732,40.8455,3,4,'NJRiverdale Dr10003+NJOleri Ter+10003|NJOleri Ter10003'
-73.9732,40.6263,0,12,'NYAve I10003+NYE 4th St+10003'
-73.9732,40.7953,1534,3182,'NYW 96 St10003+NYW End Ave+10003|NYW 96th St10003+NYW End Ave+10003'
-73.9732,40.5827,0,7,'NYShore Pkwy S10003+NYWest Ave+10003|NYWest Ave10003'
-73.9732,40.6993,0,1,'NY7th Ave10003|NY7th Ave10003+NY8th St+10003|NY7th Ave10003+NYPaulding St+10003|NY8th St10003+NYPaulding St+10003|NYPaulding St10003'
-73.9732,40.6326,1,13,'NYCristoforo Colombo Blvd10003+NYE 5th St+10003|NYE 5th St10003|NYE 5th St10003+NY18th Ave+10003'
-73.9732,40.6043,1,3,'NYDahill Rd10003|NYDahill Rd10003+NYKings Hwy+10003'
-73.9732,40.7927,2590,3703,'NYW 93rd St10003+NYBroadway+10003|NYW 93 St10003+NYBroadway+10003'
-73.9732,40.7469,587,2197,'NYE 38th St10003+NYTunnel Entrance St+10003'
-73.9732,40.8556,0,8,'NJLewis St10003|NJLewis St10003+NJLinwood Ave+10003'
-73.9732,40.7651,754,581,'NYGrand Army Plz10003|NYGrand Army Plz10003+NYDoris C Freedman Pl+10003|NYGrand Army Plz10003+NYEast Dr+10003|NYDoris C Freedman Pl10003|NYDoris C Freedman Pl10003+NYEast Dr+10003|NYEast Dr10003'
-73.9732,40.7986,49,1531,'NYRiverside Dr10003+NYW 100th St+10003|NYRiverside Dr10003+NYW 100 St+10003|NYW 100th St10003'
-73.9731,40.7902,993,2904,'NYW 90 St10003+NYAmsterdam Ave+10003|NYW 90th St10003+NYAmsterdam Ave+10003|NYAmsterdam Ave10003+NYHenry Browne Block+10003|NYHenry Browne Block10003'
-73.9731,40.7404,129,163,'NYE 30 St10003|NYE 30 St10003+NYF D R Dr+10003|NYF D R Dr10003+NYE 30th St+10003|NYE 30th St10003'
-73.9731,40.7485,4573,7282,'NY2nd Ave10003+NYE 40th St+10003|NYE 40th St10003+NY2 Ave+10003'
-73.9731,40.7852,3937,3393,'NYW 84 St10003+NYColumbus Ave+10003|NYW 84th St10003+NYColumbus Ave+10003'
-73.9731,40.6896,3260,2841,'NYCumberland St10003|NYCumberland St10003+NYWashington Park+10003|NYWashington Park10003|NYWashington Park10003+NYDekalb Ave+10003'
-73.9731,40.6583,1,0,'NYNethermead Arches10004|NYNethermead Arches10004+NYCentral Dr+10004|NYNethermead Arches10004+NYWest Dr+10004|NYNethermead Arches10004+NYCenter Dr+10004|NYCenter Dr10004|NYCenter Dr10004+NYCentral Dr+10004|NYCenter Dr10004+NYWest Dr+10004|NYCenter Dr10004+NYCenter Dr+10004|NYCentral Dr10003|NYCentral Dr10003+NYCentral Dr+10003|NYCentral Dr10003+NYWest Dr+10003|NYCentral Dr10003+NYCenter Dr+10003|NYCentral Dr10004|NYCentral Dr10004+NYWest Dr+10004|NYCentral Dr10004+NYCenter Dr+10004|NYWest Dr10003|NYWest Dr10003+NYCenter Dr+10003|NYCenter Dr10003'
-73.9731,40.5978,0,6,'NYWhitney Pl10003'
-73.9731,40.7739,5,11,'NYCentral Park Driveway10003|NYCentral Park Driveway10003+NY72nd St Transverse+10003'
-73.9731,40.8668,0,2,'NJExecutive Dr10009+NJState Rte 4+10009'
-73.9731,40.6455,9,90,'NYChurch Ave10003+NYE 7th St+10003'
-73.9731,40.5834,1,2,'NYColby Ct10003'
-73.9731,40.7584,8687,2054,'NYE 52nd St10003+NYPark Ave+10003|NYE 52 St10003+NYPark Ave+10003'
-73.9731,40.8823,0,3,'NJHuguenot Ave10003|NJHuguenot Ave10003+NJHutchinson Rd+10003|NJHuguenot Ave10003+NJBroad Ave+10003|NJHutchinson Rd10003|NJHutchinson Rd10003+NJBroad Ave+10003'
-73.9731,40.7291,18,39,'NYE 16th St10003|NYE 16th St10003+NYE 16 St+10003|NYE 16 St10003'
-73.9731,40.6780,730,892,'NY7th Ave10003|NY7th Ave10003+NYFlatbush Ave+10003'
-73.9731,40.6539,7,93,'NYProspect Park SW10003+NYReeve Pl+10003|NYReeve Pl10003'
-73.9731,40.6043,2,5,'NYLake St10003'
-73.9730,40.7527,10065,5053,'NY3rd Ave10003+NYE 45th St+10003|NYE 45th St10003+NY3 Ave+10003'
-73.9730,40.5761,0,6,'NYW 5th St10003+NYSea Breeze Ave+10003|NYSea Breeze Ave10003'
-73.9730,40.6841,4,152,'NYS Oxford St10003+NYAtlantic Cmns+10003|NYAtlantic Cmns10003'
-73.9730,40.7445,1717,997,'NYE 35 St10003+NY1st Ave+10003|NYE 35 St10003+NY1 Ave+10003|NY1st Ave10003+NYE 35th St+10003|NYE 35th St10003+NY1 Ave+10003'
-73.9730,40.5985,0,10,'NYSloan Pl10003'
-73.9730,40.7643,12759,4923,'NYGrand Army Plz10003|NYGrand Army Plz10003+NYE 59th St+10003|NYGrand Army Plz10003+NY5th Ave+10003|NYGrand Army Plz10003+NYE 59 St+10003|NYE 59th St10003|NYE 59th St10003+NY5th Ave+10003|NY5th Ave10003+NYE 59 St+10003|NYE 59 St10003'
-73.9730,40.6509,3,45,'NYOcean Pkwy10003'
-73.9730,40.8690,0,1,'NJState Rte 410002+NJMyrtle Ave+10002|NJState Rte 410002+NJKenwood St+10002|NJMyrtle Ave10003|NJMyrtle Ave10003+NJKenwood St+10003|NJKenwood St10003'
-73.9730,40.6088,0,36,'NYAve P10003+NY65th St+10003|NY65th St10003'
-73.9730,40.6936,16,246,'NYMyrtle Ave10003|NYMyrtle Ave10003+NYCarlton Ave+10003'
-73.9730,40.8928,1,2,'NJGrand Ave10003|NJGrand Ave10003+NJE Palisade Ave+10003|NJGrand Ave10003+NJEngle St+10003|NJE Palisade Ave10003+NJEngle St+10003|NJEngle St10003'
-73.9730,40.5902,0,9,'NYW 3rd St10003|NYW 3rd St10003+NYStryker St+10003|NYW 3rd St10003+NYAve X+10003|NYStryker St10003|NYStryker St10003+NYAve X+10003'
-73.9730,40.8882,0,1,'NJChester Pl10003|NJChester Pl10003+NJDwight Pl+10003'
-73.9730,40.6507,0,2,'NYOcean Pkwy10003'
-73.9730,40.6735,90,1025,'NYUnion St10003+NY8th Ave+10003'
-73.9729,40.6477,0,32,'NYE 8th St10003'
-73.9729,40.7943,122,123,'NYW 95th St10003+NYPomander Walk+10003|NYPomander Walk10003|NYPomander Walk10003+NYW 95 St+10003'
-73.9729,40.6679,0,1,'NYWest Dr10003|NYWest Dr10003+NYWest Dr+10003'
-73.9729,40.6933,251,743,'NYMyrtle Ave10003+NYCarlton Ave+10003'
-73.9729,40.5910,0,2,'NYSouthgate Ct10003|NYSouthgate Ct10003+NYStryker St+10003'
-73.9729,40.7690,342,569,'NY65th St Transverse10003+NYEast Dr+10003'
-73.9729,40.6294,5,19,'NYE 5th St10003|NYE 5th St10003+NYFoster Ave+10003'
-73.9729,40.7616,3246,1507,'NYE 56 St10003+NYMadison Ave+10003|NYE 56th St10003+NYMadison Ave+10003'
-73.9728,40.6857,261,315,'NYHanson Pl10003|NYHanson Pl10003+NYFulton St+10003'
-73.9728,40.6487,1,16,'NYE 8th St10003+NYKermit Pl+10003|NYKermit Pl10003'
-73.9728,40.8301,1,5,'NJValley Ter10003|NJValley Ter10003+NJHudson Ter+10003|NJHudson Ter10003|NJHudson Ter10003+NJValley Pl+10003|NJValley Pl10003'
-73.9728,40.6694,13,228,'NY1st St10003|NY1st St10003+NYProspect Park W+10003'
-73.9728,40.7559,11352,13605,'NYE 49th St10003+NYLexington Ave+10003'
-73.9728,40.5767,0,32,'NYW 5th St10003+NYW Brighton Ave+10003|NYW Brighton Ave10003'
-73.9728,40.8296,1,2,'NJBeverly Pl10003'
-73.9728,40.6979,4,52,'NYAdelphi St10003'
-73.9728,40.8612,0,1,'NJExecutive Dr10009|NJExecutive Dr10009+NJEllery Ave+10009|NJEllery Ave10003'
-73.9728,40.5917,0,4,'NYStryker Ct10003|NYStryker Ct10003+NYStryker St+10003'
-73.9728,40.6188,0,1,'NYE 3rd St10003'
-73.9728,40.6239,0,9,'NYE 4th St10003+NYAve J+10003'
-73.9728,40.6829,85,145,'NYS Oxford St10003|NYS Oxford St10003+NYAtlantic Ave+10003'
-73.9728,40.8359,1,3,'NJGlenwood Ave10003|NJGlenwood Ave10003+NJUndercliff Ave+10003'
-73.9727,40.5889,1,7,'NYBouck Ct10003|NYBouck Ct10003+NYW 3rd St+10003'
-73.9727,40.7934,3262,3708,'NYW 94th St10003+NYBroadway+10003|NYW 94 St10003+NYBroadway+10003'
-73.9727,40.7476,2044,3904,'NYE 39 St10003+NYTunnel Entrance St+10003|NYE 39th St10003+NYTunnel Entrance St+10003'
-73.9727,40.6237,6,12,'NYE 4th St10003+NYBay Pkwy+10003|NYE 4th St10003+NY22nd Ave+10003'
-73.9727,40.8740,0,2,'NJCulver St10003|NJCulver St10003+NJJones Rd+10003'
-73.9727,40.7959,1081,3456,'NYW End Ave10003+NYW 97th St+10003'
-73.9727,40.6775,490,285,'NYPark Pl10003+NYFlatbush Ave+10003'
-73.9727,40.7492,4118,4985,'NYE 41st St10003+NY2nd Ave+10003|NYE 41st St10003+NY2 Ave+10003'
-73.9727,40.7909,824,2741,'NYW 91 St10003+NYAmsterdam Ave+10003|NYW 91st St10003+NYAmsterdam Ave+10003'
-73.9727,40.6874,194,1726,'NYLafayette Ave10003+NYCumberland St+10003'
-73.9727,40.6526,8,166,'NYProspect Park SW10003+NYGreenwood Ave+10003|NYGreenwood Ave10003'
-73.9727,40.8798,0,1,'NJFountain Rd10003+NJArch Rd+10003|NJArch Rd10003'
-73.9727,40.5924,0,8,'NYStryker St10003+NYAvenue W+10003'
-73.9727,40.6129,0,16,'NYE 2nd St10003+NYRyder Ave+10003'
-73.9727,40.7858,3894,4450,'NYW 85 St10003+NYColumbus Ave+10003|NYW 85th St10003+NYColumbus Ave+10003'
-73.9727,40.6485,0,20,'NYE 8th St10003+NYKermit Pl+10003|NYKermit Pl10003'
-73.9727,40.8420,0,1,'NJDiana Walk10003|NJDiana Walk10003+NJHorizon Rd+10003|NJDiana Walk10003+NJHorizon Rd N+10003|NJHorizon Rd10003|NJHorizon Rd10003+NJHorizon Rd+10003|NJHorizon Rd10003+NJHorizon Rd N+10003|NJHorizon Rd N10003'
-73.9727,40.6996,1,2,'NY8th St10003|NY8th St10003+NYMarket St+10003'
-73.9726,40.6283,0,1,'NYE 5th St10003+NYWalsh Ct+10003|NYWalsh Ct10003'
-73.9726,40.8561,0,1,'NJKelby10003|NJKelby10003+NJBridge Plz S+10003|NJKelby10003+NJKelby St+10003|NJKelby10003+NJLinwood Ave+10003|NJBridge Plz S10003|NJBridge Plz S10003+NJKelby St+10003|NJBridge Plz S10003+NJLinwood Ave+10003|NJKelby St10003|NJKelby St10003+NJKelby St+10003|NJKelby St10003+NJLinwood Ave+10003'
-73.9726,40.7591,15549,1915,'NYE 53rd St10003+NYPark Ave+10003|NYPark Ave10003+NYE 53 St+10003'
-73.9726,40.6280,0,1,'NYE 5th St10003'
-73.9726,40.6337,20,174,'NYAve F10003|NYAve F10003+NYOcean Pkwy+10003'
-73.9726,40.5881,0,4,'NYW 3rd St10003+NYAve Y+10003'
-73.9726,40.8417,0,2,'NJDiana Walk10003'
-73.9726,40.7533,7366,5435,'NY3rd Ave10003+NYE 46th St+10003|NYE 46th St10003+NY3 Ave+10003'
-73.9726,40.7451,1153,2499,'NY1st Ave10003+NYE 36th St+10003|NYE 36th St10003+NY1 Ave+10003'
-73.9726,40.7405,561,117,'NYFdr Drive Svc Rd E10006|NYFdr Drive Svc Rd E10006+NYF D R Dr+10006|NYFdr Drive Svc Rd E10006+NYFdr Drive Svc Rd E+10006|NYF D R Dr10006|NYF D R Dr10006+NYFdr Drive Svc Rd E+10006'
-73.9726,40.6917,64,1170,'NYCarlton Ave10003+NYWilloughby Ave+10003'
-73.9726,40.7649,7015,2125,'NYE 60th St10003|NYE 60th St10003+NYDoris C Freedman Pl+10003|NYE 60th St10003+NY5th Ave+10003|NYDoris C Freedman Pl10003|NYDoris C Freedman Pl10003+NY5th Ave+10003|NYDoris C Freedman Pl10003+NYE 60 St+10003|NY5th Ave10003+NYE 60 St+10003|NYE 60 St10003'
-73.9725,40.7991,26,1029,'NYRiverside Dr10003+NYW 101 St+10003|NYRiverside Dr10003+NYW 101st St+10003|NYW 101 St10003|NYW 101st St10003'
-73.9725,40.6741,48,292,'NYBerkeley Pl10003+NY8th Ave+10003'
-73.9725,40.6226,0,2,'NYE 4th St10003'
-73.9725,40.8628,0,1,'NJLinwood Dr10003'
-73.9725,40.6274,0,18,'NYE 5th St10003|NYE 5th St10003+NYElmwood Ave+10003'
-73.9725,40.5938,0,5,'NYStryker St10003|NYStryker St10003+NYVillage Rd S+10003'
-73.9725,40.7731,28,18,'NYCentral Park Driveway10003|NYCentral Park Driveway10003+NYCentral Park Driveway+10003'
-73.9725,40.8443,0,1,'NJWestview Ave10003|NJWestview Ave10003+NJState Rte 67+10003|NJWestview Ave10003+NJPalisade Ave+10003'
-73.9725,40.5874,0,3,'NYW 3rd St10003+NYCobek Ct+10003|NYCobek Ct10003'
-73.9725,40.6506,1,6,'NYOcean Pkwy10003|NYOcean Pkwy10003+NYPark Cir+10003|NYPark Cir10003'
-73.9725,40.6026,1,3,'NYColin Pl10003'
-73.9725,40.6961,25,369,'NYBrooklyn Queens Expy10001+NYAdelphi St+10001'
-73.9724,40.6772,697,345,'NYCarlton Ave10003|NYCarlton Ave10003+NYFlatbush Ave+10003'
-73.9724,40.6240,2,7,'NYBay Pkwy10003+NYAve J+10003|NYAve J10003+NY22nd Ave+10003'
-73.9724,40.8709,1,3,'NJState Rte 410002|NJState Rte 410002+NJState Rte 4+10002'
-73.9724,40.6057,2,64,'NYWoodside Ave10003'
-73.9724,40.6517,11,83,'NYProspect Park SW10003'
-73.9724,40.8287,1,2,'NJRiver Rd10003+NJState Rte 5+10003|NJOld River Rd10003+NJState Rte 5+10003|NJState Rte 510002'
-73.9724,40.7565,10711,13184,'NYE 50th St10003+NYLexington Ave+10003|NYE 50 St10003+NYLexington Ave+10003'
-73.9724,40.7623,6537,4378,'NYE 57th St10003+NYMadison Ave+10003'
-73.9724,40.6681,0,1,'NYWest Dr10003|NYWest Dr10003+NYWest Dr+10003'
-73.9724,40.6033,0,2,'NYBillings Pl10003'
-73.9724,40.6676,3,3,'NYWest Dr10003|NYWest Dr10003+NYWest Dr+10003'
-73.9723,40.6774,169,152,'NYPark Pl10003+NYCarlton Ave+10003'
-73.9723,40.5867,0,2,'NYW 3rd St10003+NYDank Ct+10003|NYDank Ct10003'
-73.9723,40.6167,3,23,'NYE 3rd St10003+NYAve M+10003'
-73.9723,40.6700,17,722,'NYProspect Park W10003+NYGarfield Pl+10003|NYGarfield Pl10003'
-73.9723,40.8344,0,1,'NJS Glen Ln10003'
-73.9723,40.6264,0,16,'NYE 5th St10003+NYAve I+10003'
-73.9723,40.6479,1,20,'NYE 8th St10003|NYE 8th St10003+NYCaton Ave+10003'
-73.9723,40.7482,455,1256,'NYE 40th St10003+NYTunnel Entrance St+10003|NYTunnel Entrance St10003'
-73.9723,40.8645,0,2,'NJHilltop Ct10003'
-73.9723,40.7940,4747,1896,'NYW 95th St10003+NYBroadway+10003|NYW 95 St10003+NYBroadway+10003'
-73.9723,40.6854,80,245,'NYFulton St10003+NYCumberland St+10003'
-73.9723,40.7966,788,2155,'NYW 98th St10003+NYW End Ave+10003|NYW 98 St10003+NYW End Ave+10003'
-73.9723,40.7432,1557,2365,'NYE 34th St10003+NYF D R Dr+10003|NYE 34 St10003+NYF D R Dr+10003|NYF D R Dr10003'
-73.9722,40.7915,1025,2137,'NYW 92 St10003+NYAmsterdam Ave+10003|NYAmsterdam Ave10003+NYW 92nd St+10003'
-73.9722,40.7695,28,34,'NYThe Mall10003|NYThe Mall10003+NYCentral PkCtr Dr+10003|NYThe Mall10003+NYCentral PkCenter Dr+10003|NYThe Mall10003+NYCentral ParkCtr Dr+10003|NYThe Mall10003+NYCenter Dr+10003|NYThe Mall10003+NYCentral Park Driveway+10003|NYThe Mall10003+NYCentral ParkCenter Dr+10003|NYThe Mall10003+NYEast Dr+10003|NYCentral PkCtr Dr10003|NYCentral PkCtr Dr10003+NYEast Dr+10003|NYCentral PkCenter Dr10003|NYCentral PkCenter Dr10003+NYEast Dr+10003|NYCentral ParkCtr Dr10003|NYCentral ParkCtr Dr10003+NYEast Dr+10003|NYCenter Dr10003|NYCenter Dr10003+NYEast Dr+10003|NYCentral Park Driveway10003|NYCentral Park Driveway10003+NYEast Dr+10003|NYCentral ParkCenter Dr10003|NYCentral ParkCenter Dr10003+NYEast Dr+10003'
-73.9722,40.7423,123,193,'NYFdr Drive Svc Rd E10006'
-73.9722,40.7498,7301,7908,'NYE 42nd St10003+NY2nd Ave+10003|NYE 42nd St10003+NY2 Ave+10003'
-73.9722,40.7688,166,229,'NY65th St Transverse10003|NY65th St Transverse10003+NY65th St Transverse+10003'
-73.9722,40.7865,5668,7957,'NYW 86th St10003+NYColumbus Ave+10003|NYW 86 St10003+NYColumbus Ave+10003'
-73.9722,40.9130,0,1,'NJW Ivy Ln10003|NJW Ivy Ln10003+NJTenafly Rd+10003'
-73.9722,40.6331,6,26,'NYCristoforo Colombo Blvd10003+NYOcean Pkwy+10003|NY18th Ave10003+NYOcean Pkwy+10003'
-73.9722,40.7597,10091,2279,'NYE 54th St10003+NYPark Ave+10003|NYE 54 St10003+NYPark Ave+10003'
-73.9721,40.8592,0,2,'NJCross St10003|NJCross St10003+NJUS Rte 9w+10003'
-73.9721,40.7539,6152,4946,'NY3rd Ave10003+NYE 47th St+10003|NY3 Ave10003+NYE 47th St+10003'
-73.9721,40.7432,125,300,'NYE 34th St10003|NYE 34th St10003+NYF D R Dr+10003|NYE 34 St10003|NYE 34 St10003+NYF D R Dr+10003'
-73.9721,40.7457,1694,3754,'NY1st Ave10003+NYTunnel Entrance St+10003|NY1st Ave10003+NYE 37th St+10003|NYTunnel Entrance St10003|NYTunnel Entrance St10003+NYE 37th St+10003|NYTunnel Entrance St10003+NY1 Ave+10003|NYE 37th St10003+NY1 Ave+10003'
-73.9721,40.6314,5,19,'NYLawrence Ave10003|NYLawrence Ave10003+NYNewkirk Ave+10003|NYLawrence Ave10003+NYOcean Pkwy+10003|NYNewkirk Ave10003|NYNewkirk Ave10003+NYOcean Pkwy+10003'
-73.9721,40.5855,0,14,'NYAtwater Ct10003|NYAtwater Ct10003+NYW 3rd St+10003'
-73.9721,40.7655,5034,2564,'NYE 61st St10003|NYE 61st St10003+NY5th Ave+10003|NYE 61 St10003|NYE 61 St10003+NY5th Ave+10003'
-73.9721,40.6748,53,409,'NYLincoln Pl10003+NY8th Ave+10003'
-73.9721,40.6459,1,25,'NYChurch Ave10003+NYE 8th St+10003|NYE 8th St10003'
-73.9721,40.5903,0,5,'NYW 2nd St10003|NYW 2nd St10003+NYAve X+10003'
-73.9721,40.8626,0,1,'NJLinwood Dr10003+NJRidge Way+10003'
-73.9721,40.6843,11,249,'NYAtlantic Cmns10003|NYAtlantic Cmns10003+NYCumberland St+10003'
-73.9720,40.8503,0,1,'NJGerome Ave10003+NJHoym St+10003'
-73.9720,40.8661,0,1,'NJCrest Ln10003'
-73.9720,40.8481,0,1,'NJBeverly Hills Rd10003'
-73.9720,40.6505,3,2,'NYConey Island Ave10003'
-73.9720,40.7269,12,14,'NYF D R Dr10003|NYF D R Dr10003+NYE 14th St Exn+10003|NYF D R Dr10003+NYE 14th St+10003|NYF D R Dr10003+NYE 14 St+10003|NYE 14th St Exn10003|NYE 14th St Exn10003+NYE 14th St+10003|NYE 14th St Exn10003+NYE 14 St+10003|NYE 14th St10003|NYE 14 St10003'
-73.9720,40.6783,41,231,'NYProspect Pl10003+NYCarlton Ave+10003'
-73.9720,40.8449,0,1,'NJPalisade Ter10003|NJPalisade Ter10003+NJRiverdale Dr+10003|NJPalisade Ter10003+NJState Rte 67+10003|NJPalisade Ter10003+NJPalisade Ave+10003|NJRiverdale Dr10003|NJRiverdale Dr10003+NJState Rte 67+10003|NJRiverdale Dr10003+NJPalisade Ave+10003'
-73.9720,40.8265,1,5,'NJMariners Cove10003|NJMariners Cove10003+NJMariners Cove+10003|NJMariners Cove10003+NJTower Dr+10003|NJTower Dr10003|NJTower Dr10003+NJMariners Cove+10003'
-73.9720,40.6323,2,10,'NYOcean Pkwy10002+NYWebster Ave+10002'
-73.9720,40.7278,2,3,'NYE 15 St10003+NYF D R Dr+10003|NYF D R Dr10003|NYF D R Dr10003+NYE 15th St+10003'
-73.9719,40.6452,1,70,'NYTurner Pl10003|NYTurner Pl10003+NYE 8th St+10003'
-73.9719,40.6246,3,40,'NYE 5th St10003+NYBay Pkwy+10003|NYE 5th St10003+NY22nd Ave+10003'
-73.9719,40.8349,1,3,'NJN Glen Ln10003|NJN Glen Ln10003+NJGlenwood Ave+10003|NJN Glen Ln10003+NJS Glen Ln+10003|NJGlenwood Ave10003+NJS Glen Ln+10003|NJS Glen Ln10003'
-73.9719,40.7997,33,1002,'NYRiverside Dr10003+NYW 102 St+10003|NYRiverside Dr10003+NYW 102nd St+10003|NYW 102 St10003|NYW 102nd St10003'
-73.9719,40.9181,0,1,'NJLouise Ln10003|NJLouise Ln10003+NJBenjamin Rd+10003'
-73.9719,40.6501,5,53,'NYConey Island Ave10003+NYCaton Pl+10003|NYCaton Pl10003'
-73.9719,40.8436,0,1,'NJHorizon Rd10003'
-73.9719,40.5994,0,2,'NYWest St10003|NYWest St10003+NYAve T+10003'
-73.9719,40.7571,14212,9924,'NYE 51st St10003+NYLexington Ave+10003|NYE 51 St10003+NYLexington Ave+10003'
-73.9719,40.6514,1,4,'NYS Lake Dr10003'
-73.9719,40.6332,3,41,'NYCristoforo Colombo Blvd10003+NYOcean Pkwy+10003|NY18th Ave10003+NYOcean Pkwy+10003'
-73.9719,40.6764,673,864,'NYFlatbush Ave10003+NYSterling Pl+10003'
-73.9719,40.5944,0,1,'NYVillage Rd E10003+NYW 1st St+10003|NYW 1st St10003'
-73.9719,40.7268,46,85,'NYE 14th St Exn10003'
-73.9719,40.6932,243,1136,'NYMyrtle Ave10003+NYAdelphi St+10003'
-73.9719,40.7630,11443,9879,'NYMadison Ave10003+NYE 58th St+10003'
-73.9719,40.6191,0,4,'NYAve L10003+NYE 4th St+10003'
-73.9719,40.7285,28,17,'NYF D R Dr10003|NYF D R Dr10003+NYF D R Dr+10003'
-73.9719,40.6315,3,19,'NYNewkirk Ave10003+NYOcean Pkwy+10003'
-73.9718,40.6240,5,24,'NYE 5th St10003+NYAve J+10003'
-73.9718,40.6706,21,445,'NYProspect Park W10003+NYMontgomery Pl+10003|NYMontgomery Pl10003'
-73.9718,40.6444,15,265,'NYHinckley Pl10003|NYHinckley Pl10003+NYE 8th St+10003'
-73.9718,40.7972,971,3655,'NYW 99th St10003+NYW End Ave+10003|NYW 99 St10003+NYW End Ave+10003'
-73.9718,40.7947,7050,3734,'NYW 96 St10003+NYBroadway+10003|NYW 96th St10003+NYBroadway+10003'
-73.9718,40.6979,9,80,'NYClermont Ave10003|NYClermont Ave10003+NY8th Ave+10003|NY8th Ave10003|NY8th Ave10003+NYFlushing Ave+10003'
-73.9718,40.5938,0,1,'NYW 1st St10003+NYVillage Rd S+10003|NYVillage Rd S10003'
-73.9718,40.7921,1413,2354,'NYW 93rd St10003+NYAmsterdam Ave+10003|NYAmsterdam Ave10003+NYW 93 St+10003'
-73.9718,40.5987,0,2,'NYWest St10003+NYSloan Pl+10003|NYSloan Pl10003'
-73.9717,40.6324,1,4,'NYOcean Pkwy10003+NYWebster Ave+10003'
-73.9717,40.5837,1,3,'NYW 3rd St10003'
-73.9717,40.6460,1,26,'NYE 8th St10003|NYE 8th St10003+NYChurch Ave+10003'
-73.9717,40.6826,77,217,'NYCumberland St10003|NYCumberland St10003+NYAtlantic Ave+10003'
-73.9717,40.7277,8,16,'NYE 15 St10003|NYE 15 St10003+NYF D R Dr+10003|NYE 15th St10003|NYE 15th St10003+NYF D R Dr+10003|NYF D R Dr10003'
-73.9717,40.7820,8374,6823,'NYW 79st Transverse Rd10003|NYW 79st Transverse Rd10003+NYW 81st St+10003|NYW 79st Transverse Rd10003+NYW 81 St+10003|NYW 79st Transverse Rd10003+NYCentral Park W+10003|NYW 81st St10003|NYW 81st St10003+NYCentral Park W+10003|NYW 81 St10003|NYW 81 St10003+NYCentral Park W+10003'
-73.9717,40.6307,5,32,'NYOcean Pkwy10002|NYOcean Pkwy10002+NYParkville Ave+10002'
-73.9717,40.7505,5039,4628,'NYE 43rd St10003+NY2nd Ave+10003|NYE 43rd St10003+NY2 Ave+10003'
-73.9717,40.6792,38,505,'NYCarlton Ave10003+NYSt Marks Ave+10003'
-73.9717,40.7439,140,497,'NYE 35 St10003|NYE 35 St10003+NYF D R Dr+10003|NYE 35th St10003|NYE 35th St10003+NYF D R Dr+10003|NYF D R Dr10002+NYF D R Dr+10002|NYF D R Dr10003'
-73.9717,40.7603,8402,1840,'NYE 55 St10003+NYPark Ave+10003|NYE 55th St10003+NYPark Ave+10003'
-73.9717,40.6133,1,35,'NYE 3rd St10003+NYRyder Ave+10003'
-73.9717,40.7872,1567,2736,'NYW 87th St10003+NYColumbus Ave+10003|NYW 87 St10003+NYColumbus Ave+10003'
-73.9717,40.7463,978,2091,'NY1st Ave10003+NYE 38th St+10003|NYE 38th St10003+NY1 Ave+10003'
-73.9717,40.5882,0,19,'NYAve Y10003+NYW 2nd St+10003'
-73.9717,40.7546,6643,4848,'NYE 48th St10003+NY3rd Ave+10003|NYE 48th St10003+NY3 Ave+10003'
-73.9716,40.7661,2555,1132,'NYE 62nd St10003|NYE 62nd St10003+NY5th Ave+10003'
-73.9716,40.6988,0,1,'NYFarragut St10003|NYFarragut St10003+NY8th Ave+10003'
-73.9716,40.5979,0,13,'NYWhitney Pl10003|NYWhitney Pl10003+NYWest St+10003'
-73.9716,40.9096,1,2,'NJStockton Pl10003'
-73.9716,40.8270,0,1,'NJMariners Cove10003'
-73.9716,40.6511,2,4,'NYParkside Ave10003'
-73.9716,40.6755,86,113,'NY8th Ave10003+NYSt Johns Pl+10003'
-73.9716,40.8373,0,3,'NJMyrtle Ave10003|NJMyrtle Ave10003+NJNorth St+10003'
-73.9716,40.6316,2,37,'NYNewkirk Ave10003+NYOcean Pkwy+10003'
-73.9716,40.7462,356,331,'NYQueens Midtown Tunl10001|NYQueens Midtown Tunl10001+NYTunnel Entrance St+10001|NYTunnel Entrance St10003|NYTunnel Entrance St10003+NYI 495+10003|NYI 49510001'
-73.9716,40.6488,5,61,'NYConey Island Ave10003+NYKermit Pl+10003|NYKermit Pl10003'
-73.9716,40.6225,0,4,'NYE 5th St10003'
-73.9715,40.8454,0,2,'NJState Rte 6710002+NJMcCloud Dr+10002|NJMcCloud Dr10003|NJMcCloud Dr10003+NJPalisade Ave+10003'
-73.9715,40.7462,294,462,'NYQueens Midtown Tunl10001+NYE 38th St+10001|NYE 38th St10003+NYI 495+10003'
-73.9715,40.6996,0,3,'NY8th Ave10003|NY8th Ave10003+NYMarket St+10003'
-73.9715,40.5964,0,2,'NYVillage Rd N10003'
-73.9715,40.5766,0,2,'NYW Brighton Ave10003+NYW 3rd St+10003|NYW 3rd St10003'
-73.9715,40.8347,0,6,'NJGlenwood Ave10003|NJGlenwood Ave10003+NJRiver Rd+10003|NJGlenwood Ave10003+NJOld River Rd+10003'
-73.9715,40.7286,6,24,'NYMarginal St10003'
-73.9715,40.5972,0,20,'NYWest St10003+NYAve U+10003'
-73.9715,40.8003,36,1016,'NYW 103rd St10003|NYW 103rd St10003+NYRiverside Dr+10003|NYRiverside Dr10003+NYW 103 St+10003|NYW 103 St10003'
-73.9715,40.7577,15404,4523,'NYE 52nd St10003+NYLexington Ave+10003|NYE 52 St10003+NYLexington Ave+10003'
-73.9714,40.6309,3,13,'NYOcean Pkwy10003|NYOcean Pkwy10003+NYParkville Ave+10003'
-73.9714,40.6737,30,415,'NYBerkeley Pl10003'
-73.9714,40.6961,45,361,'NYBrooklyn Queens Expy10001+NYClermont Ave+10001'
-73.9714,40.6861,270,1926,'NYCarlton Ave10003+NYGreene Ave+10003'
-73.9714,40.6019,0,27,'NYAvenue S10003+NYE 1st St+10003|NYE 1st St10003'
-73.9714,40.6745,5,85,'NYLincoln Pl10003'
-73.9714,40.6758,592,523,'NY8th Ave10003|NY8th Ave10003+NYFlatbush Ave+10003'
-73.9714,40.5918,0,5,'NYStryker Ct10003|NYStryker Ct10003+NYW 1st St+10003'
-73.9714,40.6168,4,21,'NYAve M10003+NYE 4th St+10003'
-73.9714,40.7636,4315,1939,'NYMadison Ave10003+NYE 59th St+10003|NYMadison Ave10003+NYE 59 St+10003'
-73.9714,40.6483,7,21,'NYCaton Ave10002+NYConey Island Ave+10002'
-73.9714,40.6801,48,295,'NYCarlton Ave10003+NYBergen St+10003'
-73.9714,40.6290,22,98,'NYAve H10003|NYAve H10003+NYOcean Pkwy+10003'
-73.9714,40.7446,181,1314,'NYE 36th St10003|NYE 36th St10003+NYF D R Dr+10003'
-73.9714,40.8531,0,2,'NJGuntzer St10003+NJCenter Ave+10003'
-73.9713,40.7978,1132,2239,'NYW 100th St10003+NYW End Ave+10003|NYW End Ave10003+NYW 100 St+10003'
-73.9713,40.7478,263,1412,'NYTudor City Pl10003'
-73.9713,40.5964,0,12,'NYVillage Rd E10003|NYVillage Rd E10003+NYWest St+10003'
-73.9713,40.6712,20,337,'NYProspect Park W10003+NYCarroll St+10003|NYCarroll St10003'
-73.9713,40.7045,0,2,'NYCross St10003|NYCross St10003+NYHammerhead Ave+10003'
-73.9713,40.7928,1079,2168,'NYW 94th St10003+NYAmsterdam Ave+10003|NYAmsterdam Ave10003+NYW 94 St+10003'
-73.9713,40.6058,0,24,'NYE 2nd St10003+NYWoodside Ave+10003|NYWoodside Ave10003'
-73.9713,40.7953,2540,3918,'NYW 97th St10003+NYBroadway+10003'
-73.9713,40.5912,0,3,'NYSouthgate Ct10003|NYSouthgate Ct10003+NYW 1st St+10003'
-73.9713,40.7511,8479,9169,'NY2nd Ave10003+NYE 44th St+10003|NYE 44th St10003+NY2 Ave+10003'
-73.9712,40.7609,6651,3344,'NYE 56 St10003+NYPark Ave+10003|NYE 56th St10003+NYPark Ave+10003'
-73.9712,40.8652,0,2,'NJHilltop Ct10003+NJSkyline Dr+10003'
-73.9712,40.8011,10,92,'NYW 104th St10003|NYW 104th St10003+NYRiverside Dr+10003|NYRiverside Dr10003+NYW 104 St+10003|NYW 104 St10003'
-73.9712,40.7827,1540,2934,'NYW 82nd St10003|NYW 82nd St10003+NYCentral Park W+10003|NYCentral Park W10003+NYW 82 St+10003|NYW 82 St10003'
-73.9712,40.7878,1548,2126,'NYW 88 St10003+NYColumbus Ave+10003|NYW 88th St10003+NYColumbus Ave+10003'
-73.9712,40.7469,838,2779,'NYE 39 St10003|NYE 39 St10003+NY1st Ave+10003|NYE 39 St10003+NY1 Ave+10003|NY1st Ave10003+NYE 39th St+10003|NYE 39th St10003|NYE 39th St10003+NY1 Ave+10003'
-73.9712,40.8772,0,2,'NJSunset Ave10003|NJSunset Ave10003+NJJones Rd+10003'
-73.9712,40.7552,14143,6366,'NY3rd Ave10003+NYE 49th St+10003|NY3 Ave10003+NYE 49th St+10003'
-73.9712,40.6476,6,11,'NYFriel Pl10003|NYFriel Pl10003+NYConey Island Ave+10003'
-73.9712,40.8749,0,1,'NJVan Nostrand Ave10003+NJGloucester St+10003|NJGloucester St10003'
-73.9712,40.6412,14,240,'NYAve C10003+NYE 8th St+10003'
-73.9712,40.7668,980,915,'NYE 63rd St10003|NYE 63rd St10003+NY5th Ave+10003|NYE 63 St10003|NYE 63 St10003+NY5th Ave+10003'
-73.9712,40.5780,1,104,'NYW 3rd St10003|NYW 3rd St10003+NYW 2nd Pl+10003|NYW 2nd Pl10003'
-73.9712,40.5904,1,14,'NYW 1st St10003+NYAve X+10003'
-73.9711,40.5820,0,72,'NYW 5th St10003+NYWest Ave+10003'
-73.9711,40.6808,32,587,'NYDean St10003+NYCarlton Ave+10003'
-73.9711,40.8460,0,2,'NJSlocum Way10003|NJSlocum Way10003+NJLemoine Ave+10003|NJSlocum Way10003+NJState Rte 67+10003|NJSlocum Way10003+NJPalisade Ave+10003|NJLemoine Ave10002|NJLemoine Ave10002+NJPalisade Ave+10002|NJState Rte 6710002+NJPalisade Ave+10002|NJPalisade Ave10003|NJPalisade Ave10003+NJPalisade Ave+10003|NJPalisade Ave10002'
-73.9711,40.6276,1,13,'NYElmwood Ave10003|NYElmwood Ave10003+NYOcean Pkwy+10003'
-73.9711,40.8387,0,4,'NJMyrtle Ave10003'
-73.9711,40.8966,0,1,'NJE Demarest Ave10003|NJE Demarest Ave10003+NJEngle St+10003'
-73.9711,40.8653,0,2,'NJHilltop Ct10003|NJHilltop Ct10003+NJHilltop Ct+10003'
-73.9711,40.8513,0,1,'NJGerome Ave10003|NJGerome Ave10003+NJMain St+10003'
-73.9711,40.6752,229,258,'NYPlaza St E10003|NYPlaza St E10003+NYSt Johns Pl+10003|NYPlaza St E10003+NYFlatbush Ave+10003|NYSt Johns Pl10003|NYSt Johns Pl10003+NYPlaza St W+10003|NYSt Johns Pl10003+NYFlatbush Ave+10003|NYPlaza St W10003|NYPlaza St W10003+NYFlatbush Ave+10003'
-73.9710,40.7799,83,168,'NYTransverse Rd Number 210003|NYTransverse Rd Number 210003+NYTransverse Rd Number Two+10003|NYTransverse Rd Number 210003+NYW 79st Transverse Rd+10003|NYTransverse Rd Number 210003+NYTransverse Number Two+10003|NYTransverse Rd Number 210003+NYTransverse Rd 2+10003|NYTransverse Rd Number 210003+NY79 St Transverse+10003|NYTransverse Rd Number 210003+NYTransverse Number 2+10003|NYTransverse Rd Number 210003+NYWest Dr+10003|NYTransverse Rd Number Two10003|NYTransverse Rd Number Two10003+NYW 79st Transverse Rd+10003|NYTransverse Rd Number Two10003+NYTransverse Number Two+10003|NYTransverse Rd Number Two10003+NYTransverse Rd 2+10003|NYTransverse Rd Number Two10003+NY79 St Transverse+10003|NYTransverse Rd Number Two10003+NYTransverse Number 2+10003|NYTransverse Rd Number Two10003+NYWest Dr+10003|NYW 79st Transverse Rd10003|NYW 79st Transverse Rd10003+NYTransverse Number Two+10003|NYW 79st Transverse Rd10003+NYTransverse Rd 2+10003|NYW 79st Transverse Rd10003+NY79 St Transverse+10003|NYW 79st Transverse Rd10003+NYTransverse Number 2+10003|NYW 79st Transverse Rd10003+NYWest Dr+10003|NYTransverse Number Two10003|NYTransverse Number Two10003+NYTransverse Rd 2+10003|NYTransverse Number Two10003+NY79 St Transverse+10003|NYTransverse Number Two10003+NYTransverse Number 2+10003|NYTransverse Number Two10003+NYWest Dr+10003|NYTransverse Rd 210003|NYTransverse Rd 210003+NY79 St Transverse+10003|NYTransverse Rd 210003+NYTransverse Number 2+10003|NYTransverse Rd 210003+NYWest Dr+10003|NY79 St Transverse10003|NY79 St Transverse10003+NYTransverse Number 2+10003|NY79 St Transverse10003+NYWest Dr+10003|NYTransverse Number 210003|NYTransverse Number 210003+NYWest Dr+10003'
-73.9710,40.8010,14,812,'NYRiverside Dr10003+NYW 104th St+10003|NYRiverside Dr10003+NYW 104 St+10003'
-73.9710,40.7584,13890,2783,'NYE 53rd St10003+NYLexington Ave+10003|NYLexington Ave10003+NYE 53 St+10003'
-73.9710,40.6043,0,15,'NYE 2nd St10003+NYKings Hwy+10003'
-73.9710,40.5995,3,51,'NYAve T10003+NYE 1st St+10003'
-73.9710,40.9168,0,5,'NJLindley Ave10003|NJLindley Ave10003+NJTenafly Rd+10003'
-73.9710,40.8528,0,2,'NJGuntzer St10003'
-73.9710,40.7642,8154,1965,'NYE 60th St10003+NYMadison Ave+10003|NYMadison Ave10003+NYE 60 St+10003'
-73.9709,40.7484,575,5108,'NYE 41st St10003+NYTudor City Pl+10003'
-73.9709,40.6192,1,18,'NYE 5th St10003+NYAve L+10003'
-73.9709,40.7452,53,659,'NYE 37th St10003|NYE 37th St10003+NYF D R Dr+10003'
-73.9709,40.7984,884,2503,'NYW 101 St10003+NYW End Ave+10003|NYW End Ave10003+NYW 101st St+10003'
-73.9709,40.6337,3,37,'NYCristoforo Colombo Blvd10003+NYE 7th St+10003|NY18th Ave10003+NYE 7th St+10003|NYE 7th St10003'
-73.9709,40.6262,4,46,'NYBay Pkwy10003|NYBay Pkwy10003+NYOcean Pkwy+10003|NY22nd Ave10003|NY22nd Ave10003+NYOcean Pkwy+10003'
-73.9709,40.6932,258,1581,'NYMyrtle Ave10003+NYClermont Ave+10003'
-73.9709,40.7934,955,2406,'NYW 95th St10003+NYAmsterdam Ave+10003|NYAmsterdam Ave10003+NYW 95 St+10003'
-73.9709,40.6719,14,497,'NYProspect Park W10003+NYPresident St+10003|NYPresident St10003'
-73.9709,40.6816,17,59,'NYPacific St10003+NYCarlton Ave+10003'
-73.9708,40.5838,0,2,'NYW 2nd St10003'
-73.9708,40.6464,14,19,'NYChurch Ave10003+NYConey Island Ave+10003'
-73.9708,40.7960,2093,1973,'NYW 98th St10003+NYBroadway+10003|NYW 98 St10003+NYBroadway+10003'
-73.9708,40.8916,0,1,'NJDwight Pl10003|NJDwight Pl10003+NJE Palisade Ave+10003'
-73.9708,40.6136,2,27,'NYRyder Ave10003+NYE 4th St+10003'
-73.9708,40.7517,7177,5208,'NY2nd Ave10003+NYE 45th St+10003|NYE 45th St10003+NY2 Ave+10003'
-73.9708,40.6035,0,7,'NYE 2nd St10003+NYBillings Pl+10003|NYBillings Pl10003'
-73.9708,40.8649,0,1,'NJSkyline Dr10003|NJSkyline Dr10003+NJCrest Ln+10003|NJCrest Ln10003|NJCrest Ln10003+NJCrest Ln+10003'
-73.9708,40.5758,0,2,'NYW 2nd St10003|NYW 2nd St10003+NYSea Breeze Ave+10003'
-73.9708,40.7475,372,426,'NY1st Ave10003+NYE 40th St+10003|NYE 40th St10003|NYE 40th St10003+NYUnited Nations Plz+10003|NYE 40th St10003+NY1 Ave+10003|NYUnited Nations Plz10003'
-73.9708,40.6461,2,7,'NYAlbemarle Rd10003|NYAlbemarle Rd10003+NYConey Island Ave+10003'
-73.9708,40.7040,2,6,'NYKay Ave10003|NYKay Ave10003+NYGee Ave+10003'
-73.9708,40.7884,1606,3530,'NYW 89 St10003+NYColumbus Ave+10003|NYW 89th St10003+NYColumbus Ave+10003'
-73.9708,40.6978,14,45,'NYVanderbilt Ave10003'
-73.9708,40.7558,11805,7081,'NYE 50th St10003+NY3rd Ave+10003|NYE 50th St10003+NY3 Ave+10003|NY3rd Ave10003+NYE 50 St+10003|NYE 50 St10003+NY3 Ave+10003'
-73.9708,40.7833,1083,3106,'NYW 83 St10003|NYW 83 St10003+NYCentral Park W+10003|NYW 83rd St10003|NYW 83rd St10003+NYCentral Park W+10003'
-73.9707,40.7616,8120,5131,'NYE 57th St10003+NYPark Ave+10003'
-73.9707,40.6726,36,216,'NYUnion St10003|NYUnion St10003+NYPlaza St W+10003'
-73.9707,40.6388,27,442,'NYCortelyou Rd10003+NYE 8th St+10003'
-73.9707,40.7049,0,2,'NYJay Ave10003|NYJay Ave10003+NYKay Ave+10003'
-73.9707,40.7798,234,453,'NYTransverse Rd Number 210003|NYTransverse Rd Number 210003+NYTransverse Rd Number Two+10003|NYTransverse Rd Number 210003+NY79th St Transverse Rd+10003|NYTransverse Rd Number 210003+NYTransverse Number Two+10003|NYTransverse Rd Number 210003+NYTransverse Rd 2+10003|NYTransverse Rd Number 210003+NY79 St Transverse+10003|NYTransverse Rd Number 210003+NYTransverse Number 2+10003|NYTransverse Rd Number Two10003|NYTransverse Rd Number Two10003+NY79th St Transverse Rd+10003|NYTransverse Rd Number Two10003+NYTransverse Number Two+10003|NYTransverse Rd Number Two10003+NYTransverse Rd 2+10003|NYTransverse Rd Number Two10003+NY79 St Transverse+10003|NYTransverse Rd Number Two10003+NYTransverse Number 2+10003|NY79th St Transverse Rd10003|NY79th St Transverse Rd10003+NYTransverse Number Two+10003|NY79th St Transverse Rd10003+NYTransverse Rd 2+10003|NY79th St Transverse Rd10003+NY79 St Transverse+10003|NY79th St Transverse Rd10003+NYTransverse Number 2+10003|NYTransverse Number Two10003|NYTransverse Number Two10003+NYTransverse Rd 2+10003|NYTransverse Number Two10003+NY79 St Transverse+10003|NYTransverse Number Two10003+NYTransverse Number 2+10003|NYTransverse Rd 210003|NYTransverse Rd 210003+NY79 St Transverse+10003|NYTransverse Rd 210003+NYTransverse Number 2+10003|NY79 St Transverse10003|NY79 St Transverse10003+NYTransverse Number 2+10003|NYTransverse Number 210003'
-73.9707,40.8414,0,1,'NJOrchard St10003|NJOrchard St10003+NJUndercliff Ave+10003'
-73.9707,40.7674,1263,606,'NYE 64 St10003|NYE 64 St10003+NY5th Ave+10003|NY5th Ave10003+NYE 64th St+10003|NYE 64th St10003'
-73.9707,40.6437,11,72,'NYE 9th St10003|NYE 9th St10003+NYBeverley Rd+10003'
-73.9707,40.6485,1,29,'NYE 10th St10003|NYE 10th St10003+NYCaton Ave+10003'
-73.9707,40.6028,1,29,'NYE 2nd St10003+NYColin Pl+10003|NYColin Pl10003'
-73.9706,40.6520,5,5,'NYW Lake Dr10003|NYW Lake Dr10003+NYS Lake Dr+10003'
-73.9706,40.8368,0,6,'NJRiver Rd10003+NJNorth St+10003|NJOld River Rd10003+NJNorth St+10003|NJNorth St10003'
-73.9706,40.8482,0,1,'NJLemoine Ave10002+NJWhiteman St+10002|NJWhiteman St10003|NJWhiteman St10003+NJState Rte 67+10003'
-73.9706,40.5832,0,2,'NYW 5th St10003|NYW 5th St10003+NYShore Pkwy S+10003'
-73.9705,40.8686,0,3,'NJOld Quarry Rd10003|NJOld Quarry Rd10003+NJOak Trail Rd+10003'
-73.9705,40.6453,2,50,'NYTurner Pl10003+NYConey Island Ave+10003'
-73.9705,40.8016,12,561,'NYRiverside Dr10003+NYW 105 St+10003|NYRiverside Dr10003+NYW 105th St+10003|NYW 105 St10003|NYW 105th St10003'
-73.9705,40.7590,9389,2500,'NYE 54th St10003+NYLexington Ave+10003|NYE 54 St10003+NYLexington Ave+10003'
-73.9705,40.7467,18,23,'NYE 39th St10003|NYE 39th St10003+NYE 39 St+10003|NYE 39 St10003'
-73.9705,40.7736,243,26,'NYThe Mall10003|NYThe Mall10003+NY72nd St Transverse+10003'
-73.9705,40.7648,5075,2502,'NYE 61st St10003+NYMadison Ave+10003|NYE 61 St10003+NYMadison Ave+10003'
-73.9705,40.6169,4,59,'NYAve M10003+NYE 5th St+10003'
-73.9705,40.6746,59,62,'NYFlatbush Ave10003'
-73.9704,40.8786,0,1,'NJFountain Rd10003|NJFountain Rd10003+NJJones Rd+10003'
-73.9704,40.7991,789,1682,'NYW 102 St10003+NYW End Ave+10003|NYW 102nd St10003+NYW End Ave+10003'
-73.9704,40.7458,41,180,'NYE 38th St10003|NYE 38th St10003+NYF D R Dr+10003'
-73.9704,40.6725,10,105,'NYProspect Park W10003'
-73.9704,40.7491,783,2459,'NYTudor City Pl10003+NYE 42nd St+10003'
-73.9704,40.6960,43,310,'NYBrooklyn Queens Expy10001+NYVanderbilt Ave+10001'
-73.9704,40.7966,1838,2950,'NYW 99th St10003+NYBroadway+10003|NYW 99 St10003+NYBroadway+10003'
-73.9704,40.7941,3178,4042,'NYW 96 St10003+NYAmsterdam Ave+10003|NYAmsterdam Ave10003+NYW 96th St+10003'
-73.9704,40.7482,168,403,'NYE 41st St10003+NY1st Ave+10003|NYE 41st St10003+NYUnited Nations Plz+10003|NYE 41st St10003+NY1 Ave+10003'
-73.9703,40.7524,6340,8436,'NYE 46th St10003+NY2nd Ave+10003|NYE 46th St10003+NY2 Ave+10003'
-73.9703,40.9659,0,1,'NJProspect St10003'
-73.9703,40.6466,2,25,'NYE 10th St10003|NYE 10th St10003+NYChurch Ave+10003'
-73.9703,40.8554,2,3,'NJI 9510001+NJCenter Ave+10001|NJUS Rte 110001+NJCenter Ave+10001|NJCenter Ave10003+NJUS Rte 9+10003'
-73.9703,40.6445,3,17,'NYHinckley Pl10003+NYConey Island Ave+10003'
-73.9703,40.7565,8593,4794,'NY3rd Ave10003+NYE 51st St+10003|NY3rd Ave10003+NYE 51 St+10003|NYE 51st St10003+NY3 Ave+10003|NYE 51 St10003+NY3 Ave+10003'
-73.9703,40.6306,4,94,'NYE 7th St10003|NYE 7th St10003+NYFoster Ave+10003'
-73.9703,40.7840,1176,3046,'NYW 84 St10003|NYW 84 St10003+NYCentral Park W+10003|NYW 84th St10003|NYW 84th St10003+NYCentral Park W+10003'
-73.9703,40.5779,0,23,'NYW 2nd St10003|NYW 2nd St10003+NYW 2nd Pl+10003|NYW 2nd Pl10003'
-73.9703,40.7891,1894,3981,'NYW 90 St10003+NYColumbus Ave+10003|NYW 90th St10003+NYColumbus Ave+10003|NYHenry Browne Block10003|NYHenry Browne Block10003+NYColumbus Ave+10003'
-73.9703,40.6364,17,273,'NYDitmas Ave10003+NYE 8th St+10003'
-73.9703,40.7680,1010,929,'NYE 65th St10003|NYE 65th St10003+NY65th St Transverse+10003|NYE 65th St10003+NY5th Ave+10003|NY65th St Transverse10003|NY65th St Transverse10003+NY5th Ave+10003|NY65th St Transverse10003+NYE 65 St+10003|NY5th Ave10003+NYE 65 St+10003|NYE 65 St10003'
-73.9703,40.8024,12,29,'NYW 106 St10003|NYW 106 St10003+NYRiverside Dr+10003|NYRiverside Dr10003+NYW 106th St+10003|NYW 106th St10003'
-73.9703,40.6413,1,24,'NYE 9th St10003+NYAve C+10003'
-73.9703,40.7623,6691,3067,'NYPark Ave10003+NYE 58th St+10003'
-73.9702,40.5851,0,8,'NYW 1st St10003'
-73.9702,40.6846,117,617,'NYFulton St10003+NYAdelphi St+10003'
-73.9702,40.8512,0,2,'NJLemoine Ave10002+NJMain St+10002|NJState Rte 6710002+NJMain St+10002'
-73.9701,40.8596,0,2,'NJSouth St10003'
-73.9701,40.7596,4924,2616,'NYE 55 St10003+NYLexington Ave+10003|NYE 55th St10003+NYLexington Ave+10003'
-73.9700,40.8023,19,741,'NYRiverside Dr10003+NYW 106 St+10003|NYRiverside Dr10003+NYW 106th St+10003|NYRiverside Dr10003+NYDuke Ellington Blvd+10003|NYDuke Ellington Blvd10003'
-73.9700,40.7655,2728,1963,'NYE 62nd St10003+NYMadison Ave+10003'
-73.9700,40.6727,12,101,'NYGrand Army Plz10003'
-73.9700,40.6748,49,13,'NYVanderbilt Ave10003'
-73.9700,40.6044,1,10,'NYE 3rd St10003+NYKings Hwy+10003'
-73.9700,40.6218,1,20,'NYAve K10003|NYAve K10003+NYOcean Pkwy+10003'
-73.9700,40.7997,849,2766,'NYW 103rd St10003+NYW End Ave+10003|NYW End Ave10003+NYW 103 St+10003'
-73.9700,40.8558,0,2,'NJCenter Ave10003+NJS Marginal Rd+10003'
-73.9699,40.7497,1150,3956,'NYTudor City Pl10003|NYTudor City Pl10003+NYE 43rd St+10003'
-73.9699,40.6139,0,26,'NYE 5th St10003+NYRyder Ave+10003'
-73.9699,40.5756,0,6,'NYW 1st St10003|NYW 1st St10003+NYSea Breeze Ave+10003'
-73.9699,40.7972,2249,1491,'NYW 100th St10003+NYBroadway+10003|NYW 100 St10003+NYBroadway+10003'
-73.9699,40.8403,0,1,'NJPark St10003|NJPark St10003+NJRiver Rd+10003|NJPark St10003+NJOld River Rd+10003'
-73.9699,40.7530,6197,6591,'NY2nd Ave10003+NYE 47th St+10003|NY2nd Ave10003+NYHammarskjold Plz+10003|NYE 47th St10003+NY2 Ave+10003|NYE 47th St10003+NYHammarskjold Plz+10003|NY2 Ave10003+NYHammarskjold Plz+10003|NYHammarskjold Plz10003'
-73.9699,40.6430,10,33,'NYConey Island Ave10003+NYLewis Pl+10003|NYLewis Pl10003'
-73.9699,40.7947,902,3313,'NYAmsterdam Ave10003+NYW 97th St+10003'
-73.9699,40.6342,8,30,'NYCristoforo Colombo Blvd10003+NYE 8th St+10003|NY18th Ave10003+NYE 8th St+10003'
-73.9698,40.7897,904,1325,'NYW 91 St10003+NYColumbus Ave+10003|NYW 91st St10003+NYColumbus Ave+10003'
-73.9698,40.7571,8037,7705,'NYE 52nd St10003+NY3rd Ave+10003|NYE 52nd St10003+NY3 Ave+10003|NY3rd Ave10003+NYE 52 St+10003|NY3 Ave10003+NYE 52 St+10003'
-73.9698,40.7488,623,818,'NYE 42nd St10003+NY1st Ave+10003|NYE 42nd St10003+NYUnited Nations Plz+10003|NYE 42nd St10003+NY1 Ave+10003'
-73.9698,40.7846,1140,3722,'NYW 85 St10003|NYW 85 St10003+NYCentral Park W+10003|NYW 85th St10003|NYW 85th St10003+NYCentral Park W+10003'
-73.9698,40.6931,560,1840,'NYMyrtle Ave10003+NYVanderbilt Ave+10003'
-73.9698,40.7686,2345,644,'NYE 66th St10003|NYE 66th St10003+NY65th St Transverse+10003|NYE 66th St10003+NY5th Ave+10003|NY65th St Transverse10003|NY65th St Transverse10003+NY5th Ave+10003|NY65th St Transverse10003+NYE 66 St+10003|NY5th Ave10003+NYE 66 St+10003|NYE 66 St10003'
-73.9698,40.9197,0,1,'NJJoyce Rd10003|NJJoyce Rd10003+NJTenafly Rd+10003'
-73.9698,40.7464,23,27,'NYE 39th St10003|NYE 39th St10003+NYE 39 St+10003|NYE 39th St10003+NYF D R Dr+10003|NYE 39 St10003|NYE 39 St10003+NYF D R Dr+10003'
-73.9698,40.8942,0,1,'NJHillside Ave10003+NJSpring Ln+10003|NJSpring Ln10003'
-73.9698,40.7629,5356,2291,'NYE 59th St10003+NYPark Ave+10003|NYE 59 St10003+NYPark Ave+10003'
-73.9698,40.6083,0,51,'NYEstate Rd10003|NYEstate Rd10003+NYE 4th St+10003'
-73.9698,40.6822,52,54,'NYAdelphi St10003'
-73.9698,40.5949,0,8,'NYAve V10003'
-73.9697,40.6978,6,38,'NYClinton Ave10003+NYFlushing Ave+10003'
-73.9697,40.6986,2,12,'NYSouth St10003'
-73.9697,40.6991,0,2,'NYPaulding St10003+NY10th Ave+10003|NYPaulding St10003+NYClinton Ave+10003|NY10th Ave10003|NY10th Ave10003+NYClinton Ave+10003|NYClinton Ave10003'
-73.9697,40.6754,58,187,'NYPlaza St E10003+NYVanderbilt Ave+10003'
-73.9697,40.6995,1,1,'NY10th Ave10003'
-73.9697,40.6424,10,43,'NYMatthews Ct10003|NYMatthews Ct10003+NYConey Island Ave+10003'
-73.9697,40.8560,0,2,'NJCross St10003+NJS Marginal Rd+10003|NJCross St10003+NJCenter Ave+10003|NJS Marginal Rd10003|NJS Marginal Rd10003+NJCenter Ave+10003|NJS Marginal Rd10003+NJBridge Plz N+10003|NJCenter Ave10003+NJBridge Plz N+10003'
-73.9697,40.8558,1,2,'NJS Marginal Rd10003|NJS Marginal Rd10003+NJS Marginal Rd+10003'
-73.9697,40.6489,4,67,'NYCaton Ave10002+NYStratford Rd+10002|NYCaton Ave10002+NYE 11th St+10002|NYStratford Rd10003|NYE 11th St10003'
-73.9697,40.6727,20,37,'NYGrand Army Plz10003|NYGrand Army Plz10003+NYWest Dr+10003|NYWest Dr10003'
-73.9696,40.5840,0,4,'NYW 1st St10003'
-73.9696,40.7463,10,14,'NYF D R Dr10003|NYF D R Dr10003+NYF D R Dr+10003|NYF D R Dr10002'
-73.9696,40.8519,1,1,'NJSchlosser St10003'
-73.9696,40.7603,5329,4038,'NYE 56 St10003+NYLexington Ave+10003|NYE 56th St10003+NYLexington Ave+10003'
-73.9696,40.8578,1,2,'NJMackay Ave10003+NJWest St+10003|NJWest St10003'
-73.9696,40.7661,4003,3054,'NYE 63rd St10003+NYMadison Ave+10003|NYE 63 St10003+NYMadison Ave+10003'
-73.9696,40.7463,44,80,'NYF D R Dr10002|NYF D R Dr10002+NYF D R Dr+10002|NYF D R Dr10003'
-73.9696,40.6194,5,115,'NYAve L10003+NYOcean Pkwy+10003'
-73.9696,40.8029,13,393,'NYRiverside Dr10003+NYW 107th St+10003|NYRiverside Dr10003+NYW 107 St+10003|NYW 107th St10003|NYW 107 St10003'
-73.9696,40.6267,2,79,'NYAve I10003+NYE 7th St+10003'
-73.9695,40.8003,745,2001,'NYW 104th St10003+NYW End Ave+10003|NYW End Ave10003+NYW 104 St+10003'
-73.9695,40.6759,76,336,'NYVanderbilt Ave10003+NYSterling Pl+10003'
-73.9695,40.5776,0,4,'NYW 1st St10003'
-73.9695,40.6417,4,23,'NYConey Island Ave10003+NYSlocum Pl+10003|NYSlocum Pl10003'
-73.9695,40.7978,2112,2370,'NYW 101 St10003+NYBroadway+10003|NYW 101st St10003+NYBroadway+10003'
-73.9694,40.7536,4953,6114,'NYE 48th St10003+NY2nd Ave+10003|NYE 48th St10003+NY2 Ave+10003|NYE 48th St10003+NYHammarskjold Plz+10003|NY2nd Ave10003+NYHammarskjold Plz+10003|NY2 Ave10003+NYHammarskjold Plz+10003|NYHammarskjold Plz10003'
-73.9694,40.7954,326,1247,'NYW 98th St10003|NYW 98th St10003+NYAmsterdam Ave+10003|NYAmsterdam Ave10003+NYW 98 St+10003|NYW 98 St10003'
-73.9694,40.6414,17,37,'NYConey Island Ave10003+NYAve C+10003|NYAve C10003'
-73.9694,40.7577,13472,5003,'NYE 53rd St10003+NY3rd Ave+10003|NYE 53rd St10003+NY3 Ave+10003|NY3rd Ave10003+NYE 53 St+10003|NY3 Ave10003+NYE 53 St+10003'
-73.9694,40.6335,1,30,'NYE 8th St10003+NYWebster Ave+10003'
-73.9694,40.7903,1250,1584,'NYW 92 St10003+NYColumbus Ave+10003|NYColumbus Ave10003+NYW 92nd St+10003'
-73.9694,40.6960,36,362,'NYBrooklyn Queens Expy10001+NYClinton Ave+10001'
-73.9694,40.7693,1017,738,'NYE 67 St10003|NYE 67 St10003+NY5th Ave+10003|NYE 67th St10003|NYE 67th St10003+NY5th Ave+10003'
-73.9694,40.6711,11,18,'NYEast Dr10003'
-73.9693,40.7495,1039,817,'NYE 43rd St10003|NYE 43rd St10003+NY1st Ave+10003|NYE 43rd St10003+NYUnited Nations Plz+10003|NYE 43rd St10003+NY1 Ave+10003'
-73.9693,40.7635,6045,2106,'NYE 60th St10003+NYPark Ave+10003|NYPark Ave10003+NYE 60 St+10003'
-73.9693,40.8037,11,36,'NYW 108 St10003|NYW 108 St10003+NYRiverside Dr+10003|NYRiverside Dr10003+NYW 108th St+10003|NYW 108th St10003'
-73.9693,40.7853,4166,6293,'NYW 86th St10003|NYW 86th St10003+NYCentral Park W+10003|NYW 86th St10003+NY85th St Transverse+10003|NYCentral Park W10003+NYW 86 St+10003|NYCentral Park W10003+NY85th St Transverse+10003|NYW 86 St10003|NYW 86 St10003+NY85th St Transverse+10003|NY85th St Transverse10003'
-73.9693,40.6470,7,47,'NYChurch Ave10003+NYStratford Rd+10003|NYChurch Ave10003+NYE 11th St+10003'
-73.9693,40.6311,0,44,'NYE 8th St10003|NYE 8th St10003+NYFoster Ave+10003'
-73.9693,40.5856,0,6,'NYWest St10003+NYMurdock Ct+10003|NYMurdock Ct10003'
-73.9692,40.6727,107,63,'NYPlaza St E10003|NYPlaza St E10003+NYFlatbush Ave+10003|NYPlaza St W10003|NYPlaza St W10003+NYFlatbush Ave+10003|NYFlatbush Ave10003'
-73.9692,40.5953,1,10,'NYE 2nd St10003+NYAve V+10003'
-73.9692,40.6768,110,884,'NYPark Pl10003+NYVanderbilt Ave+10003'
-73.9691,40.5849,0,4,'NYWest St10003+NYNixon Ct+10003|NYNixon Ct10003'
-73.9691,40.8472,0,4,'NJParker Ave10003'
-73.9691,40.8865,0,1,'NJSherwood Pl10003|NJSherwood Pl10003+NJDana Pl+10003'
-73.9691,40.7609,8960,6066,'NYE 57th St10003+NYLexington Ave+10003'
-73.9691,40.7070,0,30,'NYDivision Ave10003'
-73.9691,40.7667,1596,3251,'NYE 64 St10003+NYMadison Ave+10003|NYMadison Ave10003+NYE 64th St+10003'
-73.9691,40.8437,0,1,'NJCasta Ln10003'
-73.9691,40.8036,24,518,'NYRiverside Dr10003+NYW 108 St+10003|NYRiverside Dr10003+NYW 108th St+10003'
-73.9691,40.8649,0,1,'NJRidge Way10003'
-73.9691,40.5840,0,4,'NYWest St10003|NYWest St10003+NYShore Pkwy N+10003|NYWest St10003+NYShore Pkwy+10003|NYShore Pkwy N10003|NYShore Pkwy N10003+NYShore Pkwy+10003|NYShore Pkwy N10003+NYShore Pkwy N+10003|NYShore Pkwy10003|NYShore Pkwy10003+NYShore Pkwy N+10003'
-73.9691,40.9176,0,8,'NJGeorge St10003|NJGeorge St10003+NJDemott St+10003'
-73.9691,40.6842,63,388,'NYFulton St10003+NYClermont Ave+10003'
-73.9691,40.7061,0,1,'NYBoat Ave10003'
-73.9690,40.7125,376,361,'NYWilliamsburg Brg10002|NYWilliamsburg Brg10002+NYWilliamsburg Brg+10002'
-73.9690,40.8010,564,1932,'NYW 105 St10003+NYW End Ave+10003|NYW 105th St10003+NYW End Ave+10003'
-73.9690,40.6455,1,60,'NYTurner Pl10003|NYTurner Pl10003+NYStratford Rd+10003|NYTurner Pl10003+NYE 11th St+10003'
-73.9690,40.7734,24,23,'NYEast Dr10003+NY72nd St Transverse+10003|NY72nd St Transverse10003'
-73.9690,40.7985,1883,1722,'NYW 102 St10003+NYBroadway+10003|NYW 102nd St10003+NYBroadway+10003'
-73.9690,40.6346,4,51,'NYCristoforo Colombo Blvd10003+NYE 9th St+10003|NYE 9th St10003|NYE 9th St10003+NY18th Ave+10003'
-73.9690,40.6747,11,266,'NYButler Pl10003'
-73.9690,40.7543,9974,5463,'NY2nd Ave10003+NYE 49th St+10003|NYE 49th St10003+NY2 Ave+10003'
-73.9690,40.8905,0,1,'NJLexington Ct10009|NJLexington Ct10009+NJE Palisade Ave+10009'
-73.9690,40.7960,256,1460,'NYW 99th St10003|NYW 99th St10003+NYAmsterdam Ave+10003|NYW 99 St10003|NYW 99 St10003+NYAmsterdam Ave+10003'
-73.9689,40.7583,6652,4464,'NYE 54th St10003+NY3rd Ave+10003|NYE 54th St10003+NY3 Ave+10003|NY3rd Ave10003+NYE 54 St+10003|NYE 54 St10003+NY3 Ave+10003'
-73.9689,40.7909,2102,3193,'NYW 93rd St10003+NYColumbus Ave+10003|NYW 93 St10003+NYColumbus Ave+10003'
-73.9689,40.6729,118,518,'NYEastern Pkwy10003'
-73.9689,40.6841,114,451,'NYGates Ave10003|NYGates Ave10003+NYFulton St+10003'
-73.9689,40.7699,875,823,'NYE 68 St10003|NYE 68 St10003+NY5th Ave+10003|NY5th Ave10003+NYE 68th St+10003|NYE 68th St10003'
-73.9689,40.6329,3,31,'NYNewkirk Ave10003+NYE 8th St+10003'
-73.9689,40.7501,1522,1684,'NY1st Ave10003+NYE 44th St+10003|NYE 44th St10003|NYE 44th St10003+NYUnited Nations Plz+10003|NYE 44th St10003+NY1 Ave+10003'
-73.9689,40.7642,3416,1668,'NYE 61st St10003+NYPark Ave+10003|NYE 61 St10003+NYPark Ave+10003'
-73.9689,40.6447,0,29,'NYHinckley Pl10003|NYHinckley Pl10003+NYStratford Rd+10003|NYHinckley Pl10003+NYE 11th St+10003'
-73.9689,40.6084,1,26,'NYE 5th St10003+NYEstate Rd+10003'
-73.9689,40.7126,34,38,'NYWilliamsburg Brg10002'
-73.9689,40.6777,226,636,'NYProspect Pl10003+NYVanderbilt Ave+10003'
-73.9688,40.7860,1195,3871,'NYW 87th St10003|NYW 87th St10003+NYCentral Park W+10003|NYCentral Park W10003+NYW 87 St+10003|NYW 87 St10003'
-73.9688,40.6931,1437,3449,'NYMyrtle Ave10003+NYClinton Ave+10003'
-73.9688,40.7475,123,174,'NYE 41st St10003|NYE 41st St10003+NYF D R Dr+10003'
-73.9688,40.6492,3,60,'NYWestminster Rd10003|NYWestminster Rd10003+NYCaton Ave+10003|NYE 12th St10003|NYE 12th St10003+NYCaton Ave+10003'
-73.9688,40.5752,0,11,'NYSurf Ave10003|NYSurf Ave10003+NYSea Breeze Ave+10003|NYSea Breeze Ave10003+NYOcean Pkwy+10003'
-73.9688,40.6393,38,100,'NYCortelyou Rd10003|NYCortelyou Rd10003+NYConey Island Ave+10003'
-73.9688,40.8870,0,3,'NJMountain Rd10003|NJMountain Rd10003+NJDana Pl+10003'
-73.9688,40.7120,16,38,'NYS 6th St10003'
-73.9688,40.7727,23,25,'NY72nd St Transverse10003|NY72nd St Transverse10003+NYEast Dr+10003'
-73.9687,40.8892,0,3,'NJSutton Pl10003|NJSutton Pl10003+NJSutton Pl+10003'
-73.9687,40.6978,2,55,'NYWaverly Ave10003'
-73.9687,40.6739,52,377,'NYSt Johns Pl10003'
-73.9687,40.6390,21,81,'NYCortelyou Rd10003|NYCortelyou Rd10003+NYConey Island Ave+10003'
-73.9687,40.8667,1,1,'NJRossett St10003'
-73.9687,40.8601,0,1,'NJCoolidge Ave10003|NJCoolidge Ave10003+NJLinwood Ave+10003'
-73.9687,40.6046,0,16,'NYAve R10003|NYAve R10003+NYKings Hwy+10003'
-73.9687,40.8853,1,1,'NJMaple Ct10003'
-73.9687,40.7673,2137,2436,'NYE 65th St10003+NYMadison Ave+10003|NYMadison Ave10003+NYE 65 St+10003'
-73.9687,40.6820,241,412,'NYClermont Ave10003'
-73.9687,40.6146,0,60,'NYOcean Pkwy10003+NYAvenue N+10003'
-73.9686,40.9355,0,1,'NJ7th St10003'
-73.9686,40.8042,11,379,'NYRiverside Dr10003+NYW 109 St+10003|NYRiverside Dr10003+NYW 109th St+10003|NYW 109 St10003|NYW 109th St10003'
-73.9686,40.6219,2,75,'NYAve K10003+NYE 7th St+10003'
-73.9686,40.7616,6617,2078,'NYLexington Ave10003+NYE 58th St+10003'
-73.9686,40.6144,1,10,'NYRyder Ave10003|NYRyder Ave10003+NYOcean Pkwy+10003'
-73.9686,40.6432,5,125,'NYStratford Rd10003+NYLewis Pl+10003|NYLewis Pl10003|NYLewis Pl10003+NYE 11th St+10003'
-73.9686,40.8016,578,1768,'NYW 106 St10003+NYW End Ave+10003|NYW End Ave10003+NYW 106th St+10003|NYW End Ave10003+NYDuke Ellington Blvd+10003'
-73.9686,40.5761,1,7,'NYW Brighton Ave10003|NYW Brighton Ave10003+NYOcean Pkwy+10003'
-73.9686,40.7991,2249,2586,'NYW 103rd St10003+NYBroadway+10003|NYW 103 St10003+NYBroadway+10003'
-73.9686,40.7478,47,74,'NYQueens Midtown Tunl10001+NYF D R Dr+10001|NYF D R Dr10003+NYI 495+10003'
-73.9685,40.6785,983,1973,'NYVanderbilt Ave10003+NYSt Marks Ave+10003'
-73.9685,40.5763,0,1,'NYBrighton Beach Ave10003'
-73.9685,40.9123,0,1,'NJWalnut Dr10003|NJWalnut Dr10003+NJWillow Ln+10003|NJWillow Ln10003'
-73.9685,40.8537,0,2,'NJBridge Plz S10003+NJLemoine Ave+10003|NJBridge Plz S10003+NJState Rte 67+10003|NJLemoine Ave10002+NJKelby St+10002|NJState Rte 6710002+NJKelby St+10002'
-73.9685,40.5763,1,8,'NYW Brighton Ave10003|NYW Brighton Ave10003+NYOcean Pkwy+10003'
-73.9685,40.7100,98,1004,'NYS 8th St10003'
-73.9685,40.7108,80,257,'NYBroadway10003|NYBroadway10003+NYKent Ave+10003'
-73.9685,40.7549,13315,6889,'NYE 50th St10003+NY2nd Ave+10003|NYE 50th St10003+NY2 Ave+10003|NY2nd Ave10003+NYE 50 St+10003|NYE 50 St10003+NY2 Ave+10003'
-73.9685,40.5864,0,9,'NYAve Z10003+NYE 1st St+10003|NYE 1st St10003'
-73.9685,40.6324,0,1,'NYParkville Ave10003|NYParkville Ave10003+NYE 8th St+10003'
-73.9685,40.7589,10575,4175,'NYE 55 St10003+NY3rd Ave+10003|NYE 55 St10003+NY3 Ave+10003|NY3rd Ave10003+NYE 55th St+10003|NY3 Ave10003+NYE 55th St+10003'
-73.9685,40.7966,383,970,'NYW 100th St10003+NYAmsterdam Ave+10003|NYAmsterdam Ave10003+NYW 100 St+10003'
-73.9685,40.7916,1458,2412,'NYW 94th St10003+NYColumbus Ave+10003|NYW 94 St10003+NYColumbus Ave+10003'
-73.9685,40.6425,1,5,'NYMatthews Ct10003|NYMatthews Ct10003+NYStratford Rd+10003|NYMatthews Ct10003+NYE 11th St+10003'
-73.9684,40.7705,1443,1337,'NYE 69th St10003|NYE 69th St10003+NY5th Ave+10003|NYE 69 St10003|NYE 69 St10003+NY5th Ave+10003'
-73.9684,40.7648,4173,2483,'NYE 62nd St10003+NYPark Ave+10003'
-73.9684,40.6473,2,29,'NYWestminster Rd10003+NYChurch Ave+10003|NYChurch Ave10003+NYE 12th St+10003'
-73.9684,40.7078,63,811,'NYS 11th St10003'
-73.9684,40.7508,1209,1857,'NYE 45th St10003|NYE 45th St10003+NY1st Ave+10003|NYE 45th St10003+NYUnited Nations Plz+10003|NYE 45th St10003+NY1 Ave+10003'
-73.9684,40.6323,0,10,'NYE 8th St10003+NYParkville Ave+10003|NYParkville Ave10003'
-73.9684,40.8488,0,3,'NJParker Ave10003+NJOld Palisade Rd+10003|NJOld Palisade Rd10003'
-73.9684,40.6315,0,25,'NYE 9th St10003|NYE 9th St10003+NYFoster Ave+10003'
-73.9684,40.6960,22,234,'NYWaverly Ave10003+NYBrooklyn Queens Expy+10003'
-73.9684,40.7866,1108,2495,'NYW 88 St10003|NYW 88 St10003+NYCentral Park W+10003|NYW 88th St10003|NYW 88th St10003+NYCentral Park W+10003'
-73.9684,40.8509,0,1,'NJMain St10003+NJPalisade Ave+10003|NJPalisade Ave10003'
-73.9683,40.7482,46,65,'NYE 42nd St10003|NYE 42nd St10003+NYF D R Dr+10003'
-73.9683,40.8489,0,1,'NJMonument Pl10003|NJMonument Pl10003+NJParker Ave+10003|NJMonument Pl10003+NJAngioletti Pl+10003|NJMonument Pl10003+NJParker Plz+10003|NJParker Ave10003+NJAngioletti Pl+10003|NJParker Ave10003+NJParker Plz+10003|NJAngioletti Pl10003|NJAngioletti Pl10003+NJParker Plz+10003|NJParker Plz10003'
-73.9683,40.6418,1,22,'NYStratford Rd10003+NYSlocum Pl+10003|NYSlocum Pl10003+NYE 11th St+10003'
-73.9683,40.7024,3,3,'NYAssembly Rd10003|NYAssembly Rd10003+NYGee Ave+10003'
-73.9683,40.7128,51,134,'NYS 5th St10003'
-73.9683,40.5954,2,16,'NYE 3rd St10003+NYAve V+10003'
-73.9683,40.7059,1,46,'NYSawmill Ave10003'
-73.9683,40.8607,2,2,'NJWilson Ave10003|NJWilson Ave10003+NJLinwood Ave+10003'
-73.9682,40.9024,0,2,'NJEngle St10003+NJGlenwood Rd+10003|NJGlenwood Rd10003'
-73.9682,40.6373,3,15,'NYConey Island Ave10003+NYDorchester Rd+10003|NYDorchester Rd10003'
-73.9682,40.7680,3331,2158,'NYE 66th St10003+NYMadison Ave+10003|NYMadison Ave10003+NYE 66 St+10003'
-73.9682,40.7998,2469,1588,'NYW 104th St10003+NYBroadway+10003|NYW 104 St10003+NYBroadway+10003'
-73.9682,40.7622,7990,2375,'NYE 59th St10003+NYLexington Ave+10003|NYE 59 St10003+NYLexington Ave+10003'
-73.9682,40.6047,3,70,'NYE 5th St10003+NYAve R+10003'
-73.9682,40.6120,1,134,'NYAve O10003+NYOcean Pkwy+10003'
-73.9681,40.8891,1,10,'NJSutton Pl10003|NJSutton Pl10003+NJDana Pl+10003'
-73.9681,40.8999,0,1,'NJE Hamilton Ave10003+NJKing St+10003|NJKing St10003'
-73.9681,40.8057,4,29,'NYRiverside Dr10003+NYCathedral Pkwy+10003|NYRiverside Dr10003+NYW 110th St+10003|NYCathedral Pkwy10003|NYW 110th St10003'
-73.9681,40.9169,0,1,'NJRoberts Ct10003'
-73.9681,40.8023,883,640,'NYW 107th St10003+NYW End Ave+10003|NYW 107 St10003+NYW End Ave+10003'
-73.9681,40.8447,0,1,'NJMaple St10003|NJMaple St10003+NJUndercliff Ave+10003'
-73.9681,40.5783,1,105,'NYOcean View Ave10003'
-73.9681,40.7555,16488,8466,'NYE 51st St10003+NY2nd Ave+10003|NYE 51st St10003+NY2 Ave+10003|NYE 51 St10003+NY2nd Ave+10003|NYE 51 St10003+NY2 Ave+10003'
-73.9680,40.8047,22,774,'NYRiverside Dr10003+NYCathedral Pkwy+10003|NYRiverside Dr10003+NYW 110th St+10003|NYRiverside Dr10003+NYW 110 St+10003|NYW 110th St10003|NYW 110th St10003+NYW 110th St+10003|NYW 110 St10003|NYW 110 St10003+NYW 110th St+10003'
-73.9680,40.6367,10,46,'NYDitmas Ave10003|NYDitmas Ave10003+NYConey Island Ave+10003'
-73.9680,40.7972,197,1338,'NYW 101 St10003|NYW 101 St10003+NYAmsterdam Ave+10003|NYAmsterdam Ave10003+NYW 101st St+10003|NYW 101st St10003'
-73.9680,40.7596,5979,4490,'NYE 56 St10003+NY3rd Ave+10003|NYE 56 St10003+NY3 Ave+10003|NYE 56th St10003+NY3rd Ave+10003|NYE 56th St10003+NY3 Ave+10003'
-73.9680,40.7922,1689,3013,'NYW 95th St10003+NYColumbus Ave+10003|NYW 95 St10003+NYColumbus Ave+10003'
-73.9680,40.7151,0,1,'NYS 2nd St10003'
-73.9680,40.7711,712,493,'NYE 70 St10003|NYE 70 St10003+NY5th Ave+10003|NY5th Ave10003+NYE 70th St+10003|NYE 70th St10003'
-73.9680,40.8005,3524,3076,'NYW 105 St10003+NYBroadway+10003|NYW 105th St10003+NYBroadway+10003'
-73.9680,40.8060,1,31,'NYW 111th St10003|NYW 111th St10003+NYRiverside Dr+10003'
-73.9680,40.7654,7695,2694,'NYE 63rd St10003+NYPark Ave+10003|NYE 63 St10003+NYPark Ave+10003'
-73.9680,40.7057,0,6,'NYRush St10003'
-73.9679,40.7872,793,2999,'NYW 89 St10003|NYW 89 St10003+NYCentral Park W+10003|NYW 89th St10003|NYW 89th St10003+NYCentral Park W+10003'
-73.9679,40.6317,1,14,'NYE 8th St10003|NYE 8th St10003+NYFoster Ave+10003'
-73.9679,40.8547,0,2,'NJI 9510001+NJState Rte 67+10001|NJUS Rte 110001+NJState Rte 67+10001|NJUS Rte 910001+NJState Rte 67+10001'
-73.9679,40.6397,16,146,'NYCortelyou Rd10003+NYStratford Rd+10003|NYCortelyou Rd10003+NYE 11th St+10003'
-73.9679,40.6496,2,23,'NYE 13th St10003|NYE 13th St10003+NYCaton Ave+10003|NYCaton Ave10002+NYArgyle Rd+10002|NYArgyle Rd10003'
-73.9679,40.7513,783,946,'NYE 46th St10003|NYE 46th St10003+NY1st Ave+10003|NYE 46th St10003+NYUnited Nations Plz+10003|NYE 46th St10003+NY1 Ave+10003'
-73.9679,40.8899,0,4,'NJE Palisade Ave10003+NJDana Pl+10003|NJDana Pl10003'
-73.9679,40.8014,3427,2954,'NYW 106 St10003+NYBroadway+10003|NYW 106th St10003+NYBroadway+10003|NYDuke Ellington Blvd10003+NYBroadway+10003'
-73.9678,40.6932,467,1477,'NYWaverly Ave10003+NYMyrtle Ave+10003'
-73.9678,40.5879,1,26,'NYE 2nd St10003+NYManhattan Ct+10003|NYManhattan Ct10003'
-73.9678,40.5845,4,7,'NYShore Pkwy N10003|NYShore Pkwy N10003+NYShore Pkwy N+10003|NYShore Pkwy N10003+NYShore Pkwy+10003|NYShore Pkwy10003|NYShore Pkwy10003+NYShore Pkwy+10003|NYShore Pkwy10003+NYShore Pkwy N+10003'
-73.9678,40.8676,1,0,'NJHillcrest Ave10003+NJRossett St+10003'
-73.9678,40.8022,1499,2765,'NYW 107th St10003+NYBroadway+10003|NYW 107 St10003+NYBroadway+10003'
-73.9678,40.8758,0,1,'NJMiddlesex Ave10003+NJCumberland St+10003|NJCumberland St10003'
-73.9678,40.8502,0,1,'NJParker Ave10003+NJCedar St+10003|NJCedar St10003'
-73.9678,40.7686,1195,1741,'NYE 67 St10003+NYMadison Ave+10003|NYMadison Ave10003+NYE 67th St+10003'
-73.9677,40.6977,37,71,'NYWashington Ave10003+NYFlushing Ave+10003'
-73.9677,40.7629,10785,2612,'NYE 60th St10003+NYLexington Ave+10003|NYLexington Ave10003+NYE 60 St+10003'
-73.9677,40.6979,0,5,'NYSouth St10003|NYSouth St10003+NYWashington Ave+10003'
-73.9677,40.8055,10,409,'NYRiverside Dr10003+NYW 111th St+10003'
-73.9677,40.8550,0,3,'NJS Marginal Rd10003|NJS Marginal Rd10003+NJLemoine Ave+10003|NJS Marginal Rd10003+NJState Rte 67+10003|NJS Marginal Rd10003+NJN Marginal St+10003|NJLemoine Ave10002+NJN Marginal St+10002|NJState Rte 6710002+NJN Marginal St+10002|NJN Marginal St10003'
-73.9677,40.5872,0,4,'NYBrighton Ct10003|NYBrighton Ct10003+NYE 2nd St+10003'
-73.9677,40.6991,1,13,'NYWashington Ave10003+NYPaulding St+10003'
-73.9677,40.7107,142,1213,'NYBroadway10003+NYDunham Pl+10003|NYDunham Pl10003'
-73.9676,40.6352,15,47,'NYCristoforo Colombo Blvd10003|NYCristoforo Colombo Blvd10003+NYConey Island Ave+10003|NYCristoforo Colombo Blvd10003+NYDitmas Ave+10003|NY18th Ave10003|NY18th Ave10003+NYConey Island Ave+10003|NY18th Ave10003+NYDitmas Ave+10003|NYConey Island Ave10003+NYDitmas Ave+10003|NYDitmas Ave10003'
-73.9676,40.7050,0,5,'NYMorton St10003'
-73.9676,40.6994,2,5,'NYWashington Ave10003+NYMarket St+10003'
-73.9676,40.7561,13291,10352,'NYE 52nd St10003+NY2nd Ave+10003|NYE 52nd St10003+NY2 Ave+10003|NY2nd Ave10003+NYE 52 St+10003|NYE 52 St10003+NY2 Ave+10003'
-73.9676,40.8552,0,2,'NJCross St10003+NJLemoine Ave+10003|NJCross St10003+NJState Rte 67+10003|NJLemoine Ave10002+NJBridge Plz N+10002|NJState Rte 6710002+NJBridge Plz N+10002'
-73.9676,40.8029,2340,1698,'NYW 108 St10003+NYW End Ave+10003|NYW 108 St10003+NYBroadway+10003|NYW End Ave10003|NYW End Ave10003+NYW 108th St+10003|NYW End Ave10003+NYBroadway+10003|NYW 108th St10003+NYBroadway+10003'
-73.9676,40.8621,0,1,'NJLinwood Ave10003+NJPark Pl+10003|NJPark Pl10003'
-73.9676,40.7519,1487,2414,'NY1st Ave10003+NYE 47th St+10003|NYE 47th St10003|NYE 47th St10003+NYUnited Nations Plz+10003|NYE 47th St10003+NY1 Ave+10003'
-73.9676,40.7165,0,1,'NYGrand St10003'
-73.9676,40.7979,188,837,'NYW 102 St10003+NYAmsterdam Ave+10003|NYW 102nd St10003+NYAmsterdam Ave+10003'
-73.9676,40.5865,0,8,'NYE 2nd St10003|NYE 2nd St10003+NYAve Z+10003'
-73.9676,40.8635,0,2,'NJLinwood Ave10003+NJFairview Ave+10003|NJFairview Ave10003'
-73.9676,40.6319,4,51,'NYE 10th St10003|NYE 10th St10003+NYFoster Ave+10003'
-73.9675,40.6477,2,137,'NYChurch Ave10003+NYE 13th St+10003|NYChurch Ave10003+NYArgyle Rd+10003'
-73.9675,40.7718,1137,544,'NYE 71 St10003|NYE 71 St10003+NY5th Ave+10003|NYE 71st St10003|NYE 71st St10003+NY5th Ave+10003'
-73.9675,40.7603,5770,7224,'NYE 57th St10003+NY3rd Ave+10003|NYE 57th St10003+NY3 Ave+10003'
-73.9675,40.6376,1,37,'NYStratford Rd10003+NYDorchester Rd+10003|NYDorchester Rd10003+NYE 11th St+10003'
-73.9675,40.7929,3157,6094,'NYW 96 St10003+NYColumbus Ave+10003|NYW 96th St10003+NYColumbus Ave+10003'
-73.9675,40.7660,2906,1878,'NYE 64 St10003+NYPark Ave+10003|NYPark Ave10003+NYE 64th St+10003'
-73.9675,40.6755,19,451,'NYButler Pl10003|NYButler Pl10003+NYSterling Pl+10003'
-73.9675,40.6728,119,481,'NYUnderhill Ave10003|NYUnderhill Ave10003+NYEastern Pkwy+10003'
-73.9675,40.6085,5,91,'NYEstate Rd10003|NYEstate Rd10003+NYOcean Pkwy+10003'
-73.9675,40.8457,0,3,'NJHooks Ln10003'
-73.9675,40.7019,1,5,'NYGee Ave10003'
-73.9674,40.7879,1427,3559,'NYW 90 St10003|NYW 90 St10003+NYCentral Park W+10003|NYW 90 St10003+NYWest Dr+10003|NYW 90th St10003|NYW 90th St10003+NYCentral Park W+10003|NYW 90th St10003+NYWest Dr+10003|NYCentral Park W10003+NYWest Dr+10003|NYWest Dr10003'
-73.9674,40.6960,59,304,'NYPark Ave10003+NYWashington Ave+10003'
-73.9674,40.7133,130,785,'NYS 4th St10003|NYS 4th St10003+NYKent Ave+10003'
-73.9674,40.6345,14,67,'NYConey Island Ave10003+NYWebster Ave+10003|NYWebster Ave10003'
-73.9674,40.6419,0,96,'NYWestminster Rd10003+NYSlocum Pl+10003|NYE 12th St10003+NYSlocum Pl+10003|NYSlocum Pl10003'
-73.9674,40.8070,21,135,'NYW 113 St10003|NYW 113 St10003+NYRiverside Dr+10003|NYW 113th St10003|NYW 113th St10003+NYRiverside Dr+10003'
-73.9674,40.6959,15,100,'NYI 27810001+NYWashington Ave+10001|NYBrooklyn Queens Expy10001+NYWashington Ave+10001'
-73.9674,40.5955,0,28,'NYE 4th St10003+NYAve V+10003'
-73.9674,40.8061,12,632,'NYRiverside Dr10003+NYW 112 St+10003|NYRiverside Dr10003+NYW 112th St+10003|NYW 112 St10003|NYW 112th St10003'
-73.9674,40.6958,17,139,'NYI 27810001+NYWashington Ave+10001|NYWashington Ave10003+NYBrooklyn Qns Expy+10003'
-73.9674,40.8585,0,6,'NJCenter Ave10003+NJLincoln Ave+10003'
-73.9674,40.7039,1,0,'NYBoat Ave10003'
-73.9673,40.5815,1,84,'NYWest Ave10003|NYWest Ave10003+NYOcean Pkwy+10003'
-73.9673,40.6956,71,471,'NYWashington Ave10003+NYPark Ave+10003'
-73.9673,40.7692,932,1631,'NYE 68 St10003+NYMadison Ave+10003|NYMadison Ave10003+NYE 68th St+10003'
-73.9673,40.5901,1,24,'NYE 3rd St10003+NYOcean Ct+10003|NYOcean Ct10003'
-73.9673,40.6149,0,27,'NYE 7th St10003+NYRoder Ave+10003|NYRoder Ave10003'
-73.9673,40.7635,5988,2418,'NYE 61st St10003+NYLexington Ave+10003|NYE 61 St10003+NYLexington Ave+10003'
-73.9672,40.8442,0,2,'NJMaple St10003|NJMaple St10003+NJRiver Rd+10003|NJMaple St10003+NJOld River Rd+10003'
-73.9672,40.7083,11,330,'NYS 10th St10003'
-73.9672,40.7116,176,795,'NYDunham Pl10003|NYDunham Pl10003+NYS 6th St+10003'
-73.9672,40.7845,373,923,'NYWest Dr10003+NY85th St Transverse+10003'
-73.9672,40.7043,0,12,'NYClymer St10003'
-73.9672,40.8648,0,1,'NJMaple St10003|NJMaple St10003+NJLinwood Ave+10003'
-73.9672,40.6737,29,552,'NYUnderhill Ave10003+NYLincoln Pl+10003|NYLincoln Pl10003'
-73.9672,40.5895,0,8,'NYE 3rd St10003+NYParkway Ct+10003|NYParkway Ct10003'
-73.9672,40.5764,0,5,'NYBrighton 1st St10003|NYBrighton 1st St10003+NYBrighton Beach Ave+10003|NYBrighton 1 St10003|NYBrighton 1 St10003+NYBrighton Beach Ave+10003'
-73.9672,40.7568,17391,9362,'NYE 53rd St10003+NY2nd Ave+10003|NYE 53rd St10003+NY2 Ave+10003|NY2nd Ave10003+NYE 53 St+10003|NY2 Ave10003+NYE 53 St+10003'
-73.9671,40.8036,2260,2000,'NYW 109 St10003+NYBroadway+10003|NYW 109th St10003+NYBroadway+10003'
-73.9671,40.8068,21,610,'NYRiverside Dr10003+NYW 113 St+10003|NYRiverside Dr10003+NYW 113th St+10003'
-73.9671,40.6979,2,2,'NYSouth St10003+NY14th Ave+10003|NY14th Ave10003'
-73.9671,40.6355,2,21,'NYStratford Rd10003|NYStratford Rd10003+NYDitmas Ave+10003|NYDitmas Ave10003+NYE 11th St+10003|NYE 11th St10003'
-73.9671,40.7985,313,1735,'NYW 103rd St10003|NYW 103rd St10003+NYAmsterdam Ave+10003|NYAmsterdam Ave10003+NYW 103 St+10003|NYW 103 St10003'
-73.9671,40.7091,17,183,'NYS 9th St10003|NYS 9th St10003+NYWythe Ave+10003'
-73.9671,40.7758,27,39,'NYCentral Park Driveway10003|NYCentral Park Driveway10003+NYEast Dr+10003'
-73.9671,40.8449,0,1,'NJVeterans Way10003|NJVeterans Way10003+NJRiver Rd+10003|NJVeterans Way10003+NJOld River Rd+10003'
-73.9671,40.7667,4840,2683,'NYE 65th St10003+NYPark Ave+10003|NYPark Ave10003+NYE 65 St+10003'
-73.9671,40.6990,1,1,'NY14th Ave10003'
-73.9671,40.6843,188,1766,'NYGates Ave10003+NYClinton Ave+10003'
-73.9671,40.8755,0,1,'NJMiddlesex Ave10003'
-73.9670,40.5887,0,19,'NYE 3rd St10003|NYE 3rd St10003+NYAve Y+10003'
-73.9670,40.6400,42,368,'NYWestminster Rd10003+NYCortelyou Rd+10003|NYE 12th St10003+NYCortelyou Rd+10003'
-73.9670,40.7609,5139,6095,'NY3rd Ave10003+NYE 58th St+10003|NY3 Ave10003+NYE 58th St+10003'
-73.9670,40.7725,4391,1264,'NY72nd St Transverse10003|NY72nd St Transverse10003+NYE 72 St+10003|NY72nd St Transverse10003+NYE 72nd St+10003|NY72nd St Transverse10003+NY5th Ave+10003|NYE 72 St10003|NYE 72 St10003+NY5th Ave+10003|NYE 72nd St10003|NYE 72nd St10003+NY5th Ave+10003'
-73.9670,40.5770,0,4,'NYBrighton 1st St10003+NYBrighton 1st Ln+10003|NYBrighton 1st Ln10003|NYBrighton 1st Ln10003+NYBrighton 1 St+10003'
-73.9670,40.6332,7,55,'NYParkville Ave10003|NYParkville Ave10003+NYConey Island Ave+10003'
-73.9670,40.6499,0,11,'NYCaton Ave10002+NYE 14th St+10002|NYCaton Ave10002+NYRugby Rd+10002|NYE 14th St10003|NYRugby Rd10003'
-73.9670,40.7063,8,80,'NYRush St10003'
-73.9670,40.8467,0,2,'NJBurdette Ct10003'
-73.9670,40.7526,1935,3653,'NYE 48th St10003|NYE 48th St10003+NYE 48th St+10003|NYE 48th St10003+NY1st Ave+10003|NYE 48th St10003+NYUnited Nations Plz+10003|NYE 48th St10003+NY1 Ave+10003|NY1st Ave10003+NYE 48th St+10003|NYUnited Nations Plz10003+NYE 48th St+10003'
-73.9670,40.7936,5187,7573,'NYW 97th St10003+NYColumbus Ave+10003'
-73.9670,40.7885,664,1890,'NYW 91 St10003|NYW 91 St10003+NYCentral Park W+10003|NYW 91st St10003|NYW 91st St10003+NYCentral Park W+10003'
-73.9670,40.8076,40,1060,'NYRiverside Dr10003|NYRiverside Dr10003+NYW 114 St+10003|NYRiverside Dr10003+NYW 114th St+10003|NYRiverside Dr10003+NYRiverside Dr+10003|NYW 114 St10003|NYW 114 St10003+NYRiverside Dr+10003|NYW 114th St10003|NYW 114th St10003+NYRiverside Dr+10003'
-73.9670,40.8539,0,1,'NJHudson St10003|NJMartha Washington Hwy10003'
-73.9670,40.5774,0,4,'NYBrighton 1st St10003|NYBrighton 1st St10003+NYBrighton 1st St+10003|NYBrighton 1st St10003+NYBrighton 1st Ter+10003|NYBrighton 1st St10003+NYBrighton 1 Ter+10003|NYBrighton 1st St10003+NYBrighton 1 St+10003|NYBrighton 1 St10003|NYBrighton 1 St10003+NYBrighton 1st Ter+10003|NYBrighton 1 St10003+NYBrighton 1 Ter+10003|NYBrighton 1st Ter10003|NYBrighton 1st Ter10003+NYBrighton 1 Ter+10003|NYBrighton 1 Ter10003'
-73.9669,40.8956,0,1,'NJHillside Ave10003+NJCedar St+10003|NJCedar St10003'
-73.9669,40.6744,46,859,'NYUnderhill Ave10003+NYSt Johns Pl+10003'
-73.9669,40.5833,1,31,'NYShore Pkwy S10003+NYOcean Pkwy+10003'
-73.9669,40.6835,361,1009,'NYFulton St10003+NYClinton Ave+10003'
-73.9669,40.8537,0,2,'NJCentral Rd10003'
-73.9668,40.8455,0,1,'NJRiver Rd10003+NJHooks Ln+10003|NJOld River Rd10003+NJHooks Ln+10003|NJHooks Ln10003'
-73.9668,40.7698,1446,1796,'NYE 69th St10003+NYMadison Ave+10003|NYE 69 St10003+NYMadison Ave+10003'
-73.9668,40.7641,5577,2387,'NYE 62nd St10003+NYLexington Ave+10003'
-73.9668,40.9202,0,1,'NJWestervelt Ave10003+NJFranklin St+10003'
-73.9668,40.7106,377,1514,'NYBroadway10003+NYWythe Ave+10003'
-73.9668,40.8486,0,2,'NJFederspiel St10003|NJFederspiel St10003+NJOld Palisade Rd+10003'
-73.9668,40.8637,1,3,'NJShort St10003'
-73.9668,40.7878,28,71,'NYWest Dr10003|NYWest Dr10003+NYWest Dr+10003'
-73.9668,40.5748,0,2,'NYBrighton 1st Rd10003|NYBrighton 1st Rd10003+NYBoardwalk E+10003|NYBrighton 1st Rd10003+NYRiegelmann Boardwalk+10003'
-73.9667,40.6977,4,15,'NYHall St10003'
-73.9667,40.9100,0,1,'NJE Hudson Ave10003+NJIvy Ln+10003|NJIvy Ln10003'
-73.9667,40.5784,1,5,'NYBrighton 1st Ct10003|NYBrighton 1st Ct10003+NYBrighton 1st St+10003|NYBrighton 1st Ct10003+NYBrighton 1 St+10003'
-73.9667,40.7055,6,43,'NYMorton St10003'
-73.9667,40.7574,8221,9677,'NYE 54th St10003+NY2nd Ave+10003|NYE 54th St10003+NY2 Ave+10003|NYE 54 St10003+NY2nd Ave+10003|NYE 54 St10003+NY2 Ave+10003'
-73.9667,40.8042,5413,4370,'NYCathedral Pkwy10003+NYBroadway+10003|NYW 110th St10003+NYBroadway+10003|NYW 110 St10003+NYBroadway+10003'
-73.9667,40.6319,6,23,'NYGlenwood Rd10003|NYGlenwood Rd10003+NYConey Island Ave+10003'
-73.9667,40.6480,0,35,'NYChurch Ave10003+NYE 14th St+10003|NYChurch Ave10003+NYRugby Rd+10003'
-73.9667,40.6380,2,65,'NYWestminster Rd10003+NYDorchester Rd+10003|NYE 12th St10003+NYDorchester Rd+10003'
-73.9667,40.7991,265,1354,'NYW 104th St10003+NYAmsterdam Ave+10003|NYAmsterdam Ave10003+NYW 104 St+10003'
-73.9667,40.5917,0,20,'NYBoulevard Ct10003|NYBoulevard Ct10003+NYE 4th St+10003|NYAngela Dr10003|NYAngela Dr10003+NYE 4th St+10003'
-73.9666,40.7164,26,108,'NYRiver St10003|NYRiver St10003+NYGrand St+10003'
-73.9666,40.8653,0,1,'NJHammett Ave10003|NJHammett Ave10003+NJMyrtle Ave+10003|NJHammett Ave10003+NJLinwood Ave+10003|NJMyrtle Ave10003+NJLinwood Ave+10003|NJLinwood Ave10003'
-73.9666,40.5755,0,27,'NYBrighton 1st Rd10003+NYBrightwater Ct+10003|NYBrightwater Ct10003'
-73.9666,40.7532,2522,4257,'NY1st Ave10003+NYE 49th St+10003|NYUnited Nations Plz10003|NYUnited Nations Plz10003+NYE 49th St+10003|NYE 49th St10003+NY1 Ave+10003'
-73.9666,40.6753,49,590,'NYUnderhill Ave10003+NYSterling Pl+10003'
-73.9666,40.7673,3429,1715,'NYE 66th St10003+NYPark Ave+10003|NYE 66 St10003+NYPark Ave+10003'
-73.9666,40.7616,4403,4143,'NY3rd Ave10003+NYE 59th St+10003|NY3rd Ave10003+NYE 59 St+10003|NY3 Ave10003+NYE 59th St+10003|NY3 Ave10003+NYE 59 St+10003'
-73.9666,40.5790,1,8,'NYBrighton 1st St10003+NYBrighton 2nd Ln+10003|NYBrighton 2nd Ln10003|NYBrighton 2nd Ln10003+NYBrighton 1 St+10003'
-73.9666,40.7891,892,2785,'NYW 92 St10003|NYW 92 St10003+NYCentral Park W+10003|NYCentral Park W10003+NYW 92nd St+10003|NYW 92nd St10003'
-73.9665,40.6816,770,950,'NYClinton Ave10003'
-73.9665,40.7037,2,6,'NYTaylor St10003'
-73.9665,40.7731,1109,967,'NYE 73rd St10003|NYE 73rd St10003+NY5th Ave+10003|NY5th Ave10003+NYE 73 St+10003|NYE 73 St10003'
-73.9665,40.7533,1361,1477,'NYMitchell Pl10003|NYMitchell Pl10003+NY1st Ave+10003|NYMitchell Pl10003+NY1 Ave+10003'
-73.9665,40.5910,0,11,'NYAve X10003+NYE 4th St+10003|NYE 4th St10003'
-73.9665,40.8082,26,498,'NYW 115 St10003|NYW 115 St10003+NYW 115th St+10003|NYW 115 St10003+NYRiverside Dr+10003|NYW 115th St10003|NYW 115th St10003+NYRiverside Dr+10003'
-73.9665,40.5851,2,12,'NYNixon Ct10003|NYNixon Ct10003+NYShore Pkwy N+10003|NYNixon Ct10003+NYOcean Pkwy+10003|NYNixon Ct10003+NYShore Pkwy+10003|NYShore Pkwy N10003|NYShore Pkwy N10003+NYShore Pkwy+10003|NYShore Pkwy10003'
-73.9665,40.5814,0,1,'NYBanner 3rd Ter10003'
-73.9665,40.8597,0,1,'NJCenter Ave10003+NJWilson Ave+10003'
-73.9665,40.7021,0,1,'NYGee Ave10003|NYGee Ave10003+NYWelding Rd+10003|NYWelding Rd10003'
-73.9665,40.7782,321,608,'NY79th St Transverse Rd10003|NY79th St Transverse Rd10003+NY79th St Transverse+10003|NY79th St Transverse Rd10003+NYEast Dr+10003|NY79th St Transverse10003|NY79th St Transverse10003+NYEast Dr+10003'
-73.9664,40.5956,1,13,'NYE 5th St10003+NYAve V+10003'
-73.9664,40.5819,0,2,'NYBanner 3rd Rd10003'
-73.9664,40.7155,514,1428,'NYS 1st St10003'
-73.9664,40.6959,33,240,'NYBrooklyn Queens Expy10001+NYHall St+10001'
-73.9664,40.8933,0,1,'NJWalnut St10003|NJWalnut St10003+NJLydecker St+10003'
-73.9664,40.6466,1,64,'NYAlbemarle Rd10003+NYE 14th St+10003'
-73.9664,40.7705,767,1502,'NYE 70 St10003+NYMadison Ave+10003|NYMadison Ave10003+NYE 70th St+10003'
-73.9664,40.5766,1,2,'NYBrighton 1st Rd10003|NYBrighton 1st Rd10003+NYBrighton Beach Ave+10003'
-73.9664,40.7647,6385,3513,'NYE 63rd St10003+NYLexington Ave+10003|NYE 63 St10003+NYLexington Ave+10003'
-73.9663,40.8507,0,1,'NJCentral Rd10003|NJCentral Rd10003+NJMain St+10003'
-73.9663,40.5859,2,14,'NYMurdock Ct10003|NYMurdock Ct10003+NYOcean Pkwy+10003'
-73.9663,40.8550,0,1,'NJCross St10003+NJHudson St+10003|NJHudson St10003|NJHudson St10003+NJBridge Plz N+10003'
-73.9663,40.6762,75,1018,'NYUnderhill Ave10003+NYPark Pl+10003'
-73.9663,40.6152,0,23,'NYE 8th St10003+NYRoder Ave+10003'
-73.9663,40.8855,0,1,'NJMountain Rd10003|NJMountain Rd10003+NJJones Rd+10003'
-73.9663,40.6325,11,10,'NYCorbin Ct10003|NYCorbin Ct10003+NYFoster Ave+10003'
-73.9663,40.5775,0,5,'NYBrighton 1 Pl10003+NYBrighton 1st Ter+10003|NYBrighton 1 Pl10003+NYBrighton 1 Ter+10003|NYBrighton 1st Ter10003|NYBrighton 1st Ter10003+NYBrighton 1st Pl+10003|NYBrighton 1st Ter10003+NYBrighton 1 Ter+10003|NYBrighton 1st Pl10003+NYBrighton 1 Ter+10003|NYBrighton 1 Ter10003'
-73.9663,40.8855,0,1,'NJMountain Rd10003|NJMountain Rd10003+NJJones Rd+10003'
-73.9663,40.6359,3,116,'NYWestminster Rd10003+NYDitmas Ave+10003|NYE 12th St10003+NYDitmas Ave+10003'
-73.9662,40.6990,0,1,'NYWelding Rd10003'
-73.9662,40.7580,8059,5267,'NYE 55 St10003+NY2nd Ave+10003|NYE 55 St10003+NY2 Ave+10003|NY2nd Ave10003+NYE 55th St+10003|NYE 55th St10003+NY2 Ave+10003'
-73.9662,40.8048,3459,2906,'NYW 111th St10003+NYBroadway+10003'
-73.9662,40.6532,4,48,'NYParade Pl10003|NYParade Pl10003+NYParkside Ave+10003'
-73.9662,40.5806,0,10,'NYBrighton 1st St10003|NYBrighton 1st St10003+NYNeptune Ave+10003|NYNeptune Ave10003+NYBrighton 1 St+10003|NYBrighton 1 St10003'
-73.9662,40.7974,12,186,'NYW 102 St10003|NYW 102nd St10003'
-73.9662,40.7998,252,1824,'NYW 105 St10003+NYAmsterdam Ave+10003|NYW 105th St10003+NYAmsterdam Ave+10003'
-73.9662,40.8490,0,2,'NJKaufers Ln10003'
-73.9662,40.6320,3,1,'NYCorbin Ct10003|NYCorbin Ct10003+NYGlenwood Rd+10003'
-73.9662,40.7539,2630,4219,'NYE 50th St10003+NY1st Ave+10003|NYE 50th St10003+NY1 Ave+10003|NYE 50 St10003+NY1st Ave+10003|NYE 50 St10003+NY1 Ave+10003'
-73.9662,40.6996,5,4,'NYMarket St10003'
-73.9661,40.5867,0,24,'NYAve Z10003+NYOcean Pkwy+10003'
-73.9661,40.7679,2129,1556,'NYE 67 St10003+NYPark Ave+10003|NYE 67th St10003+NYPark Ave+10003'
-73.9661,40.6503,2,12,'NYE 15th St10003|NYE 15th St10003+NYCaton Ave+10003|NYMarlborough Rd10003|NYMarlborough Rd10003+NYCaton Ave+10003'
-73.9661,40.7183,0,3,'NYN 1st St10003'
-73.9661,40.7622,10569,4456,'NYE 60th St10003+NY3rd Ave+10003|NYE 60th St10003+NY3 Ave+10003|NY3rd Ave10003+NYE 60 St+10003|NY3 Ave10003+NYE 60 St+10003'
-73.9661,40.6844,65,730,'NYWaverly Ave10003+NYGates Ave+10003'
-73.9661,40.7897,743,2449,'NYW 93rd St10003|NYW 93rd St10003+NYCentral Park W+10003|NYCentral Park W10003+NYW 93 St+10003|NYW 93 St10003'
-73.9661,40.8902,0,3,'NJBrinckerhoff Ct10003'
-73.9661,40.6295,14,83,'NYAve H10003+NYConey Island Ave+10003'
-73.9661,40.7738,1094,706,'NYE 74 St10003|NYE 74 St10003+NY5th Ave+10003|NY5th Ave10003+NYE 74th St+10003|NYE 74th St10003'
-73.9661,40.7075,21,271,'NYS 11th St10003'
-73.9660,40.5792,0,1,'NYBrighton 2nd Pl10003|NYBrighton 2nd Pl10003+NYBrighton 2nd Ln+10003'
-73.9660,40.8536,0,1,'NJHoyt Ave10003'
-73.9659,40.6442,9,168,'NYE 14th St10003+NYBeverley Rd+10003'
-73.9659,40.7082,1,22,'NYS 10th St10003+NYBerry St+10003'
-73.9659,40.7711,584,1320,'NYE 71 St10003+NYMadison Ave+10003|NYE 71st St10003+NYMadison Ave+10003'
-73.9659,40.7072,12,162,'NYBerry St10003'
-73.9659,40.5766,1,1,'NYBrighton 1 Pl10003|NYBrighton 1 Pl10003+NYBrighton Beach Ave+10003|NYBrighton 1st Pl10003|NYBrighton 1st Pl10003+NYBrighton Beach Ave+10003'
-73.9659,40.5797,0,3,'NYBrighton 2nd Pl10003+NYBrighton 2nd Walk+10003|NYBrighton 2nd Walk10003'
-73.9659,40.6934,349,1546,'NYMyrtle Ave10003+NYHall St+10003'
-73.9659,40.7654,4322,2827,'NYE 64 St10003+NYLexington Ave+10003|NYLexington Ave10003+NYE 64th St+10003'
-73.9659,40.8088,50,924,'NYW 116 St10003|NYW 116 St10003+NYRiverside Dr+10003|NYRiverside Dr10003+NYW 116th St+10003|NYW 116th St10003'
-73.9659,40.7032,1,7,'NYWilson St10003'
-73.9659,40.6833,237,902,'NYWaverly Ave10003+NYFulton St+10003'
-73.9659,40.8497,1,1,'NJCedar St10003|NJCedar St10003+NJKaufers Ln+10003'
-73.9658,40.5767,1,2,'NYBrighton 1st Pl10003|NYBrighton 1st Pl10003+NYBrighton Beach Ave+10003|NYBrighton 1st Pl10003+NYBrighton 1 Pl+10003|NYBrighton Beach Ave10003+NYBrighton 1 Pl+10003|NYBrighton 1 Pl10003'
-73.9658,40.5788,0,2,'NYBrighton 2 St10003|NYBrighton 2 St10003+NYOcean View Ave+10003|NYBrighton 2nd St10003|NYBrighton 2nd St10003+NYOcean View Ave+10003'
-73.9658,40.5813,0,1,'NYBanner 3rd Ter10003|NYBanner 3rd Ter10003+NYBrighton 3rd St+10003'
-73.9658,40.7089,3,55,'NYS 9th St10003+NYBerry St+10003'
-73.9658,40.6484,5,34,'NYE 15th St10003+NYChurch Ave+10003|NYChurch Ave10003+NYMarlborough Rd+10003'
-73.9658,40.7586,5307,7172,'NYE 56 St10003+NY2nd Ave+10003|NYE 56 St10003+NY2 Ave+10003|NYE 56th St10003+NY2nd Ave+10003|NYE 56th St10003+NY2 Ave+10003'
-73.9658,40.7129,619,1886,'NYS 4th St10003+NYWythe Ave+10003'
-73.9658,40.6976,1,12,'NYRyerson St10003'
-73.9658,40.8055,2983,1875,'NYW 112 St10003+NYBroadway+10003|NYW 112th St10003+NYBroadway+10003'
-73.9658,40.6525,2,97,'NYWoodruff Ave10003|NYWoodruff Ave10003+NYParade Pl+10003'
-73.9657,40.7173,81,425,'NYRiver St10003+NYN 1st St+10003'
-73.9657,40.5918,1,5,'NYBoulevard Ct10003+NYE 5th St+10003|NYAngela Dr10003+NYE 5th St+10003|NYE 5th St10003'
-73.9657,40.7016,0,1,'NYJay Ave10003'
-73.9657,40.8004,1550,3550,'NYW 106 St10003+NYAmsterdam Ave+10003|NYAmsterdam Ave10003+NYW 106th St+10003|NYAmsterdam Ave10003+NYDuke Ellington Blvd+10003'
-73.9657,40.7545,4407,5004,'NYE 51st St10003+NY1st Ave+10003|NYE 51st St10003+NY1 Ave+10003|NYE 51 St10003+NY1st Ave+10003|NYE 51 St10003+NY1 Ave+10003'
-73.9657,40.7685,1706,1259,'NYE 68 St10003+NYPark Ave+10003|NYE 68th St10003+NYPark Ave+10003'
-73.9657,40.5818,0,1,'NYBrighton 3rd St10003+NYBanner 3rd Rd+10003|NYBanner 3rd Rd10003'
-73.9657,40.7043,4,26,'NYTaylor St10003'
-73.9657,40.5785,0,1,'NYBrighton 1st Ct10003|NYBrighton 1st Ct10003+NYBrighton 2 St+10003|NYBrighton 1st Ct10003+NYBrighton 2nd St+10003'
-73.9657,40.8519,0,1,'NJCentral Ave10003'
-73.9657,40.6328,4,43,'NYWestminster Rd10003+NYFoster Ave+10003|NYE 12th St10003+NYFoster Ave+10003'
-73.9657,40.7062,0,4,'NYJuliana Pl10003|NYJuliana Pl10003+NYMorton St+10003|NYMorton St10003'
-73.9657,40.7628,5637,3580,'NYE 61st St10003+NY3rd Ave+10003|NYE 61st St10003+NY3 Ave+10003|NYE 61 St10003+NY3rd Ave+10003|NYE 61 St10003+NY3 Ave+10003'
-73.9656,40.5755,0,2,'NYBrightwater Ct10003+NYBrighton 1st Pl+10003|NYBrightwater Ct10003+NYBrighton 1 Pl+10003|NYBrighton 1st Pl10003|NYBrighton 1st Pl10003+NYBrighton 1 Pl+10003|NYBrighton 1 Pl10003'
-73.9656,40.5889,1,17,'NYAve Y10003+NYOcean Pkwy+10003'
-73.9656,40.7097,6,112,'NYS 8th St10003+NYBerry St+10003'
-73.9656,40.7904,938,2312,'NYW 94th St10003|NYW 94th St10003+NYCentral Park W+10003|NYW 94 St10003|NYW 94 St10003+NYCentral Park W+10003'
-73.9656,40.7955,2649,4334,'NYW 100th St10003+NYColumbus Ave+10003|NYW 100 St10003+NYColumbus Ave+10003'
-73.9656,40.7744,971,854,'NYE 75 St10003|NYE 75 St10003+NY5th Ave+10003|NY5th Ave10003+NYE 75th St+10003|NYE 75th St10003'
-73.9656,40.8465,0,1,'NJAnnett Ave10003|NJAnnett Ave10003+NJColony Dr+10003'
-73.9656,40.5782,0,7,'NYBrighton 2 St10003+NYBrighton 1st Walk+10003|NYBrighton 2nd St10003+NYBrighton 1st Walk+10003|NYBrighton 1st Walk10003'
-73.9656,40.7189,0,1,'NYMetropolitan Ave10003'
-73.9656,40.5808,0,1,'NYBrighton 3rd St10003|NYBrighton 3rd St10003+NYNeptune Ave+10003|NYBrighton 3 St10003|NYBrighton 3 St10003+NYNeptune Ave+10003'
-73.9655,40.6320,0,23,'NYWestminster Rd10003+NYGlenwood Rd+10003|NYE 12th St10003+NYGlenwood Rd+10003'
-73.9655,40.8443,0,1,'NJAnnett Ave10003+NJShore Rd+10003|NJAnnett Ave10003+NJN Shore Rd+10003|NJShore Rd10003|NJN Shore Rd10003'
-73.9655,40.8477,0,2,'NJRiver Rd10003+NJHenry Hudson Dr+10003|NJOld River Rd10003+NJHenry Hudson Dr+10003|NJHenry Hudson Dr10009'
-73.9655,40.7105,856,1540,'NYBroadway10003+NYBerry St+10003'
-73.9655,40.6813,72,140,'NYWaverly Ave10003'
-73.9655,40.5978,5,96,'NYAve U10003+NYOcean Pkwy+10003'
-73.9654,40.7660,2242,1986,'NYE 65th St10003+NYLexington Ave+10003|NYLexington Ave10003+NYE 65 St+10003'
-73.9654,40.7718,2429,2538,'NYE 72 St10003+NYMadison Ave+10003|NYMadison Ave10003+NYE 72nd St+10003'
-73.9654,40.6958,16,199,'NYRyerson St10003+NYBrooklyn Queens Expy+10003'
-73.9654,40.6050,1,78,'NYAve R10003+NYE 7th St+10003'
-73.9654,40.6156,0,16,'NYE 9th St10003+NYRoder Ave+10003'
-73.9654,40.6363,1,48,'NYE 13th St10003+NYDitmas Ave+10003|NYArgyle Rd10003+NYDitmas Ave+10003'
-73.9654,40.7110,275,968,'NYBerry St10003+NYS 6th St+10003'
-73.9654,40.5833,0,2,'NYBrighton 3rd St10003|NYBrighton 3rd St10003+NYShore Pkwy S+10003'
-73.9653,40.6788,126,881,'NYUnderhill Ave10003+NYBergen St+10003'
-73.9653,40.5802,0,1,'NYBrighton 2nd Pl10003|NYBrighton 2nd Pl10003+NYBrighton 3rd St+10003|NYBrighton 2nd Pl10003+NYBrighton 3 St+10003|NYBrighton 2nd Pl10003+NYBrighton 3rd Ct+10003|NYBrighton 3rd St10003+NYBrighton 3rd Ct+10003|NYBrighton 3 St10003+NYBrighton 3rd Ct+10003|NYBrighton 3rd Ct10003'
-73.9653,40.8479,3,5,'NJRiver Rd10003|NJRiver Rd10003+NJMain St+10003|NJOld River Rd10003|NJOld River Rd10003+NJMain St+10003|NJMain St10003'
-73.9653,40.8061,2793,2469,'NYW 113 St10003+NYBroadway+10003|NYW 113th St10003+NYBroadway+10003'
-73.9653,40.5774,1,4,'NYBrighton 1st Ln10003|NYBrighton 1st Ln10003+NYBrighton 2 St+10003|NYBrighton 1st Ln10003+NYBrighton 2nd St+10003'
-73.9653,40.7593,9290,7897,'NYE 57th St10003+NY2nd Ave+10003|NYE 57th St10003+NY2 Ave+10003'
-73.9653,40.7527,252,1090,'NYE 49th St10003+NYBeekman Pl+10003|NYBeekman Pl10003'
-73.9653,40.6506,0,34,'NYE 16th St10003|NYE 16th St10003+NYCaton Ave+10003|NYCaton Ave10002+NYBuckingham Rd+10002|NYBuckingham Rd10003'
-73.9652,40.6517,4,67,'NYParade Pl10003+NYCrooke Ave+10003|NYCrooke Ave10003'
-73.9652,40.7551,5067,7393,'NYE 52nd St10003+NY1st Ave+10003|NYE 52nd St10003+NY1 Ave+10003|NY1st Ave10003+NYE 52 St+10003|NYE 52 St10003+NY1 Ave+10003'
-73.9652,40.7692,3059,1423,'NYE 69th St10003+NYPark Ave+10003|NYE 69 St10003+NYPark Ave+10003'
-73.9652,40.5799,0,1,'NYBrighton 3rd Walk10003|NYBrighton 3rd Walk10003+NYBrighton 2nd Walk+10003|NYBrighton 3rd Walk10003+NYBrighton 3rd St+10003|NYBrighton 3rd Walk10003+NYBrighton 3 St+10003|NYBrighton 2nd Walk10003|NYBrighton 2nd Walk10003+NYBrighton 3rd St+10003|NYBrighton 2nd Walk10003+NYBrighton 3 St+10003'
-73.9652,40.8011,719,2767,'NYW 107th St10003+NYAmsterdam Ave+10003|NYW 107 St10003+NYAmsterdam Ave+10003'
-73.9652,40.7634,2035,4667,'NY3rd Ave10003+NYE 62nd St+10003|NYE 62nd St10003+NY3 Ave+10003'
-73.9652,40.7026,0,5,'NYKent Ave10003+NYRoss St+10003|NYRoss St10003'
-73.9652,40.7178,83,548,'NYRiver St10003+NYMetropolitan Ave+10003'
-73.9652,40.7528,86,488,'NYMitchell Pl10003|NYMitchell Pl10003+NYBeekman Pl+10003'
-73.9652,40.6898,974,3333,'NYSt James Pl10003|NYSt James Pl10003+NYHall St+10003|NYHall St10003'
-73.9652,40.7910,882,2801,'NYW 95th St10003|NYW 95th St10003+NYCentral Park W+10003|NYW 95 St10003|NYW 95 St10003+NYCentral Park W+10003'
-73.9652,40.8884,0,1,'NJE Palisade Ave10003+NJJones Rd+10003|NJE Palisade Ave10003+NJBrayton St+10003|NJJones Rd10003|NJJones Rd10003+NJBrayton St+10003|NJBrayton St10003'
-73.9652,40.8568,1,1,'NJHoyt Ave10003|NJHoyt Ave10003+NJHudson St+10003|NJHudson St10003'
-73.9652,40.6624,1,1,'NYNethermead Arches10004|NYNethermead Arches10004+NYEast Dr+10004|NYNethermead Arches10004+NYE Lake Dr+10004|NYCenter Dr10004|NYCenter Dr10004+NYEast Dr+10004|NYCenter Dr10004+NYE Lake Dr+10004|NYEast Dr10003|NYEast Dr10003+NYCentral Dr+10003|NYEast Dr10003+NYE Lake Dr+10003|NYCentral Dr10004|NYCentral Dr10004+NYE Lake Dr+10004|NYE Lake Dr10003'
-73.9652,40.8457,1,1,'NJAnnett Ave10003|NJAnnett Ave10003+NJAnnett Ave+10003'
-73.9651,40.7750,1878,1128,'NYE 76th St10003|NYE 76th St10003+NY5th Ave+10003|NYE 76 St10003|NYE 76 St10003+NY5th Ave+10003'
-73.9651,40.7114,86,135,'NYWilliamsburg Brg10002+NYBerry St+10002'
-73.9651,40.7143,810,1276,'NYS 2nd St10003+NYWythe Ave+10003'
-73.9651,40.5796,0,1,'NYBrighton 3rd St10003+NYBrighton 3rd Ln+10003|NYBrighton 3 St10003+NYBrighton 3rd Ln+10003|NYBrighton 3rd Ln10003'
-73.9651,40.8484,0,1,'NJOld Palisade Rd10003'
-73.9651,40.5768,0,4,'NYBrighton 2 St10003|NYBrighton 2 St10003+NYBrighton 2nd St+10003|NYBrighton 2 St10003+NYBrighton Beach Ave+10003|NYBrighton 2nd St10003|NYBrighton 2nd St10003+NYBrighton 2nd St+10003|NYBrighton 2nd St10003+NYBrighton Beach Ave+10003'
-73.9651,40.7056,0,26,'NYJuliana Pl10003|NYJuliana Pl10003+NYClymer St+10003'
-73.9651,40.7196,5,10,'NYN 3rd St10003'
-73.9651,40.6297,1,32,'NYWestminster Rd10003|NYWestminster Rd10003+NYAve H+10003'
-73.9651,40.5957,0,35,'NYOcean Pkwy10003+NYAve V+10003'
-73.9651,40.6796,93,688,'NYUnderhill Ave10003+NYDean St+10003'
-73.9651,40.7037,0,13,'NYWilson St10003'
-73.9651,40.7115,46,44,'NYWilliamsburg Brg10002+NYBerry St+10002'
-73.9650,40.5794,0,3,'NYBrighton 3rd St10003+NYBrighton 2nd Ln+10003|NYBrighton 3 St10003+NYBrighton 2nd Ln+10003|NYBrighton 2nd Ln10003'
-73.9650,40.6622,0,1,'NYE Lake Dr10003|NYE Lake Dr10003+NYE Lake Dr+10003'
-73.9650,40.8644,0,1,'NJ2nd St10003|NJ2nd St10003+NJMyrtle Ave+10003'
-73.9650,40.7666,2313,1241,'NYE 66th St10003+NYLexington Ave+10003|NYE 66 St10003+NYLexington Ave+10003'
-73.9650,40.5805,0,1,'NYAthlone Ct10003'
-73.9650,40.6935,120,366,'NYMyrtle Ave10003+NYRyerson St+10003|NYRyerson St10003'
-73.9650,40.9090,3,3,'NJE Hudson Ave10003+NJEngle St+10003'
-73.9650,40.8085,75,601,'NYW 116 St10003+NYClaremont Ave+10003|NYClaremont Ave10003|NYClaremont Ave10003+NYW 116th St+10003'
-73.9650,40.7117,137,194,'NYBerry St10003+NYS 5th St+10003'
-73.9650,40.5919,0,16,'NYBoulevard Ct10003|NYBoulevard Ct10003+NYCrawford Ave+10003|NYAngela Dr10003|NYAngela Dr10003+NYCrawford Ave+10003|NYCrawford Ave10003'
-73.9649,40.6236,4,45,'NYCary Ct10003|NYCary Ct10003+NYConey Island Ave+10003'
-73.9649,40.8544,0,2,'NJCentral Rd10003|NJCentral Rd10003+NJBridge Plz+10003|NJCentral Rd10003+NJN Marginal St+10003|NJBridge Plz10003|NJBridge Plz10003+NJN Marginal St+10003|NJN Marginal St10003'
-73.9649,40.7515,33,66,'NYE 48th St10003|NYE 48th St10003+NYF D R Dr+10003'
-73.9649,40.7725,1393,2191,'NYE 73rd St10003+NYMadison Ave+10003|NYMadison Ave10003+NYE 73 St+10003'
-73.9649,40.6288,0,6,'NYE 12th St10003'
-73.9649,40.6389,2,236,'NYE 14th St10003+NYDorchester Rd+10003'
-73.9649,40.6487,1,22,'NYE 16th St10003+NYChurch Ave+10003|NYChurch Ave10003+NYBuckingham Rd+10003'
-73.9649,40.7048,2,35,'NYWythe Pl10003|NYWythe Pl10003+NYTaylor St+10003|NYTaylor St10003'
-73.9649,40.6286,2,1,'NYE 12th St10003'
-73.9649,40.6977,7,197,'NYGrand Ave10003'
-73.9649,40.5755,0,9,'NYBrighton 2 St10003|NYBrighton 2 St10003+NYBrightwater Ct+10003|NYBrighton 2 St10003+NYBrighton 2nd St+10003|NYBrightwater Ct10003+NYBrighton 2nd St+10003|NYBrighton 2nd St10003|NYBrighton 2nd St10003+NYBrighton 2nd St+10003'
-73.9648,40.7075,12,109,'NYBedford Ave10003'
-73.9648,40.8067,2333,1919,'NYW 114 St10003+NYBroadway+10003|NYW 114th St10003+NYBroadway+10003'
-73.9648,40.8517,1,0,'NJCentral Ave10003|NJCentral Ave10003+NJBigler St+10003'
-73.9648,40.8794,0,1,'NJS Woodland St10003'
-73.9648,40.7533,60,1800,'NYE 50th St10003+NYBeekman Pl+10003|NYE 50 St10003+NYBeekman Pl+10003'
-73.9648,40.6883,325,1935,'NYSt James Pl10003+NYLafayette Ave+10003'
-73.9648,40.6332,6,102,'NYE 13th St10003+NYFoster Ave+10003|NYFoster Ave10003+NYArgyle Rd+10003'
-73.9648,40.7150,217,404,'NYS 1st St10003+NYWythe Ave+10003'
-73.9648,40.7600,9311,5094,'NY2nd Ave10003+NYE 58th St+10003|NY2 Ave10003+NYE 58th St+10003'
-73.9648,40.5926,0,21,'NYLancaster Ave10003'
-73.9648,40.7517,13,19,'NYE 48th St10003|NYE 48th St10003+NYF D R Dr+10003'
-73.9648,40.6804,70,488,'NYUnderhill Ave10003+NYPacific St+10003'
-73.9648,40.7558,4777,5212,'NYE 53rd St10003+NY1st Ave+10003|NYE 53rd St10003+NY1 Ave+10003|NY1st Ave10003+NYE 53 St+10003|NY1 Ave10003+NYE 53 St+10003'
-73.9648,40.7698,1802,1936,'NYE 70 St10003+NYPark Ave+10003|NYE 70th St10003+NYPark Ave+10003'
-73.9648,40.8017,634,2113,'NYW 108 St10003+NYAmsterdam Ave+10003|NYAmsterdam Ave10003+NYW 108th St+10003'
-73.9648,40.7641,3412,4357,'NY3rd Ave10003+NYE 63rd St+10003|NY3rd Ave10003+NYE 63 St+10003|NYE 63rd St10003+NY3 Ave+10003|NYE 63 St10003+NY3 Ave+10003'
-73.9647,40.6224,13,59,'NYAve K10003+NYConey Island Ave+10003'
-73.9647,40.8685,0,1,'NJCamner St10003'
-73.9647,40.7757,1231,1097,'NY5th Ave10003+NYE 77th St+10003|NY5th Ave10003+NYE 77 St+10003|NYE 77th St10003|NYE 77 St10003'
-73.9647,40.7917,2584,3462,'NY97th St Transverse10003|NY97th St Transverse10003+NYW 96 St+10003|NY97th St Transverse10003+NYW 96th St+10003|NY97th St Transverse10003+NYCentral Park W+10003|NYW 96 St10003|NYW 96 St10003+NYCentral Park W+10003|NYW 96th St10003|NYW 96th St10003+NYCentral Park W+10003'
-73.9647,40.6920,35,765,'NYRyerson St10003|NYRyerson St10003+NYWilloughby Ave+10003'
-73.9647,40.6509,1,31,'NYParade Pl10003|NYParade Pl10003+NYCaton Ave+10003'
-73.9647,40.5810,0,2,'NYBrighton 4th St10003+NYNeptune Ave+10003'
-73.9646,40.8499,0,1,'NJHudson Ter10003'
-73.9646,40.6273,10,29,'NYAve I10003+NYE 12th St+10003'
-73.9646,40.6876,168,1120,'NYSt James Pl10003+NYClifton Pl+10003|NYClifton Pl10003'
-73.9646,40.7184,104,1290,'NYRiver St10003|NYRiver St10003+NYN 3rd St+10003'
-73.9646,40.6321,0,5,'NYE 13th St10003+NYGlenwood Rd+10003|NYGlenwood Rd10003+NYArgyle Rd+10003'
-73.9646,40.8971,0,1,'NJE Hamilton Ave10003|NJE Hamilton Ave10003+NJLydecker St+10003'
-73.9646,40.9260,0,2,'NJRiveredge Rd10003+NJW Railroad Ave+10003'
-73.9646,40.6961,7,66,'NYPark Ave10003|NYPark Ave10003+NYWilliamsburg Pl+10003|NYPark Ave10003+NYGrand Ave+10003|NYWilliamsburg Pl10003|NYWilliamsburg Pl10003+NYGrand Ave+10003'
-73.9645,40.6468,2,36,'NYE 16th St10003|NYE 16th St10003+NYAlbemarle Rd+10003|NYBuckingham Rd10003|NYBuckingham Rd10003+NYAlbemarle Rd+10003'
-73.9645,40.7672,1945,1109,'NYE 67 St10003+NYLexington Ave+10003|NYE 67th St10003+NYLexington Ave+10003'
-73.9645,40.7021,0,3,'NYRodney St10003'
-73.9645,40.6367,1,73,'NYE 14th St10003+NYDitmas Ave+10003'
-73.9645,40.6159,0,33,'NYE 10th St10003+NYRoder Ave+10003'
-73.9645,40.6959,21,294,'NYBrooklyn Queens Expy10001+NYPark Ave+10001|NYBrooklyn Queens Expy10001+NYGrand Ave+10001|NYPark Ave10003|NYPark Ave10003+NYGrand Ave+10003'
-73.9645,40.9221,0,7,'NJDean Dr10003+NJHuyler Ave+10003|NJHuyler Ave10003'
-73.9645,40.7731,1857,2577,'NYE 74 St10003+NYMadison Ave+10003|NYMadison Ave10003+NYE 74th St+10003'
-73.9645,40.7157,718,945,'NYGrand St10003+NYWythe Ave+10003'
-73.9645,40.5791,0,1,'NYBrighton 3 Pl10003|NYBrighton 3 Pl10003+NYOcean View Ave+10003'
-73.9645,40.7125,399,1633,'NYS 4th St10003+NYBerry St+10003'
-73.9645,40.6811,236,545,'NYUnderhill Ave10003|NYUnderhill Ave10003+NYWashington Ave+10003'
-73.9644,40.7532,19,71,'NYE 50th St10003|NYE 50 St10003'
-73.9644,40.7031,3,36,'NYWythe Ave10003+NYRoss St+10003'
-73.9644,40.8108,24,599,'NYRiverside Dr10003+NYW 119th St+10003|NYRiverside Dr10003+NYW 119 St+10003|NYW 119th St10003|NYW 119th St10003+NYW 119 St+10003|NYW 119 St10003'
-73.9644,40.8466,1,0,'NJHenry Hudson Dr10003|NJHenry Hudson Dr10003+NJHenry Hudson Dr+10003|NJHenry Hudson Dr10009'
-73.9644,40.7071,52,45,'NYBedford Ave10003|NYBedford Ave10003+NYBedford Ave+10003|NYBedford Ave10003+NYMorton St+10003|NYMorton St10003'
-73.9644,40.5818,0,2,'NYBrighton 4th St10003+NYBrighton 4th Ter+10003|NYBrighton 4th Ter10003'
-73.9644,40.8073,2839,1766,'NYW 115 St10003|NYW 115 St10003+NYW 115th St+10003|NYW 115 St10003+NYBroadway+10003|NYW 115th St10003|NYW 115th St10003+NYBroadway+10003'
-73.9644,40.6510,3,44,'NYCaton Ave10002+NYE 17th St+10002|NYE 17th St10003'
-73.9644,40.6051,1,21,'NYAve R10003+NYE 8th St+10003'
-73.9643,40.7539,291,2652,'NYE 51st St10003+NYBeekman Pl+10003|NYE 51 St10003+NYBeekman Pl+10003|NYBeekman Pl10003'
-73.9643,40.9194,0,1,'NJHuyler Ave10003'
-73.9643,40.7606,3323,3147,'NY2nd Ave10003+NYE 59th St+10003|NY2nd Ave10003+NYE 59 St+10003|NYE 59th St10003+NY2 Ave+10003|NYE 59 St10003+NY2 Ave+10003'
-73.9643,40.7080,84,96,'NYBedford Ave10003+NYS 10th St+10003|NYS 10th St10003'
-73.9643,40.6457,7,142,'NYE 16th St10003'
-73.9643,40.7564,2898,7886,'NYE 54th St10003+NY1st Ave+10003|NYE 54th St10003+NY1 Ave+10003|NYE 54 St10003+NY1st Ave+10003|NYE 54 St10003+NY1 Ave+10003'
-73.9643,40.7704,1784,1824,'NYE 71 St10003+NYPark Ave+10003|NYE 71st St10003+NYPark Ave+10003'
-73.9643,40.7948,61,1685,'NYW 100th St10003+NYManhattan Ave+10003|NYW 100 St10003+NYManhattan Ave+10003|NYManhattan Ave10003'
-73.9643,40.8024,911,3190,'NYAmsterdam Ave10003+NYW 109 St+10003|NYAmsterdam Ave10003+NYW 109th St+10003'
-73.9643,40.7647,3024,4790,'NYE 64 St10003+NY3rd Ave+10003|NYE 64 St10003+NY3 Ave+10003|NY3rd Ave10003+NYE 64th St+10003|NY3 Ave10003+NYE 64th St+10003'
-73.9643,40.7042,4,72,'NYWilson St10003|NYWilson St10003+NYWythe Pl+10003|NYWythe Pl10003'
-73.9643,40.7523,24,69,'NYE 49th St10003|NYE 49th St10003+NYF D R Dr+10003'
-73.9643,40.6899,41,37,'NYRyerson St10003|NYRyerson St10003+NYDekalb Ave+10003'
-73.9643,40.5890,0,6,'NYE 6th St10003|NYE 6th St10003+NYAve Y+10003'
-73.9642,40.5824,0,1,'NYBrighton 4th St10003|NYBrighton 4th St10003+NYBrighton 4th Rd+10003|NYBrighton 4th Rd10003'
-73.9642,40.5798,0,1,'NYBrighton 4th Ln10003|NYBrighton 4th Ln10003+NYBrighton 4th St+10003|NYBrighton 4th Ln10003+NYBrighton 3rd Ln+10003|NYBrighton 4th St10003+NYBrighton 3rd Ln+10003|NYBrighton 3rd Ln10003'
-73.9642,40.7763,845,550,'NYE 78th St10003|NYE 78th St10003+NY5th Ave+10003|NYE 78 St10003|NYE 78 St10003+NY5th Ave+10003'
-73.9642,40.5770,2,15,'NYBrighton 3rd St10003|NYBrighton 3rd St10003+NYBrighton 3rd St+10003|NYBrighton 3rd St10003+NYBrighton Beach Ave+10003|NYBrighton 3 St10003|NYBrighton 3 St10003+NYBrighton 3rd St+10003|NYBrighton 3 St10003+NYBrighton Beach Ave+10003'
-73.9642,40.7087,69,97,'NYBedford Ave10003+NYS 9th St+10003'
-73.9642,40.7924,1207,5383,'NY97th St Transverse10003|NY97th St Transverse10003+NYCentral Park W+10003|NY97th St Transverse10003+NYW 97th St+10003|NYCentral Park W10003+NYW 97th St+10003|NYW 97th St10003'
-73.9642,40.6249,18,43,'NYE 12th St10003+NYAve J+10003'
-73.9642,40.6298,1,27,'NYE 13th St10003+NYAve H+10003|NYAve H10003+NYArgyle Rd+10003|NYArgyle Rd10003'
-73.9641,40.6540,2,34,'NYSt Pauls Pl10003|NYSt Pauls Pl10003+NYParkside Ave+10003'
-73.9641,40.7679,4064,1840,'NYE 68 St10003+NYLexington Ave+10003|NYE 68th St10003+NYLexington Ave+10003'
-73.9641,40.9418,0,1,'NJTenakill Park Dr W10003'
-73.9641,40.6936,168,481,'NYMyrtle Ave10003+NYGrand Ave+10003|NYGrand Ave10003'
-73.9640,40.6847,68,798,'NYSt James Pl10003+NYGates Ave+10003'
-73.9640,40.7095,210,447,'NYBedford Ave10003+NYS 8th St+10003'
-73.9640,40.7538,206,886,'NYE 51st St10003|NYE 51 St10003'
-73.9640,40.8113,5,40,'NYW 120th St10003|NYW 120th St10003+NYRiverside Dr+10003|NYW 120th St10003+NYRiverside Dr W+10003|NYW 120 St10003|NYW 120 St10003+NYRiverside Dr+10003|NYW 120 St10003+NYRiverside Dr W+10003|NYRiverside Dr10003|NYRiverside Dr10003+NYRiverside Dr+10003|NYRiverside Dr10003+NYRiverside Dr W+10003|NYRiverside Dr W10003|NYRiverside Dr W10003+NYRiverside Dr+10003'
-73.9640,40.7737,1523,3854,'NYE 75 St10003+NYMadison Ave+10003|NYMadison Ave10003+NYE 75th St+10003'
-73.9640,40.6290,0,2,'NYE 13th St10003'
-73.9640,40.9231,0,3,'NJE Clinton Ave10003+NJNew St+10003|NJNew St10003'
-73.9640,40.8654,0,2,'NJ2nd St10003+NJWashington Ave+10003|NJWashington Ave10003'
-73.9640,40.6491,4,78,'NYChurch Ave10003+NYE 17th St+10003|NYE 17th St10003'
-73.9640,40.6287,0,4,'NYE 13th St10003'
-73.9639,40.7209,8,33,'NYN 6th St10003'
-73.9639,40.6337,4,31,'NYRugby Rd10003+NYFoster Ave+10003'
-73.9639,40.6237,1,14,'NYCary Ct10003|NYCary Ct10003+NYE 12th St+10003'
-73.9639,40.5756,0,9,'NYBrighton 3rd St10003|NYBrighton 3rd St10003+NYBrightwater Ct+10003'
-73.9639,40.7971,880,283,'NYW 103 St10003|NYW 103rd St10003'
-73.9639,40.8541,0,1,'NJBridge Plz10003|NJBridge Plz10003+NJMarginal St+10003|NJMarginal St10003'
-73.9639,40.6979,0,30,'NYSteuben St10003'
-73.9639,40.8080,6050,1976,'NYW 116 St10003+NYBroadway+10003|NYW 116th St10003+NYBroadway+10003'
-73.9639,40.6180,4,42,'NYConey Island Ave10003+NYLocust Ave+10003|NYLocust Ave10003'
-73.9639,40.7612,6172,3878,'NYE 60th St10003+NY2nd Ave+10003|NYE 60th St10003+NY2 Ave+10003|NY2nd Ave10003+NYE 60 St+10003|NY2 Ave10003+NYE 60 St+10003'
-73.9639,40.8123,12,20,'NYRiverside Dr E10003|NYRiverside Dr E10003+NYRiverside Dr+10003|NYRiverside Dr E10003+NYRiverside Dr W+10003|NYRiverside Dr10003|NYRiverside Dr10003+NYRiverside Dr+10003|NYRiverside Dr W10003+NYRiverside Dr+10003'
-73.9639,40.7103,1022,827,'NYBedford Ave10003+NYBroadway+10003'
-73.9639,40.7570,3833,5948,'NYE 55 St10003+NY1st Ave+10003|NYE 55 St10003+NY1 Ave+10003|NY1st Ave10003+NYE 55th St+10003|NYE 55th St10003+NY1 Ave+10003'
-73.9639,40.7015,0,7,'NYKeap St10003'
-73.9639,40.8030,2599,3729,'NYAmsterdam Ave10003+NYCathedral Pkwy+10003|NYAmsterdam Ave10003+NYW 110th St+10003|NYAmsterdam Ave10003+NYW 110 St+10003'
-73.9639,40.5869,0,9,'NYE 6th St10003+NYAve Z+10003'
-73.9638,40.7979,778,1052,'NYW 104th St10003+NYColumbus Ave+10003|NYW 104 St10003+NYColumbus Ave+10003'
-73.9638,40.7653,2353,6400,'NYE 65th St10003+NY3rd Ave+10003|NYE 65th St10003+NY3 Ave+10003|NY3rd Ave10003+NYE 65 St+10003|NY3 Ave10003+NYE 65 St+10003'
-73.9638,40.7105,1199,541,'NYBedford Ave10003+NYS 6th St+10003'
-73.9638,40.7711,2939,3946,'NYE 72 St10003+NYPark Ave+10003|NYE 72nd St10003+NYPark Ave+10003'
-73.9638,40.8986,0,1,'NJLydecker St10003+NJBooth Ave+10003'
-73.9638,40.6330,0,5,'NYde Koven Ct10003|NYde Koven Ct10003+NYE 14th St+10003|NYde Koven Ct10003+NYRugby Rd+10003'
-73.9638,40.6533,10,143,'NYSt Pauls Pl10003+NYWoodruff Ave+10003'
-73.9638,40.9166,0,1,'NJInness Rd10003|NJInness Rd10003+NJSerpentine Rd+10003'
-73.9638,40.7955,17,453,'NYW 101st St10003|NYW 101st St10003+NYManhattan Ave+10003|NYW 101st St10003+NYW 101 St+10003|NYManhattan Ave10003+NYW 101 St+10003|NYW 101 St10003'
-73.9638,40.5913,0,9,'NYHubbard St10003|NYHubbard St10003+NYAve X+10003'
-73.9638,40.5812,0,1,'NYBrighton 5th St10003|NYBrighton 5th St10003+NYNeptune Ave+10003'
-73.9638,40.6173,4,18,'NYConey Island Ave10003+NYChestnut Ave+10003|NYChestnut Ave10003'
-73.9637,40.6921,25,380,'NYGrand Ave10003|NYGrand Ave10003+NYWilloughby Ave+10003'
-73.9637,40.7065,20,41,'NYBedford Ave10003+NYClymer St+10003'
-73.9637,40.7197,319,2853,'NYN 5th St10003'
-73.9637,40.7770,2805,1332,'NYCentral Park Driveway10003|NYCentral Park Driveway10003+NY79th St Transverse+10003|NYCentral Park Driveway10003+NYE 79th St+10003|NYCentral Park Driveway10003+NYE 79 St+10003|NYCentral Park Driveway10003+NY5th Ave+10003|NY79th St Transverse10003|NY79th St Transverse10003+NYE 79th St+10003|NY79th St Transverse10003+NYE 79 St+10003|NY79th St Transverse10003+NY5th Ave+10003|NYE 79th St10003|NYE 79th St10003+NY5th Ave+10003|NYE 79 St10003|NYE 79 St10003+NY5th Ave+10003'
-73.9637,40.6966,1,12,'NYWilliamsburg Pl10003+NYSteuben St+10003'
-73.9637,40.8537,0,1,'NJHudson Ter10003+NJBiglerreet Bigler St+10003|NJBiglerreet Bigler St10003'
-73.9637,40.5959,0,16,'NYE 7th St10003+NYAve V+10003'
-73.9637,40.6274,0,21,'NYAve I10003+NYE 13th St+10003'
-73.9637,40.6322,0,10,'NYGlenwood Rd10003+NYE 14th St+10003|NYGlenwood Rd10003+NYRugby Rd+10003'
-73.9637,40.6828,298,1009,'NYSt James Pl10003+NYFulton St+10003'
-73.9636,40.6960,11,92,'NYPark Ave10003+NYSteuben St+10003|NYSteuben St10003'
-73.9636,40.5905,0,4,'NYOcean Ct10003|NYOcean Ct10003+NYHubbard St+10003'
-73.9636,40.6964,3,16,'NYSteuben St10003|NYSteuben St10003+NYBrooklyn Queens Expy+10003'
-73.9636,40.6166,0,1,'NYElm Ave10003|NYElm Ave10003+NYConey Island Ave+10003'
-73.9636,40.7685,2249,1302,'NYE 69th St10003+NYLexington Ave+10003|NYE 69 St10003+NYLexington Ave+10003'
-73.9636,40.8569,0,2,'NJCentral Rd10003+NJLincoln Ave+10003|NJLincoln Ave10003'
-73.9636,40.7138,257,931,'NYS 2nd St10003+NYBerry St+10003'
-73.9636,40.8540,1,1,'NJHudson Ter10003+NJMarginal St+10003|NJMarginal St10003'
-73.9636,40.7109,452,345,'NYWilliamsburg Brg10002+NYBedford Ave+10002'
-73.9636,40.6469,1,86,'NYE 17th St10003|NYE 17th St10003+NYAlbemarle Rd+10003'
-73.9636,40.6162,2,39,'NYConey Island Ave10003+NYRoder Ave+10003|NYRoder Ave10003'
-73.9636,40.6416,30,366,'NYCortelyou Rd10003+NYE 16th St+10003'
-73.9636,40.5793,0,5,'NYBrighton 4 Pl10003|NYBrighton 4 Pl10003+NYOcean View Ave+10003'
-73.9636,40.7744,10251,10089,'NYE 76th St10003+NYMadison Ave+10003|NYE 76 St10003+NYMadison Ave+10003'
-73.9635,40.5805,0,1,'NYBrighton 5th Ct10003|NYBrighton 5th Ct10003+NYBrighton 5th St+10003|NYBrighton 5th Ct10003+NYBrighton 4th Ct+10003|NYBrighton 5th St10003+NYBrighton 4th Ct+10003|NYBrighton 4th Ct10003'
-73.9635,40.6315,1,15,'NYWaldorf Ct10003|NYWaldorf Ct10003+NYE 14th St+10003|NYWaldorf Ct10003+NYRugby Rd+10003'
-73.9635,40.6870,40,501,'NYCambridge Pl10003|NYCambridge Pl10003+NYGreene Ave+10003'
-73.9635,40.7187,526,3946,'NYN 4th St10003'
-73.9635,40.7111,208,262,'NYWilliamsburg Brg10002+NYBedford Ave+10002'
-73.9635,40.8104,159,628,'NYW 119th St10003|NYW 119th St10003+NYW 119 St+10003|NYW 119th St10003+NYClaremont Ave+10003|NYW 119 St10003|NYW 119 St10003+NYClaremont Ave+10003'
-73.9635,40.6819,22,290,'NYSt James Pl10003+NYLefferts Pl+10003|NYLefferts Pl10003'
-73.9634,40.9028,0,1,'NJDavison Pl10003+NJElkwood Ter+10003|NJElkwood Ter10003'
-73.9634,40.5847,0,2,'NYE 6th St10003|NYE 6th St10003+NYShore Pkwy+10003|NYE 6th St10003+NYShore Pkwy N+10003'
-73.9634,40.6514,2,112,'NYCaton Ave10002+NYE 18th St+10002|NYE 18th St10003'
-73.9634,40.7028,4,33,'NYRodney St10003'
-73.9634,40.7619,3517,3421,'NYE 61st St10003+NY2nd Ave+10003|NYE 61st St10003+NY2 Ave+10003|NYE 61 St10003+NY2nd Ave+10003|NYE 61 St10003+NY2 Ave+10003'
-73.9634,40.8660,0,1,'NJ2nd St10003+NJMoore St+10003|NJMoore St10003'
-73.9634,40.7576,3160,8870,'NYE 56 St10003+NY1st Ave+10003|NYE 56 St10003+NY1 Ave+10003|NYE 56th St10003+NY1st Ave+10003|NYE 56th St10003+NY1 Ave+10003'
-73.9634,40.7659,2655,6510,'NYE 66th St10003+NY3rd Ave+10003|NYE 66th St10003+NY3 Ave+10003|NY3rd Ave10003+NYE 66 St+10003|NY3 Ave10003+NYE 66 St+10003'
-73.9634,40.8036,505,1925,'NYW 111th St10003|NYW 111th St10003+NYAmsterdam Ave+10003'
-73.9634,40.8700,0,1,'NJBirch St10003'
-73.9634,40.7112,718,743,'NYBedford Ave10003+NYS 5th St+10003'
-73.9634,40.6307,0,2,'NYE 14th St10003+NYWellington Ct+10003|NYRugby Rd10003+NYWellington Ct+10003|NYWellington Ct10003'
-73.9634,40.6099,9,120,'NYE 10th St10003+NYAve P+10003'
-73.9634,40.5891,0,5,'NYHubbard St10003+NYAve Y+10003'
-73.9634,40.7986,1217,1303,'NYW 105 St10003+NYColumbus Ave+10003|NYW 105th St10003+NYColumbus Ave+10003'
-73.9634,40.7961,6,343,'NYW 102nd St10003|NYW 102nd St10003+NYW 102 St+10003|NYW 102nd St10003+NYManhattan Ave+10003|NYW 102 St10003|NYW 102 St10003+NYManhattan Ave+10003'
-73.9633,40.6355,0,40,'NYE 15th St10003+NYNewkirk Ave+10003|NYNewkirk Ave10003+NYMarlborough Rd+10003'
-73.9633,40.8476,0,1,'NJHenry Hudson Dr10003'
-73.9633,40.7718,1599,2163,'NYE 73rd St10003+NYPark Ave+10003|NYE 73 St10003+NYPark Ave+10003'
-73.9633,40.6900,51,50,'NYGrand Ave10003|NYGrand Ave10003+NYDekalb Ave+10003'
-73.9633,40.8123,2,17,'NYRiverside Dr10003|NYRiverside Dr10003+NYRiverside Dr E+10003|NYRiverside Dr10003+NYRiverside Dr+10003|NYRiverside Dr E10003|NYRiverside Dr E10003+NYRiverside Dr+10003'
-73.9633,40.5840,0,2,'NYShore Pkwy S10003+NYBrighton 6th St+10003|NYBrighton 6th St10003'
-73.9633,40.6045,1,14,'NYE 9th St10003+NY1st Ct+10003|NY1st Ct10003'
-73.9633,40.6809,80,385,'NYSt James Pl10003|NYSt James Pl10003+NYAtlantic Ave+10003'
-73.9633,40.8546,0,1,'NJMerkle St10003|NJMerkle St10003+NJHudson Ter+10003'
-73.9633,40.6753,191,1459,'NYGrand Ave10003|NYGrand Ave10003+NYWashington Ave+10003'
-73.9632,40.6250,10,69,'NYAve J10003+NYE 13th St+10003'
-73.9632,40.7777,1262,651,'NYE 80 St10003|NYE 80 St10003+NY5th Ave+10003|NYE 80th St10003|NYE 80th St10003+NY5th Ave+10003'
-73.9632,40.6299,0,26,'NYAve H10003+NYE 14th St+10003|NYAve H10003+NYRugby Rd+10003|NYRugby Rd10003'
-73.9632,40.7145,101,379,'NYS 1st St10003+NYBerry St+10003'
-73.9632,40.8734,0,1,'NJCastle Dr10003|NJCastle Dr10003+NJMiddlesex Ave+10003'
-73.9632,40.6755,129,1217,'NYGrand Ave10003+NYPark Pl+10003'
-73.9632,40.7010,0,4,'NYHooper St10003'
-73.9632,40.7691,3687,1851,'NYE 70 St10003+NYLexington Ave+10003|NYE 70th St10003+NYLexington Ave+10003'
-73.9631,40.7102,591,973,'NYBroadway10003+NYS 6th St+10003|NYS 6th St10003'
-73.9631,40.6922,13,156,'NYSteuben St10003|NYSteuben St10003+NYWilloughby Ave+10003'
-73.9631,40.6937,81,336,'NYMyrtle Ave10003+NYSteuben St+10003|NYSteuben St10003'
-73.9631,40.5831,2,7,'NYBanner Ave10003|NYBanner Ave10003+NYBrighton 6th St+10003'
-73.9631,40.5928,1,8,'NYLancaster Ave10003+NYE 7th St+10003'
-73.9631,40.6341,1,16,'NYE 15th St10003+NYFoster Ave+10003|NYMarlborough Rd10003+NYFoster Ave+10003'
-73.9631,40.7059,18,50,'NYBedford Ave10003+NYTaylor St+10003'
-73.9631,40.7750,7845,6051,'NYMadison Ave10003+NYE 77th St+10003|NYMadison Ave10003+NYE 77 St+10003'
-73.9631,40.6494,20,74,'NYChurch Ave10003+NYE 18th St+10003'
-73.9631,40.6848,58,433,'NYGates Ave10003+NYCambridge Pl+10003'
-73.9631,40.8109,102,207,'NYW 120th St10003+NYClaremont Ave+10003|NYW 120 St10003+NYClaremont Ave+10003'
-73.9630,40.5827,3,5,'NYBrighton 4th Rd10003|NYBrighton 4th Rd10003+NYBrighton 6th St+10003'
-73.9630,40.8837,0,1,'NJBeech Rd10003|NJBeech Rd10003+NJMountain Rd+10003'
-73.9630,40.7534,44,57,'NYF D R Dr10002+NYF D R Dr+10002|NYF D R Dr10003'
-73.9630,40.6335,0,4,'NYE 15th St10003|NYMarlborough Rd10003'
-73.9630,40.6515,14,175,'NYSt Pauls Pl10003+NYCaton Ave+10003'
-73.9630,40.8126,7,22,'NYW 122nd St10003|NYW 122nd St10003+NYRiverside Dr+10003|NYRiverside Dr10003+NYW 122 St+10003|NYW 122 St10003'
-73.9630,40.5921,0,7,'NYCrawford Ave10003+NYE 7th St+10003'
-73.9630,40.7625,3764,5300,'NY2nd Ave10003+NYE 62nd St+10003|NYE 62nd St10003+NY2 Ave+10003'
-73.9630,40.6077,0,5,'NYQuentin Rd10003+NYE 10th St+10003|NYE 10th St10003'
-73.9630,40.8615,0,1,'NJWall St10003+NJ5th St+10003|NJ5th St10003'
-73.9630,40.8552,0,1,'NJSylvan St10003|NJSylvan St10003+NJHudson Ter+10003'
-73.9629,40.7119,1897,2463,'NYBedford Ave10003+NYS 4th St+10003'
-73.9629,40.5821,0,2,'NYBrighton 4th Ter10003|NYBrighton 4th Ter10003+NYBrighton 6th St+10003'
-73.9629,40.6183,0,12,'NYE 12th St10003+NYLocust Ave+10003'
-73.9629,40.7666,2733,3459,'NY3rd Ave10003+NYE 67 St+10003|NY3rd Ave10003+NYE 67th St+10003|NYE 67 St10003+NY3 Ave+10003|NY3 Ave10003+NYE 67th St+10003'
-73.9629,40.8043,471,1021,'NYW 112 St10003|NYW 112 St10003+NYAmsterdam Ave+10003|NYAmsterdam Ave10003+NYW 112th St+10003|NYW 112th St10003'
-73.9629,40.7583,6929,9557,'NYE 57th St10003+NY1st Ave+10003|NYE 57th St10003+NY1 Ave+10003'
-73.9629,40.6638,43,55,'NYE Lake Dr10003|NYE Lake Dr10003+NYFlatbush Ave+10003'
-73.9629,40.6070,1,12,'NYE 10th St10003|NYE 10th St10003+NYKings Hwy+10003'
-73.9629,40.7967,37,629,'NYW 103 St10003+NYManhattan Ave+10003|NYW 103rd St10003+NYManhattan Ave+10003'
-73.9629,40.5750,0,7,'NYBrighton 4th St10003|NYBrighton 4th St10003+NYBoardwalk E+10003|NYBrighton 4th St10003+NYRiegelmann Boardwalk+10003'
-73.9629,40.6484,0,30,'NYTennis Ct10003|NYTennis Ct10003+NYE 18th St+10003'
-73.9629,40.7992,1879,2328,'NYW 106 St10003+NYColumbus Ave+10003|NYW 106th St10003+NYColumbus Ave+10003|NYDuke Ellington Blvd10003+NYColumbus Ave+10003'
-73.9629,40.6764,270,1230,'NYGrand Ave10003+NYProspect Pl+10003'
-73.9629,40.7724,1768,2703,'NYE 74 St10003+NYPark Ave+10003|NYPark Ave10003+NYE 74th St+10003'
-73.9629,40.7816,392,821,'NY86th Transverse Rd10003|NY86th Transverse Rd10003+NY85th St Transverse+10003|NY86th Transverse Rd10003+NYEast Dr+10003|NY85th St Transverse10003|NY85th St Transverse10003+NYEast Dr+10003|NY85th St Transverse10003+NY85th St Transverse+10003|NYEast Dr10003+NY85th St Transverse+10003'
-73.9628,40.6980,2,25,'NYWilliamsburg Pl10003|NYWilliamsburg Pl10003+NYWilliamsburg St W+10003|NYWilliamsburg St W10003|NYWilliamsburg St W10003+NYFlushing Ave+10003'
-73.9628,40.6886,62,614,'NYGrand Ave10003|NYGrand Ave10003+NYLafayette Ave+10003'
-73.9628,40.7942,955,2717,'NYW 100th St10003|NYW 100th St10003+NYCentral Park W+10003|NYW 100 St10003|NYW 100 St10003+NYCentral Park W+10003'
-73.9628,40.6605,49,337,'NYE Lake Dr10003|NYE Lake Dr10003+NYLincoln Rd+10003|NYLincoln Rd10003'
-73.9628,40.6177,0,25,'NYAve M10003+NYChestnut Ave+10003|NYE 12th St10003+NYChestnut Ave+10003|NYChestnut Ave10003'
-73.9628,40.6358,1,8,'NYNewkirk Plz10003|NYNewkirk Plz10003+NYNewkirk Ave+10003'
-73.9628,40.6913,0,3,'NYSteuben St10003'
-73.9628,40.6728,154,1315,'NYWashington Ave10003+NYLincoln Pl+10003|NYLincoln Pl10003'
-73.9628,40.7151,141,414,'NYGrand St10003+NYBerry St+10003'
-73.9628,40.9214,0,1,'NJSerpentine Rd10003+NJLawrence Pkwy+10003|NJLawrence Pkwy10003'
-73.9628,40.7783,1640,884,'NYE 81st St10003|NYE 81st St10003+NY5th Ave+10003'
-73.9628,40.6726,455,1005,'NYWashington Ave10003+NYLincoln Pl+10003|NYLincoln Pl10003'
-73.9627,40.7077,8,87,'NYDriggs Ave10003'
-73.9627,40.5906,0,10,'NYE 7th St10003+NYDesmond Ct+10003|NYDesmond Ct10003'
-73.9627,40.7697,1882,1409,'NYE 71 St10003+NYLexington Ave+10003|NYE 71st St10003+NYLexington Ave+10003'
-73.9627,40.7549,593,2194,'NYE 53rd St10003|NYE 53rd St10003+NYE 53rd St+10003|NYE 53rd St10003+NYSutton Pl S+10003|NYE 53rd St10003+NYE 53 St+10003|NYSutton Pl S10003|NYSutton Pl S10003+NYE 53 St+10003|NYE 53 St10003'
-73.9627,40.6878,44,433,'NYGrand Ave10003+NYClifton Pl+10003'
-73.9627,40.6169,0,11,'NYElm Ave10003+NYE 12th St+10003'
-73.9627,40.5795,0,19,'NYBrighton 5th Pl10003|NYBrighton 5th Pl10003+NYOcean View Ave+10003'
-73.9626,40.8731,1,0,'NJHickory St10003|NJHickory St10003+NJMiddlesex Ave+10003'
-73.9626,40.6507,0,37,'NYSt Pauls Pl10003+NYSt Pauls Ct+10003|NYSt Pauls Ct10003'
-73.9626,40.6961,2,13,'NYPark Ave10003|NYPark Ave10003+NYPark Ave+10003|NYPark Ave10003+NYEmerson Pl+10003'
-73.9626,40.5808,0,3,'NYBrighton 5th Ct10003|NYBrighton 5th Ct10003+NYBrighton 6th St+10003|NYBrighton 5th Ct10003+NYBrighton 6th Ct+10003|NYBrighton 6th St10003+NYBrighton 6th Ct+10003|NYBrighton 6th Ct10003'
-73.9626,40.9324,0,1,'NJPiermont Rd10003+NJProspect Ter+10003|NJProspect Ter10003'
-73.9626,40.7756,1998,2155,'NYE 78th St10003+NYMadison Ave+10003|NYE 78 St10003+NYMadison Ave+10003'
-73.9626,40.6470,4,115,'NYAlbemarle Rd10003+NYE 18th St+10003'
-73.9626,40.6826,65,466,'NYFulton St10003+NYPutnam Ave+10003|NYFulton St10003+NYCambridge Pl+10003|NYPutnam Ave10003|NYPutnam Ave10003+NYCambridge Pl+10003|NYCambridge Pl10003'
-73.9626,40.7349,3,1,'NYFreeman St10003'
-73.9626,40.6345,1,14,'NYNewkirk Plz10003'
-73.9626,40.5900,0,5,'NYE 7th St10003+NYDunne Ct+10003|NYDunne Ct10003'
-73.9626,40.7085,6,161,'NYDriggs Ave10003+NYS 9th St+10003'
-73.9626,40.7916,326,840,'NY97th St Transverse10003|NY97th St Transverse10003+NY97th St Transverse+10003|NY97th St Transverse10003+NYWest Dr+10003|NYWest Dr10003+NY97th St Transverse+10003'
-73.9626,40.6053,0,3,'NYAve R10003+NYE 10th St+10003|NYE 10th St10003'
-73.9626,40.5848,0,2,'NYGuider Ave10003|NYGuider Ave10003+NYHubbard St+10003|NYGuider Ave10003+NYShore Pkwy+10003|NYGuider Ave10003+NYShore Pkwy N+10003|NYHubbard St10003|NYHubbard St10003+NYShore Pkwy+10003|NYHubbard St10003+NYShore Pkwy N+10003'
-73.9625,40.6332,0,7,'NYde Koven Ct10003'
-73.9625,40.6773,230,1770,'NYGrand Ave10003+NYSt Marks Ave+10003'
-73.9625,40.5954,0,4,'NYE 8th St10003+NYLeonora Ct+10003|NYLeonora Ct10003'
-73.9625,40.7005,3,7,'NYHewes St10003'
-73.9625,40.7540,34,95,'NYF D R Dr10002+NYE 52nd St+10002|NYF D R Dr10002+NYE 52 St+10002|NYE 52nd St10003|NYE 52 St10003'
-73.9625,40.7631,6486,6489,'NYE 63rd St10003+NY2nd Ave+10003|NYE 63rd St10003+NY2 Ave+10003|NY2nd Ave10003+NYE 63 St+10003|NYE 63 St10003+NY2 Ave+10003'
-73.9625,40.7054,23,43,'NYBedford Ave10003+NYWilson St+10003'
-73.9625,40.6359,2,72,'NYNewkirk Ave10003+NYE 16th St+10003'
-73.9625,40.8049,962,1680,'NYW 113 St10003+NYAmsterdam Ave+10003|NYW 113th St10003+NYAmsterdam Ave+10003'
-73.9625,40.7672,2295,6351,'NY3rd Ave10003+NYE 68 St+10003|NY3rd Ave10003+NYE 68th St+10003|NYE 68 St10003+NY3 Ave+10003|NY3 Ave10003+NYE 68th St+10003'
-73.9625,40.6981,4,13,'NYI 27810001+NYFlushing Ave+10001|NYBrooklyn Queens Expy10001+NYFlushing Ave+10001'
-73.9625,40.6339,0,2,'NYIrvington Pl10003'
-73.9624,40.9392,0,1,'NJBroadway10003|NJBroadway10003+NJPiermont Rd+10003'
-73.9624,40.5802,0,1,'NYBrighton 6th St10003+NYBrighton 5th Ln+10003|NYBrighton 5th Ln10003'
-73.9624,40.7973,29,612,'NYW 104th St10003+NYManhattan Ave+10003|NYManhattan Ave10003+NYW 104 St+10003'
-73.9624,40.7590,4727,6647,'NY1st Ave10003+NYE 58th St+10003|NY1 Ave10003+NYE 58th St+10003'
-73.9624,40.5841,1,2,'NYShore Pkwy S10003+NYBrighton 7th St+10003|NYBrighton 7th St10003'
-73.9624,40.6631,252,204,'NYOcean Ave10003|NYOcean Ave10003+NYFlatbush Ave+10003|NYOcean Ave10003+NYEmpire Blvd+10003|NYFlatbush Ave10003+NYEmpire Blvd+10003|NYEmpire Blvd10003'
-73.9624,40.7094,42,366,'NYDriggs Ave10003+NYS 8th St+10003'
-73.9624,40.7731,1649,2187,'NYE 75 St10003+NYPark Ave+10003|NYE 75th St10003+NYPark Ave+10003'
-73.9624,40.6864,36,473,'NYLexington Ave10003'
-73.9624,40.6901,55,139,'NYSteuben St10003|NYSteuben St10003+NYDekalb Ave+10003'
-73.9624,40.7025,2,13,'NYKeap St10003'
-73.9624,40.7999,702,594,'NYW 107th St10003+NYColumbus Ave+10003|NYW 107 St10003+NYColumbus Ave+10003'
-73.9624,40.7949,692,1482,'NYW 101st St10003|NYW 101st St10003+NYCentral Park W+10003|NYW 101st St10003+NYW 101 St+10003|NYCentral Park W10003+NYW 101 St+10003|NYW 101 St10003'
-73.9624,40.6022,0,28,'NYHutchinson Ct10003'
-73.9623,40.6316,1,3,'NYWaldorf Ct10003'
-73.9623,40.6332,0,7,'NYde Koven Ct10003'
-73.9623,40.5885,1,6,'NYGerald Ct10003|NYGerald Ct10003+NYE 7th St+10003'
-73.9623,40.7323,0,2,'NYHuron St10003'
-73.9623,40.7789,3442,812,'NYE 82nd St10003|NYE 82nd St10003+NY5th Ave+10003'
-73.9623,40.5942,0,13,'NYE 8th St10003'
-73.9623,40.6300,0,6,'NYE 15th St10003|NYE 15th St10003+NYAve H+10003'
-73.9623,40.7099,2214,1436,'NYDriggs Ave10003+NYBroadway+10003'
-73.9623,40.7156,240,812,'NYN 1st St10003+NYBerry St+10003'
-73.9623,40.6981,5,14,'NYI 27810001+NYFlushing Ave+10001|NYBrooklyn Qns Expy10001+NYFlushing Ave+10001'
-73.9622,40.8565,1,5,'NJLincoln Ave10003|NJLincoln Ave10003+NJHudson Ter+10003'
-73.9622,40.6782,197,1411,'NYGrand Ave10003+NYBergen St+10003'
-73.9622,40.8948,0,1,'NJChestnut Ct10003|NJChestnut Ct10003+NJChestnut St+10003'
-73.9622,40.7179,2114,1163,'NYN 4th St10003+NYWythe Ave+10003'
-73.9622,40.6939,116,363,'NYMyrtle Ave10003+NYEmerson Pl+10003'
-73.9622,40.7704,3622,3960,'NYE 72 St10003+NYLexington Ave+10003|NYE 72nd St10003+NYLexington Ave+10003'
-73.9622,40.6345,1,19,'NYE 16th St10003|NYE 16th St10003+NYFoster Ave+10003'
-73.9622,40.8138,32,378,'NYRiverside Dr E10003|NYRiverside Dr E10003+NYRiverside Dr+10003|NYRiverside Dr10003|NYRiverside Dr10003+NYRiverside Dr+10003'
-73.9622,40.6696,4,23,'NYWashington Ave10003+NYPresident St+10003|NYPresident St10003'
-73.9622,40.5878,0,8,'NYKathleen Ct10003|NYKathleen Ct10003+NYE 7th St+10003'
-73.9622,40.6498,6,35,'NYSt Pauls Pl10003|NYSt Pauls Pl10003+NYChurch Ave+10003|NYSt Pauls Pl10003+NYE 19th St+10003|NYChurch Ave10003+NYE 19th St+10003|NYE 19th St10003'
-73.9622,40.7002,4,7,'NYWilliamsburg St W10003+NYKent Ave+10003'
-73.9622,40.6446,7,205,'NYE 18th St10003+NYBeverley Rd+10003'
-73.9621,40.6016,1,36,'NYHomecrest Ct10003'
-73.9621,40.7076,1,9,'NYClymer St10003'
-73.9621,40.7763,3058,3137,'NYE 79th St10003+NYMadison Ave+10003|NYE 79 St10003+NYMadison Ave+10003'
-73.9621,40.6692,4,43,'NYClasson Ave10003|NYClasson Ave10003+NYWashington Ave+10003'
-73.9621,40.6308,0,1,'NYWellington Ct10003'
-73.9621,40.6849,31,366,'NYGrand Ave10003+NYGates Ave+10003'
-73.9621,40.8123,70,623,'NYSeminary Row10003|NYSeminary Row10003+NYClaremont Ave+10003|NYClaremont Ave10003+NYW 122nd St+10003|NYClaremont Ave10003+NYW 122 St+10003'
-73.9621,40.7555,608,2379,'NYE 54th St10003+NYSutton Pl S+10003|NYSutton Pl S10003+NYE 54 St+10003'
-73.9621,40.7133,1950,2216,'NYBedford Ave10003+NYS 2nd St+10003'
-73.9621,40.5758,1,17,'NYBrighton 5th St10003|NYBrighton 5th St10003+NYBrightwater Ct+10003'
-73.9621,40.5842,1,0,'NYGuider Ave10003|NYGuider Ave10003+NYShore Pkwy S+10003|NYGuider Ave10003+NYShore Pkwy+10003|NYShore Pkwy S10003|NYShore Pkwy S10003+NYShore Pkwy S+10003|NYShore Pkwy S10003+NYShore Pkwy+10003|NYShore Pkwy10003'
-73.9621,40.8181,5,0,'NYSt Clair Pl10003'
-73.9621,40.7637,4576,6636,'NYE 64 St10003+NY2nd Ave+10003|NYE 64 St10003+NY2 Ave+10003|NY2nd Ave10003+NYE 64th St+10003|NY2 Ave10003+NYE 64th St+10003'
-73.9621,40.8105,1793,491,'NYW 120th St10003+NYBroadway+10003|NYW 120 St10003+NYBroadway+10003'
-73.9620,40.6186,0,21,'NYLocust Ave10003+NYE 13th St+10003'
-73.9620,40.6316,0,7,'NYWaldorf Ct10003'
-73.9620,40.7678,2784,6465,'NYE 69th St10003+NY3rd Ave+10003|NYE 69th St10003+NY3 Ave+10003|NY3rd Ave10003+NYE 69 St+10003|NYE 69 St10003+NY3 Ave+10003'
-73.9620,40.8055,1198,953,'NYW 114 St10003+NYAmsterdam Ave+10003|NYW 114th St10003+NYAmsterdam Ave+10003'
-73.9620,40.6491,0,3,'NYE 19th St10003'
-73.9620,40.7104,96,179,'NYDriggs Ave10003+NYWilliamsburg Brg+10003|NYWilliamsburg Brg10002'
-73.9620,40.6687,14,206,'NYWashington Ave10003+NYCarroll St+10003|NYCarroll St10003'
-73.9620,40.7980,32,958,'NYW 105 St10003+NYManhattan Ave+10003|NYW 105th St10003+NYManhattan Ave+10003'
-73.9620,40.6078,2,31,'NYQuentin Rd10003+NYConey Island Ave+10003'
-73.9620,40.7596,3752,4567,'NY1st Ave10003+NYE 59th St+10003|NY1st Ave10003+NYE 59 St+10003|NYE 59th St10003+NY1 Ave+10003|NYE 59 St10003+NY1 Ave+10003'
-73.9619,40.6600,17,212,'NYBeekman Pl10003'
-73.9619,40.6696,6,16,'NYClasson Ave10003+NYPresident St+10003'
-73.9619,40.5815,9,25,'NYNeptune Ave10003+NYBrighton 7th St+10003'
-73.9619,40.7737,2223,2072,'NYE 76th St10003+NYPark Ave+10003|NYE 76 St10003+NYPark Ave+10003'
-73.9619,40.6485,2,56,'NYE 19th St10003|NYE 19th St10003+NYTennis Ct+10003'
-73.9619,40.7009,2,4,'NYHewes St10003|NYHewes St10003+NYWilliamsburg St W+10003'
-73.9619,40.8005,753,782,'NYW 108 St10003+NYColumbus Ave+10003|NYW 108th St10003+NYColumbus Ave+10003'
-73.9619,40.7159,1144,1216,'NYMetropolitan Ave10003+NYBerry St+10003'
-73.9619,40.7106,82,88,'NYWilliamsburg Brg10002|NYWilliamsburg Brg10002+NYDriggs Ave+10002'
-73.9619,40.6549,55,329,'NYParkside Ave10003+NYS Lake Dr+10003|NYS Lake Dr10003|NYS Lake Dr10003+NYOcean Ave+10003'
-73.9619,40.6982,21,18,'NYClasson Ave10003+NYFlushing Ave+10003'
-73.9619,40.7955,529,1126,'NYW 102nd St10003|NYW 102nd St10003+NYW 102 St+10003|NYW 102nd St10003+NYCentral Park W+10003|NYW 102 St10003|NYW 102 St10003+NYCentral Park W+10003'
-73.9619,40.5863,0,7,'NYE 7th St10003+NYManor Ct+10003|NYManor Ct10003'
-73.9619,40.8163,12,17,'NYRiverside Dr W10003|NYRiverside Dr W10003+NYRiverside Dr+10003|NYRiverside Dr W10003+NYRiverside Dr W+10003|NYRiverside Dr10003|NYRiverside Dr10003+NYRiverside Dr W+10003|NYRiverside Dr10003+NYRiverside Dr+10003'
-73.9619,40.9198,0,1,'NJE Hill Ct10003'
-73.9619,40.7000,5,6,'NYI 27810001+NYKent Ave+10001|NYBrooklyn Queens Expy10001+NYKent Ave+10001'
-73.9619,40.7076,3,25,'NYDivision Ave10003+NYLee Ave+10003|NYLee Ave10003'
-73.9619,40.7048,30,36,'NYBedford Ave10003+NYRoss St+10003'
-73.9618,40.6276,1,48,'NYE 15th St10003+NYAve I+10003'
-73.9618,40.7796,1375,998,'NYE 83rd St10003|NYE 83rd St10003+NY5th Ave+10003'
-73.9618,40.7204,1089,3403,'NYN 7th St10003'
-73.9618,40.9284,0,1,'NJCentral Ave10003'
-73.9618,40.7107,260,204,'NYDriggs Ave10003+NYS 5th St+10003'
-73.9618,40.6677,22,295,'NYWashington Ave10003+NYCrown St+10003|NYCrown St10003'
-73.9618,40.8180,9,1,'NYMarginal St10003|NYMarginal St10003+NYSt Clair Pl+10003'
-73.9618,40.6172,0,43,'NYElm Ave10003+NYE 13th St+10003'
-73.9618,40.5857,0,3,'NYMontauk Ct10003|NYMontauk Ct10003+NYE 7th St+10003'
-73.9618,40.6541,15,163,'NYWoodruff Ave10003+NYOcean Ave+10003'
-73.9618,40.9158,0,1,'NJInness Rd10003|NJInness Rd10003+NJEngle St+10003'
-73.9617,40.6968,17,11,'NYClasson Ave10003+NYEmerson Pl+10003|NYEmerson Pl10003'
-73.9617,40.7019,3,12,'NYHooper St10003'
-73.9617,40.6915,49,270,'NYEmerson Pl10003'
-73.9617,40.5810,1,0,'NYBrighton 7th Ct10003|NYBrighton 7th Ct10003+NYBrighton 7th St+10003|NYBrighton 7th Ct10003+NYBrighton 6th Ct+10003|NYBrighton 7th St10003+NYBrighton 6th Ct+10003|NYBrighton 6th Ct10003'
-73.9617,40.7308,1,5,'NYJava St10003'
-73.9617,40.6054,3,33,'NYAve R10003+NYConey Island Ave+10003'
-73.9617,40.9605,0,1,'NJOrchard Rd10003|NJOrchard Rd10003+NJCounty Rd+10003'
-73.9617,40.7711,5029,2252,'NYE 73rd St10003+NYLexington Ave+10003|NYE 73 St10003+NYLexington Ave+10003'
-73.9617,40.5961,0,12,'NYE 9th St10003|NYE 9th St10003+NYAve V+10003'
-73.9617,40.6999,7,18,'NYI 27810001+NYKent Ave+10001|NYI 27810001+NYPenn St+10001|NYBrooklyn Qns Expy10001+NYPenn St+10001|NYPenn St10003'
-73.9617,40.7139,1400,1132,'NYBedford Ave10003+NYS 1st St+10003'
-73.9617,40.6047,0,14,'NY1st Ct10003|NY1st Ct10003+NYConey Island Ave+10003'
-73.9617,40.6565,10,205,'NYWestbury Ct10003'
-73.9617,40.6471,3,65,'NYE 19th St10003+NYAlbemarle Rd+10003'
-73.9617,40.9160,0,1,'NJEngle St10003+NJHoward Park Dr+10003|NJHoward Park Dr10003'
-73.9617,40.6705,12,27,'NYClasson Ave10003+NYUnion St+10003|NYUnion St10003'
-73.9616,40.7770,1082,2565,'NYE 80 St10003+NYMadison Ave+10003|NYE 80th St10003+NYMadison Ave+10003'
-73.9616,40.9121,1,2,'NJOak St10003+NJPine St+10003|NJPine St10003'
-73.9616,40.7561,968,2723,'NYE 55 St10003+NYSutton Pl S+10003|NYSutton Pl S10003+NYE 55th St+10003'
-73.9616,40.5849,0,1,'NYE 7th St10003|NYE 7th St10003+NYShore Pkwy+10003|NYE 7th St10003+NYShore Pkwy N+10003'
-73.9616,40.6667,18,257,'NYWashington Ave10003+NYMontgomery St+10003|NYMontgomery St10003'
-73.9616,40.6824,148,524,'NYGrand Ave10003+NYFulton St+10003'
-73.9616,40.7250,1,0,'NYN 12th St10003'
-73.9616,40.7644,4218,6905,'NYE 65th St10003+NY2nd Ave+10003|NYE 65th St10003+NY2 Ave+10003|NY2nd Ave10003+NYE 65 St+10003|NY2 Ave10003+NYE 65 St+10003'
-73.9616,40.6990,10,5,'NYClasson Ave10003+NYWallabout St+10003|NYWallabout St10003'
-73.9616,40.7302,3,2,'NYGreenpoint Ave10003'
-73.9616,40.6532,3,112,'NYOcean Ave10003+NYCrooke Ave+10003|NYCrooke Ave10003'
-73.9616,40.7275,1,1,'NYOak St10003'
-73.9616,40.8179,21,16,'NYHenry Hudson Pkwy10002+NYSt Clair Pl+10002|NYSt Clair Pl10003+NYState Rte 9a+10003'
-73.9616,40.8112,830,569,'NYW 121st St10003|NYW 121st St10003+NYBroadway+10003'
-73.9616,40.7684,1504,5030,'NYE 70 St10003+NY3rd Ave+10003|NYE 70 St10003+NY3 Ave+10003|NY3rd Ave10003+NYE 70th St+10003|NY3 Ave10003+NYE 70th St+10003'
-73.9616,40.8656,0,2,'NJ3rd St10003+NJHenry St+10003|NJHenry St10003'
-73.9615,40.8061,672,797,'NYW 115 St10003|NYW 115 St10003+NYW 115th St+10003|NYW 115 St10003+NYAmsterdam Ave+10003|NYW 115th St10003|NYW 115th St10003+NYAmsterdam Ave+10003'
-73.9615,40.7431,1,2,'NYQueens Midtown Tunl10001|NYQueens Midtown Tunl10001+NYQueens Midtown Tunl+10001|NYQueens Midtown Tunl10001+NYI 495+10001|NYI 49510001|NYI 49510001+NYI 495+10001'
-73.9615,40.7602,3163,5885,'NYE 60th St10003+NY1st Ave+10003|NYE 60th St10003+NY1 Ave+10003|NY1st Ave10003+NYE 60 St+10003|NY1 Ave10003+NYE 60 St+10003'
-73.9615,40.9529,0,2,'NJBroad St10003'
-73.9615,40.6583,7,234,'NYChester Ct10003'
-73.9615,40.8623,0,1,'NJ6th St10003+NJMyrtle Ave+10003'
-73.9615,40.6023,1,10,'NYConey Island Ave10003+NYHutchinson Ct+10003|NYHutchinson Ct10003'
-73.9615,40.8946,0,1,'NJJohnson Ave10003|NJJohnson Ave10003+NJChestnut St+10003|NJJohnson Ave10003+NJBrayton St+10003|NJChestnut St10003|NJChestnut St10003+NJBrayton St+10003|NJBrayton St10003'
-73.9615,40.7211,33,260,'NYN 8th St10003'
-73.9615,40.7987,284,1463,'NYW 106 St10003+NYManhattan Ave+10003|NYW 106th St10003+NYManhattan Ave+10003|NYDuke Ellington Blvd10003+NYManhattan Ave+10003'
-73.9615,40.7743,2840,2390,'NYE 77th St10003+NYPark Ave+10003|NYPark Ave10003+NYE 77 St+10003'
-73.9615,40.8012,623,772,'NYW 109 St10003+NYColumbus Ave+10003|NYColumbus Ave10003+NYW 109th St+10003'
-73.9615,40.7017,3,29,'NYWilliamsburg St W10003+NYWythe Ave+10003'
-73.9615,40.6017,0,22,'NYConey Island Ave10003+NYHomecrest Ct+10003|NYHomecrest Ct10003'
-73.9614,40.7961,797,1421,'NYW 103 St10003|NYW 103 St10003+NYCentral Park W+10003|NYW 103rd St10003|NYW 103rd St10003+NYCentral Park W+10003'
-73.9614,40.5839,0,3,'NYGuider Ave10003+NYBrighton 8th St+10003|NYBrighton 8th St10003'
-73.9614,40.7551,61,83,'NYE 54th St10003|NYE 54th St10003+NYF D R Dr+10003|NYE 54th St10003+NYE 53rd St+10003|NYF D R Dr10002+NYE 53rd St+10002|NYF D R Dr10002+NYE 54 St+10002|NYE 53rd St10003|NYE 53rd St10003+NYE 54 St+10003|NYE 54 St10003'
-73.9614,40.6617,88,260,'NYLefferts Ave10003|NYLefferts Ave10003+NYFlatbush Ave+10003'
-73.9614,40.5954,0,2,'NYLeonora Ct10003'
-73.9614,40.7164,823,956,'NYN 3rd St10003+NYBerry St+10003'
-73.9614,40.7113,369,583,'NYDriggs Ave10003+NYS 4th St+10003'
-73.9614,40.6522,16,204,'NYCaton Ave10002+NYOcean Ave+10002'
-73.9614,40.7238,1,13,'NYN 11th St10003'
-73.9614,40.6405,18,231,'NYE 18th St10003+NYDorchester Rd+10003'
-73.9614,40.5843,0,1,'NYGuider Ave10003+NYShore Pkwy S+10003|NYGuider Ave10003+NYShore Pkwy+10003'
-73.9614,40.6301,0,3,'NYAve H10003+NYE 16th St+10003|NYE 16th St10003'
-73.9614,40.7070,2,22,'NYRoebling St10003|NYRoebling St10003+NYLee Ave+10003|NYRoebling St10003+NYTaylor St+10003|NYLee Ave10003+NYTaylor St+10003|NYTaylor St10003'
-73.9614,40.7802,1302,1170,'NYE 84th St10003|NYE 84th St10003+NY5th Ave+10003|NYE 84th St10003+NY85th St Transverse+10003|NY5th Ave10003+NY85th St Transverse+10003|NY85th St Transverse10003'
-73.9613,40.6714,226,1584,'NYClasson Ave10003+NYEastern Pkwy+10003'
-73.9613,40.6349,2,40,'NYE 17th St10003+NYFoster Ave+10003'
-73.9613,40.6805,104,513,'NYGrand Ave10003+NYAtlantic Ave+10003'
-73.9613,40.6857,11,140,'NYDowning St10003|NYDowning St10003+NYQuincy St+10003|NYQuincy St10003'
-73.9613,40.5798,0,3,'NYBrighton 7th St10003|NYBrighton 7th St10003+NYBrighton 7th St+10003|NYBrighton 7th St10003+NYOcean View Ave+10003|NYBrighton 7th St10003+NYBrighton 7 St+10003|NYOcean View Ave10003+NYBrighton 7 St+10003|NYBrighton 7 St10003'
-73.9613,40.7145,2198,999,'NYGrand St10003+NYBedford Ave+10003'
-73.9613,40.8167,3,167,'NYRiverside Dr E10003|NYRiverside Dr E10003+NYRiverside Dr W+10003|NYRiverside Dr E10003+NYRiverside Dr+10003|NYRiverside Dr W10003|NYRiverside Dr W10003+NYRiverside Dr+10003|NYRiverside Dr10003|NYRiverside Dr10003+NYRiverside Dr+10003'
-73.9612,40.7717,5414,3080,'NYE 74 St10003+NYLexington Ave+10003|NYLexington Ave10003+NYE 74th St+10003'
-73.9612,40.7014,3,8,'NYI 27810001+NYWythe Ave+10001|NYBrooklyn Queens Expy10001+NYWythe Ave+10001'
-73.9612,40.6447,3,116,'NYE 19th St10003+NYBeverley Rd+10003'
-73.9612,40.7402,4,6,'NY55th Ave10003'
-73.9612,40.8161,0,13,'NYRiverside Dr E10003+NYRiverside Dr W+10003|NYRiverside Dr E10003+NYRiverside Dr+10003|NYRiverside Dr W10003|NYRiverside Dr W10003+NYRiverside Dr+10003|NYRiverside Dr10003|NYRiverside Dr10003+NYRiverside Dr+10003'
-73.9612,40.7042,19,36,'NYBedford Ave10003+NYRodney St+10003|NYRodney St10003'
-73.9612,40.6292,0,1,'NYE 16th St10003'
-73.9612,40.7004,4,5,'NYPenn St10003+NYWilliamsburg St E+10003|NYWilliamsburg St E10003'
-73.9612,40.6510,8,133,'NYSt Pauls Ct10003|NYSt Pauls Ct10003+NYOcean Ave+10003'
-73.9612,40.5825,0,6,'NYBrighton 8th Ct10003|NYBrighton 8th Ct10003+NYBrighton 8th St+10003'
-73.9612,40.7776,1532,2113,'NYE 81st St10003+NYMadison Ave+10003'
-73.9612,40.7567,801,2536,'NYE 56 St10003+NYSutton Pl S+10003|NYE 56th St10003+NYSutton Pl S+10003'
-73.9612,40.6289,0,1,'NYE 16th St10003'
-73.9612,40.6850,6,212,'NYDowning St10003+NYGates Ave+10003'
-73.9611,40.7650,4812,5512,'NYE 66th St10003+NY2nd Ave+10003|NYE 66th St10003+NY2 Ave+10003|NY2nd Ave10003+NYE 66 St+10003|NYE 66 St10003+NY2 Ave+10003'
-73.9611,40.7075,11,123,'NYDivision Ave10003+NYRoebling St+10003'
-73.9611,40.6341,2,12,'NYE 17th St10003+NYIrvington Pl+10003|NYIrvington Pl10003'
-73.9611,40.8118,1569,657,'NYSeminary Row10003+NYBroadway+10003|NYW 122nd St10003+NYBroadway+10003|NYW 122 St10003+NYBroadway+10003'
-73.9611,40.6641,14,146,'NYSullivan Pl10003|NYSullivan Pl10003+NYWashington Ave+10003'
-73.9611,40.7691,2470,4614,'NYE 71 St10003+NY3rd Ave+10003|NYE 71 St10003+NY3 Ave+10003|NY3rd Ave10003+NYE 71st St+10003|NYE 71st St10003+NY3 Ave+10003'
-73.9611,40.6940,267,435,'NYMyrtle Ave10003+NYClasson Ave+10003'
-73.9611,40.7013,2,10,'NYI 27810001+NYWythe Ave+10001'
-73.9611,40.8018,1392,2362,'NYMorningside Dr10003|NYMorningside Dr10003+NYCathedral Pkwy+10003|NYMorningside Dr10003+NYW 110th St+10003|NYMorningside Dr10003+NYColumbus Ave+10003|NYMorningside Dr10003+NYW 110 St+10003|NYCathedral Pkwy10003+NYColumbus Ave+10003|NYW 110th St10003+NYColumbus Ave+10003|NYColumbus Ave10003|NYColumbus Ave10003+NYW 110 St+10003'
-73.9611,40.7609,4652,4755,'NYE 61st St10003+NY1st Ave+10003|NYE 61st St10003+NY1 Ave+10003|NYE 61 St10003+NY1st Ave+10003|NYE 61 St10003+NY1 Ave+10003'
-73.9611,40.8652,0,1,'NJSylvan Ave10002|NJSylvan Ave10002+NJLemoine Ave+10002|NJLemoine Ave10002'
-73.9611,40.8068,1960,1572,'NYW 116 St10003+NYAmsterdam Ave+10003|NYAmsterdam Ave10003+NYW 116th St+10003'
-73.9611,40.6983,0,24,'NYTaaffe Pl10003|NYTaaffe Pl10003+NYFlushing Ave+10003'
-73.9610,40.8187,35,10,'NYW 125th St10003|NYW 125th St10003+NYMarginal St+10003|NYMarginal St10003+NYW 125 St+10003|NYW 125 St10003'
-73.9610,40.5751,0,8,'NYBoardwalk E10003+NYBrighton 6th St+10003|NYRiegelmann Boardwalk10003+NYBrighton 6th St+10003|NYBrighton 6th St10003'
-73.9610,40.5817,0,1,'NYNeptune Ave10003+NYBrighton 8th St+10003|NYBrighton 8th St10003'
-73.9610,40.6995,13,23,'NYClasson Ave10003|NYClasson Ave10003+NYRutledge St+10003|NYRutledge St10003'
-73.9610,40.7120,228,476,'NYDriggs Ave10003+NYS 3rd St+10003'
-73.9610,40.5962,5,28,'NYConey Island Ave10003+NYAve V+10003'
-73.9610,40.6182,1,3,'NYChestnut Ave10003|NYChestnut Ave10003+NYE 14th St+10003'
-73.9610,40.8176,22,85,'NY12 Ave10003|NY12 Ave10003+NY12th Ave+10003|NY12 Ave10003+NYSt Clair Pl+10003|NY12th Ave10003|NY12th Ave10003+NYSt Clair Pl+10003'
-73.9610,40.7750,1849,2176,'NYE 78th St10003+NYPark Ave+10003|NYE 78 St10003+NYPark Ave+10003'
-73.9610,40.6333,0,33,'NYde Koven Ct10003|NYde Koven Ct10003+NYE 17th St+10003'
-73.9610,40.7993,76,866,'NYW 107th St10003+NYManhattan Ave+10003|NYW 107 St10003+NYManhattan Ave+10003'
-73.9610,40.7967,570,1334,'NYW 104th St10003|NYW 104th St10003+NYCentral Park W+10003|NYCentral Park W10003+NYW 104 St+10003|NYW 104 St10003'
-73.9610,40.6384,4,64,'NYE 18th St10003+NYDitmas Ave+10003'
-73.9610,40.9341,0,1,'NJHudson Ave10003+NJMadison Ave+10003|NJMadison Ave10003'
-73.9610,40.6080,0,19,'NYQuentin Rd10003+NYE 12th St+10003'
-73.9610,40.6633,13,27,'NYWashington Ave10003+NYEmpire Blvd+10003'
-73.9609,40.7105,120,111,'NYS 5th Pl10003|NYS 5th Pl10003+NYS 5th St+10003|NYS 5th St10003'
-73.9609,40.5817,0,3,'NYNeptune Ave10003+NYBrighton 8th St+10003|NYBrighton 8th St10003'
-73.9609,40.6977,1,26,'NYTaaffe Pl10003+NYLittle Nassau St+10003|NYLittle Nassau St10003'
-73.9609,40.7809,1537,1134,'NY85th St Transverse10003|NY85th St Transverse10003+NYE 85th St+10003|NY85th St Transverse10003+NY5th Ave+10003|NYE 85th St10003|NYE 85th St10003+NY5th Ave+10003'
-73.9609,40.6277,1,26,'NYAve I10003+NYE 16th St+10003'
-73.9609,40.8186,205,23,'NYHenry Hudson Pkwy10002+NYW 125th St+10002|NYHenry Hudson Pkwy10002+NYW 125 St+10002|NYW 125th St10003+NYState Rte 9a+10003|NYW 125 St10003+NYState Rte 9a+10003'
-73.9609,40.6562,1,21,'NYParkside Ct10003'
-73.9609,40.5811,0,2,'NYBrighton 7th Ct10003|NYBrighton 7th Ct10003+NYBrighton 8th St+10003'
-73.9609,40.6175,1,43,'NYElm Ave10003+NYE 14th St+10003'
-73.9609,40.7149,1148,611,'NYBedford Ave10003+NYN 1st St+10003'
-73.9609,40.6626,0,6,'NYWashington Ave10003+NYFranklin Ave+10003|NYFranklin Ave10003'
-73.9609,40.6609,107,393,'NYLincoln Rd10003+NYFlatbush Ave+10003|NYFlatbush Ave10003'
-73.9609,40.5808,0,2,'NYBrighton 8th St10003+NYBrighton 7th Walk+10003|NYBrighton 7th Walk10003'
-73.9609,40.6625,3,19,'NYSterling St10003|NYSterling St10003+NYWashington Ave+10003'
-73.9609,40.7011,9,48,'NYWythe Ave10003+NYWilliamsburg St E+10003'
-73.9608,40.9177,1,1,'NJCreston Ave10003|NJCreston Ave10003+NJEngle St+10003'
-73.9608,40.8619,0,1,'NJMyrtle Ave10003+NJ7th St+10003'
-73.9608,40.9422,0,1,'NJAllen St10003|NJAllen St10003+NJAllen St+10003'
-73.9608,40.7092,42,371,'NYRoebling St10003+NYS 8th St+10003'
-73.9608,40.7170,129,369,'NYN 4th St10003+NYBerry St+10003'
-73.9608,40.5930,4,14,'NYLancaster Ave10003+NYConey Island Ave+10003'
-73.9608,40.8596,1,0,'NJHudson Ter10003+NJPalisades Interstate Pkwy+10003'
-73.9608,40.6545,3,48,'NYWoodruff Ave10003+NYE 21st St+10003|NYWoodruff Ave10003+NYKenmore Pl+10003|NYE 21st St10003|NYKenmore Pl10003'
-73.9608,40.7724,4534,1824,'NYE 75 St10003+NYLexington Ave+10003|NYE 75th St10003+NYLexington Ave+10003'
-73.9608,40.8583,1,1,'NJPalisades Interstate Pkwy10002|NJPalisades Interstate Pkwy10002+NJPalisades Interstate Pkwy+10002'
-73.9608,40.5783,1,26,'NYBrighton 8 St10003|NYBrighton 8 St10003+NYBrighton 7th St+10003|NYBrighton 8 St10003+NYBrighton 7 St+10003|NYBrighton 7th St10003+NYBrighton 8th St+10003|NYBrighton 8th St10003|NYBrighton 8th St10003+NYBrighton 7 St+10003'
-73.9608,40.6617,16,223,'NYLefferts Ave10003+NYWashington Ave+10003'
-73.9608,40.7065,3,33,'NYWilson St10003+NYLee Ave+10003'
-73.9608,40.7094,234,551,'NYRoebling St10003|NYRoebling St10003+NYBroadway+10003'
-73.9608,40.7216,128,372,'NYN 9th St10003'
-73.9608,40.7557,23,32,'NYF D R Dr10002+NYE 55 St+10002|NYF D R Dr10002+NYE 55th St+10002|NYE 55 St10003|NYE 55th St10003'
-73.9607,40.5799,0,9,'NYBrighton 8 St10003+NYOcean View Ave+10003|NYBrighton 8th St10003+NYOcean View Ave+10003'
-73.9607,40.6486,6,118,'NYTennis Ct10003|NYTennis Ct10003+NYOcean Ave+10003'
-73.9607,40.5923,0,7,'NYCrawford Ave10003+NYConey Island Ave+10003'
-73.9607,40.6828,11,208,'NYDowning St10003+NYPutnam Ave+10003'
-73.9607,40.6318,1,33,'NYE 17th St10003+NYWaldorf Ct+10003|NYWaldorf Ct10003'
-73.9607,40.8691,1,0,'NJVan Nostrand Ave10003+NJCenter St+10003|NJCenter St10003'
-73.9607,40.9571,0,1,'NJHardenburgh Ave10003+NJHigh St+10003|NJHigh St10003'
-73.9607,40.7783,728,2092,'NYE 82nd St10003+NYMadison Ave+10003'
-73.9607,40.6553,13,113,'NYParkside Ave10003+NYParkside Ct+10003|NYParkside Ct10003'
-73.9607,40.7656,3586,2044,'NY2nd Ave10003+NYE 67 St+10003|NY2nd Ave10003+NYE 67th St+10003|NYE 67 St10003+NY2 Ave+10003|NYE 67th St10003+NY2 Ave+10003'
-73.9607,40.8142,146,1677,'NYClaremont Ave10003+NYla Salle St+10003|NYla Salle St10003'
-73.9607,40.8175,71,221,'NY12 Ave10003|NY12 Ave10003+NYSt Clair Pl+10003|NY12 Ave10003+NYRiverside Dr W+10003|NY12 Ave10003+NY12th Ave+10003|NYSt Clair Pl10003+NYRiverside Dr W+10003|NYSt Clair Pl10003+NY12th Ave+10003|NYRiverside Dr W10003|NYRiverside Dr W10003+NY12th Ave+10003|NY12th Ave10003'
-73.9607,40.7574,1099,2777,'NYSutton Pl10003|NYSutton Pl10003+NYE 57th St+10003|NYSutton Pl10003+NYSutton Pl S+10003|NYE 57th St10003+NYSutton Pl S+10003|NYSutton Pl S10003'
-73.9607,40.6609,29,51,'NYWashington Ave10003|NYWashington Ave10003+NYLincoln Rd+10003|NYWashington Ave10003+NYFlatbush Ave+10003|NYLincoln Rd10003+NYFlatbush Ave+10003|NYFlatbush Ave10003'
-73.9606,40.8994,0,1,'NJGlenwood Rd10003|NJGlenwood Rd10003+NJMorrow Rd+10003'
-73.9606,40.5909,0,17,'NYConey Island Ave10003+NYDesmond Ct+10003|NYDesmond Ct10003'
-73.9606,40.6602,26,166,'NYMaple St10003|NYMaple St10003+NYFlatbush Ave+10003'
-73.9606,40.6963,17,120,'NYTaaffe Pl10003+NYPark Ave+10003'
-73.9606,40.7615,5054,6860,'NYE 62nd St10003+NY1st Ave+10003|NYE 62nd St10003+NY1 Ave+10003'
-73.9606,40.7697,5141,11211,'NY3rd Ave10003+NYE 72 St+10003|NY3rd Ave10003+NYE 72nd St+10003|NYE 72 St10003+NY3 Ave+10003|NY3 Ave10003+NYE 72nd St+10003'
-73.9606,40.6600,42,199,'NYBeekman Pl10003|NYBeekman Pl10003+NYFlatbush Ave+10003'
-73.9606,40.6822,23,146,'NYDowning St10003|NYDowning St10003+NYFulton St+10003'
-73.9606,40.7037,14,23,'NYBedford Ave10003+NYKeap St+10003|NYKeap St10003'
-73.9606,40.7110,265,408,'NYS 5th Pl10003|NYS 5th Pl10003+NYS 4th St+10003'
-73.9606,40.5902,8,13,'NYConey Island Ave10003+NYDunne Ct+10003|NYDunne Ct10003'
-73.9606,40.7017,4,35,'NYWilliamsburg St E10003+NYHewes St+10003|NYHewes St10003'
-73.9606,40.7127,139,392,'NYDriggs Ave10003+NYS 2nd St+10003'
-73.9606,40.8159,65,988,'NYTiemann Pl10003'
-73.9606,40.6595,53,298,'NYFlatbush Ave10003+NYMidwood St+10003|NYMidwood St10003'
-73.9606,40.6310,0,28,'NYWellington Ct10003|NYWellington Ct10003+NYE 17th St+10003'
-73.9605,40.8124,375,713,'NYW 123rd St10003|NYW 123rd St10003+NYBroadway+10003|NYW 123 St10003|NYW 123 St10003+NYBroadway+10003'
-73.9605,40.8000,85,737,'NYW 108 St10003+NYManhattan Ave+10003|NYManhattan Ave10003+NYW 108th St+10003'
-73.9605,40.7974,602,1537,'NYW 105 St10003|NYW 105 St10003+NYCentral Park W+10003|NYW 105th St10003|NYW 105th St10003+NYCentral Park W+10003'
-73.9605,40.6588,34,151,'NYRutland Rd10003|NYRutland Rd10003+NYFlatbush Ave+10003'
-73.9605,40.7756,2744,3817,'NYE 79th St10003+NYPark Ave+10003|NYE 79 St10003+NYPark Ave+10003'
-73.9605,40.6409,5,132,'NYE 19th St10003+NYDorchester Rd+10003'
-73.9605,40.7100,28,86,'NYS 5th St10003'
-73.9605,40.6204,4,17,'NYE 15th St10003+NYAve L+10003'
-73.9605,40.6584,12,52,'NYChester Ct10003|NYChester Ct10003+NYFlatbush Ave+10003'
-73.9605,40.5834,0,5,'NYBanner Ave10003+NYGuider Ave+10003'
-73.9605,40.7346,1,0,'NYEagle St10003'
-73.9605,40.6472,2,120,'NYAlbemarle Rd10003+NYOcean Ave+10003'
-73.9605,40.8191,30,6,'NYW 131 St10003|NYW 131 St10003+NYHenry Hudson Pkwy+10003|NYW 131 St10003+NYState Rte 9a+10003|NYHenry Hudson Pkwy10002+NYW 131st St+10002|NYW 131st St10003|NYW 131st St10003+NYState Rte 9a+10003'
-73.9605,40.5887,1,11,'NYGerald Ct10003|NYGerald Ct10003+NYConey Island Ave+10003'
-73.9604,40.9311,0,1,'NJCounty Rd10003+NJProspect Ter+10003|NJProspect Ter10003'
-73.9604,40.6581,38,108,'NYFenimore St10003|NYFenimore St10003+NYFlatbush Ave+10003'
-73.9604,40.6526,4,109,'NYCaton Ave10002+NYKenmore Pl+10002'
-73.9604,40.8180,1110,237,'NY12 Ave10003|NY12 Ave10003+NYW 125th St+10003|NY12 Ave10003+NY12 Ave+10003|NY12 Ave10003+NY12th Ave+10003|NY12 Ave10003+NYW 125 St+10003|NY12 Ave10003+NYRiverside Dr W+10003|NYW 125th St10003+NY12 Ave+10003|NYW 125th St10003+NY12th Ave+10003|NYW 125th St10003+NYRiverside Dr W+10003|NY12th Ave10003|NY12th Ave10003+NY12th Ave+10003|NY12th Ave10003+NYW 125 St+10003|NY12th Ave10003+NY12 Ave+10003|NY12th Ave10003+NYRiverside Dr W+10003|NYW 125 St10003+NY12 Ave+10003|NYW 125 St10003+NYRiverside Dr W+10003|NYW 125 St10003+NY12th Ave+10003|NYRiverside Dr W10003|NYRiverside Dr W10003+NY12th Ave+10003'
-73.9604,40.7815,1779,1116,'NY86th Transverse Rd10003|NY86th Transverse Rd10003+NY5th Ave+10003|NY86th Transverse Rd10003+NYE 86 St+10003|NY86th Transverse Rd10003+NYE 86th St+10003|NY5th Ave10003+NYE 86 St+10003|NY5th Ave10003+NYE 86th St+10003|NYE 86 St10003|NYE 86th St10003'
-73.9604,40.6354,1,121,'NYE 18th St10003+NYFoster Ave+10003'
-73.9604,40.5880,4,13,'NYKathleen Ct10003|NYKathleen Ct10003+NYConey Island Ave+10003'
-73.9604,40.6302,0,12,'NYE 17th St10003+NYAve H+10003'
-73.9604,40.5758,0,11,'NYBrighton 7th St10003|NYBrighton 7th St10003+NYBrightwater Ct+10003|NYBrightwater Ct10003+NYBrighton 7 St+10003|NYBrighton 7 St10003'
-73.9604,40.7332,95,697,'NYGreen St10003'
-73.9603,40.7102,113,61,'NYRoebling St10003'
-73.9603,40.7034,13,21,'NYBedford Ave10003+NYWilliamsburg St W+10003'
-73.9603,40.8182,150,57,'NYW 130th St10003|NYW 130th St10003+NY12th Ave+10003|NYW 130th St10003+NY12 Ave+10003|NYW 130th St10003+NYW 130 St+10003|NY12th Ave10003+NYW 130 St+10003|NY12 Ave10003+NYW 130 St+10003|NYW 130 St10003'
-73.9603,40.5800,0,1,'NYOcean View Ave10003+NYBrighton 8th Pl+10003|NYBrighton 8th Pl10003'
-73.9603,40.7730,3249,2206,'NYE 76th St10003+NYLexington Ave+10003|NYE 76 St10003+NYLexington Ave+10003'
-73.9603,40.8040,22,40,'NYW 113 St10003|NYW 113 St10003+NYMorningside Dr+10003|NYW 113th St10003|NYW 113th St10003+NYMorningside Dr+10003'
-73.9603,40.5865,4,17,'NYConey Island Ave10003+NYManor Ct+10003|NYManor Ct10003'
-73.9603,40.7572,77,91,'NYE 57th St10003'
-73.9603,40.6294,0,3,'NYE 17th St10003'
-73.9603,40.5850,0,2,'NYConey Island Ave10003+NYShore Pkwy+10003|NYConey Island Ave10003+NYShore Pkwy N+10003'
-73.9602,40.6572,34,161,'NYFlatbush Ave10003+NYHawthorne St+10003|NYHawthorne St10003'
-73.9602,40.7789,836,2605,'NYE 83rd St10003+NYMadison Ave+10003'
-73.9602,40.5845,0,3,'NYShore Pkwy S10003+NYConey Island Ave+10003|NYShore Pkwy10003+NYConey Island Ave+10003'
-73.9602,40.7662,3549,5841,'NYE 68 St10003+NY2nd Ave+10003|NYE 68 St10003+NY2 Ave+10003|NY2nd Ave10003+NYE 68th St+10003|NYE 68th St10003+NY2 Ave+10003'
-73.9602,40.7563,10,21,'NYE 56 St10003|NYE 56 St10003+NYF D R Dr+10003|NYF D R Dr10002+NYE 56th St+10002|NYE 56th St10003'
-73.9602,40.8739,0,1,'NJJenkins Dr10003+NJAlfred St+10003|NJJenkins Dr10003+NJAlfred Ave+10003|NJAlfred St10003|NJAlfred St10003+NJSnyder Rd+10003|NJAlfred Ave10003|NJAlfred Ave10003+NJSnyder Rd+10003|NJSnyder Rd10003'
-73.9602,40.6851,7,175,'NYGates Ave10003+NYIrving Pl+10003|NYIrving Pl10003'
-73.9602,40.7033,10,34,'NYI 27810001+NYBedford Ave+10001|NYBedford Ave10003+NYBrooklyn Queens Expy+10003'
-73.9602,40.7175,486,682,'NYN 5th St10003+NYBerry St+10003'
-73.9602,40.6458,1,82,'NYRegent Pl10003|NYRegent Pl10003+NYOcean Ave+10003'
-73.9602,40.8615,0,1,'NJMyrtle Ave10003+NJ8th St+10003|NJ8th St10003'
-73.9602,40.7580,860,1837,'NYSutton Pl10003+NYSutton Sq+10003|NYSutton Pl10003+NYE 58th St+10003|NYSutton Sq10003|NYSutton Sq10003+NYE 58th St+10003|NYE 58th St10003'
-73.9602,40.7318,220,2273,'NYIndia St10003'
-73.9602,40.7133,178,368,'NYDriggs Ave10003+NYS 1st St+10003'
-73.9602,40.7515,12,9,'NYUnnamed Rd South Pt10003|NYUnnamed Rd South Pt10003+NYUnnamed Rd South Pt+10003'
-73.9602,40.6941,80,958,'NYMyrtle Ave10003+NYTaaffe Pl+10003'
-73.9601,40.7621,5984,7030,'NYE 63rd St10003+NY1st Ave+10003|NYE 63rd St10003+NY1 Ave+10003|NYE 63 St10003+NY1st Ave+10003|NYE 63 St10003+NY1 Ave+10003'
-73.9601,40.6289,0,23,'NYE 17th St10003'
-73.9601,40.8197,101,3,'NYMarginal St10003+NYW 132nd St+10003|NYMarginal St10003+NYW 132 St+10003|NYW 132nd St10003|NYW 132 St10003'
-73.9601,40.7156,2059,924,'NYBedford Ave10003+NYN 3rd St+10003'
-73.9601,40.7059,2,43,'NYLee Ave10003+NYRoss St+10003'
-73.9601,40.6568,21,144,'NYWestbury Ct10003|NYWestbury Ct10003+NYFlatbush Ave+10003'
-73.9601,40.9285,0,1,'NJMagnolia Ave10003+NJSisson Ter+10003|NJSisson Ter10003'
-73.9601,40.7382,3,3,'NY2nd St10003'
-73.9601,40.7704,4152,5082,'NYE 73rd St10003+NY3rd Ave+10003|NYE 73rd St10003+NY3 Ave+10003|NY3rd Ave10003+NYE 73 St+10003|NY3 Ave10003+NYE 73 St+10003'
-73.9601,40.8081,1007,1041,'NYAmsterdam Ave10003+NYW 118th St+10003|NYAmsterdam Ave10003+NYW 118 St+10003|NYW 118th St10003|NYW 118 St10003'
-73.9601,40.6388,1,29,'NYE 19th St10003+NYDitmas Ave+10003'
-73.9601,40.5835,4,7,'NYBanner Ave10003+NYGuider Ave+10003|NYBanner Ave10003+NYConey Island Ave+10003|NYGuider Ave10003|NYGuider Ave10003+NYConey Island Ave+10003'
-73.9601,40.8047,26,41,'NYW 114 St10003|NYW 114 St10003+NYMorningside Dr+10003|NYW 114th St10003|NYW 114th St10003+NYMorningside Dr+10003'
-73.9601,40.6565,100,219,'NYWinthrop St10003|NYWinthrop St10003+NYFlatbush Ave+10003'
-73.9601,40.6032,0,48,'NYAvenue S10003+NYHomecrest Ave+10003|NYHomecrest Ave10003'
-73.9601,40.8006,464,1467,'NYW 109 St10003+NYManhattan Ave+10003|NYManhattan Ave10003+NYW 109th St+10003'
-73.9601,40.7032,5,16,'NYI 27810001+NYBedford Ave+10001|NYBedford Ave10003+NYBrooklyn Qns Expy+10003'
-73.9600,40.6180,0,6,'NYAve M10003+NYE 15th St+10003'
-73.9600,40.7347,4,49,'NYEagle St10003+NYWest St+10003'
-73.9600,40.6080,0,89,'NYQuentin Rd10003|NYQuentin Rd10003+NYE 13th St+10003'
-73.9600,40.7980,462,1528,'NYW 106 St10003|NYW 106 St10003+NYCentral Park W+10003|NYW 106th St10003|NYW 106th St10003+NYCentral Park W+10003|NYDuke Ellington Blvd10003|NYDuke Ellington Blvd10003+NYCentral Park W+10003'
-73.9600,40.5833,2,4,'NYGuider Ave10003+NYConey Island Ave+10003'
-73.9600,40.7763,1723,2950,'NYE 80 St10003+NYPark Ave+10003|NYE 80th St10003+NYPark Ave+10003'
-73.9600,40.6449,3,145,'NYBeverley Rd10003+NYOcean Ave+10003'
-73.9600,40.9091,0,1,'NJMission Way10003'
-73.9600,40.7040,10,27,'NYKeap St10003|NYKeap St10003+NYWilliamsburg St W+10003'
-73.9600,40.6229,11,126,'NYAve K10003+NYE 16th St+10003|NYE 16th St10003'
-73.9600,40.7354,3,4,'NYDupont St10003|NYDupont St10003+NYCommercial St+10003|NYDupont St10003+NYWest St+10003|NYCommercial St10003|NYCommercial St10003+NYWest St+10003|NYWest St10003'
-73.9600,40.5826,2,4,'NYBrighton 8th Ct10003|NYBrighton 8th Ct10003+NYConey Island Ave+10003'
-73.9600,40.6178,1,4,'NYElm Ave10003+NYE 15th St+10003'
-73.9600,40.6502,11,65,'NYChurch Ave10003+NYKenmore Pl+10003'
-73.9600,40.6278,1,82,'NYE 17th St10003+NYAve I+10003'
-73.9600,40.8196,204,13,'NYHenry Hudson Pkwy10002+NYW 132nd St+10002|NYHenry Hudson Pkwy10002+NYW 132 St+10002|NYW 132nd St10003+NYState Rte 9a+10003|NYW 132 St10003+NYState Rte 9a+10003'
-73.9599,40.7108,1333,548,'NYS 4th St10003+NYRoebling St+10003'
-73.9599,40.7074,5,55,'NYHavemeyer St10003'
-73.9599,40.8531,0,1,'NJI 9510001+NJHenry Hudson Dr+10001|NJUS Rte 110001+NJHenry Hudson Dr+10001|NJUS Rte 910001+NJHenry Hudson Dr+10001|NJHenry Hudson Dr10003'
-73.9599,40.7822,881,961,'NYE 87th St10003|NYE 87th St10003+NY5th Ave+10003|NYE 87 St10003|NYE 87 St10003+NY5th Ave+10003'
-73.9599,40.5815,3,4,'NYConey Island Ave10003+NYBrighton 10th Ct+10003|NYBrighton 10th Ct10003'
-73.9599,40.7091,111,266,'NYBroadway10003+NYS 8th St+10003|NYS 8th St10003'
-73.9599,40.7030,31,27,'NYBedford Ave10003+NYWilliamsburg St E+10003'
-73.9599,40.5812,0,2,'NYBrighton 10th Path10003|NYBrighton 10th Path10003+NYConey Island Ave+10003'
-73.9599,40.5808,0,2,'NYConey Island Ave10003+NYBrighton 10th Ter+10003|NYBrighton 10th Ter10003'
-73.9599,40.7736,7118,2635,'NYE 77th St10003+NYLexington Ave+10003|NYLexington Ave10003+NYE 77 St+10003'
-73.9599,40.5808,0,1,'NYBrighton 8th Ln10003|NYBrighton 8th Ln10003+NYConey Island Ave+10003'
-73.9598,40.7261,0,3,'NYQuay St10003'
-73.9598,40.5805,0,2,'NYBrighton 10th Ln10003|NYBrighton 10th Ln10003+NYConey Island Ave+10003'
-73.9598,40.8054,27,254,'NYW 115 St10003|NYW 115 St10003+NYW 115th St+10003|NYW 115 St10003+NYMorningside Dr+10003|NYW 115th St10003|NYW 115th St10003+NYMorningside Dr+10003'
-73.9598,40.6993,5,32,'NYWallabout St10003+NYHeyward St+10003|NYHeyward St10003'
-73.9598,40.5801,0,3,'NYConey Island Ave10003+NYOcean View Ave+10003'
-73.9598,40.7139,969,790,'NYDriggs Ave10003+NYGrand St+10003'
-73.9598,40.8188,27,44,'NYW 131 St10003+NY12th Ave+10003|NYW 131 St10003+NY12 Ave+10003|NYW 131st St10003+NY12th Ave+10003|NYW 131st St10003+NY12 Ave+10003'
-73.9598,40.6829,5,149,'NYPutnam Ave10003+NYIrving Pl+10003'
-73.9598,40.8629,0,6,'NJWashington Ave10003+NJ7th St+10003'
-73.9598,40.7669,2851,3028,'NYE 69th St10003+NY2nd Ave+10003|NYE 69th St10003+NY2 Ave+10003|NYE 69 St10003+NY2nd Ave+10003|NYE 69 St10003+NY2 Ave+10003'
-73.9598,40.7795,1061,2571,'NYE 84th St10003+NYMadison Ave+10003'
-73.9598,40.6492,0,4,'NYE 21st St10003+NYKenmore Ter+10003|NYKenmore Ter10003|NYKenmore Ter10003+NYKenmore Pl+10003|NYKenmore Pl10003'
-73.9597,40.5794,0,8,'NYConey Island Ave10003+NYBrighton 10th St+10003|NYBrighton 10th St10003'
-73.9597,40.6634,11,108,'NYMcKeever Pl10003|NYMcKeever Pl10003+NYEmpire Blvd+10003'
-73.9597,40.7587,744,1084,'NYSutton Pl10003+NYE 59th St+10003|NYSutton Pl10003+NYE 59 St+10003'
-73.9597,40.8155,116,1016,'NYTiemann Pl10003+NYClaremont Ave+10003|NYClaremont Ave10003'
-73.9597,40.6548,124,271,'NYWoodruff Ave10003|NYWoodruff Ave10003+NYFlatbush Ave+10003|NYWoodruff Ave10003+NYClarkson Ave+10003|NYFlatbush Ave10003+NYClarkson Ave+10003|NYClarkson Ave10003'
-73.9597,40.7627,4775,7096,'NYE 64 St10003+NY1st Ave+10003|NYE 64 St10003+NY1 Ave+10003|NY1st Ave10003+NYE 64th St+10003|NY1 Ave10003+NYE 64th St+10003'
-73.9597,40.8138,2974,2030,'NYla Salle St10003+NYBroadway+10003'
-73.9597,40.5917,1,7,'NYAve X10003+NYE 11th St+10003|NYE 11th St10003'
-73.9597,40.6486,2,18,'NYAlbemarle Ter10003|NYAlbemarle Ter10003+NYE 21st St+10003'
-73.9597,40.8203,102,7,'NYW 133 St10003|NYW 133 St10003+NYMarginal St+10003|NYW 133rd St10003|NYW 133rd St10003+NYMarginal St+10003|NYMarginal St10003'
-73.9597,40.7034,9,12,'NYWilliamsburg St E10003+NYHooper St+10003|NYHooper St10003'
-73.9596,40.8088,946,1212,'NYW 119 St10003|NYW 119 St10003+NYAmsterdam Ave+10003|NYW 119 St10003+NYW 119th St+10003|NYAmsterdam Ave10003+NYW 119th St+10003|NYW 119th St10003'
-73.9596,40.7711,4457,7236,'NYE 74 St10003+NY3rd Ave+10003|NYE 74 St10003+NY3 Ave+10003|NY3rd Ave10003+NYE 74th St+10003|NY3 Ave10003+NYE 74th St+10003'
-73.9596,40.5780,6,35,'NYConey Island Ave10003+NYBrighton Beach Ave+10003'
-73.9596,40.6008,1,36,'NYAve T10003+NYHomecrest Ave+10003'
-73.9596,40.7181,1811,2035,'NYBerry St10003+NYN 6th St+10003'
-73.9596,40.6820,94,468,'NYFulton St10003+NYIrving Pl+10003|NYIrving Pl10003'
-73.9596,40.7591,226,240,'NYQueensboro Brg10002|NYEd Koch Brg10002|NY59th Street Brg10002|NYState Rte 2510002'
-73.9596,40.7770,1463,2430,'NYE 81st St10003+NYPark Ave+10003'
-73.9595,40.7987,545,1561,'NYW 107th St10003|NYW 107th St10003+NYCentral Park W+10003|NYW 107 St10003|NYW 107 St10003+NYCentral Park W+10003'
-73.9595,40.7114,1166,722,'NYS 3rd St10003+NYRoebling St+10003'
-73.9595,40.6358,2,188,'NYE 19th St10003+NYFoster Ave+10003'
-73.9595,40.5765,0,38,'NYConey Island Ave10003+NYOceana Dr W+10003|NYOceana Dr W10003'
-73.9595,40.5896,0,13,'NYAve Y10003+NYE 11th St+10003'
-73.9595,40.7162,899,931,'NYBedford Ave10003+NYN 4th St+10003'
-73.9595,40.7290,14,93,'NYMilton St10003'
-73.9595,40.7053,2,32,'NYLee Ave10003+NYRodney St+10003'
-73.9595,40.8170,399,147,'NYW 125th St10003+NYSt Clair Pl+10003|NYW 125th St10003+NYW 129th St+10003|NYW 125th St10003+NYW 129 St+10003|NYSt Clair Pl10003|NYSt Clair Pl10003+NYW 125 St+10003|NYSt Clair Pl10003+NYW 129th St+10003|NYSt Clair Pl10003+NYW 129 St+10003|NYW 125 St10003+NYW 129th St+10003|NYW 125 St10003+NYW 129 St+10003|NYW 129th St10003|NYW 129th St10003+NYW 129 St+10003|NYW 129 St10003'
-73.9595,40.7577,40,53,'NYE 58th St10003|NYE 58th St10003+NYRiverview Ter+10003|NYE 58th St10003+NYSutton Sq+10003|NYRiverview Ter10003|NYRiverview Ter10003+NYSutton Sq+10003|NYSutton Sq10003'
-73.9595,40.7142,304,342,'NYDriggs Ave10003+NYN 1st St+10003|NYN 1st St10003'
-73.9595,40.5759,0,10,'NYBrightwater Ct10003|NYBrightwater Ct10003+NYConey Island Ave+10003'
-73.9595,40.7150,369,251,'NYMetropolitan Ave10003+NYN 3rd St+10003|NYN 3rd St10003'
-73.9595,40.7828,1026,425,'NYE 88 St10003|NYE 88 St10003+NY5th Ave+10003|NYE 88th St10003|NYE 88th St10003+NY5th Ave+10003'
-73.9595,40.5756,0,5,'NYBrightwater Ave10003|NYBrightwater Ave10003+NYConey Island Ave+10003'
-73.9595,40.6536,26,102,'NYFlatbush Ave10003+NYLenox Rd+10003|NYLenox Rd10003'
-73.9594,40.6303,0,10,'NYAve H10003+NYE 18th St+10003'
-73.9594,40.7590,210,146,'NYQueensboro Brg10002+NYSutton Pl+10002|NYQueensboro Brg10002+NYYork Ave+10002|NYSutton Pl10003|NYSutton Pl10003+NYEd Koch Brg+10003|NYSutton Pl10003+NY59th Street Brg+10003|NYSutton Pl10003+NYYork Ave+10003|NYSutton Pl10003+NYState Rte 25+10003|NYEd Koch Brg10002+NYYork Ave+10002|NY59th Street Brg10002+NYYork Ave+10002|NYYork Ave10003|NYYork Ave10003+NYState Rte 25+10003'
-73.9594,40.6474,4,79,'NYAlbemarle Rd10003+NYE 21st St+10003'
-73.9594,40.6904,775,1756,'NYTaaffe Pl10003|NYTaaffe Pl10003+NYDekalb Ave+10003'
-73.9594,40.8202,18,10,'NYHenry Hudson Pkwy10002+NYW 133 St+10002|NYHenry Hudson Pkwy10002+NYW 133rd St+10002|NYW 133 St10003+NYState Rte 9a+10003|NYW 133rd St10003+NYState Rte 9a+10003'
-73.9594,40.6860,231,1283,'NYClasson Ave10003+NYQuincy St+10003'
-73.9594,40.5939,0,8,'NYE 12th St10003+NYAvenue W+10003'
-73.9594,40.7074,8,16,'NYWilson St10003'
-73.9594,40.7743,2599,2316,'NYE 78th St10003+NYLexington Ave+10003|NYE 78 St10003+NYLexington Ave+10003'
-73.9594,40.6415,7,188,'NYOcean Ave10003+NYDorchester Rd+10003'
-73.9594,40.6199,1,5,'NYE 16th St10003'
-73.9594,40.8061,58,265,'NYW 116 St10003|NYW 116 St10003+NYMorningside Dr+10003|NYMorningside Dr10003+NYW 116th St+10003|NYW 116th St10003'
-73.9593,40.7052,1,4,'NYWilliamsburg St W10003+NYLee Ave+10003'
-73.9593,40.7025,30,19,'NYBedford Ave10003+NYHewes St+10003'
-73.9593,40.8194,46,63,'NYW 132nd St10003+NY12th Ave+10003|NYW 132nd St10003+NY12 Ave+10003|NYW 132 St10003+NY12th Ave+10003|NYW 132 St10003+NY12 Ave+10003'
-73.9593,40.6529,35,90,'NYCaton Ave10002+NYFlatbush Ave+10002'
-73.9593,40.9079,0,1,'NJLeroy St10003|NJLeroy St10003+NJElkwood Ter+10003|NJLeroy St10003+NJBliss Ave+10003|NJElkwood Ter10003|NJElkwood Ter10003+NJBliss Ave+10003|NJBliss Ave10003'
-73.9593,40.7408,8,12,'NY54th Ave10003|NY54th Ave10003+NY2nd St+10003'
-73.9593,40.7675,3895,5957,'NYE 70 St10003+NY2nd Ave+10003|NYE 70 St10003+NY2 Ave+10003|NY2nd Ave10003+NYE 70th St+10003|NY2 Ave10003+NYE 70th St+10003'
-73.9593,40.7802,1081,3475,'NYE 85th St10003+NYMadison Ave+10003'
-73.9593,40.7944,10,22,'NYCentral Park Driveway10003|NYCentral Park Driveway10003+NYWest Dr+10003'
-73.9593,40.6979,3,230,'NYLittle Nassau St10003'
-73.9593,40.5866,0,7,'NYWilliams Ct10003|NYWilliams Ct10003+NYE 11th St+10003'
-73.9593,40.7144,675,245,'NYDriggs Ave10003+NYFillmore Pl+10003|NYFillmore Pl10003'
-73.9593,40.6852,36,306,'NYClasson Ave10003+NYGates Ave+10003'
-73.9593,40.5932,0,6,'NYLancaster Ave10003|NYLancaster Ave10003+NYE 12th St+10003'
-73.9593,40.7593,179,541,'NYE 60th St10003|NYE 60th St10003+NYE 60th St+10003|NYE 60th St10003+NYYork Ave+10003|NYE 60th St10003+NYE 60 St+10003|NYYork Ave10003+NYE 60 St+10003|NYE 60 St10003'
-73.9593,40.7089,848,387,'NYBroadway10003+NYHavemeyer St+10003'
-73.9592,40.7436,9,289,'NYCenter Blvd10003'
-73.9592,40.7576,1,4,'NYF D R Dr10002+NYE 58th St+10002|NYE 58th St10003'
-73.9592,40.7634,3903,8303,'NYE 65th St10003+NY1st Ave+10003|NYE 65th St10003+NY1 Ave+10003|NY1st Ave10003+NYE 65 St+10003|NY1 Ave10003+NYE 65 St+10003'
-73.9592,40.6997,7,63,'NYHeyward St10003+NYWythe Ave+10003'
-73.9592,40.5859,0,2,'NYGilmore Ct10003|NYGilmore Ct10003+NYE 11th St+10003'
-73.9592,40.8093,1279,2004,'NYW 120th St10003+NYAmsterdam Ave+10003|NYW 120 St10003+NYAmsterdam Ave+10003'
-73.9592,40.6461,0,37,'NYRegent Pl10003+NYE 21st St+10003'
-73.9592,40.7050,3,6,'NYI 27810001+NYLee Ave+10001|NYBrooklyn Queens Expy10001+NYLee Ave+10001'
-73.9592,40.7717,4167,4289,'NYE 75 St10003+NY3rd Ave+10003|NYE 75 St10003+NY3 Ave+10003|NY3rd Ave10003+NYE 75th St+10003|NY3 Ave10003+NYE 75th St+10003'
-73.9592,40.5848,0,1,'NYShore Pkwy10002+NYE 11th St+10002|NYLeif Ericson Dr10002+NYE 11th St+10002|NYBelt Pkwy10002+NYE 11th St+10002'
-73.9592,40.7055,10,18,'NYWilliamsburg St W10003+NYRodney St+10003|NYRodney St10003'
-73.9592,40.6521,12,39,'NYLinden Blvd10003|NYLinden Blvd10003+NYFlatbush Ave+10003'
-73.9591,40.8018,153,650,'NYW 111 St10003|NYW 111 St10003+NYManhattan Ave+10003|NYW 111th St10003|NYW 111th St10003+NYManhattan Ave+10003'
-73.9591,40.5925,0,5,'NYCrawford Ave10003|NYCrawford Ave10003+NYE 12th St+10003'
-73.9591,40.7290,1196,2783,'NYWest St10003+NYMilton St+10003'
-73.9591,40.6845,9,140,'NYMonroe St10003'
-73.9591,40.7517,2,0,'NYEast Rd10003'
-73.9591,40.8625,0,1,'NJWashington Ave10003+NJ8th St+10003'
-73.9591,40.5843,0,2,'NYBlake Ct10003|NYBlake Ct10003+NYE 11th St+10003'
-73.9591,40.6181,2,9,'NYElm Ave10003|NYElm Ave10003+NYAve M+10003|NYElm Ave10003+NYE 16th St+10003|NYAve M10003+NYE 16th St+10003'
-73.9591,40.9110,0,7,'NJOak St10003|NJOak St10003+NJDowney Dr+10003'
-73.9591,40.7776,1396,3035,'NYE 82nd St10003+NYPark Ave+10003'
-73.9591,40.7994,546,810,'NYW 108 St10003|NYW 108 St10003+NYCentral Park W+10003|NYCentral Park W10003+NYW 108th St+10003|NYW 108th St10003'
-73.9591,40.7584,35,37,'NYRiverview Ter10003|NYRiverview Ter10003+NYE 59th St+10003|NYRiverview Ter10003+NYE 59 St+10003|NYE 59th St10003|NYE 59 St10003'
-73.9591,40.7049,4,7,'NYI 27810001+NYLee Ave+10001|NYBrooklyn Qns Expy10001+NYLee Ave+10001'
-73.9591,40.7122,719,656,'NYS 2nd St10003+NYRoebling St+10003'
-73.9591,40.6492,11,18,'NYKenmore Ter10003'
-73.9590,40.5833,0,5,'NYLawn Ct10003|NYLawn Ct10003+NYE 11th St+10003'
-73.9590,40.6994,4,254,'NYFranklin Ave10003|NYFranklin Ave10003+NYWallabout St+10003|NYFranklin Ave10003+NYWythe Ave+10003|NYWallabout St10003+NYWythe Ave+10003|NYWythe Ave10003'
-73.9590,40.7186,1437,1121,'NYN 7th St10003+NYBerry St+10003'
-73.9590,40.7835,1084,782,'NYE 89th St10003|NYE 89th St10003+NY5th Ave+10003|NY5th Ave10003+NYE 89 St+10003|NYE 89 St10003'
-73.9590,40.5775,0,4,'NYBrighton 11th St10003'
-73.9590,40.6486,0,10,'NYAlbemarle Ter10003'
-73.9590,40.6838,21,155,'NYMadison St10003'
-73.9590,40.9412,0,1,'NJAckerman Pl10003|NJAckerman Pl10003+NJUnion Ave+10003'
-73.9590,40.6450,1,45,'NYBeverley Rd10003+NYE 21st St+10003'
-73.9590,40.8211,2,2,'NYW 134th St10003|NYW 134 St10003'
-73.9590,40.6174,0,80,'NYE 16th St10003+NYCedar St+10003|NYCedar St10003'
-73.9590,40.5825,0,9,'NYJenks Ct10003|NYJenks Ct10003+NYE 11th St+10003'
-73.9590,40.6393,2,72,'NYOcean Ave10003+NYDitmas Ave+10003'
-73.9589,40.8529,0,1,'NJGeorge Washington Brg10001'
-73.9589,40.6512,49,71,'NYFlatbush Ave10003+NYMartense St+10003|NYMartense St10003'
-73.9589,40.7167,2053,1166,'NYN 5th St10003+NYBedford Ave+10003'
-73.9589,40.7750,5424,4035,'NYE 79th St10003+NYLexington Ave+10003|NYE 79 St10003+NYLexington Ave+10003'
-73.9589,40.7048,11,56,'NYLee Ave10003+NYKeap St+10003|NYLee Ave10003+NYWilliamsburg St E+10003|NYKeap St10003|NYKeap St10003+NYWilliamsburg St E+10003'
-73.9589,40.7421,10,29,'NY2nd St10003+NYBorden Ave+10003|NYBorden Ave10003'
-73.9589,40.8200,65,228,'NYW 133 St10003+NY12th Ave+10003|NYW 133 St10003+NY12 Ave+10003|NYW 133rd St10003+NY12th Ave+10003|NYW 133rd St10003+NY12 Ave+10003'
-73.9589,40.5911,0,2,'NYE 12th St10003+NYDesmond Ct+10003|NYDesmond Ct10003'
-73.9589,40.7096,565,772,'NYS 5th St10003|NYS 5th St10003+NYS 5th St+10003|NYS 5th St10003+NYHavemeyer St+10003|NYHavemeyer St10003|NYHavemeyer St10003+NYHavemeyer St+10003|NYHavemeyer St10003+NYS 5th St+10003'
-73.9589,40.7681,4658,3369,'NYE 71 St10003+NY2nd Ave+10003|NYE 71 St10003+NY2 Ave+10003|NYE 71st St10003+NY2nd Ave+10003|NYE 71st St10003+NY2 Ave+10003'
-73.9589,40.6987,19,139,'NYFranklin Ave10003+NYFlushing Ave+10003'
-73.9588,40.7422,11,53,'NYBorden Ave10003|NYBorden Ave10003+NY2nd St+10003'
-73.9588,40.5941,0,9,'NYSheepshead Bay Rd10003|NYSheepshead Bay Rd10003+NYAvenue W+10003|NYAvenue W10003'
-73.9588,40.8210,4,9,'NYHenry Hudson Pkwy10002+NYW 134th St+10002|NYHenry Hudson Pkwy10002+NYW 134 St+10002|NYW 134th St10003+NYState Rte 9a+10003|NYW 134 St10003+NYState Rte 9a+10003'
-73.9588,40.7809,3200,6004,'NYMadison Ave10003+NYE 86 St+10003|NYMadison Ave10003+NYE 86th St+10003'
-73.9588,40.7599,638,1666,'NYE 61st St10003+NYYork Ave+10003|NYE 61 St10003+NYYork Ave+10003'
-73.9588,40.7536,1,0,'NYRd 310003|NYRd 310003+NYUnnamed Rd South Pt+10003|NYUnnamed Rd South Pt10003'
-73.9588,40.7640,3624,6105,'NYE 66th St10003+NY1st Ave+10003|NYE 66th St10003+NY1 Ave+10003|NY1st Ave10003+NYE 66 St+10003|NYE 66 St10003+NY1 Ave+10003'
-73.9588,40.7269,17,52,'NYWest St10003+NYCalyer St+10003|NYCalyer St10003'
-73.9587,40.7231,102,393,'NYKent Ave10003+NYN 12th St+10003'
-73.9587,40.8663,0,1,'NJ5th St10003'
-73.9587,40.5904,0,6,'NYDoone Ct10003|NYDoone Ct10003+NYE 12th St+10003|NYDoone Ct10003+NYDunne Ct+10003|NYE 12th St10003+NYDunne Ct+10003|NYDunne Ct10003'
-73.9587,40.8100,871,1526,'NYAmsterdam Ave10003+NYW 121st St+10003'
-73.9587,40.7723,3032,5388,'NYE 76th St10003+NY3rd Ave+10003|NYE 76th St10003+NY3 Ave+10003|NYE 76 St10003+NY3rd Ave+10003|NYE 76 St10003+NY3 Ave+10003'
-73.9587,40.5802,0,1,'NYBrighton 10th St10003+NYOcean View Ave+10003|NYOcean View Ave10003'
-73.9587,40.8151,1979,906,'NYTiemann Pl10003|NYTiemann Pl10003+NYBroadway+10003'
-73.9587,40.7020,30,19,'NYBedford Ave10003+NYPenn St+10003'
-73.9587,40.8025,47,413,'NYW 112 St10003|NYW 112 St10003+NYManhattan Ave+10003|NYManhattan Ave10003+NYW 112th St+10003|NYW 112th St10003'
-73.9587,40.7128,1419,698,'NYS 1st St10003+NYRoebling St+10003'
-73.9587,40.5822,0,2,'NYNeptune Ave10003+NYGray Ct+10003|NYGray Ct10003'
-73.9586,40.8216,3,2,'NYW 135th St10003'
-73.9586,40.7362,1,10,'NYCommercial St10003+NYFranklin St+10003|NYFranklin St10003'
-73.9586,40.6661,14,263,'NYMcKeever Pl10003|NYMcKeever Pl10003+NYMontgomery St+10003'
-73.9586,40.7429,14,450,'NY51st Ave10003|NY51st Ave10003+NY2nd St+10003'
-73.9586,40.7262,4,5,'NYQuay St10003+NYWest St+10003|NYWest St10003'
-73.9586,40.7782,1416,2343,'NYE 83rd St10003+NYPark Ave+10003'
-73.9586,40.5773,0,2,'NYOceana Dr W10003|NYOceana Dr W10003+NYOceana Dr W+10003'
-73.9586,40.8000,329,928,'NYW 109 St10003|NYW 109 St10003+NYCentral Park W+10003|NYCentral Park W10003+NYW 109th St+10003|NYW 109th St10003'
-73.9586,40.5771,0,11,'NYOceana Dr W10003|NYOceana Dr W10003+NYOceana Dr W+10003'
-73.9586,40.7591,34,58,'NYE 60th St10003|NYE 60th St10003+NYF D R Dr+10003|NYE 60th St10003+NYMarginal St+10003|NYF D R Dr10003|NYF D R Dr10003+NYMarginal St+10003|NYMarginal St10003'
-73.9586,40.6905,83,937,'NYKent Ave10003|NYKent Ave10003+NYDekalb Ave+10003'
-73.9586,40.7535,4,8,'NYMain St10003|NYMain St10003+NYRd 3+10003|NYWest Rd10003|NYWest Rd10003+NYRd 3+10003'
-73.9586,40.7841,389,172,'NY5th Ave10003+NYE 90th St+10003|NY5th Ave10003+NYE 90 St+10003|NYE 90th St10003|NYE 90 St10003'
-73.9586,40.8007,578,538,'NYFred Douglass Cir10003|NYFrederick Douglass Cir10003'
-73.9586,40.7069,6,26,'NYWilliamsburg St W10003+NYRoss St+10003|NYRoss St10003'
-73.9585,40.7356,108,1396,'NYDupont St10003+NYFranklin St+10003'
-73.9585,40.7363,1,17,'NYCommercial St10003+NYClay St+10003|NYClay St10003'
-73.9585,40.6304,0,21,'NYE 19th St10003+NYAve H+10003'
-73.9585,40.7103,642,278,'NYS 4th St10003'
-73.9585,40.7442,33,219,'NYCenter Blvd10003+NY49th Ave+10003|NY49th Ave10003'
-73.9585,40.7073,3,14,'NYWilliamsburg St W10003|NYWilliamsburg St W10003+NYMarcy Ave+10003|NYMarcy Ave10003'
-73.9584,40.5805,0,1,'NYBrighton 10th Ln10003|NYBrighton 10th Ln10003+NYBrighton 10th St+10003'
-73.9584,40.7102,257,275,'NYS 5th St10003|NYS 5th St10003+NYHavemeyer St+10003|NYHavemeyer St10003|NYHavemeyer St10003+NYHavemeyer St+10003'
-73.9584,40.7192,796,1720,'NYN 8th St10003+NYBerry St+10003'
-73.9584,40.8206,12,52,'NY12th Ave10003|NY12th Ave10003+NYW 134th St+10003|NY12th Ave10003+NYW 134 St+10003|NY12th Ave10003+NY12 Ave+10003|NY12th Ave10003+NY12th Ave+10003|NY12th Ave10003+NYRiverside Dr+10003|NYW 134th St10003+NY12 Ave+10003|NYW 134th St10003+NY12th Ave+10003|NYW 134th St10003+NYRiverside Dr+10003|NYW 134 St10003+NY12 Ave+10003|NYW 134 St10003+NY12th Ave+10003|NYW 134 St10003+NYRiverside Dr+10003|NY12 Ave10003|NY12 Ave10003+NY12th Ave+10003|NY12 Ave10003+NY12 Ave+10003|NY12 Ave10003+NYRiverside Dr+10003|NYRiverside Dr10003'
-73.9584,40.6419,1,44,'NYDorchester Rd10003+NYE 21st St+10003'
-73.9584,40.8074,21,194,'NYMorningside Dr10003+NYW 118th St+10003|NYMorningside Dr10003+NYW 118 St+10003|NYW 118th St10003|NYW 118 St10003'
-73.9584,40.8215,5,10,'NYHenry Hudson Pkwy10002+NYW 135th St+10002|NYW 135th St10003+NYState Rte 9a+10003'
-73.9584,40.6196,1,44,'NYE 17th St10003+NYBay Ave+10003|NYBay Ave10003'
-73.9584,40.7586,128,129,'NYQueensboro Brg10002+NYF D R Dr+10002|NYF D R Dr10002+NYEd Koch Brg+10002|NYF D R Dr10002+NY59th Street Brg+10002|NYF D R Dr10002+NYState Rte 25+10002'
-73.9584,40.6363,4,85,'NYFoster Ave10003+NYOcean Ave+10003'
-73.9584,40.7756,1997,1649,'NYE 80 St10003+NYLexington Ave+10003|NYE 80th St10003+NYLexington Ave+10003'
-73.9584,40.7435,36,661,'NY2nd St10003|NY2nd St10003+NY50th Ave+10003|NY50th Ave10003'
-73.9584,40.8887,1,0,'NJWalnut St10003|NJWalnut St10003+NJN Woodland St+10003'
-73.9584,40.5942,0,17,'NYHomecrest Ave10003'
-73.9584,40.7688,5085,9110,'NY2nd Ave10003+NYE 72 St+10003|NY2nd Ave10003+NYE 72nd St+10003|NYE 72 St10003+NY2 Ave+10003|NYE 72nd St10003+NY2 Ave+10003'
-73.9584,40.7605,1806,4504,'NYYork Ave10003+NYE 62nd St+10003'
-73.9584,40.8003,298,344,'NYFred Douglass Cir10003+NYCentral Park W+10003'
-73.9583,40.7970,7,6,'NYCentral Park Gr Hill10003|NYCentral Park Gr Hill10003+NYCentral Park Gr Hill+10003'
-73.9583,40.7103,361,356,'NYHavemeyer St10003+NYBorinquen Pl+10003|NYBorinquen Pl10003'
-73.9583,40.7133,3550,1299,'NYGrand St10003+NYRoebling St+10003'
-73.9583,40.7646,2892,2788,'NY1st Ave10003+NYE 67 St+10003|NY1st Ave10003+NYE 67th St+10003|NYE 67 St10003+NY1 Ave+10003|NYE 67th St10003+NY1 Ave+10003'
-73.9583,40.7815,891,3666,'NYE 87th St10003+NYMadison Ave+10003|NYE 87 St10003+NYMadison Ave+10003'
-73.9583,40.7173,3569,1945,'NYBedford Ave10003+NYN 6th St+10003'
-73.9583,40.6191,0,1,'NYChestnut Ave10003|NYChestnut Ave10003+NYE 17th St+10003'
-73.9583,40.7072,2,1,'NYDivision Ave10003+NYMarcy Ave+10003|NYMarcy Ave10003'
-73.9583,40.8157,1409,626,'NYW 125th St10003+NYBroadway+10003|NYW 125 St10003+NYBroadway+10003'
-73.9583,40.6087,3,115,'NYKings Hwy10003+NYE 15th St+10003'
-73.9583,40.8620,0,3,'NJWashington Ave10003|NJWashington Ave10003+NJHudson Ter+10003'
-73.9583,40.8106,644,1289,'NYSeminary Row10003|NYSeminary Row10003+NYAmsterdam Ave+10003|NYSeminary Row10003+NYMorningside Dr+10003|NYAmsterdam Ave10003+NYMorningside Dr+10003|NYAmsterdam Ave10003+NYW 122nd St+10003|NYAmsterdam Ave10003+NYW 122 St+10003|NYMorningside Dr10003|NYMorningside Dr10003+NYW 122nd St+10003|NYMorningside Dr10003+NYW 122 St+10003|NYW 122nd St10003|NYW 122 St10003'
-73.9583,40.5783,0,22,'NYOceana Ter10003|NYOceana Ter10003+NYBrighton Beach Ave+10003'
-73.9583,40.6485,2,11,'NYFlatbush Ave10003+NYSnyder Ave+10003|NYSnyder Ave10003'
-73.9583,40.7730,4293,4909,'NY3rd Ave10003+NYE 77th St+10003|NY3rd Ave10003+NYE 77 St+10003|NY3 Ave10003+NYE 77th St+10003|NY3 Ave10003+NYE 77 St+10003'
-73.9583,40.8047,4,116,'NYW 115th St10003|NYW 115th St10003+NYMorningside Ave+10003|NYW 115 St10003|NYW 115 St10003+NYMorningside Ave+10003'
-73.9582,40.8031,61,348,'NYW 113 St10003|NYW 113 St10003+NYManhattan Ave+10003|NYW 113 St10003+NYMorningside Ave+10003|NYManhattan Ave10003+NYMorningside Ave+10003|NYManhattan Ave10003+NYW 113th St+10003|NYMorningside Ave10003|NYMorningside Ave10003+NYW 113th St+10003|NYW 113th St10003'
-73.9582,40.7042,1,42,'NYLee Ave10003+NYHooper St+10003'
-73.9582,40.7154,801,472,'NYDriggs Ave10003+NYN 4th St+10003'
-73.9582,40.8039,10,53,'NYW 114th St10003|NYW 114th St10003+NYMorningside Ave+10003|NYMorningside Ave10003+NYW 114 St+10003|NYW 114 St10003'
-73.9582,40.6353,5,123,'NYFarragut Rd10003|NYFarragut Rd10003+NYOcean Ave+10003'
-73.9582,40.8006,255,235,'NYCentral Park N10003|NYCentral Park N10003+NY8th Ave+10003|NYCentral Park N10003+NYCentral Park W+10003|NYCentral Park N10003+NYFrederick Douglass Blvd+10003|NY8th Ave10003|NY8th Ave10003+NYCentral Park W+10003|NY8th Ave10003+NYCathedral Pkwy+10003|NY8th Ave10003+NYW 110th St+10003|NY8th Ave10003+NYW 110 St+10003|NYCentral Park W10003|NYCentral Park W10003+NYCathedral Pkwy+10003|NYCentral Park W10003+NYW 110th St+10003|NYCentral Park W10003+NYFrederick Douglass Blvd+10003|NYCentral Park W10003+NYW 110 St+10003|NYCathedral Pkwy10003+NYFrederick Douglass Blvd+10003|NYW 110th St10003+NYFrederick Douglass Blvd+10003|NYFrederick Douglass Blvd10003|NYFrederick Douglass Blvd10003+NYW 110 St+10003'
-73.9582,40.8056,13,178,'NYW 116 St10003|NYW 116 St10003+NYMorningside Ave+10003|NYMorningside Ave10003+NYW 116th St+10003|NYW 116th St10003'
-73.9582,40.6184,0,6,'NYE 17th St10003+NYElm Ave+10003|NYElm Ave10003'
-73.9582,40.9619,0,1,'NJEverett Rd10003'
-73.9582,40.7789,1410,3375,'NYE 84th St10003+NYPark Ave+10003'
-73.9582,40.7596,145,328,'NYE 61st St10003|NYE 61st St10003+NYF D R Dr+10003|NYE 61st St10003+NYMarginal St+10003|NYE 61st St10003+NYE 61 St Exd+10003|NYE 61 St10003|NYE 61 St10003+NYF D R Dr+10003|NYE 61 St10003+NYMarginal St+10003|NYE 61 St10003+NYE 61 St Exd+10003|NYF D R Dr10003+NYMarginal St+10003|NYF D R Dr10003+NYE 61 St Exd+10003|NYMarginal St10003|NYMarginal St10003+NYE 61 St Exd+10003|NYE 61 St Exd10003'
-73.9582,40.5774,0,6,'NYOceana Ter10003|NYOceana Ter10003+NYOceana Dr E+10003|NYOceana Ter10003+NYOceana Dr W+10003|NYOceana Dr E10003|NYOceana Dr E10003+NYOceana Dr W+10003|NYOceana Dr W10003'
-73.9582,40.8205,11,269,'NYW 134th St10003|NYW 134 St10003'
-73.9582,40.7080,57,67,'NYS 9th St10003+NYMarcy Ave+10003'
-73.9582,40.7236,19,33,'NYKent Ave10003+NYN 13th St+10003|NYN 13th St10003'
-73.9582,40.6478,5,8,'NYAlbemarle Rd10003|NYAlbemarle Rd10003+NYFlatbush Ave+10003'
-73.9581,40.6475,13,28,'NYAlbemarle Rd10003|NYAlbemarle Rd10003+NYFlatbush Ave+10003'
-73.9581,40.6465,9,20,'NYTilden Ave10003|NYTilden Ave10003+NYFlatbush Ave+10003|NYTilden Ave10003+NYRegent Pl+10003|NYFlatbush Ave10003+NYRegent Pl+10003|NYRegent Pl10003'
-73.9581,40.8852,0,1,'NJMartin Ct10003'
-73.9581,40.7847,400,302,'NYE 91st St10003|NYE 91st St10003+NY5th Ave+10003|NYE 91 St10003|NYE 91 St10003+NY5th Ave+10003'
-73.9581,40.7014,48,40,'NYBedford Ave10003+NYRutledge St+10003'
-73.9581,40.7070,2,1,'NYI 27810001+NYMarcy Ave+10001|NYBrooklyn Queens Expy10001+NYMarcy Ave+10001'
-73.9581,40.6517,4,84,'NYMartense Ct10003'
-73.9581,40.6177,1,22,'NYE 17th St10003+NYCedar St+10003'
-73.9580,40.7138,667,202,'NYRoebling St10003+NYFillmore Pl+10003|NYFillmore Pl10003'
-73.9580,40.7102,413,257,'NYS 4th St10003'
-73.9580,40.6453,3,11,'NYFlatbush Ave10003+NYDuryea Pl+10003|NYDuryea Pl10003'
-73.9580,40.6451,5,8,'NYFlatbush Ave10003+NYBeverley Rd+10003|NYBeverley Rd10003'
-73.9580,40.6513,4,66,'NYMartense Ct10003|NYMartense Ct10003+NYMartense St+10003'
-73.9580,40.5868,0,14,'NYE 12th St10003+NYWilliams Ct+10003'
-73.9580,40.7109,149,1002,'NYHavemeyer St10003+NYS 3rd St+10003'
-73.9580,40.6944,41,404,'NYMyrtle Ave10003+NYFranklin Ave+10003'
-73.9580,40.7062,7,30,'NYRodney St10003|NYRodney St10003+NYWilliamsburg St E+10003|NYWilliamsburg St E10003'
-73.9580,40.7069,1,3,'NYI 27810001+NYMarcy Ave+10001|NYBrooklyn Qns Expy10001+NYMarcy Ave+10001'
-73.9580,40.6446,12,62,'NYFlatbush Ave10003+NYBeverley Rd+10003|NYBeverley Rd10003'
-73.9580,40.6988,9,28,'NYSkillman St10003|NYSkillman St10003+NYFlushing Ave+10003'
-73.9580,40.7072,2,4,'NYDivision Ave10003+NYI 278+10003|NYDivision Ave10003+NYBrooklyn Queens Expy+10003'
-73.9579,40.8081,19,437,'NYW 119 St10003|NYW 119 St10003+NYW 119th St+10003|NYW 119 St10003+NYMorningside Dr+10003|NYW 119th St10003|NYW 119th St10003+NYMorningside Dr+10003'
-73.9579,40.8009,760,594,'NYFrederick Douglass Cir10003+NY8th Ave+10003|NYFrederick Douglass Cir10003+NYFrederick Douglass Blvd+10003'
-73.9579,40.7763,2486,1956,'NYE 81st St10003+NYLexington Ave+10003'
-73.9579,40.7140,630,387,'NYHope St10003|NYHope St10003+NYRoebling St+10003'
-73.9579,40.8213,20,130,'NY12 Ave10003+NYW 135th St+10003|NYW 135th St10003|NYW 135th St10003+NY12th Ave+10003'
-73.9579,40.7084,334,317,'NYBroadway10003+NYMarcy Ave+10003'
-73.9579,40.7612,1457,2632,'NYYork Ave10003+NYE 63rd St+10003|NYYork Ave10003+NYE 63 St+10003'
-73.9579,40.7652,1646,3959,'NYE 68 St10003+NY1st Ave+10003|NYE 68 St10003+NY1 Ave+10003|NY1st Ave10003+NYE 68th St+10003|NYE 68th St10003+NY1 Ave+10003'
-73.9579,40.7695,6145,3911,'NYE 73rd St10003+NY2nd Ave+10003|NYE 73rd St10003+NY2 Ave+10003|NY2nd Ave10003+NYE 73 St+10003|NYE 73 St10003+NY2 Ave+10003'
-73.9579,40.7822,872,4159,'NYE 88 St10003+NYMadison Ave+10003|NYE 88th St10003+NYMadison Ave+10003'
-73.9578,40.5775,1,18,'NYBrighton 12th St10003'
-73.9578,40.7072,8,17,'NYDivision Ave10003+NYI 278+10003|NYDivision Ave10003+NYBrooklyn Qns Expy+10003'
-73.9578,40.8152,395,253,'NYMartin Luther King Blvd10003|NYMartin Luther King Blvd10003+NYOld Broadway+10003|NYDr Martin Luther King Jr Blvd10003|NYDr Martin Luther King Jr Blvd10003+NYOld Broadway+10003|NYOld Broadway10003|NYOld Broadway10003+NYW 125th St+10003|NYOld Broadway10003+NYW 125 St+10003'
-73.9578,40.8163,143,118,'NYW 129th St10003+NYW 129 St+10003|NYW 129th St10003+NYW 126 St+10003|NYW 129th St10003+NYBroadway+10003|NYW 129 St10003|NYW 129 St10003+NYW 126 St+10003|NYW 129 St10003+NYBroadway+10003|NYW 126 St10003|NYW 126 St10003+NYBroadway+10003'
-73.9578,40.7197,649,948,'NYN 9th St10003+NYBerry St+10003'
-73.9578,40.5912,0,1,'NYHomecrest Ave10003|NYHomecrest Ave10003+NYDesmond Ct+10003|NYDesmond Ct10003'
-73.9578,40.8113,664,1376,'NYAmsterdam Ave10003+NYW 123rd St+10003|NYAmsterdam Ave10003+NYW 123 St+10003'
-73.9578,40.6996,1,13,'NYLynch St10003|NYLynch St10003+NYWallabout St+10003'
-73.9578,40.7736,2438,5647,'NYE 78th St10003+NY3rd Ave+10003|NYE 78th St10003+NY3 Ave+10003|NYE 78 St10003+NY3rd Ave+10003|NYE 78 St10003+NY3 Ave+10003'
-73.9578,40.7449,304,1147,'NYCenter Blvd10003|NYCenter Blvd10003+NY48th Ave+10003|NY48th Ave10003'
-73.9578,40.8037,71,501,'NYW 114th St10003+NYManhattan Ave+10003|NYManhattan Ave10003+NYW 114 St+10003'
-73.9578,40.8005,343,883,'NYFred Douglass Cir10003|NYFred Douglass Cir10003+NYCentral Park N+10003|NYCentral Park N10003+NYFrederick Douglass Cir+10003|NYFrederick Douglass Cir10003'
-73.9578,40.8663,0,1,'NJ6th St10003|NJ6th St10003+NJBayview Ave+10003'
-73.9578,40.7595,14,17,'NYF D R Dr10002+NYE 61 St Exd+10002|NYE 61 St Exd10003'
-73.9578,40.6329,3,130,'NYGlenwood Rd10003+NYOcean Ave+10003'
-73.9577,40.7178,7729,1501,'NYBedford Ave10003+NYN 7th St+10003'
-73.9577,40.6058,0,35,'NYAve R10003+NYE 15th St+10003'
-73.9577,40.7243,44,48,'NYKent Ave10003|NYKent Ave10003+NYN 14th St+10003|NYKent Ave10003+NYFranklin St+10003|NYN 14th St10003|NYN 14th St10003+NYFranklin St+10003|NYFranklin St10003'
-73.9577,40.8063,9,237,'NYW 117th St10003|NYW 117th St10003+NYMorningside Ave+10003'
-73.9577,40.7795,1645,2782,'NYE 85th St10003+NYPark Ave+10003'
-73.9577,40.7464,235,800,'NYCenter Blvd10003|NYCenter Blvd10003+NY47th Ave+10003|NY47th Ave10003'
-73.9577,40.8012,537,906,'NYW 111 St10003+NY8th Ave+10003|NYW 111 St10003+NYFrederick Douglass Blvd+10003|NYW 111th St10003+NY8th Ave+10003|NYW 111th St10003+NYFrederick Douglass Blvd+10003'
-73.9577,40.7394,1,2,'NY5th St10003'
-73.9577,40.6832,6,106,'NYPutnam Ave10003+NYClaver Pl+10003|NYClaver Pl10003'
-73.9577,40.7456,740,2160,'NY47th Rd10003'
-73.9577,40.5919,0,30,'NYSheepshead Bay Rd10003+NYAve X+10003'
-73.9577,40.5816,0,3,'NYBrighton 10th St10003+NYBrighton 10th Ct+10003|NYBrighton 10th Ct10003'
-73.9577,40.5905,0,1,'NYDoone Ct10003|NYDoone Ct10003+NYHomecrest Ave+10003|NYDoone Ct10003+NYDunne Ct+10003|NYHomecrest Ave10003+NYDunne Ct+10003|NYDunne Ct10003'
-73.9576,40.5766,0,28,'NYOceana Dr E10003'
-73.9576,40.6427,6,18,'NYClarendon Rd10003|NYClarendon Rd10003+NYFlatbush Ave+10003'
-73.9576,40.7853,714,300,'NYE 92nd St10003|NYE 92nd St10003+NY5th Ave+10003|NYE 92 St10003|NYE 92 St10003+NY5th Ave+10003'
-73.9576,40.7159,262,196,'NYDriggs Ave10003+NYN 5th St+10003'
-73.9576,40.7602,153,301,'NYF D R Dr10003+NYE 62nd St+10003'
-73.9576,40.8087,35,527,'NYW 120th St10003|NYW 120th St10003+NYMorningside Dr+10003|NYW 120 St10003|NYW 120 St10003+NYMorningside Dr+10003'
-73.9576,40.7036,0,23,'NYLee Ave10003+NYHewes St+10003'
-73.9576,40.5889,0,14,'NYMargaret Ct10003'
-73.9576,40.8742,1,2,'NJOak Hill Ter10003|NJOak Hill Ter10003+NJBolz St+10003'
-73.9576,40.7066,2,14,'NYMarcy Ave10003+NYRodney St+10003'
-73.9576,40.5851,1,1,'NYE 12th St10003+NYShore Pkwy+10003|NYE 12th St10003+NYLeif Ericson Dr+10003|NYE 12th St10003+NYBelt Pkwy+10003'
-73.9576,40.7251,34,27,'NYN 15th St10003|NYN 15th St10003+NYFranklin St+10003'
-73.9576,40.7145,1631,475,'NYRoebling St10003|NYRoebling St10003+NYMetropolitan Ave+10003|NYRoebling St10003+NYRoebling St+10003|NYMetropolitan Ave10003+NYRoebling St+10003'
-73.9575,40.7116,170,1236,'NYHavemeyer St10003+NYS 2nd St+10003'
-73.9575,40.5849,0,4,'NYShore Pkwy S10003+NYE 12th St+10003|NYE 12th St10003+NYShore Pkwy+10003'
-73.9575,40.6824,2,65,'NYJefferson Ave10003|NYJefferson Ave10003+NYClaver Pl+10003'
-73.9575,40.6048,0,6,'NYE 15th St10003'
-73.9575,40.5898,0,19,'NYHomecrest Ave10003|NYHomecrest Ave10003+NYAve Y+10003'
-73.9575,40.6967,6,73,'NYSkillman St10003+NYPark Ave+10003'
-73.9575,40.5802,0,8,'NYOcean View Ave10003|NYOcean View Ave10003+NYBrighton 11th St+10003'
-73.9575,40.7080,25,32,'NYI 27810001+NYS 9th St+10001|NYBrooklyn Queens Expy10001+NYS 9th St+10001'
-73.9575,40.7255,46,54,'NYFranklin St10003+NYMeserole Ave+10003|NYMeserole Ave10003'
-73.9575,40.7091,32,310,'NYS 5th St10003+NYMarcy Ave+10003'
-73.9575,40.5845,0,12,'NYE 12th St10003+NYBlake Ct+10003|NYBlake Ct10003'
-73.9575,40.8162,16,83,'NYW 129th St10003|NYW 129th St10003+NYW 129th St+10003|NYW 129th St10003+NYW 126th St+10003|NYW 129th St10003+NYW 126 St+10003|NYW 126th St10003'
-73.9575,40.7769,3202,2846,'NYE 82nd St10003+NYLexington Ave+10003'
-73.9575,40.6424,8,15,'NYFlatbush Ave10003+NYDorchester Rd+10003|NYDorchester Rd10003'
-73.9575,40.7223,5881,4666,'NYWythe Ave10003+NYN 12th St+10003'
-73.9575,40.8211,21,302,'NY12th Ave10003|NY12th Ave10003+NYW 135th St+10003|NY12th Ave10003+NY12 Ave+10003|NY12th Ave10003+NYW 135 St+10003|NY12th Ave10003+NYRiverside Dr+10003|NYW 135th St10003|NYW 135th St10003+NY12 Ave+10003|NYW 135th St10003+NYRiverside Dr+10003|NY12 Ave10003|NY12 Ave10003+NYW 135 St+10003|NY12 Ave10003+NYRiverside Dr+10003|NYW 135 St10003|NYW 135 St10003+NYRiverside Dr+10003'
-73.9575,40.7008,49,31,'NYBedford Ave10003+NYHeyward St+10003'
-73.9575,40.7404,4,5,'NY5th St10003|NY5th St10003+NY54th Ave+10003'
-73.9574,40.7618,899,2198,'NYE 64 St10003|NYE 64 St10003+NYYork Ave+10003|NYYork Ave10003+NYE 64th St+10003|NYE 64th St10003'
-73.9574,40.6368,0,47,'NYFoster Ave10003+NYE 21st St+10003'
-73.9574,40.7659,2007,4524,'NYE 69th St10003+NY1st Ave+10003|NYE 69th St10003+NY1 Ave+10003|NYE 69 St10003+NY1st Ave+10003|NYE 69 St10003+NY1 Ave+10003'
-73.9574,40.7828,1098,4465,'NYE 89th St10003+NYMadison Ave+10003|NYMadison Ave10003+NYE 89 St+10003'
-73.9574,40.7701,5225,7730,'NYE 74 St10003+NY2nd Ave+10003|NYE 74 St10003+NY2 Ave+10003|NY2nd Ave10003+NYE 74th St+10003|NY2 Ave10003+NYE 74th St+10003'
-73.9574,40.7895,208,561,'NYTransverse Number Four10003|NYTransverse Number Four10003+NY97 St Transverse+10003|NYTransverse Number Four10003+NYTransverse Number 4+10003|NYTransverse Number Four10003+NY97th St Transverse+10003|NYTransverse Number Four10003+NYEast Dr+10003|NYTransverse Number Four10003+NYTransverse Rd Number 4+10003|NYTransverse Number Four10003+NYTransverse Rd 4+10003|NYTransverse Number Four10003+NYTransverse Rd Four+10003|NY97 St Transverse10003|NY97 St Transverse10003+NYTransverse Number 4+10003|NY97 St Transverse10003+NY97th St Transverse+10003|NY97 St Transverse10003+NYEast Dr+10003|NY97 St Transverse10003+NYTransverse Rd Number 4+10003|NY97 St Transverse10003+NYTransverse Rd 4+10003|NY97 St Transverse10003+NYTransverse Rd Four+10003|NYTransverse Number 410003|NYTransverse Number 410003+NY97th St Transverse+10003|NYTransverse Number 410003+NYEast Dr+10003|NYTransverse Number 410003+NYTransverse Rd Number 4+10003|NYTransverse Number 410003+NYTransverse Rd 4+10003|NYTransverse Number 410003+NYTransverse Rd Four+10003|NY97th St Transverse10003|NY97th St Transverse10003+NYEast Dr+10003|NY97th St Transverse10003+NYTransverse Rd Number 4+10003|NY97th St Transverse10003+NYTransverse Rd 4+10003|NY97th St Transverse10003+NYTransverse Rd Four+10003|NYEast Dr10003+NYTransverse Rd Number 4+10003|NYEast Dr10003+NYTransverse Rd 4+10003|NYEast Dr10003+NYTransverse Rd Four+10003|NYTransverse Rd Number 410003|NYTransverse Rd Number 410003+NYTransverse Rd 4+10003|NYTransverse Rd Number 410003+NYTransverse Rd Four+10003|NYTransverse Rd 410003|NYTransverse Rd 410003+NYTransverse Rd Four+10003|NYTransverse Rd Four10003'
-73.9574,40.7079,36,72,'NYI 27810001+NYS 9th St+10001|NYBrooklyn Qns Expy10001+NYS 9th St+10001'
-73.9574,40.6178,0,46,'NYCedar St10003'
-73.9574,40.8169,85,76,'NYW 130th St10003|NYW 130th St10003+NYW 130 St+10003|NYW 130th St10003+NYBroadway+10003|NYW 130 St10003|NYW 130 St10003+NYBroadway+10003'
-73.9574,40.7528,6,7,'NYEast Rd10003+NYRd 3+10003|NYRd 310003|NYRd 310003+NYMain St+10003|NYMain St10003'
-73.9574,40.9544,0,1,'NJRodney Pl10003|NJRodney Pl10003+NJDemarest Ave+10003'
-73.9574,40.6414,0,16,'NYE 22nd St10003'
-73.9574,40.7263,49,117,'NYQuay St10003|NYQuay St10003+NYFranklin St+10003'
-73.9574,40.7082,111,49,'NYI 27810001+NYBroadway+10001|NYBrooklyn Queens Expy10001+NYBroadway+10001'
-73.9574,40.6815,186,591,'NYFulton St10003+NYClaver Pl+10003|NYClaver Pl10003'
-73.9573,40.5838,0,11,'NYBanner Ave10003|NYBanner Ave10003+NYE 12th St+10003'
-73.9573,40.8044,82,768,'NYW 115th St10003+NYManhattan Ave+10003|NYW 115 St10003+NYManhattan Ave+10003'
-73.9573,40.6305,3,49,'NYAve H10003+NYOcean Ave+10003'
-73.9573,40.7743,5009,7136,'NY3rd Ave10003+NYE 79th St+10003|NY3rd Ave10003+NYE 79 St+10003|NYE 79th St10003+NY3 Ave+10003|NYE 79 St10003+NY3 Ave+10003'
-73.9573,40.6643,8,35,'NYSullivan Pl10003+NYBedford Ave+10003'
-73.9573,40.7148,47,19,'NYN 4th St10003+NYRoebling St+10003|NYRoebling St10003'
-73.9573,40.6035,1,9,'NYAvenue S10003+NYE 15th St+10003|NYE 15th St10003'
-73.9573,40.6892,23,223,'NYLafayette Ave10003+NYFranklin Ave+10003'
-73.9573,40.8069,3,176,'NYW 118 St10003|NYW 118 St10003+NYMorningside Ave+10003|NYW 118th St10003|NYW 118th St10003+NYMorningside Ave+10003'
-73.9573,40.6187,3,62,'NYElm Ave10003|NYElm Ave10003+NYE 18th St+10003|NYElm Ave10003+NYBay Ave+10003|NYE 18th St10003+NYBay Ave+10003|NYBay Ave10003'
-73.9573,40.6084,2,27,'NYQuentin Rd10003|NYQuentin Rd10003+NYE 16th St+10003'
-73.9573,40.7601,13,11,'NYF D R Dr10002+NYE 62nd St+10002|NYE 62nd St10003'
-73.9572,40.5835,1,7,'NYLawn Ct10003|NYLawn Ct10003+NYE 12th St+10003'
-73.9572,40.8094,12,334,'NYMorningside Dr10003+NYW 121st St+10003|NYW 121st St10003'
-73.9572,40.8019,670,1630,'NYW 112 St10003+NY8th Ave+10003|NYW 112 St10003+NYFrederick Douglass Blvd+10003|NY8th Ave10003+NYW 112th St+10003|NYFrederick Douglass Blvd10003+NYW 112th St+10003'
-73.9572,40.7082,42,69,'NYI 27810001+NYBroadway+10001|NYBroadway10003+NYBrooklyn Qns Expy+10003'
-73.9572,40.7000,46,14,'NYLynch St10003+NYBedford Ave+10003'
-73.9572,40.7203,250,1200,'NYBerry St10003+NYN 10th St+10003'
-73.9572,40.6635,16,46,'NYBedford Ave10003+NYEmpire Blvd+10003'
-73.9572,40.5825,0,2,'NYE 12th St10003|NYE 12th St10003+NYNeptune Ave+10003|NYE 12th St10003+NYBrighton 10th St+10003|NYNeptune Ave10003+NYBrighton 10th St+10003|NYBrighton 10th St10003'
-73.9572,40.7802,2811,5298,'NYE 86 St10003+NYPark Ave+10003|NYPark Ave10003+NYE 86th St+10003'
-73.9572,40.7271,63,203,'NYFranklin St10003+NYCalyer St+10003'
-73.9572,40.5830,0,13,'NYGuider Ave10003+NYJenks Ct+10003|NYGuider Ave10003+NYE 12th St+10003|NYJenks Ct10003|NYJenks Ct10003+NYE 12th St+10003'
-73.9572,40.7273,197,706,'NYFranklin St10003|NYFranklin St10003+NYFranklin St+10003'
-73.9572,40.6354,0,20,'NYFarragut Rd10003+NYE 21st St+10003'
-73.9572,40.7860,757,1063,'NYE 93 St10003|NYE 93 St10003+NY5th Ave+10003|NY5th Ave10003+NYE 93rd St+10003|NYE 93rd St10003'
-73.9572,40.6997,52,15,'NYBedford Ave10003+NYWallabout St+10003'
-73.9571,40.7122,247,1196,'NYHavemeyer St10003+NYS 1st St+10003'
-73.9571,40.6885,26,648,'NYFranklin Ave10003+NYClifton Pl+10003'
-73.9571,40.7184,2190,1225,'NYBedford Ave10003+NYN 8th St+10003'
-73.9571,40.5877,0,64,'NYHomecrest Ave10003|NYHomecrest Ave10003+NYAve Z+10003'
-73.9571,40.6402,4,83,'NYE 22nd St10003+NYDitmas Ave+10003'
-73.9571,40.6627,3,140,'NYBedford Ave10003+NYSterling St+10003'
-73.9571,40.7069,2,9,'NYRodney St10003|NYRodney St10003+NYRodney St+10003'
-73.9571,40.7071,1,14,'NYDivision Ave10003+NYRodney St+10003'
-73.9571,40.6945,111,337,'NYMyrtle Ave10003+NYSkillman St+10003'
-73.9571,40.7105,154,212,'NYBorinquen Pl10003+NYS 3rd St+10003'
-73.9571,40.6420,6,14,'NYFlatbush Ave10003+NYVanderveer Pl+10003|NYVanderveer Pl10003'
-73.9571,40.6892,4,97,'NYLafayette Ave10003+NYFranklin Ave+10003|NYFranklin Ave10003'
-73.9571,40.7098,21,78,'NYS 4th St10003+NYMarcy Ave+10003'
-73.9571,40.6895,45,147,'NYFranklin Ave10003|NYFranklin Ave10003+NYFranklin Ave+10003'
-73.9570,40.6620,9,205,'NYLefferts Ave10003+NYBedford Ave+10003'
-73.9570,40.7146,664,420,'NYN 4th St10003+NYRoebling St+10003'
-73.9570,40.7165,685,363,'NYDriggs Ave10003+NYN 6th St+10003'
-73.9570,40.6990,156,42,'NYBedford Ave10003+NYFlushing Ave+10003'
-73.9570,40.7775,2247,2153,'NYE 83rd St10003+NYLexington Ave+10003'
-73.9570,40.7968,5,11,'NYWest Dr10003+NYCentral Park Gr Hill+10003|NYCentral Park Gr Hill10003'
-73.9570,40.8623,1,1,'NJPalisades Interstate Pkwy10002|NJPalisades Interstate Pkwy10002+NJPalisades Interstate Pkwy+10002'
-73.9570,40.7031,1,27,'NYLee Ave10003+NYPenn St+10003'
-73.9570,40.7624,541,1670,'NYE 65th St10003|NYE 65th St10003+NYYork Ave+10003|NYYork Ave10003+NYE 65 St+10003|NYE 65 St10003'
-73.9570,40.7089,3,26,'NYS 5th St10003+NYI 278+10003|NYS 5th St10003+NYBrooklyn Queens Expy+10003'
-73.9570,40.5869,0,17,'NYWilliams Ct10003|NYWilliams Ct10003+NYHomecrest Ave+10003'
-73.9570,40.7060,2,49,'NYMarcy Ave10003+NYKeap St+10003'
-73.9570,40.6612,5,148,'NYBedford Ave10003+NYLincoln Rd+10003'
-73.9570,40.7665,2363,7821,'NYE 70 St10003+NY1st Ave+10003|NYE 70 St10003+NY1 Ave+10003|NY1st Ave10003+NYE 70th St+10003|NYE 70th St10003+NY1 Ave+10003'
-73.9569,40.7834,757,2642,'NYMadison Ave10003+NYE 90th St+10003|NYMadison Ave10003+NYE 90 St+10003'
-73.9569,40.7271,24,170,'NYBanker St10003|NYBanker St10003+NYFranklin St+10003|NYBanker St10003+NYCalyer St+10003|NYFranklin St10003|NYFranklin St10003+NYCalyer St+10003'
-73.9569,40.7708,6707,4617,'NYE 75 St10003+NY2nd Ave+10003|NYE 75 St10003+NY2 Ave+10003|NY2nd Ave10003+NYE 75th St+10003|NY2 Ave10003+NYE 75th St+10003'
-73.9569,40.8175,114,121,'NYW 131 St10003+NYBroadway+10003|NYW 131st St10003+NYBroadway+10003'
-73.9569,40.7257,5,22,'NYGem St10003|NYGem St10003+NYMeserole Ave+10003'
-73.9569,40.7607,121,134,'NYF D R Dr10003|NYF D R Dr10003+NYE 63rd St+10003|NYF D R Dr10003+NYE 63 St+10003|NYE 63rd St10003|NYE 63 St10003'
-73.9569,40.7417,2,6,'NY5th St10003|NY5th St10003+NYBorden Ave+10003'
-73.9569,40.8155,2,83,'NYOld Broadway10003+NYW 126th St+10003|NYOld Broadway10003+NYW 126 St+10003'
-73.9569,40.5780,0,13,'NYBrighton 13th St10003'
-73.9569,40.7372,10,142,'NYCommercial St10003+NYBox St+10003|NYBox St10003'
-73.9569,40.7418,5,35,'NY5th St10003+NYQueens Midtown Tunl+10003|NY5th St10003+NYI 495+10003'
-73.9569,40.7418,13,173,'NY5th St10003+NYBorden Ave+10003'
-73.9569,40.6604,4,196,'NYMaple St10003+NYBedford Ave+10003'
-73.9569,40.7228,71,129,'NYWythe Ave10003+NYN 13th St+10003'
-73.9569,40.6657,20,83,'NYBedford Ave10003+NYMontgomery St+10003'
-73.9568,40.6870,60,853,'NYFranklin Ave10003+NYLexington Ave+10003'
-73.9568,40.6386,0,41,'NYNewkirk Ave10003+NYE 22nd St+10003'
-73.9568,40.6011,0,40,'NYAve T10003+NYE 15th St+10003'
-73.9568,40.8126,354,649,'NYAmsterdam Ave10003+NYla Salle St+10003|NYla Salle St10003'
-73.9568,40.7089,20,80,'NYS 5th St10003+NYI 278+10003|NYS 5th St10003+NYBrooklyn Qns Expy+10003'
-73.9568,40.8050,128,961,'NYW 116 St10003+NYManhattan Ave+10003|NYManhattan Ave10003+NYW 116th St+10003'
-73.9568,40.7128,729,1694,'NYGrand St10003+NYHavemeyer St+10003'
-73.9568,40.7079,16,81,'NYS 9th St10003+NYRodney St+10003'
-73.9568,40.8075,5,100,'NYW 119th St10003|NYW 119th St10003+NYMorningside Ave+10003|NYW 119 St10003|NYW 119 St10003+NYMorningside Ave+10003'
-73.9568,40.6597,4,143,'NYBedford Ave10003+NYMidwood St+10003'
-73.9568,40.7750,2958,6276,'NYE 80 St10003+NY3rd Ave+10003|NYE 80 St10003+NY3 Ave+10003|NY3rd Ave10003+NYE 80th St+10003|NYE 80th St10003+NY3 Ave+10003'
-73.9568,40.8217,17,366,'NYW 136th St10003|NYW 136th St10003+NYRiverside Dr+10003|NYRiverside Dr10003+NYW 136 St+10003|NYW 136 St10003'
-73.9568,40.6059,0,11,'NYAve R10003+NYE 16th St+10003'
-73.9568,40.6714,417,1412,'NYSt Francis Pl10003|NYSt Francis Pl10003+NYLincoln Pl+10003'
-73.9568,40.8025,898,1465,'NYW 113 St10003+NY8th Ave+10003|NYW 113 St10003+NYFrederick Douglass Blvd+10003|NY8th Ave10003+NYW 113th St+10003|NYW 113th St10003+NYFrederick Douglass Blvd+10003'
-73.9568,40.6184,0,46,'NYAve M10003+NYBay Ave+10003|NYBay Ave10003'
-73.9568,40.5828,0,2,'NYGuider Ave10003+NYE 12th St+10003|NYGuider Ave10003+NYHomecrest Ave+10003|NYGuider Ave10003+NYE 11th St+10003|NYE 12th St10003|NYE 12th St10003+NYHomecrest Ave+10003|NYHomecrest Ave10003|NYHomecrest Ave10003+NYE 11th St+10003|NYE 11th St10003'
-73.9567,40.7892,110,198,'NYTransverse Number Four10003|NYTransverse Number Four10003+NY97 St Transverse+10003|NYTransverse Number Four10003+NYTransverse Number 4+10003|NYTransverse Number Four10003+NYTransverse Rd Number 4+10003|NYTransverse Number Four10003+NYTransverse Rd 4+10003|NYTransverse Number Four10003+NYTransverse Rd Four+10003|NY97 St Transverse10003|NY97 St Transverse10003+NYTransverse Number 4+10003|NY97 St Transverse10003+NYTransverse Rd Number 4+10003|NY97 St Transverse10003+NYTransverse Rd 4+10003|NY97 St Transverse10003+NYTransverse Rd Four+10003|NYTransverse Number 410003|NYTransverse Number 410003+NYTransverse Rd Number 4+10003|NYTransverse Number 410003+NYTransverse Rd 4+10003|NYTransverse Number 410003+NYTransverse Rd Four+10003|NYTransverse Rd Number 410003|NYTransverse Rd Number 410003+NYTransverse Rd 4+10003|NYTransverse Rd Number 410003+NYTransverse Rd Four+10003|NYTransverse Rd 410003|NYTransverse Rd 410003+NYTransverse Rd Four+10003|NYTransverse Rd Four10003'
-73.9567,40.6590,7,195,'NYRutland Rd10003+NYBedford Ave+10003'
-73.9567,40.7080,53,86,'NYBroadway10003+NYRodney St+10003'
-73.9567,40.7866,654,419,'NYE 94th St10003|NYE 94th St10003+NY5th Ave+10003|NYE 94 St10003|NYE 94 St10003+NY5th Ave+10003'
-73.9567,40.9553,0,1,'NJRodney Pl10003+NJCentral Ave+10003'
-73.9567,40.7071,6,26,'NYRodney St10003'
-73.9567,40.6454,0,3,'NYE 22nd St10003+NYDuryea Pl+10003|NYDuryea Pl10003'
-73.9567,40.7809,1613,3965,'NYE 87th St10003+NYPark Ave+10003|NYE 87 St10003+NYPark Ave+10003'
-73.9567,40.9316,0,1,'NJHudson Ave10003+NJProspect Ter+10003|NJProspect Ter10003'
-73.9567,40.6863,9,276,'NYQuincy St10003+NYFranklin Ave+10003'
-73.9567,40.5853,0,4,'NYShore Pkwy10003+NYHomecrest Ave+10003|NYHomecrest Ave10003|NYHomecrest Ave10003+NYShore Pkwy N+10003'
-73.9567,40.7425,38,762,'NY5th St10003+NY51st Ave+10003'
-73.9567,40.5799,1,9,'NYBrighton 12th St10003+NYOcean View Ave+10003'
-73.9567,40.5901,1,13,'NYSheepshead Bay Rd10003|NYSheepshead Bay Rd10003+NYE 13th St+10003'
-73.9566,40.6583,10,173,'NYFenimore St10003+NYBedford Ave+10003'
-73.9566,40.5779,0,9,'NYSeacoast Ter10003|NYBrighton 12th St10003'
-73.9566,40.5756,0,24,'NYSeacoast Ter10003|NYSeacoast Ter10003+NYBrightwater Ave+10003|NYBrightwater Ave10003+NYBrighton 12th St+10003|NYBrighton 12th St10003'
-73.9566,40.7208,866,1607,'NYBerry St10003+NYN 11th St+10003'
-73.9566,40.7104,122,157,'NYS 3rd St10003+NYGrand St Exd+10003|NYS 3rd St10003+NYMarcy Ave+10003|NYS 3rd St10003+NYBorinquen Pl+10003|NYGrand St Exd10003|NYGrand St Exd10003+NYMarcy Ave+10003|NYMarcy Ave10003+NYBorinquen Pl+10003|NYBorinquen Pl10003'
-73.9566,40.6306,0,1,'NYAve H10003'
-73.9566,40.7096,11,20,'NYI 27810001+NYS 4th St+10001|NYS 4th St10003+NYBrooklyn Queens Expy+10003'
-73.9566,40.8158,0,3,'NYW 129th St10003|NYW 129th St10003+NYW 129th St+10003|NYW 129th St10003+NYOld Broadway+10003|NYW 129th St10003+NYW 129 St+10003|NYOld Broadway10003|NYOld Broadway10003+NYW 129 St+10003|NYW 129 St10003'
-73.9566,40.6049,0,3,'NYE 16th St10003|NYE 16th St10003+NYMoore Pl+10003|NYMoore Pl10003'
-73.9566,40.6968,103,48,'NYBedford Ave10003+NYPark Ave+10003'
-73.9566,40.5849,0,3,'NYShore Pkwy S10003+NYE 12th St+10003|NYShore Pkwy S10003+NYE 11th St+10003|NYE 12th St10003|NYE 12th St10003+NYShore Pkwy+10003|NYShore Pkwy10003+NYE 11th St+10003|NYE 11th St10003'
-73.9566,40.6441,1,10,'NYCortelyou Rd10003+NYE 22nd St+10003'
-73.9566,40.6372,0,38,'NYE 22nd St10003+NYFoster Ave+10003'
-73.9566,40.6575,9,398,'NYBedford Ave10003+NYHawthorne St+10003'
-73.9566,40.5946,0,30,'NYAvenue W10003|NYAvenue W10003+NYE 14th St+10003'
-73.9565,40.6855,30,536,'NYGates Ave10003+NYFranklin Ave+10003'
-73.9565,40.7782,3487,4218,'NYE 84th St10003+NYLexington Ave+10003'
-73.9565,40.6666,8,58,'NYBedford Ave10003+NYCrown St+10003'
-73.9565,40.5827,0,3,'NYGuider Ave10003|NYGuider Ave10003+NYNeptune Ave+10003'
-73.9565,40.7189,1496,669,'NYBedford Ave10003+NYN 9th St+10003'
-73.9565,40.7630,1024,1381,'NYE 66th St10003|NYE 66th St10003+NYYork Ave+10003|NYYork Ave10003+NYE 66 St+10003|NYE 66 St10003'
-73.9565,40.7671,3303,7350,'NYE 71 St10003+NY1st Ave+10003|NYE 71 St10003+NY1 Ave+10003|NYE 71st St10003+NY1st Ave+10003|NYE 71st St10003+NY1 Ave+10003'
-73.9565,40.7840,879,2113,'NYE 91st St10003+NYMadison Ave+10003|NYMadison Ave10003+NYE 91 St+10003'
-73.9565,40.8182,152,133,'NYW 132nd St10003|NYW 132nd St10003+NYBroadway+10003|NYW 132 St10003|NYW 132 St10003+NYBroadway+10003'
-73.9565,40.7714,7339,9038,'NYE 76th St10003+NY2nd Ave+10003|NYE 76th St10003+NY2 Ave+10003|NYE 76 St10003+NY2nd Ave+10003|NYE 76 St10003+NY2 Ave+10003'
-73.9565,40.6567,13,269,'NYWinthrop St10003+NYBedford Ave+10003'
-73.9565,40.6722,467,3288,'NYSt Francis Pl10003|NYSt Francis Pl10003+NYSt Johns Pl+10003'
-73.9564,40.7107,74,56,'NYBorinquen Pl10003+NYMarcy Ave+10003'
-73.9564,40.7170,2592,661,'NYDriggs Ave10003+NYN 7th St+10003'
-73.9564,40.5849,0,6,'NYShore Pkwy S10003+NYHomecrest Ave+10003|NYShore Pkwy10003+NYHomecrest Ave+10003|NYHomecrest Ave10003'
-73.9564,40.8729,0,2,'NJJenkins Dr10003|NJJenkins Dr10003+NJArthur Ave+10003'
-73.9564,40.6428,0,6,'NYClarendon Rd10003+NYE 22nd St+10003|NYE 22nd St10003'
-73.9564,40.9232,0,2,'NJPark St10003|NJPark St10003+NJForest Rd+10003'
-73.9564,40.7095,35,89,'NYS 4th St10003+NYI 278+10003|NYS 4th St10003+NYBrooklyn Qns Expy+10003'
-73.9564,40.6848,15,226,'NYFranklin Ave10003+NYMonroe St+10003'
-73.9564,40.7134,253,1361,'NYHope St10003+NYHavemeyer St+10003'
-73.9564,40.5889,0,12,'NYMargaret Ct10003|NYMargaret Ct10003+NYE 13th St+10003'
-73.9564,40.7151,114,349,'NYN 5th St10003+NYRoebling St+10003'
-73.9564,40.6312,0,3,'NYE 21st St10003'
-73.9564,40.8642,1,0,'NJ8th St10003|NJ8th St10003+NJHudson Ter+10003'
-73.9564,40.6036,0,3,'NYE 16th St10003|NYE 16th St10003+NYAvenue S+10003'
-73.9564,40.7025,1,23,'NYRutledge St10003+NYLee Ave+10003'
-73.9563,40.8082,18,117,'NYW 120 St10003|NYW 120 St10003+NYMorningside Ave+10003|NYW 120th St10003|NYW 120th St10003+NYMorningside Ave+10003'
-73.9563,40.7054,5,35,'NYMarcy Ave10003+NYHooper St+10003'
-73.9563,40.7756,4167,6414,'NY3rd Ave10003+NYE 81st St+10003|NYE 81st St10003+NY3 Ave+10003'
-73.9563,40.8057,43,717,'NYW 117th St10003+NYManhattan Ave+10003'
-73.9563,40.8031,764,1207,'NYW 114th St10003+NY8th Ave+10003|NYW 114th St10003+NYFrederick Douglass Blvd+10003|NY8th Ave10003+NYW 114 St+10003|NYW 114 St10003+NYFrederick Douglass Blvd+10003'
-73.9563,40.7087,27,457,'NYS 5th St10003+NYRodney St+10003'
-73.9563,40.6550,19,384,'NYBedford Ave10003+NYClarkson Ave+10003'
-73.9563,40.6085,0,30,'NYQuentin Rd10003+NYE 17th St+10003'
-73.9563,40.7234,91,173,'NYN 14th St10003+NYWythe Ave+10003'
-73.9563,40.7079,105,235,'NYBroadway10003+NYS 9th St+10003|NYS 9th St10003'
-73.9563,40.7142,966,434,'NYN 4th St10003|NYN 4th St10003+NYMetropolitan Ave+10003'
-73.9563,40.8134,767,458,'NYMartin Luther King Blvd10003+NYAmsterdam Ave+10003|NYDr Martin Luther King Jr Blvd10003+NYAmsterdam Ave+10003|NYW 125th St10003+NYAmsterdam Ave+10003|NYAmsterdam Ave10003+NYW 125 St+10003'
-73.9563,40.7872,775,1148,'NYE 95th St10003|NYE 95th St10003+NY5th Ave+10003|NY5th Ave10003+NYE 95 St+10003|NYE 95 St10003'
-73.9563,40.5842,0,21,'NYNassau Ct10003'
-73.9563,40.6841,17,309,'NYFranklin Ave10003+NYMadison St+10003'
-73.9563,40.7815,1443,3512,'NYE 88 St10003+NYPark Ave+10003|NYE 88th St10003+NYPark Ave+10003'
-73.9562,40.7102,10,41,'NYI 27810001+NYS 3rd St+10001|NYBrooklyn Queens Expy10001+NYS 3rd St+10001'
-73.9562,40.5880,0,20,'NYSheepshead Bay Rd10003|NYSheepshead Bay Rd10003+NYE 13th St+10003'
-73.9562,40.6404,1,25,'NYE 23rd St10003|NYE 23rd St10003+NYDitmas Ave+10003'
-73.9562,40.6675,8,196,'NYBedford Ave10003+NYCarroll St+10003'
-73.9562,40.7439,498,3069,'NY5th St10003+NY49th Ave+10003'
-73.9562,40.7111,23,155,'NYS 2nd St10003|NYS 2nd St10003+NYMarcy Ave+10003'
-73.9562,40.7104,9,20,'NYI 27810001+NYGrand St Exd+10001|NYI 27810001+NYBorinquen Pl+10001|NYBrooklyn Queens Expy10001+NYGrand St Exd+10001|NYBrooklyn Queens Expy10001+NYBorinquen Pl+10001'
-73.9562,40.6538,10,294,'NYBedford Ave10003+NYLenox Rd+10003'
-73.9562,40.7242,2,12,'NYGem St10003|NYGem St10003+NYN 15th St+10003'
-73.9562,40.8223,12,316,'NYW 137th St10003|NYW 137th St10003+NYW 137 St+10003|NYW 137th St10003+NYRiverside Dr+10003|NYW 137 St10003|NYW 137 St10003+NYRiverside Dr+10003'
-73.9561,40.6179,2,70,'NYE 19th St10003+NYBay Ave+10003'
-73.9561,40.5944,0,3,'NYAve X10003'
-73.9561,40.6297,1,17,'NYE 21st St10003'
-73.9561,40.7637,2282,766,'NYYork Ave10003+NYE 67 St+10003|NYYork Ave10003+NYE 67th St+10003|NYE 67 St10003|NYE 67th St10003'
-73.9561,40.7788,4222,2664,'NYE 85th St10003+NYLexington Ave+10003'
-73.9561,40.7260,39,314,'NYBanker St10003+NYMeserole Ave+10003'
-73.9561,40.8739,0,1,'NJArthur Ave10003+NJCenter St+10003|NJCenter St10003'
-73.9561,40.6991,7,27,'NYSpencer St10003|NYSpencer St10003+NYFlushing Ave+10003'
-73.9561,40.7107,38,25,'NYI 27810001+NYBorinquen Pl+10001|NYBrooklyn Queens Expy10001+NYBorinquen Pl+10001'
-73.9561,40.6893,130,293,'NYLafayette Ave10003+NYSkillman St+10003|NYSkillman St10003'
-73.9561,40.5778,0,16,'NYBrighton 14th St10003'
-73.9560,40.5827,0,5,'NYBrighton 11 St10003|NYBrighton 11 St10003+NYNeptune Ave+10003'
-73.9560,40.7214,708,964,'NYBerry St10003+NYN 12th St+10003'
-73.9560,40.6644,0,11,'NYSullivan Pl10003+NYStoddard Pl+10003|NYStoddard Pl10003'
-73.9560,40.7847,2445,3212,'NYE 92nd St10003+NYMadison Ave+10003|NYE 92 St10003+NYMadison Ave+10003'
-73.9560,40.8188,278,195,'NYW 133 St10003+NYBroadway+10003|NYW 133rd St10003+NYBroadway+10003'
-73.9560,40.7720,9882,5120,'NY2nd Ave10003+NYE 77th St+10003|NY2nd Ave10003+NYE 77 St+10003|NYE 77th St10003+NY2 Ave+10003|NY2 Ave10003+NYE 77 St+10003'
-73.9560,40.6523,8,196,'NYLinden Blvd10003|NYLinden Blvd10003+NYBedford Ave+10003|NYLinden Blvd10003+NYCaton Ave+10003|NYLinden Blvd10003+NYLinden Blvd+10003|NYBedford Ave10003+NYCaton Ave+10003|NYBedford Ave10003+NYLinden Blvd+10003|NYCaton Ave10002|NYCaton Ave10002+NYLinden Blvd+10002|NYLinden Blvd10002'
-73.9560,40.7678,4898,12666,'NY1st Ave10003+NYE 72 St+10003|NY1st Ave10003+NYE 72nd St+10003|NYE 72 St10003+NY1 Ave+10003|NYE 72nd St10003+NY1 Ave+10003'
-73.9560,40.7141,2502,1059,'NYHavemeyer St10003'
-73.9560,40.6391,0,6,'NYNewkirk Ave10003+NYE 23rd St+10003'
-73.9560,40.6826,24,191,'NYJefferson Ave10003+NYFranklin Ave+10003'
-73.9560,40.7101,1,19,'NYI 27810001+NYS 3rd St+10001|NYBrooklyn Qns Expy10001+NYS 3rd St+10001'
-73.9559,40.7195,1078,947,'NYBedford Ave10003+NYN 10th St+10003'
-73.9559,40.6712,17,153,'NYSt Charles Pl10003|NYSt Charles Pl10003+NYLincoln Pl+10003'
-73.9559,40.5824,0,2,'NYBrighton 11 St10003|NYBrighton 11 St10003+NYCass Pl+10003|NYBrighton 11 St10003+NYBrighton 11th St+10003|NYCass Pl10003|NYCass Pl10003+NYBrighton 11th St+10003'
-73.9559,40.6657,1,41,'NYStoddard Pl10003|NYStoddard Pl10003+NYMontgomery St+10003'
-73.9559,40.6514,3,32,'NYBedford Ave10003+NYMartense St+10003'
-73.9559,40.6684,18,187,'NYBedford Ave10003+NYPresident St+10003'
-73.9559,40.6012,2,12,'NYE 16th St10003+NYAve T+10003'
-73.9559,40.6999,0,8,'NYWallabout St10003+NYMiddleton St+10003|NYMiddleton St10003'
-73.9559,40.5825,1,4,'NYBrighton 11th St10003'
-73.9559,40.8088,10,177,'NYW 121st St10003|NYW 121st St10003+NYMorningside Ave+10003'
-73.9559,40.7762,5472,9568,'NYE 82nd St10003+NY3rd Ave+10003|NYE 82nd St10003+NY3 Ave+10003'
-73.9559,40.8063,58,823,'NYW 118 St10003+NYManhattan Ave+10003|NYW 118th St10003+NYManhattan Ave+10003'
-73.9559,40.8037,914,1566,'NYW 115th St10003+NY8th Ave+10003|NYW 115th St10003+NYFrederick Douglass Blvd+10003|NY8th Ave10003+NYW 115 St+10003|NYW 115 St10003+NYFrederick Douglass Blvd+10003'
-73.9558,40.7176,1084,585,'NYDriggs Ave10003+NYN 8th St+10003'
-73.9558,40.6384,0,4,'NYStephens Ct10003|NYStephens Ct10003+NYE 23rd St+10003'
-73.9558,40.6060,1,71,'NYE 17th St10003+NYAve R+10003'
-73.9558,40.8831,0,1,'NJPalisade Ave10003|NJPalisade Ave10003+NJSummit St+10003|NJE Palisade Ave10003+NJSummit St+10003'
-73.9558,40.6819,9,33,'NYHancock St10003'
-73.9558,40.6282,5,127,'NYAve I10003+NYE 21st St+10003'
-73.9558,40.7273,15,221,'NYClifford Pl10003|NYClifford Pl10003+NYCalyer St+10003'
-73.9558,40.7118,30,174,'NYS 1st St10003|NYS 1st St10003+NYMarcy Ave+10003'
-73.9558,40.7821,1717,3824,'NYE 89th St10003+NYPark Ave+10003|NYE 89 St10003+NYPark Ave+10003'
-73.9558,40.9127,0,1,'NJHoward Park Dr10003+NJCypress St+10003|NJCypress St10003'
-73.9558,40.6495,1,4,'NYBedford Ave10003+NYErasmus St+10003|NYErasmus St10003'
-73.9558,40.5777,0,7,'NYBrighton 14th St10003'
-73.9558,40.8171,3,121,'NYW 131 St10003|NYW 131 St10003+NYOld Broadway+10003|NYW 131st St10003|NYW 131st St10003+NYOld Broadway+10003|NYOld Broadway10003'
-73.9558,40.7157,121,378,'NYRoebling St10003+NYN 6th St+10003'
-73.9558,40.7879,1015,2438,'NYE 96 St10003|NYE 96 St10003+NY5th Ave+10003|NYE 96 St10003+NY97th St Transverse+10003|NYE 96th St10003|NYE 96th St10003+NY5th Ave+10003|NYE 96th St10003+NY97th St Transverse+10003|NY97th St Transverse10003'
-73.9558,40.6486,1,4,'NYBedford Ave10003+NYSnyder Ave+10003'
-73.9558,40.8871,0,1,'NJKarens Ln10003'
-73.9558,40.7105,11,41,'NYI 27810001+NYGrand St Exd+10001|NYI 27810001+NYBorinquen Pl+10001|NYBrooklyn Qns Expy10001+NYGrand St Exd+10001|NYBrooklyn Qns Expy10001+NYBorinquen Pl+10001'
-73.9557,40.8229,17,149,'NY12 Ave10003|NY12 Ave10003+NYW 138th St+10003|NY12 Ave10003+NYW 138 St+10003|NYW 138th St10003|NYW 138th St10003+NY12th Ave+10003|NYW 138th St10003+NYRiverside Dr+10003|NY12th Ave10003|NY12th Ave10003+NYW 138 St+10003|NYRiverside Dr10003+NYW 138 St+10003|NYW 138 St10003'
-73.9557,40.6479,0,12,'NYBedford Ave10003+NYAlbemarle Rd+10003'
-73.9557,40.7019,5,27,'NYLee Ave10003+NYHeyward St+10003'
-73.9557,40.6406,2,15,'NYFlatbush Ave10003+NYDitmas Ave+10003|NYDitmas Ave10003'
-73.9557,40.5851,0,8,'NYShore Pkwy10002+NYE 13th St+10002|NYLeif Ericson Dr10002+NYE 13th St+10002|NYBelt Pkwy10002+NYE 13th St+10002'
-73.9557,40.8141,103,115,'NYAmsterdam Ave10003+NYW 126th St+10003|NYAmsterdam Ave10003+NYW 126 St+10003'
-73.9557,40.7049,4,20,'NYMarcy Ave10003+NYHewes St+10003'
-73.9557,40.6447,0,1,'NYE 23rd St10003|NYE 23rd St10003+NYBeverley Rd+10003'
-73.9557,40.7070,5,15,'NYDivision Ave10003+NYKeap St+10003'
-73.9557,40.6376,0,11,'NYE 23rd St10003+NYFoster Ave+10003'
-73.9557,40.6050,0,18,'NYE 17th St10003|NYE 17th St10003+NYMoore Pl+10003|NYMoore Pl10003'
-73.9557,40.7239,26,36,'NYN 15th St10003+NYWythe Ave+10003'
-73.9557,40.7069,1,10,'NYKeap St10003|NYKeap St10003+NYKeap St+10003'
-73.9557,40.6811,123,235,'NYFulton St10003+NYFranklin Ave+10003'
-73.9557,40.5849,0,4,'NYShore Pkwy S10003+NYE 13th St+10003|NYShore Pkwy10003+NYE 13th St+10003'
-73.9557,40.6466,1,8,'NYBedford Ave10003+NYTilden Ave+10003'
-73.9556,40.5949,1,30,'NYAvenue W10003|NYAvenue W10003+NYE 15th St+10003'
-73.9556,40.5878,0,16,'NYSheepshead Bay Rd10003+NYAve Z+10003'
-73.9556,40.7106,18,21,'NYI 27810001+NYBorinquen Pl+10001|NYBrooklyn Qns Expy10001+NYBorinquen Pl+10001'
-73.9556,40.6405,4,7,'NYFlatbush Ave10003+NYAve D+10003|NYAve D10003'
-73.9556,40.6441,0,4,'NYE 23rd St10003+NYCortelyou Rd+10003'
-73.9556,40.6721,24,276,'NYSt Charles Pl10003|NYSt Charles Pl10003+NYSt Johns Pl+10003'
-73.9556,40.7643,2703,1413,'NYYork Ave10003+NYE 68 St+10003|NYYork Ave10003+NYE 68th St+10003'
-73.9556,40.6692,48,307,'NYBedford Ave10003+NYUnion St+10003'
-73.9556,40.7795,13969,6213,'NYE 86 St10003+NYLexington Ave+10003|NYLexington Ave10003+NYE 86th St+10003'
-73.9556,40.5944,0,9,'NYE 15th St10003+NYAve X+10003|NYAve X10003'
-73.9556,40.7853,1194,2285,'NYE 93 St10003+NYMadison Ave+10003|NYMadison Ave10003+NYE 93rd St+10003'
-73.9556,40.7727,7942,7964,'NYE 78th St10003+NY2nd Ave+10003|NYE 78th St10003+NY2 Ave+10003|NYE 78 St10003+NY2nd Ave+10003|NYE 78 St10003+NY2 Ave+10003'
-73.9555,40.7076,256,306,'NYBroadway10003+NYKeap St+10003'
-73.9555,40.7991,50,405,'NYWest Dr10003|NYWest Dr10003+NYCentral Park Acp Blvd Appr+10003|NYWest Dr10003+NYEast Dr+10003|NYWest Dr10003+NYCtrl Park Powell Blvd Appr+10003|NYWest Dr10003+NYCamp Powell Appr+10003|NYCentral Park Acp Blvd Appr10003|NYCentral Park Acp Blvd Appr10003+NYEast Dr+10003|NYCentral Park Acp Blvd Appr10003+NYCtrl Park Powell Blvd Appr+10003|NYCentral Park Acp Blvd Appr10003+NYCamp Powell Appr+10003|NYEast Dr10003|NYEast Dr10003+NYCtrl Park Powell Blvd Appr+10003|NYEast Dr10003+NYCamp Powell Appr+10003|NYCtrl Park Powell Blvd Appr10003|NYCtrl Park Powell Blvd Appr10003+NYCamp Powell Appr+10003|NYCamp Powell Appr10003'
-73.9555,40.7459,422,3655,'NY5th St10003+NY47th Ave+10003|NY5th St10003+NYCenter Blvd+10003|NY47th Ave10003|NY47th Ave10003+NYCenter Blvd+10003|NY47th Ave10003+NY47th Ave+10003|NYCenter Blvd10003|NYCenter Blvd10003+NY47th Ave+10003'
-73.9555,40.7685,5316,7508,'NYE 73rd St10003+NY1st Ave+10003|NYE 73rd St10003+NY1 Ave+10003|NY1st Ave10003+NYE 73 St+10003|NYE 73 St10003+NY1 Ave+10003'
-73.9555,40.7099,25,215,'NYRodney St10003+NYS 3rd St+10003'
-73.9555,40.6428,0,10,'NYE 23rd St10003+NYClarendon Rd+10003'
-73.9555,40.6802,17,87,'NYLefferts Pl10003'
-73.9555,40.7123,56,253,'NYGrand St10003|NYGrand St10003+NYMarcy Ave+10003'
-73.9555,40.6314,0,3,'NYE 22nd St10003'
-73.9555,40.7380,11,121,'NYAsh St10003|NYAsh St10003+NYCommercial St+10003|NYAsh St10003+NYManhattan Ave+10003|NYCommercial St10003'
-73.9555,40.8145,30,54,'NYW 128th St10003|NYW 128th St10003+NYAmsterdam Ave+10003|NYAmsterdam Ave10003+NYW 128 St+10003|NYW 128 St10003'
-73.9555,40.8736,0,1,'NJRose Ave10003'
-73.9555,40.5763,0,5,'NYBoardwalk E10003|NYBoardwalk E10003+NYBrighton 14th St+10003'
-73.9555,40.8194,280,294,'NYW 134th St10003|NYW 134th St10003+NYBroadway+10003|NYW 134 St10003|NYW 134 St10003+NYBroadway+10003'
-73.9554,40.7219,107,243,'NYBerry St10003+NYN 13th St+10003|NYN 13th St10003'
-73.9554,40.6800,13,62,'NYBrevoort Pl10003'
-73.9554,40.8094,35,385,'NYW 122nd St10003|NYW 122nd St10003+NYMorningside Ave+10003|NYW 122 St10003|NYW 122 St10003+NYMorningside Ave+10003'
-73.9554,40.7373,27,196,'NYManhattan Ave10003+NYBox St+10003'
-73.9554,40.7070,27,39,'NYDivision Ave10003+NYKeap St+10003|NYKeap St10003'
-73.9554,40.8070,63,654,'NYW 119th St10003+NYManhattan Ave+10003|NYW 119 St10003+NYManhattan Ave+10003'
-73.9554,40.6421,0,8,'NYE 23rd St10003+NYVanderveer Pl+10003|NYVanderveer Pl10003'
-73.9554,40.7769,2963,6101,'NYE 83rd St10003+NY3rd Ave+10003|NYE 83rd St10003+NY3 Ave+10003'
-73.9554,40.6037,0,84,'NYAvenue S10003+NYE 17th St+10003|NYE 17th St10003'
-73.9554,40.8235,13,187,'NYW 139th St10003|NYW 139th St10003+NYRiverside Dr+10003|NYW 139 St10003|NYW 139 St10003+NYRiverside Dr+10003'
-73.9554,40.8044,2446,2352,'NYW 116 St10003+NY8th Ave+10003|NYW 116 St10003+NYFrederick Douglass Blvd+10003|NY8th Ave10003+NYW 116th St+10003|NYW 116th St10003+NYFrederick Douglass Blvd+10003'
-73.9553,40.7200,1088,752,'NYBedford Ave10003+NYN 11th St+10003'
-73.9553,40.7827,1480,4034,'NYE 90th St10003+NYPark Ave+10003|NYE 90 St10003+NYPark Ave+10003'
-73.9553,40.6086,1,83,'NYQuentin Rd10003+NYE 18th St+10003'
-73.9553,40.7141,756,284,'NYHavemeyer St10003|NYHavemeyer St10003+NYMetropolitan Ave+10003'
-73.9553,40.7366,97,723,'NYManhattan Ave10003+NYClay St+10003'
-73.9553,40.8185,13,212,'NYW 133 St10003+NYOld Broadway+10003|NYOld Broadway10003|NYOld Broadway10003+NYW 133rd St+10003'
-73.9553,40.6792,175,1947,'NYFranklin Ave10003+NYAtlantic Ave+10003'
-73.9553,40.7994,354,835,'NYCentral Park N10003+NY7th Ave+10003|NYCentral Park N10003+NYCentral Park Acp Blvd Appr+10003|NYCentral Park N10003+NYCtrl Park Powell Blvd Appr+10003|NYCentral Park N10003+NYAdam Clayton Powell Jr Blvd+10003|NYCentral Park N10003+NYCamp Powell Appr+10003|NY7th Ave10003|NY7th Ave10003+NYCentral Park Acp Blvd Appr+10003|NY7th Ave10003+NYCathedral Pkwy+10003|NY7th Ave10003+NYW 110th St+10003|NY7th Ave10003+NYCtrl Park Powell Blvd Appr+10003|NY7th Ave10003+NYW 110 St+10003|NY7th Ave10003+NYCamp Powell Appr+10003|NYCentral Park Acp Blvd Appr10003|NYCentral Park Acp Blvd Appr10003+NYCathedral Pkwy+10003|NYCentral Park Acp Blvd Appr10003+NYW 110th St+10003|NYCentral Park Acp Blvd Appr10003+NYCtrl Park Powell Blvd Appr+10003|NYCentral Park Acp Blvd Appr10003+NYAdam Clayton Powell Jr Blvd+10003|NYCentral Park Acp Blvd Appr10003+NYW 110 St+10003|NYCentral Park Acp Blvd Appr10003+NYCamp Powell Appr+10003|NYCathedral Pkwy10003+NYCtrl Park Powell Blvd Appr+10003|NYCathedral Pkwy10003+NYAdam Clayton Powell Jr Blvd+10003|NYCathedral Pkwy10003+NYCamp Powell Appr+10003|NYW 110th St10003+NYCtrl Park Powell Blvd Appr+10003|NYW 110th St10003+NYAdam Clayton Powell Jr Blvd+10003|NYW 110th St10003+NYCamp Powell Appr+10003|NYCtrl Park Powell Blvd Appr10003|NYCtrl Park Powell Blvd Appr10003+NYAdam Clayton Powell Jr Blvd+10003|NYCtrl Park Powell Blvd Appr10003+NYW 110 St+10003|NYCtrl Park Powell Blvd Appr10003+NYCamp Powell Appr+10003|NYAdam Clayton Powell Jr Blvd10003|NYAdam Clayton Powell Jr Blvd10003+NYW 110 St+10003|NYAdam Clayton Powell Jr Blvd10003+NYCamp Powell Appr+10003|NYW 110 St10003+NYCamp Powell Appr+10003|NYCamp Powell Appr10003'
-73.9553,40.7466,226,1676,'NY5th St10003+NY46th Rd+10003|NY46th Rd10003'
-73.9553,40.7397,0,2,'NY54th Ave10003'
-73.9553,40.7886,1430,1318,'NYE 97 St10003|NYE 97 St10003+NY5th Ave+10003|NYE 97 St10003+NY97th St Transverse+10003|NYE 97th St10003|NYE 97th St10003+NY5th Ave+10003|NYE 97th St10003+NY97th St Transverse+10003|NY97th St Transverse10003'
-73.9553,40.6902,848,454,'NYBedford Ave10003+NYKosciuszko St+10003|NYKosciuszko St10003'
-73.9553,40.7181,622,757,'NYDriggs Ave10003+NYN 9th St+10003'
-73.9553,40.6405,3,12,'NYE 23rd St10003|NYE 23rd St10003+NYAve D+10003'
-73.9552,40.5877,0,12,'NYE 14th St10003+NYSheepshead Bay Rd+10003'
-73.9552,40.7263,11,237,'NYClifford Pl10003|NYClifford Pl10003+NYMeserole Ave+10003|NYClifford Pl10003+NYDobbin St+10003|NYMeserole Ave10003+NYDobbin St+10003|NYDobbin St10003'
-73.9552,40.7280,24,314,'NYOak St10003|NYOak St10003+NYGuernsey St+10003|NYGuernsey St10003'
-73.9552,40.5775,0,4,'NYBrighton 15th St10003'
-73.9552,40.8136,29,56,'NYW 127th St10003|NYW 127th St10003+NYW 126th St+10003|NYW 127th St10003+NYW 126 St+10003|NYW 127 St10003|NYW 127 St10003+NYW 126th St+10003|NYW 127 St10003+NYW 126 St+10003'
-73.9552,40.6947,523,1063,'NYMyrtle Ave10003+NYSpencer St+10003'
-73.9552,40.5760,0,4,'NYBrighton 14th St10003'
-73.9552,40.7359,76,669,'NYDupont St10003+NYManhattan Ave+10003'
-73.9552,40.7391,0,4,'NYManhattan Ave10003'
-73.9552,40.7163,246,501,'NYN 7th St10003+NYRoebling St+10003'
-73.9552,40.6992,3,18,'NYWalworth St10003|NYWalworth St10003+NYFlushing Ave+10003'
-73.9552,40.5821,0,7,'NYCass Pl10003+NYCorbin Pl+10003|NYCorbin Pl10003'
-73.9552,40.5829,0,6,'NYE 13th St10003'
-73.9552,40.7649,1567,943,'NYE 69th St10003|NYE 69th St10003+NYYork Ave+10003|NYYork Ave10003+NYE 69 St+10003|NYE 69 St10003'
-73.9551,40.7243,64,167,'NYBanker St10003+NYNorman Ave+10003|NYBanker St10003+NYWythe Ave+10003|NYNorman Ave10003|NYNorman Ave10003+NYWythe Ave+10003|NYWythe Ave10003'
-73.9551,40.7105,16,66,'NYRodney St10003+NYGrand St Exd+10003|NYRodney St10003+NYBorinquen Pl+10003'
-73.9551,40.7083,24,753,'NYS 5th St10003+NYKeap St+10003'
-73.9551,40.7859,775,2621,'NYE 94th St10003+NYMadison Ave+10003|NYE 94 St10003+NYMadison Ave+10003'
-73.9551,40.7802,3201,3052,'NYE 87th St10003+NYLexington Ave+10003|NYE 87 St10003+NYLexington Ave+10003'
-73.9551,40.7014,4,38,'NYLynch St10003+NYLee Ave+10003'
-73.9551,40.6644,2,94,'NYSullivan Pl10003+NYLudlam Pl+10003|NYLudlam Pl10003'
-73.9551,40.7106,28,34,'NYBorinquen Pl10003+NYRodney St+10003'
-73.9551,40.8201,891,1626,'NYW 135th St10003+NYBroadway+10003|NYW 135 St10003+NYBroadway+10003'
-73.9551,40.7043,1,23,'NYMarcy Ave10003+NYPenn St+10003'
-73.9551,40.7352,139,609,'NYEagle St10003+NYManhattan Ave+10003'
-73.9551,40.7129,68,214,'NYHope St10003|NYHope St10003+NYMarcy Ave+10003'
-73.9551,40.7143,163,178,'NYHavemeyer St10003+NYN 5th St+10003'
-73.9551,40.5816,0,12,'NYBrighton 12th St10003|NYBrighton 12th St10003+NYCorbin Pl+10003'
-73.9551,40.7733,9527,10350,'NYE 79th St10003+NY2nd Ave+10003|NYE 79th St10003+NY2 Ave+10003|NY2nd Ave10003+NYE 79 St+10003|NYE 79 St10003+NY2 Ave+10003'
-73.9550,40.7473,182,2159,'NY5th St10003+NY46th Ave+10003|NY46th Ave10003'
-73.9550,40.5792,0,11,'NYBrighton 14th St10003+NYOcean View Ave+10003'
-73.9550,40.7691,4060,8607,'NYE 74 St10003+NY1st Ave+10003|NYE 74 St10003+NY1 Ave+10003|NY1st Ave10003+NYE 74th St+10003|NY1 Ave10003+NYE 74th St+10003'
-73.9550,40.8151,53,116,'NYW 129th St10003+NYAmsterdam Ave+10003|NYW 129 St10003+NYAmsterdam Ave+10003'
-73.9550,40.5763,0,1,'NYBoardwalk E10003|NYBoardwalk E10003+NYBrighton 15th St+10003'
-73.9550,40.7276,12,210,'NYCalyer St10003+NYGuernsey St+10003'
-73.9550,40.6656,4,131,'NYLudlam Pl10003|NYLudlam Pl10003+NYMontgomery St+10003'
-73.9550,40.7344,203,1079,'NYFreeman St10003+NYManhattan Ave+10003'
-73.9550,40.6710,156,615,'NYBedford Ave10003+NYLincoln Pl+10003'
-73.9549,40.7495,14,30,'NY44th Dr10003'
-73.9549,40.8076,31,413,'NYW 120 St10003+NYManhattan Ave+10003|NYW 120th St10003+NYManhattan Ave+10003'
-73.9549,40.6479,0,7,'NYAlbemarle Rd10003+NYOakland Pl+10003|NYOakland Pl10003'
-73.9549,40.7775,2490,8730,'NYE 84th St10003+NY3rd Ave+10003|NYE 84th St10003+NY3 Ave+10003'
-73.9549,40.6013,4,66,'NYAve T10003+NYE 17th St+10003'
-73.9549,40.7414,27,466,'NYJackson Ave10003|NYJackson Ave10003+NYBorden Ave+10003|NYJackson Ave10003+NYQueens Midtown Tunl+10003|NYJackson Ave10003+NYI 495+10003|NYBorden Ave10003+NYQueens Midtown Tunl+10003|NYBorden Ave10003+NYI 495+10003'
-73.9549,40.7640,9064,2140,'NYE 68 St10003|NYE 68th St10003'
-73.9549,40.6283,0,17,'NYE 22nd St10003+NYAve I+10003'
-73.9549,40.7834,1307,2233,'NYE 91st St10003+NYPark Ave+10003|NYE 91 St10003+NYPark Ave+10003'
-73.9549,40.7480,23,68,'NY5th St10003'
-73.9549,40.8051,1098,1560,'NYW 117th St10003+NY8th Ave+10003|NYW 117th St10003+NYFrederick Douglass Blvd+10003'
-73.9549,40.6467,0,6,'NYTilden Ave10003+NYOakland Pl+10003|NYOakland Pl10003'
-73.9549,40.7402,2,4,'NYVernon Blvd10003'
-73.9549,40.8000,268,1533,'NYW 111 St10003+NY7th Ave+10003|NYW 111 St10003+NYAdam Clayton Powell Jr Blvd+10003|NYW 111th St10003+NY7th Ave+10003|NYW 111th St10003+NYAdam Clayton Powell Jr Blvd+10003'
-73.9549,40.5856,1,8,'NYE 14th St10003|NYE 14th St10003+NYShore Pkwy+10003|NYE 14th St10003+NYShore Pkwy N+10003'
-73.9548,40.7337,398,1315,'NYManhattan Ave10003+NYGreen St+10003'
-73.9548,40.8117,79,252,'NYMartin Luther King Blvd10003+NYW 125 St+10003|NYMartin Luther King Blvd10003+NYW 125th St+10003|NYDr Martin Luther King Jr Blvd10003+NYW 125 St+10003|NYDr Martin Luther King Jr Blvd10003+NYW 125th St+10003|NYW 125th St10003|NYW 125th St10003+NYW 125th St+10003|NYW 125th St10003+NYW 125 St+10003|NYW 125 St10003|NYW 125 St10003+NYW 125 St+10003|NYW 125 St10003+NYW 125th St+10003'
-73.9548,40.5774,0,2,'NYGerald H Chambers Sq10003|NYGerald H Chambers Sq10003+NYBrighton 15th St+10003|NYBrighton 15th St10003|NYBrighton 15th St10003+NYBrighton Beach Ave+10003'
-73.9548,40.6380,0,13,'NYFoster Ave10003+NYE 24th St+10003|NYE 24th St10003'
-73.9548,40.8241,6,234,'NYW 140th St10003|NYW 140th St10003+NYRiverside Dr+10003|NYW 140 St10003|NYW 140 St10003+NYRiverside Dr+10003'
-73.9548,40.6880,395,636,'NYBedford Ave10003+NYGreene+10003|NYBedford Ave10003+NYGreene Ave+10003|NYGreene10003|NYGreene10003+NYGreene Ave+10003|NYGreene Ave10003|NYGreene Ave10003+NYGreene Ave+10003'
-73.9548,40.7943,10,12,'NYCentral Park Driveway10003|NYCentral Park Driveway10003+NYEast Dr+10003'
-73.9548,40.6496,0,3,'NYErasmus St10003+NYWoods Pl+10003|NYWoods Pl10003'
-73.9548,40.7578,87,83,'NYMain St10003+NYRd 5+10003|NYWest Rd10003+NYRd 5+10003|NYRd 510003'
-73.9548,40.8934,1,1,'NJN Woodland St10003+NJBooth Ave+10003'
-73.9548,40.7892,1944,330,'NYE 98th St10003|NYE 98th St10003+NY5th Ave+10003|NYE 98 St10003|NYE 98 St10003+NY5th Ave+10003'
-73.9548,40.6487,0,3,'NYWoods Pl10003|NYWoods Pl10003+NYSnyder Ave+10003'
-73.9548,40.6506,1,28,'NYChurch Ave10003+NYWoods Pl+10003|NYChurch Ave10003+NYJohnson Pl+10003|NYWoods Pl10003|NYWoods Pl10003+NYJohnson Pl+10003|NYJohnson Pl10003'
-73.9548,40.9599,0,1,'NJBogert Rd10003'
-73.9548,40.7225,269,609,'NYN 14th St10003|NYN 14th St10003+NYBerry St+10003|NYN 14th St10003+NYNassau Ave+10003|NYBerry St10003|NYBerry St10003+NYNassau Ave+10003|NYNassau Ave10003'
-73.9548,40.6396,5,16,'NYNewkirk Ave10003+NYFlatbush Ave+10003'
-73.9548,40.7206,702,776,'NYBedford Ave10003+NYN 12th St+10003'
-73.9547,40.7106,123,118,'NYS 2nd St10003|NYS 2nd St10003+NYBorinquen Pl+10003|NYS 2nd St10003+NYGrand St Exd+10003|NYBorinquen Pl10003|NYBorinquen Pl10003+NYGrand St Exd+10003|NYBorinquen Pl10003+NYBorinquen Pl+10003'
-73.9547,40.6448,0,21,'NYBedford Ave10003+NYBeverley Rd+10003'
-73.9547,40.6169,0,94,'NYOcean Ave10003+NYBay Ave+10003|NYBay Ave10003'
-73.9547,40.7330,282,1656,'NYManhattan Ave10003+NYHuron St+10003'
-73.9547,40.5806,0,9,'NYCorbin Pl10003+NYBrighton 13th St+10003|NYBrighton 13th St10003'
-73.9547,40.8843,0,1,'NJKim Hunter Rd10003|NJKim Hunter Rd10003+NJSummit St+10003'
-73.9547,40.7406,2,1,'NY53rd Ave10003|NY53rd Ave10003+NYVernon Blvd+10003'
-73.9547,40.7655,3902,4599,'NYYork Ave10003+NYE 70 St+10003|NYYork Ave10003+NYE 70th St+10003'
-73.9547,40.6872,248,266,'NYBedford Ave10003+NYLexington Ave+10003'
-73.9547,40.5847,0,4,'NYE 14th St10003|NYE 14th St10003+NYShore Pkwy S+10003|NYE 14th St10003+NYShore Pkwy+10003'
-73.9547,40.7141,322,194,'NYN 5th St10003'
-73.9547,40.7866,489,2347,'NYE 95th St10003+NYMadison Ave+10003|NYMadison Ave10003+NYE 95 St+10003'
-73.9547,40.7187,537,466,'NYDriggs Ave10003+NYN 10th St+10003'
-73.9546,40.7113,17,93,'NYS 1st St10003|NYS 1st St10003+NYRodney St+10003'
-73.9546,40.7808,1710,2835,'NYE 88 St10003+NYLexington Ave+10003|NYE 88th St10003+NYLexington Ave+10003'
-73.9546,40.6820,5,38,'NYSpencer Pl10003|NYSpencer Pl10003+NYHancock St+10003'
-73.9546,40.5944,0,15,'NYE 16th St10003+NYAvenue W+10003|NYAvenue W10003'
-73.9546,40.6319,0,6,'NYE 23rd St10003+NYCampus Rd+10003|NYCampus Rd10003'
-73.9546,40.7287,90,632,'NYNoble St10003+NYLorimer St+10003|NYLorimer St10003'
-73.9546,40.7323,612,1056,'NYIndia St10003+NYManhattan Ave+10003'
-73.9546,40.7168,202,757,'NYN 8th St10003+NYRoebling St+10003'
-73.9546,40.8208,602,632,'NYW 136th St10003+NYHamilton Pl+10003|NYW 136th St10003+NYBroadway+10003|NYHamilton Pl10003|NYHamilton Pl10003+NYW 136 St+10003|NYHamilton Pl10003+NYBroadway+10003|NYW 136 St10003+NYBroadway+10003'
-73.9546,40.7413,9,74,'NYVernon Blvd10003+NYBorden Ave+10003|NYBorden Ave10003|NYBorden Ave10003+NYBorden Ave+10003'
-73.9546,40.7698,4294,7118,'NYE 75 St10003+NY1st Ave+10003|NYE 75 St10003+NY1 Ave+10003|NY1st Ave10003+NYE 75th St+10003|NYE 75th St10003+NY1 Ave+10003'
-73.9546,40.6316,0,2,'NYE 23rd St10003'
-73.9546,40.7740,5641,4382,'NYE 80 St10003+NY2nd Ave+10003|NYE 80 St10003+NY2 Ave+10003|NY2nd Ave10003+NYE 80th St+10003|NYE 80th St10003+NY2 Ave+10003'
-73.9545,40.8157,108,168,'NYW 130th St10003|NYW 130th St10003+NYAmsterdam Ave+10003|NYAmsterdam Ave10003+NYW 130 St+10003|NYW 130 St10003'
-73.9545,40.7070,108,250,'NYDivision Ave10003+NYHarrison Ave+10003|NYHarrison Ave10003'
-73.9545,40.7415,26,44,'NYVernon Blvd10003+NYQueens Midtown Tunl+10003|NYVernon Blvd10003+NYI 495+10003'
-73.9545,40.6865,344,380,'NYBedford Ave10003+NYQuincy St+10003'
-73.9545,40.6429,1,37,'NYBedford Ave10003+NYClarendon Rd+10003'
-73.9545,40.8107,20,121,'NYW 124th St10003|NYW 124th St10003+NYMorningside Ave+10003'
-73.9545,40.7416,30,48,'NYJackson Ave10003|NYJackson Ave10003+NYState Hwy 25 Alt+10003|NYJackson Ave10003+NYVernon Blvd+10003|NYJackson Ave10003+NYJackson Ave+10003|NYState Hwy 25 Alt10002|NYState Hwy 25 Alt10002+NYVernon Blvd+10002|NYVernon Blvd10003+NYJackson Ave+10003|NYJackson Ave10002'
-73.9545,40.7316,224,1058,'NYJava St10003+NYManhattan Ave+10003'
-73.9545,40.8082,22,361,'NYW 121st St10003+NYManhattan Ave+10003'
-73.9545,40.7781,3610,8073,'NY3rd Ave10003+NYE 85th St+10003|NYE 85th St10003+NY3 Ave+10003'
-73.9545,40.6910,208,779,'NYSpencer Ct10003|NYSpencer Ct10003+NYSpencer St+10003|NYSpencer Ct10003+NYDekalb Ave+10003|NYSpencer St10003|NYSpencer St10003+NYDekalb Ave+10003'
-73.9545,40.7008,2,28,'NYLee Ave10003+NYMiddleton St+10003'
-73.9545,40.7149,13,134,'NYHavemeyer St10003+NYN 6th St+10003'
-73.9544,40.7490,7,7,'NY5th St10003'
-73.9544,40.7037,1,6,'NYRutledge St10003+NYMarcy Ave+10003'
-73.9544,40.5796,0,5,'NYBrighton 14th St10003|NYBrighton 14th St10003+NYCorbin Pl+10003'
-73.9544,40.7067,8,30,'NYHarrison Ave10003+NYHooper St+10003'
-73.9544,40.7840,1970,3954,'NYE 92nd St10003+NYPark Ave+10003|NYE 92 St10003+NYPark Ave+10003'
-73.9544,40.8057,660,1039,'NY8th Ave10003+NYW 118 St+10003|NY8th Ave10003+NYW 118th St+10003|NYW 118 St10003+NYFrederick Douglass Blvd+10003|NYW 118th St10003+NYFrederick Douglass Blvd+10003'
-73.9544,40.6809,15,64,'NYFulton St10003+NYSpencer Pl+10003|NYSpencer Pl10003'
-73.9544,40.8007,220,1245,'NYW 112 St10003+NY7th Ave+10003|NYW 112 St10003+NYAdam Clayton Powell Jr Blvd+10003|NY7th Ave10003+NYW 112th St+10003|NYAdam Clayton Powell Jr Blvd10003+NYW 112th St+10003'
-73.9544,40.7265,8,332,'NYMeserole Ave10003+NYGuernsey St+10003'
-73.9544,40.6087,0,55,'NYQuentin Rd10003+NYE 19th St+10003'
-73.9544,40.6357,0,25,'NYFarragut Rd10003+NYE 24th St+10003'
-73.9544,40.7309,1223,1702,'NYKent St10003+NYManhattan Ave+10003'
-73.9544,40.6801,4,56,'NYBrevoort Pl10003+NYBedford Pl+10003|NYBedford Pl10003'
-73.9544,40.5831,2,3,'NYE 14th St10003'
-73.9544,40.7494,11,18,'NY5th St10003|NY5th St10003+NY44th Dr+10003'
-73.9544,40.7420,60,122,'NYVernon Blvd10003+NY51st Ave+10003'
-73.9543,40.8247,10,265,'NYW 141 St10003|NYW 141 St10003+NYRiverside Dr+10003|NYW 141st St10003|NYW 141st St10003+NYRiverside Dr+10003'
-73.9543,40.5880,1,5,'NYE 15th St10003+NYAve Z+10003'
-73.9543,40.7141,212,128,'NYMarcy Ave10003'
-73.9543,40.6903,29,376,'NYSpencer Ct10003|NYSpencer Ct10003+NYKosciuszko St+10003'
-73.9543,40.7095,25,280,'NYS 3rd St10003+NYKeap St+10003'
-73.9543,40.6948,17,99,'NYWalworth St10003+NYMyrtle Ave+10003'
-73.9543,40.7118,16,134,'NYGrand St10003|NYGrand St10003+NYRodney St+10003'
-73.9543,40.6993,2,22,'NYWarsoff Pl10003|NYWarsoff Pl10003+NYFlushing Ave+10003'
-73.9543,40.8110,28,69,'NYW 125 St10003|NYW 125 St10003+NYMorningside Ave+10003|NYW 125 St10003+NYW 125th St+10003|NYW 125 St10003+NYHancock Pl+10003|NYMorningside Ave10003+NYW 125th St+10003|NYMorningside Ave10003+NYHancock Pl+10003|NYW 125th St10003|NYW 125th St10003+NYHancock Pl+10003|NYHancock Pl10003'
-73.9543,40.5757,0,4,'NYBrightwater Ave10003'
-73.9543,40.6406,0,34,'NYBedford Ave10003+NYAve D+10003'
-73.9543,40.6391,1,6,'NYStephens Ct10003+NYFlatbush Ave+10003'
-73.9543,40.7246,17,156,'NYNorman Ave10003+NYDobbin St+10003'
-73.9542,40.7413,26,163,'NYVernon Blvd10003|NYVernon Blvd10003+NYBorden Ave+10003'
-73.9542,40.7662,2469,2147,'NYE 71 St10003+NYYork Ave+10003|NYYork Ave10003+NYE 71st St+10003'
-73.9542,40.6850,163,494,'NYBedford Ave10003+NYMonroe St+10003'
-73.9542,40.5753,0,5,'NYBoardwalk10003|NYBoardwalk E10003'
-73.9542,40.7415,140,208,'NYVernon Blvd10003+NYQueens Midtown Tunl+10003|NYVernon Blvd10003+NYI 495+10003'
-73.9542,40.5874,0,2,'NYE 15th St10003|NYE 15th St10003+NYSheepshead Bay Rd+10003'
-73.9542,40.7416,22,96,'NYVernon Blvd10003+NYJackson Ave+10003'
-73.9542,40.6479,1,13,'NYAlbemarle Rd10003+NYLott St+10003|NYLott St10003'
-73.9542,40.5784,0,7,'NYBrighton 15th St10003|NYBrighton 15th St10003+NYCorbin Pl+10003'
-73.9542,40.7226,44,45,'NYBanker St10003|NYBanker St10003+NYNassau Ave+10003'
-73.9542,40.6396,0,14,'NYBedford Ave10003+NYNewkirk Ave+10003'
-73.9542,40.7814,2077,2173,'NYE 89th St10003+NYLexington Ave+10003|NYE 89 St10003+NYLexington Ave+10003'
-73.9542,40.6496,0,5,'NYLott St10003|NYLott St10003+NYErasmus St+10003'
-73.9542,40.7872,2463,5410,'NYE 96 St10003+NYMadison Ave+10003|NYMadison Ave10003+NYE 96th St+10003'
-73.9541,40.6790,30,140,'NYBedford Pl10003'
-73.9541,40.5831,0,1,'NYEmmons Ave10003'
-73.9541,40.8214,786,874,'NYW 137th St10003|NYW 137th St10003+NYW 137 St+10003|NYW 137th St10003+NYBroadway+10003|NYW 137 St10003|NYW 137 St10003+NYBroadway+10003'
-73.9541,40.7278,23,112,'NYCalyer St10003+NYLorimer St+10003'
-73.9541,40.7069,46,92,'NYDivision Ave10003|NYDivision Ave10003+NYHooper St+10003|NYHooper St10003|NYHooper St10003+NYHooper St+10003'
-73.9541,40.6392,3,2,'NYBedford Ave10003+NYStephens Ct+10003|NYStephens Ct10003'
-73.9541,40.7420,40,280,'NYVernon Blvd10003+NY51st Ave+10003'
-73.9541,40.7704,3934,8541,'NYE 76th St10003+NY1st Ave+10003|NYE 76th St10003+NY1 Ave+10003|NYE 76 St10003+NY1st Ave+10003|NYE 76 St10003+NY1 Ave+10003'
-73.9541,40.7427,365,222,'NYVernon Blvd10003+NY50th Ave+10003'
-73.9541,40.6843,84,179,'NYBedford Ave10003+NYMadison St+10003'
-73.9541,40.7747,8777,3739,'NY2nd Ave10003+NYE 81st St+10003|NYE 81st St10003+NY2 Ave+10003'
-73.9541,40.8164,132,229,'NYAmsterdam Ave10003+NYW 131 St+10003|NYAmsterdam Ave10003+NYW 131st St+10003|NYW 131 St10003|NYW 131 St10003+NYW 131st St+10003|NYW 131st St10003'
-73.9541,40.5828,0,19,'NYShore Blvd10003|NYShore Blvd10003+NYNeptune Ave+10003|NYNeptune Ave10003'
-73.9541,40.6487,0,3,'NYLott St10003|NYLott St10003+NYSnyder Ave+10003'
-73.9541,40.7192,534,577,'NYDriggs Ave10003+NYN 11th St+10003'
-73.9541,40.5774,0,10,'NYBrighton Beach Ave10003|NYBrighton Beach Ave10003+NYCorbin Pl+10003|NYCorbin Pl10003'
-73.9541,40.9334,1,0,'NJCrest Dr S10003|NJCrest Dr S10003+NJCrest Dr E+10003|NJCrest Dr E10003'
-73.9540,40.6389,2,1,'NYFlatbush Ave10003|NYFlatbush Ave10003+NYBedford Ave+10003|NYFlatbush Ave10003+NYFlatbush Ave+10003|NYBedford Ave10003|NYBedford Ave10003+NYFlatbush Ave+10003'
-73.9540,40.8088,28,287,'NYW 122nd St10003+NYManhattan Ave+10003|NYW 122 St10003+NYManhattan Ave+10003'
-73.9540,40.7071,151,207,'NYBroadway10003+NYHooper St+10003'
-73.9540,40.8114,214,289,'NYMartin Luther King Blvd10003+NYMorningside Ave+10003|NYDr Martin Luther King Jr Blvd10003+NYMorningside Ave+10003|NYW 125th St10003+NYMorningside Ave+10003|NYMorningside Ave10003+NYW 125 St+10003'
-73.9540,40.5813,0,14,'NYOcean Ct10003'
-73.9540,40.7174,79,290,'NYN 9th St10003+NYRoebling St+10003'
-73.9540,40.5911,0,13,'NYE 16th St10003+NYEmmers Ln+10003|NYEmmers Ln10003'
-73.9540,40.7788,9897,11610,'NY3rd Ave10003+NYE 86 St+10003|NY3rd Ave10003+NYE 86th St+10003|NY3 Ave10003+NYE 86 St+10003|NY3 Ave10003+NYE 86th St+10003'
-73.9540,40.5857,0,2,'NYVoorhies Ave10003|NYVoorhies Ave10003+NYShore Pkwy+10003|NYVoorhies Ave10003+NYShore Pkwy N+10003'
-73.9540,40.7846,1464,3540,'NYE 93 St10003+NYPark Ave+10003|NYPark Ave10003+NYE 93rd St+10003'
-73.9540,40.6284,0,25,'NYAve I10003+NYE 23rd St+10003'
-73.9540,40.6442,0,2,'NYCortelyou Rd10003+NYLott St+10003|NYLott St10003'
-73.9540,40.7295,1218,636,'NYManhattan Ave10003+NYMilton St+10003|NYMilton St10003'
-73.9540,40.8064,834,927,'NYW 119th St10003+NY8th Ave+10003|NYW 119th St10003+NYFrederick Douglass Blvd+10003|NYW 119 St10003+NY8th Ave+10003|NYW 119 St10003+NYFrederick Douglass Blvd+10003'
-73.9540,40.6836,110,191,'NYBedford Ave10003+NYPutnam Ave+10003'
-73.9539,40.6385,2,8,'NYFlatbush Ave10003|NYFlatbush Ave10003+NYFoster Ave+10003|NYFlatbush Ave10003+NYBedford Ave+10003|NYFoster Ave10003+NYBedford Ave+10003|NYBedford Ave10003'
-73.9539,40.8013,151,718,'NYW 113 St10003+NY7th Ave+10003|NYW 113 St10003+NYAdam Clayton Powell Jr Blvd+10003|NY7th Ave10003+NYW 113th St+10003|NYAdam Clayton Powell Jr Blvd10003+NYW 113th St+10003'
-73.9539,40.6333,1,13,'NYGlenwood Rd10003+NYE 24th St+10003'
-73.9539,40.9648,0,1,'NJ4th St10003'
-73.9539,40.5768,0,4,'NYCorbin Pl10003|NYCorbin Pl10003+NYOriental Blvd+10003|NYOriental Blvd10003'
-73.9539,40.7427,178,268,'NYVernon Blvd10003|NYVernon Blvd10003+NY50th Ave+10003'
-73.9539,40.7905,2571,268,'NY5th Ave10003+NYGustave L Levy Pl+10003|NYGustave L Levy Pl10003'
-73.9539,40.7125,17,133,'NYRodney St10003+NYHope St+10003|NYHope St10003'
-73.9539,40.7434,358,390,'NYVernon Blvd10003+NY49th Ave+10003'
-73.9539,40.7154,23,276,'NYHavemeyer St10003+NYN 7th St+10003'
-73.9539,40.6301,0,1,'NYE 23rd St10003|NYE 23rd St10003+NYCampus Rd+10003|NYCampus Rd10003'
-73.9539,40.5848,0,4,'NYShore Pkwy S10003+NYE 15th St+10003|NYShore Pkwy10003+NYE 15th St+10003|NYE 15th St10003'
-73.9539,40.7002,10,73,'NYWallabout St10003+NYLee Ave+10003|NYWallabout St10003+NYLorimer St+10003|NYLee Ave10003+NYLorimer St+10003|NYLorimer St10003'
-73.9539,40.7103,37,161,'NYS 2nd St10003+NYKeap St+10003'
-73.9539,40.6971,6,157,'NYPark Ave10003+NYWarsoff Pl+10003|NYPark Ave10003+NYSandford St+10003|NYWarsoff Pl10003|NYWarsoff Pl10003+NYSandford St+10003|NYSandford St10003'
-73.9538,40.5817,1,11,'NYW End Ave10003|NYW End Ave10003+NYShore Blvd+10003|NYW End Ave10003+NYCass Pl+10003|NYShore Blvd10003+NYCass Pl+10003|NYCass Pl10003'
-73.9538,40.7228,41,41,'NYN 15th St10003|NYN 15th St10003+NYNassau Ave+10003'
-73.9538,40.7032,0,12,'NYMarcy Ave10003+NYHeyward St+10003'
-73.9538,40.6828,78,234,'NYBedford Ave10003+NYJefferson Ave+10003'
-73.9538,40.7061,0,38,'NYHarrison Ave10003+NYHewes St+10003'
-73.9538,40.6645,28,257,'NYSullivan Pl10003+NYRogers Ave+10003'
-73.9538,40.7070,179,170,'NYBroadway10003+NYHooper St+10003|NYHooper St10003'
-73.9538,40.7134,9,13,'NYBrooklyn Queens Expy10001|NYBrooklyn Queens Expy10001+NYBrooklyn Qns Expy+10001|NYBrooklyn Qns Expy10001'
-73.9537,40.7669,5026,8298,'NYYork Ave10003+NYE 72 St+10003|NYYork Ave10003+NYE 72nd St+10003'
-73.9537,40.8104,3,42,'NYW 124th St10003+NYHancock Pl+10003|NYHancock Pl10003'
-73.9537,40.6386,4,4,'NYFlatbush Ave10003+NYFoster Ave+10003|NYFoster Ave10003'
-73.9537,40.5814,0,2,'NYW End Ave10003+NYOcean Ct+10003|NYOcean Ct10003'
-73.9537,40.7419,151,501,'NYState Hwy 2510002|NYState Hwy 2510002+NYState Hwy 25 Alt+10002|NYState Hwy 2510002+NY51st Ave+10002|NYState Hwy 2510002+NYJackson Ave+10002|NYState Hwy 25 Alt10002|NYState Hwy 25 Alt10002+NY51st Ave+10002|NY51st Ave10003+NYJackson Ave+10003'
-73.9537,40.7821,2243,3297,'NYE 90th St10003+NYLexington Ave+10003|NYE 90 St10003+NYLexington Ave+10003'
-73.9537,40.8253,5,312,'NYW 142nd St10003|NYW 142nd St10003+NYRiverside Dr+10003|NYW 142 St10003|NYW 142 St10003+NYRiverside Dr+10003'
-73.9537,40.6442,0,9,'NYCortelyou Rd10003+NYE 25th St+10003|NYE 25th St10003'
-73.9537,40.8220,394,511,'NYW 138th St10003+NYBroadway+10003|NYBroadway10003+NYW 138 St+10003'
-73.9537,40.7879,1136,3241,'NYE 97 St10003+NYMadison Ave+10003|NYE 97th St10003+NYMadison Ave+10003'
-73.9537,40.6821,70,198,'NYBedford Ave10003+NYHancock St+10003'
-73.9537,40.5945,0,15,'NYE 17th St10003+NYAvenue W+10003'
-73.9537,40.7288,186,367,'NYManhattan Ave10003+NYNoble St+10003|NYNoble St10003'
-73.9536,40.7573,29,398,'NYMain St10003|NYMain St10003+NYRd 5+10003'
-73.9536,40.7710,3640,5857,'NY1st Ave10003+NYE 77th St+10003|NY1st Ave10003+NYE 77 St+10003|NYE 77th St10003+NY1 Ave+10003|NY1 Ave10003+NYE 77 St+10003'
-73.9536,40.7441,855,835,'NYVernon Blvd10003+NY48th Ave+10003'
-73.9536,40.7753,9411,9406,'NYE 82nd St10003+NY2nd Ave+10003|NYE 82nd St10003+NY2 Ave+10003'
-73.9536,40.7077,38,672,'NYS 5th St10003+NYHooper St+10003'
-73.9536,40.6384,2,8,'NYFlatbush Ave10003+NYFoster Ave+10003|NYFoster Ave10003'
-73.9536,40.7141,227,160,'NYMeeker Ave10003'
-73.9536,40.7107,296,243,'NYKeap St10003+NYGrand St Exd+10003|NYKeap St10003+NYBorinquen Pl+10003'
-73.9536,40.8095,33,157,'NYW 123rd St10003+NYManhattan Ave+10003|NYW 123 St10003+NYManhattan Ave+10003'
-73.9536,40.6911,17,269,'NYWalworth St10003|NYWalworth St10003+NYDekalb Ave+10003'
-73.9536,40.5768,0,22,'NYGerald H Chambers Sq10003'
-73.9536,40.6429,1,23,'NYClarendon Rd10003+NYE 25th St+10003'
-73.9535,40.7268,13,297,'NYLorimer St10003+NYMeserole Ave+10003'
-73.9535,40.8121,21,141,'NYW 126th St10003+NYMorningside Ave+10003|NYMorningside Ave10003+NYW 126 St+10003'
-73.9535,40.7565,61,78,'NYQueensboro Brg10002+NYEast Rd+10002|NYQueensboro Brg10002+NYMain St+10002|NYEast Rd10003+NYEd Koch Brg+10003|NYEast Rd10003+NY59th Street Brg+10003|NYEast Rd10003+NYState Rte 25+10003|NYEd Koch Brg10002+NYMain St+10002|NY59th Street Brg10002+NYMain St+10002|NYMain St10003+NYState Rte 25+10003'
-73.9535,40.6814,113,174,'NYHalsey St10003'
-73.9535,40.7852,1304,3072,'NYE 94th St10003+NYPark Ave+10003|NYE 94 St10003+NYPark Ave+10003'
-73.9535,40.8070,476,808,'NYW 120 St10003+NY8th Ave+10003|NYW 120 St10003+NYFrederick Douglass Blvd+10003|NY8th Ave10003+NYW 120th St+10003|NYW 120th St10003+NYFrederick Douglass Blvd+10003'
-73.9535,40.7131,4,147,'NYRodney St10003+NYAinslie St+10003|NYAinslie St10003'
-73.9535,40.7795,3546,7762,'NYE 87th St10003+NY3rd Ave+10003|NYE 87th St10003+NY3 Ave+10003|NYE 87 St10003+NY3rd Ave+10003|NYE 87 St10003+NY3 Ave+10003'
-73.9535,40.6159,0,46,'NYE 21st St10003+NYBay Ave+10003|NYBay Ave10003'
-73.9535,40.8019,75,321,'NYW 114th St10003+NY7th Ave+10003|NYW 114th St10003+NYAdam Clayton Powell Jr Blvd+10003|NY7th Ave10003+NYW 114 St+10003|NYAdam Clayton Powell Jr Blvd10003+NYW 114 St+10003'
-73.9535,40.7198,201,230,'NYDriggs Ave10003+NYN 12th St+10003'
-73.9535,40.7303,363,1180,'NYLeonard St10003|NYLeonard St10003+NYGreenpoint Ave+10003'
-73.9535,40.7109,41,72,'NYS 1st St10003+NYKeap St+10003'
-73.9534,40.7249,38,555,'NYNorman Ave10003+NYGuernsey St+10003'
-73.9534,40.7911,1518,509,'NYE 101st St10003|NYE 101st St10003+NYE 101 St+10003|NYE 101st St10003+NY5th Ave+10003|NYE 101 St10003|NYE 101 St10003+NY5th Ave+10003'
-73.9534,40.6358,4,21,'NYFarragut Rd10003+NYBedford Ave+10003'
-73.9534,40.5881,0,7,'NYE 16th St10003+NYAve Z+10003'
-73.9534,40.6949,17,111,'NYMyrtle Ave10003+NYSandford St+10003'
-73.9534,40.7142,37,41,'NYMeeker Ave10003+NYN 6th St+10003|NYN 6th St10003'
-73.9534,40.7448,493,394,'NYVernon Blvd10003+NY47th Rd+10003'
-73.9534,40.5745,0,5,'NYCorbin Pl10003|NYCorbin Pl10003+NYEsplanade+10003'
-73.9534,40.7179,41,417,'NYRoebling St10003+NYN 10th St+10003'
-73.9534,40.8276,11,26,'NYHenry Hudson Pkwy10002+NYW 145th St+10002|NYHenry Hudson Pkwy10002+NYW 145 St+10002|NYW 145th St10003|NYW 145th St10003+NYState Rte 9a+10003|NYW 145 St10003|NYW 145 St10003+NYState Rte 9a+10003'
-73.9534,40.6994,18,202,'NYLee Ave10003|NYLee Ave10003+NYNostrand Ave+10003|NYLee Ave10003+NYFlushing Ave+10003|NYNostrand Ave10003|NYNostrand Ave10003+NYFlushing Ave+10003'
-73.9534,40.8957,0,1,'NJN Woodland St10003|NJN Woodland St10003+NJJohnson Ave+10003'
-73.9533,40.5793,0,9,'NYW End Ave10003+NYOcean View Ave+10003|NYW End Ave10003+NYHampton Ave+10003|NYOcean View Ave10003|NYOcean View Ave10003+NYHampton Ave+10003|NYHampton Ave10003'
-73.9533,40.7229,53,144,'NYNassau Ave10003+NYDobbin St+10003|NYDobbin St10003'
-73.9533,40.6300,1,4,'NYE 24th St10003'
-73.9533,40.8957,0,1,'NJN Woodland St10003|NJN Woodland St10003+NJJohnson Ave+10003'
-73.9533,40.6802,73,95,'NYBedford Ave10003+NYBrevoort Pl+10003|NYBrevoort Pl10003'
-73.9533,40.7141,90,92,'NYI 27810001+NYMetropolitan Ave+10001|NYBrooklyn Queens Expy10001+NYMetropolitan Ave+10001'
-73.9533,40.7281,415,485,'NYCalyer St10003+NYManhattan Ave+10003'
-73.9533,40.7160,36,247,'NYHavemeyer St10003+NYN 8th St+10003'
-73.9533,40.7827,2407,1681,'NYE 91st St10003+NYLexington Ave+10003|NYE 91 St10003+NYLexington Ave+10003'
-73.9533,40.5872,1,2,'NYE 16th St10003|NYE 16th St10003+NYSheepshead Bay Rd+10003'
-73.9532,40.7675,3166,4705,'NYE 73rd St10003+NYYork Ave+10003|NYYork Ave10003+NYE 73 St+10003'
-73.9532,40.7902,94,54,'NYGustave L Levy Pl10003'
-73.9532,40.7382,1,8,'NYMcGuinness Blvd10003|NYMcGuinness Blvd10003+NYAsh St+10003'
-73.9532,40.8226,445,667,'NYW 139th St10003+NYBroadway+10003|NYW 139 St10003+NYBroadway+10003'
-73.9532,40.7885,867,2073,'NYE 98th St10003+NYMadison Ave+10003|NYE 98 St10003+NYMadison Ave+10003'
-73.9532,40.6798,75,91,'NYHerkimer St10003'
-73.9532,40.6397,1,10,'NYNewkirk Ave10003+NYE 25th St+10003'
-73.9532,40.7375,17,445,'NYMcGuinness Blvd10003+NYBox St+10003'
-73.9532,40.6088,1,105,'NYQuentin Rd10003+NYOcean Ave+10003'
-73.9532,40.8176,176,551,'NYW 133 St10003+NYAmsterdam Ave+10003|NYW 133rd St10003+NYAmsterdam Ave+10003'
-73.9532,40.7717,3182,6740,'NYE 78th St10003+NY1st Ave+10003|NYE 78th St10003+NY1 Ave+10003|NYE 78 St10003+NY1st Ave+10003|NYE 78 St10003+NY1 Ave+10003'
-73.9532,40.7026,4,36,'NYLynch St10003+NYMarcy Ave+10003'
-73.9532,40.8847,0,1,'NJRaymond St10003|NJRaymond St10003+NJLoretta Ct+10003'
-73.9532,40.7455,295,524,'NY47th Ave10003+NYVernon Blvd+10003'
-73.9532,40.7759,5808,4866,'NYE 83rd St10003+NY2nd Ave+10003|NYE 83rd St10003+NY2 Ave+10003'
-73.9532,40.7055,2,16,'NYHarrison Ave10003+NYPenn St+10003'
-73.9531,40.7108,186,341,'NYS 1st St10003+NYGrand St Exd+10003|NYS 1st St10003+NYBorinquen Pl+10003'
-73.9531,40.8127,47,248,'NYW 127th St10003+NYMorningside Ave+10003|NYW 127th St10003+NYConvent Ave+10003|NYW 127 St10003+NYMorningside Ave+10003|NYW 127 St10003+NYConvent Ave+10003|NYMorningside Ave10003|NYMorningside Ave10003+NYConvent Ave+10003|NYConvent Ave10003'
-73.9531,40.7114,24,273,'NYGrand St10003+NYKeap St+10003'
-73.9531,40.8135,12,231,'NYW 128th St10003+NYConvent Ave+10003|NYW 128 St10003+NYConvent Ave+10003'
-73.9531,40.5780,0,11,'NYW End Ave10003+NYNeptune Ct+10003|NYNeptune Ct10003'
-73.9531,40.6933,8,127,'NYSandford St10003+NYWilloughby Ave+10003'
-73.9531,40.5915,0,37,'NYE 17th St10003+NYEmmers Ln+10003|NYEmmers Ln10003'
-73.9531,40.8101,121,197,'NYW 124th St10003+NYManhattan Ave+10003|NYManhattan Ave10003'
-73.9531,40.8143,10,433,'NYW 129th St10003+NYConvent Ave+10003|NYW 129 St10003+NYConvent Ave+10003'
-73.9531,40.6384,1,10,'NYFoster Ave10003+NYE 25th St+10003|NYE 25th St10003'
-73.9531,40.7377,5,19,'NYPaidge Ave10003'
-73.9530,40.6136,2,110,'NYAve O10003+NYE 21st St+10003'
-73.9530,40.7859,1107,2588,'NYE 95th St10003+NYPark Ave+10003|NYE 95 St10003+NYPark Ave+10003'
-73.9530,40.8076,262,462,'NYW 121st St10003+NY8th Ave+10003|NYW 121st St10003+NYFrederick Douglass Blvd+10003'
-73.9530,40.5776,0,1,'NYW End Ave10003+NYSea Breeze Ct+10003|NYSea Breeze Ct10003'
-73.9530,40.7801,2080,6998,'NYE 88 St10003+NY3rd Ave+10003|NYE 88 St10003+NY3 Ave+10003|NY3rd Ave10003+NYE 88th St+10003|NYE 88th St10003+NY3 Ave+10003'
-73.9530,40.6285,2,49,'NYAve I10003+NYE 24th St+10003'
-73.9530,40.7375,10,130,'NYBox St10003'
-73.9530,40.8025,79,432,'NYW 115th St10003+NY7th Ave+10003|NYW 115th St10003+NYAdam Clayton Powell Jr Blvd+10003|NY7th Ave10003+NYW 115 St+10003|NYW 115 St10003+NYAdam Clayton Powell Jr Blvd+10003'
-73.9530,40.6727,97,540,'NYSterling Pl10003+NYRogers Ave+10003'
-73.9530,40.8258,6,435,'NYW 143 St10003|NYW 143 St10003+NYRiverside Dr+10003|NYRiverside Dr10003+NYW 143rd St+10003|NYW 143rd St10003'
-73.9530,40.8092,44,290,'NYSt Nicholas Ave10003+NYW 123rd St+10003|NYSt Nicholas Ave10003+NYW 123 St+10003'
-73.9530,40.7570,12,18,'NYEast Rd10003|NYEast Rd10003+NYRd 5+10003|NYMain St10003|NYMain St10003+NYRd 5+10003|NYRd 510003'
-73.9530,40.5858,1,4,'NYVoorhies Ave10003+NYE 16th St+10003|NYE 16th St10003'
-73.9530,40.7917,874,1525,'NYE 102nd St10003|NYE 102nd St10003+NY5th Ave+10003|NY5th Ave10003+NYE 102 St+10003|NYE 102 St10003'
-73.9530,40.5773,0,17,'NYW End Ave10003+NYOriental Ct+10003|NYOriental Ct10003'
-73.9530,40.6334,1,31,'NYGlenwood Rd10003+NYBedford Ave+10003'
-73.9530,40.7141,84,203,'NYI 27810001+NYMetropolitan Ave+10001'
-73.9530,40.8151,6,195,'NYW 130th St10003+NYConvent Ave+10003|NYW 130 St10003+NYConvent Ave+10003'
-73.9530,40.6507,15,94,'NYChurch Ave10003+NYVeronica Pl+10003|NYVeronica Pl10003'
-73.9529,40.7462,177,185,'NYVernon Blvd10003+NY46th Rd+10003'
-73.9529,40.6736,75,449,'NYPark Pl10003+NYRogers Ave+10003'
-73.9529,40.6924,1,7,'NYSandford St10003'
-73.9529,40.7597,9,5,'NYWest Rd10003|NYWest Rd10003+NYMain St+10003|NYWest Rd10003+NYWest Rd+10003|NYWest Rd10003+NYRd 6+10003|NYMain St10003|NYMain St10003+NYRd 6+10003|NYRd 610003'
-73.9529,40.8078,104,276,'NYSt Nicholas Ave10003+NY8th Ave+10003|NYSt Nicholas Ave10003+NYFrederick Douglass Blvd+10003'
-73.9529,40.7067,70,179,'NYBroadway10003+NYHewes St+10003|NYHewes St10003'
-73.9529,40.8217,4,77,'NYW 138th St10003+NYHamilton Pl+10003|NYHamilton Pl10003+NYW 138 St+10003'
-73.9529,40.8923,0,1,'NJEllington Pl10003'
-73.9529,40.7641,282,71,'NYF D R Dr10003'
-73.9529,40.5852,0,3,'NYShore Pkwy10003+NYE 16th St+10003|NYE 16th St10003|NYE 16th St10003+NYShore Pkwy N+10003'
-73.9529,40.8158,5,87,'NYW 131 St10003|NYW 131 St10003+NYW 131st St+10003|NYW 131 St10003+NYConvent Ave+10003|NYW 131st St10003|NYW 131st St10003+NYConvent Ave+10003'
-73.9528,40.6745,85,418,'NYProspect Pl10003+NYRogers Ave+10003'
-73.9528,40.7382,1,19,'NYAsh St10003|NYAsh St10003+NYMcGuinness Blvd+10003|NYMcGuinness Blvd10003'
-73.9528,40.5818,0,2,'NYShore Blvd10003+NYAmherst St+10003|NYAmherst St10003'
-73.9528,40.7090,10,448,'NYS 3rd St10003+NYHooper St+10003'
-73.9528,40.9445,0,1,'NJElm Pl10003+NJHolland Ave+10003'
-73.9528,40.7141,491,510,'NYMetropolitan Ave10003+NYMeeker Ave+10003|NYRodney St10003|NYRodney St10003+NYMeeker Ave+10003|NYMeeker Ave10003'
-73.9528,40.6488,2,18,'NYVeronica Pl10003+NYSnyder Ave+10003'
-73.9528,40.8059,85,726,'NYW 119th St10003+NYSt Nicholas Ave+10003|NYSt Nicholas Ave10003+NYW 119 St+10003'
-73.9528,40.7185,84,568,'NYRoebling St10003+NYN 11th St+10003'
-73.9528,40.7833,5292,2814,'NYE 92nd St10003+NYLexington Ave+10003|NYE 92 St10003+NYLexington Ave+10003'
-73.9528,40.7148,62,87,'NYN 7th St10003|NYN 7th St10003+NYMeeker Ave+10003'
-73.9528,40.6377,3,6,'NYE 26th St10003|NYE 26th St10003+NYFlatbush Ave+10003'
-73.9528,40.7682,1337,3386,'NYE 74 St10003+NYYork Ave+10003|NYYork Ave10003+NYE 74th St+10003'
-73.9528,40.5871,1,7,'NYJerome Ave10003|NYJerome Ave10003+NYSheepshead Bay Rd+10003'
-73.9528,40.5847,0,6,'NYShore Pkwy S10003+NYE 16th St+10003|NYE 16th St10003|NYE 16th St10003+NYShore Pkwy+10003'
-73.9528,40.6754,81,672,'NYSt Marks Ave10003+NYRogers Ave+10003'
-73.9528,40.8233,359,590,'NYW 140th St10003+NYBroadway+10003|NYW 140 St10003+NYBroadway+10003'
-73.9528,40.8050,85,453,'NYSt Nicholas Ave10003+NYW 118 St+10003|NYSt Nicholas Ave10003+NYW 118th St+10003'
-73.9528,40.7425,156,345,'NYState Hwy 2510002|NYState Hwy 2510002+NYState Hwy 25 Alt+10002|NYState Hwy 2510002+NY50th Ave+10002|NYState Hwy 2510002+NYJackson Ave+10002|NYState Hwy 25 Alt10002|NYState Hwy 25 Alt10002+NY50th Ave+10002|NY50th Ave10003+NYJackson Ave+10003'
-73.9528,40.6443,0,8,'NYCortelyou Rd10003+NYE 26th St+10003|NYE 26th St10003'
-73.9527,40.7539,1,2,'NY43rd Ave10003'
-73.9527,40.7892,829,978,'NYE 99th St10003|NYE 99th St10003+NYMadison Ave+10003|NYMadison Ave10003+NYE 99 St+10003|NYE 99 St10003'
-73.9527,40.6321,2,1,'NYCampus Rd10003+NYBedford Ave+10003'
-73.9527,40.7121,55,342,'NYKeap St10003+NYHope St+10003'
-73.9527,40.8042,77,476,'NYSt Nicholas Ave10003+NYW 117th St+10003'
-73.9527,40.8182,129,271,'NYAmsterdam Ave10003+NYW 134th St+10003|NYAmsterdam Ave10003+NYW 134 St+10003|NYW 134th St10003|NYW 134 St10003'
-73.9527,40.6770,99,670,'NYDean St10003+NYRogers Ave+10003|NYRogers Ave10003'
-73.9527,40.7469,202,196,'NYVernon Blvd10003+NY46th Ave+10003'
-73.9527,40.7205,207,115,'NYDriggs Ave10003+NYUnion Ave+10003|NYUnion Ave10003'
-73.9527,40.7766,7556,8113,'NYE 84th St10003+NY2nd Ave+10003|NYE 84th St10003+NY2 Ave+10003'
-73.9527,40.5946,0,14,'NYE 18th St10003+NYAvenue W+10003'
-73.9527,40.7166,18,126,'NYHavemeyer St10003|NYHavemeyer St10003+NYWithers St+10003|NYHavemeyer St10003+NYN 9th St+10003|NYWithers St10003|NYWithers St10003+NYN 9th St+10003|NYN 9th St10003'
-73.9527,40.6762,90,367,'NYRogers Ave10003+NYBergen St+10003'
-73.9527,40.7723,5088,11697,'NYE 79th St10003+NY1st Ave+10003|NYE 79th St10003+NY1 Ave+10003|NY1st Ave10003+NYE 79 St+10003|NYE 79 St10003+NY1 Ave+10003'
-73.9527,40.7271,596,1049,'NYManhattan Ave10003+NYMeserole Ave+10003'
-73.9527,40.5842,0,6,'NYE 16th St10003+NYBay Ct+10003|NYBay Ct10003'
-73.9527,40.5872,0,5,'NYJerome Ave10003|NYJerome Ave10003+NYJerome Ave+10003'
-73.9527,40.8030,134,210,'NYAdam C Powell Blvd10003|NYAdam C Powell Blvd10003+NY7th Ave+10003|NYAdam C Powell Blvd10003+NYAdam Clayton Powell Jr Blvd+10003|NYAdam C Powell Blvd10003+NYSt Nicholas Ave+10003|NY7th Ave10003+NYSt Nicholas Ave+10003|NYAdam Clayton Powell Jr Blvd10003|NYAdam Clayton Powell Jr Blvd10003+NYSt Nicholas Ave+10003|NYSt Nicholas Ave10003'
-73.9526,40.7393,2,0,'NY11th St10003|NY11th St10003+NYPulaski Brg+10003|NY11th St10003+NYMcGuinness Blvd+10003|NYPulaski Brg10003|NYPulaski Brg10003+NYPulaski Brg+10003|NYPulaski Brg10003+NYMcGuinness Blvd+10003|NYMcGuinness Blvd10003'
-73.9526,40.6430,2,18,'NYClarendon Rd10003+NYE 26th St+10003'
-73.9526,40.7354,37,424,'NYMcGuinness Blvd10003|NYMcGuinness Blvd10003+NYPulaski Brg+10003|NYMcGuinness Blvd10003+NYEagle St+10003|NYMcGuinness Blvd10003+NYMcGuinness Blvd+10003|NYPulaski Brg10003|NYPulaski Brg10003+NYEagle St+10003|NYPulaski Brg10003+NYMcGuinness Blvd+10003|NYEagle St10003+NYMcGuinness Blvd+10003'
-73.9526,40.6162,1,39,'NYE 22nd St10003+NYOlean St+10003|NYOlean St10003'
-73.9526,40.8108,972,759,'NYMartin Luther King Blvd10003+NYSaint Nicholas Ave+10003|NYMartin Luther King Blvd10003+NYSt Nicholas Ave+10003|NYSaint Nicholas Ave10003|NYSaint Nicholas Ave10003+NYSt Nicholas Ave+10003|NYSaint Nicholas Ave10003+NYDr Martin Luther King Jr Blvd+10003|NYSaint Nicholas Ave10003+NYW 125th St+10003|NYSaint Nicholas Ave10003+NYW 125 St+10003|NYSt Nicholas Ave10003|NYSt Nicholas Ave10003+NYDr Martin Luther King Jr Blvd+10003|NYSt Nicholas Ave10003+NYW 125th St+10003|NYSt Nicholas Ave10003+NYW 125 St+10003|NYSt Nicholas Ave10003+NYSt Nicholas Ave+10003|NYDr Martin Luther King Jr Blvd10003+NYSt Nicholas Ave+10003|NYW 125th St10003+NYSt Nicholas Ave+10003|NYW 125 St10003+NYSt Nicholas Ave+10003'
-73.9526,40.8024,29,270,'NYW 115th St10003+NYSt Nicholas Ave+10003|NYW 115 St10003+NYSt Nicholas Ave+10003'
-73.9526,40.8082,210,780,'NYW 122nd St10003+NY8th Ave+10003|NYW 122nd St10003+NYFrederick Douglass Blvd+10003|NY8th Ave10003+NYW 122 St+10003|NYW 122 St10003+NYFrederick Douglass Blvd+10003'
-73.9526,40.7646,32,91,'NYE 70 St10003|NYE 70 St10003+NYF D R Dr+10003|NYF D R Dr10003+NYE 70th St+10003|NYE 70th St10003'
-73.9526,40.6110,3,104,'NYKings Hwy10003+NYAve P+10003'
-73.9526,40.7808,2460,6478,'NYE 89th St10003+NY3rd Ave+10003|NYE 89th St10003+NY3 Ave+10003|NY3rd Ave10003+NYE 89 St+10003|NY3 Ave10003+NYE 89 St+10003'
-73.9526,40.8015,24,264,'NYW 114th St10003+NYSt Nicholas Ave+10003|NYW 114 St10003+NYSt Nicholas Ave+10003'
-73.9526,40.7021,1,10,'NYMarcy Ave10003+NYMiddleton St+10003'
-73.9526,40.7865,2230,5826,'NYE 96 St10003+NYPark Ave+10003|NYE 96th St10003+NYPark Ave+10003'
-73.9525,40.5781,0,7,'NYNeptune Ct10003'
-73.9525,40.7395,2,6,'NY11th St10003+NYPulaski Brg+10003|NYPulaski Brg10003'
-73.9525,40.8264,6,242,'NYRiverside Dr10003+NYW 144th St+10003|NYRiverside Dr10003+NYW 144 St+10003|NYW 144th St10003|NYW 144 St10003'
-73.9525,40.7050,4,16,'NYRutledge St10003+NYHarrison Ave+10003'
-73.9525,40.8032,282,614,'NYSt Nicholas Ave10003|NYSt Nicholas Ave10003+NYAdam C Powell Blvd+10003|NYSt Nicholas Ave10003+NYW 116 St+10003|NYSt Nicholas Ave10003+NY7th Ave+10003|NYSt Nicholas Ave10003+NYW 116th St+10003|NYSt Nicholas Ave10003+NYAdam Clayton Powell Jr Blvd+10003|NYAdam C Powell Blvd10003|NYAdam C Powell Blvd10003+NYW 116 St+10003|NYAdam C Powell Blvd10003+NY7th Ave+10003|NYAdam C Powell Blvd10003+NYW 116th St+10003|NYAdam C Powell Blvd10003+NYAdam Clayton Powell Jr Blvd+10003|NYW 116 St10003+NY7th Ave+10003|NYW 116 St10003+NYAdam Clayton Powell Jr Blvd+10003|NY7th Ave10003+NYW 116th St+10003|NYW 116th St10003+NYAdam Clayton Powell Jr Blvd+10003|NYAdam Clayton Powell Jr Blvd10003'
-73.9525,40.7923,534,127,'NYE 103rd St10003|NYE 103rd St10003+NY5th Ave+10003|NYE 103rd St10003+NYE 103 St+10003|NY5th Ave10003+NYE 103 St+10003|NYE 103 St10003'
-73.9525,40.7066,35,68,'NYBroadway10003+NYHewes St+10003|NYHewes St10003'
-73.9525,40.6443,4,35,'NYCortelyou Rd10003+NYVeronica Pl+10003|NYVeronica Pl10003'
-73.9525,40.8007,27,376,'NYW 113 St10003+NYSt Nicholas Ave+10003|NYW 113th St10003+NYSt Nicholas Ave+10003'
-73.9525,40.7304,109,560,'NYEckford St10003|NYEckford St10003+NYGreenpoint Ave+10003'
-73.9525,40.7232,172,396,'NYNassau Ave10003+NYGuernsey St+10003|NYGuernsey St10003'
-73.9525,40.6950,116,681,'NYMyrtle Ave10003+NYNostrand Ave+10003'
-73.9525,40.5773,0,11,'NYOriental Ct10003'
-73.9525,40.5777,0,4,'NYSea Breeze Ct10003'
-73.9525,40.7983,883,1094,'NYCentral Park N10003+NYMalcolm X Blvd+10003|NYCentral Park N10003+NYLenox Ave+10003|NYCentral Park N10003+NYSt Nicholas Ave+10003|NYMalcolm X Blvd10003|NYMalcolm X Blvd10003+NYCathedral Pkwy+10003|NYMalcolm X Blvd10003+NYW 110th St+10003|NYMalcolm X Blvd10003+NYW 110 St+10003|NYMalcolm X Blvd10003+NYSt Nicholas Ave+10003|NYCathedral Pkwy10003+NYLenox Ave+10003|NYCathedral Pkwy10003+NYSt Nicholas Ave+10003|NYW 110th St10003+NYLenox Ave+10003|NYW 110th St10003+NYSt Nicholas Ave+10003|NYLenox Ave10003|NYLenox Ave10003+NYW 110 St+10003|NYLenox Ave10003+NYSt Nicholas Ave+10003|NYW 110 St10003+NYSt Nicholas Ave+10003|NYSt Nicholas Ave10003'
-73.9525,40.7476,79,48,'NY45th Rd10003|NY45th Rd10003+NYVernon Blvd+10003'
-73.9525,40.7192,13,80,'NYUnion Ave10003+NYN 12th St+10003|NYN 12th St10003'
-73.9525,40.5831,0,11,'NYE 16th St10003'
-73.9525,40.7654,426,1804,'NYE 71st St10003'
-73.9525,40.6359,1,25,'NYE 26th St10003+NYAmersfort Pl+10003|NYE 26th St10003+NYFarragut Rd+10003|NYAmersfort Pl10003|NYAmersfort Pl10003+NYFarragut Rd+10003'
-73.9525,40.7347,86,440,'NYFreeman St10003+NYMcGuinness Blvd+10003'
-73.9525,40.7998,68,757,'NYW 112 St10003+NYSt Nicholas Ave+10003|NYSt Nicholas Ave10003+NYW 112th St+10003'
-73.9525,40.5882,0,7,'NYE 17th St10003+NYAve Z+10003'
-73.9524,40.7404,2,4,'NY11th St10003|NY11th St10003+NY53rd Ave+10003|NY11th St10003+NY11st St+10003|NY53rd Ave10003+NY11st St+10003|NY11st St10003'
-73.9524,40.5746,1,3,'NYW End Ave10003|NYW End Ave10003+NYEsplanade+10003'
-73.9524,40.7284,30,284,'NYLeonard St10003+NYCalyer St+10003'
-73.9524,40.8957,0,1,'NJJohnson Ave10003+NJSouth Virginia Ct+10003|NJSouth Virginia Ct10003'
-73.9524,40.7990,38,387,'NYW 111 St10003+NYSt Nicholas Ave+10003|NYW 111th St10003+NYSt Nicholas Ave+10003'
-73.9524,40.7188,69,617,'NYRoebling St10003|NYRoebling St10003+NYUnion Ave+10003|NYRoebling St10003+NYBayard St+10003|NYUnion Ave10003+NYBayard St+10003|NYBayard St10003'
-73.9524,40.6151,0,13,'NYE 22nd St10003+NYBay Ave+10003'
-73.9523,40.7394,0,1,'NY11th St10003'
-73.9523,40.6943,14,123,'NYNostrand Ave10003+NYVernon Ave+10003|NYVernon Ave10003'
-73.9523,40.7839,1830,2132,'NYE 93 St10003+NYLexington Ave+10003|NYLexington Ave10003+NYE 93rd St+10003'
-73.9523,40.5875,0,16,'NYJerome Ave10003|NYJerome Ave10003+NYE 17th St+10003'
-73.9523,40.7688,2054,2719,'NYE 75 St10003+NYYork Ave+10003|NYYork Ave10003+NYE 75th St+10003'
-73.9523,40.7127,46,610,'NYKeap St10003+NYAinslie St+10003'
-73.9523,40.6655,13,165,'NYDearborn Ct10003|NYDearborn Ct10003+NYMontgomery St+10003'
-73.9523,40.8239,336,757,'NYW 141 St10003+NYBroadway+10003|NYW 141st St10003+NYBroadway+10003'
-73.9523,40.7065,40,62,'NYBroadway10003+NYMontrose Ave+10003|NYMontrose Ave10003'
-73.9523,40.7181,39,201,'NYUnion Ave10003+NYN 11th St+10003|NYN 11th St10003'
-73.9523,40.7404,1,2,'NY11th St10003+NY53rd Ave+10003|NY53rd Ave10003'
-73.9523,40.7181,59,340,'NYRichardson St10003|NYRichardson St10003+NYUnion Ave+10003'
-73.9523,40.6397,0,50,'NYNewkirk Ave10003+NYE 26th St+10003'
-73.9523,40.5873,0,4,'NYJerome Ave10003+NYE 17th St+10003|NYE 17th St10003'
-73.9523,40.8172,4,217,'NYW 133 St10003|NYW 133 St10003+NYConvent Ave+10003|NYW 133rd St10003|NYW 133rd St10003+NYConvent Ave+10003'
-73.9523,40.7506,24,22,'NY44th Ave10003|NY44th Ave10003+NYVernon Blvd+10003'
-73.9523,40.7340,150,401,'NYMcGuinness Blvd10003+NYGreen St+10003'
-73.9523,40.6359,1,33,'NYFarragut Rd10003+NYKenilworth Pl+10003|NYKenilworth Pl10003'
-73.9523,40.7409,48,113,'NY11st St10003+NYBorden Ave+10003'
-73.9522,40.7772,7163,3983,'NY2nd Ave10003+NYE 85th St+10003|NYE 85th St10003+NY2 Ave+10003'
-73.9522,40.7483,37,45,'NY10th St10003|NY10th St10003+NYVernon Blvd+10003|NY10th St10003+NY45th Ave+10003|NYVernon Blvd10003+NY45th Ave+10003|NY45th Ave10003'
-73.9522,40.7496,22,278,'NY9th St10003|NY9th St10003+NYVernon Blvd+10003'
-73.9522,40.8123,19,196,'NYW 127th St10003+NYSaint Nicholas Ter+10003|NYSaint Nicholas Ter10003|NYSaint Nicholas Ter10003+NYW 127 St+10003'
-73.9522,40.6664,35,430,'NYDearborn Ct10003|NYDearborn Ct10003+NYCrown St+10003'
-73.9522,40.7491,37,79,'NYVernon Blvd10003+NY44th Dr+10003'
-73.9522,40.8190,177,579,'NYW 135th St10003+NYAmsterdam Ave+10003|NYAmsterdam Ave10003+NYW 135 St+10003'
-73.9522,40.7486,22,44,'NYVernon Blvd10003+NY45th Ave+10003|NY45th Ave10003'
-73.9522,40.6935,10,87,'NYWilloughby Ave10003|NYWilloughby Ave10003+NYNostrand Ave+10003'
-73.9522,40.7730,2134,9743,'NYE 80 St10003+NY1st Ave+10003|NYE 80 St10003+NY1 Ave+10003|NYE 80th St10003+NY1st Ave+10003|NYE 80th St10003+NY1 Ave+10003'
-73.9522,40.7153,73,70,'NYN 8th St10003+NYMeeker Ave+10003'
-73.9522,40.7003,7,157,'NYWallabout St10003+NYWalton St+10003|NYWalton St10003'
-73.9522,40.6934,7,208,'NYNostrand Ave10003+NYWilloughby Ave+10003|NYWilloughby Ave10003'
-73.9522,40.7603,1,4,'NYWest Rd10003|NYWest Rd10003+NYWest Rd+10003'
-73.9522,40.7404,1,10,'NY11th St10003+NY53rd Ave+10003|NY53rd Ave10003'
-73.9522,40.7174,59,364,'NYFrost St10003|NYFrost St10003+NYUnion Ave+10003'
-73.9521,40.7172,20,59,'NYUnion Ave10003+NYN 10th St+10003|NYN 10th St10003'
-73.9521,40.7409,6,16,'NY11th St10003+NYBorden Ave+10003'
-73.9521,40.7333,98,614,'NYMcGuinness Blvd10003+NYHuron St+10003'
-73.9521,40.8089,281,1184,'NYW 123rd St10003+NY8th Ave+10003|NYW 123rd St10003+NYFrederick Douglass Blvd+10003|NYW 123 St10003+NY8th Ave+10003|NYW 123 St10003+NYFrederick Douglass Blvd+10003'
-73.9521,40.7814,2899,8316,'NY3rd Ave10003+NYE 90th St+10003|NY3rd Ave10003+NYE 90 St+10003|NY3 Ave10003+NYE 90th St+10003|NY3 Ave10003+NYE 90 St+10003'
-73.9521,40.6137,0,2,'NYAve O10003+NYE 22nd St+10003'
-73.9521,40.8222,5,198,'NYW 139th St10003+NYHamilton Pl+10003|NYW 139 St10003+NYHamilton Pl+10003'
-73.9521,40.8114,152,550,'NYSaint Nicholas Ave10003+NYW 126th St+10003|NYSaint Nicholas Ave10003+NYW 126 St+10003|NYW 126th St10003+NYSt Nicholas Ave+10003|NYSt Nicholas Ave10003+NYW 126 St+10003'
-73.9521,40.7072,18,318,'NYS 5th St10003+NYHewes St+10003'
-73.9521,40.8810,0,1,'NJClifton Ter10003|NJClifton Ter10003+NJPalisade Ave+10003'
-73.9521,40.7415,114,50,'NYQueens Midtown Tunl10001+NY11st St+10001|NY11st St10003+NYI 495+10003'
-73.9521,40.7930,584,47,'NY5th Ave10003+NYE 104 St+10003|NY5th Ave10003+NYE 104th St+10003|NYE 104 St10003|NYE 104th St10003'
-73.9521,40.6787,73,166,'NYPerry Pl10003'
-73.9521,40.7872,435,1660,'NYE 97 St10003+NYPark Ave+10003|NYE 97th St10003+NYPark Ave+10003'
-73.9521,40.7167,79,204,'NYWithers St10003+NYUnion Ave+10003'
-73.9520,40.6928,12,157,'NYNostrand Ave10003+NYHart St+10003|NYHart St10003'
-73.9520,40.7652,11,54,'NYE 71 St10003'
-73.9520,40.8039,121,471,'NYW 117th St10003+NY7th Ave+10003|NYW 117th St10003+NYAdam Clayton Powell Jr Blvd+10003'
-73.9520,40.7498,13,210,'NY9th St10003+NY44th Rd+10003|NY44th Rd10003'
-73.9520,40.7988,217,579,'NYW 111 St10003+NYMalcolm X Blvd+10003|NYW 111 St10003+NYLenox Ave+10003|NYW 111th St10003+NYMalcolm X Blvd+10003|NYW 111th St10003+NYLenox Ave+10003'
-73.9520,40.7326,105,515,'NYIndia St10003+NYMcGuinness Blvd+10003'
-73.9520,40.8271,18,220,'NYW 145th St10003|NYW 145th St10003+NYW 145th St+10003|NYW 145th St10003+NYW 145 St+10003|NYW 145th St10003+NYRiverside Dr+10003|NYW 145 St10003|NYW 145 St10003+NYRiverside Dr+10003'
-73.9520,40.6335,0,63,'NYE 26th St10003+NYGlenwood Rd+10003'
-73.9520,40.7417,4,5,'NY51st Ave10003|NY51st Ave10003+NY51st Ave+10003|NY51st Ave10003+NY11st St+10003|NY11st St10003+NY51st Ave+10003'
-73.9520,40.6791,2,58,'NYHerkimer Pl10003|NYHerkimer Pl10003+NYPerry Pl+10003|NYPerry Pl10003'
-73.9520,40.7409,1,13,'NY11th St10003+NYBorden Ave+10003'
-73.9520,40.7152,76,62,'NYI 27810001+NYN 8th St+10001|NYBrooklyn Queens Expy10001+NYN 8th St+10001'
-73.9520,40.6369,1,11,'NYFlatbush Ave10003+NYE 26th St+10003|NYE 26th St10003'
-73.9520,40.7103,50,358,'NYS 1st St10003+NYHooper St+10003'
-73.9519,40.7652,8,13,'NYF D R Dr10003'
-73.9519,40.7160,74,267,'NYJackson St10003|NYJackson St10003+NYUnion Ave+10003'
-73.9519,40.7015,7,87,'NYMarcy Ave10003+NYLorimer St+10003'
-73.9519,40.7415,11,6,'NY11th St10003+NY51st Ave+10003|NY11th St10003+NYQueens Midtown Tunl+10003|NY11th St10003+NYI 495+10003|NY51st Ave10003|NY51st Ave10003+NYQueens Midtown Tunl+10003|NY51st Ave10003+NYI 495+10003'
-73.9519,40.7064,47,107,'NYBroadway10003+NYPenn St+10003|NYBroadway10003+NYMontrose Ave+10003|NYPenn St10003|NYPenn St10003+NYMontrose Ave+10003|NYMontrose Ave10003'
-73.9519,40.5819,0,2,'NYShore Blvd10003+NYBeaumont St+10003|NYBeaumont St10003'
-73.9519,40.7592,20,328,'NYMain St10003+NYRd 6+10003|NYMain St10003+NYEast Rd+10003|NYRd 610003|NYRd 610003+NYEast Rd+10003|NYEast Rd10003'
-73.9519,40.6921,54,288,'NYPulaski St10003|NYPulaski St10003+NYNostrand Ave+10003'
-73.9519,40.7044,0,8,'NYHeyward St10003+NYHarrison Ave+10003'
-73.9519,40.7319,70,422,'NYJava St10003+NYMcGuinness Blvd+10003'
-73.9519,40.7429,193,151,'NY11st St10003|NY11st St10003+NYState Hwy 25 Alt+10003|NY11st St10003+NYJackson Ave+10003'
-73.9519,40.5859,0,11,'NYVoorhies Ave10003+NYSheepshead Bay Rd+10003'
-73.9519,40.7846,1074,2544,'NYE 94th St10003+NYLexington Ave+10003|NYE 94 St10003+NYLexington Ave+10003'
-73.9519,40.7417,1,1,'NY11th St10003+NY51st Ave+10003'
-73.9519,40.7412,7,17,'NY11th St10003+NY51st Ave+10003|NY51st Ave10003'
-73.9519,40.7151,19,31,'NYI 27810001+NYN 8th St+10001|NYBrooklyn Queens Expy10001+NYN 8th St+10001'
-73.9519,40.7429,15,5,'NYPulaski Brg10003|NYPulaski Brg10003+NYState Hwy 25 Alt+10003|NYPulaski Brg10003+NYJackson Ave+10003'
-73.9519,40.7155,153,203,'NYUnion Ave10003+NYMeeker Ave+10003'
-73.9519,40.7694,2092,4930,'NYE 76th St10003+NYYork Ave+10003|NYE 76 St10003+NYYork Ave+10003'
-73.9519,40.8245,338,677,'NYW 142nd St10003+NYBroadway+10003|NYW 142 St10003+NYBroadway+10003'
-73.9519,40.7604,39,106,'NYEast Rd10003|NYEast Rd10003+NYWest Rd+10003|NYEast Rd10003+NYMain St+10003|NYWest Rd10003|NYWest Rd10003+NYMain St+10003|NYMain St10003'
-73.9518,40.7904,1049,1039,'NYE 101st St10003|NYE 101st St10003+NYMadison Ave+10003|NYE 101st St10003+NYE 101 St+10003|NYMadison Ave10003+NYE 101 St+10003|NYE 101 St10003'
-73.9518,40.7153,66,86,'NYI 27810001+NYUnion Ave+10001|NYBrooklyn Queens Expy10001+NYUnion Ave+10001'
-73.9518,40.7423,3,37,'NY11st St10003+NY50th Ave+10003'
-73.9518,40.7430,72,112,'NY49th Ave10003+NYState Hwy 25 Alt+10003|NY49th Ave10003+NYJackson Ave+10003'
-73.9518,40.7151,94,131,'NYI 27810001+NYUnion Ave+10001|NYBrooklyn Queens Expy10001+NYUnion Ave+10001'
-73.9518,40.7312,144,477,'NYKent St10003+NYMcGuinness Blvd+10003'
-73.9518,40.8129,10,207,'NYSaint Nicholas Ter10003+NYW 128th St+10003|NYSaint Nicholas Ter10003+NYW 128 St+10003'
-73.9518,40.7150,561,452,'NYN 8th St10003|NYN 8th St10003+NYUnion Ave+10003|NYN 8th St10003+NYMeeker Ave+10003'
-73.9518,40.5947,0,19,'NYE 19th St10003+NYAvenue W+10003'
-73.9517,40.8196,102,339,'NYAmsterdam Ave10003+NYW 136th St+10003|NYAmsterdam Ave10003+NYW 136 St+10003|NYW 136th St10003|NYW 136 St10003'
-73.9517,40.7779,9625,10598,'NY2nd Ave10003+NYE 86 St+10003|NY2nd Ave10003+NYE 86th St+10003|NYE 86 St10003+NY2 Ave+10003|NY2 Ave10003+NYE 86th St+10003'
-73.9517,40.7594,17,349,'NYEast Rd10003|NYEast Rd10003+NYMain St+10003|NYEast Rd10003+NYEast Rd+10003|NYMain St10003|NYMain St10003+NYEast Rd+10003|NYMain St10003+NYMain St+10003'
-73.9517,40.7415,25,20,'NY11th St10003+NYLong Island Expy+10003|NY11th St10003+NYQueens Midtown Expy+10003|NY11th St10003+NYQueens Midtown Tunl+10003|NY11th St10003+NYI 495+10003|NYLong Island Expy10001|NYLong Island Expy10001+NYQueens Midtown Tunl+10001|NYQueens Midtown Expy10001|NYQueens Midtown Expy10001+NYQueens Midtown Tunl+10001|NYQueens Midtown Tunl10001'
-73.9517,40.7254,1284,2279,'NYNorman Ave10003+NYManhattan Ave+10003'
-73.9517,40.9456,0,1,'NJElm Pl10003|NJElm Pl10003+NJGlenwood Ave+10003'
-73.9517,40.7078,15,196,'NYS 4th St10003+NYHewes St+10003'
-73.9517,40.7737,2325,6841,'NY1st Ave10003+NYE 81st St+10003|NYE 81st St10003+NY1 Ave+10003'
-73.9517,40.7422,5,9,'NY11th St10003+NY50th Ave+10003'
-73.9517,40.7145,587,595,'NYUnion Ave10003+NYConselyea St+10003|NYConselyea St10003'
-73.9517,40.8095,386,1160,'NYW 124th St10003+NY8th Ave+10003|NYW 124th St10003+NYFrederick Douglass Blvd+10003'
-73.9517,40.7820,1820,4472,'NYE 91st St10003+NY3rd Ave+10003|NYE 91st St10003+NY3 Ave+10003|NY3rd Ave10003+NYE 91 St+10003|NY3 Ave10003+NYE 91 St+10003'
-73.9517,40.7417,3,6,'NY11th St10003+NY51st Ave+10003|NY51st Ave10003'
-73.9516,40.7235,745,1056,'NYBedford Ave10003+NYNassau Ave+10003'
-73.9516,40.7109,1110,1086,'NYGrand St Exd10003|NYGrand St Exd10003+NYHooper St+10003|NYHooper St10003|NYHooper St10003+NYBorinquen Pl+10003|NYBorinquen Pl10003'
-73.9516,40.7489,26,41,'NY10th St10003+NY44th Dr+10003'
-73.9516,40.7879,69,429,'NYE 98th St10003+NYPark Ave+10003|NYE 98 St10003+NYPark Ave+10003'
-73.9516,40.7936,491,144,'NYE 105th St10003|NYE 105th St10003+NYE 105 St+10003|NYE 105th St10003+NY5th Ave+10003|NYE 105 St10003|NYE 105 St10003+NY5th Ave+10003'
-73.9516,40.7138,4301,2067,'NYKeap St10003|NYKeap St10003+NYUnion Ave+10003'
-73.9516,40.8853,1,1,'NJDemarest Ave10003+NJMarjorie Ter+10003|NJMarjorie Ter10003'
-73.9516,40.7427,37,21,'NY11th St10003+NYPulaski Brg+10003|NYPulaski Brg10003'
-73.9516,40.8045,186,887,'NY7th Ave10003+NYW 118 St+10003|NY7th Ave10003+NYW 118th St+10003|NYW 118 St10003+NYAdam Clayton Powell Jr Blvd+10003|NYW 118th St10003+NYAdam Clayton Powell Jr Blvd+10003'
-73.9516,40.7287,103,826,'NYEckford St10003+NYCalyer St+10003'
-73.9516,40.6805,9,45,'NYFulton St10003+NYArlington Pl+10003|NYArlington Pl10003'
-73.9515,40.7995,160,293,'NYW 112 St10003+NYMalcolm X Blvd+10003|NYW 112 St10003+NYLenox Ave+10003|NYMalcolm X Blvd10003+NYW 112th St+10003|NYLenox Ave10003+NYW 112th St+10003'
-73.9515,40.7102,4,46,'NYS 1st St10003+NYMaujer St+10003|NYMaujer St10003'
-73.9515,40.8120,272,713,'NYW 127th St10003+NYSaint Nicholas Ave+10003|NYW 127th St10003+NYSt Nicholas Ave+10003|NYSaint Nicholas Ave10003+NYW 127 St+10003|NYW 127 St10003+NYSt Nicholas Ave+10003'
-73.9515,40.8878,0,1,'NJChestnut St10003+NJSummit St+10003|NJSummit St10003'
-73.9515,40.6154,0,12,'NYOlean St10003+NYE 23rd St+10003'
-73.9515,40.5883,1,12,'NYE 18th St10003+NYAve Z+10003'
-73.9515,40.5747,0,7,'NYAmherst St10003|NYAmherst St10003+NYEsplanade+10003'
-73.9515,40.7504,20,23,'NY9th St10003+NY44th Ave+10003'
-73.9515,40.7131,441,837,'NYDevoe St10003|NYDevoe St10003+NYUnion Ave+10003'
-73.9515,40.7600,246,1660,'NYEast Rd10003|NYEast Rd10003+NYEast Rd+10003|NYEast Rd10003+NYMain St+10003'
-73.9514,40.7659,826,3454,'NYE 72 St10003|NYE 72nd St10003'
-73.9514,40.5843,2,10,'NYShore Pkwy S10003+NYBay Ct+10003|NYBay Ct10003|NYBay Ct10003+NYShore Pkwy+10003'
-73.9514,40.7852,989,1035,'NYE 95th St10003+NYLexington Ave+10003|NYE 95 St10003+NYLexington Ave+10003'
-73.9514,40.7422,7,37,'NY11th St10003+NY50th Ave+10003'
-73.9514,40.7432,165,162,'NY11th St10003|NY11th St10003+NYState Hwy 25 Alt+10003|NY11th St10003+NYJackson Ave+10003'
-73.9514,40.7701,2382,5488,'NYYork Ave10003+NYE 77th St+10003|NYYork Ave10003+NYE 77 St+10003'
-73.9514,40.8251,435,743,'NYW 143 St10003+NYBroadway+10003|NYW 143rd St10003+NYBroadway+10003'
-73.9514,40.6302,0,4,'NYE 26th St10003'
-73.9514,40.7417,39,16,'NY51st Ave10003'
-73.9514,40.7153,88,235,'NYSkillman Ave10003|NYSkillman Ave10003+NYMeeker Ave+10003'
-73.9514,40.6507,4,50,'NYChurch Ave10003+NYLloyd St+10003|NYLloyd St10003'
-73.9514,40.7910,160,918,'NYE 102nd St10003+NYMadison Ave+10003|NYMadison Ave10003+NYE 102 St+10003'
-73.9513,40.5875,0,9,'NYJerome Ave10003+NYE 18th St+10003'
-73.9513,40.7084,8,168,'NYHewes St10003+NYS 3rd St+10003'
-73.9513,40.7429,46,26,'NY11th St10003+NY49th Ave+10003'
-73.9513,40.6816,47,596,'NYArlington Pl10003|NYArlington Pl10003+NYHalsey St+10003'
-73.9513,40.8136,16,437,'NYW 129th St10003|NYW 129th St10003+NYSaint Nicholas Ter+10003|NYW 129 St10003|NYW 129 St10003+NYSaint Nicholas Ter+10003'
-73.9513,40.8905,0,1,'NJFairview Ave10003+NJCambridge Pl+10003|NJCambridge Pl10003'
-73.9513,40.8277,4,187,'NYW 146th St10003|NYW 146th St10003+NYRiverside Dr+10003|NYW 146 St10003|NYW 146 St10003+NYRiverside Dr+10003'
-73.9513,40.6891,95,916,'NYNostrand Ave10003+NYClifton Pl+10003'
-73.9513,40.6398,0,23,'NYNewkirk Ave10003+NYRogers Ave+10003'
-73.9513,40.8227,10,183,'NYW 140th St10003+NYHamilton Pl+10003|NYW 140 St10003+NYHamilton Pl+10003'
-73.9513,40.6497,0,14,'NYErasmus St10003+NYLloyd St+10003|NYLloyd St10003'
-73.9513,40.7009,1,10,'NYMarcy Ave10003+NYWalton St+10003'
-73.9513,40.6143,0,11,'NYBay Ave10003|NYBay Ave10003+NYE 23rd St+10003'
-73.9513,40.7039,1,8,'NYLynch St10003+NYHarrison Ave+10003'
-73.9513,40.7743,2394,7475,'NYE 82nd St10003+NY1st Ave+10003|NYE 82nd St10003+NY1 Ave+10003'
-73.9512,40.7786,2998,3137,'NYE 87th St10003+NY2nd Ave+10003|NYE 87th St10003+NY2 Ave+10003|NYE 87 St10003+NY2nd Ave+10003|NYE 87 St10003+NY2 Ave+10003'
-73.9512,40.7117,649,1489,'NYPowers St10003|NYPowers St10003+NYUnion Ave+10003|NYPowers St10003+NYHope St+10003|NYUnion Ave10003+NYHope St+10003|NYHope St10003'
-73.9512,40.8805,0,1,'NJSylvan Ave10002+NJPalisade Ave+10002'
-73.9512,40.7436,121,255,'NY11th St10003+NY48th Ave+10003'
-73.9512,40.7826,2255,5905,'NYE 92nd St10003+NY3rd Ave+10003|NYE 92nd St10003+NY3 Ave+10003|NYE 92 St10003+NY3rd Ave+10003|NYE 92 St10003+NY3 Ave+10003'
-73.9512,40.6138,0,4,'NYAve O10003+NYE 23rd St+10003'
-73.9512,40.6481,2,35,'NYAlbemarle Rd10003+NYE 28th St+10003|NYE 28th St10003'
-73.9512,40.7160,40,142,'NYJackson St10003|NYJackson St10003+NYMeeker Ave+10003'
-73.9512,40.6884,39,634,'NYGreene10003|NYGreene10003+NYNostrand Ave+10003|NYGreene10003+NYGreene Ave+10003|NYNostrand Ave10003+NYGreene Ave+10003|NYGreene Ave10003|NYGreene Ave10003+NYGreene Ave+10003'
-73.9512,40.6809,0,11,'NYArlington Pl10003|NYArlington Pl10003+NYMacon St+10003|NYArlington Pl10003+NYArlington Pl+10003|NYMacon St10003|NYMacon St10003+NYArlington Pl+10003'
-73.9512,40.8102,1109,576,'NYMartin Luther King Blvd10003+NY8th Ave+10003|NYMartin Luther King Blvd10003+NYFrederick Douglass Blvd+10003|NYDr Martin Luther King Jr Blvd10003+NY8th Ave+10003|NYDr Martin Luther King Jr Blvd10003+NYFrederick Douglass Blvd+10003|NYW 125th St10003+NY8th Ave+10003|NYW 125th St10003+NYFrederick Douglass Blvd+10003|NY8th Ave10003+NYW 125 St+10003|NYW 125 St10003+NYFrederick Douglass Blvd+10003'
-73.9512,40.7429,59,246,'NY11th St10003+NY49th Ave+10003'
-73.9512,40.6805,18,51,'NYFulton St10003+NYArlington Pl+10003|NYArlington Pl10003'
-73.9512,40.7370,7,27,'NYPaidge Ave10003+NYClay St+10003|NYClay St10003'
-73.9511,40.7885,24,259,'NYE 99th St10003+NYPark Ave+10003|NYPark Ave10003+NYE 99 St+10003'
-73.9511,40.7088,5,26,'NYHewes St10003+NYStagg St+10003|NYStagg St10003'
-73.9511,40.8052,88,608,'NYW 119th St10003+NY7th Ave+10003|NYW 119th St10003+NYAdam Clayton Powell Jr Blvd+10003|NYW 119 St10003+NY7th Ave+10003|NYW 119 St10003+NYAdam Clayton Powell Jr Blvd+10003'
-73.9511,40.7943,348,167,'NYE 106 St10003|NYE 106 St10003+NY5th Ave+10003|NY5th Ave10003+NYE 106th St+10003|NYE 106th St10003'
-73.9511,40.6287,0,31,'NYAve I10003+NYE 26th St+10003'
-73.9511,40.6361,3,12,'NYFlatbush Ave10003+NYFarragut Rd+10003'
-73.9511,40.8001,89,344,'NYW 113 St10003|NYW 113 St10003+NYMalcolm X Blvd+10003|NYW 113 St10003+NYLenox Ave+10003|NYMalcolm X Blvd10003+NYW 113th St+10003|NYLenox Ave10003+NYW 113th St+10003|NYW 113th St10003'
-73.9511,40.5847,0,6,'NYShore Pkwy10002+NYSheepshead Bay Rd+10002|NYSheepshead Bay Rd10003+NYLeif Ericson Dr+10003|NYSheepshead Bay Rd10003+NYBelt Pkwy+10003'
-73.9511,40.7059,19,63,'NYBroadway10003+NYRutledge St+10003|NYRutledge St10003'
-73.9511,40.5860,0,8,'NYE 18th St10003|NYE 18th St10003+NYVoorhies Ave+10003'
-73.9511,40.6336,0,26,'NYGlenwood Rd10003+NYAmersfort Pl+10003|NYGlenwood Rd10003+NYE 27th St+10003|NYAmersfort Pl10003+NYE 27th St+10003|NYE 27th St10003'
-73.9511,40.7496,16,53,'NY10th St10003+NY44th Rd+10003'
-73.9510,40.7557,42,55,'NYQueensboro Brg10002|NYQueensboro Brg10002+NY59th Street Brg+10002|NYEd Koch Brg10002|NYEd Koch Brg10002+NY59th Street Brg+10002|NY59th Street Brg10002|NY59th Street Brg10002+NY59th Street Brg+10002|NY59th Street Brg10002+NYState Rte 25+10002|NYState Rte 2510002'
-73.9510,40.6647,17,268,'NYSullivan Pl10003|NYSullivan Pl10003+NYNostrand Ave+10003'
-73.9510,40.7443,56,167,'NY11th St10003+NY47th Rd+10003'
-73.9510,40.6332,0,3,'NYAmersfort Pl10003|NYAmersfort Pl10003+NYE 27th St+10003'
-73.9510,40.7102,794,708,'NYUnion Ave10003+NYMaujer St+10003'
-73.9510,40.5820,0,3,'NYColeridge St10003|NYColeridge St10003+NYShore Blvd+10003'
-73.9510,40.7241,1052,728,'NYBedford Ave10003|NYBedford Ave10003+NYManhattan Ave+10003'
-73.9510,40.7058,41,35,'NYJohnson Ave10003|NYJohnson Ave10003+NYBroadway+10003'
-73.9510,40.7100,23,131,'NYS 1st St10003|NYS 1st St10003+NYUnion Ave+10003'
-73.9509,40.8258,395,606,'NYBroadway10003+NYW 144th St+10003|NYBroadway10003+NYW 144 St+10003'
-73.9509,40.7707,3191,5192,'NYE 78th St10003+NYYork Ave+10003|NYE 78 St10003+NYYork Ave+10003'
-73.9509,40.7859,4503,5213,'NYE 96 St10003+NYLexington Ave+10003|NYE 96th St10003+NYLexington Ave+10003'
-73.9509,40.8126,57,208,'NYSaint Nicholas Ave10003+NYW 128th St+10003|NYSaint Nicholas Ave10003+NYW 128 St+10003|NYW 128th St10003+NYSt Nicholas Ave+10003|NYW 128 St10003+NYSt Nicholas Ave+10003'
-73.9509,40.7917,57,202,'NYE 103rd St10003|NYE 103rd St10003+NYMadison Ave+10003|NYE 103rd St10003+NYE 103 St+10003|NYMadison Ave10003+NYE 103 St+10003|NYE 103 St10003'
-73.9509,40.6359,2,7,'NYFlatbush Ave10003+NYRogers Ave+10003|NYRogers Ave10003'
-73.9509,40.6361,0,8,'NYFarragut Rd10003+NYRogers Ave+10003'
-73.9509,40.9220,0,1,'NJWilson Rd10003|NJWilson Rd10003+NJHighwood Ave+10003'
-73.9509,40.7524,8,8,'NYVernon Blvd10003+NY43rd Rd+10003|NY43rd Rd10003'
-73.9509,40.6631,10,254,'NYSterling St10003+NYNostrand Ave+10003'
-73.9509,40.7665,97,229,'NYE 73rd St10003|NYE 73 St10003'
-73.9509,40.5966,2,67,'NYGravesend Neck Rd10003+NYOcean Ave+10003'
-73.9509,40.8184,7,32,'NYW 135th St10003|NYW 135th St10003+NYConvent Ave+10003|NYW 135 St10003|NYW 135 St10003+NYConvent Ave+10003'
-73.9509,40.7095,25,325,'NYTen Eyck St10003|NYTen Eyck St10003+NYUnion Ave+10003'
-73.9509,40.8142,6,290,'NYSaint Nicholas Ter10003+NYW 130th St+10003|NYSaint Nicholas Ter10003+NYW 130 St+10003|NYW 130th St10003|NYW 130 St10003'
-73.9509,40.8283,5,215,'NYW 147 St10003|NYW 147 St10003+NYRiverside Dr+10003|NYRiverside Dr10003+NYW 147th St+10003|NYW 147th St10003'
-73.9508,40.6324,0,2,'NYE 27th St10003'
-73.9508,40.7091,20,149,'NYHewes St10003|NYHewes St10003+NYS 2nd St+10003|NYHewes St10003+NYUnion Ave+10003|NYS 2nd St10003|NYS 2nd St10003+NYUnion Ave+10003'
-73.9508,40.8208,116,303,'NYAmsterdam Ave10003+NYW 138th St+10003|NYAmsterdam Ave10003+NYW 138 St+10003|NYW 138th St10003|NYW 138 St10003'
-73.9508,40.7749,3227,6565,'NYE 83rd St10003+NY1st Ave+10003|NYE 83rd St10003+NY1 Ave+10003'
-73.9508,40.7792,5480,4392,'NYE 88 St10003+NY2nd Ave+10003|NYE 88 St10003+NY2 Ave+10003|NY2nd Ave10003+NYE 88th St+10003|NYE 88th St10003+NY2 Ave+10003'
-73.9508,40.7238,2780,2293,'NYManhattan Ave10003+NYNassau Ave+10003'
-73.9508,40.8762,1,0,'NJSherwood Ave10003|NJSherwood Ave10003+NJHudson Ter+10003'
-73.9508,40.7450,66,375,'NY47th Ave10003+NY11th St+10003'
-73.9508,40.7088,25,103,'NYUnion Ave10003+NYStagg St+10003'
-73.9508,40.7004,1,5,'NYWallabout St10003+NYMarcy Ave+10003'
-73.9507,40.7833,1954,4758,'NYE 93 St10003+NY3rd Ave+10003|NYE 93 St10003+NY3 Ave+10003|NY3rd Ave10003+NYE 93rd St+10003|NY3 Ave10003+NYE 93rd St+10003'
-73.9507,40.6862,100,1351,'NYGates Ave10003+NYNostrand Ave+10003'
-73.9507,40.6616,14,378,'NYLincoln Rd10003+NYNostrand Ave+10003'
-73.9507,40.9099,0,1,'NJOxford Dr10003+NJYork Pl+10003|NJYork Pl10003'
-73.9507,40.7435,137,213,'NY48th Ave10003+NYState Hwy 25 Alt+10003|NY48th Ave10003+NYJackson Ave+10003'
-73.9507,40.7421,33,27,'NY11th Pl10003|NY11th Pl10003+NY50th Ave+10003'
-73.9507,40.8108,133,252,'NY8th Ave10003+NYW 126th St+10003|NY8th Ave10003+NYW 126 St+10003|NYW 126th St10003+NYFrederick Douglass Blvd+10003|NYFrederick Douglass Blvd10003+NYW 126 St+10003'
-73.9507,40.7082,61,405,'NYS 3rd St10003|NYS 3rd St10003+NYUnion Ave+10003|NYS 3rd St10003+NYScholes St+10003|NYUnion Ave10003+NYScholes St+10003|NYScholes St10003'
-73.9507,40.6331,2,6,'NYAmersfort Pl10003|NYAmersfort Pl10003+NYAmersfort Pl+10003'
-73.9507,40.7003,10,53,'NYWallabout St10003|NYWallabout St10003+NYMarcy Ave+10003'
-73.9507,40.8058,83,720,'NYW 120 St10003+NY7th Ave+10003|NYW 120 St10003+NYAdam Clayton Powell Jr Blvd+10003|NY7th Ave10003+NYW 120th St+10003|NYW 120th St10003+NYAdam Clayton Powell Jr Blvd+10003'
-73.9506,40.7305,133,268,'NYNewell St10003|NYNewell St10003+NYGreenpoint Ave+10003'
-73.9506,40.7033,0,28,'NYHarrison Ave10003+NYMiddleton St+10003'
-73.9506,40.8007,65,159,'NYW 114th St10003|NYW 114th St10003+NYMalcolm X Blvd+10003|NYW 114th St10003+NYLenox Ave+10003|NYMalcolm X Blvd10003+NYW 114 St+10003|NYLenox Ave10003+NYW 114 St+10003|NYW 114 St10003'
-73.9506,40.7950,412,427,'NY5th Ave10003+NYE 107 St+10003|NY5th Ave10003+NYE 107th St+10003|NYE 107 St10003|NYE 107 St10003+NYE 107th St+10003|NYE 107th St10003'
-73.9506,40.5748,0,4,'NYBeaumont St10003|NYBeaumont St10003+NYEsplanade+10003'
-73.9506,40.5949,0,81,'NYOcean Ave10003+NYAvenue W+10003'
-73.9505,40.7891,24,486,'NYE 100th St10003|NYE 100th St10003+NYPark Ave+10003|NYPark Ave10003+NYE 100 St+10003|NYE 100 St10003'
-73.9505,40.7457,71,333,'NY11th St10003+NY46th Rd+10003'
-73.9505,40.7074,128,663,'NYS 4th St10003|NYS 4th St10003+NYMeserole St+10003|NYS 4th St10003+NYUnion Ave+10003|NYMeserole St10003|NYMeserole St10003+NYUnion Ave+10003'
-73.9505,40.6654,12,354,'NYClove Rd10003|NYClove Rd10003+NYMontgomery St+10003'
-73.9505,40.7005,1,11,'NYWallabout St10003|NYWallabout St10003+NYWallabout St+10003'
-73.9505,40.8231,9,313,'NYW 141 St10003+NYHamilton Pl+10003|NYW 141st St10003+NYHamilton Pl+10003'
-73.9505,40.7428,8,173,'NY11th Pl10003|NY11th Pl10003+NY49th Ave+10003'
-73.9505,40.7923,70,495,'NYMadison Ave10003+NYE 104 St+10003|NYMadison Ave10003+NYE 104th St+10003'
-73.9505,40.8264,726,635,'NYW 145th St10003+NYBroadway+10003'
-73.9504,40.6303,0,1,'NYE 27th St10003'
-73.9504,40.7714,4429,8854,'NYYork Ave10003+NYE 79th St+10003|NYYork Ave10003+NYE 79 St+10003'
-73.9504,40.7865,1865,2452,'NYE 97 St10003+NYLexington Ave+10003|NYE 97th St10003+NYLexington Ave+10003'
-73.9504,40.6707,139,1308,'NYLincoln Pl10003+NYNostrand Ave+10003'
-73.9504,40.6587,15,258,'NYFenimore St10003+NYNostrand Ave+10003'
-73.9504,40.5877,0,8,'NYE 19th St10003+NYJerome Ave+10003'
-73.9504,40.7067,84,864,'NYS 5th St10003|NYS 5th St10003+NYMontrose Ave+10003|NYS 5th St10003+NYUnion Ave+10003|NYMontrose Ave10003|NYMontrose Ave10003+NYMontrose Ave+10003|NYMontrose Ave10003+NYUnion Ave+10003|NYUnion Ave10003+NYMontrose Ave+10003'
-73.9504,40.7530,7,26,'NY43rd Ave10003+NYVernon Blvd+10003'
-73.9504,40.8289,4,226,'NYW 148th St10003|NYW 148th St10003+NYRiverside Dr+10003|NYW 148 St10003|NYW 148 St10003+NYRiverside Dr+10003'
-73.9504,40.6146,0,11,'NYOlean St10003|NYOlean St10003+NYE 24th St+10003'
-73.9504,40.5834,1,14,'NYEmmons Ave10003+NYSheepshead Bay Rd+10003'
-73.9504,40.8214,124,364,'NYAmsterdam Ave10003+NYW 139th St+10003|NYAmsterdam Ave10003+NYW 139 St+10003|NYW 139th St10003|NYW 139 St10003'
-73.9504,40.8132,14,120,'NYSaint Nicholas Ave10003+NYW 129 St+10003|NYSaint Nicholas Ave10003+NYW 129th St+10003|NYW 129 St10003|NYW 129 St10003+NYW 129th St+10003|NYW 129 St10003+NYSt Nicholas Ave+10003|NYW 129th St10003|NYW 129th St10003+NYSt Nicholas Ave+10003'
-73.9503,40.7756,2042,7822,'NYE 84th St10003+NY1st Ave+10003|NYE 84th St10003+NY1 Ave+10003'
-73.9503,40.8778,0,1,'NJClendinen Pl10003|NJClendinen Pl10003+NJHudson Ter+10003|NJClendinen Pl10003+NJAnon St+10003|NJHudson Ter10003+NJAnon St+10003|NJAnon St10003'
-73.9503,40.7798,5734,3756,'NYE 89th St10003+NY2nd Ave+10003|NYE 89th St10003+NY2 Ave+10003|NY2nd Ave10003+NYE 89 St+10003|NYE 89 St10003+NY2 Ave+10003'
-73.9503,40.6578,12,145,'NYNostrand Ave10003+NYHawthorne St+10003'
-73.9503,40.6399,2,27,'NYNewkirk Ave10003+NYE 28th St+10003'
-73.9503,40.7161,155,750,'NYJackson St10003|NYJackson St10003+NYMeeker Ave+10003'
-73.9503,40.7006,3,24,'NYWallabout St10003+NYUnion Ave+10003'
-73.9503,40.7059,41,31,'NYJohnson Ave10003|NYJohnson Ave10003+NYUnion Ave+10003'
-73.9503,40.7839,2298,7000,'NY3rd Ave10003+NYE 94th St+10003|NY3rd Ave10003+NYE 94 St+10003|NYE 94th St10003+NY3 Ave+10003|NYE 94 St10003+NY3 Ave+10003'
-73.9503,40.7016,4,24,'NYWalton St10003+NYUnion Ave+10003'
-73.9503,40.6139,0,17,'NYAve O10003+NYE 24th St+10003'
-73.9503,40.6481,0,8,'NYE 29th St10003|NYE 29th St10003+NYAlbemarle Rd+10003'
-73.9503,40.5833,1,0,'NYSheepshead Bay Rd10003'
-73.9502,40.7671,9,15,'NYF D R Dr10002+NYE 74 St+10002|NYF D R Dr10002+NYE 74th St+10002|NYE 74 St10003|NYE 74th St10003'
-73.9502,40.7055,88,41,'NYBroadway10003+NYHeyward St+10003|NYBroadway10003+NYUnion Ave+10003|NYHeyward St10003|NYHeyward St10003+NYUnion Ave+10003'
-73.9502,40.6340,0,22,'NYGlenwood Rd10003+NYKenilworth Pl+10003'
-73.9502,40.8871,0,1,'NJChestnut St10003+NJReiner Pl+10003|NJReiner Pl10003'
-73.9502,40.8115,118,344,'NYW 127th St10003+NY8th Ave+10003|NYW 127th St10003+NYFrederick Douglass Blvd+10003|NYLloyd E Dickens Pl10003|NYLloyd E Dickens Pl10003+NY8th Ave+10003|NYLloyd E Dickens Pl10003+NYFrederick Douglass Blvd+10003|NY8th Ave10003+NYW 127 St+10003|NYW 127 St10003+NYFrederick Douglass Blvd+10003'
-73.9502,40.7367,4,10,'NYPaidge Ave10003+NYProvost St+10003|NYProvost St10003'
-73.9502,40.7045,6,5,'NYLynch St10003+NYUnion Ave+10003'
-73.9502,40.8064,109,640,'NYW 121st St10003+NY7th Ave+10003|NYW 121st St10003+NYAdam Clayton Powell Jr Blvd+10003'
-73.9502,40.8013,137,446,'NYW 115th St10003+NYMalcolm X Blvd+10003|NYW 115th St10003+NYLenox Ave+10003|NYMalcolm X Blvd10003+NYW 115 St+10003|NYW 115 St10003+NYLenox Ave+10003'
-73.9502,40.6289,1,17,'NYAve I10003+NYE 27th St+10003'
-73.9502,40.7519,6,12,'NY9th St10003+NY43rd Rd+10003'
-73.9502,40.6563,15,311,'NYParkside Ave10003+NYNostrand Ave+10003'
-73.9502,40.7956,416,359,'NYE 108 St10003|NYE 108 St10003+NY5th Ave+10003|NYE 108th St10003|NYE 108th St10003+NY5th Ave+10003'
-73.9502,40.7363,0,1,'NYProvost St10003+NYDupont St+10003|NYDupont St10003'
-73.9501,40.5861,0,8,'NYE 19th St10003+NYVoorhies Ave+10003'
-73.9501,40.6998,49,54,'NYGerry St10003|NYGerry St10003+NYMarcy Ave+10003|NYGerry St10003+NYUnion Ave+10003|NYGerry St10003+NYFlushing Ave+10003|NYMarcy Ave10003+NYUnion Ave+10003|NYMarcy Ave10003+NYFlushing Ave+10003|NYUnion Ave10003|NYUnion Ave10003+NYFlushing Ave+10003'
-73.9501,40.7897,18,496,'NYE 101 St10003|NYE 101 St10003+NYPark Ave+10003|NYPark Ave10003+NYE 101st St+10003|NYE 101st St10003'
-73.9501,40.6743,101,1458,'NYProspect Pl10003+NYNostrand Ave+10003'
-73.9501,40.8296,5,262,'NYW 149th St10003|NYW 149th St10003+NYRiverside Dr+10003|NYW 149 St10003|NYW 149 St10003+NYRiverside Dr+10003|NYRiverside Dr10003|NYRiverside Dr10003+NYRiverside Dr+10003'
-73.9501,40.7168,114,281,'NYWithers St10003+NYMeeker Ave+10003'
-73.9501,40.5821,0,3,'NYShore Blvd10003+NYDover St+10003|NYDover St10003'
-73.9500,40.7356,6,7,'NYProvost St10003+NYEagle St+10003|NYEagle St10003'
-73.9500,40.7027,7,33,'NYHarrison Ave10003+NYLorimer St+10003'
-73.9500,40.7929,55,716,'NYE 105th St10003|NYE 105th St10003+NYE 105 St+10003|NYE 105th St10003+NYMadison Ave+10003|NYE 105 St10003|NYE 105 St10003+NYMadison Ave+10003'
-73.9500,40.7872,487,1211,'NYE 98th St10003+NYLexington Ave+10003|NYE 98 St10003+NYLexington Ave+10003'
-73.9500,40.8271,236,397,'NYW 146th St10003+NYBroadway+10003|NYW 146 St10003+NYBroadway+10003'
-73.9499,40.6990,7,7,'NYMarcy Ave10003+NYHopkins St+10003|NYHopkins St10003'
-73.9499,40.7721,2256,7064,'NYE 80 St10003+NYYork Ave+10003|NYYork Ave10003+NYE 80th St+10003'
-73.9499,40.7695,121,1050,'NYCherokee Pl10003|NYCherokee Pl10003+NYE 77th St+10003|NYCherokee Pl10003+NYE 77 St+10003|NYE 77th St10003|NYE 77 St10003'
-73.9499,40.7404,5,24,'NY21st St10003|NY21st St10003+NYBorden Ave+10003'
-73.9499,40.7349,2,4,'NYProvost St10003+NYFreeman St+10003|NYFreeman St10003'
-73.9499,40.8221,113,448,'NYW 140th St10003+NYAmsterdam Ave+10003|NYAmsterdam Ave10003+NYW 140 St+10003'
-73.9499,40.7292,241,1022,'NYNewell St10003+NYCalyer St+10003'
-73.9499,40.5970,3,26,'NYGravesend Neck Rd10003+NYE 21st St+10003'
-73.9499,40.7419,36,19,'NYQn Mdtwn Tnnl Entrance Wb10003|NYQn Mdtwn Tnnl Entrance Wb10003+NY50th Ave+10003|NYQn Mdtwn Tnnl Entrance Wb10003+NY51st Ave+10003|NY50th Ave10003+NY51st Ave+10003|NY51st Ave10003'
-73.9499,40.7804,4201,5133,'NY2nd Ave10003+NYE 90th St+10003|NY2nd Ave10003+NYE 90 St+10003|NYE 90th St10003+NY2 Ave+10003|NYE 90 St10003+NY2 Ave+10003'
-73.9499,40.7762,2253,5983,'NY1st Ave10003+NYE 85th St+10003|NYE 85th St10003+NY1 Ave+10003'
-73.9499,40.5849,0,2,'NYE 19th St10003|NYE 19th St10003+NYShore Pkwy+10003|NYE 19th St10003+NYShore Pkwy N+10003'
-73.9499,40.8138,34,337,'NYW 130th St10003|NYW 130th St10003+NYSaint Nicholas Ave+10003|NYW 130th St10003+NYW 130 St+10003|NYW 130th St10003+NYSt Nicholas Ave+10003|NYSaint Nicholas Ave10003+NYW 130 St+10003|NYW 130 St10003|NYW 130 St10003+NYSt Nicholas Ave+10003'
-73.9498,40.7478,77,185,'NY11th St10003+NY45th Ave+10003'
-73.9498,40.7052,119,18,'NYBroadway10003+NYBoerum St+10003|NYBoerum St10003'
-73.9498,40.7845,2164,6305,'NYE 95th St10003+NY3rd Ave+10003|NYE 95th St10003+NY3 Ave+10003|NY3rd Ave10003+NYE 95 St+10003|NY3 Ave10003+NYE 95 St+10003'
-73.9498,40.7168,373,887,'NYI 27810001+NYWithers St+10001|NYWithers St10003+NYBrooklyn Queens Expy+10003|NYBrooklyn Queens Expy10001+NYLorimer St+10001'
-73.9498,40.7342,12,23,'NYProvost St10003+NYGreen St+10003|NYGreen St10003'
-73.9498,40.6983,6,46,'NYMarcy Ave10003+NYEllery St+10003|NYEllery St10003'
-73.9498,40.6348,3,18,'NYFlatbush Ave10003+NYE 28th St+10003|NYE 28th St10003'
-73.9498,40.7397,2,7,'NY53rd Ave10003'
-73.9498,40.7904,40,699,'NYE 102nd St10003+NYPark Ave+10003|NYE 102 St10003+NYPark Ave+10003'
-73.9498,40.7677,14,73,'NYE 75 St10003|NYE 75 St10003+NYF D R Dr+10003|NYF D R Dr10002+NYE 75th St+10002|NYE 75th St10003'
-73.9498,40.8121,48,99,'NYW 128th St10003|NYW 128th St10003+NY8th Ave+10003|NYW 128th St10003+NYFrederick Douglass Blvd+10003|NY8th Ave10003+NYW 128 St+10003|NYW 128 St10003|NYW 128 St10003+NYFrederick Douglass Blvd+10003'
-73.9498,40.7410,0,8,'NY21st St10003|NY21st St10003+NY51st Ave+10003|NY51st Ave10003'
-73.9497,40.8070,95,591,'NYW 122nd St10003+NY7th Ave+10003|NYW 122nd St10003+NYAdam Clayton Powell Jr Blvd+10003|NY7th Ave10003+NYW 122 St+10003|NYW 122 St10003+NYAdam Clayton Powell Jr Blvd+10003'
-73.9497,40.6811,167,745,'NYMacon St10003+NYNostrand Ave+10003'
-73.9497,40.8327,1,130,'NYRiverside Dr10003|NYRiverside Dr10003+NYW 153rd St+10003|NYRiverside Dr10003+NYRiverside Dr+10003|NYW 153rd St10003|NYW 153rd St10003+NYRiverside Dr+10003'
-73.9497,40.7411,1,4,'NYQn Mdtwn Tnnl Entrance Wb10003|NYQn Mdtwn Tnnl Entrance Wb10003+NY51st Ave+10003|NY51st Ave10003|NY51st Ave10003+NY51st Ave+10003'
-73.9497,40.7962,685,857,'NYE 109 St10003|NYE 109 St10003+NY5th Ave+10003|NY5th Ave10003+NYE 109th St+10003|NYE 109th St10003'
-73.9497,40.8236,3,192,'NYW 142nd St10003+NYHamilton Pl+10003|NYW 142 St10003+NYHamilton Pl+10003'
-73.9497,40.8302,5,349,'NYW 150th St10003|NYW 150 St10003'
-73.9497,40.7335,6,11,'NYProvost St10003+NYHuron St+10003|NYHuron St10003'
-73.9497,40.8020,1098,1836,'NYW 116 St10003+NYMalcolm X Blvd+10003|NYW 116 St10003+NYLenox Ave+10003|NYMalcolm X Blvd10003+NYW 116th St+10003|NYLenox Ave10003+NYW 116th St+10003'
-73.9497,40.7441,92,232,'NY47th Rd10003+NYState Hwy 25 Alt+10003|NY47th Rd10003+NYJackson Ave+10003'
-73.9497,40.6517,12,190,'NYNostrand Ave10003+NYMartense St+10003'
-73.9496,40.6790,134,1121,'NYHerkimer Pl10003|NYHerkimer Pl10003+NYNostrand Ave+10003'
-73.9496,40.5749,0,5,'NYColeridge St10003|NYColeridge St10003+NYEsplanade+10003'
-73.9496,40.7970,186,729,'NYCathedral Pkwy10003|NYW 110th St10003'
-73.9496,40.7526,9,40,'NY9th St10003+NY43rd Ave+10003'
-73.9496,40.6325,0,5,'NYAmersfort Pl10003'
-73.9496,40.7415,14,15,'NYLong Island Expy10001+NYQn Mdtwn Tnnl Entrance Wb+10001|NYLong Island Expy10001+NY21st St+10001|NYQn Mdtwn Tnnl Entrance Wb10003|NYQn Mdtwn Tnnl Entrance Wb10003+NYQueens Midtown Expy+10003|NYQn Mdtwn Tnnl Entrance Wb10003+NY21st St+10003|NYQn Mdtwn Tnnl Entrance Wb10003+NYI 495+10003|NYQueens Midtown Expy10001+NY21st St+10001|NY21st St10003|NY21st St10003+NYI 495+10003'
-73.9496,40.6796,84,209,'NYNostrand Ave10003+NYHerkimer St+10003'
-73.9496,40.5834,0,1,'NYE 19th St10003'
-73.9496,40.7328,4,5,'NYIndia St10003|NYIndia St10003+NYProvost St+10003'
-73.9496,40.6645,0,21,'NYClove Rd10003+NYMalbone St+10003|NYMalbone St10003'
-73.9495,40.9311,0,1,'NJE Madison Ave10003|NJE Madison Ave10003+NJFairway Ct+10003|NJE Madison Ave10003+NJMcGrath Dr+10003|NJFairway Ct10003|NJFairway Ct10003+NJMcGrath Dr+10003|NJMcGrath Dr10003'
-73.9495,40.7878,482,466,'NYE 99th St10003+NYLexington Ave+10003|NYLexington Ave10003+NYE 99 St+10003'
-73.9495,40.5950,0,14,'NYE 21st St10003+NYAvenue W+10003'
-73.9495,40.7936,139,523,'NYE 106 St10003+NYMadison Ave+10003|NYMadison Ave10003+NYE 106th St+10003'
-73.9495,40.8277,260,484,'NYW 147 St10003+NYBroadway+10003|NYBroadway10003+NYW 147th St+10003'
-73.9495,40.7418,50,6,'NY21st St10003+NY50th Ave+10003|NY50th Ave10003'
-73.9495,40.6968,10,95,'NYFloyd St10003|NYFloyd St10003+NYMarcy Ave+10003|NYFloyd St10003+NYMartin Luther King Jr Pl+10003|NYMarcy Ave10003+NYMartin Luther King Jr Pl+10003|NYMartin Luther King Jr Pl10003'
-73.9495,40.6302,0,6,'NYE 28th St10003'
-73.9495,40.7727,2139,3525,'NYYork Ave10003+NYE 81st St+10003'
-73.9495,40.7050,31,23,'NYLynch St10003|NYLynch St10003+NYBroadway+10003'
-73.9495,40.7515,8,18,'NY10th St10003+NY43rd Rd+10003'
-73.9495,40.6498,3,34,'NYErasmus St10003|NYErasmus St10003+NYNostrand Ave+10003'
-73.9495,40.8227,139,488,'NYAmsterdam Ave10003+NYW 141 St+10003|NYAmsterdam Ave10003+NYW 141st St+10003'
-73.9495,40.8310,13,176,'NYW 151st St10003|NYW 151 St10003'
-73.9495,40.7701,387,1934,'NYE 78th St10003+NYCherokee Pl+10003|NYE 78 St10003+NYCherokee Pl+10003|NYCherokee Pl10003'
-73.9495,40.7321,2,17,'NYProvost St10003+NYJava St+10003|NYJava St10003'
-73.9494,40.6345,2,14,'NYGlenwood Rd10003|NYGlenwood Rd10003+NYFlatbush Ave+10003'
-73.9494,40.7811,3705,2919,'NYE 91st St10003+NY2nd Ave+10003|NYE 91st St10003+NY2 Ave+10003|NY2nd Ave10003+NYE 91 St+10003|NYE 91 St10003+NY2 Ave+10003'
-73.9494,40.7493,65,63,'NY11th St10003+NY44th Rd+10003'
-73.9494,40.7420,2,16,'NYQn Mdtwn Tnnl Entrance Wb10003|NYQn Mdtwn Tnnl Entrance Wb10003+NY21st St+10003'
-73.9494,40.6640,2,26,'NYClove Rd10003'
-73.9494,40.7966,594,321,'NYFrawley Cir10003'
-73.9494,40.7168,58,120,'NYI 27810001+NYWithers St+10001|NYWithers St10003+NYBrooklyn Queens Expy+10003'
-73.9494,40.6399,0,46,'NYE 29th St10003+NYNewkirk Ave+10003'
-73.9494,40.7022,0,14,'NYHarrison Ave10003+NYWalton St+10003'
-73.9494,40.7769,4409,8196,'NY1st Ave10003+NYE 86 St+10003|NY1st Ave10003+NYE 86th St+10003|NYE 86 St10003+NY1 Ave+10003|NY1 Ave10003+NYE 86th St+10003'
-73.9494,40.7542,97,541,'NYQueens Plz S10003|NYQueens Plz S10003+NYVernon Blvd+10003'
-73.9494,40.6961,76,195,'NYStockton St10003|NYStockton St10003+NYMarcy Ave+10003'
-73.9493,40.8340,10,36,'NYRiverside Dr10003|NYRiverside Dr10003+NYRiverside Dr+10003'
-73.9493,40.7314,4,10,'NYProvost St10003+NYKent St+10003|NYKent St10003'
-73.9493,40.7852,3279,9468,'NYE 96 St10003+NY3rd Ave+10003|NYE 96 St10003+NY3 Ave+10003|NY3rd Ave10003+NYE 96th St+10003|NY3 Ave10003+NYE 96th St+10003'
-73.9493,40.6140,1,25,'NYAve O10003+NYBedford Ave+10003'
-73.9493,40.7910,31,313,'NYE 103 St10003|NYE 103 St10003+NYPark Ave+10003|NYE 103rd St10003|NYE 103rd St10003+NYPark Ave+10003'
-73.9493,40.8127,39,134,'NYW 129 St10003|NYW 129 St10003+NYW 129th St+10003|NYW 129 St10003+NY8th Ave+10003|NYW 129 St10003+NYFrederick Douglass Blvd+10003|NYW 129th St10003|NYW 129th St10003+NY8th Ave+10003|NYW 129th St10003+NYFrederick Douglass Blvd+10003'
-73.9493,40.6481,5,42,'NYAlbemarle Rd10003|NYAlbemarle Rd10003+NYNostrand Ave+10003'
-73.9493,40.8077,108,688,'NYW 123rd St10003+NY7th Ave+10003|NYW 123rd St10003+NYAdam Clayton Powell Jr Blvd+10003|NYW 123 St10003+NY7th Ave+10003|NYW 123 St10003+NYAdam Clayton Powell Jr Blvd+10003'
-73.9493,40.7684,63,672,'NYE 76th St10003|NYE 76th St10003+NYF D R Dr+10003|NYF D R Dr10002+NYE 76 St+10002|NYE 76 St10003'
-73.9493,40.8317,10,233,'NYW 152nd St10003|NYW 152 St10003'
-73.9493,40.5880,5,69,'NYJerome Ave10003+NYOcean Ave+10003'
-73.9493,40.7049,35,35,'NYBroadway10003+NYThroop Ave+10003|NYThroop Ave10003'
-73.9493,40.6290,0,17,'NYAve I10003+NYE 28th St+10003'
-73.9492,40.8849,1,0,'NJClifton Ter10003'
-73.9492,40.7425,28,141,'NY21st St10003+NY49th Ave+10003'
-73.9492,40.7307,9,4,'NYProvost St10003|NYProvost St10003+NYGreenpoint Ave+10003'
-73.9492,40.7969,555,842,'NYE 110th St10003|NYE 110th St10003+NYCentral Park N+10003|NYE 110th St10003+NY5th Ave+10003|NYE 110th St10003+NYW 110 St+10003|NYCentral Park N10003|NYCentral Park N10003+NYE 110 St+10003|NYCentral Park N10003+NY5th Ave+10003|NYE 110 St10003|NYE 110 St10003+NY5th Ave+10003|NYE 110 St10003+NYW 110 St+10003|NY5th Ave10003+NYW 110 St+10003|NYW 110 St10003'
-73.9492,40.8027,191,760,'NYW 117th St10003+NYMalcolm X Blvd+10003|NYW 117th St10003+NYLenox Ave+10003'
-73.9492,40.7500,59,15,'NY11th St10003+NY44th Ave+10003'
-73.9492,40.6469,1,29,'NYTilden Ave10003+NYNostrand Ave+10003'
-73.9491,40.9318,0,1,'NJFairway Ct10003'
-73.9491,40.5820,1,4,'NYShore Blvd10003+NYExeter St+10003|NYExeter St10003'
-73.9491,40.8344,11,170,'NYRiverside Dr W10003'
-73.9491,40.7295,5,204,'NYCalyer St10003+NYDiamond St+10003|NYDiamond St10003'
-73.9491,40.7169,16,34,'NYMeeker Ave10003|NYMeeker Ave10003+NYWithers St+10003|NYMeeker Ave10003+NYMeeker Ave+10003|NYWithers St10003+NYMeeker Ave+10003'
-73.9491,40.7884,579,696,'NYE 100th St10003+NYLexington Ave+10003|NYLexington Ave10003+NYE 100 St+10003'
-73.9491,40.6946,137,413,'NYMarcy Ave10003+NYVernon Ave+10003'
-73.9490,40.8283,304,698,'NYW 148th St10003+NYBroadway+10003|NYW 148 St10003+NYBroadway+10003'
-73.9490,40.8792,0,1,'NJPalisades Interstate Pkwy10002+NJPalisade Ave+10002'
-73.9490,40.5973,0,30,'NYE 22nd St10003+NYGravesend Neck Rd+10003'
-73.9490,40.7943,72,582,'NYMadison Ave10003+NYE 107 St+10003|NYMadison Ave10003+NYE 107th St+10003|NYE 107 St10003|NYE 107 St10003+NYE 107th St+10003|NYE 107th St10003'
-73.9490,40.7733,2187,7848,'NYE 82nd St10003+NYYork Ave+10003'
-73.9490,40.8233,79,272,'NYW 142nd St10003+NYAmsterdam Ave+10003|NYAmsterdam Ave10003+NYW 142 St+10003'
-73.9490,40.8366,16,53,'NYHenry Hudson Pkwy10002+NYW 158 St+10002|NYHenry Hudson Pkwy10002+NYW 158th St Exn+10002|NYState Rte 9a10002+NYW 158 St+10002|NYState Rte 9a10002+NYW 158th St Exn+10002|NYW 158 St10003|NYW 158th St Exn10003'
-73.9490,40.6451,1,65,'NYBeverley Rd10003+NYNostrand Ave+10003'
-73.9490,40.7817,3735,6343,'NYE 92nd St10003+NY2nd Ave+10003|NYE 92nd St10003+NY2 Ave+10003|NYE 92 St10003+NY2nd Ave+10003|NYE 92 St10003+NY2 Ave+10003'
-73.9489,40.9168,0,1,'NJBerkeley Dr10003|NJBerkeley Dr10003+NJRidge Rd+10003'
-73.9489,40.5863,4,25,'NYVoorhies Ave10003+NYOcean Ave+10003'
-73.9489,40.6939,24,304,'NYWilloughby Ave10003+NYMarcy Ave+10003'
-73.9489,40.7363,6,9,'NYPaidge Ave10003'
-73.9489,40.7547,27,74,'NYVernon Blvd10003+NY59th Street Brg+10003|NY59th Street Brg10002'
-73.9489,40.8341,0,14,'NYW 155th St10003|NYW 155th St10003+NYRiverside Dr+10003|NYRiverside Dr10003+NYW 155 St+10003|NYW 155 St10003'
-73.9489,40.7112,1869,3096,'NYGrand St10003+NYLorimer St+10003'
-73.9489,40.8241,8,227,'NYW 143 St10003+NYHamilton Pl+10003|NYHamilton Pl10003+NYW 143rd St+10003'
-73.9489,40.7776,2183,4737,'NYE 87th St10003+NY1st Ave+10003|NYE 87th St10003+NY1 Ave+10003|NYE 87 St10003+NY1st Ave+10003|NYE 87 St10003+NY1 Ave+10003'
-73.9489,40.7213,1473,1156,'NYEngert Ave10003|NYEngert Ave10003+NYLeonard St+10003|NYEngert Ave10003+NYManhattan Ave+10003|NYLeonard St10003+NYManhattan Ave+10003'
-73.9489,40.7170,29,43,'NYMeeker Ave10003|NYMeeker Ave10003+NYMeeker Ave+10003|NYMeeker Ave10003+NYWithers St+10003'
-73.9488,40.7916,29,236,'NYE 104 St10003+NYPark Ave+10003|NYPark Ave10003+NYE 104th St+10003'
-73.9488,40.8134,27,68,'NYW 130th St10003|NYW 130th St10003+NY8th Ave+10003|NYW 130th St10003+NYW 130 St+10003|NYW 130th St10003+NYFrederick Douglass Blvd+10003|NY8th Ave10003+NYW 130 St+10003|NYW 130 St10003|NYW 130 St10003+NYFrederick Douglass Blvd+10003'
-73.9488,40.7437,17,28,'NY48th Ave10003|NY48th Ave10003+NY21st St+10003'
-73.9488,40.7859,601,2092,'NYE 97 St10003+NY3rd Ave+10003|NYE 97 St10003+NY3 Ave+10003|NY3rd Ave10003+NYE 97th St+10003|NYE 97th St10003+NY3 Ave+10003'
-73.9488,40.8083,101,342,'NYW 124th St10003+NY7th Ave+10003|NYW 124th St10003+NYAdam Clayton Powell Jr Blvd+10003'
-73.9488,40.6115,0,60,'NYAve P10003+NYBedford Ave+10003'
-73.9488,40.6339,3,15,'NYE 29th St10003|NYE 29th St10003+NYFlatbush Ave+10003|NYE 29th St10003+NYGlenwood Rd+10003|NYFlatbush Ave10003+NYGlenwood Rd+10003|NYGlenwood Rd10003'
-73.9488,40.7522,5,34,'NY10th St10003+NY43rd Ave+10003'
-73.9488,40.7510,10,17,'NY11th St10003+NY43rd Rd+10003'
-73.9488,40.7975,609,638,'NYW 111 St10003|NYW 111 St10003+NYE 111 St+10003|NYW 111 St10003+NY5th Ave+10003|NYW 111 St10003+NYE 111th St+10003|NYW 111th St10003|NYW 111th St10003+NYE 111 St+10003|NYW 111th St10003+NY5th Ave+10003|NYW 111th St10003+NYE 111th St+10003|NYE 111 St10003|NYE 111 St10003+NY5th Ave+10003|NY5th Ave10003+NYE 111th St+10003|NYE 111th St10003'
-73.9488,40.7045,17,80,'NYThroop Ave10003+NYMiddleton St+10003'
-73.9488,40.7307,7,6,'NYJewel St10003|NYJewel St10003+NYGreenpoint Ave+10003'
-73.9488,40.6932,27,259,'NYMarcy Ave10003+NYHart St+10003'
-73.9488,40.6320,2,3,'NYHillel Pl10003'
-73.9488,40.7439,36,38,'NY47th Rd10003|NY47th Rd10003+NY21st St+10003'
-73.9487,40.7016,0,2,'NYWallabout St10003+NYHarrison Ave+10003'
-73.9487,40.8033,236,564,'NYMalcolm X Blvd10003+NYW 118 St+10003|NYMalcolm X Blvd10003+NYW 118th St+10003|NYW 118 St10003+NYLenox Ave+10003|NYW 118th St10003+NYLenox Ave+10003'
-73.9487,40.8837,1,0,'NJDemarest Ave10003|NJDemarest Ave10003+NJSylvan Ave+10003'
-73.9487,40.5750,0,4,'NYEsplanade10003+NYDover St+10003|NYDover St10003'
-73.9487,40.8157,25,258,'NYSaint Nicholas Ave10003+NYW 133rd St+10003|NYSaint Nicholas Ave10003+NYW 133 St+10003|NYW 133rd St10003|NYW 133rd St10003+NYSt Nicholas Ave+10003|NYSt Nicholas Ave10003+NYW 133 St+10003|NYW 133 St10003'
-73.9487,40.6517,3,72,'NYFairview Pl10003|NYFairview Pl10003+NYMartense St+10003'
-73.9487,40.7046,32,60,'NYBroadway10003+NYMiddleton St+10003|NYMiddleton St10003'
-73.9486,40.8342,0,56,'NYRiverside Dr10003|NYRiverside Dr10003+NYRiverside Dr+10003'
-73.9486,40.6924,30,379,'NYPulaski St10003+NYMarcy Ave+10003'
-73.9486,40.7891,777,1061,'NYE 101 St10003+NYLexington Ave+10003|NYLexington Ave10003+NYE 101st St+10003'
-73.9486,40.8290,489,829,'NYW 149th St10003+NYBroadway+10003|NYW 149 St10003+NYBroadway+10003'
-73.9486,40.6509,1,19,'NYChurch Ave10003+NYFairview Pl+10003|NYChurch Ave10003+NYE 31st St+10003|NYFairview Pl10003|NYFairview Pl10003+NYE 31st St+10003|NYE 31st St10003'
-73.9486,40.5951,0,46,'NYE 22nd St10003+NYAvenue W+10003'
-73.9486,40.7446,925,949,'NY47th Ave10003|NY47th Ave10003+NYState Hwy 25 Alt+10003|NY47th Ave10003+NYJackson Ave+10003'
-73.9486,40.7177,38,161,'NYFrost St10003|NYFrost St10003+NYMeeker Ave+10003'
-73.9486,40.7949,58,505,'NYE 108 St10003+NYMadison Ave+10003|NYE 108th St10003+NYMadison Ave+10003'
-73.9486,40.5843,1,3,'NYShore Pkwy S10003+NYOcean Ave+10003|NYShore Pkwy10003+NYOcean Ave+10003'
-73.9486,40.8239,79,349,'NYAmsterdam Ave10003+NYW 143 St+10003|NYAmsterdam Ave10003+NYW 143rd St+10003'
-73.9486,40.5975,0,8,'NYV Ave10003|NYV Ave10003+NYNeck Rd+10003|NYV Ave10003+NYGravesend Neck Rd+10003|NYV Ave10003+NYAve V+10003|NYNeck Rd10003|NYNeck Rd10003+NYGravesend Neck Rd+10003|NYNeck Rd10003+NYAve V+10003|NYGravesend Neck Rd10003|NYGravesend Neck Rd10003+NYGravesend Neck Rd+10003|NYGravesend Neck Rd10003+NYAve V+10003|NYAve V10003+NYAve V+10003|NYAve V10003'
-73.9485,40.7740,2945,5087,'NYYork Ave10003+NYE 83rd St+10003'
-73.9485,40.8215,16,361,'NYW 140th St10003|NYW 140th St10003+NYSaint Nicholas Ter+10003|NYW 140th St10003+NYConvent Ave+10003|NYSaint Nicholas Ter10003|NYSaint Nicholas Ter10003+NYW 140 St+10003|NYSaint Nicholas Ter10003+NYConvent Ave+10003|NYW 140 St10003|NYW 140 St10003+NYConvent Ave+10003'
-73.9485,40.7192,31,414,'NYLeonard St10003+NYBayard St+10003'
-73.9485,40.7447,46,56,'NY21st St10003+NYState Hwy 25 Alt+10003|NY21st St10003+NYJackson Ave+10003'
-73.9485,40.8363,59,619,'NYW 158th St10003|NYW 158th St10003+NYRiverside Dr W+10003|NYW 158th St10003+NYW 158th St Exn+10003|NYRiverside Dr W10003+NYW 158 St+10003|NYRiverside Dr W10003+NYW 158th St Exn+10003|NYW 158th St Exn10003'
-73.9485,40.7823,3561,3617,'NYE 93 St10003+NY2nd Ave+10003|NYE 93 St10003+NY2 Ave+10003|NY2nd Ave10003+NYE 93rd St+10003|NY2 Ave10003+NYE 93rd St+10003'
-73.9485,40.8338,0,5,'NYRiverside Dr10003|NYRiverside Dr10003+NYW 155th St+10003|NYRiverside Dr10003+NYW 155 St+10003'
-73.9484,40.5837,2,4,'NYEmmons Ave10003+NYOcean Ave+10003'
-73.9484,40.7782,1887,7567,'NYE 88 St10003+NY1st Ave+10003|NYE 88 St10003+NY1 Ave+10003|NYE 88th St10003+NY1st Ave+10003|NYE 88th St10003+NY1 Ave+10003'
-73.9484,40.8139,61,236,'NYW 131st St10003|NYW 131st St10003+NY8th Ave+10003|NYW 131st St10003+NYFrederick Douglass Blvd+10003|NYW 131 St10003|NYW 131 St10003+NY8th Ave+10003|NYW 131 St10003+NYFrederick Douglass Blvd+10003'
-73.9484,40.7185,35,215,'NYLeonard St10003+NYRichardson St+10003'
-73.9484,40.6093,0,52,'NYQuentin Rd10003+NYBedford Ave+10003'
-73.9484,40.6400,0,33,'NYNewkirk Ave10003+NYNostrand Ave+10003'
-73.9484,40.6323,0,7,'NYKenilworth Pl10003|NYKenilworth Pl10003+NYHillel Pl+10003'
-73.9484,40.7696,52,536,'NYE 78th St10003|NYE 78th St10003+NYF D R Dr+10003|NYE 78 St10003|NYE 78 St10003+NYF D R Dr+10003|NYF D R Dr10003'
-73.9484,40.7923,13,85,'NYE 105 St10003|NYE 105 St10003+NYPark Ave+10003|NYE 105th St10003|NYE 105th St10003+NYPark Ave+10003'
-73.9484,40.7865,144,361,'NYE 98th St10003|NYE 98th St10003+NY3rd Ave+10003|NYE 98th St10003+NY3 Ave+10003|NY3rd Ave10003+NYE 98 St+10003|NYE 98 St10003|NYE 98 St10003+NY3 Ave+10003'
-73.9484,40.5835,0,2,'NYOcean Ave10003'
-73.9484,40.8164,17,120,'NYSaint Nicholas Ave10003+NYW 134 St+10003|NYSaint Nicholas Ave10003+NYW 134th St+10003|NYW 134 St10003|NYW 134 St10003+NYSt Nicholas Ave+10003|NYW 134th St10003|NYW 134th St10003+NYSt Nicholas Ave+10003'
-73.9483,40.8890,0,1,'NJFairview Ave10003|NJFairview Ave10003+NJFloyd St+10003'
-73.9483,40.6141,0,36,'NYAve O10003+NYE 26th St+10003'
-73.9483,40.6136,2,16,'NYE 26th St10003+NYKings Hwy+10003'
-73.9483,40.6910,64,339,'NYMarcy Ave10003+NYKosciuszko St+10003'
-73.9483,40.8090,681,369,'NYMartin Luther King Blvd10003+NYAdam Clayton Powell Jr Blvd+10003|NYDr Martin Luther King Jr Blvd10003+NYAdam Clayton Powell Jr Blvd+10003|NYW 125th St10003+NY7th Ave+10003|NYW 125th St10003+NYAdam Clayton Powell Jr Blvd+10003|NY7th Ave10003+NYW 125 St+10003|NYW 125 St10003+NYAdam Clayton Powell Jr Blvd+10003'
-73.9483,40.6291,1,48,'NYAve I10003+NYE 29th St+10003'
-73.9483,40.7981,318,389,'NYW 112 St10003|NYW 112 St10003+NYE 112th St+10003|NYW 112 St10003+NY5th Ave+10003|NYW 112 St10003+NYE 112 St+10003|NYE 112th St10003|NYE 112th St10003+NY5th Ave+10003|NYE 112th St10003+NYW 112th St+10003|NY5th Ave10003+NYE 112 St+10003|NY5th Ave10003+NYW 112th St+10003|NYE 112 St10003|NYE 112 St10003+NYW 112th St+10003|NYW 112th St10003'
-73.9483,40.7453,66,102,'NY21st St10003+NY46th Rd+10003'
-73.9483,40.7177,30,49,'NYI 27810001+NYLeonard St+10001|NYBrooklyn Queens Expy10001+NYLeonard St+10001'
-73.9483,40.7498,3,7,'NY44th Ave10003+NY12th St+10003|NY12th St10003'
-73.9483,40.8040,217,1021,'NYW 119th St10003+NYMalcolm X Blvd+10003|NYW 119th St10003+NYLenox Ave+10003|NYW 119 St10003+NYMalcolm X Blvd+10003|NYW 119 St10003+NYLenox Ave+10003'
-73.9483,40.7175,16,14,'NYI 27810001+NYLeonard St+10001'
-73.9483,40.7541,61,118,'NY9th St10003|NY9th St10003+NYQueens Plz S+10003'
-73.9482,40.5883,1,11,'NYJerome Ave10003+NYE 21st St+10003'
-73.9482,40.7174,19,33,'NYMeeker Ave10003+NYLeonard St+10003'
-73.9482,40.8342,1,132,'NYRiverside Dr10003|NYRiverside Dr10003+NYRiverside Dr+10003'
-73.9482,40.6644,15,151,'NYMalbone St10003'
-73.9482,40.7170,12,147,'NYWithers St10003+NYLeonard St+10003'
-73.9482,40.7246,1184,3028,'NYMcGuinness Blvd10003+NYNassau Ave+10003'
-73.9482,40.7227,196,870,'NYDriggs Ave10003+NYEckford St+10003'
-73.9481,40.7448,92,55,'NYArch St10003|NYArch St10003+NYState Hwy 25 Alt+10003|NYArch St10003+NYJackson Ave+10003'
-73.9481,40.7897,681,936,'NYE 102nd St10003+NYLexington Ave+10003|NYE 102 St10003+NYLexington Ave+10003'
-73.9481,40.9014,0,1,'NJRoberts Rd10003+NJCarol Dr+10003|NJCarol Dr10003'
-73.9481,40.7043,52,59,'NYBroadway10003+NYMcKibben St+10003|NYMcKibben St10003'
-73.9481,40.8296,311,571,'NYW 150th St10003+NYBroadway+10003|NYW 150 St10003+NYBroadway+10003'
-73.9481,40.5977,1,22,'NYGravesend Neck Rd10003|NYGravesend Neck Rd10003+NYV Ave+10003|NYGravesend Neck Rd10003+NYNeck Rd+10003|NYGravesend Neck Rd10003+NYGravesend Neck Rd+10003|NYGravesend Neck Rd10003+NYE 23rd St+10003|NYGravesend Neck Rd10003+NYAve V+10003|NYV Ave10003|NYV Ave10003+NYNeck Rd+10003|NYV Ave10003+NYGravesend Neck Rd+10003|NYV Ave10003+NYE 23rd St+10003|NYV Ave10003+NYAve V+10003|NYNeck Rd10003|NYNeck Rd10003+NYGravesend Neck Rd+10003|NYNeck Rd10003+NYE 23rd St+10003|NYNeck Rd10003+NYAve V+10003|NYE 23rd St10003+NYAve V+10003|NYAve V10003'
-73.9481,40.7000,8,12,'NYBartlett St10003|NYBartlett St10003+NYFlushing Ave+10003'
-73.9481,40.7010,1,8,'NYGerry St10003+NYHarrison Ave+10003'
-73.9481,40.8246,98,295,'NYAmsterdam Ave10003+NYHamilton Pl+10003|NYAmsterdam Ave10003+NYW 144th St+10003|NYAmsterdam Ave10003+NYW 144 St+10003|NYHamilton Pl10003|NYHamilton Pl10003+NYW 144th St+10003|NYHamilton Pl10003+NYW 144 St+10003'
-73.9481,40.7955,75,994,'NYE 109 St10003+NYMadison Ave+10003|NYMadison Ave10003+NYE 109th St+10003'
-73.9481,40.7746,1977,6771,'NYE 84th St10003+NYYork Ave+10003'
-73.9481,40.5818,0,4,'NYShore Blvd10003+NYOcean Ave+10003|NYOcean Ave10003'
-73.9481,40.7704,714,2064,'NYE 79th St10003+NYE End Ave+10003|NYE End Ave10003|NYE End Ave10003+NYE 79 St+10003'
-73.9481,40.7460,38,166,'NY21st St10003+NY46th Ave+10003'
-73.9481,40.7163,12,169,'NYLeonard St10003+NYJackson St+10003'
-73.9481,40.7518,96,713,'NY11th St10003+NY43rd Ave+10003'
-73.9480,40.7505,1,14,'NY43rd Rd10003|NY43rd Rd10003+NY12th St+10003'
-73.9480,40.6895,16,107,'NYMarcy Ave10003+NYClifton Pl+10003|NYClifton Pl10003'
-73.9480,40.7829,2454,4878,'NY2nd Ave10003+NYE 94th St+10003|NY2nd Ave10003+NYE 94 St+10003|NYE 94th St10003+NY2 Ave+10003|NYE 94 St10003+NY2 Ave+10003'
-73.9480,40.6315,0,1,'NYAve H10003'
-73.9480,40.8171,35,21,'NYSaint Nicholas Ave10003+NYW 135 St+10003|NYSaint Nicholas Ave10003+NYW 135th St+10003|NYW 135 St10003|NYW 135 St10003+NYSt Nicholas Ave+10003|NYW 135th St10003|NYW 135th St10003+NYSt Nicholas Ave+10003'
-73.9480,40.6633,5,28,'NYSterling St10003+NYNew York Ave+10003'
-73.9480,40.7788,2578,6826,'NYE 89th St10003+NY1st Ave+10003|NYE 89th St10003+NY1 Ave+10003|NY1st Ave10003+NYE 89 St+10003|NYE 89 St10003+NY1 Ave+10003'
-73.9480,40.7156,13,215,'NYLeonard St10003+NYSkillman Ave+10003'
-73.9480,40.7214,19,322,'NYEngert Ave10003+NYEckford St+10003'
-73.9479,40.8146,79,369,'NYW 132nd St10003|NYW 132nd St10003+NY8th Ave+10003|NYW 132nd St10003+NYFrederick Douglass Blvd+10003|NY8th Ave10003+NYW 132 St+10003|NYFrederick Douglass Blvd10003+NYW 132 St+10003|NYW 132 St10003'
-73.9479,40.8171,37,302,'NYW 135 St10003+NYEdgecombe Ave+10003|NYW 135th St10003+NYEdgecombe Ave+10003|NYEdgecombe Ave10003'
-73.9479,40.7871,112,887,'NY3rd Ave10003+NYE 99th St+10003|NY3rd Ave10003+NYE 99 St+10003|NYE 99th St10003+NY3 Ave+10003|NY3 Ave10003+NYE 99 St+10003'
-73.9479,40.6445,0,16,'NYCortelyou Rd10003+NYE 31st St+10003'
-73.9479,40.7929,76,286,'NYE 106 St10003+NYPark Ave+10003|NYE 106th St10003+NYPark Ave+10003'
-73.9479,40.7309,8,6,'NYGreenpoint Ave10003+NYMoultrie St+10003|NYMoultrie St10003'
-73.9479,40.6888,38,416,'NYMarcy Ave10003+NYGreene Ave+10003'
-73.9479,40.5864,0,2,'NYE 21st St10003+NYVoorhies Ave+10003'
-73.9479,40.7041,51,79,'NYBroadway10003+NYLorimer St+10003'
-73.9479,40.6116,0,1,'NYE 26th St10003|NYE 26th St10003+NYAve P+10003'
-73.9479,40.7444,4,6,'NYArch St10003'
-73.9478,40.8096,110,223,'NY7th Ave10003+NYW 126th St+10003|NY7th Ave10003+NYW 126 St+10003|NYW 126th St10003+NYAdam Clayton Powell Jr Blvd+10003|NYW 126 St10003+NYAdam Clayton Powell Jr Blvd+10003'
-73.9478,40.7467,42,173,'NY45th Rd10003+NY21st St+10003'
-73.9478,40.7149,1562,1498,'NYLeonard St10003+NYConselyea St+10003'
-73.9478,40.6617,2,93,'NYE New York Ave10003|NYE New York Ave10003+NYLincoln Rd+10003|NYLincoln Rd10003'
-73.9478,40.8046,243,901,'NYW 120 St10003+NYMalcolm X Blvd+10003|NYW 120 St10003+NYLenox Ave+10003|NYMalcolm X Blvd10003+NYW 120th St+10003|NYW 120th St10003+NYLenox Ave+10003'
-73.9478,40.7044,13,47,'NYMcKibben St10003'
-73.9478,40.5751,0,3,'NYEsplanade10003|NYEsplanade10003+NYExeter St+10003|NYExeter St10003'
-73.9478,40.8345,6,524,'NYRiverside Dr10003+NYW 156th St+10003|NYRiverside Dr10003+NYW 156 St+10003|NYW 156th St10003|NYW 156 St10003'
-73.9478,40.7203,3,45,'NYEckford St10003|NYEckford St10003+NYManhattan Ave+10003'
-73.9478,40.7702,256,185,'NYE 79th St10003+NYF D R Dr+10003|NYE 79 St10003+NYF D R Dr+10003|NYF D R Dr10003'
-73.9478,40.6433,3,42,'NYE 31st St10003|NYE 31st St10003+NYClarendon Rd+10003|NYE 31st St10003+NYE 31 St+10003|NYE 31st St10003+NYE 31st St+10003|NYClarendon Rd10003+NYE 31 St+10003|NYClarendon Rd10003+NYE 31st St+10003|NYE 31 St10003|NYE 31 St10003+NYE 31st St+10003'
-73.9478,40.6340,2,36,'NYGlenwood Rd10003+NYNostrand Ave+10003'
-73.9477,40.6518,1,22,'NYRaleigh Pl10003|NYRaleigh Pl10003+NYMartense St+10003'
-73.9477,40.6803,19,118,'NYVerona Pl10003|NYVerona Pl10003+NYFulton St+10003'
-73.9477,40.5855,1,1,'NYKenmore Ct10003|NYKenmore Ct10003+NYE 21st St+10003'
-73.9477,40.6329,13,28,'NYFlatbush Ave10003+NYNostrand Ave+10003|NYFlatbush Ave10003+NYHillel Pl+10003|NYNostrand Ave10003+NYHillel Pl+10003|NYHillel Pl10003'
-73.9477,40.8120,6,70,'NYW 129th St10003|NYW 129 St10003'
-73.9477,40.7903,1114,817,'NYE 103 St10003+NYLexington Ave+10003|NYE 103rd St10003+NYLexington Ave+10003'
-73.9477,40.8302,252,846,'NYW 151st St10003+NYBroadway+10003|NYW 151 St10003+NYBroadway+10003'
-73.9477,40.8179,13,37,'NYW 136th St10003|NYW 136th St10003+NYSaint Nicholas Ave+10003|NYW 136th St10003+NYSt Nicholas Ave+10003|NYW 136 St10003|NYW 136 St10003+NYSaint Nicholas Ave+10003|NYW 136 St10003+NYSt Nicholas Ave+10003'
-73.9477,40.6509,2,38,'NYRaleigh Pl10003|NYRaleigh Pl10003+NYE 32nd St+10003|NYRaleigh Pl10003+NYChurch Ave+10003|NYE 32nd St10003|NYE 32nd St10003+NYChurch Ave+10003'
-73.9476,40.6706,62,521,'NYLincoln Pl10003'
-73.9476,40.7962,77,800,'NYE 110th St10003+NYMadison Ave+10003|NYE 110 St10003+NYMadison Ave+10003'
-73.9476,40.6707,35,569,'NYLincoln Pl10003'
-73.9476,40.7702,32,24,'NYF D R Dr10002+NYE 79th St+10002|NYF D R Dr10002+NYE 79 St+10002|NYE 79th St10003|NYE 79 St10003'
-73.9476,40.6813,5,193,'NYVerona Pl10003|NYVerona Pl10003+NYMacon St+10003'
-73.9476,40.7497,0,5,'NY44th Ave10003+NY13th St+10003|NY13th St10003'
-73.9476,40.7752,2394,4000,'NYYork Ave10003+NYE 85th St+10003'
-73.9476,40.8227,12,392,'NYW 142nd St10003|NYW 142nd St10003+NYConvent Ave+10003|NYW 142 St10003|NYW 142 St10003+NYConvent Ave+10003'
-73.9476,40.7474,99,421,'NY45th Ave10003+NY21st St+10003'
-73.9476,40.8252,154,486,'NYW 145th St10003+NYAmsterdam Ave+10003'
-73.9476,40.7400,15,21,'NYBorden Ave10003+NY23rd St+10003|NY23rd St10003'
-73.9476,40.7135,592,1336,'NYDevoe St10003+NYLeonard St+10003'
-73.9476,40.7711,740,2957,'NYE 80 St10003+NYE End Ave+10003|NYE End Ave10003+NYE 80th St+10003'
-73.9476,40.7836,2854,3312,'NYE 95th St10003+NY2nd Ave+10003|NYE 95th St10003+NY2 Ave+10003|NY2nd Ave10003+NYE 95 St+10003|NY2 Ave10003+NYE 95 St+10003'
-73.9476,40.7201,0,114,'NYManhattan Ave10003+NYNewton St+10003|NYNewton St10003'
-73.9476,40.7178,27,96,'NYMeeker Ave10003+NYFrost St+10003|NYFrost St10003'
-73.9475,40.6410,1,25,'NYE 31st St10003|NYE 31st St10003+NYE 31st St+10003|NYE 31st St10003+NYE 31 St+10003|NYE 31st St10003+NYAve D+10003|NYE 31 St10003|NYE 31 St10003+NYAve D+10003'
-73.9475,40.6316,1,21,'NYAve H10003+NYNostrand Ave+10003'
-73.9475,40.7034,9,21,'NYThroop Ave10003+NYWalton St+10003'
-73.9475,40.6589,1,34,'NYFenimore St10003+NYNew York Ave+10003'
-73.9475,40.7794,1820,6419,'NY1st Ave10003+NYE 90th St+10003|NY1st Ave10003+NYE 90 St+10003|NYE 90th St10003+NY1 Ave+10003|NYE 90 St10003+NY1 Ave+10003'
-73.9475,40.8152,77,259,'NYW 133rd St10003+NY8th Ave+10003|NYW 133rd St10003+NYFrederick Douglass Blvd+10003|NY8th Ave10003+NYW 133 St+10003|NYFrederick Douglass Blvd10003+NYW 133 St+10003'
-73.9475,40.7005,2,7,'NYHarrison Ave10003+NYBartlett St+10003'
-73.9475,40.7227,143,475,'NYDriggs Ave10003+NYGraham Ave+10003|NYGraham Ave10003'
-73.9475,40.7878,119,848,'NY3rd Ave10003+NYE 100th St+10003|NY3rd Ave10003+NYE 100 St+10003|NY3 Ave10003+NYE 100th St+10003|NY3 Ave10003+NYE 100 St+10003|NYE 100th St10003|NYE 100 St10003'
-73.9475,40.6142,0,22,'NYAve O10003|NYAve O10003+NYKings Hwy+10003|NYAve O10003+NYE 27th St+10003'
-73.9475,40.6094,0,5,'NYQuentin Rd10003+NYE 26th St+10003|NYE 26th St10003'
-73.9475,40.7451,166,99,'NY46th Rd10003|NY46th Rd10003+NYState Hwy 25 Alt+10003|NY46th Rd10003+NYJackson Ave+10003'
-73.9474,40.6400,0,10,'NYE 31st St10003|NYE 31st St10003+NYNewkirk Ave+10003'
-73.9474,40.8178,2,72,'NYW 136th St10003+NYEdgecombe Ave+10003|NYW 136 St10003+NYEdgecombe Ave+10003'
-73.9474,40.6580,2,28,'NYNew York Ave10003+NYHawthorne St+10003'
-73.9474,40.7301,0,4,'NYCalyer St10003+NYMoultrie St+10003'
-73.9474,40.7249,48,563,'NYNewell St10003+NYNassau Ave+10003'
-73.9474,40.7936,13,87,'NYE 107 St10003|NYE 107 St10003+NYPark Ave+10003|NYE 107th St10003|NYE 107th St10003+NYPark Ave+10003'
-73.9474,40.5837,1,9,'NYE 21st St10003+NYEmmons Ave+10003'
-73.9474,40.7407,7,8,'NY51st Ave10003+NY23rd St+10003'
-73.9474,40.8103,59,367,'NYW 127th St10003+NY7th Ave+10003|NYW 127th St10003+NYAdam Clayton Powell Jr Blvd+10003|NYLloyd E Dickens Pl10003|NYLloyd E Dickens Pl10003+NY7th Ave+10003|NYLloyd E Dickens Pl10003+NYAdam Clayton Powell Jr Blvd+10003|NY7th Ave10003+NYW 127 St+10003|NYW 127 St10003+NYAdam Clayton Powell Jr Blvd+10003'
-73.9474,40.7537,46,38,'NY10th St10003|NY10th St10003+NYQueens Plz S+10003'
-73.9474,40.7121,372,601,'NYPowers St10003+NYLeonard St+10003'
-73.9474,40.7481,457,388,'NY21st St10003+NY44th Dr+10003'
-73.9474,40.8052,122,675,'NYW 121st St10003+NYMalcolm X Blvd+10003|NYW 121st St10003+NYLenox Ave+10003'
-73.9474,40.8185,29,40,'NYSaint Nicholas Ave10003+NYW 137 St+10003|NYSaint Nicholas Ave10003+NYW 137th St+10003|NYW 137 St10003|NYW 137 St10003+NYSt Nicholas Ave+10003|NYW 137th St10003|NYW 137th St10003+NYSt Nicholas Ave+10003'
-73.9473,40.5885,0,6,'NYE 22nd St10003+NYJerome Ave+10003'
-73.9473,40.6610,0,18,'NYMaple St10003+NYMiami Ct+10003|NYMiami Ct10003'
-73.9473,40.6742,50,691,'NYNew York Ave10003+NYProspect Pl+10003'
-73.9473,40.7642,533,2011,'NYEast Rd10003+NYRoosevelt Island Brg+10003|NYRoosevelt Island Brg10003|NYRoosevelt Island Brg10003+NYMain St+10003'
-73.9473,40.6382,1,23,'NYE 31st St10003'
-73.9473,40.5835,1,6,'NYE 21st St10003'
-73.9473,40.7565,20,86,'NYVernon Blvd10003+NY41st Ave+10003|NY41st Ave10003'
-73.9473,40.5885,0,4,'NYJerome Ave10003+NYE 23rd St+10003|NYE 23rd St10003'
-73.9473,40.6564,5,23,'NYParkside Ave10003'
-73.9473,40.5980,1,37,'NYGravesend Neck Rd10003+NYE 24th St+10003'
-73.9473,40.6603,5,56,'NYMiami Ct10003|NYMiami Ct10003+NYMidwood St+10003'
-73.9472,40.7001,7,30,'NYTompkins Ave10003|NYTompkins Ave10003+NYFlushing Ave+10003'
-73.9472,40.7514,8,71,'NY43rd Ave10003+NY12th St+10003'
-73.9472,40.8218,4,338,'NYHamilton Ter10003|NYHamilton Ter10003+NYW 141 St+10003|NYHamilton Ter10003+NYW 141st St+10003'
-73.9472,40.7186,17,68,'NYRichardson St10003+NYMeeker Ave+10003'
-73.9472,40.7221,39,392,'NYGraham Ave10003+NYBroome St+10003|NYBroome St10003'
-73.9472,40.7909,681,715,'NYE 104 St10003+NYLexington Ave+10003|NYLexington Ave10003+NYE 104th St+10003'
-73.9472,40.8308,182,572,'NYW 152nd St10003+NYBroadway+10003|NYBroadway10003+NYW 152 St+10003'
-73.9472,40.7412,54,16,'NYLong Island Expy10001+NY23rd St+10001|NYQueens Midtown Expy10001+NY23rd St+10001|NYI 49510001+NY23rd St+10001'
-73.9472,40.7968,60,489,'NYE 111 St10003+NYMadison Ave+10003|NYMadison Ave10003+NYE 111th St+10003'
-73.9472,40.8234,5,210,'NYW 143 St10003|NYW 143 St10003+NYConvent Ave+10003|NYW 143rd St10003|NYW 143rd St10003+NYConvent Ave+10003'
-73.9471,40.7414,24,10,'NY50th Ave10003|NY50th Ave10003+NY23rd St+10003|NY23rd St10003'
-73.9471,40.6759,38,203,'NYNew York Ave10003+NYBergen St+10003'
-73.9471,40.7648,122,924,'NYRiver Rd10003'
-73.9471,40.6374,0,4,'NYFarragut Pl10003|NYFarragut Pl10003+NYE 31st St+10003'
-73.9471,40.7001,2,27,'NYHarrison Ave10003|NYHarrison Ave10003+NYFlushing Ave+10003'
-73.9471,40.7759,3423,8061,'NYYork Ave10003+NYE 86 St+10003|NYYork Ave10003+NYE 86th St+10003'
-73.9471,40.7717,970,2454,'NYE End Ave10003+NYE 81st St+10003'
-73.9471,40.8259,35,252,'NYW 146th St10003+NYAmsterdam Ave+10003|NYAmsterdam Ave10003+NYW 146 St+10003'
-73.9471,40.7489,86,77,'NY44th Rd10003+NY21st St+10003'
-73.9471,40.7106,520,866,'NYLeonard St10003+NYMaujer St+10003'
-73.9471,40.6767,19,273,'NYNew York Ave10003+NYDean St+10003'
-73.9471,40.7842,2195,4039,'NYE 96 St10003+NY2nd Ave+10003|NYE 96 St10003+NY2 Ave+10003|NY2nd Ave10003+NYE 96th St+10003|NYE 96th St10003+NY2 Ave+10003'
-73.9471,40.8379,3,76,'NYRiverside Dr10003'
-73.9471,40.7228,212,486,'NYDriggs Ave10003+NYMc Guinness Blvd S+10003|NYDriggs Ave10003+NYMcGuinness Blvd+10003|NYMc Guinness Blvd S10003|NYMc Guinness Blvd S10003+NYMcGuinness Blvd+10003|NYMcGuinness Blvd10003'
-73.9471,40.8383,2,6,'NYRiverside Dr W10003|NYRiverside Dr W10003+NYRiverside Dr+10003|NYRiverside Dr10003'
-73.9471,40.7037,71,56,'NYBroadway10003+NYWalton St+10003|NYWalton St10003'
-73.9470,40.7801,1977,5457,'NYE 91st St10003+NY1st Ave+10003|NYE 91st St10003+NY1 Ave+10003|NY1st Ave10003+NYE 91 St+10003|NYE 91 St10003+NY1 Ave+10003'
-73.9470,40.5816,0,7,'NYShore Blvd10003+NYFalmouth St+10003|NYFalmouth St10003'
-73.9470,40.6363,1,28,'NYE 31st St10003+NYFarragut Rd+10003'
-73.9470,40.7708,28,45,'NYE 80 St10003|NYE 80 St10003+NYF D R Dr+10003|NYF D R Dr10002+NYE 80th St+10002|NYE 80th St10003'
-73.9470,40.8192,18,92,'NYSaint Nicholas Ave10003+NYW 138 St+10003|NYSaint Nicholas Ave10003+NYW 138th St+10003|NYW 138 St10003|NYW 138 St10003+NYSt Nicholas Ave+10003|NYW 138th St10003|NYW 138th St10003+NYSt Nicholas Ave+10003'
-73.9470,40.8158,84,245,'NYW 134 St10003+NY8th Ave+10003|NYW 134 St10003+NYFrederick Douglass Blvd+10003|NY8th Ave10003+NYW 134th St+10003|NYW 134th St10003+NYFrederick Douglass Blvd+10003'
-73.9470,40.9335,0,1,'NJHuyler Landing Rd10003+NJMcGrath Dr+10003|NJMcGrath Dr10003'
-73.9470,40.7543,5,29,'NY10th St10003|NY10th St10003+NY41st Rd+10003|NY41st Rd10003'
-73.9470,40.7884,158,1094,'NY3rd Ave10003+NYE 101 St+10003|NY3rd Ave10003+NYE 101st St+10003|NY3 Ave10003+NYE 101 St+10003|NY3 Ave10003+NYE 101st St+10003|NYE 101 St10003|NYE 101st St10003'
-73.9470,40.6775,39,251,'NYNew York Ave10003+NYPacific St+10003'
-73.9470,40.7196,8,106,'NYManhattan Ave10003+NYBayard St+10003'
-73.9470,40.8184,5,67,'NYW 137 St10003+NYEdgecombe Ave+10003|NYW 137th St10003+NYEdgecombe Ave+10003'
-73.9470,40.6445,1,61,'NYE 32nd St10003+NYCortelyou Rd+10003'
-73.9470,40.8000,421,965,'NYE 115 St10003|NYE 115 St10003+NYW 115th St+10003|NYE 115 St10003+NYW 115 St+10003|NYE 115 St10003+NY5th Ave+10003|NYW 115th St10003|NYW 115th St10003+NY5th Ave+10003|NYW 115th St10003+NYE 115th St+10003|NYW 115 St10003|NYW 115 St10003+NY5th Ave+10003|NYW 115 St10003+NYE 115th St+10003|NY5th Ave10003+NYE 115th St+10003|NYE 115th St10003'
-73.9470,40.7099,15,358,'NYTen Eyck St10003|NYTen Eyck St10003+NYLeonard St+10003'
-73.9470,40.5865,0,1,'NYE 22nd St10003+NYVoorhies Ave+10003'
-73.9470,40.6986,6,117,'NYEllery St10003+NYTompkins Ave+10003'
-73.9469,40.7186,3,20,'NYI 27810001+NYRichardson St+10001|NYBrooklyn Queens Expy10001+NYRichardson St+10001'
-73.9469,40.7942,24,164,'NYE 108 St10003+NYPark Ave+10003|NYE 108th St10003+NYPark Ave+10003'
-73.9469,40.6117,0,6,'NYAve P10003+NYE 27th St+10003'
-73.9469,40.8109,33,207,'NYW 128th St10003|NYW 128th St10003+NY7th Ave+10003|NYW 128th St10003+NYAdam Clayton Powell Jr Blvd+10003|NYW 128 St10003|NYW 128 St10003+NY7th Ave+10003|NYW 128 St10003+NYAdam Clayton Powell Jr Blvd+10003'
-73.9469,40.7028,1,7,'NYWallabout St10003+NYThroop Ave+10003'
-73.9469,40.9036,0,1,'NJJean Dr10003|NJJean Dr10003+NJRoberts Rd+10003'
-73.9469,40.8058,105,619,'NYW 122nd St10003+NYMalcolm X Blvd+10003|NYW 122nd St10003+NYLenox Ave+10003|NYMalcolm X Blvd10003+NYW 122 St+10003|NYW 122 St10003+NYLenox Ave+10003'
-73.9469,40.6836,60,910,'NYJefferson Ave10003+NYMarcy Ave+10003'
-73.9469,40.5910,11,92,'NYAve Y10003+NYE 23rd St+10003'
-73.9469,40.7092,26,497,'NYLeonard St10003+NYStagg Walk+10003|NYLeonard St10003+NYStagg St+10003|NYStagg Walk10003'
-73.9468,40.8350,29,1105,'NYW 157 St10003|NYW 157th St10003'
-73.9468,40.7290,3,97,'NYMoultrie St10003+NYMeserole Ave+10003'
-73.9468,40.6320,5,25,'NYE 31st St10003|NYE 31st St10003+NYFlatbush Ave+10003'
-73.9468,40.5752,0,2,'NYOcean Ave10003'
-73.9468,40.7189,19,66,'NYManhattan Ave10003+NYMeeker Ave+10003'
-73.9468,40.8373,12,718,'NYEdward M Morgan Pl10003+NYW 160 St+10003|NYEdward M Morgan Pl10003+NYW 160th St+10003|NYW 160 St10003|NYW 160th St10003'
-73.9468,40.6519,3,24,'NYMartense St10003'
-73.9468,40.7916,351,415,'NYE 105 St10003+NYLexington Ave+10003|NYE 105th St10003+NYLexington Ave+10003'
-73.9468,40.8315,68,273,'NYW 153rd St10003+NYBroadway+10003'
-73.9468,40.9004,0,1,'NJLynn Dr10003|NJLynn Dr10003+NJLaurie Dr+10003'
-73.9468,40.7187,9,13,'NYI 27810001+NYManhattan Ave+10001|NYBrooklyn Queens Expy10001+NYManhattan Ave+10001'
-73.9468,40.6317,2,4,'NYAve H10003|NYAve H10003+NYE 31st St+10003|NYAve H10003+NYAve H+10003|NYAve H10003+NYH Ave+10003|NYE 31st St10003|NYE 31st St10003+NYAve H+10003|NYE 31st St10003+NYH Ave+10003|NYH Ave10003'
-73.9468,40.7085,47,707,'NYLeonard St10003+NYScholes St+10003'
-73.9467,40.6802,14,54,'NYNew York Ave10003|NYNew York Ave10003+NYFulton St+10003'
-73.9467,40.7186,7,13,'NYI 27810001+NYRichardson St+10001|NYI 27810001+NYManhattan Ave+10001|NYBrooklyn Queens Expy10001+NYRichardson St+10001|NYBrooklyn Queens Expy10001+NYManhattan Ave+10001|NYRichardson St10003+NYManhattan Ave+10003'
-73.9467,40.6611,0,6,'NYMaple St10003+NYPalm Ct+10003|NYPalm Ct10003'
-73.9467,40.6829,15,303,'NYMarcy Ave10003+NYHancock St+10003'
-73.9467,40.7184,34,53,'NYMeeker Ave10003+NYManhattan Ave+10003'
-73.9467,40.8199,38,183,'NYSaint Nicholas Ave10003+NYW 139th St+10003|NYSaint Nicholas Ave10003+NYW 139 St+10003|NYW 139th St10003|NYW 139th St10003+NYSt Nicholas Ave+10003|NYW 139 St10003|NYW 139 St10003+NYSt Nicholas Ave+10003'
-73.9467,40.7271,80,1566,'NYJewel St10003+NYNorman Ave+10003'
-73.9467,40.8240,8,133,'NYConvent Ave10003+NYW 144th St+10003|NYConvent Ave10003+NYW 144 St+10003'
-73.9467,40.7974,54,396,'NYE 112th St10003+NYMadison Ave+10003|NYMadison Ave10003+NYE 112 St+10003'
-73.9467,40.5851,0,3,'NYE 22nd St10003|NYE 22nd St10003+NYShore Pkwy+10003|NYE 22nd St10003+NYShore Pkwy N+10003'
-73.9467,40.7495,66,53,'NY44th Ave10003+NY21st St+10003'
-73.9467,40.8265,48,352,'NYW 147 St10003+NYAmsterdam Ave+10003|NYAmsterdam Ave10003+NYW 147th St+10003'
-73.9467,40.7078,86,677,'NYMeserole St10003+NYLeonard St+10003'
-73.9467,40.7724,1493,4902,'NYE 82nd St10003+NYE End Ave+10003|NYE 82nd St10003+NYGracie Ter+10003|NYE End Ave10003+NYGracie Ter+10003|NYGracie Ter10003'
-73.9467,40.7179,17,155,'NYManhattan Ave10003+NYFrost St+10003'
-73.9466,40.6604,0,5,'NYPalm Ct10003|NYPalm Ct10003+NYMidwood St+10003'
-73.9466,40.8381,5,228,'NYW 161 St10003|NYW 161st St10003'
-73.9466,40.6972,3,52,'NYFloyd St10003|NYFloyd St10003+NYMartin Luther King Jr Pl+10003|NYFloyd St10003+NYTompkins Ave+10003|NYMartin Luther King Jr Pl10003|NYMartin Luther King Jr Pl10003+NYTompkins Ave+10003'
-73.9466,40.7766,1726,3023,'NYE 87th St10003+NYYork Ave+10003|NYE 87 St10003+NYYork Ave+10003'
-73.9466,40.7252,65,770,'NYDiamond St10003+NYNassau Ave+10003'
-73.9466,40.7807,1912,7971,'NYE 92nd St10003+NY1st Ave+10003|NYE 92nd St10003+NY1 Ave+10003|NYE 92 St10003+NY1st Ave+10003|NYE 92 St10003+NY1 Ave+10003'
-73.9466,40.7849,533,393,'NYE 97 St10003+NY2nd Ave+10003|NYE 97 St10003+NY2 Ave+10003|NY2nd Ave10003+NYE 97th St+10003|NYE 97th St10003+NY2 Ave+10003'
-73.9466,40.7715,64,90,'NYF D R Dr10002+NYE 81st St+10002|NYE 81st St10003'
-73.9466,40.6822,11,127,'NYHalsey St10003+NYMarcy Ave+10003'
-73.9466,40.7534,88,71,'NY11th St10003|NY11th St10003+NYQueens Plz S+10003'
-73.9466,40.6148,1,22,'NYKings Hwy10003+NYE 28th St+10003'
-73.9466,40.6318,0,4,'NYE 31st St10003|NYE 31st St10003+NYFlatbush Ave+10003'
-73.9466,40.7890,97,778,'NY3rd Ave10003+NYE 102nd St+10003|NY3rd Ave10003+NYE 102 St+10003|NYE 102nd St10003+NY3 Ave+10003|NY3 Ave10003+NYE 102 St+10003'
-73.9465,40.8165,163,757,'NYW 135 St10003+NY8th Ave+10003|NYW 135 St10003+NYFrederick Douglass Blvd+10003|NYW 135th St10003+NY8th Ave+10003|NYW 135th St10003+NYFrederick Douglass Blvd+10003'
-73.9465,40.7455,196,138,'NYCrane St10003|NYCrane St10003+NYState Hwy 25 Alt+10003|NYCrane St10003+NYJackson Ave+10003'
-73.9465,40.6307,0,2,'NYE 31st St10003'
-73.9465,40.7172,16,270,'NYWithers St10003+NYManhattan Ave+10003'
-73.9465,40.6095,0,11,'NYQuentin Rd10003+NYE 27th St+10003'
-73.9465,40.7070,23,467,'NYLeonard St10003+NYMontrose Ave+10003'
-73.9465,40.8190,3,163,'NYW 138 St10003+NYEdgecombe Ave+10003|NYW 138th St10003+NYEdgecombe Ave+10003'
-73.9465,40.6401,0,20,'NYNewkirk Ave10003+NYE 32nd St+10003|NYE 32nd St10003'
-73.9465,40.7208,21,490,'NYGraham Ave10003+NYNewton St+10003'
-73.9465,40.6965,97,889,'NYStockton St10003|NYStockton St10003+NYTompkins Ave+10003'
-73.9465,40.7949,29,171,'NYE 109 St10003+NYPark Ave+10003|NYPark Ave10003+NYE 109th St+10003'
-73.9465,40.6317,1,8,'NYFlatbush Ave10003+NYAve H+10003|NYFlatbush Ave10003+NYH Ave+10003'
-73.9465,40.8115,43,240,'NYW 129th St10003+NY7th Ave+10003|NYW 129th St10003+NYAdam Clayton Powell Jr Blvd+10003|NYW 129 St10003+NY7th Ave+10003|NYW 129 St10003+NYAdam Clayton Powell Jr Blvd+10003'
-73.9465,40.8007,703,1288,'NYLuis Munoz Marin Blvd10003|NYLuis Munoz Marin Blvd10003+NYW 116 St+10003|NYLuis Munoz Marin Blvd10003+NY5th Ave+10003|NYLuis Munoz Marin Blvd10003+NYW 116th St+10003|NYW 116 St10003|NYW 116 St10003+NYE 116 St+10003|NYW 116 St10003+NYE 116th St+10003|NYW 116 St10003+NY5th Ave+10003|NYE 116 St10003|NYE 116 St10003+NY5th Ave+10003|NYE 116 St10003+NYW 116th St+10003|NYE 116th St10003|NYE 116th St10003+NY5th Ave+10003|NYE 116th St10003+NYW 116th St+10003|NY5th Ave10003+NYW 116th St+10003|NYW 116th St10003'
-73.9465,40.5888,0,4,'NYJerome Ave10003|NYJerome Ave10003+NYAve Z+10003|NYJerome Ave10003+NYE 23rd St+10003|NYAve Z10003+NYE 23rd St+10003|NYE 23rd St10003'
-73.9465,40.7510,8,32,'NY43rd Ave10003+NY13th St+10003'
-73.9464,40.6299,0,3,'NYAurelia Ct10003|NYAurelia Ct10003+NYE 31st St+10003'
-73.9464,40.6387,1,21,'NYE 32nd St10003|NYE 32nd St10003+NYFoster Ave+10003'
-73.9464,40.8065,149,729,'NYW 123rd St10003+NYMalcolm X Blvd+10003|NYW 123rd St10003+NYLenox Ave+10003|NYW 123 St10003+NYMalcolm X Blvd+10003|NYW 123 St10003+NYLenox Ave+10003'
-73.9464,40.6814,16,149,'NYMarcy Ave10003+NYMacon St+10003'
-73.9464,40.5865,0,4,'NYDooley St10003|NYDooley St10003+NYVoorhies Ave+10003'
-73.9464,40.6244,4,201,'NYAve K10003+NYNostrand Ave+10003'
-73.9464,40.7420,13,23,'NYSkillman Ave10003|NYSkillman Ave10003+NY49th Ave+10003'
-73.9464,40.7165,67,861,'NYJackson St10003+NYManhattan Ave+10003'
-73.9464,40.8206,60,293,'NYW 140 St10003|NYW 140 St10003+NYSaint Nicholas Ave+10003|NYW 140 St10003+NYSt Nicholas Ave+10003|NYSaint Nicholas Ave10003+NYW 140th St+10003|NYW 140th St10003|NYW 140th St10003+NYSt Nicholas Ave+10003'
-73.9464,40.7314,7,5,'NYHumboldt St10003|NYHumboldt St10003+NYGreenpoint Ave+10003'
-73.9464,40.7187,41,83,'NYMeeker Ave10003+NYRichardson St+10003'
-73.9463,40.5984,0,72,'NYGravesend Neck Rd10003+NYBedford Ave+10003'
-73.9463,40.6293,1,40,'NYAve I10003+NYE 31st St+10003'
-73.9463,40.7002,5,77,'NYWhipple St10003|NYWhipple St10003+NYFlushing Ave+10003'
-73.9463,40.7158,71,695,'NYSkillman Ave10003+NYManhattan Ave+10003'
-73.9463,40.6317,2,11,'NYAve H10003|NYAve H10003+NYAve H+10003|NYAve H10003+NYH Ave+10003|NYH Ave10003'
-73.9463,40.5776,0,5,'NYFalmouth St10003|NYFalmouth St10003+NYOriental Blvd+10003'
-73.9463,40.6807,4,108,'NYMarcy Ave10003+NYMacdonough St+10003|NYMacdonough St10003'
-73.9463,40.7922,548,796,'NYE 106 St10003+NYLexington Ave+10003|NYE 106th St10003+NYLexington Ave+10003'
-73.9463,40.7022,0,9,'NYGerry St10003+NYThroop Ave+10003'
-73.9463,40.7229,39,257,'NYNewell St10003|NYNewell St10003+NYDriggs Ave+10003'
-73.9463,40.6802,19,90,'NYFulton St10003+NYMarcy Ave+10003|NYMarcy Ave10003'
-73.9463,40.7056,9,114,'NYLeonard St10003+NYBoerum St+10003'
-73.9463,40.7032,58,50,'NYWallabout St10003|NYWallabout St10003+NYBroadway+10003|NYWallabout St10003+NYMoore St+10003|NYBroadway10003+NYMoore St+10003|NYMoore St10003'
-73.9462,40.7305,1,6,'NYHumboldt St10003+NYCalyer St+10003'
-73.9462,40.6375,0,5,'NYFarragut Pl10003|NYFarragut Pl10003+NYE 32nd St+10003'
-73.9462,40.8247,56,247,'NYW 145th St10003+NYConvent Ave+10003'
-73.9462,40.6789,9,44,'NYHerkimer Ct10003'
-73.9462,40.9140,0,1,'NJHastings Dr10003'
-73.9462,40.8272,60,444,'NYW 148th St10003+NYAmsterdam Ave+10003|NYAmsterdam Ave10003+NYW 148 St+10003'
-73.9462,40.7730,1196,2648,'NYE 83rd St10003+NYE End Ave+10003'
-73.9462,40.7151,312,655,'NYManhattan Ave10003+NYConselyea St+10003'
-73.9462,40.7456,80,97,'NY46th Ave10003|NY46th Ave10003+NYState Hwy 25 Alt+10003|NY46th Ave10003+NYJackson Ave+10003'
-73.9462,40.7772,2041,5694,'NYE 88 St10003+NYYork Ave+10003|NYYork Ave10003+NYE 88th St+10003'
-73.9462,40.6611,4,51,'NYMaple St10003+NYTampa Ct+10003|NYTampa Ct10003'
-73.9462,40.9049,0,1,'NJJane Dr10003|NJJane Dr10003+NJRoberts Rd+10003|NJRoberts Rd10003'
-73.9462,40.6795,1,27,'NYHerkimer Ct10003|NYHerkimer Ct10003+NYHerkimer St+10003'
-73.9461,40.8811,0,1,'NJHenry Hudson Dr10003|NJHenry Hudson Dr10003+NJHenry Hudson Dr+10003'
-73.9461,40.7813,1259,4614,'NYE 93 St10003+NY1st Ave+10003|NYE 93 St10003+NY1 Ave+10003|NY1st Ave10003+NYE 93rd St+10003|NY1 Ave10003+NYE 93rd St+10003'
-73.9461,40.8039,115,697,'NYW 120 St10003+NYMount Morris Park W+10003|NYMount Morris Park W10003|NYMount Morris Park W10003+NYW 120th St+10003'
-73.9461,40.7659,53,1078,'NYRiver Rd10003'
-73.9461,40.6604,5,27,'NYTampa Ct10003|NYTampa Ct10003+NYMidwood St+10003'
-73.9461,40.7896,76,447,'NY3rd Ave10003+NYE 103 St+10003|NY3rd Ave10003+NYE 103rd St+10003|NYE 103 St10003|NYE 103 St10003+NY3 Ave+10003|NYE 103rd St10003|NYE 103rd St10003+NY3 Ave+10003'
-73.9461,40.5814,0,4,'NYGirard St10003|NYGirard St10003+NYShore Blvd+10003'
-73.9461,40.6171,0,52,'NYE 29th St10003+NYAvenue N+10003'
-73.9461,40.6544,3,109,'NYE 34th St10003|NYE 34th St10003+NYLenox Rd+10003'
-73.9461,40.8196,5,86,'NYW 139th St10003+NYEdgecombe Ave+10003|NYW 139 St10003+NYEdgecombe Ave+10003'
-73.9461,40.8172,32,360,'NYW 136th St10003+NY8th Ave+10003|NYW 136th St10003+NYFrederick Douglass Blvd+10003|NYW 136 St10003+NY8th Ave+10003|NYW 136 St10003+NYFrederick Douglass Blvd+10003'
-73.9460,40.7955,17,329,'NYE 110th St10003+NYPark Ave+10003|NYE 110 St10003+NYPark Ave+10003'
-73.9460,40.7202,7,139,'NYGraham Ave10003+NYBayard St+10003'
-73.9460,40.8121,30,250,'NYW 130 St10003|NYW 130 St10003+NY7th Ave+10003|NYW 130 St10003+NYAdam Clayton Powell Jr Blvd+10003|NYW 130th St10003|NYW 130th St10003+NY7th Ave+10003|NYW 130th St10003+NYAdam Clayton Powell Jr Blvd+10003'
-73.9460,40.6118,0,11,'NYAve P10003+NYE 28th St+10003'
-73.9460,40.8071,292,314,'NYW 124th St10003+NYMalcolm X Blvd+10003|NYW 124th St10003+NYLenox Ave+10003'
-73.9460,40.8013,171,176,'NYW 117th St10003|NYW 117th St10003+NYE 117 St+10003|NYW 117th St10003+NY5th Ave+10003|NYW 117th St10003+NYE 117th St+10003|NYE 117 St10003|NYE 117 St10003+NY5th Ave+10003|NY5th Ave10003+NYE 117th St+10003|NYE 117th St10003'
-73.9459,40.7136,1153,1239,'NYDevoe St10003+NYManhattan Ave+10003'
-73.9459,40.9153,0,1,'NJHastings Dr10003|NJHastings Dr10003+NJTrafalgar Rd+10003'
-73.9459,40.7534,9,17,'NYQueensboro Brg10002|NYState Rte 2510002'
-73.9459,40.7034,11,52,'NYLeonard St10003+NYMoore St+10003'
-73.9459,40.6529,0,19,'NYE 34th St10003+NYLinden Blvd+10003'
-73.9459,40.8236,35,391,'NYHamilton Ter10003|NYHamilton Ter10003+NYW 144th St+10003|NYHamilton Ter10003+NYW 144 St+10003|NYW 144th St10003|NYW 144 St10003'
-73.9459,40.7720,31,178,'NYF D R Dr10002+NYE 82nd St+10002|NYF D R Dr10002+NYGracie Ter+10002|NYE 82nd St10003|NYE 82nd St10003+NYGracie Ter+10003|NYGracie Ter10003'
-73.9459,40.7274,14,101,'NYNorman St10003|NYNorman St10003+NYNorman Ave+10003|NYNorman St10003+NYMoultrie St+10003|NYNorman Ave10003+NYMoultrie St+10003'
-73.9459,40.8386,3,366,'NYW 162 St10003|NYW 162nd St10003'
-73.9459,40.7030,29,38,'NYBroadway10003+NYLeonard St+10003|NYLeonard St10003'
-73.9458,40.7129,69,357,'NYManhattan Ave10003+NYAinslie St+10003'
-73.9458,40.8328,136,249,'NYW 155th St10003+NYBroadway+10003|NYW 155 St10003+NYBroadway+10003'
-73.9458,40.7578,10,73,'NYVernon Blvd10003+NY40th Ave+10003|NY40th Ave10003'
-73.9458,40.7929,275,413,'NYE 107 St10003+NYLexington Ave+10003|NYE 107th St10003+NYLexington Ave+10003'
-73.9458,40.7254,78,1049,'NYJewel St10003|NYJewel St10003+NYNassau Ave+10003'
-73.9458,40.5845,0,2,'NYPooles Ln10003|NYPooles Ln10003+NYShore Pkwy S+10003|NYPooles Ln10003+NYShore Pkwy+10003'
-73.9457,40.8278,51,489,'NYW 149th St10003+NYAmsterdam Ave+10003|NYAmsterdam Ave10003+NYW 149 St+10003'
-73.9457,40.7274,12,125,'NYHumboldt St10003+NYNorman St+10003|NYNorman St10003|NYNorman St10003+NYNorman Ave+10003'
-73.9457,40.6154,0,15,'NYKings Hwy10003+NYE 29th St+10003'
-73.9457,40.8253,3,227,'NYW 146th St10003+NYConvent Ave+10003|NYW 146 St10003+NYConvent Ave+10003'
-73.9457,40.5835,2,2,'NYPooles Ln10003'
-73.9457,40.7736,947,2801,'NYGracie Sq10003|NYGracie Sq10003+NYE 84th St+10003|NYGracie Sq10003+NYE End Ave+10003|NYE 84th St10003+NYE End Ave+10003'
-73.9457,40.7122,60,402,'NYPowers St10003+NYManhattan Ave+10003'
-73.9457,40.7779,1771,3072,'NYE 89th St10003+NYYork Ave+10003|NYYork Ave10003+NYE 89 St+10003'
-73.9457,40.7530,39,51,'NYQueens Plz S10003+NY12th St+10003|NY12th St10003'
-73.9457,40.7862,567,236,'NY2nd Ave10003+NYE 99th St+10003|NY2nd Ave10003+NYE 99 St+10003|NYE 99th St10003+NY2 Ave+10003|NY2 Ave10003+NYE 99 St+10003'
-73.9457,40.8045,40,187,'NYW 121st St10003|NYW 121st St10003+NYMount Morris Park W+10003'
-73.9457,40.7270,8,234,'NYHumboldt St10003+NYMoultrie St+10003|NYMoultrie St10003'
-73.9457,40.7557,8,155,'NY10th St10003+NY41st Ave+10003'
-73.9457,40.7819,706,2707,'NYE 94th St10003|NYE 94th St10003+NY1st Ave+10003|NYE 94th St10003+NY1 Ave+10003|NYE 94 St10003|NYE 94 St10003+NY1st Ave+10003|NYE 94 St10003+NY1 Ave+10003'
-73.9457,40.7506,221,285,'NY43rd Ave10003+NY21st St+10003'
-73.9457,40.7443,4,12,'NYCrane St10003'
-73.9457,40.7458,222,88,'NYDavis St10003|NYDavis St10003+NYState Hwy 25 Alt+10003|NYDavis St10003+NYJackson Ave+10003|NYDavis St10003+NY23rd St+10003|NYState Hwy 25 Alt10002+NY23rd St+10002|NYJackson Ave10002+NY23rd St+10002|NY23rd St10003'
-73.9456,40.7017,1,4,'NYThroop Ave10003+NYBartlett St+10003'
-73.9456,40.7903,90,551,'NY3rd Ave10003+NYE 104 St+10003|NY3rd Ave10003+NYE 104th St+10003|NY3 Ave10003+NYE 104 St+10003|NY3 Ave10003+NYE 104th St+10003'
-73.9456,40.6988,2,36,'NYDelmonico Pl10003|NYDelmonico Pl10003+NYEllery St+10003'
-73.9456,40.6318,2,47,'NYAve H10003+NYE 32nd St+10003'
-73.9456,40.8203,10,107,'NYW 140 St10003+NYEdgecombe Ave+10003|NYW 140th St10003+NYEdgecombe Ave+10003'
-73.9456,40.7196,35,95,'NYGraham Ave10003+NYMeeker Ave+10003'
-73.9456,40.8352,77,1276,'NYEdward M Morgan Pl10003|NYEdward M Morgan Pl10003+NYEdward M Morgan Pl+10003|NYEdward M Morgan Pl10003+NYW 158th St+10003|NYEdward M Morgan Pl10003+NYW 158 St+10003|NYW 158th St10003+NYRiverside Dr+10003|NYRiverside Dr10003+NYW 158 St+10003'
-73.9456,40.6096,0,3,'NYQuentin Rd10003+NYE 28th St+10003'
-73.9456,40.8178,68,377,'NYW 137 St10003+NY8th Ave+10003|NYW 137 St10003+NYFrederick Douglass Blvd+10003|NYW 137th St10003+NY8th Ave+10003|NYW 137th St10003+NYFrederick Douglass Blvd+10003'
-73.9456,40.7115,1244,1617,'NYGrand St10003+NYManhattan Ave+10003'
-73.9456,40.8128,70,382,'NYW 131st St10003+NY7th Ave+10003|NYW 131st St10003+NYAdam Clayton Powell Jr Blvd+10003|NYW 131 St10003+NY7th Ave+10003|NYW 131 St10003+NYAdam Clayton Powell Jr Blvd+10003'
-73.9456,40.7961,17,156,'NYE 111 St10003+NYPark Ave+10003|NYPark Ave10003+NYE 111th St+10003'
-73.9456,40.5851,0,2,'NYDooley St Exd10003|NYDooley St Exd10003+NYDooley St+10003|NYDooley St Exd10003+NYShore Pkwy+10003|NYDooley St Exd10003+NYShore Pkwy N+10003|NYDooley St10003|NYDooley St10003+NYShore Pkwy+10003|NYDooley St10003+NYShore Pkwy N+10003'
-73.9455,40.7214,120,335,'NYMc Guinness Blvd S10003+NYNewton St+10003'
-73.9455,40.8392,9,156,'NYEdward M Morgan Pl10003+NYW 163 St+10003|NYEdward M Morgan Pl10003+NYW 163rd St+10003|NYW 163 St10003|NYW 163rd St10003'
-73.9455,40.6634,5,94,'NYSterling St10003'
-73.9455,40.5889,3,47,'NYAve Z10003+NYE 24th St+10003'
-73.9455,40.7462,47,67,'NY45th Rd10003+NY23rd St+10003'
-73.9455,40.6300,0,1,'NYAurelia Ct10003+NYE 32nd St+10003|NYE 32nd St10003'
-73.9455,40.7317,2,3,'NYRussell St10003|NYRussell St10003+NYGreenpoint Ave+10003'
-73.9455,40.6308,1,15,'NYFlatbush Ave10003+NYE 32nd St+10003|NYE 32nd St10003'
-73.9455,40.8020,244,250,'NYE 118th St10003|NYE 118th St10003+NYW 118 St+10003|NYE 118th St10003+NYW 118th St+10003|NYE 118th St10003+NY5th Ave+10003|NYE 118 St10003|NYE 118 St10003+NYW 118 St+10003|NYE 118 St10003+NYW 118th St+10003|NYE 118 St10003+NY5th Ave+10003|NYW 118 St10003|NYW 118 St10003+NY5th Ave+10003|NYW 118th St10003|NYW 118th St10003+NY5th Ave+10003'
-73.9455,40.7194,38,94,'NYI 27810001+NYGraham Ave+10001|NYGraham Ave10003+NYBrooklyn Queens Expy+10003'
-73.9455,40.8078,2687,1847,'NYW 125th St10003+NYMalcolm X Blvd+10003|NYW 125th St10003+NYLenox Ave+10003|NYMalcolm X Blvd10003+NYW 125 St+10003|NYLenox Ave10003+NYW 125 St+10003'
-73.9455,40.7107,58,275,'NYManhattan Ave10003+NYMaujer St+10003'
-73.9455,40.7493,3,6,'NY44th Ave10003+NY22nd St+10003|NY22nd St10003'
-73.9454,40.7028,42,51,'NYGerry St10003|NYGerry St10003+NYVaret St+10003|NYGerry St10003+NYBroadway+10003|NYVaret St10003|NYVaret St10003+NYBroadway+10003'
-73.9454,40.7193,24,34,'NYI 27810001+NYGraham Ave+10001|NYGraham Ave10003+NYBrooklyn Queens Expy+10003'
-73.9454,40.6294,0,24,'NYAve I10003+NYE 32nd St+10003'
-73.9454,40.8343,34,216,'NYW 157 St10003+NYEdward M Morgan Pl+10003|NYEdward M Morgan Pl10003+NYW 157th St+10003'
-73.9454,40.7993,87,717,'NYE 115 St10003+NYMadison Ave+10003|NYMadison Ave10003+NYE 115th St+10003'
-73.9454,40.7192,126,145,'NYMeeker Ave10003+NYOur Lady of Snows Sq+10003|NYMeeker Ave10003+NYVia Vespucci+10003|NYMeeker Ave10003+NYGraham Ave+10003|NYOur Lady of Snows Sq10003|NYOur Lady of Snows Sq10003+NYVia Vespucci+10003|NYOur Lady of Snows Sq10003+NYGraham Ave+10003|NYVia Vespucci10003'
-73.9454,40.7230,32,203,'NYDriggs Ave10003+NYDiamond St+10003|NYDiamond St10003'
-73.9453,40.8334,178,482,'NYEdward M Morgan Pl10003|NYEdward M Morgan Pl10003+NYW 156th St+10003|NYEdward M Morgan Pl10003+NYBroadway+10003|NYEdward M Morgan Pl10003+NYW 156 St+10003|NYW 156th St10003+NYBroadway+10003|NYBroadway10003+NYW 156 St+10003'
-73.9453,40.7936,255,402,'NYE 108 St10003+NYLexington Ave+10003|NYE 108th St10003+NYLexington Ave+10003'
-73.9453,40.7306,1,4,'NYRussell St10003+NYCalyer St+10003|NYCalyer St10003'
-73.9453,40.7469,12,111,'NY45th Ave10003+NY23rd St+10003'
-73.9453,40.7396,7,14,'NY25th St10003|NY25th St10003+NYBorden Ave+10003'
-73.9453,40.7527,9,15,'NY12th St10003'
-73.9453,40.8284,46,314,'NYW 150th St10003+NYAmsterdam Ave+10003|NYAmsterdam Ave10003+NYW 150 St+10003'
-73.9453,40.8259,10,209,'NYW 147 St10003+NYConvent Ave+10003|NYConvent Ave10003+NYW 147th St+10003'
-73.9453,40.7751,679,2418,'NYHenderson Pl10003|NYHenderson Pl10003+NYE 86 St+10003|NYHenderson Pl10003+NYE 86th St+10003'
-73.9453,40.7527,5,11,'NY12th St10003'
-73.9453,40.7535,3,28,'NY41st Rd10003|NY41st Rd10003+NY12th St+10003|NY12th St10003'
-73.9453,40.7743,734,1693,'NYE End Ave10003+NYE 85th St+10003|NYE 85th St10003'
-73.9453,40.6590,1,13,'NYFenimore St10003+NYBrooklyn Ave+10003'
-73.9453,40.7785,1560,3084,'NYYork Ave10003+NYE 90th St+10003|NYYork Ave10003+NYE 90 St+10003'
-73.9452,40.7093,4,12,'NYStagg Walk10003|NYStagg Walk10003+NYManhattan Ave+10003|NYManhattan Ave10003+NYStagg St+10003|NYStagg St10003'
-73.9452,40.8051,31,141,'NYMount Morris Park W10003+NYW 122nd St+10003|NYMount Morris Park W10003+NYW 122 St+10003|NYW 122nd St10003|NYW 122 St10003'
-73.9452,40.7868,865,216,'NYE 100th St10003|NYE 100th St10003+NY2nd Ave+10003|NYE 100th St10003+NY2 Ave+10003|NYE 100 St10003|NYE 100 St10003+NY2nd Ave+10003|NYE 100 St10003+NY2 Ave+10003'
-73.9452,40.7826,453,1387,'NYE 95th St10003+NY1st Ave+10003|NYE 95th St10003+NY1 Ave+10003|NY1st Ave10003+NYE 95 St+10003|NYE 95 St10003+NY1 Ave+10003'
-73.9452,40.6898,90,1114,'NYVan Buren St10003|NYVan Buren St10003+NYTompkins Ave+10003'
-73.9452,40.6582,3,30,'NYBrooklyn Ave10003+NYHawthorne St+10003'
-73.9452,40.7909,105,478,'NYE 105 St10003+NY3rd Ave+10003|NYE 105 St10003+NY3 Ave+10003|NY3rd Ave10003+NYE 105th St+10003|NYE 105th St10003+NY3 Ave+10003'
-73.9452,40.8209,15,257,'NYEdgecombe Ave10003|NYEdgecombe Ave10003+NYEdgecombe Ave+10003|NYEdgecombe Ave10003+NYW 141 St+10003|NYEdgecombe Ave10003+NYW 141st St+10003'
-73.9452,40.7725,6,95,'NYF D R Dr10002+NYE 83rd St+10002|NYE 83rd St10003'
-73.9451,40.5846,0,3,'NYDooley St Exd10003|NYDooley St Exd10003+NYDooley St+10003|NYDooley St Exd10003+NYShore Pkwy S+10003|NYDooley St Exd10003+NYShore Pkwy+10003|NYDooley St10003|NYDooley St10003+NYShore Pkwy S+10003|NYDooley St10003+NYShore Pkwy+10003'
-73.9451,40.8184,54,459,'NYW 138 St10003+NY8th Ave+10003|NYW 138 St10003+NYFrederick Douglass Blvd+10003|NYW 138th St10003+NY8th Ave+10003|NYW 138th St10003+NYFrederick Douglass Blvd+10003'
-73.9451,40.6545,0,13,'NYE 35th St10003|NYE 35th St10003+NYLenox Rd+10003'
-73.9451,40.6072,0,76,'NYAve R10003+NYE 28th St+10003'
-73.9451,40.7086,39,263,'NYManhattan Ave10003+NYScholes St+10003'
-73.9451,40.8965,1,1,'NJFloyd St10003'
-73.9451,40.7293,0,14,'NYRussell St10003+NYMeserole Ave+10003'
-73.9451,40.7189,63,101,'NYOur Lady of Snows Sq10003|NYOur Lady of Snows Sq10003+NYVia Vespucci+10003|NYOur Lady of Snows Sq10003+NYGraham Ave+10003|NYOur Lady of Snows Sq10003+NYHerbert St+10003|NYVia Vespucci10003+NYHerbert St+10003|NYGraham Ave10003+NYHerbert St+10003|NYHerbert St10003'
-73.9451,40.5867,0,44,'NYVoorhies Ave10003+NYE 24th St+10003|NYE 24th St10003'
-73.9451,40.8134,147,669,'NYW 132nd St10003+NY7th Ave+10003|NYW 132nd St10003+NYAdam Clayton Powell Jr Blvd+10003|NY7th Ave10003+NYW 132 St+10003|NYW 132 St10003+NYAdam Clayton Powell Jr Blvd+10003'
-73.9451,40.5812,0,3,'NYHastings St10003|NYHastings St10003+NYShore Blvd+10003'
-73.9451,40.7968,18,331,'NYE 112th St10003+NYPark Ave+10003|NYE 112 St10003+NYPark Ave+10003'
-73.9451,40.6574,1,19,'NYWinthrop St10003+NYBrooklyn Ave+10003|NYBrooklyn Ave10003'
-73.9451,40.7188,192,1023,'NYVia Vespucci10003|NYVia Vespucci10003+NYRichardson St+10003'
-73.9451,40.6119,0,18,'NYAve P10003+NYE 29th St+10003'
-73.9451,40.7217,10,306,'NYEngert Ave10003+NYNewton St+10003|NYNewton St10003'
-73.9451,40.7573,0,24,'NY9th St10003|NY9th St10003+NY40th Ave+10003'
-73.9451,40.6172,2,12,'NYNostrand Ave10003+NYAvenue N+10003'
-73.9451,40.7477,64,295,'NY44th Dr10003+NY23rd St+10003'
-73.9451,40.8026,301,1291,'NYW 119th St10003|NYW 119th St10003+NY5th Ave+10003|NYW 119th St10003+NYE 119 St+10003|NYW 119th St10003+NYE 119th St+10003|NYW 119 St10003|NYW 119 St10003+NY5th Ave+10003|NYW 119 St10003+NYE 119 St+10003|NYW 119 St10003+NYE 119th St+10003|NY5th Ave10003+NYE 119 St+10003|NY5th Ave10003+NYE 119th St+10003|NYE 119 St10003|NYE 119th St10003'
-73.9450,40.7347,3,3,'NYN Henry St10003|NYN Henry St10003+NYKingsland Ave+10003|NYKingsland Ave10003'
-73.9450,40.6627,4,109,'NYLefferts Ave10003+NYBalfour Pl+10003|NYBalfour Pl10003'
-73.9450,40.6446,1,16,'NYE 34th St10003+NYCortelyou Rd+10003'
-73.9450,40.7230,27,240,'NYDriggs Ave10003+NYHumboldt St+10003'
-73.9450,40.7011,1,15,'NYThroop Ave10003+NYWhipple St+10003'
-73.9450,40.7079,43,412,'NYMeserole St10003+NYManhattan Ave+10003'
-73.9450,40.9658,0,1,'NJLaurence Ct10003|NJLaurence Ct10003+NJLawrence Ct+10003|NJLaurence Ct10003+NJLaurence Ct+10003|NJLawrence Ct10003|NJLawrence Ct10003+NJLawrence Ct+10003|NJLawrence Ct10003+NJLaurence Ct+10003'
-73.9450,40.8084,1170,1211,'NYMalcolm X Blvd10003+NYW 126th St+10003|NYMalcolm X Blvd10003+NYW 126 St+10003|NYW 126th St10003+NYLenox Ave+10003|NYLenox Ave10003+NYW 126 St+10003'
-73.9450,40.6529,0,20,'NYE 35th St10003+NYLinden Blvd+10003'
-73.9450,40.8435,17,43,'NYHenry Hudson Pkwy10002|NYHenry Hudson Pkwy10002+NYState Rte 9a+10002|NYHenry Hudson Pkwy10002+NYHenry Hudson Pkwy+10002|NYState Rte 9a10002|NYState Rte 9a10002+NYState Rte 9a+10002|NYState Rte 9a10002+NYHenry Hudson Pkwy+10002'
-73.9450,40.6981,25,187,'NYDelmonico Pl10003|NYDelmonico Pl10003+NYPark Ave+10003'
-73.9450,40.7756,51,773,'NYHenderson Pl10003'
-73.9449,40.7525,43,41,'NY13th St10003'
-73.9449,40.5852,0,4,'NYShore Pkwy10003+NYE 23rd St+10003|NYE 23rd St10003|NYE 23rd St10003+NYShore Pkwy N+10003'
-73.9449,40.7208,70,149,'NYHumboldt St10003|NYHumboldt St10003+NYMc Guinness Blvd S+10003|NYHumboldt St10003+NYBayard St+10003|NYMc Guinness Blvd S10003|NYMc Guinness Blvd S10003+NYBayard St+10003'
-73.9449,40.7407,72,45,'NYLong Island Expy10001+NY25th St+10001|NYQueens Midtown Expy10001+NY25th St+10001|NY25th St10003+NYI 495+10003'
-73.9449,40.7224,3,95,'NYHumboldt St10003+NYBroome St+10003|NYBroome St10003'
-73.9449,40.8809,1,2,'NJHenry Hudson Dr10003'
-73.9449,40.7072,32,423,'NYManhattan Ave10003+NYMontrose Ave+10003'
-73.9449,40.6590,1,18,'NYFenimore St10003'
-73.9449,40.7461,71,90,'NY45th Rd10003|NY45th Rd10003+NYPearson St+10003|NY45th Rd10003+NYState Hwy 25 Alt+10003|NY45th Rd10003+NYJackson Ave+10003|NYPearson St10003|NYPearson St10003+NYState Hwy 25 Alt+10003|NYPearson St10003+NYJackson Ave+10003'
-73.9449,40.6642,5,150,'NYBalfour Pl10003'
-73.9449,40.8341,487,357,'NYW 157 St10003+NYBroadway+10003|NYW 157th St10003+NYBroadway+10003'
-73.9449,40.7942,370,234,'NYE 109 St10003+NYLexington Ave+10003|NYLexington Ave10003+NYE 109th St+10003'
-73.9449,40.5837,0,2,'NYDooley St10003+NYEmmons Ave+10003'
-73.9448,40.8000,119,682,'NYLuis Munoz Marin Blvd10003+NYMadison Ave+10003|NYE 116 St10003+NYMadison Ave+10003|NYE 116th St10003+NYMadison Ave+10003'
-73.9448,40.8216,20,205,'NYW 142 St10003|NYW 142 St10003+NYEdgecombe Ave+10003|NYEdgecombe Ave10003+NYW 142nd St+10003|NYW 142nd St10003'
-73.9448,40.8290,27,260,'NYW 151st St10003+NYAmsterdam Ave+10003|NYAmsterdam Ave10003+NYW 151 St+10003'
-73.9448,40.6160,1,12,'NYKings Hwy10003+NYNostrand Ave+10003'
-73.9448,40.8266,2,242,'NYW 148th St10003+NYConvent Ave+10003|NYW 148 St10003+NYConvent Ave+10003'
-73.9448,40.8500,7,8,'NYGeorge Washington Brg10001+NYState Rte 9a+10001|NYGeorge Washington Brg10001+NYHenry Hudson Pkwy+10001|NYUS Rte 110001+NYState Rte 9a+10001|NYUS Rte 110001+NYHenry Hudson Pkwy+10001|NYI 9510001+NYState Rte 9a+10001|NYI 9510001+NYHenry Hudson Pkwy+10001|NYUS Rte 910001+NYState Rte 9a+10001|NYUS Rte 910001+NYHenry Hudson Pkwy+10001'
-73.9448,40.6301,2,26,'NYFlatbush Ave10003+NYAurelia Ct+10003|NYAurelia Ct10003'
-73.9448,40.7064,9,44,'NYJohnson Ave10003|NYJohnson Ave10003+NYManhattan Ave+10003'
-73.9448,40.7484,9,15,'NY44th Rd10003+NY23rd St+10003'
-73.9448,40.8058,24,150,'NYMount Morris Park W10003+NYW 123rd St+10003|NYMount Morris Park W10003+NYW 123 St+10003|NYW 123rd St10003|NYW 123 St10003'
-73.9448,40.5835,0,1,'NYDooley St10003'
-73.9448,40.7791,1180,1481,'NYE 91st St10003|NYE 91st St10003+NYYork Ave+10003|NYYork Ave10003+NYE 91 St+10003|NYE 91 St10003'
-73.9448,40.7874,1045,297,'NYE 101st St10003|NYE 101st St10003+NY2nd Ave+10003|NYE 101st St10003+NYE 101 St+10003|NYE 101st St10003+NY2 Ave+10003|NY2nd Ave10003+NYE 101 St+10003|NYE 101 St10003|NYE 101 St10003+NY2 Ave+10003'
-73.9448,40.7749,351,651,'NYE End Ave10003+NYE 86 St+10003|NYE End Ave10003+NYE 86th St+10003|NYE 86 St10003|NYE 86th St10003'
-73.9448,40.7444,2,2,'NYDavis St10003'
-73.9448,40.8240,288,821,'NYSaint Nicholas Ave10003+NYW 145th St+10003|NYW 145th St10003+NYSt Nicholas Ave+10003'
-73.9448,40.7732,43,486,'NYGracie Sq10003|NYGracie Sq10003+NYE 84th St+10003|NYGracie Sq10003+NYF D R Dr+10003|NYE 84th St10003|NYE 84th St10003+NYF D R Dr+10003'
-73.9447,40.7209,37,60,'NYHumboldt St10003|NYHumboldt St10003+NYBayard St+10003|NYBayard St10003'
-73.9447,40.7832,702,691,'NYE 96 St10003+NY1st Ave+10003|NYE 96 St10003+NY1 Ave+10003|NY1st Ave10003+NYE 96th St+10003|NYE 96th St10003+NY1 Ave+10003'
-73.9447,40.6582,1,0,'NYHawthorne St10003'
-73.9447,40.7057,17,105,'NYManhattan Ave10003+NYBoerum St+10003'
-73.9447,40.8190,86,426,'NYW 139th St10003+NY8th Ave+10003|NYW 139th St10003+NYFrederick Douglass Blvd+10003|NYW 139 St10003+NY8th Ave+10003|NYW 139 St10003+NYFrederick Douglass Blvd+10003'
-73.9447,40.7502,7,24,'NY22nd St10003|NY22nd St10003+NY43rd Ave+10003'
-73.9447,40.6162,1,5,'NYKings Hwy10003+NYE 31st St+10003|NYE 31st St10003'
-73.9447,40.7916,200,853,'NY3rd Ave10003+NYE 106 St+10003|NY3rd Ave10003+NYE 106th St+10003|NYE 106 St10003+NY3 Ave+10003|NY3 Ave10003+NYE 106th St+10003'
-73.9447,40.6097,0,4,'NYQuentin Rd10003+NYE 29th St+10003'
-73.9446,40.8140,138,603,'NYW 133rd St10003+NY7th Ave+10003|NYW 133rd St10003+NYAdam Clayton Powell Jr Blvd+10003|NY7th Ave10003+NYW 133 St+10003|NYW 133 St10003+NYAdam Clayton Powell Jr Blvd+10003'
-73.9446,40.7023,26,81,'NYBroadway10003+NYBartlett St+10003|NYBartlett St10003'
-73.9446,40.6318,0,37,'NYAve H10003+NYNew York Ave+10003'
-73.9446,40.8410,14,77,'NYEdward M Morgan Pl10003|NYEdward M Morgan Pl10003+NYW 165th St+10003|NYEdward M Morgan Pl10003+NYRiverside Dr+10003|NYEdward M Morgan Pl10003+NYW 165 St+10003|NYW 165th St10003|NYW 165th St10003+NYW 165th St+10003|NYW 165th St10003+NYW 165 St+10003|NYW 165th St10003+NYRiverside Dr+10003|NYRiverside Dr10003|NYRiverside Dr10003+NYW 165 St+10003|NYW 165 St10003'
-73.9446,40.7004,7,67,'NYThornton St10003|NYThornton St10003+NYFlushing Ave+10003'
-73.9446,40.7321,12,3,'NYGreenpoint Ave10003+NYN Henry St+10003|NYN Henry St10003'
-73.9446,40.8215,5,106,'NYEdgecombe Ave10003|NYEdgecombe Ave10003+NYW 142 St+10003|NYEdgecombe Ave10003+NYW 142nd St+10003|NYEdgecombe Ave10003+NYBradhurst Ave+10003|NYW 142 St10003+NYBradhurst Ave+10003|NYW 142nd St10003+NYBradhurst Ave+10003|NYBradhurst Ave10003'
-73.9446,40.7416,6,9,'NY25th St10003|NY25th St10003+NY49th Ave+10003'
-73.9446,40.8032,316,518,'NYW 120 St10003|NYW 120 St10003+NYE 120th St+10003|NYW 120 St10003+NY5th Ave+10003|NYW 120 St10003+NYE 120 St+10003|NYE 120th St10003|NYE 120th St10003+NYW 120th St+10003|NYE 120th St10003+NY5th Ave+10003|NYW 120th St10003|NYW 120th St10003+NY5th Ave+10003|NYW 120th St10003+NYE 120 St+10003|NY5th Ave10003|NY5th Ave10003+NYE 120 St+10003|NYE 120 St10003'
-73.9446,40.6148,0,10,'NYNostrand Ave10003+NYMarine Pkwy+10003|NYMarine Pkwy10003'
-73.9446,40.8364,13,274,'NYW 160 St10003+NYFort Washington Ave+10003|NYW 160th St10003+NYFort Washington Ave+10003'
-73.9446,40.7890,5,119,'NYE 103rd St10003|NYE 103 St10003'
-73.9446,40.7050,7,125,'NYMcKibben St10003|NYMcKibben St10003+NYManhattan Ave+10003'
-73.9446,40.5991,0,48,'NYGravesend Neck Rd10003+NYE 27th St+10003'
-73.9446,40.6311,0,2,'NYNew York Ave10003'
-73.9446,40.6402,0,17,'NYNewkirk Ave10003+NYE 34th St+10003'
-73.9445,40.6740,16,395,'NYBrooklyn Ave10003+NYProspect Pl+10003|NYProspect Pl10003'
-73.9445,40.6299,1,29,'NYFlatbush Ave10003+NYNew York Ave+10003|NYNew York Ave10003'
-73.9445,40.8091,232,623,'NYW 127th St10003+NYMalcolm X Blvd+10003|NYW 127th St10003+NYLenox Ave+10003|NYMalcolm X Blvd10003+NYW 127 St+10003|NYW 127 St10003+NYLenox Ave+10003'
-73.9445,40.7668,14,44,'NYEast Rd10003|NYEast Rd10003+NYMain St+10003|NYMain St10003+NYMain St+10003|NYMain St10003'
-73.9445,40.5846,0,2,'NYShore Pkwy S10003+NYE 23rd St+10003|NYShore Pkwy10003+NYE 23rd St+10003|NYE 23rd St10003'
-73.9445,40.7501,9,10,'NY43rd Ave10003+NYHarry Suna Pl+10003|NY43rd Ave10003+NY22nd St+10003|NYHarry Suna Pl10003|NY22nd St10003'
-73.9445,40.6197,0,31,'NYAve M10003+NYE 31st St+10003'
-73.9445,40.8899,1,2,'NJSylvan Ave10002+NJHollywood Ave+10002|NJHollywood Ave10003'
-73.9445,40.7698,4,5,'NYMain St10003|NYMain St10003+NYWest Rd+10003'
-73.9445,40.6295,0,10,'NYAve I10003+NYNew York Ave+10003'
-73.9445,40.7388,2,3,'NYWhite Auto Car Plz10003'
-73.9445,40.5778,0,58,'NYHastings St10003|NYHastings St10003+NYOriental Blvd+10003'
-73.9445,40.7043,2,41,'NYSeigel St10003|NYSeigel St10003+NYManhattan Ave+10003'
-73.9444,40.7361,0,1,'NYN Henry St10003'
-73.9444,40.6395,1,9,'NYE 34th St10003|NYE 34th St10003+NYVictor Rd+10003|NYVictor Rd10003'
-73.9444,40.7822,28,85,'NYE 95th St10003|NYE 95th St10003+NYE River Dr+10003|NYE 95th St10003+NYF D R Dr+10003|NYE River Dr10003|NYE River Dr10003+NYF D R Dr+10003|NYE River Dr10003+NYE 95 St+10003|NYE River Dr10003+NYE River Dr+10003|NYF D R Dr10003|NYF D R Dr10003+NYE 95 St+10003|NYE 95 St10003|NYE 95 St10003+NYE River Dr+10003'
-73.9444,40.8347,332,621,'NYW 158th St10003+NYBroadway+10003|NYW 158 St10003+NYBroadway+10003'
-73.9444,40.7203,157,258,'NYHumboldt St10003+NYMeeker Ave+10003'
-73.9444,40.7948,794,592,'NYE 110th St10003+NYLexington Ave+10003|NYE 110 St10003+NYLexington Ave+10003'
-73.9444,40.7005,5,53,'NYThroop Ave10003+NYThornton St+10003'
-73.9444,40.7627,6,10,'NY36th Ave10003|NY36th Ave10003+NY36th Ave+10003'
-73.9444,40.7004,18,77,'NYThroop Ave10003+NYFlushing Ave+10003'
-73.9444,40.8297,12,267,'NYAmsterdam Ave10003+NYW 152nd St+10003|NYAmsterdam Ave10003+NYW 152 St+10003'
-73.9444,40.6758,6,172,'NYBrooklyn Ave10003+NYBergen St+10003'
-73.9444,40.8272,5,109,'NYW 149th St10003+NYConvent Ave+10003|NYW 149 St10003+NYConvent Ave+10003'
-73.9444,40.8007,53,853,'NYE 117 St10003+NYMadison Ave+10003|NYMadison Ave10003+NYE 117th St+10003'
-73.9444,40.7569,2,80,'NY10th St10003+NY40th Ave+10003'
-73.9443,40.7797,959,2641,'NYE 92nd St10003|NYE 92nd St10003+NYYork Ave+10003|NYYork Ave10003+NYE 92 St+10003|NYE 92 St10003'
-73.9443,40.7036,0,38,'NYManhattan Ave10003+NYMoore St+10003'
-73.9443,40.7881,749,1076,'NY2nd Ave10003+NYE 102nd St+10003|NY2nd Ave10003+NYE 102 St+10003|NYE 102nd St10003+NY2 Ave+10003|NYE 102 St10003+NY2 Ave+10003'
-73.9443,40.7021,24,80,'NYBroadway10003+NYCook St+10003|NYCook St10003'
-73.9443,40.7201,47,67,'NYHumboldt St10003+NYI 278+10003|NYHumboldt St10003+NYBrooklyn Queens Expy+10003'
-73.9443,40.6134,0,11,'NYMadison Pl10003|NYMadison Pl10003+NYNostrand Ave+10003'
-73.9443,40.6766,3,234,'NYBrooklyn Ave10003+NYDean St+10003'
-73.9443,40.8064,140,452,'NYMount Morris Park W10003|NYMount Morris Park W10003+NYW 124th St+10003'
-73.9443,40.8371,9,193,'NYW 161 St10003+NYFort Washington Ave+10003|NYW 161st St10003+NYFort Washington Ave+10003'
-73.9443,40.7527,3,3,'NYBridge Plz N10003|NYQueens Plz N10003'
-73.9443,40.7756,450,792,'NYE 87th St10003|NYE 87th St10003+NYE End Ave+10003|NYE 87 St10003|NYE 87 St10003+NYE End Ave+10003'
-73.9443,40.7806,72,256,'NYE River Dr10003+NYE 93 St+10003|NYE River Dr10003+NYE 93rd St+10003|NYE 93 St10003|NYE 93rd St10003'
-73.9443,40.7526,15,15,'NYState Rte 2510002|NYQueensboro Brg10002'
-73.9443,40.8247,21,268,'NYSaint Nicholas Ave10003+NYW 146th St+10003|NYSaint Nicholas Ave10003+NYW 146 St+10003|NYW 146th St10003|NYW 146th St10003+NYSt Nicholas Ave+10003|NYW 146 St10003|NYW 146 St10003+NYSt Nicholas Ave+10003'
-73.9443,40.7490,9,28,'NY44th Ave10003|NY44th Ave10003+NY23rd St+10003'
-73.9443,40.6376,1,8,'NYE 34th St10003|NYE 34th St10003+NYBrooklyn Rd+10003|NYBrooklyn Rd10003'
-73.9442,40.6997,5,41,'NYThroop Ave10003+NYHopkins St+10003'
-73.9442,40.7464,52,28,'NYJackson Ave10003|NYJackson Ave10003+NYState Hwy 25 Alt+10003|NYJackson Ave10003+NYJackson Ave+10003'
-73.9442,40.7200,10,57,'NYHumboldt St10003+NYI 278+10003|NYHumboldt St10003+NYBrooklyn Queens Expy+10003'
-73.9442,40.8197,56,421,'NYW 140 St10003+NY8th Ave+10003|NYW 140 St10003+NYFrederick Douglass Blvd+10003|NYW 140th St10003+NY8th Ave+10003|NYW 140th St10003+NYFrederick Douglass Blvd+10003'
-73.9442,40.6774,25,262,'NYBrooklyn Ave10003+NYPacific St+10003'
-73.9442,40.7839,177,480,'NYE 97 St10003+NY1st Ave+10003|NYE 97 St10003+NY1 Ave+10003|NYE 97th St10003+NY1st Ave+10003|NYE 97th St10003+NY1 Ave+10003'
-73.9442,40.7029,18,119,'NYVaret St10003+NYManhattan Ave+10003'
-73.9442,40.6628,13,226,'NYLefferts Ave10003+NYLamont Ct+10003|NYLamont Ct10003'
-73.9442,40.7467,6,17,'NYJackson Ave10003|NYJackson Ave10003+NY45th Ave+10003'
-73.9442,40.6073,4,12,'NYAve R10003+NYE 29th St+10003'
-73.9442,40.8146,134,475,'NYW 134 St10003+NY7th Ave+10003|NYW 134 St10003+NYAdam Clayton Powell Jr Blvd+10003|NY7th Ave10003+NYW 134th St+10003|NYW 134th St10003+NYAdam Clayton Powell Jr Blvd+10003'
-73.9442,40.7294,5,9,'NYN Henry St10003+NYMeserole Ave+10003|NYMeserole Ave10003'
-73.9442,40.7922,65,609,'NYE 107 St10003|NYE 107 St10003+NY3rd Ave+10003|NYE 107 St10003+NY3 Ave+10003|NY3rd Ave10003+NYE 107th St+10003|NY3 Ave10003+NYE 107th St+10003|NYE 107th St10003'
-73.9442,40.6127,0,5,'NYAve P10003|NYAve P10003+NYNostrand Ave+10003'
-73.9442,40.7199,88,757,'NYHumboldt St10003+NYMeeker Ave+10003'
-73.9442,40.7593,6,26,'NY38th Ave10003|NY38th Ave10003+NYVernon Blvd+10003'
-73.9442,40.6545,1,12,'NYLenox Rd10003+NYBrooklyn Ave+10003|NYBrooklyn Ave10003'
-73.9442,40.7800,99,267,'NYE River Dr10003|NYE River Dr10003+NYYork Ave+10003|NYYork Ave10003'
-73.9442,40.6295,0,19,'NYAve I10003+NYFlatbush Ave+10003'
-73.9442,40.6365,1,26,'NYFarragut Rd10003+NYE 34th St+10003'
-73.9441,40.7506,86,130,'NYHarry Suna Pl10003'
-73.9441,40.5810,0,1,'NYIrwin St10003|NYIrwin St10003+NYShore Blvd+10003'
-73.9441,40.7022,20,124,'NYCook St10003+NYManhattan Ave+10003'
-73.9441,40.7523,175,111,'NYQueens Plz S10003+NY21st St+10003'
-73.9441,40.6990,9,29,'NYThroop Ave10003+NYEllery St+10003|NYEllery St10003'
-73.9441,40.7231,25,321,'NYDriggs Ave10003+NYRussell St+10003'
-73.9441,40.8097,148,681,'NYW 128th St10003+NYMalcolm X Blvd+10003|NYW 128th St10003+NYLenox Ave+10003|NYW 128 St10003+NYMalcolm X Blvd+10003|NYW 128 St10003+NYLenox Ave+10003'
-73.9441,40.6641,20,304,'NYLamont Ct10003'
-73.9441,40.6446,0,14,'NYE 35th St10003+NYCortelyou Rd+10003'
-73.9441,40.6173,1,12,'NYE 31st St10003+NYAvenue N+10003'
-73.9441,40.6120,0,7,'NYAve P10003|NYAve P10003+NYNostrand Ave+10003|NYAve P10003+NYBurnett St+10003|NYNostrand Ave10003+NYBurnett St+10003|NYBurnett St10003'
-73.9441,40.7807,4,36,'NYE River Dr10002|NYE River Dr10002+NYE River Dr+10002|NYE River Dr10002+NYF D R Dr+10002|NYE River Dr10003|NYE River Dr10003+NYF D R Dr+10003|NYF D R Dr10002|NYF D R Dr10002+NYF D R Dr+10002'
-73.9440,40.8221,7,155,'NYW 143 St10003|NYW 143 St10003+NYBradhurst Ave+10003|NYW 143rd St10003|NYW 143rd St10003+NYBradhurst Ave+10003'
-73.9440,40.9072,0,1,'NJE Clinton Ave10003+NJBuckingham Rd+10003|NJBuckingham Rd10003'
-73.9440,40.7827,16,42,'NYF D R Dr10003|NYF D R Dr10003+NYF D R Dr+10003|NYF D R Dr10002'
-73.9440,40.7830,59,109,'NYE 96 St10003|NYE 96 St10003+NYE 96th St+10003|NYE 96 St10003+NYF D R Dr+10003|NYE 96 St10003+NYE River Dr+10003|NYE 96th St10003|NYE 96th St10003+NYE 96th St+10003|NYE 96th St10003+NYF D R Dr+10003|NYE 96th St10003+NYE River Dr+10003'
-73.9440,40.8378,11,247,'NYW 162 St10003+NYFort Washington Ave+10003|NYW 162nd St10003+NYFort Washington Ave+10003'
-73.9440,40.7548,12,130,'NY41st Ave10003+NY12th St+10003'
-73.9440,40.7465,35,39,'NYCourt Sq10003|NYCourt Sq10003+NYState Hwy 25 Alt+10003|NYCourt Sq10003+NYJackson Ave+10003'
-73.9440,40.7020,15,82,'NYBroadway10003+NYManhattan Ave+10003|NYManhattan Ave10003'
-73.9440,40.6530,0,9,'NYLinden Blvd10002+NYBrooklyn Ave+10002'
-73.9440,40.5803,0,49,'NYIrwin St10003+NYHampton Ave+10003|NYHampton Ave10003'
-73.9440,40.6801,24,120,'NYBrooklyn Ave10003|NYBrooklyn Ave10003+NYFulton St+10003'
-73.9440,40.8353,135,288,'NYW 159th St10003|NYW 159th St10003+NYBroadway+10003|NYW 159th St10003+NYFort Washington Ave+10003|NYW 159 St10003|NYW 159 St10003+NYBroadway+10003|NYW 159 St10003+NYFort Washington Ave+10003|NYBroadway10003+NYFort Washington Ave+10003|NYFort Washington Ave10003'
-73.9440,40.7524,36,31,'NYState Rte 2510002+NY21st St+10002|NYQueensboro Brg10002+NY21st St+10002'
-73.9440,40.7829,2,15,'NYF D R Dr10003|NYF D R Dr10003+NYE 96th St+10003|NYF D R Dr10003+NYF D R Dr+10003|NYE 96th St10003+NYF D R Dr+10003|NYF D R Dr10002'
-73.9440,40.7644,5,4,'NY35th Ave10003'
-73.9439,40.7954,338,301,'NYE 111 St10003+NYLexington Ave+10003|NYLexington Ave10003+NYE 111th St+10003'
-73.9439,40.8303,18,256,'NYW 153rd St10003+NYAmsterdam Ave+10003'
-73.9439,40.5836,0,4,'NYEmmons Ave10003+NYE 23rd St+10003'
-73.9439,40.8278,5,122,'NYW 150th St10003+NYConvent Ave+10003|NYW 150 St10003+NYConvent Ave+10003'
-73.9439,40.8013,73,996,'NYE 118th St10003+NYMadison Ave+10003|NYE 118 St10003+NYMadison Ave+10003'
-73.9439,40.8981,0,1,'NJJohnson Ave10003+NJWillow Dr+10003|NJWillow Dr10003'
-73.9439,40.7482,8,5,'NY44th Rd10003+NY24th St+10003|NY24th St10003'
-73.9439,40.7276,24,524,'NYNorman Ave10003+NYN Henry St+10003'
-73.9439,40.7887,476,271,'NYE 103rd St10003+NY2nd Ave+10003|NYE 103rd St10003+NY2 Ave+10003|NY2nd Ave10003+NYE 103 St+10003|NYE 103 St10003+NY2 Ave+10003'
-73.9438,40.7448,1,16,'NYPearson St10003'
-73.9438,40.7474,51,47,'NYHunter St10003|NYHunter St10003+NY44th Dr+10003'
-73.9438,40.8236,93,470,'NYW 145th St10003+NYEdgecombe Ave+10003'
-73.9438,40.7525,281,166,'NYBridge Plz N10003+NY21st St+10003|NY21st St10003+NYQueens Plz N+10003'
-73.9438,40.7019,36,51,'NYBroadway10003+NYWhipple St+10003|NYWhipple St10003'
-73.9438,40.7828,6,47,'NYE River Dr10003|NYE River Dr10003+NYE 96th St+10003|NYE River Dr10003+NYE River Dr+10003|NYE River Dr10003+NYF D R Dr+10003|NYE 96th St10003|NYE 96th St10003+NYE River Dr+10003|NYE 96th St10003+NYF D R Dr+10003|NYE River Dr10002|NYF D R Dr10002'
-73.9438,40.7762,682,1590,'NYE 88 St10003|NYE 88 St10003+NYE End Ave+10003|NYE End Ave10003+NYE 88th St+10003|NYE 88th St10003'
-73.9438,40.5850,0,21,'NYShore Pkwy10002+NYBedford Ave+10002|NYLeif Ericson Dr10002+NYBedford Ave+10002|NYBelt Pkwy10002+NYBedford Ave+10002'
-73.9438,40.8253,55,344,'NYSaint Nicholas Ave10003+NYW 147 St+10003|NYSaint Nicholas Ave10003+NYW 147th St+10003|NYW 147 St10003|NYW 147 St10003+NYSt Nicholas Ave+10003|NYSt Nicholas Ave10003+NYW 147th St+10003|NYW 147th St10003'
-73.9438,40.6107,0,22,'NYStuart St10003|NYStuart St10003+NYNostrand Ave+10003'
-73.9438,40.8203,63,278,'NY8th Ave10003+NYW 141 St+10003|NY8th Ave10003+NYW 141st St+10003|NYW 141 St10003+NYFrederick Douglass Blvd+10003|NYFrederick Douglass Blvd10003+NYW 141st St+10003'
-73.9438,40.7466,47,70,'NY45th Ave10003|NY45th Ave10003+NYState Hwy 25 Alt+10003|NY45th Ave10003+NYThomson Ave+10003|NY45th Ave10003+NYJackson Ave+10003|NYState Hwy 25 Alt10002+NYThomson Ave+10002|NYThomson Ave10003|NYThomson Ave10003+NYJackson Ave+10003'
-73.9437,40.6129,0,4,'NYMadison Pl10003+NYAve P+10003'
-73.9437,40.7986,32,397,'NYE 115 St10003+NYPark Ave+10003|NYE 115th St10003+NYPark Ave+10003'
-73.9437,40.8385,9,214,'NYW 163 St10003+NYFort Washington Ave+10003|NYW 163rd St10003+NYFort Washington Ave+10003'
-73.9437,40.7929,39,460,'NYE 108 St10003|NYE 108 St10003+NY3rd Ave+10003|NYE 108 St10003+NY3 Ave+10003|NY3rd Ave10003+NYE 108th St+10003|NYE 108th St10003|NYE 108th St10003+NY3 Ave+10003'
-73.9437,40.7324,5,3,'NYMonitor St10003|NYMonitor St10003+NYGreenpoint Ave+10003'
-73.9437,40.7497,20,14,'NY43rd Ave10003+NY23rd St+10003'
-73.9437,40.8153,186,796,'NYW 135 St10003+NY7th Ave+10003|NYW 135 St10003+NYAdam Clayton Powell Jr Blvd+10003|NYW 135th St10003+NY7th Ave+10003|NYW 135th St10003+NYAdam Clayton Powell Jr Blvd+10003'
-73.9437,40.7207,69,294,'NYRussell St10003|NYRussell St10003+NYMeeker Ave+10003'
-73.9437,40.5835,0,1,'NYE 23rd St10003'
-73.9437,40.7460,2,16,'NYCourt Sq10003|NYCourt Sq10003+NYCourt Sq+10003'
-73.9437,40.5994,0,15,'NYGravesend Neck Rd10003+NYE 28th St+10003'
-73.9437,40.6319,0,18,'NYAve H10003+NYE 34th St+10003|NYE 34th St10003'
-73.9436,40.6099,0,4,'NYQuentin Rd10003|NYQuentin Rd10003+NYNostrand Ave+10003'
-73.9436,40.8103,194,1079,'NYW 129th St10003+NYMalcolm X Blvd+10003|NYW 129th St10003+NYLenox Ave+10003|NYW 129 St10003+NYMalcolm X Blvd+10003|NYW 129 St10003+NYLenox Ave+10003'
-73.9436,40.6403,0,12,'NYE 35th St10003+NYNewkirk Ave+10003'
-73.9436,40.6198,0,13,'NYAve M10003+NYE 32nd St+10003'
-73.9436,40.6310,0,1,'NYE 34th St10003'
-73.9436,40.7257,121,1916,'NYN Henry St10003|NYN Henry St10003+NYNassau Ave+10003'
-73.9436,40.6396,0,18,'NYE 35th St10003|NYE 35th St10003+NYVictor Rd+10003|NYVictor Rd10003'
-73.9436,40.7095,180,1097,'NYGraham Ave10003+NYStagg St+10003|NYGraham Ave10003+NYStagg Walk+10003|NYStagg St10003|NYStagg Walk10003'
-73.9436,40.5837,1,4,'NYEmmons Ave10003+NYBedford Ave+10003'
-73.9435,40.6093,0,4,'NYNostrand Ave10003+NYGerritsen Ave+10003|NYGerritsen Ave10003'
-73.9435,40.7564,1,32,'NY11th St10003|NY11th St10003+NY40th Ave+10003'
-73.9435,40.7693,29,726,'NYCentral Rd N10003'
-73.9435,40.5779,0,1,'NYIrwin St10003|NYIrwin St10003+NYOriental Blvd+10003'
-73.9435,40.7836,22,39,'NYE 97 St10003|NYE 97 St10003+NYE River Dr+10003|NYE 97 St10003+NYF D R Dr+10003|NYE 97th St10003|NYE 97th St10003+NYE River Dr+10003|NYE 97th St10003+NYF D R Dr+10003|NYE River Dr10003|NYE River Dr10003+NYF D R Dr+10003|NYE River Dr10003+NYE River Dr+10003|NYF D R Dr10003'
-73.9435,40.8359,133,271,'NYW 160 St10003+NYBroadway+10003|NYW 160th St10003+NYBroadway+10003'
-73.9435,40.8226,3,104,'NYW 144th St10003|NYW 144th St10003+NYBradhurst Ave+10003|NYW 144 St10003|NYW 144 St10003+NYBradhurst Ave+10003'
-73.9435,40.7961,383,645,'NYE 112th St10003+NYLexington Ave+10003|NYE 112 St10003+NYLexington Ave+10003'
-73.9435,40.8309,8,136,'NYAmsterdam Ave10003+NYW 154 St+10003|NYAmsterdam Ave10003+NYW 154th St+10003|NYW 154 St10003|NYW 154 St10003+NYW 154th St+10003|NYW 154th St10003'
-73.9435,40.6174,0,2,'NYKings Hwy10003+NYAvenue N+10003'
-73.9435,40.8392,20,253,'NYW 164th St10003|NYW 164th St10003+NYFort Washington Ave+10003|NYW 164 St10003|NYW 164 St10003+NYFort Washington Ave+10003'
-73.9434,40.6810,51,662,'NYMacdonough St10003+NYTompkins Ave+10003'
-73.9434,40.8019,81,958,'NYMadison Ave10003+NYE 119 St+10003|NYMadison Ave10003+NYE 119th St+10003'
-73.9434,40.7893,723,929,'NY2nd Ave10003+NYE 104 St+10003|NY2nd Ave10003+NYE 104th St+10003|NYE 104 St10003+NY2 Ave+10003|NY2 Ave10003+NYE 104th St+10003'
-73.9434,40.7789,48,130,'NYE River Dr10002|NYE River Dr10002+NYF D R Dr+10002|NYF D R Dr10002|NYF D R Dr10002+NYF D R Dr+10002'
-73.9434,40.6471,1,42,'NYTilden Ave10003|NYTilden Ave10003+NYBrooklyn Ave+10003'
-73.9434,40.6104,0,4,'NYStuart St10003+NYQuentin Rd+10003'
-73.9434,40.7769,299,1370,'NYE 89th St10003|NYE 89th St10003+NYE End Ave+10003|NYE End Ave10003+NYE 89 St+10003|NYE 89 St10003'
-73.9434,40.8451,4,22,'NYW 165th St10003|NYRiverside Dr10003'
-73.9434,40.8260,40,233,'NYSaint Nicholas Ave10003+NYW 148th St+10003|NYSaint Nicholas Ave10003+NYW 148 St+10003|NYW 148th St10003|NYW 148th St10003+NYSt Nicholas Ave+10003|NYW 148 St10003|NYW 148 St10003+NYSt Nicholas Ave+10003'
-73.9434,40.6558,2,47,'NYE 37th St10003|NYE 37th St10003+NYClarkson Ave+10003'
-73.9434,40.6376,1,21,'NYE 35th St10003|NYE 35th St10003+NYBrooklyn Rd+10003|NYBrooklyn Rd10003'
-73.9433,40.6287,1,23,'NYFlatbush Ave10003+NYE 34th St+10003'
-73.9433,40.8209,44,157,'NYW 142 St10003+NY8th Ave+10003|NYW 142 St10003+NYFrederick Douglass Blvd+10003|NY8th Ave10003+NYW 142nd St+10003|NYW 142nd St10003+NYFrederick Douglass Blvd+10003'
-73.9433,40.7852,56,744,'NYE 99th St10003+NY1st Ave+10003|NYE 99th St10003+NY1 Ave+10003|NY1st Ave10003+NYE 99 St+10003|NY1 Ave10003+NYE 99 St+10003'
-73.9433,40.6803,3,25,'NYDecatur St10003|NYDecatur St10003+NYTompkins Ave+10003'
-73.9433,40.7607,8,23,'NYVernon Blvd10003+NY37th Ave+10003|NY37th Ave10003'
-73.9433,40.7590,7,33,'NY38th Ave10003+NY9th St+10003'
-73.9433,40.8481,19,183,'NYRiverside Dr10003'
-73.9433,40.7935,74,544,'NYE 109 St10003+NY3rd Ave+10003|NYE 109 St10003+NY3 Ave+10003|NY3rd Ave10003+NYE 109th St+10003|NY3 Ave10003+NYE 109th St+10003'
-73.9433,40.8493,0,6,'NYRiverside Dr10003|NYRiverside Dr10003+NYState Rte 9a+10003|NYRiverside Dr10003+NYHenry Hudson Pkwy+10003'
-73.9433,40.8456,10,31,'NYW 172nd St10003|NYW 172 St10003'
-73.9433,40.6801,12,58,'NYFulton St10003+NYTompkins Ave+10003|NYTompkins Ave10003'
-73.9432,40.7993,184,951,'NYLuis Munoz Marin Blvd10003|NYLuis Munoz Marin Blvd10003+NYPark Ave+10003|NYE 116 St10003+NYPark Ave+10003|NYE 116th St10003+NYPark Ave+10003'
-73.9432,40.7015,36,49,'NYBroadway10003+NYDebevoise St+10003|NYDebevoise St10003'
-73.9432,40.6366,6,49,'NYE 35th St10003+NYFarragut Rd+10003'
-73.9432,40.6782,9,28,'NYSt Andrews Pl10003'
-73.9432,40.7468,91,68,'NYCourt Sq10003|NYCourt Sq10003+NYState Hwy 25 Alt+10003|NYCourt Sq10003+NYJackson Ave+10003'
-73.9432,40.7704,0,6,'NYMain St10003'
-73.9432,40.7516,10,40,'NYHarry Suna Pl10003|NYHarry Suna Pl10003+NY22nd St+10003'
-73.9432,40.8160,59,556,'NYW 136th St10003+NY7th Ave+10003|NYW 136th St10003+NYAdam Clayton Powell Jr Blvd+10003|NYW 136 St10003+NY7th Ave+10003|NYW 136 St10003+NYAdam Clayton Powell Jr Blvd+10003'
-73.9432,40.6074,2,14,'NYAve R10003+NYNostrand Ave+10003'
-73.9432,40.6455,1,14,'NYBeverley Rd10003+NYBrooklyn Ave+10003'
-73.9432,40.6177,0,1,'NYKings Hwy10003+NYE 32nd St+10003|NYE 32nd St10003'
-73.9432,40.8497,5,36,'NYRiverside Dr10003|NYRiverside Dr10003+NYGeorge Washington Brg+10003|NYRiverside Dr10003+NYUS Rte 1+10003|NYRiverside Dr10003+NYI 95+10003|NYRiverside Dr10003+NYUS Rte 9+10003|NYRiverside Dr10003+NYState Rte 9a+10003|NYRiverside Dr10003+NYHenry Hudson Pkwy+10003|NYGeorge Washington Brg10001+NYState Rte 9a+10001|NYGeorge Washington Brg10001+NYHenry Hudson Pkwy+10001|NYUS Rte 110001+NYState Rte 9a+10001|NYUS Rte 110001+NYHenry Hudson Pkwy+10001|NYI 9510001+NYState Rte 9a+10001|NYI 9510001+NYHenry Hudson Pkwy+10001|NYUS Rte 910001+NYState Rte 9a+10001|NYUS Rte 910001+NYHenry Hudson Pkwy+10001'
-73.9432,40.8109,125,643,'NYW 130 St10003+NYMalcolm X Blvd+10003|NYW 130 St10003+NYLenox Ave+10003|NYW 130th St10003+NYMalcolm X Blvd+10003|NYW 130th St10003+NYLenox Ave+10003'
-73.9431,40.7232,22,166,'NYDriggs Ave10003+NYN Henry St+10003|NYN Henry St10003'
-73.9431,40.6174,0,5,'NYE 33rd St10003|NYE 33rd St10003+NYAvenue N+10003'
-73.9431,40.8283,8,125,'NYW 151st St10003+NYConvent Ave+10003|NYW 151 St10003+NYConvent Ave+10003'
-73.9431,40.5809,0,5,'NYJaffray St10003'
-73.9431,40.7695,0,182,'NYCentral Rd N10003'
-73.9431,40.6793,0,10,'NYSt Andrews Pl10003|NYSt Andrews Pl10003+NYHerkimer St+10003'
-73.9431,40.7517,18,38,'NYQueens Plz S10003+NYHarry Suna Pl+10003|NYQueens Plz S10003+NY22nd St+10003|NYHarry Suna Pl10003|NYHarry Suna Pl10003+NY22nd St+10003'
-73.9431,40.7066,222,1614,'NYGraham Ave10003+NYJohnson Ave+10003'
-73.9431,40.8402,135,247,'NYW 165th St10003+NYFort Washington Ave+10003|NYW 165 St10003+NYFort Washington Ave+10003'
-73.9431,40.7014,38,94,'NYBroadway10003+NYThornton St+10003|NYThornton St10003'
-73.9431,40.8266,15,160,'NYSaint Nicholas Ave10003+NYW 149th St+10003|NYSaint Nicholas Ave10003+NYDonnellon Sq+10003|NYSaint Nicholas Ave10003+NYW 149 St+10003|NYW 149th St10003|NYW 149th St10003+NYDonnellon Sq+10003|NYW 149th St10003+NYSt Nicholas Ave+10003|NYDonnellon Sq10003|NYDonnellon Sq10003+NYW 149 St+10003|NYDonnellon Sq10003+NYSt Nicholas Ave+10003|NYW 149 St10003|NYW 149 St10003+NYSt Nicholas Ave+10003'
-73.9431,40.8366,172,387,'NYW 161 St10003+NYBroadway+10003|NYW 161st St10003+NYBroadway+10003'
-73.9430,40.7343,1,0,'NYGrandparents Ave10003'
-73.9430,40.9526,0,1,'NJHardenburgh Ave10003'
-73.9430,40.6530,1,12,'NYE 37th St10003+NYLinden Blvd+10003'
-73.9430,40.8026,33,299,'NYE 120th St10003+NYMadison Ave+10003|NYMadison Ave10003+NYE 120 St+10003'
-73.9430,40.7391,1,11,'NYWhite Auto Car Plz10003|NYWhite Auto Car Plz10003+NYBorden Ave+10003|NYWhite Auto Car Plz10003+NY27th St+10003|NYBorden Ave10003+NY27th St+10003|NY27th St10003'
-73.9430,40.8316,34,196,'NYW 155th St10003+NYAmsterdam Ave+10003|NYAmsterdam Ave10003+NYW 155 St+10003'
-73.9430,40.6134,1,5,'NYAve P10003+NYMarine Pkwy+10003'
-73.9430,40.7434,3,2,'NYSkillman Ave10003+NYPearson Pl+10003|NYPearson Pl10003'
-73.9429,40.7493,13,31,'NY24th St10003+NY43rd Ave+10003'
-73.9429,40.8432,19,249,'NYW 169 St10003|NYW 169 St10003+NYHaven Ave+10003|NYW 169 St10003+NYW 168th St+10003|NYW 169 St10003+NYW 168 St+10003|NYHaven Ave10003|NYHaven Ave10003+NYHaven Ave+10003|NYHaven Ave10003+NYW 169th St+10003|NYHaven Ave10003+NYW 168th St+10003|NYHaven Ave10003+NYW 168 St+10003|NYW 169th St10003|NYW 169th St10003+NYW 168th St+10003|NYW 169th St10003+NYW 168 St+10003|NYW 168th St10003|NYW 168 St10003'
-73.9429,40.7899,799,901,'NYE 105 St10003+NY2nd Ave+10003|NYE 105 St10003+NY2 Ave+10003|NYE 105th St10003+NY2nd Ave+10003|NYE 105th St10003+NY2 Ave+10003'
-73.9429,40.8233,70,758,'NYW 145th St10003+NYBradhurst Ave+10003'
-73.9429,40.7480,9,5,'NY25th St10003+NY44th Rd+10003|NYCrescent St10003+NY44th Rd+10003'
-73.9429,40.7775,301,1068,'NYE End Ave10003|NYE End Ave10003+NYE 90th St+10003|NYE End Ave10003+NYE 90 St+10003|NYE 90th St10003|NYE 90 St10003'
-73.9429,40.5854,0,9,'NYE 26th St10003|NYE 26th St10003+NYShore Pkwy+10003|NYE 26th St10003+NYShore Pkwy N+10003'
-73.9429,40.8495,11,49,'NYRiverside Dr10003|NYRiverside Dr10003+NYRiverside Dr+10003'
-73.9429,40.7472,42,34,'NY25th St10003|NY25th St10003+NY44th Dr+10003|NYCrescent St10003|NYCrescent St10003+NY44th Dr+10003'
-73.9429,40.8497,4,43,'NYGeorge Washington Brg10001+NYRiverside Dr+10001|NYUS Rte 110001+NYRiverside Dr+10001|NYI 9510001+NYRiverside Dr+10001|NYUS Rte 910001+NYRiverside Dr+10001'
-73.9429,40.7448,4,9,'NYCourt Sq10003'
-73.9429,40.7520,19,33,'NYState Rte 2510002+NY22nd St+10002|NYQueensboro Brg10002+NY22nd St+10002'
-73.9429,40.8215,37,158,'NYW 143 St10003+NY8th Ave+10003|NYW 143 St10003+NYFrederick Douglass Blvd+10003|NYW 143rd St10003+NY8th Ave+10003|NYW 143rd St10003+NYFrederick Douglass Blvd+10003'
-73.9429,40.7858,178,2531,'NYE 100th St10003+NY1st Ave+10003|NYE 100th St10003+NY1 Ave+10003|NYE 100 St10003+NY1st Ave+10003|NYE 100 St10003+NY1 Ave+10003'
-73.9429,40.7052,32,285,'NYMcKibben St10003+NYGraham Ave+10003'
-73.9428,40.7506,31,84,'NY42nd Rd10003|NY42nd Rd10003+NY23rd St+10003'
-73.9428,40.7212,39,301,'NYN Henry St10003+NYMeeker Ave+10003'
-73.9428,40.6511,1,24,'NYChurch Ave10003+NYE 37th St+10003'
-73.9428,40.7561,2,74,'NY12th St10003+NY40th Ave+10003'
-73.9428,40.7154,228,1456,'NYHumboldt St10003+NYConselyea St+10003'
-73.9428,40.7464,6,86,'NYCourt Sq10003|NYCourt Sq10003+NYCourt Sq+10003|NYCourt Sq10003+NYThomson Ave+10003'
-73.9428,40.7327,8,14,'NYGreenpoint Ave10003|NYGreenpoint Ave10003+NYKingsland Ave+10003|NYGreenpoint Ave10003+NYGreenpoint Ave+10003|NYGreenpoint Ave10003+NYGrandparents Ave+10003|NYGreenpoint Ave10003+NYJohn Jay Byrne Brg+10003|NYKingsland Ave10003+NYGreenpoint Ave+10003|NYKingsland Ave10003+NYJohn Jay Byrne Brg+10003|NYGrandparents Ave10003+NYGreenpoint Ave+10003|NYGrandparents Ave10003+NYJohn Jay Byrne Brg+10003|NYJohn Jay Byrne Brg10003'
-73.9428,40.7941,122,1007,'NYE 110th St10003|NYE 110th St10003+NY3rd Ave+10003|NYE 110th St10003+NY3 Ave+10003|NYE 110th St10003+NYE 110th St+10003|NY3rd Ave10003+NYE 110 St+10003|NY3rd Ave10003+NYE 110th St+10003|NYE 110 St10003|NYE 110 St10003+NY3 Ave+10003|NYE 110 St10003+NYE 110th St+10003|NY3 Ave10003+NYE 110th St+10003'
-73.9428,40.7210,26,69,'NYI 27810001+NYN Henry St+10001|NYBrooklyn Queens Expy10001+NYN Henry St+10001'
-73.9428,40.5848,0,2,'NYShore Pkwy S10003+NYE 26th St+10003|NYShore Pkwy10003+NYE 26th St+10003|NYE 26th St10003'
-73.9428,40.5998,0,6,'NYGravesend Neck Rd10003+NYE 29th St+10003'
-73.9428,40.8273,16,122,'NYSaint Nicholas Ave10003+NYW 150th St+10003|NYSaint Nicholas Ave10003+NYW 150 St+10003|NYW 150th St10003+NYSt Nicholas Ave+10003|NYW 150 St10003+NYSt Nicholas Ave+10003'
-73.9428,40.6051,0,51,'NYAvenue S10003+NYNostrand Ave+10003'
-73.9428,40.7208,20,84,'NYI 27810001+NYN Henry St+10001|NYBrooklyn Queens Expy10001+NYN Henry St+10001'
-73.9428,40.7431,1,2,'NYDavis Ct10003|NYDavis Ct10003+NYPearson Pl+10003'
-73.9428,40.7707,0,1,'NYMain St10003'
-73.9428,40.7842,9,12,'NYE River Dr10003|NYE River Dr10003+NYE River Dr+10003|NYE River Dr10002'
-73.9428,40.7398,6,40,'NY51st Ave10003+NY27th St+10003'
-73.9428,40.8166,51,463,'NYW 137 St10003+NY7th Ave+10003|NYW 137 St10003+NYAdam Clayton Powell Jr Blvd+10003|NYW 137th St10003+NY7th Ave+10003|NYW 137th St10003+NYAdam Clayton Powell Jr Blvd+10003'
-73.9428,40.8057,90,198,'NYW 124th St10003|NYW 124th St10003+NY5th Ave+10003|NYW 124th St10003+NYE 124th St+10003|NY5th Ave10003|NY5th Ave10003+NYE 124th St+10003|NYE 124th St10003'
-73.9428,40.7207,34,171,'NYMeeker Ave10003+NYN Henry St+10003'
-73.9427,40.8000,24,313,'NYE 117 St10003+NYPark Ave+10003|NYE 117th St10003+NYPark Ave+10003'
-73.9427,40.7045,22,260,'NYGraham Ave10003+NYSeigel St+10003'
-73.9427,40.6320,1,48,'NYAve H10003+NYE 35th St+10003|NYE 35th St10003'
-73.9427,40.8116,108,665,'NYW 131st St10003+NYMalcolm X Blvd+10003|NYW 131st St10003+NYLenox Ave+10003|NYW 131 St10003+NYMalcolm X Blvd+10003|NYW 131 St10003+NYLenox Ave+10003'
-73.9427,40.7520,19,16,'NYBridge Plz N10003+NY22nd St+10003|NYQueens Plz N10003+NY22nd St+10003'
-73.9427,40.7399,37,9,'NYLong Island Expy10001+NY27th St+10001|NYQueens Midtown Expy10001+NY27th St+10001|NYI 49510001+NY27th St+10001'
-73.9427,40.7148,498,375,'NYHumboldt St10003|NYHumboldt St10003+NYMaspeth Ave+10003|NYHumboldt St10003+NYHumbolt St+10003|NYHumboldt St10003+NYHumboldt St+10003|NYHumboldt St10003+NYHunbldt St+10003|NYMaspeth Ave10003|NYMaspeth Ave10003+NYHumbolt St+10003|NYMaspeth Ave10003+NYHumboldt St+10003|NYMaspeth Ave10003+NYHunbldt St+10003|NYHumbolt St10003|NYHumbolt St10003+NYHumboldt St+10003|NYHumbolt St10003+NYHunbldt St+10003|NYHunbldt St10003'
-73.9427,40.8439,9,226,'NYW 170th St10003|NYW 170th St10003+NYHaven Ave+10003|NYHaven Ave10003+NYW 170 St+10003|NYW 170 St10003'
-73.9427,40.7147,1246,1156,'NYHumbolt St10003|NYHumbolt St10003+NYMetropolitan Ave+10003|NYHumbolt St10003+NYHumboldt St+10003|NYHumbolt St10003+NYHunbldt St+10003|NYMetropolitan Ave10003+NYHumboldt St+10003|NYMetropolitan Ave10003+NYHunbldt St+10003|NYHumboldt St10003|NYHumboldt St10003+NYHunbldt St+10003|NYHumboldt St10003+NYHumboldt St+10003|NYHunbldt St10003|NYHunbldt St10003+NYHumboldt St+10003'
-73.9427,40.7686,17,257,'NYEast Rd10003'
-73.9427,40.7203,9,226,'NYN Henry St10003+NYHerbert St+10003'
-73.9427,40.6199,0,10,'NYAve M10003+NYNew York Ave+10003'
-73.9427,40.6109,0,2,'NYQuentin Rd10003+NYBurnett St+10003'
-73.9427,40.6403,0,52,'NYNewkirk Ave10003|NYNewkirk Ave10003+NYBrooklyn Ave+10003'
-73.9426,40.6493,0,37,'NYE 37th St10003|NYE 37th St10003+NYSnyder Ave+10003'
-73.9426,40.6311,0,7,'NYE 35th St10003'
-73.9426,40.7038,17,132,'NYGraham Ave10003+NYMoore St+10003'
-73.9426,40.8462,15,402,'NYW 173rd St10003|NYW 173rd St10003+NYHaven Ave+10003|NYHaven Ave10003+NYW 173 St+10003|NYW 173 St10003'
-73.9426,40.8372,139,316,'NYW 162 St10003+NYBroadway+10003|NYW 162nd St10003+NYBroadway+10003'
-73.9426,40.7412,6,10,'NY49th Ave10003+NYDavis Ct+10003|NYDavis Ct10003'
-73.9426,40.5780,0,4,'NYOriental Blvd10003+NYJaffray St+10003|NYJaffray St10003'
-73.9426,40.5837,0,3,'NYEmmons Ave10003+NYE 26th St+10003'
-73.9426,40.8032,11,58,'NYMadison Ave10003+NYE 121 St+10003|NYMadison Ave10003+NYE 121st St+10003|NYE 121 St10003|NYE 121st St10003'
-73.9425,40.7405,2,26,'NY27th St10003+NY50th Ave+10003|NY50th Ave10003'
-73.9425,40.8280,8,114,'NYSaint Nicholas Ave10003+NYW 151st St+10003|NYSaint Nicholas Ave10003+NYW 151 St+10003|NYW 151st St10003+NYSt Nicholas Ave+10003|NYW 151 St10003+NYSt Nicholas Ave+10003'
-73.9425,40.8322,11,191,'NYAmsterdam Ave10003+NYW 156th St+10003|NYAmsterdam Ave10003+NYW 156 St+10003|NYW 156th St10003|NYW 156 St10003'
-73.9425,40.7031,17,96,'NYVaret St10003+NYGraham Ave+10003'
-73.9425,40.7479,1,6,'NYHunter St10003+NY44th Rd+10003|NY44th Rd10003'
-73.9425,40.7190,48,1548,'NYN Henry St10003|NYN Henry St10003+NYRichardson St+10003'
-73.9425,40.7620,45,62,'NY36th Ave10003|NY36th Ave10003+NYVernon Blvd+10003|NY36th Ave10003+NY36th Ave+10003|NYVernon Blvd10003+NY36th Ave+10003'
-73.9425,40.7132,130,910,'NYAinslie St10003+NYHumboldt St+10003'
-73.9425,40.8446,5,511,'NYHaven Ave10003+NYW 171 St+10003|NYHaven Ave10003+NYW 171st St+10003|NYW 171 St10003|NYW 171st St10003'
-73.9425,40.7587,3,12,'NY38th Ave10003+NY10th St+10003'
-73.9425,40.8272,3,107,'NYDonnellon Sq10003|NYDonnellon Sq10003+NYSt Nicholas Pl+10003|NYDonnellon Sq10003+NYW 150th St+10003|NYDonnellon Sq10003+NYW 150 St+10003|NYSt Nicholas Pl10003|NYSt Nicholas Pl10003+NYW 150th St+10003|NYSt Nicholas Pl10003+NYW 150 St+10003'
-73.9424,40.7397,6,3,'NYLong Island Expy10001+NY51st Ave+10001|NYQueens Midtown Expy10001+NY51st Ave+10001|NY51st Ave10003+NYI 495+10003'
-73.9424,40.7604,1,19,'NY9th St10003+NY37th Ave+10003'
-73.9424,40.5834,0,2,'NYE 26th St10003'
-73.9424,40.7906,1075,1106,'NYE 106 St10003+NY2nd Ave+10003|NYE 106 St10003+NY2 Ave+10003|NY2nd Ave10003+NYE 106th St+10003|NY2 Ave10003+NYE 106th St+10003'
-73.9424,40.7540,1250,399,'NY21st St10003+NY41st Ave+10003'
-73.9424,40.8239,12,254,'NYW 146 St10003|NYW 146 St10003+NYBradhurst Ave+10003|NYW 146th St10003|NYW 146th St10003+NYBradhurst Ave+10003'
-73.9424,40.6186,0,7,'NYKings Hwy10003+NYNew York Ave+10003'
-73.9424,40.8222,61,254,'NYW 144th St10003+NY8th Ave+10003|NYW 144th St10003+NYFrederick Douglass Blvd+10003|NYW 144 St10003+NY8th Ave+10003|NYW 144 St10003+NYFrederick Douglass Blvd+10003'
-73.9424,40.6559,2,23,'NYClarkson Ave10003+NYE 38th St+10003|NYE 38th St10003'
-73.9424,40.7864,504,2352,'NYE 101st St10003|NYE 101st St10003+NY1st Ave+10003|NYE 101st St10003+NYE 101 St+10003|NYE 101st St10003+NY1 Ave+10003|NY1st Ave10003+NYE 101 St+10003|NYE 101 St10003|NYE 101 St10003+NY1 Ave+10003'
-73.9424,40.7471,95,95,'NYState Hwy 25 Alt10002+NY44th Dr+10002|NY44th Dr10003+NYJackson Ave+10003'
-73.9424,40.7023,13,146,'NYGraham Ave10003+NYCook St+10003'
-73.9424,40.6902,158,1520,'NYThroop Ave10003+NYVan Buren St+10003'
-73.9423,40.7948,150,813,'NY3rd Ave10003+NYE 111 St+10003|NY3rd Ave10003+NYE 111th St+10003|NYE 111 St10003+NY3 Ave+10003|NY3 Ave10003+NYE 111th St+10003'
-73.9423,40.8288,4,101,'NYW 152nd St10003+NYConvent Ave+10003|NYConvent Ave10003|NYConvent Ave10003+NYW 152 St+10003'
-73.9423,40.8453,5,347,'NYW 172nd St10003+NYHaven Ave+10003|NYHaven Ave10003+NYW 172 St+10003'
-73.9423,40.6576,1,21,'NYWinthrop St10003+NYKingston Ave+10003|NYKingston Ave10003'
-73.9423,40.6083,0,4,'NYHaring St10003|NYHaring St10003+NYAve R+10003|NYHaring St10003+NYGerritsen Ave+10003|NYAve R10003|NYAve R10003+NYGerritsen Ave+10003'
-73.9423,40.8172,50,435,'NYOdell Clark Pl10003|NYOdell Clark Pl10003+NYW 138 St+10003|NYOdell Clark Pl10003+NYW 138th St+10003|NYOdell Clark Pl10003+NY7th Ave+10003|NYOdell Clark Pl10003+NYAdam Clayton Powell Jr Blvd+10003|NYW 138 St10003+NY7th Ave+10003|NYW 138 St10003+NYAdam Clayton Powell Jr Blvd+10003|NYW 138th St10003+NY7th Ave+10003|NYW 138th St10003+NYAdam Clayton Powell Jr Blvd+10003'
-73.9423,40.8006,19,231,'NYE 118th St10003+NYPark Ave+10003|NYE 118 St10003+NYPark Ave+10003'
-73.9423,40.7412,1,4,'NY49th Ave10003+NY27th St+10003'
-73.9423,40.8422,476,364,'NYHaven Ave10003|NYHaven Ave10003+NYFort Washington Ave+10003|NYW 168th St10003+NYFort Washington Ave+10003|NYW 168 St10003+NYFort Washington Ave+10003'
-73.9423,40.6277,1,21,'NYE 35th St10003+NYFlatbush Ave+10003'
-73.9423,40.7016,12,48,'NYGraham Ave10003+NYDebevoise St+10003'
-73.9423,40.8064,564,618,'NYMartin Luther King Blvd10003+NY5th Ave+10003|NYMartin Luther King Blvd10003+NY5 Ave+10003|NYDr Martin Luther King Jr Blvd10003+NY5th Ave+10003|NYDr Martin Luther King Jr Blvd10003+NY5 Ave+10003|NY5th Ave10003|NY5th Ave10003+NYE 125th St+10003|NY5th Ave10003+NY5 Ave+10003|NY5th Ave10003+NYW 125th St+10003|NY5th Ave10003+NYE 125 St+10003|NY5th Ave10003+NY5th Ave+10003|NY5th Ave10003+NYW 125 St+10003|NYE 125th St10003|NYE 125th St10003+NY5 Ave+10003|NYE 125th St10003+NYW 125th St+10003|NYE 125th St10003+NY5th Ave+10003|NYE 125th St10003+NYW 125 St+10003|NY5 Ave10003|NY5 Ave10003+NYW 125th St+10003|NY5 Ave10003+NYE 125 St+10003|NY5 Ave10003+NYW 125 St+10003|NYW 125th St10003|NYW 125th St10003+NYE 125 St+10003|NYW 125th St10003+NY5th Ave+10003|NYE 125 St10003|NYE 125 St10003+NY5th Ave+10003|NYE 125 St10003+NYW 125 St+10003|NYW 125 St10003'
-73.9423,40.7513,37,87,'NYQueens Plz S10003+NY23rd St+10003'
-73.9423,40.7103,8,64,'NYTen Eyck Walk10003|NYTen Eyck Walk10003+NYTen Eyck St+10003|NYTen Eyck St10003'
-73.9422,40.8122,122,726,'NYW 132nd St10003+NYMalcolm X Blvd+10003|NYW 132nd St10003+NYLenox Ave+10003|NYMalcolm X Blvd10003+NYW 132 St+10003|NYLenox Ave10003+NYW 132 St+10003'
-73.9422,40.7118,693,1189,'NYGrand St10003+NYHumboldt St+10003'
-73.9422,40.8502,18,88,'NYHaven Ave10003'
-73.9422,40.7233,14,255,'NYDriggs Ave10003+NYMonitor St+10003'
-73.9422,40.6139,0,7,'NYAve P10003+NYE 31st St+10003'
-73.9422,40.6175,0,9,'NYE 34th St10003|NYE 34th St10003+NYNew York Ave+10003|NYE 34th St10003+NYAvenue N+10003|NYNew York Ave10003|NYNew York Ave10003+NYAvenue N+10003'
-73.9422,40.9450,1,1,'NJDuck Pond Rd10003+NJDeer Hill Rd+10003'
-73.9422,40.6075,0,11,'NYHaring St10003+NYAve R+10003'
-73.9422,40.8287,8,130,'NYSaint Nicholas Ave10003+NYW 152nd St+10003|NYSaint Nicholas Ave10003+NYW 152 St+10003|NYSt Nicholas Ave10003+NYW 152nd St+10003|NYSt Nicholas Ave10003+NYW 152 St+10003'
-73.9422,40.7009,102,224,'NYGraham Ave10003|NYGraham Ave10003+NYBroadway+10003'
-73.9422,40.8477,13,182,'NYHaven Ave10003+NYW 176 St+10003|NYHaven Ave10003+NYW 176th St+10003|NYW 176 St10003|NYW 176th St10003'
-73.9422,40.7155,105,590,'NYWoodpoint Rd10003+NYConselyea St+10003'
-73.9422,40.5808,0,1,'NYKensington St10003'
-73.9422,40.7151,25,91,'NYMaspeth Ave10003+NYWoodpoint Rd+10003|NYMaspeth Ave10003+NYBushwick Ave+10003|NYWoodpoint Rd10003|NYWoodpoint Rd10003+NYBushwick Ave+10003|NYBushwick Ave10003'
-73.9421,40.7052,12,200,'NYMcKibben St10003'
-73.9421,40.8378,173,445,'NYW 163 St10003+NYBroadway+10003|NYW 163rd St10003+NYBroadway+10003'
-73.9421,40.6447,0,3,'NYE 37th St10003|NYE 37th St10003+NYCortelyou Rd+10003'
-73.9421,40.7489,18,172,'NY25th St10003+NY43rd Ave+10003|NYCrescent St10003+NY43rd Ave+10003'
-73.9421,40.7979,415,267,'NYE 115 St10003+NYLexington Ave+10003|NYE 115th St10003+NYLexington Ave+10003'
-73.9421,40.7437,0,1,'NYSkillman Ave10003+NYAustell Pl+10003|NYAustell Pl10003'
-73.9421,40.7111,11,180,'NYMaujer St10003+NYHumboldt St+10003'
-73.9421,40.8038,2,102,'NYE 122 St10003|NYE 122 St10003+NYMadison Ave+10003|NYE 122nd St10003|NYE 122nd St10003+NYMadison Ave+10003'
-73.9421,40.6531,0,20,'NYLinden Blvd10002+NYE 38th St+10002'
-73.9421,40.7502,9,11,'NY24th St10003+NY42nd Rd+10003'
-73.9421,40.7843,8,5,'NYE River Dr10002+NYF D R Dr+10002|NYF D R Dr10002|NYF D R Dr10002+NYF D R Dr+10002'
-73.9421,40.7147,273,335,'NYMetropolitan Ave10003+NYBushwick Ave+10003'
-73.9421,40.8483,19,169,'NYHaven Ave10003|NYHaven Ave10003+NYW 177th St+10003|NYHaven Ave10003+NYW 177 St+10003|NYW 177th St10003|NYW 177 St10003'
-73.9420,40.7556,8,320,'NY13th St10003|NY13th St10003+NY40th Ave+10003'
-73.9420,40.8329,27,244,'NYW 157 St10003+NYAmsterdam Ave+10003|NYW 157th St10003+NYAmsterdam Ave+10003'
-73.9420,40.6437,0,18,'NYClarendon Rd10003+NYE 37th St+10003'
-73.9420,40.7452,3,29,'NYCourt Sq10003'
-73.9420,40.8428,58,262,'NYW 169 St10003+NYFort Washington Ave+10003|NYW 169th St10003+NYFort Washington Ave+10003'
-73.9420,40.7397,8,3,'NY51st Ave10003'
-73.9420,40.8278,2,70,'NYW 151st St10003|NYW 151st St10003+NYSt Nicholas Pl+10003|NYSt Nicholas Pl10003+NYW 151 St+10003|NYW 151 St10003'
-73.9420,40.7515,23,60,'NYState Rte 2510002+NY23rd St+10002|NYQueensboro Brg10002+NY23rd St+10002'
-73.9420,40.7278,33,387,'NYNorman Ave10003+NYGrandparents Ave+10003|NYGrandparents Ave10003'
-73.9420,40.7104,11,304,'NYTen Eyck Walk10003|NYTen Eyck Walk10003+NYTen Eyck St+10003|NYTen Eyck Walk10003+NYHumboldt St+10003|NYTen Eyck St10003|NYTen Eyck St10003+NYHumboldt St+10003'
-73.9420,40.7846,1,11,'NYE River Dr10002|NYE River Dr10002+NYE 99th St+10002|NYE River Dr10002+NYE River Dr+10002|NYE River Dr10002+NYE 99 St+10002|NYF D R Dr10002|NYF D R Dr10002+NYE 99th St+10002|NYF D R Dr10002+NYE River Dr+10002|NYF D R Dr10002+NYE 99 St+10002|NYE 99th St10003|NYE 99th St10003+NYE River Dr+10003|NYE 99 St10003'
-73.9420,40.9652,0,1,'NJParsells Ct10003'
-73.9420,40.8519,1,55,'NYPlz Lafayette10003|NYPlz Lafayette10003+NYState Rte 9a+10003|NYPlz Lafayette10003+NYHenry Hudson Pkwy+10003|NYW 181 St10003|NYW 181 St10003+NYState Rte 9a+10003|NYW 181 St10003+NYHenry Hudson Pkwy+10003|NYW 181st St10003|NYW 181st St10003+NYState Rte 9a+10003|NYW 181st St10003+NYHenry Hudson Pkwy+10003'
-73.9420,40.7217,22,123,'NYMonitor St10003+NYMeeker Ave+10003'
-73.9420,40.8246,6,360,'NYW 147 St10003|NYW 147 St10003+NYBradhurst Ave+10003|NYBradhurst Ave10003+NYW 147th St+10003|NYW 147th St10003'
-73.9420,40.8294,18,291,'NYSaint Nicholas Ave10003+NYW 153rd St+10003|NYW 153rd St10003+NYSt Nicholas Ave+10003'
-73.9419,40.7871,214,1832,'NYE 102nd St10003+NY1st Ave+10003|NYE 102nd St10003+NY1 Ave+10003|NY1st Ave10003+NYE 102 St+10003|NYE 102 St10003+NY1 Ave+10003'
-73.9419,40.7215,15,24,'NYI 27810001+NYMonitor St+10001|NYBrooklyn Queens Expy10001+NYMonitor St+10001'
-73.9419,40.7007,182,114,'NYBroadway10003+NYFlushing Ave+10003'
-73.9419,40.6113,0,4,'NYQuentin Rd10003+NYMadison Pl+10003'
-73.9419,40.8228,170,521,'NYW 145th St10003+NY8th Ave+10003|NYW 145th St10003+NYFrederick Douglass Blvd+10003'
-73.9419,40.5855,0,6,'NYShore Pkwy10003+NYE 27th St+10003|NYE 27th St10003|NYE 27th St10003+NYShore Pkwy N+10003'
-73.9419,40.7214,16,43,'NYI 27810001+NYMonitor St+10001|NYBrooklyn Queens Expy10001+NYMonitor St+10001'
-73.9419,40.8518,8,308,'NYPlz Lafayette10003+NYRiverside Dr+10003|NYRiverside Dr10003+NYW 181 St+10003|NYRiverside Dr10003+NYW 181st St+10003'
-73.9419,40.7213,20,254,'NYMeeker Ave10003+NYMonitor St+10003'
-73.9419,40.6512,2,18,'NYChurch Ave10003+NYE 38th St+10003'
-73.9419,40.7375,1,2,'NY29th St10003'
-73.9419,40.7954,102,871,'NY3rd Ave10003+NYE 112th St+10003|NY3rd Ave10003+NYE 112 St+10003|NYE 112th St10003+NY3 Ave+10003|NY3 Ave10003+NYE 112 St+10003'
-73.9419,40.7517,36,55,'NYBridge Plz N10003+NY23rd St+10003|NYQueens Plz N10003+NY23rd St+10003'
-73.9418,40.6002,1,7,'NYGravesend Neck Rd10003+NYNostrand Ave+10003'
-73.9418,40.8178,51,526,'NYW 139th St10003+NY7th Ave+10003|NYW 139th St10003+NYAdam Clayton Powell Jr Blvd+10003|NYW 139 St10003+NY7th Ave+10003|NYW 139 St10003+NYAdam Clayton Powell Jr Blvd+10003'
-73.9418,40.8012,35,285,'NYE 119 St10003+NYPark Ave+10003|NYE 119th St10003+NYPark Ave+10003'
-73.9418,40.7417,1,4,'NY27th St10003+NYPearson Pl+10003|NYPearson Pl10003'
-73.9418,40.6273,2,14,'NYFlatbush Ave10003+NYAve J+10003'
-73.9418,40.8128,84,675,'NYW 133rd St10003|NYW 133rd St10003+NYMalcolm X Blvd+10003|NYW 133rd St10003+NYLenox Ave+10003|NYMalcolm X Blvd10003+NYW 133 St+10003|NYLenox Ave10003+NYW 133 St+10003|NYW 133 St10003'
-73.9418,40.6739,4,107,'NYProspect Pl10003|NYProspect Pl10003+NYKingston Ave+10003'
-73.9418,40.8071,111,472,'NYE 126th St10003|NYE 126th St10003+NY5 Ave+10003|NYE 126th St10003+NYW 126th St+10003|NYE 126th St10003+NY5th Ave+10003|NYE 126th St10003+NYW 126 St+10003|NY5 Ave10003+NYE 126 St+10003|NY5 Ave10003+NYW 126th St+10003|NY5 Ave10003+NYW 126 St+10003|NYE 126 St10003|NYE 126 St10003+NYW 126th St+10003|NYE 126 St10003+NY5th Ave+10003|NYE 126 St10003+NYW 126 St+10003|NYW 126th St10003|NYW 126th St10003+NY5th Ave+10003|NY5th Ave10003+NYW 126 St+10003|NYW 126 St10003'
-73.9418,40.5849,0,2,'NYShore Pkwy S10003+NYE 27th St+10003|NYShore Pkwy10003+NYE 27th St+10003|NYE 27th St10003'
-73.9417,40.7204,5,142,'NYHerbert St10003+NYMonitor St+10003'
-73.9417,40.7439,0,2,'NYSkillman Ave10003+NY47th Ave+10003|NY47th Ave10003'
-73.9417,40.7461,46,693,'NY44th Dr10003|NY44th Dr10003+NYThomson Ave+10003'
-73.9417,40.6200,0,2,'NYAve M10003+NYKings Hwy+10003|NYAve M10003+NYE 34th St+10003|NYKings Hwy10003|NYKings Hwy10003+NYE 34th St+10003'
-73.9417,40.7140,79,305,'NYDevoe St10003+NYBushwick Ave+10003'
-73.9417,40.6494,0,1,'NYE 38th St10003|NYE 38th St10003+NYSnyder Ave+10003'
-73.9417,40.7024,2,19,'NYCook St10003'
-73.9417,40.6747,9,145,'NYSt Marks Ave10003+NYKingston Ave+10003'
-73.9417,40.8384,230,304,'NYW 164th St10003+NYBroadway+10003|NYW 164 St10003+NYBroadway+10003'
-73.9417,40.7482,6,28,'NYHunter St10003+NY43rd Ave+10003|NYHunter St10003+NY27th St+10003|NY43rd Ave10003+NY27th St+10003|NY27th St10003'
-73.9417,40.8302,10,131,'NYSaint Nicholas Ave10003+NYW 154 St+10003|NYSaint Nicholas Ave10003+NYW 154th St+10003|NYW 154 St10003|NYW 154 St10003+NYSt Nicholas Ave+10003|NYW 154 St10003+NYW 154th St+10003|NYSt Nicholas Ave10003+NYW 154th St+10003|NYW 154th St10003'
-73.9417,40.7584,3,25,'NY38th Ave10003+NY11th St+10003'
-73.9417,40.5781,0,3,'NYKensington St10003|NYKensington St10003+NYOriental Blvd+10003'
-73.9417,40.8045,12,315,'NYE 123 St10003|NYE 123 St10003+NYMadison Ave+10003|NYMadison Ave10003+NYE 123rd St+10003|NYE 123rd St10003'
-73.9416,40.8434,27,294,'NYW 170th St10003+NYFort Washington Ave+10003|NYW 170 St10003+NYFort Washington Ave+10003'
-73.9416,40.6195,0,5,'NYKings Hwy10003|NYKings Hwy10003+NYKings Hwy+10003|NYKings Hwy10003+NYE 34th St+10003'
-73.9416,40.7601,2,25,'NY10th St10003+NY37th Ave+10003'
-73.9416,40.7986,1159,953,'NYE 116 St10003+NYLexington Ave+10003|NYE 116th St10003+NYLexington Ave+10003'
-73.9416,40.7617,13,81,'NY9th St10003+NY36th Ave+10003'
-73.9416,40.6756,8,52,'NYKingston Ave10003+NYBergen St+10003'
-73.9416,40.8335,26,287,'NYW 158th St10003+NYAmsterdam Ave+10003|NYAmsterdam Ave10003+NYW 158 St+10003'
-73.9415,40.6076,0,7,'NYAve R10003|NYAve R10003+NYGerritsen Ave+10003'
-73.9415,40.6088,0,8,'NYStuart St10003+NYAve R+10003'
-73.9415,40.8284,3,154,'NYSt Nicholas Pl10003+NYW 152nd St+10003|NYSt Nicholas Pl10003+NYW 152 St+10003|NYW 152nd St10003|NYW 152 St10003'
-73.9415,40.7191,10,335,'NYMonitor St10003|NYMonitor St10003+NYRichardson St+10003'
-73.9415,40.8268,5,179,'NYW 150th St10003|NYW 150th St10003+NYEdgecombe Ave+10003|NYEdgecombe Ave10003+NYW 150 St+10003|NYW 150 St10003'
-73.9415,40.6764,8,108,'NYDean St10003+NYKingston Ave+10003'
-73.9415,40.6297,1,15,'NYAve I10003+NYBrooklyn Ave+10003'
-73.9415,40.7220,30,97,'NYEngert Ave10003|NYEngert Ave10003+NYMeeker Ave+10003'
-73.9415,40.7919,869,601,'NYE 108th St10003|NYE 108th St10003+NY2nd Ave+10003|NYE 108th St10003+NY2 Ave+10003|NY2nd Ave10003+NYE 108 St+10003|NYE 108 St10003|NYE 108 St10003+NY2 Ave+10003'
-73.9415,40.8252,1,262,'NYW 148 St10003|NYW 148 St10003+NYBradhurst Ave+10003|NYW 148th St10003|NYW 148th St10003+NYBradhurst Ave+10003'
-73.9415,40.6144,0,16,'NYE 32nd St10003+NYAve P+10003'
-73.9415,40.7877,136,538,'NYE 103rd St10003|NYE 103rd St10003+NY1st Ave+10003|NYE 103rd St10003+NY1 Ave+10003|NY1st Ave10003+NYE 103 St+10003|NYE 103 St10003|NYE 103 St10003+NY1 Ave+10003'
-73.9415,40.6772,15,55,'NYPacific St10003+NYKingston Ave+10003'
-73.9415,40.6559,0,4,'NYE 39th St10003|NYE 39th St10003+NYClarkson Ave+10003'
-73.9415,40.7475,40,125,'NYState Hwy 25 Alt10002+NYPurves St+10002|NYPurves St10003|NYPurves St10003+NYJackson Ave+10003'
-73.9415,40.7509,18,40,'NY24th St10003|NY24th St10003+NYQueens Plz S+10003'
-73.9414,40.6999,16,24,'NYHopkins St10003'
-73.9414,40.8235,50,399,'NYW 146 St10003+NY8th Ave+10003|NYW 146 St10003+NYFrederick Douglass Blvd+10003|NYW 146th St10003+NY8th Ave+10003|NYW 146th St10003+NYFrederick Douglass Blvd+10003'
-73.9414,40.7535,17,31,'NY41st Ave10003+NY22nd St+10003'
-73.9414,40.8185,63,496,'NYW 140 St10003+NY7th Ave+10003|NYW 140 St10003+NYAdam Clayton Powell Jr Blvd+10003|NYW 140th St10003+NY7th Ave+10003|NYW 140th St10003+NYAdam Clayton Powell Jr Blvd+10003'
-73.9414,40.7637,2,27,'NY35th Ave10003+NYVernon Blvd+10003'
-73.9414,40.7133,44,290,'NYAinslie St10003|NYAinslie St10003+NYBushwick Ave+10003'
-73.9414,40.8309,38,210,'NYSaint Nicholas Ave10003+NYW 155th St+10003|NYSaint Nicholas Ave10003+NYW 155 St+10003|NYW 155th St10003+NYSt Nicholas Ave+10003|NYSt Nicholas Ave10003+NYW 155 St+10003'
-73.9414,40.8019,21,97,'NYE 120th St10003+NYPark Ave+10003|NYE 120 St10003+NYPark Ave+10003'
-73.9413,40.8134,100,210,'NYW 134 St10003|NYW 134 St10003+NYMalcolm X Blvd+10003|NYW 134 St10003+NYLenox Ave+10003|NYMalcolm X Blvd10003+NYW 134th St+10003|NYW 134th St10003|NYW 134th St10003+NYLenox Ave+10003'
-73.9413,40.8482,13,98,'NYCabrini Blvd10003|NYCabrini Blvd10003+NYW 177th St+10003|NYCabrini Blvd10003+NYW 177 St+10003'
-73.9413,40.6028,0,23,'NYHaring St10003+NYAve T+10003'
-73.9413,40.8077,105,637,'NYW 127th St10003|NYW 127th St10003+NYE 127th St+10003|NYW 127th St10003+NY5 Ave+10003|NYW 127th St10003+NY5th Ave+10003|NYW 127th St10003+NYE 127 St+10003|NYE 127th St10003|NYE 127th St10003+NY5 Ave+10003|NYE 127th St10003+NYW 127 St+10003|NYE 127th St10003+NY5th Ave+10003|NY5 Ave10003+NYW 127 St+10003|NY5 Ave10003+NYE 127 St+10003|NYW 127 St10003|NYW 127 St10003+NY5th Ave+10003|NYW 127 St10003+NYE 127 St+10003|NY5th Ave10003+NYE 127 St+10003|NYE 127 St10003'
-73.9413,40.6993,2,41,'NYSumner Ave10003+NYEllery St+10003|NYEllery St10003|NYEllery St10003+NYMarcus Garvey Blvd+10003'
-73.9413,40.8514,69,794,'NYPlz Lafayette10003+NYHaven Ave+10003|NYW 181 St10003+NYHaven Ave+10003|NYHaven Ave10003|NYHaven Ave10003+NYW 181st St+10003'
-73.9413,40.7498,6,100,'NY25th St10003+NY42nd Rd+10003|NYCrescent St10003+NY42nd Rd+10003'
-73.9413,40.6176,0,8,'NYE 34th St10003|NYE 34th St10003+NYE 35th St+10003|NYE 34th St10003+NYAvenue N+10003|NYE 35th St10003|NYE 35th St10003+NYAvenue N+10003'
-73.9413,40.7234,30,716,'NYDriggs Ave10003+NYKingsland Ave+10003'
-73.9413,40.6273,0,9,'NYAve J10003+NYBrooklyn Ave+10003'
-73.9412,40.7552,368,723,'NY21st St10003+NY40th Ave+10003'
-73.9412,40.5808,0,1,'NYLangham St10003'
-73.9412,40.7475,55,118,'NY43rd Ave10003|NY43rd Ave10003+NYState Hwy 25 Alt+10003|NY43rd Ave10003+NYJackson Ave+10003'
-73.9412,40.7155,21,539,'NYMaspeth Ave10003+NYConselyea St+10003|NYConselyea St10003'
-73.9412,40.7147,31,139,'NYMetropolitan Ave10003+NYOrient Ave+10003|NYOrient Ave10003'
-73.9412,40.6799,14,93,'NYFulton St10003+NYKingston Ave+10003|NYKingston Ave10003'
-73.9412,40.6447,0,2,'NYE 38th St10003|NYE 38th St10003+NYCortelyou Rd+10003'
-73.9412,40.6267,1,8,'NYFlatbush Ave10003+NYBrooklyn Ave+10003|NYBrooklyn Ave10003'
-73.9412,40.7394,44,39,'NYBorden Ave10003'
-73.9412,40.6174,0,9,'NYFlatlands Ave10003|NYFlatlands Ave10003+NYE 35th St+10003'
-73.9412,40.6072,0,2,'NYBrown St10003|NYBrown St10003+NYGerritsen Ave+10003'
-73.9412,40.8051,25,377,'NYMadison Ave10003+NYE 124th St+10003'
-73.9412,40.6531,1,35,'NYE 39th St10003+NYLinden Blvd+10003'
-73.9412,40.6118,0,7,'NYQuentin Rd10003+NYMarine Pkwy+10003'
-73.9412,40.7423,0,2,'NYAustell Pl10003|NYAustell Pl10003+NY27th St+10003'
-73.9412,40.6202,0,2,'NYAve M10003+NYKings Hwy+10003'
-73.9411,40.6985,30,322,'NYSumner Ave10003+NYPark Ave+10003|NYPark Ave10003+NYMarcus Garvey Blvd+10003'
-73.9411,40.7003,110,116,'NYSumner Ave10003|NYSumner Ave10003+NYBroadway+10003|NYSumner Ave10003+NYSumner Pl+10003|NYBroadway10003+NYSumner Pl+10003|NYBroadway10003+NYMarcus Garvey Blvd+10003|NYSumner Pl10003|NYSumner Pl10003+NYMarcus Garvey Blvd+10003|NYMarcus Garvey Blvd10003'
-73.9411,40.8440,32,571,'NYW 171 St10003+NYFort Washington Ave+10003|NYW 171st St10003+NYFort Washington Ave+10003'
-73.9411,40.8392,310,301,'NYW 165th St10003+NYBroadway+10003|NYW 165 St10003+NYBroadway+10003'
-73.9411,40.7993,311,540,'NYE 117 St10003+NYLexington Ave+10003|NYE 117th St10003+NYLexington Ave+10003'
-73.9411,40.8341,22,225,'NYW 159th St10003+NYAmsterdam Ave+10003|NYW 159 St10003+NYAmsterdam Ave+10003'
-73.9411,40.8490,5,131,'NYCabrini Blvd10003+NYW 178 St+10003|NYCabrini Blvd10003+NYW 178th St+10003|NYW 178 St10003|NYW 178th St10003'
-73.9411,40.6437,0,7,'NYE 38th St10003+NYClarendon Rd+10003'
-73.9411,40.7223,50,203,'NYKingsland Ave10003+NYMeeker Ave+10003'
-73.9411,40.7513,60,74,'NYBridge Plz N10003+NY24th St+10003|NYQueens Plz N10003+NY24th St+10003|NY24th St10003'
-73.9411,40.7720,0,2,'NYWest Rd10003'
-73.9411,40.8291,17,270,'NYSt Nicholas Pl10003+NYW 153rd St+10003|NYW 153rd St10003'
-73.9411,40.7221,30,105,'NYI 27810001+NYKingsland Ave+10001|NYBrooklyn Queens Expy10001+NYKingsland Ave+10001'
-73.9411,40.5857,0,4,'NYE 28th St Exd10003|NYE 28th St Exd10003+NYShore Pkwy+10003|NYE 28th St Exd10003+NYE 28th St+10003|NYE 28th St Exd10003+NYShore Pkwy N+10003|NYShore Pkwy10003+NYE 28th St+10003|NYE 28th St10003|NYE 28th St10003+NYShore Pkwy N+10003'
-73.9410,40.8258,9,140,'NYW 149th St10003|NYW 149th St10003+NYBradhurst Ave+10003|NYBradhurst Ave10003+NYW 149 St+10003|NYW 149 St10003'
-73.9410,40.7278,2,99,'NYNorman Ave10003+NYSutton St+10003|NYSutton St10003'
-73.9410,40.7219,62,120,'NYI 27810001+NYKingsland Ave+10001|NYBrooklyn Queens Expy10001+NYKingsland Ave+10001'
-73.9410,40.7127,88,314,'NYPowers St10003+NYBushwick Ave+10003'
-73.9410,40.7925,917,671,'NYE 109 St10003+NY2nd Ave+10003|NYE 109 St10003+NY2 Ave+10003|NY2nd Ave10003+NYE 109th St+10003|NY2 Ave10003+NYE 109th St+10003'
-73.9410,40.7850,9,19,'NYE 100th St10003|NYE 100th St10003+NYE River Dr+10003|NYE 100th St10003+NYF D R Dr+10003|NYE River Dr10002+NYE 100 St+10002|NYF D R Dr10002+NYE 100 St+10002|NYE 100 St10003'
-73.9410,40.7883,107,1008,'NY1st Ave10003+NYE 104 St+10003|NY1st Ave10003+NYE 104th St+10003|NYE 104 St10003|NYE 104 St10003+NY1 Ave+10003|NY1 Ave10003+NYE 104th St+10003|NYE 104th St10003'
-73.9410,40.6756,1,59,'NYRevere Pl10003|NYRevere Pl10003+NYBergen St+10003'
-73.9410,40.5854,0,3,'NYE 28th St Exd10003+NYShore Pkwy+10003|NYE 28th St Exd10003+NYBelt Pkwy+10003'
-73.9410,40.6265,1,5,'NYFlatbush Ave10003+NYE 36th St+10003|NYE 36th St10003'
-73.9410,40.7216,35,287,'NYLombardy St10003|NYLombardy St10003+NYKingsland Ave+10003'
-73.9410,40.8241,35,355,'NYW 147 St10003+NY8th Ave+10003|NYW 147 St10003+NYFrederick Douglass Blvd+10003|NY8th Ave10003+NYW 147th St+10003|NYW 147th St10003+NYFrederick Douglass Blvd+10003'
-73.9410,40.6512,0,8,'NYE 39th St10003+NYChurch Ave+10003'
-73.9409,40.6764,1,40,'NYDean St10003+NYRevere Pl+10003|NYRevere Pl10003'
-73.9409,40.6711,108,782,'NYHampton Pl10003|NYHampton Pl10003+NYSt Johns Pl+10003'
-73.9409,40.8191,38,365,'NY7th Ave10003+NYW 141 St+10003|NY7th Ave10003+NYW 141st St+10003|NYW 141 St10003+NYAdam Clayton Powell Jr Blvd+10003|NYW 141st St10003+NYAdam Clayton Powell Jr Blvd+10003'
-73.9409,40.7706,1,1,'NYEast Rd10003'
-73.9409,40.7333,1,4,'NYGreenpoint Ave10003|NYGreenpoint Ave10003+NYGreenpoint Ave+10003|NYGreenpoint Ave10003+NYJohn Jay Byrne Brg+10003'
-73.9409,40.8025,13,60,'NYE 121 St10003+NYPark Ave+10003|NYPark Ave10003+NYE 121st St+10003'
-73.9409,40.6005,0,4,'NYHaring St10003+NYAve U+10003'
-73.9409,40.8324,16,373,'NYW 157 St10003+NYSaint Nicholas Ave+10003|NYW 157 St10003+NYSt Nicholas Ave+10003|NYSaint Nicholas Ave10003+NYW 157th St+10003|NYW 157th St10003+NYSt Nicholas Ave+10003'
-73.9409,40.7387,23,14,'NYBorden Ave10003+NYReview Ave+10003|NYReview Ave10003'
-73.9409,40.7209,21,198,'NYKingsland Ave10003+NYBeadel St+10003|NYBeadel St10003'
-73.9409,40.7581,1,10,'NY38th Ave10003+NY12th St+10003'
-73.9409,40.8083,126,383,'NYW 128th St10003|NYW 128th St10003+NYE 128th St+10003|NYW 128th St10003+NYE 128 St+10003|NYW 128th St10003+NY5 Ave+10003|NYW 128th St10003+NY5th Ave+10003|NYE 128th St10003|NYE 128th St10003+NYW 128 St+10003|NYE 128th St10003+NY5 Ave+10003|NYE 128th St10003+NY5th Ave+10003|NYE 128 St10003|NYE 128 St10003+NYW 128 St+10003|NYE 128 St10003+NY5 Ave+10003|NYE 128 St10003+NY5th Ave+10003|NYW 128 St10003|NYW 128 St10003+NY5 Ave+10003|NYW 128 St10003+NY5th Ave+10003'
-73.9409,40.8141,224,426,'NYW 135 St10003+NYMalcolm X Blvd+10003|NYW 135 St10003+NYLenox Ave+10003|NYW 135th St10003+NYMalcolm X Blvd+10003|NYW 135th St10003+NYLenox Ave+10003'
-73.9408,40.6720,2,48,'NYHampton Pl10003+NYSterling Pl+10003'
-73.9408,40.7674,1,2,'NY33rd Rd10003'
-73.9408,40.6204,0,5,'NYKings Hwy10003|NYKings Hwy10003+NYE 35th St+10003|NYKings Hwy10003+NYKings Hwy+10003|NYE 35th St10003+NYKings Hwy+10003'
-73.9408,40.5894,1,30,'NYE 29th St10003+NYAve Z+10003'
-73.9408,40.6092,0,5,'NYAve R10003+NYBurnett St+10003'
-73.9408,40.7598,5,31,'NY11th St10003+NY37th Ave+10003'
-73.9408,40.6201,0,6,'NYKings Hwy10003|NYKings Hwy10003+NYAve M+10003|NYKings Hwy10003+NYE 35th St+10003|NYAve M10003+NYE 35th St+10003'
-73.9408,40.7205,5,47,'NYGrandparents Ave10003|NYGrandparents Ave10003+NYHerbert St+10003|NYHerbert St10003|NYHerbert St10003+NYKingsland Ave+10003'
-73.9408,40.7614,17,95,'NY10th St10003+NY36th Ave+10003'
-73.9408,40.8447,53,393,'NYW 172nd St10003+NYFort Washington Ave+10003|NYW 172 St10003+NYFort Washington Ave+10003'
-73.9408,40.8493,2,13,'NYGeorge Washington Brg10001|NYGeorge Washington Brg10001+NYCabrini Blvd+10001|NYGeorge Washington Brg10001+NYTransmanhattan Expy+10001|NYUS Rte 110001+NYCabrini Blvd+10001|NYI 9510001+NYCabrini Blvd+10001|NYCabrini Blvd10003|NYCabrini Blvd10003+NYUS Rte 9+10003|NYCabrini Blvd10003+NYTransmanhattan Expy+10003|NYTransmanhattan Expy10001'
-73.9408,40.6177,0,6,'NYFlatlands Ave10003+NYAvenue N+10003|NYAvenue N10003'
-73.9408,40.6149,0,13,'NYE 33rd St10003+NYAve P+10003'
-73.9408,40.8471,0,3,'NYS Pinehurst Ave10003'
-73.9408,40.7032,8,88,'NYVaret St10003|NYVaret St10003+NYHumboldt St+10003'
-73.9408,40.8497,5,45,'NYW 179 St10003|NYW 179 St10003+NYCabrini Blvd+10003|NYW 179th St10003|NYW 179th St10003+NYCabrini Blvd+10003|NYCabrini Blvd10003'
-73.9408,40.6495,0,2,'NYE 39th St10003|NYE 39th St10003+NYSnyder Ave+10003'
-73.9408,40.6729,3,39,'NYPark Pl10003+NYHampton Pl+10003|NYHampton Pl10003'
-73.9407,40.7202,4,101,'NYGrandparents Ave10003+NYDivision Pl+10003|NYKingsland Ave10003+NYDivision Pl+10003|NYDivision Pl10003'
-73.9407,40.5782,0,3,'NYLangham St10003|NYLangham St10003+NYOriental Blvd+10003'
-73.9407,40.7477,30,63,'NYDutch Kills St10003|NYDutch Kills St10003+NYState Hwy 25 Alt+10003|NYDutch Kills St10003+NYJackson Ave+10003'
-73.9407,40.6250,1,38,'NYAve K10003+NYE 36th St+10003'
-73.9407,40.5838,0,7,'NYE 28th St Exd10003|NYE 28th St Exd10003+NYEmmons Ave+10003'
-73.9407,40.8474,22,149,'NYW 176 St10003+NYPinehurst Ave+10003|NYW 176 St10003+NYS Pinehurst Ave+10003|NYPinehurst Ave10003|NYPinehurst Ave10003+NYW 176th St+10003|NYPinehurst Ave10003+NYS Pinehurst Ave+10003|NYW 176th St10003+NYS Pinehurst Ave+10003|NYS Pinehurst Ave10003'
-73.9407,40.7120,1047,585,'NYGrand St10003+NYBushwick Ave+10003'
-73.9407,40.7139,13,241,'NYJudge St10003'
-73.9407,40.7999,251,614,'NYE 118th St10003+NYLexington Ave+10003|NYE 118 St10003+NYLexington Ave+10003'
-73.9407,40.8347,19,107,'NYW 160 St10003+NYAmsterdam Ave+10003|NYAmsterdam Ave10003+NYW 160th St+10003'
-73.9407,40.8331,9,408,'NYSaint Nicholas Ave10003+NYW 158th St+10003|NYSaint Nicholas Ave10003+NYW 158 St+10003|NYW 158th St10003+NYSt Nicholas Ave+10003|NYW 158 St10003+NYSt Nicholas Ave+10003'
-73.9406,40.8057,373,1276,'NYMartin Luther King Blvd10003+NYMadison Ave+10003|NYDr Martin Luther King Jr Blvd10003+NYMadison Ave+10003|NYE 125th St10003+NYMadison Ave+10003|NYE 125 St10003+NYMadison Ave+10003'
-73.9406,40.8399,288,128,'NYW 166 St10003|NYW 166 St10003+NYBroadway+10003|NYW 166th St10003|NYW 166th St10003+NYBroadway+10003'
-73.9406,40.7194,11,97,'NYGrandparents Ave10003+NYRichardson St+10003|NYKingsland Ave10003+NYRichardson St+10003|NYRichardson St10003'
-73.9406,40.7505,33,202,'NY25th St10003+NYQueens Plz S+10003|NYCrescent St10003+NYQueens Plz S+10003'
-73.9406,40.6814,73,610,'NYThroop Ave10003+NYMacdonough St+10003'
-73.9406,40.7530,27,164,'NY41st Ave10003+NY23rd St+10003'
-73.9406,40.7478,71,117,'NYDutch Kills St10003|NYDutch Kills St10003+NYState Hwy 25 Alt+10003|NYDutch Kills St10003+NYJackson Ave+10003'
-73.9406,40.7105,2,0,'NYTen Eyck St10003|NYTen Eyck St10003+NYTen Eyck Walk+10003|NYTen Eyck Walk10003'
-73.9406,40.8504,1,102,'NYW 180 St10003|NYW 180 St10003+NYCabrini Blvd+10003|NYCabrini Blvd10003+NYW 180th St+10003|NYW 180th St10003'
-73.9406,40.7382,2,3,'NY29th St10003+NYReview Ave+10003'
-73.9406,40.8264,2,163,'NYW 150 St10003|NYW 150 St10003+NYBradhurst Ave+10003|NYW 150th St10003|NYW 150th St10003+NYBradhurst Ave+10003'
-73.9406,40.7192,17,215,'NYGrandparents Ave10003|NYGrandparents Ave10003+NYRichardson St+10003|NYKingsland Ave10003+NYRichardson St+10003|NYRichardson St10003'
-73.9406,40.7932,1364,1287,'NYE 110 St10003|NYE 110 St10003+NY2nd Ave+10003|NYE 110 St10003+NYE 110th St+10003|NYE 110 St10003+NY2 Ave+10003|NY2nd Ave10003+NYE 110th St+10003|NYE 110th St10003|NYE 110th St10003+NYE 110th St+10003|NYE 110th St10003+NY2 Ave+10003'
-73.9406,40.6780,2,27,'NYAlice Ct10003'
-73.9406,40.7889,170,918,'NYE 105 St10003+NY1st Ave+10003|NYE 105 St10003+NY1 Ave+10003|NYE 105th St10003+NY1st Ave+10003|NYE 105th St10003+NY1 Ave+10003'
-73.9406,40.7460,13,220,'NYPurves St10003'
-73.9405,40.7018,1,46,'NYDebevoise St10003|NYDebevoise St10003+NYHumboldt St+10003'
-73.9405,40.7494,32,195,'NY42nd Rd10003+NY27th St+10003'
-73.9405,40.7634,3,72,'NY35th Ave10003+NY9th St+10003'
-73.9405,40.6560,0,4,'NYE 40th St10003|NYE 40th St10003+NYClarkson Ave+10003'
-73.9405,40.7508,82,75,'NY25th St10003|NY25th St10003+NYState Rte 25+10003|NY25th St10003+NYQueensboro Brg+10003|NYCrescent St10003|NYCrescent St10003+NYState Rte 25+10003|NYCrescent St10003+NYQueensboro Brg+10003'
-73.9405,40.6785,2,21,'NYAlice Ct10003'
-73.9405,40.7973,50,631,'NYE 115 St10003+NY3rd Ave+10003|NYE 115 St10003+NY3 Ave+10003|NY3rd Ave10003+NYE 115th St+10003|NY3 Ave10003+NYE 115th St+10003'
-73.9405,40.8454,32,377,'NYW 173rd St10003+NYFort Washington Ave+10003|NYW 173 St10003+NYFort Washington Ave+10003'
-73.9405,40.8248,38,728,'NYW 148 St10003+NY8th Ave+10003|NYW 148 St10003+NYFrederick Douglass Blvd+10003|NYW 148th St10003+NY8th Ave+10003|NYW 148th St10003+NYFrederick Douglass Blvd+10003'
-73.9405,40.6066,0,6,'NYFillmore Ave10003|NYFillmore Ave10003+NYGerritsen Ave+10003'
-73.9405,40.7187,16,174,'NYWoodpoint Rd10003|NYWoodpoint Rd10003+NYKingsland Ave+10003|NYWoodpoint Rd10003+NYFrost St+10003|NYKingsland Ave10003+NYFrost St+10003|NYFrost St10003'
-73.9405,40.5984,1,16,'NYHaring St10003|NYHaring St10003+NYAve V+10003'
-73.9405,40.7956,11,293,'NYE 113 St10003|NYE 113th St10003'
-73.9405,40.6806,4,70,'NYThroop Ave10003+NYDecatur St+10003'
-73.9405,40.8197,35,260,'NYW 142 St10003+NY7th Ave+10003|NYW 142 St10003+NYAdam Clayton Powell Jr Blvd+10003|NY7th Ave10003+NYW 142nd St+10003|NYW 142nd St10003+NYAdam Clayton Powell Jr Blvd+10003'
-73.9405,40.6179,0,3,'NYFlatlands Ave10003+NYE 36th St+10003|NYE 36th St10003'
-73.9404,40.8031,19,269,'NYE 122 St10003+NYPark Ave+10003|NYE 122nd St10003+NYPark Ave+10003'
-73.9404,40.7436,0,2,'NY27th St10003+NY47th Ave+10003'
-73.9404,40.7184,24,128,'NYKingsland Ave10003+NYFrost St+10003|NYFrost St10003'
-73.9404,40.7112,108,118,'NYMaujer St10003|NYMaujer St10003+NYBushwick Ave+10003'
-73.9404,40.6999,55,101,'NYBroadway10003+NYFayette St+10003|NYFayette St10003'
-73.9404,40.7011,22,199,'NYSumner Pl10003|NYSumner Pl10003+NYHumboldt St+10003|NYSumner Pl10003+NYFlushing Ave+10003|NYHumboldt St10003|NYHumboldt St10003+NYFlushing Ave+10003'
-73.9404,40.5872,0,15,'NYVoorhies Ave10003+NYE 29th St+10003'
-73.9404,40.8090,103,513,'NYE 129 St10003|NYE 129 St10003+NY5 Ave+10003|NYE 129 St10003+NYW 129th St+10003|NYE 129 St10003+NYW 129 St+10003|NYE 129 St10003+NY5th Ave+10003|NYE 129th St10003|NYE 129th St10003+NY5 Ave+10003|NYE 129th St10003+NYW 129th St+10003|NYE 129th St10003+NYW 129 St+10003|NYE 129th St10003+NY5th Ave+10003|NY5 Ave10003+NYW 129th St+10003|NY5 Ave10003+NYW 129 St+10003|NYW 129th St10003|NYW 129th St10003+NY5th Ave+10003|NYW 129 St10003|NYW 129 St10003+NY5th Ave+10003'
-73.9404,40.6123,0,26,'NYQuentin Rd10003+NYE 31st St+10003'
-73.9404,40.6029,0,10,'NYAve T10003+NYBrown St+10003'
-73.9404,40.6180,0,14,'NYFlatlands Ave10003+NYE 35th St+10003|NYE 35th St10003'
-73.9404,40.8148,59,302,'NYW 136th St10003|NYW 136th St10003+NYMalcolm X Blvd+10003|NYW 136th St10003+NYLenox Ave+10003|NYW 136 St10003+NYMalcolm X Blvd+10003|NYW 136 St10003+NYLenox Ave+10003'
-73.9404,40.8338,10,198,'NYSaint Nicholas Ave10003+NYW 159th St+10003|NYSaint Nicholas Ave10003+NYW 159 St+10003|NYW 159th St10003+NYSt Nicholas Ave+10003|NYW 159 St10003+NYSt Nicholas Ave+10003'
-73.9404,40.5869,0,3,'NYE 29th St10003'
-73.9403,40.8305,14,37,'NYW 155th St10003+NYEdgecombe Ave+10003|NYEdgecombe Ave10003+NYW 155 St+10003'
-73.9403,40.7408,0,2,'NYHunters Point Ave10003'
-73.9403,40.7178,20,252,'NYWithers St10003|NYWithers St10003+NYKingsland Ave+10003'
-73.9403,40.6799,23,44,'NYThroop Ave10003|NYThroop Ave10003+NYFulton St+10003'
-73.9403,40.7235,26,491,'NYDriggs Ave10003+NYSutton St+10003'
-73.9403,40.7444,1,2,'NYSkillman Ave10003+NY27th St+10003|NY27th St10003'
-73.9403,40.7105,21,35,'NYTen Eyck St10003+NYTen Eyck Walk+10003|NYTen Eyck St10003+NYBushwick Ave+10003|NYTen Eyck Walk10003|NYTen Eyck Walk10003+NYBushwick Ave+10003'
-73.9403,40.6274,0,6,'NYE 37th St10003+NYAve J+10003'
-73.9403,40.8302,12,89,'NYSt Nicholas Pl10003+NYSt Nicholas Pl+10003|NYSt Nicholas Pl10003+NYSt Nicholass Pl+10003|NYSt Nicholas Pl10003|NYSt Nicholas Pl10003+NYSt Nicholass Pl+10003|NYSt Nicholass Pl10003'
-73.9403,40.5808,0,3,'NYMackenzie St10003'
-73.9403,40.7655,8,48,'NYVernon Blvd10003+NY34th Ave+10003|NY34th Ave10003'
-73.9403,40.6448,0,1,'NYE 39th St10003|NYE 39th St10003+NYCortelyou Rd+10003'
-73.9403,40.7510,1713,693,'NYBridge Plz N10003+NY25th St+10003|NYBridge Plz N10003+NYCrescent St+10003|NY25th St10003|NY25th St10003+NYQueens Plz N+10003|NYCrescent St10003|NYCrescent St10003+NYQueens Plz N+10003'
-73.9402,40.8460,15,149,'NYW 174 St10003|NYW 174 St10003+NYFort Washington Ave+10003|NYW 174th St10003|NYW 174th St10003+NYFort Washington Ave+10003'
-73.9402,40.8513,166,1170,'NYPlz Lafayette10003|NYPlz Lafayette10003+NYCabrini Blvd+10003|NYCabrini Blvd10003+NYW 181 St+10003|NYCabrini Blvd10003+NYW 181st St+10003'
-73.9402,40.7171,8,189,'NYGrand Parents Ave10003|NYGrand Parents Ave10003+NYJackson St+10003'
-73.9402,40.6532,0,14,'NYE 40th St10003+NYLinden Blvd+10003'
-73.9402,40.7229,13,82,'NYMeeker Ave10003+NYSutton St+10003'
-73.9402,40.8354,26,222,'NYW 161 St10003+NYAmsterdam Ave+10003|NYW 161 St10003+NYMeyer Sq+10003|NYAmsterdam Ave10003+NYMeyer Sq+10003|NYAmsterdam Ave10003+NYW 161st St+10003|NYMeyer Sq10003|NYMeyer Sq10003+NYW 161st St+10003'
-73.9402,40.8006,149,159,'NYE 119 St10003+NYLexington Ave+10003|NYE 119th St10003+NYLexington Ave+10003'
-73.9402,40.7098,82,109,'NYStagg St10003+NYBushwick Ave+10003|NYStagg Walk10003|NYStagg Walk10003+NYBushwick Ave+10003'
-73.9402,40.7227,11,26,'NYI 27810001+NYSutton St+10001|NYBrooklyn Queens Expy10001+NYSutton St+10001'
-73.9402,40.8304,1,16,'NYSt Nicholas Pl10003|NYSt Nicholas Pl10003+NYHarlem River Dr+10003|NYSt Nicholas Pl10003+NYW 159th St+10003|NYSt Nicholas Pl10003+NYW 155th St+10003|NYSt Nicholas Pl10003+NYSt Nicholas Pl+10003|NYSt Nicholas Pl10003+NYSt Nicholass Pl+10003|NYSt Nicholas Pl10003+NYW 155 St+10003|NYHarlem River Dr10003|NYHarlem River Dr10003+NYW 155th St+10003|NYHarlem River Dr10003+NYSt Nicholas Pl+10003|NYHarlem River Dr10003+NYSt Nicholass Pl+10003|NYHarlem River Dr10003+NYW 155 St+10003|NYW 159th St10003|NYW 159th St10003+NYW 155th St+10003|NYW 159th St10003+NYSt Nicholas Pl+10003|NYW 159th St10003+NYSt Nicholass Pl+10003|NYW 159th St10003+NYW 155 St+10003|NYW 155th St10003+NYSt Nicholas Pl+10003|NYW 155th St10003+NYSt Nicholass Pl+10003|NYSt Nicholas Pl10003|NYSt Nicholas Pl10003+NYSt Nicholass Pl+10003|NYSt Nicholas Pl10003+NYW 155 St+10003|NYSt Nicholass Pl10003|NYSt Nicholass Pl10003+NYW 155 St+10003'
-73.9402,40.8488,7,432,'NYPinehurst Ave10003|NYPinehurst Ave10003+NYW 178 St+10003|NYPinehurst Ave10003+NYW 178th St+10003'
-73.9402,40.6438,0,3,'NYE 39th St10003+NYClarendon Rd+10003'
-73.9402,40.7226,10,15,'NYI 27810001+NYSutton St+10001|NYBrooklyn Queens Expy10001+NYSutton St+10001'
-73.9402,40.8064,43,552,'NYE 126th St10003+NYMadison Ave+10003|NYE 126 St10003+NYMadison Ave+10003'
-73.9401,40.8270,5,136,'NYW 151st St10003|NYW 151st St10003+NYBradhurst Ave+10003|NYBradhurst Ave10003+NYW 151 St+10003|NYW 151 St10003'
-73.9401,40.7129,35,112,'NYPowers St10003+NYJudge St+10003|NYJudge St10003'
-73.9401,40.7224,9,31,'NYMeeker Ave10003+NYSutton St+10003|NYSutton St10003'
-73.9401,40.7164,11,213,'NYGrand Parents Ave10003+NYSkillman Ave+10003|NYKingsland Ave10003+NYSkillman Ave+10003'
-73.9401,40.6097,0,18,'NYAve R10003+NYMadison Pl+10003'
-73.9401,40.7279,2,10,'NYNorman Ave10003+NYMorgan Ave+10003|NYMorgan Ave10003'
-73.9401,40.7938,826,819,'NY2nd Ave10003+NYE 111 St+10003|NY2nd Ave10003+NYE 111th St+10003|NYE 111 St10003+NY2 Ave+10003|NY2 Ave10003+NYE 111th St+10003'
-73.9401,40.8369,2,157,'NYSaint Nicholas Ave10003|NYSaint Nicholas Ave10003+NYW 163 St+10003|NYSaint Nicholas Ave10003+NYSt Nicholas Ave+10003|NYSaint Nicholas Ave10003+NYW 163rd St+10003|NYW 163 St10003+NYSt Nicholas Ave+10003|NYSt Nicholas Ave10003|NYSt Nicholas Ave10003+NYSt Nicholas Ave+10003|NYSt Nicholas Ave10003+NYW 163rd St+10003'
-73.9401,40.5855,0,12,'NYShore Pkwy10002+NYE 29th St+10002|NYE 29th St10003|NYE 29th St10003+NYBelt Pkwy+10003'
-73.9401,40.7091,144,390,'NYScholes St10003+NYBushwick Ave+10003'
-73.9401,40.8321,3,6,'NYW 157 St10003|NYW 157th St10003'
-73.9401,40.6153,0,7,'NYAve P10003+NYE 34th St+10003'
-73.9401,40.8129,19,423,'NYW 134th St10003|NYW 134 St10003'
-73.9401,40.7896,130,1044,'NYE 106 St10003+NY1st Ave+10003|NYE 106 St10003+NY1 Ave+10003|NY1st Ave10003+NYE 106th St+10003|NYE 106th St10003+NY1 Ave+10003'
-73.9401,40.6720,9,147,'NYSterling Pl10003+NYVirginia Pl+10003|NYVirginia Pl10003'
-73.9401,40.8465,21,179,'NYW 175 St10003|NYW 175 St10003+NYFort Washington Ave+10003|NYW 175th St10003|NYW 175th St10003+NYFort Washington Ave+10003'
-73.9401,40.8146,3,38,'NYW 136 St10003+NYW 136th St+10003|NYW 136th St10003'
-73.9401,40.8254,17,203,'NYW 149th St10003+NY8th Ave+10003|NYW 149th St10003+NYFrederick Douglass Blvd+10003|NY8th Ave10003+NYW 149 St+10003|NYW 149 St10003+NYFrederick Douglass Blvd+10003'
-73.9400,40.8345,2,90,'NYSaint Nicholas Ave10003+NYW 160 St+10003|NYSaint Nicholas Ave10003+NYW 160th St+10003|NYW 160 St10003+NYSt Nicholas Ave+10003|NYW 160th St10003+NYSt Nicholas Ave+10003'
-73.9400,40.7565,71,103,'NY39th Ave10003|NY39th Ave10003+NY21st St+10003'
-73.9400,40.7337,1,1,'NYGreenpoint Ave10003'
-73.9400,40.6062,0,2,'NYBatchelder St10003|NYBatchelder St10003+NYGerritsen Ave+10003'
-73.9400,40.6513,1,11,'NYE 40th St10003+NYChurch Ave+10003'
-73.9400,40.7158,18,438,'NYGrand Parents Ave10003|NYGrand Parents Ave10003+NYMaspeth Ave+10003|NYMaspeth Ave10003+NYKingsland Ave+10003|NYKingsland Ave10003'
-73.9400,40.7578,2,14,'NY38th Ave10003+NY13th St+10003'
-73.9400,40.8203,35,250,'NYW 143 St10003+NY7th Ave+10003|NYW 143 St10003+NYAdam Clayton Powell Jr Blvd+10003|NYW 143rd St10003+NY7th Ave+10003|NYW 143rd St10003+NYAdam Clayton Powell Jr Blvd+10003'
-73.9400,40.7979,267,1387,'NYLuis Munos Marin Blvd10003|NYLuis Munos Marin Blvd10003+NY3rd Ave+10003|NYLuis Munos Marin Blvd10003+NY3 Ave+10003|NYE 116 St10003+NY3rd Ave+10003|NYE 116 St10003+NY3 Ave+10003|NY3rd Ave10003+NYE 116th St+10003|NYE 116th St10003+NY3 Ave+10003'
-73.9400,40.7211,2,27,'NYBeadel St10003+NYDebevoise Ave+10003|NYDebevoise Ave10003'
-73.9400,40.7595,4,22,'NY12th St10003+NY37th Ave+10003'
-73.9400,40.8377,2,66,'NYSaint Nicholas Ave10003+NYW 164th St+10003|NYSaint Nicholas Ave10003+NYW 164 St+10003|NYW 164th St10003+NYSt Nicholas Ave+10003|NYSt Nicholas Ave10003+NYW 164 St+10003'
-73.9400,40.6212,0,14,'NYKings Hwy10003+NYE 36th St+10003'
-73.9400,40.8038,26,108,'NYE 123 St10003+NYPark Ave+10003|NYE 123rd St10003+NYPark Ave+10003'
-73.9400,40.7611,18,65,'NY11th St10003+NY36th Ave+10003'
-73.9400,40.6729,7,46,'NYPark Pl10003+NYVirginia Pl+10003|NYVirginia Pl10003'
-73.9400,40.6255,0,1,'NYFlatbush Ave10003+NYAve K+10003|NYAve K10003'
-73.9400,40.6006,0,15,'NYAve U10003+NYBrown St+10003'
-73.9400,40.7466,7,49,'NYDutch Kills St10003|NYDutch Kills St10003+NYDutch Kills St+10003'
-73.9400,40.7084,618,812,'NYMeserole St10003+NYBushwick Ave+10003'
-73.9399,40.8361,5,44,'NYW 162 St10003|NYW 162 St10003+NYSt Nicholas Ave+10003|NYW 162nd St10003|NYW 162nd St10003+NYSt Nicholas Ave+10003'
-73.9399,40.8096,85,212,'NYW 130 St10003|NYW 130 St10003+NY5 Ave+10003|NYW 130 St10003+NYE 130th St+10003|NYW 130 St10003+NY5th Ave+10003|NYW 130 St10003+NYE 130 St+10003|NY5 Ave10003+NYW 130th St+10003|NY5 Ave10003+NYE 130th St+10003|NY5 Ave10003+NYE 130 St+10003|NYW 130th St10003|NYW 130th St10003+NYE 130th St+10003|NYW 130th St10003+NY5th Ave+10003|NYW 130th St10003+NYE 130 St+10003|NYE 130th St10003|NYE 130th St10003+NY5th Ave+10003|NY5th Ave10003+NYE 130 St+10003|NYE 130 St10003'
-73.9399,40.6054,0,15,'NYAvenue S10003+NYBatchelder St+10003'
-73.9399,40.8495,4,105,'NYPinehurst Ave10003|NYPinehurst Ave10003+NYW 179 St+10003|NYPinehurst Ave10003+NYW 179th St+10003'
-73.9399,40.8154,59,308,'NYW 137 St10003+NYMalcolm X Blvd+10003|NYW 137 St10003+NYLenox Ave+10003|NYW 137th St10003+NYMalcolm X Blvd+10003|NYW 137th St10003+NYLenox Ave+10003'
-73.9399,40.8358,13,94,'NYW 162 St10003|NYW 162 St10003+NYAmsterdam Ave+10003|NYW 162 St10003+NYSt Nicholas Ave+10003|NYAmsterdam Ave10003+NYW 162nd St+10003|NYAmsterdam Ave10003+NYSt Nicholas Ave+10003|NYW 162nd St10003|NYW 162nd St10003+NYSt Nicholas Ave+10003'
-73.9399,40.8396,7,19,'NYW 166 St10003+NYSt Nicholas Ave+10003|NYW 166th St10003+NYSt Nicholas Ave+10003'
-73.9399,40.7526,9,166,'NY41st Ave10003+NY24th St+10003'
-73.9399,40.6254,0,2,'NYFlatbush Ave10003+NYE 37th St+10003|NYE 37th St10003'
-73.9399,40.8256,21,88,'NY8th Ave10003+NYMacombs Pl+10003|NYMacombs Pl10003|NYMacombs Pl10003+NYFrederick Douglass Blvd+10003'
-73.9399,40.8349,2,37,'NYSaint Nicholas Ave10003+NYSylvan Ter+10003|NYSylvan Ter10003|NYSylvan Ter10003+NYSt Nicholas Ave+10003'
-73.9399,40.6321,0,16,'NYE 38th St10003|NYE 38th St10003+NYAve H+10003'
-73.9398,40.7077,726,906,'NYMontrose Ave10003+NYBushwick Ave+10003'
-73.9398,40.6495,4,9,'NYE 40th St10003|NYE 40th St10003+NYSnyder Ave+10003'
-73.9398,40.6780,4,41,'NYAgate Ct10003'
-73.9398,40.7502,267,218,'NYQueens Plz S10003+NY27th St+10003'
-73.9398,40.6202,0,6,'NYAve M10003+NYE 36th St+10003'
-73.9398,40.7856,7,15,'NYE River Dr10002'
-73.9398,40.8128,6,40,'NYLenox Terrace Pl10003|NYLenox Terrace Pl10003+NYW 134th St+10003|NYLenox Terrace Pl10003+NYW 134 St+10003'
-73.9398,40.8386,3,36,'NYSaint Nicholas Ave10003|NYSaint Nicholas Ave10003+NYW 165th St+10003|NYSaint Nicholas Ave10003+NYW 165 St+10003|NYSaint Nicholas Ave10003+NYMc Kenna Sq+10003|NYSaint Nicholas Ave10003+NYSt Nicholas Ave+10003|NYW 165th St10003+NYMc Kenna Sq+10003|NYW 165th St10003+NYSt Nicholas Ave+10003|NYW 165 St10003+NYMc Kenna Sq+10003|NYW 165 St10003+NYSt Nicholas Ave+10003|NYMc Kenna Sq10003|NYMc Kenna Sq10003+NYSt Nicholas Ave+10003|NYSt Nicholas Ave10003|NYSt Nicholas Ave10003+NYSt Nicholas Ave+10003'
-73.9398,40.7261,82,1462,'NYNassau Ave10003+NYMorgan Ave+10003'
-73.9398,40.6251,0,6,'NYAve K10003+NYE 37th St+10003'
-73.9398,40.5783,0,4,'NYMackenzie St10003|NYMackenzie St10003+NYOriental Blvd+10003'
-73.9398,40.8299,2,147,'NYEdgecombe Ave10003|NYEdgecombe Ave10003+NYEdgecombe Ave+10003'
-73.9398,40.6785,2,20,'NYAgate Ct10003'
-73.9398,40.5839,1,5,'NYE 29th St10003|NYE 29th St10003+NYEmmons Ave+10003'
-73.9398,40.8472,41,347,'NYW 176 St10003+NYFort Washington Ave+10003|NYW 176th St10003+NYFort Washington Ave+10003'
-73.9398,40.8352,1,38,'NYW 161 St10003|NYW 161 St10003+NYSaint Nicholas Ave+10003|NYW 161 St10003+NYMeyer Sq+10003|NYW 161 St10003+NYSt Nicholas Ave+10003|NYSaint Nicholas Ave10003|NYSaint Nicholas Ave10003+NYMeyer Sq+10003|NYSaint Nicholas Ave10003+NYW 161st St+10003|NYSaint Nicholas Ave10003+NYSt Nicholas Ave+10003|NYMeyer Sq10003|NYMeyer Sq10003+NYW 161st St+10003|NYMeyer Sq10003+NYSt Nicholas Ave+10003|NYW 161st St10003|NYW 161st St10003+NYSt Nicholas Ave+10003|NYSt Nicholas Ave10003|NYSt Nicholas Ave10003+NYSt Nicholas Ave+10003'
-73.9398,40.7481,102,72,'NYQueens St10003|NYQueens St10003+NYState Hwy 25 Alt+10003|NYQueens St10003+NYJackson Ave+10003'
-73.9398,40.8411,873,282,'NYW 168th St10003+NYBroadway+10003|NYW 168 St10003+NYBroadway+10003'
-73.9397,40.8012,60,54,'NYE 120th St10003+NYLexington Ave+10003|NYE 120 St10003+NYLexington Ave+10003'
-73.9397,40.6995,57,215,'NYBroadway10003+NYEllery St+10003'
-73.9397,40.6071,0,5,'NYStuart St10003+NYFillmore Ave+10003'
-73.9397,40.7631,2,146,'NY35th Ave10003+NY10th St+10003'
-73.9397,40.6184,0,4,'NYE 37th St10003|NYE 37th St10003+NYFlatlands Ave+10003'
-73.9397,40.7069,191,174,'NYJohnson Ave10003+NYBushwick Ave+10003'
-73.9397,40.8552,1,9,'NYW 186th St10003|NYW 186th St10003+NYRiverside Dr+10003|NYW 186th St10003+NYState Rte 9a+10003|NYW 186th St10003+NYHenry Hudson Pkwy+10003|NYRiverside Dr10003|NYRiverside Dr10003+NYState Rte 9a+10003|NYRiverside Dr10003+NYHenry Hudson Pkwy+10003'
-73.9397,40.8070,16,391,'NYE 127th St10003+NYMadison Ave+10003|NYMadison Ave10003+NYE 127 St+10003'
-73.9397,40.7204,0,26,'NYDebevoise Ave10003+NYDivision Pl+10003'
-73.9397,40.6316,1,11,'NYE 38th St10003'
-73.9397,40.8277,4,114,'NYBradhurst Ave10003+NYW 152 St+10003|NYBradhurst Ave10003+NYW 152nd St+10003|NYW 152 St10003|NYW 152nd St10003'
-73.9397,40.8403,121,85,'NYW 167 St10003|NYW 167 St10003+NYSt Nicholas Ave+10003|NYW 167th St10003|NYW 167th St10003+NYSt Nicholas Ave+10003'
-73.9397,40.6128,0,3,'NYQuentin Rd10003+NYE 32nd St+10003'
-73.9397,40.7490,20,153,'NYHunter St10003|NYHunter St10003+NY42nd Rd+10003|NYHunter St10003+NY28th St+10003|NY42nd Rd10003+NY28th St+10003|NY28th St10003'
-73.9397,40.8157,25,250,'NYEsplanade Gardens Plz10003'
-73.9397,40.8327,3,141,'NYW 158th St10003|NYW 158th St10003+NYEdgecombe Ave+10003|NYW 158 St10003|NYW 158 St10003+NYEdgecombe Ave+10003'
-73.9397,40.6594,3,85,'NYFenimore St10003'
-73.9397,40.7385,24,10,'NYLong Island Expy10001|NYLong Island Expy10001+NYLong Island Expy+10001|NYLong Island Expy10001+NYI 495+10001|NYLong Island Expy10001+NY29th St+10001|NYLong Island Expy10001+NYBorden Ave+10001|NYLong Island Expy10001+NYQueens Midtown Expy+10001|NYQueens Midtown Expy10001|NYQueens Midtown Expy10001+NYI 495+10001|NYQueens Midtown Expy10001+NY29th St+10001|NYQueens Midtown Expy10001+NYBorden Ave+10001|NYQueens Midtown Expy10001+NYLong Island Expy+10001|NYQueens Midtown Expy10001+NYQueens Midtown Expy+10001|NYI 49510001|NYI 49510001+NYI 495+10001|NYI 49510001+NY29th St+10001|NYI 49510001+NYBorden Ave+10001|NYI 49510001+NYLong Island Expy+10001|NYI 49510001+NYQueens Midtown Expy+10001|NY29th St10003|NY29th St10003+NYBorden Ave+10003|NY29th St10003+NYI 495+10003|NY29th St10003+NYLong Island Expy+10003|NY29th St10003+NYQueens Midtown Expy+10003|NYBorden Ave10003|NYBorden Ave10003+NYI 495+10003|NYBorden Ave10003+NYLong Island Expy+10003|NYBorden Ave10003+NYQueens Midtown Expy+10003'
-73.9396,40.5939,1,38,'NYHaring St10003|NYHaring St10003+NYAve X+10003'
-73.9396,40.7860,11,167,'NYE River Dr10002+NYE 102nd St+10002|NYE River Dr10002+NYE 102 St+10002|NYF D R Dr10002+NYE 102nd St+10002|NYF D R Dr10002+NYE 102 St+10002|NYE 102nd St10003|NYE 102 St10003'
-73.9396,40.8502,3,187,'NYPinehurst Ave10003+NYW 180 St+10003|NYPinehurst Ave10003+NYW 180th St+10003'
-73.9396,40.7945,540,758,'NYE 112th St10003+NY2nd Ave+10003|NYE 112th St10003+NY2 Ave+10003|NY2nd Ave10003+NYE 112 St+10003|NYE 112 St10003+NY2 Ave+10003'
-73.9396,40.8302,3,15,'NYW 155th St10003+NYEdgecombe Ave+10003|NYEdgecombe Ave10003|NYEdgecombe Ave10003+NYW 155 St+10003'
-73.9396,40.8388,0,23,'NYW 165th St10003|NYW 165th St10003+NYAudubon Ave+10003|NYW 165th St10003+NYMc Kenna Sq+10003|NYW 165th St10003+NYW 165 St+10003|NYAudubon Ave10003|NYAudubon Ave10003+NYMc Kenna Sq+10003|NYAudubon Ave10003+NYW 165 St+10003|NYMc Kenna Sq10003|NYMc Kenna Sq10003+NYW 165 St+10003|NYW 165 St10003'
-73.9396,40.7504,143,52,'NYState Rte 2510002+NY27th St+10002|NYQueensboro Brg10002+NY27th St+10002'
-73.9396,40.8260,19,100,'NYW 150 St10003+NY8th Ave+10003|NYW 150 St10003+NYFrederick Douglass Blvd+10003|NY8th Ave10003+NYW 150th St+10003|NYW 150th St10003+NYFrederick Douglass Blvd+10003'
-73.9396,40.7062,96,135,'NYBoerum St10003+NYBushwick Ave+10003'
-73.9396,40.6585,2,26,'NYHawthorne St10003'
-73.9396,40.8210,35,216,'NYW 144th St10003+NY7th Ave+10003|NYW 144th St10003+NYAdam Clayton Powell Jr Blvd+10003|NYW 144 St10003+NY7th Ave+10003|NYW 144 St10003+NYAdam Clayton Powell Jr Blvd+10003'
-73.9396,40.5985,0,2,'NYBrown St10003|NYBrown St10003+NYAve V+10003'
-73.9396,40.6252,0,4,'NYFlatbush Ave10003+NYAve K+10003|NYAve K10003'
-73.9395,40.8044,115,309,'NYPark Ave10003+NYE 124th St+10003'
-73.9395,40.8478,218,665,'NYW 177th St10003+NYFort Washington Ave+10003|NYW 177 St10003+NYFort Washington Ave+10003'
-73.9395,40.7986,61,764,'NYE 117 St10003+NY3rd Ave+10003|NYE 117 St10003+NY3 Ave+10003|NY3rd Ave10003+NYE 117th St+10003|NY3 Ave10003+NYE 117th St+10003'
-73.9395,40.8410,17,95,'NYW 168th St10003+NYSt Nicholas Ave+10003|NYW 168 St10003+NYSt Nicholas Ave+10003'
-73.9395,40.7013,9,43,'NYBeaver St10003|NYBeaver St10003+NYFlushing Ave+10003'
-73.9395,40.7435,1,3,'NY28th St10003|NY28th St10003+NY47th Ave+10003'
-73.9395,40.8102,124,441,'NYW 131st St10003|NYW 131st St10003+NYE 131st St+10003|NYW 131st St10003+NYE 131 St+10003|NYW 131st St10003+NY5 Ave+10003|NYW 131st St10003+NY5th Ave+10003|NYE 131st St10003|NYE 131st St10003+NYW 131 St+10003|NYE 131st St10003+NY5 Ave+10003|NYE 131st St10003+NY5th Ave+10003|NYW 131 St10003|NYW 131 St10003+NYE 131 St+10003|NYW 131 St10003+NY5 Ave+10003|NYW 131 St10003+NY5th Ave+10003|NYE 131 St10003|NYE 131 St10003+NY5 Ave+10003|NYE 131 St10003+NY5th Ave+10003'
-73.9395,40.6185,0,8,'NYFlatlands Ave10003+NYE 36th St+10003|NYE 36th St10003'
-73.9395,40.8160,59,316,'NYOdell Clark Pl10003|NYOdell Clark Pl10003+NYEsplanade Gardens Plz+10003|NYOdell Clark Pl10003+NYW 138 St+10003|NYOdell Clark Pl10003+NYW 138th St+10003|NYOdell Clark Pl10003+NYMalcolm X Blvd+10003|NYOdell Clark Pl10003+NYLenox Ave+10003|NYEsplanade Gardens Plz10003+NYW 138 St+10003|NYEsplanade Gardens Plz10003+NYW 138th St+10003|NYW 138 St10003+NYMalcolm X Blvd+10003|NYW 138 St10003+NYLenox Ave+10003|NYW 138th St10003+NYMalcolm X Blvd+10003|NYW 138th St10003+NYLenox Ave+10003'
-73.9394,40.7860,3,5,'NYF D R Dr10003|NYF D R Dr10003+NYF D R Dr+10003|NYF D R Dr10002'
-73.9394,40.7506,100,104,'NYBridge Plz N10003+NY27th St+10003|NY27th St10003+NYQueens Plz N+10003'
-73.9394,40.8126,8,181,'NYW 134th St10003|NYW 134 St10003'
-73.9394,40.7053,90,260,'NYMcKibben St10003|NYMcKibben St10003+NYBushwick Ave+10003'
-73.9394,40.7652,3,100,'NY9th St10003+NY34th Ave+10003'
-73.9394,40.7235,21,357,'NYDriggs Ave10003+NYMorgan Ave+10003'
-73.9394,40.8365,0,44,'NYW 163 St10003|NYW 163 St10003+NYW 163rd St+10003|NYW 163 St10003+NYAmsterdam Ave+10003|NYW 163rd St10003|NYW 163rd St10003+NYAmsterdam Ave+10003'
-73.9394,40.7456,10,26,'NYDutch Kills St10003|NYDutch Kills St10003+NYThomson Ave+10003'
-73.9394,40.6158,0,14,'NYAve P10003+NYE 35th St+10003'
-73.9394,40.6275,0,4,'NYE 38th St10003+NYAve J+10003'
-73.9394,40.8259,8,180,'NYW 150 St10003+NYMacombs Pl+10003|NYW 150th St10003+NYMacombs Pl+10003'
-73.9393,40.6102,0,14,'NYAve R10003+NYMarine Pkwy+10003'
-73.9393,40.6227,0,10,'NYE 37th St10003+NYAve L+10003'
-73.9393,40.8417,192,264,'NYW 169 St10003+NYBroadway+10003|NYW 169 St10003+NYSt Nicholas Ave+10003|NYW 169th St10003+NYBroadway+10003|NYW 169th St10003+NYSt Nicholas Ave+10003|NYBroadway10003+NYSt Nicholas Ave+10003'
-73.9393,40.8366,12,77,'NYAmsterdam Ave10003+NYW 163 St+10003|NYAmsterdam Ave10003+NYW 163rd St+10003|NYW 163 St10003|NYW 163rd St10003'
-73.9393,40.8135,21,296,'NYLenox Terrace Pl10003|NYLenox Terrace Pl10003+NYW 135 St+10003|NYLenox Terrace Pl10003+NYW 135th St+10003'
-73.9393,40.7048,21,65,'NYSeigel St10003|NYSeigel St10003+NYBushwick Ave+10003'
-73.9393,40.7233,22,70,'NYMeeker Ave10003+NYMorgan Ave+10003'
-73.9393,40.8550,1,23,'NYChittenden Ave10003|NYChittenden Ave10003+NYW 186th St+10003|NYChittenden Ave10003+NYW 186 St+10003|NYW 186th St10003|NYW 186th St10003+NYW 186th St+10003|NYW 186th St10003+NYW 186 St+10003|NYW 186 St10003'
-73.9393,40.8018,204,249,'NYE 121 St10003+NYLexington Ave+10003|NYLexington Ave10003+NYE 121st St+10003'
-73.9393,40.7233,11,45,'NYI 27810001+NYMorgan Ave+10001|NYBrooklyn Queens Expy10001+NYMorgan Ave+10001'
-73.9393,40.7447,2,1,'NYSkillman Ave10003+NY28th St+10003|NY28th St10003'
-73.9393,40.8424,165,316,'NYW 170th St10003+NYBroadway+10003|NYW 170 St10003+NYBroadway+10003'
-73.9392,40.8077,21,331,'NYE 128th St10003+NYMadison Ave+10003|NYE 128 St10003+NYMadison Ave+10003'
-73.9392,40.8283,1,86,'NYW 153rd St10003|NYW 153rd St10003+NYBradhurst Ave+10003|NYW 153 St10003|NYW 153 St10003+NYBradhurst Ave+10003'
-73.9392,40.7011,6,116,'NYFayette St10003|NYFayette St10003+NYBeaver St+10003'
-73.9392,40.8393,1,22,'NYW 166 St10003+NYAudubon Ave+10003|NYAudubon Ave10003+NYW 166th St+10003'
-73.9392,40.8342,3,58,'NYW 160 St10003+NYJumel Ter+10003|NYJumel Ter10003|NYJumel Ter10003+NYW 160th St+10003'
-73.9392,40.8512,126,672,'NYPinehurst Ave10003+NYW 181 St+10003|NYPinehurst Ave10003+NYW 181st St+10003'
-73.9392,40.6438,0,10,'NYClarendon Rd10003+NYE 40th St+10003'
-73.9392,40.8487,81,1005,'NYW 178 St10003+NYFort Washington Ave+10003|NYW 178th St10003+NYFort Washington Ave+10003'
-73.9392,40.6055,0,4,'NYAvenue S10003|NYAvenue S10003+NYGerritsen Ave+10003'
-73.9392,40.7232,4,40,'NYI 27810001+NYMorgan Ave+10001|NYBrooklyn Queens Expy10001+NYMorgan Ave+10001'
-73.9392,40.7951,236,65,'NYE 113 St10003+NY2nd Ave+10003|NYE 113 St10003+NY2 Ave+10003|NY2nd Ave10003+NYE 113th St+10003|NY2 Ave10003+NYE 113th St+10003'
-73.9392,40.5839,0,5,'NYWebers Ct10003|NYWebers Ct10003+NYWebers Ter+10003|NYWebers Ct10003+NYEmmons Ave+10003|NYWebers Ct10003+NYWeber Ave+10003|NYWebers Ter10003|NYWebers Ter10003+NYEmmons Ave+10003|NYWebers Ter10003+NYWeber Ave+10003|NYEmmons Ave10003+NYWeber Ave+10003|NYWeber Ave10003'
-73.9392,40.7280,0,3,'NYHausman St10003|NYHausman St10003+NYNorman Ave+10003'
-73.9392,40.7592,2,15,'NY13th St10003+NY37th Ave+10003'
-73.9392,40.8432,124,365,'NYW 171 St10003+NYBroadway+10003|NYBroadway10003+NYW 171st St+10003'
-73.9392,40.7483,41,74,'NY42nd Rd10003|NY42nd Rd10003+NYState Hwy 25 Alt+10003|NY42nd Rd10003+NYJackson Ave+10003'
-73.9392,40.5839,0,1,'NYWebers Ct10003|NYWebers Ct10003+NYWebers Ter+10003|NYWebers Ct10003+NYWebers Ct+10003|NYWebers Ct10003+NYWeber Ave+10003|NYWebers Ter10003|NYWebers Ter10003+NYWebers Ct+10003|NYWebers Ter10003+NYWeber Ave+10003|NYWeber Ave10003'
-73.9392,40.6256,0,1,'NYE 38th St10003|NYE 38th St10003+NYAve K+10003'
-73.9392,40.8333,4,108,'NYW 159th St10003|NYW 159th St10003+NYEdgecombe Ave+10003|NYW 159 St10003|NYW 159 St10003+NYEdgecombe Ave+10003'
-73.9391,40.8266,21,108,'NYW 151st St10003+NY8th Ave+10003|NYW 151st St10003+NYFrederick Douglass Blvd+10003|NY8th Ave10003+NYW 151 St+10003|NYFrederick Douglass Blvd10003+NYW 151 St+10003'
-73.9391,40.7608,14,47,'NY12th St10003+NY36th Ave+10003'
-73.9391,40.7231,20,88,'NYMeeker Ave10003+NYMorgan Ave+10003'
-73.9391,40.7909,108,1481,'NYE 108th St10003|NYE 108th St10003+NY1st Ave+10003|NYE 108th St10003+NY1 Ave+10003|NYE 108 St10003|NYE 108 St10003+NY1st Ave+10003|NYE 108 St10003+NY1 Ave+10003'
-73.9391,40.7046,15,37,'NYSeigel St10003|NYSeigel St10003+NYBushwick Ave+10003'
-73.9391,40.8490,14,72,'NYUS Rte 910001+NYFort Washington Ave+10001|NYTransmanhattan Expy10001+NYFort Washington Ave+10001'
-73.9391,40.6216,0,1,'NYKings Hwy10003+NYE 37th St+10003'
-73.9391,40.7522,583,1546,'NY25th St10003+NY41st Ave+10003|NYCrescent St10003+NY41st Ave+10003'
-73.9391,40.7575,76,53,'NY38th Ave10003+NY14th St+10003|NY38th Ave10003+NY21st St+10003|NY14th St10003|NY14th St10003+NY21st St+10003'
-73.9391,40.8009,9,25,'NYE 120th St10003+NYSylvan Pl+10003|NYSylvan Pl10003|NYSylvan Pl10003+NYE 120 St+10003'
-73.9391,40.7190,5,32,'NYDebevoise Ave10003|NYDebevoise Ave10003+NYFrost St+10003'
-73.9391,40.7560,8,13,'NY39th Ave10003+NY22nd St+10003'
-73.9391,40.8216,65,338,'NYW 145th St10003+NY7th Ave+10003|NYW 145th St10003+NYAdam Clayton Powell Jr Blvd+10003'
-73.9391,40.7340,0,1,'NYRailroad Ave10003+NYGreenpoint Ave+10003'
-73.9391,40.7993,68,853,'NYE 118th St10003+NY3rd Ave+10003|NYE 118th St10003+NY3 Ave+10003|NY3rd Ave10003+NYE 118 St+10003|NYE 118 St10003+NY3 Ave+10003'
-73.9391,40.6513,0,12,'NYChurch Ave10003+NYAlbany Ave+10003'
-73.9390,40.7063,1,81,'NYBushwick Pl10003|NYBushwick Pl10003+NYBoerum St+10003'
-73.9390,40.8051,3611,4861,'NYMartin Luther King Blvd10003+NYPark Ave+10003|NYDr Martin Luther King Jr Blvd10003+NYPark Ave+10003|NYE 125th St10003+NYPark Ave+10003|NYE 125 St10003+NYPark Ave+10003'
-73.9390,40.7229,17,62,'NYAnthony St10003|NYAnthony St10003+NYMorgan Ave+10003'
-73.9390,40.8439,75,263,'NYW 172nd St10003+NYBroadway+10003|NYBroadway10003+NYW 172 St+10003'
-73.9390,40.8109,198,624,'NYE 132nd St10003|NYE 132nd St10003+NYW 132nd St+10003|NYE 132nd St10003+NY5 Ave+10003|NYE 132nd St10003+NY5th Ave+10003|NYE 132nd St10003+NYW 132 St+10003|NYW 132nd St10003|NYW 132nd St10003+NY5 Ave+10003|NYW 132nd St10003+NY5th Ave+10003|NYW 132nd St10003+NYE 132 St+10003|NY5 Ave10003+NYW 132 St+10003|NY5 Ave10003+NYE 132 St+10003|NY5th Ave10003+NYW 132 St+10003|NY5th Ave10003+NYE 132 St+10003|NYW 132 St10003|NYW 132 St10003+NYE 132 St+10003|NYE 132 St10003'
-73.9390,40.7161,20,318,'NYMaspeth Ave10003+NYOlive St+10003|NYOlive St10003'
-73.9390,40.6076,0,4,'NYFillmore Ave10003+NYBurnett St+10003|NYBurnett St10003'
-73.9390,40.6189,0,11,'NYFlatlands Ave10003+NYE 38th St+10003|NYE 38th St10003'
-73.9390,40.8167,57,518,'NYEsplanade Gardens Plz10003+NYW 139th St+10003|NYEsplanade Gardens Plz10003+NYW 139 St+10003|NYW 139th St10003+NYMalcolm X Blvd+10003|NYW 139th St10003+NYLenox Ave+10003|NYW 139 St10003+NYMalcolm X Blvd+10003|NYW 139 St10003+NYLenox Ave+10003'
-73.9390,40.7498,234,257,'NYQueens Plz S10003+NY28th St+10003|NY28th St10003'
-73.9390,40.7468,1,3,'NYQueens St10003'
-73.9390,40.6737,1,52,'NYProspect Pl10003'
-73.9390,40.6132,0,12,'NYQuentin Rd10003+NYE 33rd St+10003'
-73.9390,40.8493,54,344,'NYW 179 St10003+NYFort Washington Ave+10003|NYW 179th St10003+NYFort Washington Ave+10003'
-73.9390,40.8345,3,58,'NYSylvan Ter10003|NYSylvan Ter10003+NYJumel Ter+10003'
-73.9390,40.8290,5,100,'NYW 154th St10003|NYW 154th St10003+NYBradhurst Ave+10003|NYBradhurst Ave10003+NYW 154 St+10003|NYW 154 St10003'
-73.9389,40.7348,0,3,'NY35th St10003'
-73.9389,40.6322,1,5,'NYE 39th St10003|NYE 39th St10003+NYAve H+10003'
-73.9389,40.6052,0,2,'NYFord St10003|NYFord St10003+NYGerritsen Ave+10003'
-73.9389,40.7484,78,40,'NYState Hwy 25 Alt10002+NYOrchard St+10002|NYOrchard St10003|NYOrchard St10003+NYJackson Ave+10003'
-73.9389,40.7236,11,44,'NYDriggs Ave10003|NYDriggs Ave10003+NYMeeker Ave+10003'
-73.9389,40.6990,50,140,'NYBroadway10003+NYPark St+10003|NYPark St10003'
-73.9389,40.7628,0,31,'NY35th Ave10003+NY11th St+10003'
-73.9389,40.6746,1,77,'NYSt Marks Ave10003|NYSt Marks Ave10003+NYSt Marks Ave+10003'
-73.9389,40.5847,0,7,'NYLincoln Ter10003|NYLincoln Ter10003+NYNostrand Ave+10003'
-73.9389,40.6203,0,8,'NYAve M10003+NYE 37th St+10003'
-73.9389,40.8423,7,88,'NYW 170th St10003+NYSt Nicholas Ave+10003|NYW 170 St10003+NYSt Nicholas Ave+10003'
-73.9389,40.7262,14,258,'NYHausman St10003+NYNassau Ave+10003'
-73.9389,40.5784,0,4,'NYNorfolk St10003'
-73.9389,40.7085,19,100,'NYMeserole St10003+NYBushwick Pl+10003|NYBushwick Pl10003'
-73.9389,40.6496,0,1,'NYAlbany Ave10003|NYAlbany Ave10003+NYSnyder Ave+10003'
-73.9389,40.8447,53,170,'NYW 173rd St10003+NYBroadway+10003|NYW 173 St10003+NYBroadway+10003'
-73.9388,40.6755,4,36,'NYAlbany Ave10003+NYBergen St+10003'
-73.9388,40.8372,6,97,'NYW 164th St10003+NYAmsterdam Ave+10003|NYAmsterdam Ave10003+NYW 164 St+10003'
-73.9388,40.5897,0,13,'NYHaring St10003+NYAve Z+10003'
-73.9388,40.6316,1,6,'NYE 39th St10003'
-73.9388,40.8024,284,711,'NYE 122 St10003+NYLexington Ave+10003|NYE 122nd St10003+NYLexington Ave+10003'
-73.9388,40.7043,27,28,'NYBushwick Ct10003|NYBushwick Ct10003+NYBushwick Ave+10003'
-73.9388,40.8399,2,31,'NYW 167 St10003+NYAudubon Ave+10003|NYAudubon Ave10003+NYW 167th St+10003'
-73.9388,40.8083,18,430,'NYE 129 St10003+NYMadison Ave+10003|NYE 129th St10003+NYMadison Ave+10003'
-73.9388,40.5842,0,4,'NYHitchings Ave10003|NYHitchings Ave10003+NYNostrand Ave+10003'
-73.9388,40.7132,9,272,'NYPowers St10003+NYOlive St+10003'
-73.9388,40.6763,3,37,'NYDean St10003+NYAlbany Ave+10003'
-73.9388,40.8523,11,669,'NYPinehurst Ave10003+NYW 183 St+10003|NYPinehurst Ave10003+NYW 183rd St+10003|NYW 183 St10003|NYW 183rd St10003'
-73.9388,40.7146,40,643,'NYMetropolitan Ave10003+NYOlive St+10003'
-73.9388,40.7868,9,16,'NYF D R Dr10003|NYF D R Dr10003+NYF D R Dr+10003|NYF D R Dr10002'
-73.9387,40.5839,2,9,'NYCanda Ave10003|NYCanda Ave10003+NYEmmons Ave+10003|NYCanda Ave10003+NYNostrand Ave+10003|NYEmmons Ave10003+NYNostrand Ave+10003|NYNostrand Ave10003'
-73.9387,40.8446,11,98,'NYW 173rd St10003+NYWadsworth Ave+10003|NYWadsworth Ave10003|NYWadsworth Ave10003+NYW 173 St+10003'
-73.9387,40.5940,2,8,'NYBrown St10003|NYBrown St10003+NYAve X+10003'
-73.9387,40.7539,13,36,'NY24th St10003+NY40th Ave+10003'
-73.9387,40.7070,3,19,'NYBushwick Pl10003+NYJohnson Ave+10003'
-73.9387,40.7415,3,4,'NY29th St10003'
-73.9387,40.7153,12,221,'NYSharon St10003|NYSharon St10003+NYOlive St+10003|NYSharon St10003+NYOrient Ave+10003|NYOlive St10003+NYOrient Ave+10003|NYOrient Ave10003'
-73.9387,40.6771,10,110,'NYPacific St10003+NYAlbany Ave+10003'
-73.9387,40.8273,15,95,'NY8th Ave10003+NYW 152 St+10003|NY8th Ave10003+NYW 152nd St+10003|NYW 152 St10003+NYFrederick Douglass Blvd+10003|NYW 152nd St10003+NYFrederick Douglass Blvd+10003'
-73.9387,40.8454,60,143,'NYW 174 St10003+NYBroadway+10003|NYBroadway10003+NYW 174th St+10003'
-73.9387,40.6050,0,2,'NYAvenue S10003|NYAvenue S10003+NYGerritsen Ave+10003'
-73.9387,40.7334,1,3,'NYRailroad Ave10003'
-73.9387,40.7383,8,4,'NYI 49510001+NY30th St+10001|NYLong Island Expy10001+NY30th St+10001|NYQueens Midtown Expy10001+NY30th St+10001|NY30th St10003'
-73.9387,40.8500,98,628,'NYW 180 St10003+NYFort Washington Ave+10003|NYW 180th St10003+NYFort Washington Ave+10003'
-73.9387,40.8547,6,652,'NYCabrini Blvd10003+NYW 186th St+10003|NYCabrini Blvd10003+NYW 186 St+10003|NYW 186th St10003|NYW 186th St10003+NYW 186 St+10003|NYW 186 St10003'
-73.9386,40.7916,111,1183,'NYE 109 St10003|NYE 109 St10003+NY1st Ave+10003|NYE 109 St10003+NY1 Ave+10003|NY1st Ave10003+NYE 109th St+10003|NY1 Ave10003+NYE 109th St+10003|NYE 109th St10003'
-73.9386,40.7503,137,98,'NYBridge Plz N10003+NY28th St+10003|NY28th St10003|NY28th St10003+NYQueens Plz N+10003'
-73.9386,40.7385,0,6,'NYBorden Ave10003+NY30th St+10003'
-73.9386,40.6163,0,6,'NYAve P10003+NYE 36th St+10003'
-73.9386,40.8559,2,95,'NYW 187 St10003|NYW 187 St10003+NYChittenden Ave+10003|NYChittenden Ave10003+NYW 187th St+10003|NYW 187th St10003'
-73.9386,40.8015,2,115,'NYSylvan Pl10003|NYSylvan Pl10003+NYE 121 St+10003|NYSylvan Pl10003+NYSylvan Ct+10003|NYSylvan Pl10003+NYE 121st St+10003|NYE 121 St10003+NYSylvan Ct+10003|NYSylvan Ct10003|NYSylvan Ct10003+NYE 121st St+10003'
-73.9386,40.7649,5,119,'NY10th St10003+NY34th Ave+10003'
-73.9386,40.7999,68,747,'NY3rd Ave10003+NYE 119 St+10003|NY3rd Ave10003+NYE 119th St+10003|NY3 Ave10003+NYE 119 St+10003|NY3 Ave10003+NYE 119th St+10003'
-73.9386,40.7041,16,11,'NYMoore St10003|NYMoore St10003+NYBushwick Ave+10003'
-73.9386,40.6561,0,17,'NYE 42nd St10003|NYE 42nd St10003+NYClarkson Ave+10003'
-73.9386,40.7668,4,12,'NYVernon Blvd10003+NY33rd Rd+10003'
-73.9386,40.8297,5,60,'NYW 155th St10003+NYBradhurst Ave+10003|NYBradhurst Ave10003|NYBradhurst Ave10003+NYW 155 St+10003'
-73.9386,40.8223,31,141,'NYW 146 St10003+NY7th Ave+10003|NYW 146 St10003+NYAdam Clayton Powell Jr Blvd+10003|NYW 146th St10003+NY7th Ave+10003|NYW 146th St10003+NYAdam Clayton Powell Jr Blvd+10003'
-73.9386,40.6107,0,18,'NYAve R10003+NYE 31st St+10003'
-73.9386,40.6242,0,4,'NYE 38th St10003|NYE 38th St10003+NYFlatbush Ave+10003|NYE 38th St10003+NYHubbard Pl+10003|NYFlatbush Ave10003+NYHubbard Pl+10003|NYHubbard Pl10003'
-73.9386,40.7434,0,2,'NY29th St10003|NY29th St10003+NY47th Ave+10003'
-73.9386,40.6988,37,43,'NYBroadway10003+NYPark Ave+10003|NYPark Ave10003'
-73.9385,40.6809,4,70,'NYDecatur St10003+NYAlbany Ave+10003|NYAlbany Ave10003'
-73.9385,40.8057,151,223,'NYE 126th St10003+NYPark Ave+10003|NYE 126 St10003+NYPark Ave+10003'
-73.9385,40.6031,0,37,'NYFord St10003+NYAve T+10003'
-73.9385,40.8173,57,519,'NYW 140 St10003|NYW 140 St10003+NYEsplanade Gardens Plz+10003|NYW 140 St10003+NYMalcolm X Blvd+10003|NYW 140 St10003+NYLenox Ave+10003|NYW 140th St10003|NYW 140th St10003+NYEsplanade Gardens Plz+10003|NYW 140th St10003+NYMalcolm X Blvd+10003|NYW 140th St10003+NYLenox Ave+10003'
-73.9385,40.7078,4,22,'NYMontrose Ave10003'
-73.9385,40.6256,0,2,'NYE 39th St10003|NYE 39th St10003+NYAve K+10003'
-73.9385,40.5851,0,2,'NYLake Ave10003'
-73.9385,40.8338,15,189,'NYW 160 St10003|NYW 160 St10003+NYEdgecombe Ave+10003|NYW 160th St10003|NYW 160th St10003+NYEdgecombe Ave+10003'
-73.9385,40.8352,1,100,'NYW 162 St10003+NYJumel Ter+10003|NYJumel Ter10003|NYJumel Ter10003+NYW 162nd St+10003'
-73.9385,40.7040,52,34,'NYMoore St10003|NYMoore St10003+NYBushwick Ave+10003'
-73.9385,40.7238,3,90,'NYHausman St10003|NYHausman St10003+NYMeeker Ave+10003'
-73.9385,40.7007,1,28,'NYEllery St10003|NYEllery St10003+NYBeaver St+10003'
-73.9385,40.7349,1,2,'NY35th St10003+NYReview Ave+10003'
-73.9385,40.7125,62,238,'NYGrand St10003+NYOlive St+10003|NYOlive St10003'
-73.9385,40.7176,1,34,'NYJackson St10003|NYJackson St10003+NYDebevoise Ave+10003|NYDebevoise Ave10003'
-73.9385,40.7668,3,29,'NY9th St10003+NY33rd Rd+10003'
-73.9385,40.8263,2,87,'NYW 151st St10003+NYMacombs Pl+10003|NYMacombs Pl10003+NYW 151 St+10003'
-73.9385,40.8462,129,219,'NYW 175 St10003+NYBroadway+10003|NYW 175th St10003+NYBroadway+10003'
-73.9384,40.6798,21,125,'NYFulton St10003+NYAlbany Ave+10003'
-73.9384,40.7215,8,136,'NYBeadel St10003+NYMorgan Ave+10003'
-73.9384,40.6275,0,11,'NYE 39th St10003+NYAve J+10003'
-73.9384,40.8429,2,103,'NYW 171 St10003+NYSt Nicholas Ave+10003|NYW 171st St10003+NYSt Nicholas Ave+10003'
-73.9384,40.6228,0,10,'NYE 38th St10003+NYAve L+10003'
-73.9384,40.5874,0,10,'NYVoorhies Ave10003+NYHaring St+10003'
-73.9384,40.5924,0,5,'NYJerome Ave10003|NYJerome Ave10003+NYBrown St+10003'
-73.9384,40.8018,2,18,'NYSylvan Ct10003'
-73.9384,40.8535,11,859,'NYPinehurst Ave10003+NYW 185 St+10003|NYPinehurst Ave10003+NYW 185th St+10003|NYW 185 St10003|NYW 185 St10003+NYW 185th St+10003|NYW 185th St10003'
-73.9384,40.8031,158,207,'NYE 123 St10003+NYLexington Ave+10003|NYE 123rd St10003+NYLexington Ave+10003'
-73.9384,40.7015,7,35,'NYGarden St10003|NYGarden St10003+NYFlushing Ave+10003'
-73.9384,40.8405,2,42,'NYAudubon Ave10003+NYW 168th St+10003|NYAudubon Ave10003+NYW 168 St+10003'
-73.9384,40.7669,2,5,'NY9th St10003|NY9th St10003+NYVernon Blvd+10003'
-73.9384,40.6449,0,1,'NYCortelyou Rd10003+NYAlbany Ave+10003|NYAlbany Ave10003'
-73.9383,40.8379,10,77,'NYW 165th St10003|NYW 165th St10003+NYW 165th St+10003|NYW 165th St10003+NYAmsterdam Ave+10003|NYW 165th St10003+NYW 165 St+10003|NYAmsterdam Ave10003+NYW 165 St+10003|NYAmsterdam Ave10003+NYW 165th St+10003|NYW 165 St10003|NYW 165 St10003+NYW 165th St+10003|NYW 165 St10003+NYW 165 St+10003'
-73.9383,40.7605,4,57,'NY13th St10003|NY13th St10003+NY36th Ave+10003'
-73.9383,40.7434,21,31,'NY29th St10003|NY29th St10003+NY47th Ave+10003'
-73.9383,40.8089,11,278,'NYE 130th St10003+NYMadison Ave+10003|NYMadison Ave10003+NYE 130 St+10003'
-73.9383,40.7518,59,166,'NY41st Ave10003+NY27th St+10003'
-73.9383,40.7044,0,7,'NYBushwick Ct10003'
-73.9383,40.7125,37,62,'NYGrand St10003+NYWaterbury St+10003|NYWaterbury St10003'
-73.9383,40.7589,4,9,'NY14th St10003+NY37th Ave+10003'
-73.9383,40.5919,0,7,'NYBrown St10003|NYBrown St10003+NYAve Y+10003'
-73.9383,40.6746,0,3,'NYSt Marks Ave10003|NYSt Marks Ave10003+NYSt Marks Ave+10003|NYSt Marks Ave10003'
-73.9383,40.6081,0,5,'NYMadison Pl10003|NYMadison Pl10003+NYFillmore Ave+10003'
-73.9383,40.7556,6,28,'NY39th Ave10003+NY23rd St+10003'
-73.9383,40.7473,1,1,'NYOrchard St10003'
-73.9383,40.6533,0,10,'NYE 42nd St10003+NYLinden Blvd+10003'
-73.9383,40.6193,0,3,'NYRyder St10003|NYRyder St10003+NYFlatlands Ave+10003'
-73.9383,40.7381,8,5,'NYLong Island Expy10001+NYStarr Ave+10001|NYI 49510001+NYStarr Ave+10001|NYStarr Ave10003|NYStarr Ave10003+NYQueens Midtown Expy+10003'
-73.9383,40.7963,1030,370,'NYE 115 St10003+NY2nd Ave+10003|NYE 115 St10003+NY2 Ave+10003|NY2nd Ave10003+NYE 115th St+10003|NYE 115th St10003+NY2 Ave+10003'
-73.9383,40.8509,498,1198,'NYW 181 St10003+NYFort Washington Ave+10003|NYW 181st St10003+NYFort Washington Ave+10003'
-73.9383,40.8453,7,58,'NYWadsworth Ave10003+NYW 174 St+10003|NYWadsworth Ave10003+NYW 174th St+10003'
-73.9383,40.7451,13,19,'NY29th St10003|NY29th St10003+NYSkillman Ave+10003'
-73.9383,40.6439,1,11,'NYClarendon Rd10003+NYAlbany Ave+10003'
-73.9383,40.6137,0,5,'NYQuentin Rd10003|NYQuentin Rd10003+NYE 34th St+10003|NYQuentin Rd10003+NYAve Q+10003|NYQuentin Rd10003+NYQuentin Rd+10003|NYE 34th St10003+NYAve Q+10003|NYE 34th St10003+NYQuentin Rd+10003|NYAve Q10003'
-73.9382,40.8279,6,71,'NYW 153rd St10003+NY8th Ave+10003|NYW 153rd St10003+NYFrederick Douglass Blvd+10003|NYW 153 St10003+NY8th Ave+10003|NYW 153 St10003+NYFrederick Douglass Blvd+10003'
-73.9382,40.6219,0,5,'NYKings Hwy10003+NYE 38th St+10003'
-73.9382,40.8469,125,221,'NYW 176 St10003+NYBroadway+10003|NYW 176th St10003+NYBroadway+10003'
-73.9382,40.6257,0,2,'NYE 39th St10003|NYE 39th St10003+NYAve K+10003'
-73.9382,40.7878,17,177,'NYE 105 St10003|NYE 105 St10003+NYE River Dr+10003|NYE 105 St10003+NYF D R Dr+10003|NYE River Dr10002+NYE 105th St+10002|NYF D R Dr10002+NYE 105th St+10002|NYE 105th St10003'
-73.9382,40.7405,6,3,'NY49th Ave10003+NY30th St+10003|NYHunters Point Ave10003+NY30th St+10003'
-73.9382,40.7922,108,794,'NYE 110 St10003+NY1st Ave+10003|NYE 110 St10003+NY1 Ave+10003|NY1st Ave10003+NYE 110th St+10003|NYE 110th St10003+NY1 Ave+10003'
-73.9382,40.6986,32,85,'NYLocust St10003|NYLocust St10003+NYBroadway+10003|NYLocust St10003+NYLewis Ave+10003|NYBroadway10003+NYLewis Ave+10003|NYLewis Ave10003'
-73.9382,40.5862,0,3,'NYHaring St10003'
-73.9382,40.7495,153,134,'NYHunter St10003|NYHunter St10003+NYQueens Plz S+10003'
-73.9381,40.8005,37,644,'NYE 120th St10003+NY3rd Ave+10003|NYE 120th St10003+NY3 Ave+10003|NY3rd Ave10003+NYE 120 St+10003|NY3 Ave10003+NYE 120 St+10003'
-73.9381,40.7208,5,20,'NYDivision Pl10003+NYMorgan Ave+10003'
-73.9381,40.8229,31,264,'NYW 147 St10003+NY7th Ave+10003|NYW 147 St10003+NYAdam Clayton Powell Jr Blvd+10003|NY7th Ave10003+NYW 147th St+10003|NYW 147th St10003+NYAdam Clayton Powell Jr Blvd+10003'
-73.9381,40.7570,8,19,'NY38th Ave10003+NY22nd St+10003'
-73.9381,40.6008,0,4,'NYFord St10003+NYAve U+10003'
-73.9381,40.6981,4,17,'NYLewis Ave10003|NYLewis Ave10003+NYLewis Ave+10003'
-73.9381,40.8064,23,49,'NYE 127th St10003+NYPark Ave+10003|NYE 127 St10003+NYPark Ave+10003'
-73.9381,40.8179,43,444,'NYEsplanade Gardens Plz10003+NYW 141 St+10003|NYEsplanade Gardens Plz10003+NYW 141st St+10003|NYMalcolm X Blvd10003+NYW 141 St+10003|NYMalcolm X Blvd10003+NYW 141st St+10003|NYW 141 St10003|NYW 141 St10003+NYLenox Ave+10003|NYLenox Ave10003+NYW 141st St+10003|NYW 141st St10003'
-73.9381,40.6514,1,4,'NYE 42nd St10003+NYChurch Ave+10003'
-73.9381,40.7946,6,146,'NYE 113 St10003|NYE 113th St10003'
-73.9381,40.7055,18,75,'NYMcKibben St10003+NYMcKibbin Ct+10003|NYMcKibbin Ct10003'
-73.9381,40.7168,0,2,'NYSkillman Ave10003|NYSkillman Ave10003+NYDebevoise Ave+10003'
-73.9381,40.5839,0,9,'NYBay View Ct10003|NYBay View Ct10003+NYLincoln Ter+10003|NYBay View Ct10003+NYEmmons Ave+10003|NYLincoln Ter10003|NYLincoln Ter10003+NYEmmons Ave+10003'
-73.9380,40.7625,5,83,'NY35th Ave10003+NY12th St+10003'
-73.9380,40.8476,73,154,'NYW 177th St10003|NYW 177th St10003+NYBroadway+10003|NYW 177 St10003|NYW 177 St10003+NYBroadway+10003'
-73.9380,40.7343,10,31,'NYVan Dam St10003|NYVan Dam St10003+NYGreenpoint Ave+10003|NYVan Dam St10003+NYReview Ave+10003|NYGreenpoint Ave10003|NYGreenpoint Ave10003+NYGreenpoint Ave+10003|NYGreenpoint Ave10003+NYReview Ave+10003'
-73.9380,40.7415,5,7,'NY48th Ave10003|NY48th Ave10003+NY30th St+10003'
-73.9380,40.6322,0,1,'NYAve H10003+NYE 40th St+10003|NYE 40th St10003'
-73.9380,40.6237,1,2,'NYAlton Pl10003|NYAlton Pl10003+NYFlatbush Ave+10003'
-73.9380,40.8435,7,93,'NYW 172nd St10003+NYSt Nicholas Ave+10003|NYW 172 St10003+NYSt Nicholas Ave+10003'
-73.9380,40.7118,11,43,'NYMaujer St10003|NYMaujer St10003+NYWaterbury St+10003'
-73.9380,40.8477,74,191,'NYW 177th St10003|NYW 177th St10003+NYBroadway+10003|NYW 177 St10003|NYW 177 St10003+NYBroadway+10003'
-73.9380,40.6204,0,2,'NYAve M10003+NYE 38th St+10003'
-73.9380,40.6974,6,37,'NYStockton St10003|NYStockton St10003+NYLewis Ave+10003'
-73.9380,40.8556,7,748,'NYW 187 St10003+NYCabrini Blvd+10003|NYW 187th St10003+NYCabrini Blvd+10003'
-73.9379,40.5784,0,1,'NYOxford St10003'
-73.9379,40.7262,5,101,'NYApollo St10003+NYNassau Ave+10003'
-73.9379,40.6319,1,5,'NYE 40th St10003|NYE 40th St10003+NYAve H+10003|NYAve H10003'
-73.9379,40.7535,155,139,'NY25th St10003+NY40th Ave+10003|NYCrescent St10003+NY40th Ave+10003'
-73.9379,40.6824,81,924,'NYSumner Ave10003+NYMacon St+10003'
-73.9379,40.8411,4,57,'NYW 169 St10003+NYAudubon Ave+10003|NYAudubon Ave10003+NYW 169th St+10003'
-73.9379,40.8385,2,39,'NYW 166 St10003|NYW 166 St10003+NYAmsterdam Ave+10003|NYW 166 St10003+NYW 166th St+10003|NYAmsterdam Ave10003+NYW 166th St+10003|NYW 166th St10003'
-73.9379,40.7587,78,56,'NY21st St10003+NY37th Ave+10003'
-73.9379,40.6055,0,16,'NYStuart St10003+NYAvenue S+10003|NYAvenue S10003'
-73.9379,40.8037,423,110,'NYLexington Ave10003+NYE 124th St+10003'
-73.9379,40.5898,0,4,'NYAve Z10003+NYBrown St+10003|NYBrown St10003'
-73.9379,40.7496,48,30,'NYHunter St10003+NYState Rte 25+10003|NYHunter St10003+NYQueensboro Brg+10003'
-73.9379,40.7487,139,73,'NYWest St10003|NYWest St10003+NYState Hwy 25 Alt+10003|NYWest St10003+NYJackson Ave+10003'
-73.9379,40.6496,0,3,'NYE 42nd St10003+NYSnyder Ave+10003'
-73.9379,40.8095,10,229,'NYE 131st St10003+NYMadison Ave+10003|NYE 131 St10003+NYMadison Ave+10003'
-73.9379,40.7164,6,37,'NYMaspeth Ave10003+NYDebevoise Ave+10003|NYDebevoise Ave10003'
-73.9379,40.6168,0,7,'NYE 37th St10003+NYAve P+10003'
-73.9379,40.6111,0,7,'NYAve R10003+NYE 32nd St+10003'
-73.9379,40.7887,12,100,'NYE River Dr10002+NYE 106 St+10002|NYE River Dr10002+NYE 106th St+10002|NYF D R Dr10002+NYE 106 St+10002|NYF D R Dr10002+NYE 106th St+10002|NYE 106 St10003|NYE 106th St10003'
-73.9378,40.7048,0,27,'NYSeigel St10003+NYMcKibbin Ct+10003|NYMcKibbin Ct10003'
-73.9378,40.7201,1,5,'NYRichardson St10003+NYMorgan Ave+10003'
-73.9378,40.8521,59,642,'NYW 183 St10003+NYFort Washington Ave+10003|NYW 183rd St10003+NYFort Washington Ave+10003'
-73.9378,40.7499,20,57,'NY29th St10003|NY29th St10003+NYBridge Plz N+10003|NY29th St10003+NYQueens Plz N+10003'
-73.9378,40.8459,3,61,'NYWadsworth Ave10003+NYW 175 St+10003|NYWadsworth Ave10003+NYW 175th St+10003'
-73.9378,40.7646,5,165,'NY11th St10003+NY34th Ave+10003'
-73.9378,40.6967,34,171,'NYMyrtle Ave10003+NYLewis Ave+10003'
-73.9378,40.6817,7,87,'NYSumner Ave10003+NYMacdonough St+10003'
-73.9378,40.8554,19,564,'NYPinehurst Ave10003|NYPinehurst Ave10003+NYW 187 St+10003|NYPinehurst Ave10003+NYW 187th St+10003'
-73.9378,40.8285,12,158,'NYW 154th St10003+NY8th Ave+10003|NYW 154th St10003+NYFrederick Douglass Blvd+10003|NY8th Ave10003+NYW 154 St+10003|NYW 154 St10003+NYFrederick Douglass Blvd+10003'
-73.9378,40.8387,2,36,'NYAmsterdam Ave10003+NYW 166 St+10003|NYAmsterdam Ave10003+NYW 166th St+10003|NYW 166 St10003|NYW 166th St10003'
-73.9378,40.7970,1285,1090,'NYLuis Munos Marin Blvd10003+NY2nd Ave+10003|NYLuis Munos Marin Blvd10003+NY2 Ave+10003|NYE 116 St10003+NY2nd Ave+10003|NYE 116 St10003+NY2 Ave+10003|NYE 116th St10003+NY2nd Ave+10003|NYE 116th St10003+NY2 Ave+10003'
-73.9378,40.6984,17,72,'NYBroadway10003+NYLewis Ave+10003|NYLewis Ave10003'
-73.9378,40.8349,5,55,'NYW 162 St10003|NYW 162 St10003+NYEdgecombe Ave+10003|NYW 162nd St10003|NYW 162nd St10003+NYEdgecombe Ave+10003'
-73.9377,40.7381,26,2,'NY30th Pl10003|NY30th Pl10003+NYI 495+10003|NY30th Pl10003+NYLong Island Expy+10003|NY30th Pl10003+NYQueens Midtown Expy+10003'
-73.9377,40.6042,0,6,'NYCoyle St10003|NYCoyle St10003+NYGerritsen Ave+10003'
-73.9377,40.7928,52,357,'NYE 111 St10003+NY1st Ave+10003|NYE 111 St10003+NY1 Ave+10003|NY1st Ave10003+NYE 111th St+10003|NY1 Ave10003+NYE 111th St+10003'
-73.9377,40.7002,3,56,'NYPark St10003|NYPark St10003+NYBeaver St+10003'
-73.9377,40.5987,0,10,'NYFord St10003|NYFord St10003+NYAve V+10003'
-73.9377,40.7383,2,0,'NY30th Pl10003+NYBorden Ave+10003'
-73.9377,40.8011,62,458,'NY3rd Ave10003+NYE 121 St+10003|NY3rd Ave10003+NYE 121st St+10003|NY3 Ave10003+NYE 121 St+10003|NY3 Ave10003+NYE 121st St+10003'
-73.9377,40.8236,39,318,'NYW 148 St10003|NYW 148 St10003+NY7th Ave+10003|NYW 148 St10003+NYAdam Clayton Powell Jr Blvd+10003|NYW 148th St10003|NYW 148th St10003+NY7th Ave+10003|NYW 148th St10003+NYAdam Clayton Powell Jr Blvd+10003'
-73.9377,40.8484,146,342,'NYW 178 St10003+NYBroadway+10003|NYW 178th St10003+NYBroadway+10003'
-73.9377,40.6562,0,17,'NYE 43rd St10003|NYE 43rd St10003+NYClarkson Ave+10003'
-73.9377,40.7243,13,84,'NYMeeker Ave10003+NYApollo St+10003'
-73.9377,40.6248,0,3,'NYE 39th St10003|NYE 39th St10003+NYHubbard Pl+10003'
-73.9376,40.7034,50,93,'NYVaret St10003|NYVaret St10003+NYBushwick Ave+10003'
-73.9376,40.7242,2,13,'NYI 27810001+NYApollo St+10001|NYBrooklyn Queens Expy10001+NYApollo St+10001'
-73.9376,40.6810,3,61,'NYMarcus Garvey Ave10003|NYMarcus Garvey Ave10003+NYSumner Ave+10003|NYMarcus Garvey Ave10003+NYDecatur St+10003|NYMarcus Garvey Ave10003+NYGarvey Ave+10003|NYMarcus Garvey Ave10003+NYGarvey Blvd+10003|NYMarcus Garvey Ave10003+NYMarcus Garvey Blvd+10003|NYSumner Ave10003|NYSumner Ave10003+NYSumner Ave+10003|NYSumner Ave10003+NYDecatur St+10003|NYSumner Ave10003+NYGarvey Ave+10003|NYSumner Ave10003+NYGarvey Blvd+10003|NYSumner Ave10003+NYMarcus Garvey Blvd+10003|NYDecatur St10003+NYGarvey Ave+10003|NYDecatur St10003+NYGarvey Blvd+10003|NYGarvey Ave10003|NYGarvey Ave10003+NYGarvey Blvd+10003|NYGarvey Ave10003+NYMarcus Garvey Blvd+10003|NYGarvey Blvd10003|NYGarvey Blvd10003+NYMarcus Garvey Blvd+10003'
-73.9376,40.8185,31,251,'NYEsplanade Gardens Plz10003+NYW 142 St+10003|NYEsplanade Gardens Plz10003+NYW 142nd St+10003|NYW 142 St10003+NYMalcolm X Blvd+10003|NYW 142 St10003+NYLenox Ave+10003|NYMalcolm X Blvd10003+NYW 142nd St+10003|NYW 142nd St10003+NYLenox Ave+10003'
-73.9376,40.8070,24,67,'NYE 128th St10003+NYPark Ave+10003|NYE 128 St10003+NYPark Ave+10003'
-73.9376,40.7665,1,22,'NY10th St10003+NY33rd Rd+10003'
-73.9376,40.8127,358,1119,'NYE 135 St10003|NYE 135 St10003+NYW 135 St+10003|NYE 135 St10003+NY5 Ave+10003|NYE 135 St10003+NYW 135th St+10003|NYE 135 St10003+NY5th Ave+10003|NYW 135 St10003|NYW 135 St10003+NY5 Ave+10003|NYW 135 St10003+NY5th Ave+10003|NYW 135 St10003+NYE 135th St+10003|NY5 Ave10003+NYW 135th St+10003|NY5 Ave10003+NYE 135th St+10003|NYW 135th St10003|NYW 135th St10003+NY5th Ave+10003|NYW 135th St10003+NYE 135th St+10003|NY5th Ave10003+NYE 135th St+10003|NYE 135th St10003'
-73.9376,40.7240,6,14,'NYVandevoort Ave10003|NYVandevoort Ave10003+NYI 278+10003|NYVandevoort Ave10003+NYVandervoort Ave+10003|NYVandevoort Ave10003+NYBrooklyn Queens Expy+10003|NYVandevoort Ave10003+NYApollo St+10003|NYI 27810001+NYVandervoort Ave+10001|NYI 27810001+NYApollo St+10001|NYVandervoort Ave10003|NYVandervoort Ave10003+NYBrooklyn Queens Expy+10003|NYVandervoort Ave10003+NYApollo St+10003|NYBrooklyn Queens Expy10001+NYApollo St+10001|NYApollo St10003'
-73.9376,40.7239,8,28,'NYMeeker Ave10003|NYMeeker Ave10003+NYVandevoort Ave+10003|NYMeeker Ave10003+NYVandervoort Ave+10003|NYMeeker Ave10003+NYCherry St+10003|NYVandevoort Ave10003|NYVandevoort Ave10003+NYVandervoort Ave+10003|NYVandevoort Ave10003+NYCherry St+10003|NYVandervoort Ave10003|NYVandervoort Ave10003+NYCherry St+10003|NYVandervoort Ave10003+NYVandervoort Ave+10003|NYCherry St10003|NYCherry St10003+NYVandervoort Ave+10003'
-73.9376,40.5857,0,1,'NYShore Pkwy S10003+NYMesereau Ct+10003|NYShore Pkwy10003+NYMesereau Ct+10003|NYMesereau Ct10003'
-73.9376,40.5839,0,5,'NYLake Ave10003|NYLake Ave10003+NYEmmons Ave+10003'
-73.9376,40.6032,0,8,'NYAve T10003+NYCoyle St+10003'
-73.9376,40.6198,0,4,'NYFlatlands Ave10003|NYFlatlands Ave10003+NYFlatland Ave+10003|NYFlatlands Ave10003+NYFlatlands Ave+10003|NYFlatlands Ave10003+NYKimball St+10003|NYFlatland Ave10003|NYFlatland Ave10003+NYFlatlands Ave+10003|NYFlatland Ave10003+NYKimball St+10003|NYKimball St10003'
-73.9376,40.8268,5,69,'NYMacombs Pl10003+NYW 152 St+10003|NYMacombs Pl10003+NYW 152nd St+10003'
-73.9376,40.7514,13,87,'NY41st Ave10003+NY28th St+10003'
-73.9375,40.7552,4,74,'NY39th Ave10003+NY24th St+10003'
-73.9375,40.6142,0,6,'NYAve Q10003+NYE 35th St+10003|NYE 35th St10003+NYQuentin Rd+10003'
-73.9375,40.6086,0,6,'NYFillmore Ave10003+NYMarine Pkwy+10003|NYMarine Pkwy10003'
-73.9375,40.7195,0,6,'NYFrost St10003+NYMorgan Ave+10003'
-73.9375,40.7369,1,2,'NY31st St10003|NY31st St10003+NYStarr Ave+10003'
-73.9375,40.8441,7,118,'NYW 173rd St10003+NYSt Nicholas Ave+10003|NYW 173 St10003+NYSt Nicholas Ave+10003'
-73.9375,40.6221,0,3,'NYKings Hwy10003+NYRyder St+10003|NYRyder St10003'
-73.9375,40.8417,5,131,'NYW 170th St10003+NYAudubon Ave+10003|NYAudubon Ave10003+NYW 170 St+10003'
-73.9375,40.7602,10,23,'NY14th St10003|NY14th St10003+NY36th Ave+10003'
-73.9375,40.6952,29,542,'NYWilloughby Ave10003+NYLewis Ave+10003'
-73.9375,40.5875,1,4,'NYVoorhies Ave10003+NYBrown St+10003'
-73.9375,40.7480,27,34,'NYWest St10003'
-73.9375,40.7498,38,108,'NYHunter St10003|NYHunter St10003+NYQueens Plz N+10003|NYQueens Plz N10003'
-73.9374,40.8534,78,985,'NYW 185 St10003|NYW 185 St10003+NYW 185th St+10003|NYW 185 St10003+NYFort Washington Ave+10003|NYW 185th St10003|NYW 185th St10003+NYFort Washington Ave+10003'
-73.9374,40.7338,0,35,'NY37th St10003|NY37th St10003+NYReview Ave+10003'
-73.9374,40.8044,1486,1319,'NYMartin Luther King Blvd10003+NYLexington Ave+10003|NYDr Martin Luther King Jr Blvd10003+NYLexington Ave+10003|NYE 125th St10003+NYLexington Ave+10003|NYE 125 St10003+NYLexington Ave+10003'
-73.9374,40.7233,0,8,'NYVandervoort Ave10003+NYAnthony St+10003'
-73.9374,40.8102,26,341,'NYE 132nd St10003+NYMadison Ave+10003|NYMadison Ave10003+NYE 132 St+10003'
-73.9374,40.8486,86,183,'NYUS Rte 110001+NYBroadway+10001|NYUS Rte 110001+NYUS Rte 9+10001|NYBroadway10002|NYBroadway10002+NYI 95+10002|NYBroadway10002+NYUS Rte 9+10002|NYBroadway10002+NYTransmanhattan Expy+10002|NYBroadway10002+NYBroadway+10002|NYI 9510001+NYUS Rte 9+10001|NYI 9510001+NYBroadway+10001|NYUS Rte 910002|NYUS Rte 910002+NYUS Rte 9+10002|NYUS Rte 910002+NYTransmanhattan Expy+10002|NYUS Rte 910002+NYBroadway+10002|NYUS Rte 910001|NYUS Rte 910001+NYBroadway+10001|NYTransmanhattan Expy10001+NYBroadway+10001|NYBroadway10003'
-73.9374,40.6797,13,62,'NYMarcus Garvey Ave10003|NYMarcus Garvey Ave10003+NYSumner Ave+10003|NYMarcus Garvey Ave10003+NYFulton St+10003|NYMarcus Garvey Ave10003+NYGarvey Ave+10003|NYMarcus Garvey Ave10003+NYGarvey Blvd+10003|NYMarcus Garvey Ave10003+NYMarcus Garvey Blvd+10003|NYSumner Ave10003|NYSumner Ave10003+NYFulton St+10003|NYSumner Ave10003+NYGarvey Ave+10003|NYSumner Ave10003+NYGarvey Blvd+10003|NYSumner Ave10003+NYMarcus Garvey Blvd+10003|NYFulton St10003+NYGarvey Ave+10003|NYFulton St10003+NYGarvey Blvd+10003|NYFulton St10003+NYMarcus Garvey Blvd+10003|NYGarvey Ave10003|NYGarvey Ave10003+NYGarvey Blvd+10003|NYGarvey Ave10003+NYMarcus Garvey Blvd+10003|NYGarvey Blvd10003|NYGarvey Blvd10003+NYMarcus Garvey Blvd+10003|NYMarcus Garvey Blvd10003'
-73.9374,40.6982,33,106,'NYBroadway10003+NYBelvidere St+10003|NYBelvidere St10003'
-73.9374,40.6449,0,1,'NYE 42nd St10003|NYE 42nd St10003+NYCortelyou Rd+10003'
-73.9374,40.7132,2,135,'NYPowers St10003'
-73.9374,40.8357,0,43,'NYW 163 St10003|NYW 163 St10003+NYW 163rd St+10003|NYW 163 St10003+NYEdgecombe Ave+10003|NYW 163rd St10003|NYW 163rd St10003+NYEdgecombe Ave+10003'
-73.9374,40.7489,355,87,'NYState Rte 2510002+NYQueens Plz S+10002|NYState Rte 2510002+NYQueens Plz E+10002|NYState Rte 2510002+NYNorthern Blvd+10002|NYState Rte 2510002+NYState Hwy 25 Alt+10002|NYState Rte 2510002+NYJackson Ave+10002|NYQueensboro Brg10002|NYQueensboro Brg10002+NYQueens Plz S+10002|NYQueensboro Brg10002+NYQueens Plz E+10002|NYQueensboro Brg10002+NYQueens Blvd+10002|NYQueensboro Brg10002+NYNorthern Blvd+10002|NYQueensboro Brg10002+NYState Hwy 25 Alt+10002|NYQueensboro Brg10002+NYJackson Ave+10002|NYQueens Plz S10003|NYQueens Plz S10003+NYQueens Plz E+10003|NYQueens Plz S10003+NYQueens Blvd+10003|NYQueens Plz S10003+NYNorthern Blvd+10003|NYQueens Plz S10003+NYState Hwy 25 Alt+10003|NYQueens Plz S10003+NYJackson Ave+10003|NYQueens Plz E10002|NYQueens Plz E10002+NYQueens Blvd+10002|NYQueens Plz E10002+NYNorthern Blvd+10002|NYQueens Plz E10002+NYState Hwy 25 Alt+10002|NYQueens Plz E10002+NYJackson Ave+10002|NYQueens Blvd10002|NYQueens Blvd10002+NYNorthern Blvd+10002|NYQueens Blvd10002+NYState Hwy 25 Alt+10002|NYQueens Blvd10002+NYJackson Ave+10002|NYNorthern Blvd10002|NYNorthern Blvd10002+NYState Hwy 25 Alt+10002|NYNorthern Blvd10002+NYJackson Ave+10002|NYState Hwy 25 Alt10002|NYJackson Ave10002'
-73.9374,40.8506,35,432,'NYColonel Robert Magaw Pl10003|NYColonel Robert Magaw Pl10003+NYW 181 St+10003|NYColonel Robert Magaw Pl10003+NYW 181st St+10003|NYW 181 St10003+NYMagaw Pl+10003|NYW 181st St10003+NYMagaw Pl+10003|NYMagaw Pl10003'
-73.9374,40.7292,5,4,'NYApollo St10003'
-73.9374,40.6534,0,6,'NYE 43rd St10003+NYLinden Blvd+10003'
-73.9373,40.7105,30,335,'NYMeadow St10003|NYMeadow St10003+NYWaterbury St+10003'
-73.9373,40.8393,2,56,'NYAmsterdam Ave10003+NYW 167 St+10003|NYAmsterdam Ave10003+NYW 167th St+10003'
-73.9373,40.7566,10,27,'NY38th Ave10003+NY23rd St+10003'
-73.9373,40.7027,42,66,'NYCook St10003|NYCook St10003+NYBushwick Ave+10003'
-73.9373,40.8466,0,35,'NYWadsworth Ave10003+NYW 176 St+10003|NYWadsworth Ave10003+NYW 176th St+10003'
-73.9373,40.7145,25,329,'NYCatherine St10003|NYCatherine St10003+NYMetropolitan Ave+10003'
-73.9373,40.6440,1,18,'NYClarendon Rd10003+NYE 42nd St+10003'
-73.9373,40.7977,397,324,'NYE 117 St10003+NY2nd Ave+10003|NYE 117 St10003+NY2 Ave+10003|NY2nd Ave10003+NYE 117th St+10003|NYE 117th St10003+NY2 Ave+10003'
-73.9373,40.8292,37,223,'NYW 155th St10003+NY8th Ave+10003|NYW 155th St10003+NYFrederick Douglass Blvd+10003|NY8th Ave10003+NYW 155 St+10003|NYFrederick Douglass Blvd10003+NYW 155 St+10003'
-73.9373,40.7405,1,4,'NY30th Pl10003+NY49th Ave+10003|NY30th Pl10003+NYHunters Point Ave+10003'
-73.9373,40.7452,28,17,'NYSkillman Ave10003+NYThomson Ave+10003'
-73.9373,40.7188,1,6,'NYWithers St10003|NYWithers St10003+NYMorgan Ave+10003'
-73.9373,40.7935,49,393,'NYE 112th St10003|NYE 112th St10003+NY1st Ave+10003|NYE 112th St10003+NY1 Ave+10003|NY1st Ave10003+NYE 112 St+10003|NYE 112 St10003|NYE 112 St10003+NY1 Ave+10003'
-73.9372,40.7128,32,102,'NYGrand St10003+NYCatherine St+10003|NYCatherine St10003'
-73.9372,40.7918,13,335,'NYE 110 St10003|NYE 110th St10003'
-73.9372,40.8018,45,417,'NYE 122 St10003+NY3rd Ave+10003|NYE 122 St10003+NY3 Ave+10003|NY3rd Ave10003+NYE 122nd St+10003|NYE 122nd St10003+NY3 Ave+10003'
-73.9372,40.6230,2,2,'NYFlatbush Ave10003+NYOverbaugh Pl+10003|NYFlatbush Ave10003+NYAve L+10003|NYOverbaugh Pl10003|NYOverbaugh Pl10003+NYAve L+10003|NYAve L10003'
-73.9372,40.8242,22,236,'NYW 149th St10003|NYW 149th St10003+NY7th Ave+10003|NYW 149th St10003+NYAdam Clayton Powell Jr Blvd+10003|NY7th Ave10003+NYW 149 St+10003|NYW 149 St10003|NYW 149 St10003+NYAdam Clayton Powell Jr Blvd+10003'
-73.9372,40.7451,43,18,'NY30th St10003|NY30th St10003+NYThomson Ave+10003'
-73.9372,40.6609,11,238,'NYMidwood St10003'
-73.9372,40.8191,24,179,'NYEsplanade Gardens Plz10003+NYW 143 St+10003|NYEsplanade Gardens Plz10003+NYW 143rd St+10003|NYW 143 St10003+NYMalcolm X Blvd+10003|NYW 143 St10003+NYLenox Ave+10003|NYW 143rd St10003+NYMalcolm X Blvd+10003|NYW 143rd St10003+NYLenox Ave+10003'
-73.9372,40.8076,10,62,'NYE 129 St10003+NYPark Ave+10003|NYE 129th St10003+NYPark Ave+10003'
-73.9372,40.7531,23,91,'NY27th St10003+NY40th Ave+10003'
-73.9372,40.6172,0,3,'NYAve P10003+NYE 38th St+10003'
-73.9372,40.5857,0,1,'NYBrown St10003'
-73.9372,40.6116,0,11,'NYAve R10003+NYE 33rd St+10003'
-73.9372,40.6009,0,2,'NYAve U10003+NYCoyle St+10003'
-73.9371,40.6514,0,2,'NYE 43rd St10003+NYChurch Ave+10003'
-73.9371,40.8134,39,179,'NYW 136 St10003|NYW 136 St10003+NY5 Ave+10003|NYW 136 St10003+NYW 136th St+10003|NYW 136 St10003+NY5th Ave+10003|NY5 Ave10003+NYW 136th St+10003|NYW 136th St10003|NYW 136th St10003+NY5th Ave+10003'
-73.9371,40.7363,2,30,'NYStarr Ave10003+NY34th St+10003|NY34th St10003'
-73.9371,40.7226,0,46,'NYVandervoort Ave10003+NYLombardy St+10003'
-73.9371,40.5855,0,2,'NYBrown St10003+NYLosee Ter+10003|NYBrown St10003+NYDunne Pl+10003|NYLosee Ter10003|NYLosee Ter10003+NYDunne Pl+10003|NYDunne Pl10003'
-73.9371,40.5809,0,6,'NYPembroke St10003'
-73.9371,40.7094,10,151,'NYWaterbury St10003+NYScholes St+10003'
-73.9371,40.7674,8,17,'NY10th St10003|NY10th St10003+NYVernon Blvd+10003'
-73.9371,40.8489,73,298,'NYBroadway10002+NYW 179 St+10002|NYBroadway10002+NYW 179th St+10002|NYW 179 St10003+NYUS Rte 9+10003|NYUS Rte 910002+NYW 179th St+10002'
-73.9371,40.5840,0,5,'NYHaring St10003|NYHaring St10003+NYEmmons Ave+10003'
-73.9370,40.8448,8,87,'NYW 174 St10003+NYSt Nicholas Ave+10003|NYW 174th St10003+NYSt Nicholas Ave+10003'
-73.9370,40.6595,0,14,'NYFenimore St10003'
-73.9370,40.8423,5,125,'NYAudubon Ave10003+NYW 171 St+10003|NYAudubon Ave10003+NYW 171st St+10003'
-73.9370,40.8365,1,22,'NYW 164th St10003|NYW 164th St10003+NYEdgecombe Ave+10003|NYEdgecombe Ave10003+NYW 164 St+10003|NYW 164 St10003'
-73.9370,40.7263,2,35,'NYNassau Ave10003+NYVan Dam St+10003'
-73.9370,40.7582,354,340,'NY22nd St10003+NY37th Ave+10003'
-73.9370,40.6205,0,1,'NYAve M10003+NYRyder St+10003'
-73.9370,40.6322,0,18,'NYAlbany Ave10003+NYAve H+10003|NYAve H10003'
-73.9370,40.7642,6,76,'NY12th St10003+NY34th Ave+10003'
-73.9370,40.5899,0,13,'NYBatchelder St10003+NYAve Z+10003'
-73.9370,40.5784,0,3,'NYPembroke St10003'
-73.9370,40.7019,131,169,'NYFlushing Ave10003+NYBushwick Ave+10003'
-73.9370,40.7087,27,134,'NYMeserole St10003+NYWaterbury St+10003|NYWaterbury St10003'
-73.9370,40.5848,0,1,'NYGunnison Ct10003|NYGunnison Ct10003+NYBrown St+10003'
-73.9370,40.6998,3,114,'NYLocust St10003|NYLocust St10003+NYBeaver St+10003'
-73.9370,40.6497,0,17,'NYE 43rd St10003+NYSnyder Ave+10003'
-73.9369,40.7181,1,12,'NYJackson St10003|NYJackson St10003+NYMorgan Ave+10003'
-73.9369,40.6587,0,9,'NYHawthorne St10003'
-73.9369,40.8050,104,186,'NYE 126th St10003+NYLexington Ave+10003|NYE 126 St10003+NYLexington Ave+10003'
-73.9369,40.8399,3,123,'NYAmsterdam Ave10003+NYW 168th St+10003|NYAmsterdam Ave10003+NYW 168 St+10003'
-73.9369,40.6252,0,3,'NYHubbard Pl10003+NYE 40th St+10003'
-73.9369,40.6923,30,293,'NYDr Sandy Feay Blvd10003|NYDr Sandy Feay Blvd10003+NYLewis Ave+10003|NYDr Sandy Feay Blvd10003+NYKosciuszko St+10003'
-73.9369,40.8519,1,212,'NYW 183 St10003|NYW 183 St10003+NYColonel Robert Magaw Pl+10003|NYW 183 St10003+NYMagaw Pl+10003|NYColonel Robert Magaw Pl10003|NYColonel Robert Magaw Pl10003+NYW 183rd St+10003|NYW 183rd St10003|NYW 183rd St10003+NYMagaw Pl+10003|NYMagaw Pl10003'
-73.9369,40.8551,273,1259,'NYW 187 St10003+NYFort Washington Ave+10003|NYW 187th St10003+NYFort Washington Ave+10003'
-73.9369,40.6203,0,2,'NYColeman St10003|NYColeman St10003+NYFlatlands Ave+10003|NYColeman St10003+NYRyder St+10003|NYFlatlands Ave10003+NYRyder St+10003|NYRyder St10003'
-73.9369,40.6579,0,12,'NYWinthrop St10003+NYTroy Ave+10003|NYTroy Ave10003'
-73.9369,40.8472,0,99,'NYW 177th St10003+NYWadsworth Ave+10003|NYWadsworth Ave10003+NYW 177 St+10003'
-73.9368,40.6487,0,1,'NYE 43rd St10003'
-73.9368,40.6033,0,1,'NYAve T10003+NYGerritsen Ave+10003'
-73.9368,40.7983,405,485,'NYE 118th St10003+NY2nd Ave+10003|NYE 118th St10003+NY2 Ave+10003|NYE 118 St10003+NY2nd Ave+10003|NYE 118 St10003+NY2 Ave+10003'
-73.9368,40.7662,0,11,'NY11th St10003+NY33rd Rd+10003'
-73.9368,40.5840,0,3,'NYBrown St10003|NYBrown St10003+NYEmmons Ave+10003'
-73.9368,40.7380,22,9,'NYI 49510001+NY31st St+10001|NYLong Island Expy10001+NY31st St+10001|NYQueens Midtown Expy10001+NY31st St+10001|NY31st St10003'
-73.9368,40.7219,2,52,'NYVandervoort Ave10003+NYBeadel St+10003'
-73.9368,40.6146,0,7,'NYAve Q10003+NYE 36th St+10003|NYE 36th St10003+NYQuentin Rd+10003'
-73.9368,40.7510,5,101,'NY29th St10003+NY41st Ave+10003'
-73.9368,40.7599,253,173,'NY21st St10003+NY36th Ave+10003'
-73.9368,40.7548,319,351,'NY39th Ave10003+NY25th St+10003|NY39th Ave10003+NYCrescent St+10003'
-73.9368,40.9196,0,1,'NJHudson Ave10003'
-73.9368,40.8024,26,164,'NYE 123 St10003+NY3rd Ave+10003|NYE 123 St10003+NY3 Ave+10003|NY3rd Ave10003+NYE 123rd St+10003|NY3 Ave10003+NYE 123rd St+10003'
-73.9368,40.7248,0,34,'NYPorter Ave10003|NYPorter Ave10003+NYMeeker Ave+10003|NYPorter Ave10003+NYVan Dam St+10003|NYMeeker Ave10003+NYVan Dam St+10003|NYVan Dam St10003'
-73.9368,40.6091,0,5,'NYFillmore Ave10003+NYE 31st St+10003|NYE 31st St10003'
-73.9368,40.6978,44,214,'NYArion Pl10003|NYArion Pl10003+NYBroadway+10003'
-73.9368,40.8248,11,87,'NYW 150 St10003|NYW 150 St10003+NY7th Ave+10003|NYW 150 St10003+NYAdam Clayton Powell Jr Blvd+10003|NY7th Ave10003+NYW 150th St+10003|NYW 150th St10003|NYW 150th St10003+NYAdam Clayton Powell Jr Blvd+10003'
-73.9368,40.5988,3,19,'NYCoyle St10003|NYCoyle St10003+NYAve V+10003'
-73.9368,40.6916,35,512,'NYLafayette Ave10003+NYDr Sandy Feay Blvd+10003|NYDr Sandy Feay Blvd10003|NYDr Sandy Feay Blvd10003+NYLewis Ave+10003'
-73.9368,40.7357,29,595,'NYVan Dam St10003+NYStarr Ave+10003'
-73.9367,40.7013,15,30,'NYMontieth St10003|NYMontieth St10003+NYBushwick Ave+10003'
-73.9367,40.8082,12,136,'NYE 130th St10003+NYPark Ave+10003|NYE 130 St10003+NYPark Ave+10003'
-73.9367,40.7500,28,61,'NYBridge Plz N10003|NYBridge Plz N10003+NY41st Ave+10003'
-73.9367,40.8198,35,103,'NYEsplanade Gardens Plz10003+NYW 144th St+10003|NYEsplanade Gardens Plz10003+NYW 144 St+10003|NYW 144th St10003|NYW 144th St10003+NYMalcolm X Blvd+10003|NYW 144th St10003+NYLenox Ave+10003|NYW 144 St10003|NYW 144 St10003+NYMalcolm X Blvd+10003|NYW 144 St10003+NYLenox Ave+10003'
-73.9367,40.7381,1,2,'NYBorden Ave10003+NY31st St+10003'
-73.9367,40.8372,0,79,'NYEdgecombe Ave10003+NYW 165th St+10003|NYEdgecombe Ave10003+NYW 165 St+10003|NYW 165th St10003|NYW 165th St10003+NYW 165 St+10003|NYW 165 St10003'
-73.9367,40.8140,79,426,'NYW 137 St10003|NYW 137 St10003+NY5 Ave+10003|NYW 137 St10003+NY5th Ave+10003|NY5 Ave10003+NYW 137th St+10003|NYW 137th St10003|NYW 137th St10003+NY5th Ave+10003'
-73.9367,40.8272,7,63,'NYW 153rd St10003+NYMacombs Pl+10003|NYW 153 St10003+NYMacombs Pl+10003'
-73.9367,40.8504,48,221,'NYBennett Ave10003|NYBennett Ave10003+NYW 181 St+10003|NYBennett Ave10003+NYW 181st St+10003'
-73.9367,40.7174,1,2,'NYSkillman Ave10003|NYSkillman Ave10003+NYMorgan Ave+10003'
-73.9367,40.8387,3,7,'NYJumel Pl10003|NYJumel Pl10003+NYW 167 St+10003|NYJumel Pl10003+NYW 167th St+10003'
-73.9366,40.6224,1,9,'NYKings Hwy10003+NYFlatbush Ave+10003'
-73.9366,40.7006,0,10,'NYForrest St10003|NYForrest St10003+NYGarden St+10003'
-73.9366,40.8429,5,65,'NYW 172nd St10003+NYAudubon Ave+10003|NYAudubon Ave10003+NYW 172 St+10003'
-73.9366,40.7739,5,22,'NY1st St10003|NY1st St10003+NYAstoria Blvd+10003|NYAstoria Blvd10003'
-73.9366,40.8574,7,457,'NYW 190th St10003|NYW 190th St10003+NYCabrini Blvd+10003|NYW 190 St10003|NYW 190 St10003+NYCabrini Blvd+10003'
-73.9366,40.8454,4,96,'NYW 175 St10003+NYSt Nicholas Ave+10003|NYW 175th St10003+NYSt Nicholas Ave+10003'
-73.9366,40.6031,0,1,'NYBragg St10003|NYBragg St10003+NYGerritsen Ave+10003'
-73.9366,40.5876,0,12,'NYVoorhies Ave10003+NYBatchelder St+10003'
-73.9365,40.7172,0,23,'NYSkillman Ave10003|NYSkillman Ave10003+NYMorgan Ave+10003'
-73.9365,40.7246,1,8,'NYI 27810001+NYPorter Ave+10001|NYBrooklyn Queens Expy10001+NYPorter Ave+10001'
-73.9365,40.6276,0,9,'NYAlbany Ave10003+NYAve J+10003'
-73.9365,40.7212,3,10,'NYVandervoort Ave10003+NYDivision Pl+10003'
-73.9365,40.8526,5,246,'NYOverlook Ter10003|NYOverlook Ter10003+NYW 184 St+10003|NYOverlook Ter10003+NYW 184th St+10003|NYW 184 St10003|NYW 184th St10003'
-73.9365,40.8057,27,26,'NYE 127th St10003+NYLexington Ave+10003|NYE 127 St10003+NYLexington Ave+10003'
-73.9365,40.8405,6,168,'NYW 169 St10003|NYW 169 St10003+NYAmsterdam Ave+10003|NYAmsterdam Ave10003+NYW 169th St+10003|NYW 169th St10003'
-73.9365,40.6449,0,1,'NYE 43rd St10003|NYE 43rd St10003+NYCortelyou Rd+10003'
-73.9364,40.7006,8,29,'NYForrest St10003+NYBushwick Ave+10003'
-73.9364,40.6121,0,4,'NYAve R10003+NYE 34th St+10003'
-73.9364,40.8479,10,111,'NYWadsworth Ave10003+NYW 178 St+10003|NYWadsworth Ave10003+NYW 178th St+10003'
-73.9364,40.7527,23,55,'NY28th St10003+NY40th Ave+10003'
-73.9364,40.8495,97,262,'NYBroadway10002+NYW 180 St+10002|NYBroadway10002+NYW 180th St+10002|NYUS Rte 910002+NYW 180 St+10002|NYUS Rte 910002+NYW 180th St+10002'
-73.9364,40.6976,38,276,'NYStockton St10003|NYStockton St10003+NYBroadway+10003'
-73.9364,40.6534,0,47,'NYTroy Ave10003+NYLinden Blvd+10003'
-73.9364,40.8379,1,12,'NYW 166 St10003|NYW 166 St10003+NYW 166th St+10003|NYW 166 St10003+NYEdgecombe Ave+10003|NYW 166th St10003|NYW 166th St10003+NYEdgecombe Ave+10003'
-73.9364,40.7005,8,36,'NYGarden St10003|NYGarden St10003+NYBushwick Ave+10003'
-73.9364,40.7669,2,5,'NY33rd Ave10003|NY33rd Ave10003+NY11th St+10003'
-73.9364,40.8172,12,272,'NYW 141st St10003|NYW 141st St10003+NYW 141 St+10003|NYW 141st St10003+NYChisum Pl+10003|NYW 141 St10003|NYW 141 St10003+NYChisum Pl+10003|NYChisum Pl10003'
-73.9364,40.7947,47,621,'NY1st Ave10003+NYE 114 St+10003|NY1st Ave10003+NYE 114th St+10003|NYE 114 St10003|NYE 114 St10003+NY1 Ave+10003|NYE 114 St10003+NYE 114th St+10003|NY1 Ave10003+NYE 114th St+10003|NYE 114th St10003'
-73.9364,40.7989,390,400,'NY2nd Ave10003+NYE 119 St+10003|NY2nd Ave10003+NYE 119th St+10003|NYE 119 St10003+NY2 Ave+10003|NYE 119th St10003+NY2 Ave+10003'
-73.9364,40.7245,0,3,'NYI 27810001+NYPorter Ave+10001|NYBrooklyn Queens Expy10001+NYPorter Ave+10001'
-73.9364,40.8538,6,316,'NYOverlook Ter10003+NYW 186 St+10003|NYOverlook Ter10003+NYW 186th St+10003|NYW 186 St10003|NYW 186th St10003'
-73.9364,40.7451,39,25,'NY30th Pl10003|NY30th Pl10003+NYThomson Ave+10003'
-73.9363,40.6440,0,21,'NYE 43rd St10003+NYClarendon Rd+10003'
-73.9363,40.6727,13,220,'NYPark Pl10003+NYTroy Ave+10003'
-73.9363,40.7403,5,12,'NY49th Ave10003+NY31st St+10003|NYHunters Point Ave10003+NY31st St+10003'
-73.9363,40.5865,0,3,'NYBatchelder St10003'
-73.9363,40.6206,0,1,'NYAve M10003|NYAve M10003+NYFlatlands Ave+10003|NYAve M10003+NYFlatland Ave+10003|NYFlatlands Ave10003|NYFlatlands Ave10003+NYFlatlands Ave+10003|NYFlatlands Ave10003+NYFlatland Ave+10003|NYFlatland Ave10003'
-73.9363,40.6247,0,5,'NYAlton Pl10003|NYAlton Pl10003+NYE 40th St+10003'
-73.9363,40.6258,0,3,'NYAve K10003+NYAlbany Ave+10003|NYAlbany Ave10003'
-73.9363,40.8030,44,496,'NY3rd Ave10003+NYE 124th St+10003|NY3 Ave10003+NYE 124th St+10003'
-73.9363,40.8254,3,52,'NYW 151st St10003+NY7th Ave+10003|NYW 151st St10003+NYAdam Clayton Powell Jr Blvd+10003|NY7th Ave10003+NYW 151 St+10003|NYW 151 St10003+NYAdam Clayton Powell Jr Blvd+10003'
-73.9363,40.6347,1,56,'NYGlenwood Rd10003|NYGlenwood Rd10003+NYE 42nd St+10003|NYGlenwood Rd10003+NYGlenwood Rd+10003|NYE 42nd St10003+NYGlenwood Rd+10003|NYE 42nd St10003+NYAve G+10003|NYGlenwood Rd10003+NYAve G+10003|NYAve G10003'
-73.9363,40.8593,3,4,'NYChittenden Ave10003|NYChittenden Ave10003+NYState Rte 9a+10003|NYChittenden Ave10003+NYHenry Hudson Pkwy+10003'
-73.9363,40.7350,9,35,'NYStarr Ave10003+NYGreenpoint Ave+10003'
-73.9363,40.8089,3,58,'NYE 131st St10003+NYPark Ave+10003|NYE 131 St10003+NYPark Ave+10003'
-73.9363,40.6736,1,11,'NYProspect Pl10003|NYProspect Pl10003+NYTroy Ave+10003'
-73.9363,40.7379,3,1,'NYBradley Ave10003|NYBradley Ave10003+NYI 495+10003|NYBradley Ave10003+NYQueens Midtown Expy+10003'
-73.9363,40.7639,5,61,'NY13th St10003|NY13th St10003+NY34th Ave+10003'
-73.9362,40.7059,11,242,'NYMcKibben St10003+NYSeigel Ct+10003|NYSeigel Ct10003'
-73.9362,40.8204,44,247,'NYEsplanade Gardens Plz10003|NYEsplanade Gardens Plz10003+NYW 145th St+10003|NYEsplanade Gardens Plz10003+NYEsplanade Gardens Plz+10003|NYW 145th St10003+NYMalcolm X Blvd+10003|NYW 145th St10003+NYLenox Ave+10003|NYW 145th St10003+NYEsplanade Gardens Plz+10003|NYMalcolm X Blvd10003|NYMalcolm X Blvd10003+NYEsplanade Gardens Plz+10003|NYLenox Ave10003|NYLenox Ave10003+NYEsplanade Gardens Plz+10003'
-73.9362,40.7378,5,6,'NYLong Island Expy10001+NYBradley Ave+10001|NYBradley Ave10003+NYI 495+10003|NYBradley Ave10003+NYQueens Midtown Expy+10003'
-73.9362,40.8381,0,3,'NYW 167 St10003|NYW 167 St10003+NYEdgecombe Ave+10003|NYW 167th St10003|NYW 167th St10003+NYEdgecombe Ave+10003'
-73.9362,40.7275,6,9,'NYBridgewater St10003+NYVarick St+10003|NYVarick St10003'
-73.9362,40.7578,13,24,'NY37th Ave10003+NY23rd St+10003'
-73.9362,40.8147,104,548,'NYW 138 St10003|NYW 138 St10003+NYE 138 St+10003|NYW 138 St10003+NYE 138th St+10003|NYW 138 St10003+NY5 Ave+10003|NYW 138 St10003+NY5th Ave+10003|NYE 138 St10003|NYE 138 St10003+NYW 138th St+10003|NYE 138 St10003+NY5 Ave+10003|NYE 138 St10003+NY5th Ave+10003|NYW 138th St10003|NYW 138th St10003+NYE 138th St+10003|NYW 138th St10003+NY5 Ave+10003|NYW 138th St10003+NY5th Ave+10003|NYE 138th St10003|NYE 138th St10003+NY5 Ave+10003|NYE 138th St10003+NY5th Ave+10003'
-73.9362,40.6994,9,32,'NYBelvidere St10003|NYBelvidere St10003+NYBeaver St+10003'
-73.9362,40.7206,0,5,'NYVandervoort Ave10003+NYRichardson St+10003|NYRichardson St10003'
-73.9362,40.6011,0,3,'NYAve U10003|NYAve U10003+NYBragg St+10003|NYAve U10003+NYAve U+10003|NYBragg St10003+NYAve U+10003'
-73.9362,40.8482,3,26,'NYWadsworth Ave10003+NYTransmanhattan Expy+10003'
-73.9362,40.7243,4,10,'NYCherry St10003+NYPorter Ave+10003'
-73.9362,40.7677,4,18,'NYVernon Blvd10003+NYBroadway+10003|NYBroadway10003'
-73.9362,40.6515,0,10,'NYChurch Ave10003+NYTroy Ave+10003'
-73.9362,40.7497,376,123,'NYQueens Plz E10002|NYQueens Plz E10002+NYNorthern Blvd+10002|NYQueens Plz E10002+NY41st Ave+10002|NYNorthern Blvd10002|NYNorthern Blvd10002+NY41st Ave+10002|NYNorthern Blvd10002+NYNorthern Blvd+10002|NY41st Ave10003+NYNorthern Blvd+10003'
-73.9362,40.6333,0,2,'NYE 42nd St10003'
-73.9362,40.7756,0,31,'NY1st St10003+NY27th Ave+10003|NY27th Ave10003'
-73.9361,40.6603,1,6,'NYRutland Rd10003+NYE 45th St+10003|NYE 45th St10003'
-73.9361,40.7517,0,129,'NY40th Rd10003|NY40th Rd10003+NY29th St+10003'
-73.9361,40.6219,1,4,'NYFlatbush Ave10003+NYLott Pl+10003|NYLott Pl10003'
-73.9361,40.8436,2,91,'NYW 173rd St10003+NYAudubon Ave+10003|NYW 173 St10003+NYAudubon Ave+10003'
-73.9361,40.6039,0,3,'NYStuart St10003+NYAve T+10003|NYAve T10003'
-73.9361,40.6753,6,13,'NYTroy Ave10003+NYBergen St+10003'
-73.9361,40.8461,2,90,'NYW 176 St10003+NYSt Nicholas Ave+10003|NYW 176th St10003+NYSt Nicholas Ave+10003'
-73.9361,40.5789,0,2,'NYQuentin St10003'
-73.9361,40.6184,0,1,'NYLotts Ln10003|NYLotts Ln10003+NYKimball St+10003'
-73.9361,40.7000,12,24,'NYNoll St10003|NYNoll St10003+NYBushwick Ave+10003'
-73.9361,40.5900,0,2,'NYFord St10003|NYFord St10003+NYAve Z+10003'
-73.9361,40.6151,0,11,'NYE 37th St10003+NYAve Q+10003|NYE 37th St10003+NYQuentin Rd+10003|NYAve Q10003|NYAve Q10003+NYQuentin Rd+10003|NYQuentin Rd10003|NYQuentin Rd10003+NYQuentin Rd+10003'
-73.9361,40.7264,3,30,'NYVarick St10003+NYNassau Ave+10003|NYNassau Ave10003'
-73.9360,40.6095,0,19,'NYFillmore Ave10003+NYE 32nd St+10003'
-73.9360,40.6324,0,5,'NYAve H10003+NYE 42nd St+10003|NYE 42nd St10003'
-73.9360,40.8411,3,92,'NYW 170th St10003+NYAmsterdam Ave+10003|NYAmsterdam Ave10003+NYW 170 St+10003'
-73.9360,40.8395,0,1,'NYJumel Pl10003+NYW 168th St+10003|NYJumel Pl10003+NYW 168 St+10003|NYW 168th St10003|NYW 168 St10003'
-73.9360,40.8549,9,372,'NYOverlook Ter10003+NYW 187 St+10003|NYOverlook Ter10003+NYW 187th St+10003'
-73.9360,40.5849,0,2,'NYGunnison Ct10003|NYGunnison Ct10003+NYBatchelder St+10003'
-73.9360,40.7375,0,4,'NYBradley Ave10003+NY31st St+10003|NY31st St10003'
-73.9360,40.6879,56,794,'NYLewis Ave10003+NYGates Ave+10003'
-73.9360,40.8121,72,1272,'NYE 135 St10003+NYMadison Ave+10003|NYMadison Ave10003+NYE 135th St+10003'
-73.9360,40.8063,31,78,'NYE 128th St10003+NYLexington Ave+10003|NYE 128th St10003+NYE 128th St+10003|NYE 128 St10003+NYLexington Ave+10003|NYE 128 St10003+NYE 128th St+10003|NYLexington Ave10003|NYLexington Ave10003+NYE 128th St+10003|NYLexington Ave10003+NYLexington Ave+10003|NYE 128th St10003'
-73.9360,40.7543,31,695,'NY39th Ave10003+NY27th St+10003'
-73.9360,40.6974,122,488,'NYBroadway10003+NYMelrose St+10003|NYMelrose St10003'
-73.9360,40.7659,0,1,'NY33rd Rd10003|NY33rd Rd10003+NY12th St+10003'
-73.9360,40.7052,15,163,'NYSeigel St10003+NYSeigel Ct+10003|NYSeigel Ct10003'
-73.9360,40.6761,1,9,'NYDean St10003+NYTroy Ave+10003'
-73.9360,40.6498,0,1,'NYTroy Ave10003+NYSnyder Ave+10003'
-73.9360,40.8178,5,101,'NYChisum Pl10003|NYChisum Pl10003+NYW 142 St+10003|NYChisum Pl10003+NYW 142nd St+10003'
-73.9359,40.7676,8,64,'NY11th St10003|NY11th St10003+NYBroadway+10003|NY11th St10003+NYVernon Blvd+10003|NYBroadway10003+NYVernon Blvd+10003|NYVernon Blvd10003'
-73.9359,40.7678,0,22,'NYVernon Blvd10003|NYVernon Blvd10003+NYVernon Blvd+10003'
-73.9359,40.8485,8,99,'NYW 179 St10003+NYWadsworth Ave+10003|NYWadsworth Ave10003+NYW 179th St+10003'
-73.9359,40.6769,6,29,'NYPacific St10003+NYTroy Ave+10003'
-73.9359,40.7953,147,815,'NYE 115 St10003+NY1st Ave+10003|NYE 115 St10003+NY1 Ave+10003|NY1st Ave10003+NYE 115th St+10003|NYE 115th St10003+NY1 Ave+10003'
-73.9359,40.7996,167,345,'NYE 120th St10003+NY2nd Ave+10003|NYE 120th St10003+NY2 Ave+10003|NY2nd Ave10003+NYE 120 St+10003|NYE 120 St10003+NY2 Ave+10003'
-73.9359,40.5943,0,5,'NYAve X10003+NYCoyle St+10003|NYCoyle St10003'
-73.9359,40.7073,0,7,'NYWhite St10003|NYWhite St10003+NYJohnson Ave+10003'
-73.9359,40.6580,0,1,'NYWinthrop St10003+NYE 45th St+10003|NYE 45th St10003'
-73.9359,40.7199,0,2,'NYVandervoort Ave10003+NYFrost St+10003|NYFrost St10003'
-73.9359,40.7595,11,49,'NY22nd St10003|NY22nd St10003+NY36th Ave+10003'
-73.9359,40.5840,0,2,'NYEmmons Ave10003+NYBatchelder St+10003|NYBatchelder St10003'
-73.9359,40.7343,1,24,'NY37th St10003+NYStarr Ave+10003|NYStarr Ave10003'
-73.9358,40.7379,7,6,'NYI 49510001+NY31st Pl+10001|NYLong Island Expy10001+NY31st Pl+10001|NYQueens Midtown Expy10001+NY31st Pl+10001|NY31st Pl10003'
-73.9358,40.8261,3,14,'NY7th Ave10003+NYW 152 St+10003|NY7th Ave10003+NYW 152nd St+10003|NYW 152 St10003+NYAdam Clayton Powell Jr Blvd+10003|NYW 152nd St10003+NYAdam Clayton Powell Jr Blvd+10003'
-73.9358,40.7686,3,79,'NY31st Dr10003|NY31st Dr10003+NYVernon Blvd+10003'
-73.9358,40.8095,11,73,'NYE 132nd St10003|NYE 132nd St10003+NYPark Ave+10003|NYPark Ave10003+NYE 132 St+10003|NYE 132 St10003'
-73.9358,40.8037,174,321,'NYMartin Luther King Blvd10003+NY3rd Ave+10003|NYMartin Luther King Blvd10003+NY3 Ave+10003|NYDr Martin Luther King Jr Blvd10003+NY3rd Ave+10003|NYDr Martin Luther King Jr Blvd10003+NY3 Ave+10003|NYE 125th St10003+NY3rd Ave+10003|NYE 125th St10003+NY3 Ave+10003|NY3rd Ave10003+NYE 125 St+10003|NYE 125 St10003+NY3 Ave+10003'
-73.9358,40.7117,24,153,'NYTen Eyck St10003+NYBogart St+10003|NYBogart St10003'
-73.9358,40.7380,5,6,'NYBorden Ave10003+NY31st Pl+10003'
-73.9358,40.7558,200,249,'NY38th Ave10003+NY25th St+10003|NY38th Ave10003+NYCrescent St+10003'
-73.9358,40.5840,0,1,'NYShale St10003|NYShale St10003+NYEmmons Ave+10003'
-73.9358,40.7156,6,32,'NYSharon St10003|NYSharon St10003+NYMorgan Ave+10003'
-73.9358,40.8276,1,19,'NYW 154th St10003|NYW 154th St10003+NYMacombs Pl+10003|NYMacombs Pl10003|NYMacombs Pl10003+NYW 154 St+10003|NYMacombs Pl10003+NYMacombs Pl+10003|NYW 154 St10003|NYW 154 St10003+NYMacombs Pl+10003'
-73.9358,40.8153,54,823,'NYE 139th St10003|NYE 139th St10003+NYW 139th St+10003|NYE 139th St10003+NYW 139 St+10003|NYE 139th St10003+NY5 Ave+10003|NYE 139th St10003+NY5th Ave+10003|NYE 139th St10003+NYE 139 St+10003|NYW 139th St10003|NYW 139th St10003+NY5 Ave+10003|NYW 139th St10003+NY5th Ave+10003|NYW 139th St10003+NYE 139 St+10003|NYW 139 St10003|NYW 139 St10003+NY5 Ave+10003|NYW 139 St10003+NY5th Ave+10003|NYW 139 St10003+NYE 139 St+10003|NY5 Ave10003+NYE 139 St+10003|NY5th Ave10003+NYE 139 St+10003|NYE 139 St10003'
-73.9358,40.8502,136,261,'NYBroadway10002+NYW 181 St+10002|NYBroadway10002+NYW 181st St+10002|NYUS Rte 910002+NYW 181 St+10002|NYUS Rte 910002+NYW 181st St+10002'
-73.9357,40.8211,12,142,'NYW 146 St10003|NYW 146 St10003+NYEsplanade Gardens Plz+10003|NYW 146th St10003|NYW 146th St10003+NYEsplanade Gardens Plz+10003'
-73.9357,40.7772,0,1,'NY26th Ave10003'
-73.9357,40.6181,0,1,'NYAve P10003+NYKimball St+10003'
-73.9357,40.6125,0,6,'NYAve R10003+NYE 35th St+10003'
-73.9357,40.6563,0,14,'NYE 45th St10003|NYE 45th St10003+NYClarkson Ave+10003'
-73.9357,40.8415,2,57,'NYAmsterdam Ave10003+NYEdgecombe Ave+10003|NYEdgecombe Ave10003'
-73.9357,40.8523,10,369,'NYW 184 St10003+NYBennett Ave+10003|NYBennett Ave10003+NYW 184th St+10003'
-73.9357,40.8351,1,10,'NYHarlem River Dr10003+NYHarlem River Dr+10003|NYW 159th St10003+NYHarlem River Dr+10003|NYHarlem River Dr10003'
-73.9357,40.7067,0,7,'NYWhite St10003+NYBoerum St+10003|NYBoerum St10003'
-73.9357,40.7066,6,85,'NYWhite St10003+NYBoerum St+10003|NYBoerum St10003'
-73.9357,40.7153,0,16,'NYMetropolitan Ave10003|NYMetropolitan Ave10003+NYCalhoun St+10003|NYMetropolitan Ave10003+NYMorgan Ave+10003|NYCalhoun St10003|NYCalhoun St10003+NYMorgan Ave+10003'
-73.9357,40.8442,1,59,'NYW 174 St10003+NYAudubon Ave+10003|NYAudubon Ave10003+NYW 174th St+10003'
-73.9356,40.7369,10,231,'NYBradley Ave10003+NYVan Dam St+10003|NYBradley Ave10003+NY34th St+10003|NYVan Dam St10003+NY34th St+10003'
-73.9356,40.5877,1,0,'NYFord St10003+NYVoorhies Ave+10003'
-73.9356,40.8467,8,116,'NYW 177th St10003+NYSt Nicholas Ave+10003|NYW 177 St10003+NYSt Nicholas Ave+10003'
-73.9356,40.7523,46,262,'NY29th St10003+NY40th Ave+10003'
-73.9356,40.7152,1,11,'NYSharon St10003|NYSharon St10003+NYMorgan Ave+10003'
-73.9356,40.6236,0,9,'NYKings Hwy10003+NYOverbaugh Pl+10003|NYOverbaugh Pl10003'
-73.9356,40.7192,0,6,'NYVandervoort Ave10003+NYWithers St+10003|NYWithers St10003'
-73.9356,40.8571,67,1442,'NYW 190th St10003+NYFort Washington Ave+10003|NYW 190 St10003+NYFort Washington Ave+10003'
-73.9356,40.6789,3,27,'NYHerkimer St10003+NYTroy Ave+10003'
-73.9356,40.7230,0,5,'NYLombardy St10003+NYPorter Ave+10003'
-73.9356,40.8417,3,93,'NYAmsterdam Ave10003+NYW 171 St+10003|NYAmsterdam Ave10003+NYW 171st St+10003|NYW 171 St10003|NYW 171st St10003'
-73.9356,40.6804,2,55,'NYBainbridge St10003'
-73.9356,40.8069,28,34,'NYE 129 St10003|NYE 129 St10003+NYLexington Ave+10003|NYE 129 St10003+NYE 128th St+10003|NYE 129 St10003+NYE 129th St+10003|NYE 129th St10003|NYE 129th St10003+NYLexington Ave+10003|NYE 129th St10003+NYE 128th St+10003|NYE 129th St10003+NYE 129th St+10003|NYLexington Ave10003+NYE 128th St+10003|NYLexington Ave10003+NYE 129th St+10003|NYE 128th St10003|NYE 128th St10003+NYE 129th St+10003'
-73.9355,40.6277,0,5,'NYAve J10003+NYE 42nd St+10003'
-73.9355,40.6450,0,3,'NYTroy Ave10003|NYTroy Ave10003+NYCortelyou Rd+10003'
-73.9355,40.8491,2,42,'NYWadsworth Ave10003+NYW 180 St+10003|NYWadsworth Ave10003+NYW 180th St+10003'
-73.9355,40.6991,28,141,'NYArion Pl10003|NYArion Pl10003+NYBeaver St+10003|NYArion Pl10003+NYBushwick Ave+10003|NYBeaver St10003|NYBeaver St10003+NYBushwick Ave+10003'
-73.9355,40.8251,0,6,'NYW 151st St10003|NYW 151 St10003'
-73.9355,40.6239,1,5,'NYKings Hwy10003+NYE 40th St+10003'
-73.9355,40.5840,0,2,'NYEmmons Ave10003|NYEmmons Ave10003+NYEmmons Ave+10003'
-73.9354,40.7401,1,2,'NY49th Ave10003+NY31st Pl+10003|NYHunters Point Ave10003+NY31st Pl+10003'
-73.9354,40.7919,15,17,'NYE River Dr10002|NYE River Dr10002+NYE 111th St+10002|NYE River Dr10002+NYE River Dr+10002|NYE River Dr10002+NYE 111 St+10002|NYE 111th St10003|NYE 111th St10003+NYF D R Dr+10003|NYE 111th St10003+NYE River Dr+10003|NYE 111th St10003+NYE 111 St+10003|NYE 111th St10003+NYE 111th St+10003|NYF D R Dr10002|NYF D R Dr10002+NYE River Dr+10002|NYF D R Dr10002+NYE 111 St+10002|NYF D R Dr10002+NYE 111th St+10002|NYE River Dr10003|NYE River Dr10003+NYE 111 St+10003|NYE River Dr10003+NYE 111th St+10003|NYE 111 St10003'
-73.9354,40.7736,1,8,'NYAstoria Blvd10003'
-73.9354,40.8508,14,64,'NYBroadway10002+NYW 182nd St+10002|NYBroadway10002+NYW 182 St+10002|NYUS Rte 910002+NYW 182nd St+10002|NYUS Rte 910002+NYW 182 St+10002|NYW 182nd St10003|NYW 182 St10003'
-73.9354,40.6535,0,15,'NYLinden Blvd10002+NYE 45th St+10002'
-73.9354,40.7450,31,33,'NYThomson Ave10003+NY31st St+10003|NY31st St10003'
-73.9354,40.7635,7,202,'NY34th Ave10003+NY14th St+10003|NY14th St10003'
-73.9354,40.7960,612,1667,'NYE 116th St10003|NYE 116th St10003+NYLuis Munos Marin Blvd+10003|NYE 116th St10003+NYE 116 St+10003|NYE 116th St10003+NYE 116th St+10003|NYE 116th St10003+NY1st Ave+10003|NYE 116th St10003+NY1 Ave+10003|NYLuis Munos Marin Blvd10003|NYLuis Munos Marin Blvd10003+NY1st Ave+10003|NYLuis Munos Marin Blvd10003+NY1 Ave+10003|NYE 116 St10003|NYE 116 St10003+NY1st Ave+10003|NYE 116 St10003+NY1 Ave+10003'
-73.9354,40.7771,1,13,'NY1st St10003|NY1st St10003+NY26th Ave+10003'
-73.9354,40.7259,1,5,'NYVarick St10003|NYVarick St10003+NYVarick Ave+10003|NYVarick St10003+NYMeeker Ave+10003|NYVarick Ave10003|NYVarick Ave10003+NYMeeker Ave+10003'
-73.9354,40.8267,1,17,'NYW 153rd St10003+NYAdam C Powell Blvd+10003|NYW 153rd St10003+NY7th Ave+10003|NYW 153rd St10003+NYAdam Clayton Powell Jr Blvd+10003|NYAdam C Powell Blvd10003|NYAdam C Powell Blvd10003+NYW 153 St+10003|NYAdam C Powell Blvd10003+NY7th Ave+10003|NYW 153 St10003+NY7th Ave+10003|NYW 153 St10003+NYAdam Clayton Powell Jr Blvd+10003|NY7th Ave10003'
-73.9354,40.8317,12,178,'NYHarlem River Dr10003|NYHarlem River Dr10003+NY8th Ave+10003|NYHarlem River Dr10003+NYFrederick Douglass Blvd+10003'
-73.9354,40.7494,35,26,'NY41st Ave10003'
-73.9354,40.7614,212,250,'NY35th Ave10003+NY21st St+10003'
-73.9354,40.6441,0,13,'NYTroy Ave10003+NYClarendon Rd+10003'
-73.9354,40.6212,0,3,'NYFlatbush Ave10003+NYFlatlands Ave+10003'
-73.9354,40.8002,151,66,'NY2nd Ave10003+NYE 121 St+10003|NY2nd Ave10003+NYE 121st St+10003|NYE 121 St10003|NYE 121 St10003+NY2 Ave+10003|NY2 Ave10003+NYE 121st St+10003|NYE 121st St10003'
-73.9354,40.6348,0,9,'NYGlenwood Rd10003+NYE 43rd St+10003|NYE 43rd St10003+NYAve G+10003'
-73.9353,40.6258,1,9,'NYAve K10003+NYE 42nd St+10003|NYE 42nd St10003'
-73.9353,40.6156,0,3,'NYQuentin Rd10003+NYE 38th St+10003'
-73.9353,40.6015,0,1,'NYBrigham St10003|NYBrigham St10003+NYAve U+10003'
-73.9353,40.7023,40,40,'NYStanwix St10003|NYStanwix St10003+NYFlushing Ave+10003'
-73.9353,40.8217,7,167,'NYW 147 St10003|NYW 147 St10003+NYEsplanade Gardens Plz+10003|NYW 147th St10003|NYW 147th St10003+NYEsplanade Gardens Plz+10003|NYEsplanade Gardens Plz10003'
-73.9353,40.6100,0,6,'NYE 33rd St10003+NYFillmore Ave+10003'
-73.9353,40.8044,9,68,'NYE 126th St10003+NY3rd Ave+10003|NYE 126th St10003+NY3 Ave+10003|NY3rd Ave10003+NYE 126 St+10003|NYE 126 St10003+NY3 Ave+10003'
-73.9353,40.5860,0,4,'NYFord St10003'
-73.9353,40.8405,3,6,'NYJumel Pl10003|NYJumel Pl10003+NYW 170th St+10003|NYJumel Pl10003+NYW 170 St+10003|NYJumel Pl10003+NYEdgecombe Ave+10003|NYW 170th St10003|NYW 170th St10003+NYEdgecombe Ave+10003|NYW 170 St10003|NYW 170 St10003+NYEdgecombe Ave+10003'
-73.9353,40.8331,2,21,'NY8th Ave10003|NYFrederick Douglass Blvd10003'
-73.9353,40.7145,28,98,'NYMetropolitan Ave10003+NYMorgan Ave+10003'
-73.9353,40.7185,1,4,'NYVandervoort Ave10003+NYJackson St+10003|NYJackson St10003'
-73.9353,40.7753,2,33,'NY27th Ave10003+NY2nd St+10003|NY2nd St10003'
-73.9353,40.7223,0,39,'NYPorter Ave10003+NYBeadel St+10003|NYBeadel St10003'
-73.9353,40.7918,2,1,'NYE 111th St10003+NYF D R Dr+10003|NYE 111th St10003+NYE River Dr+10003|NYF D R Dr10002+NYE River Dr+10002|NYE River Dr10002|NYE River Dr10002+NYE River Dr+10002|NYE River Dr10003'
-73.9353,40.8277,2,15,'NYAdam C Powell Blvd10003+NYMacombs Pl+10003|NYMacombs Pl10003|NYMacombs Pl10003+NY7th Ave+10003|NY7th Ave10003'
-73.9353,40.6011,1,1,'NYBrigham St10003+NYAve U+10003'
-73.9352,40.7539,6,142,'NY39th Ave10003+NY28th St+10003'
-73.9352,40.7695,16,403,'NYVernon Blvd10003+NY31st Ave+10003|NY31st Ave10003'
-73.9352,40.8296,1,50,'NYHarlem River Dr10003'
-73.9352,40.6970,299,401,'NYMyrtle Ave10003+NYBroadway+10003|NYMyrtle Ave10003+NYJefferson St+10003|NYBroadway10003+NYJefferson St+10003|NYJefferson St10003'
-73.9352,40.6515,0,10,'NYChurch Ave10003+NYE 45th St+10003'
-73.9352,40.6604,0,1,'NYRutland Rd10003+NYE 46th St+10003|NYE 46th St10003'
-73.9352,40.8283,0,9,'NYW 155th St10003+NYHarlem River Dr+10003|NYHarlem River Dr10003|NYHarlem River Dr10003+NYW 155 St+10003'
-73.9352,40.7362,3,28,'NYBradley Ave10003+NY35th St+10003'
-73.9352,40.8448,0,97,'NYAudubon Ave10003+NYW 175 St+10003|NYAudubon Ave10003+NYW 175th St+10003'
-73.9352,40.8474,9,130,'NYW 178 St10003+NYSt Nicholas Ave+10003|NYW 178th St10003+NYSt Nicholas Ave+10003'
-73.9352,40.6995,3,15,'NYRenaissance Ct10003'
-73.9351,40.8423,3,51,'NYW 172nd St10003|NYW 172nd St10003+NYAmsterdam Ave+10003|NYAmsterdam Ave10003+NYW 172 St+10003|NYW 172 St10003'
-73.9351,40.8535,10,479,'NYBennett Ave10003+NYW 186 St+10003|NYBennett Ave10003+NYW 186th St+10003'
-73.9351,40.8075,3,35,'NYLexington Ave10003|NYLexington Ave10003+NYLexington Ave+10003|NYLexington Ave10003+NYE 130th St+10003|NYLexington Ave10003+NYE 129th St+10003|NYLexington Ave10003+NYE 130 St+10003|NYE 130th St10003|NYE 130th St10003+NYE 129th St+10003|NYE 129th St10003|NYE 129th St10003+NYE 130 St+10003|NYE 130 St10003'
-73.9351,40.5901,0,3,'NYAve Z10003|NYAve Z10003+NYCoyle St+10003'
-73.9351,40.8105,8,26,'NYPark Ave10003|NYPark Ave10003+NYPark Ave+10003'
-73.9351,40.8514,26,235,'NYBroadway10002+NYW 183 St+10002|NYBroadway10002+NYW 183rd St+10002|NYUS Rte 910002+NYW 183 St+10002|NYUS Rte 910002+NYW 183rd St+10002|NYW 183 St10003|NYW 183rd St10003'
-73.9351,40.7591,12,83,'NY23rd St10003|NY23rd St10003+NY36th Ave+10003'
-73.9350,40.7217,0,2,'NYPorter Ave10003|NYPorter Ave10003+NYDivision Pl+10003|NYDivision Pl10003'
-73.9350,40.6778,5,14,'NYHattie Jones Pl10003'
-73.9350,40.7554,11,53,'NY38th Ave10003+NY27th St+10003'
-73.9350,40.6017,0,4,'NYAve U10003+NYGerritsen Ave+10003'
-73.9350,40.8257,1,5,'NYW 152 St10003|NYW 152nd St10003'
-73.9350,40.6498,0,4,'NYE 45th St10003+NYSnyder Ave+10003'
-73.9350,40.6186,0,1,'NYColeman St10003+NYAve P+10003'
-73.9350,40.6209,0,1,'NYAve M10003|NYAve M10003+NYFlatbush Ave+10003'
-73.9350,40.7178,2,4,'NYVandervoort Ave10003+NYSkillman Ave+10003|NYSkillman Ave10003'
-73.9350,40.7377,39,67,'NYVan Dam St10003+NYLong Island Expy+10003|NYVan Dam St10003+NYQueens Midtown Expy+10003'
-73.9350,40.6130,0,12,'NYAve R10003+NYE 36th St+10003'
-73.9350,40.8498,7,48,'NYWadsworth Ave10003+NYW 181 St+10003|NYWadsworth Ave10003+NYW 181st St+10003'
-73.9350,40.6226,0,7,'NYHarden St10003|NYHarden St10003+NYLott Pl+10003'
-73.9350,40.6581,0,3,'NYWinthrop St10003+NYE 46th St+10003|NYE 46th St10003'
-73.9350,40.7137,101,161,'NYDevoe St10003|NYDevoe St10003+NYMorgan Ave+10003'
-73.9349,40.5944,0,2,'NYBragg St10003+NYAve X+10003'
-73.9349,40.7159,0,1,'NYSharon St10003'
-73.9349,40.8477,1,61,'NYUS Rte 110001+NYSt Nicholas Ave+10001|NYI 9510001+NYSt Nicholas Ave+10001|NYTransmanhattan Expy10001+NYSt Nicholas Ave+10001'
-73.9349,40.7670,16,267,'NY12th St10003+NYBroadway+10003'
-73.9349,40.5840,1,4,'NYEmmons Ave10003+NYFord St+10003|NYFord St10003'
-73.9349,40.6788,0,11,'NYHattie Jones Pl10003|NYHattie Jones Pl10003+NYHerkimer St+10003'
-73.9349,40.8008,236,166,'NYE 122 St10003|NYE 122 St10003+NY2nd Ave+10003|NYE 122 St10003+NY2 Ave+10003|NY2nd Ave10003+NYE 122nd St+10003|NYE 122nd St10003|NYE 122nd St10003+NY2 Ave+10003'
-73.9349,40.7967,155,785,'NYE 117 St10003+NY1st Ave+10003|NYE 117 St10003+NY1 Ave+10003|NY1st Ave10003+NYE 117th St+10003|NYE 117th St10003+NY1 Ave+10003'
-73.9349,40.7661,1,7,'NY33rd Ave10003+NY13th St+10003|NY13th St10003'
-73.9349,40.6487,0,1,'NYE 45th St10003'
-73.9349,40.8361,2,9,'NYHarlem River Dr10003|NYW 159th St10003'
-73.9349,40.8282,12,79,'NYW 155th St10003+NYMacombs Pl+10003|NYMacombs Pl10003|NYMacombs Pl10003+NYW 155 St+10003'
-73.9349,40.8165,14,168,'NYW 141st St10003|NYW 141st St10003+NYW 141 St+10003|NYW 141st St10003+NY5 Ave+10003|NYW 141st St10003+NY5th Ave+10003|NYW 141 St10003|NYW 141 St10003+NY5 Ave+10003|NYW 141 St10003+NY5th Ave+10003'
-73.9349,40.6796,5,17,'NYFulton St10003+NYTroy Ave+10003|NYFulton St10003+NYChauncey St+10003|NYTroy Ave10003|NYTroy Ave10003+NYChauncey St+10003|NYChauncey St10003'
-73.9349,40.7096,5,46,'NYScholes St10003+NYBogart St+10003'
-73.9349,40.8050,3,10,'NYE 127th St10003+NY3rd Ave+10003|NYE 127th St10003+NY3 Ave+10003|NY3rd Ave10003+NYE 127 St+10003|NY3 Ave10003+NYE 127 St+10003'
-73.9349,40.6301,1,36,'NYE 43rd St10003+NYAve I+10003'
-73.9349,40.8281,1,5,'NYAdam C Powell Blvd10003|NYAdam C Powell Blvd10003+NYMacombs Pl+10003|NYAdam C Powell Blvd10003+NYMacombs Dam Brg+10003|NY7th Ave10003+NYMacombs Pl+10003|NYMacombs Pl10003+NYAdam Clayton Powell Jr Blvd+10003|NYMacombs Dam Brg10003|NYMacombs Dam Brg10003+NYAdam Clayton Powell Jr Blvd+10003|NYAdam Clayton Powell Jr Blvd10003'
-73.9349,40.7916,4,5,'NYE 111th St10003'
-73.9349,40.6244,1,7,'NYKings Hwy10003+NYE 41st St+10003|NYE 41st St10003'
-73.9348,40.8141,7,152,'NYHarlem River Dr10003|NYHarlem River Dr10003+NYE 138 St+10003|NYHarlem River Dr10003+NYE 138th St+10003'
-73.9348,40.7398,13,12,'NYGale Ave10003|NYGale Ave10003+NY49th Ave+10003|NYGale Ave10003+NYHunters Point Ave+10003'
-73.9348,40.8264,1,4,'NYW 153rd St10003|NYW 153 St10003'
-73.9348,40.6967,144,125,'NYBroadway10003+NYStuyvesant Ave+10003|NYStuyvesant Ave10003'
-73.9348,40.7011,1,7,'NYForrest St10003|NYForrest St10003+NYStanwix St+10003|NYStanwix St10003'
-73.9348,40.8116,5,35,'NYE 135 St10003|NYE 135 St10003+NYPark Ave+10003|NYE 135 St10003+NYE 135th St+10003|NYPark Ave10003+NYE 135th St+10003|NYE 135th St10003|NYE 135th St10003+NYE 135th St+10003'
-73.9348,40.6564,0,7,'NYE 46th St10003|NYE 46th St10003+NYClarkson Ave+10003'
-73.9348,40.7356,15,276,'NYBradley Ave10003+NYGreenpoint Ave+10003'
-73.9348,40.8521,66,286,'NYBroadway10002+NYW 184 St+10002|NYBroadway10002+NYW 184th St+10002|NYW 184 St10003+NYUS Rte 9+10003|NYUS Rte 910002+NYW 184th St+10002'
-73.9348,40.6987,85,182,'NYMelrose St10003+NYBushwick Ave+10003'
-73.9347,40.7520,31,150,'NY30th St10003|NY30th St10003+NY40th Ave+10003'
-73.9347,40.7510,204,460,'NY40th Rd10003|NY40th Rd10003+NYNorthern Blvd+10003|NY40th Rd10003+NYState Hwy 25 Alt+10003|NY40th Rd10003+NYQueens Plz E+10003|NYNorthern Blvd10002|NYNorthern Blvd10002+NYNorthern Blvd+10002|NYState Hwy 25 Alt10002|NYState Hwy 25 Alt10002+NYNorthern Blvd+10002|NYNorthern Blvd10002+NYQueens Plz E+10002|NYQueens Plz E10002'
-73.9347,40.7250,5,8,'NYI 27810001+NYVarick Ave+10001|NYBrooklyn Queens Expy10001+NYVarick Ave+10001'
-73.9347,40.8569,7,462,'NYOverlook Ter10003|NYOverlook Ter10003+NYW 190th St+10003|NYOverlook Ter10003+NYW 190 St+10003|NYW 190th St10003|NYW 190 St10003'
-73.9347,40.6963,19,70,'NYVernon Ave10003+NYStuyvesant Ave+10003'
-73.9347,40.8480,6,134,'NYW 179 St10003+NYSt Nicholas Ave+10003|NYW 179th St10003+NYSt Nicholas Ave+10003'
-73.9347,40.8455,6,89,'NYW 176 St10003+NYAudubon Ave+10003|NYAudubon Ave10003+NYW 176th St+10003'
-73.9347,40.7249,4,8,'NYI 27810001+NYVarick Ave+10001|NYBrooklyn Queens Expy10001|NYBrooklyn Queens Expy10001+NYVarick Ave+10001|NYBrooklyn Queens Expy10001+NYKosciuszko Brg+10001|NYBrooklyn Queens Expy10001+NYBrooklyn Queens Expy+10001|NYVarick Ave10003+NYKosciuszko Brg+10003|NYVarick Ave10003+NYBrooklyn Queens Expy+10003|NYKosciuszko Brg10001'
-73.9347,40.8281,0,4,'NYW 155th St10003|NYW 155th St10003+NYMacombs Dam Brg+10003|NYW 155 St10003|NYW 155 St10003+NYMacombs Dam Brg+10003'
-73.9347,40.8430,4,68,'NYW 173rd St10003|NYW 173rd St10003+NYAmsterdam Ave+10003|NYAmsterdam Ave10003+NYW 173 St+10003|NYW 173 St10003'
-73.9347,40.5878,0,4,'NYVoorhies Ave10003+NYCoyle St+10003'
-73.9347,40.8082,4,16,'NYE 131st St10003|NYE 131st St10003+NYLexington Ave+10003|NYE 131 St10003|NYE 131 St10003+NYLexington Ave+10003|NYLexington Ave10003'
-73.9346,40.6160,0,6,'NYRyder St10003+NYQuentin Rd+10003'
-73.9346,40.7569,96,97,'NYCrescent St10003|NYCrescent St10003+NY25th St+10003|NYCrescent St10003+NYCrescent St+10003|NYCrescent St10003+NY37th Ave+10003|NY25th St10003|NY25th St10003+NY37th Ave+10003'
-73.9346,40.7394,45,36,'NYVan Dam St10003+NYGale Ave+10003'
-73.9346,40.8140,1,4,'NYE 138 St10003|NYE 138 St10003+NYPark Ave+10003|NYE 138 St10003+NYE 138th St+10003|NYE 138 St10003+NYMadison Ave+10003|NYPark Ave10003+NYE 138th St+10003|NYPark Ave10003+NYMadison Ave+10003|NYE 138th St10003|NYE 138th St10003+NYE 138th St+10003|NYE 138th St10003+NYMadison Ave+10003'
-73.9346,40.6104,0,4,'NYFillmore Ave10003+NYE 34th St+10003'
-73.9346,40.7248,5,6,'NYCherry St10003+NYVarick Ave+10003'
-73.9346,40.6277,0,12,'NYE 43rd St10003+NYAve J+10003'
-73.9346,40.8116,5,21,'NYPark Ave10003|NYPark Ave10003+NYE 135th St+10003|NYE 135th St10003'
-73.9346,40.6806,42,343,'NYBainbridge St10003+NYLewis Ave+10003'
-73.9346,40.7649,9,130,'NY33rd Rd10003|NY33rd Rd10003+NY14th St+10003'
-73.9346,40.7089,0,21,'NYMeserole St10003+NYBogart St+10003|NYBogart St10003'
-73.9346,40.7032,12,252,'NYWhite St10003|NYWhite St10003+NYCook St+10003'
-73.9346,40.6956,8,138,'NYWilloughby Ave10003+NYStuyvesant Ave+10003'
-73.9345,40.8504,1,43,'NYWadsworth Ave10003+NYW 182nd St+10003|NYWadsworth Ave10003+NYW 182 St+10003'
-73.9345,40.7128,84,73,'NYMaujer St10003|NYMaujer St10003+NYMorgan Ave+10003'
-73.9345,40.5923,0,4,'NYAve Y10003+NYBragg St+10003|NYBragg St10003'
-73.9345,40.8145,0,3,'NYHarlem River Dr10003|NYHarlem River Dr10003+NYHarlem River Dr+10003|NYHarlem River Dr10003+NYPark Ave+10003|NYPark Ave10003'
-73.9345,40.6450,0,3,'NYE 45th St10003|NYE 45th St10003+NYCortelyou Rd+10003'
-73.9345,40.6802,0,9,'NYLewis Ave10003+NYChauncey St+10003|NYChauncey St10003'
-73.9345,40.7004,1,16,'NYNoll St10003+NYStanwix St+10003'
-73.9345,40.8148,0,3,'NYHarlem River Dr10003|NYHarlem River Dr10003+NYE 139th St+10003|NYHarlem River Dr10003+NYE 139 St+10003|NYE 139th St10003|NYE 139th St10003+NYE 139th St+10003|NYE 139th St10003+NYE 139 St+10003|NYE 139 St10003'
-73.9345,40.6536,1,5,'NYE 46th St10003+NYLinden Blvd+10003'
-73.9345,40.6229,0,2,'NYE 40th St10003+NYLott Pl+10003|NYLott Pl10003'
-73.9345,40.7448,68,41,'NYThomson Ave10003+NY31st Pl+10003|NY31st Pl10003'
-73.9345,40.7704,3,37,'NYVernon Blvd10003+NY30th Dr+10003|NY30th Dr10003'
-73.9345,40.6012,0,2,'NYAve U10003|NYAve U10003+NYGerritsen Ave+10003'
-73.9345,40.7535,32,724,'NY39th Ave10003+NY29th St+10003'
-73.9345,40.5832,0,1,'NYSeaview Gdns10003'
-73.9345,40.8172,3,11,'NYW 142 St10003|NYW 142 St10003+NY5 Ave+10003|NYW 142 St10003+NY5th Ave+10003|NY5 Ave10003+NYW 142nd St+10003|NYW 142nd St10003|NYW 142nd St10003+NY5th Ave+10003'
-73.9345,40.7973,77,717,'NYE 118th St10003+NY1st Ave+10003|NYE 118th St10003+NY1 Ave+10003|NYE 118 St10003+NY1st Ave+10003|NYE 118 St10003+NY1 Ave+10003'
-73.9345,40.8014,301,155,'NYE 123 St10003|NYE 123 St10003+NY2nd Ave+10003|NYE 123 St10003+NY2 Ave+10003|NY2nd Ave10003+NYE 123rd St+10003|NYE 123rd St10003|NYE 123rd St10003+NY2 Ave+10003'
-73.9344,40.5867,0,6,'NYCoyle St Exd10003|NYCoyle St Exd10003+NYCoyle St+10003|NYCoyle St10003'
-73.9344,40.8527,24,86,'NYBroadway10002+NYW 185th St+10002|NYBroadway10002+NYW 185 St+10002|NYW 185th St10003|NYW 185th St10003+NYUS Rte 9+10003|NYUS Rte 910002+NYW 185 St+10002|NYW 185 St10003'
-73.9344,40.5841,0,2,'NYEmmons Ave10003+NYSeaview Gdns+10003|NYSeaview Gdns10003'
-73.9344,40.6948,7,66,'NYHart St10003+NYStuyvesant Ave+10003'
-73.9344,40.7349,2,3,'NYBradley Ave10003|NYBradley Ave10003+NY37th St+10003|NY37th St10003'
-73.9344,40.6259,1,4,'NYE 43rd St10003|NYE 43rd St10003+NYAve K+10003'
-73.9344,40.6441,2,38,'NYE 45th St10003+NYClarendon Rd+10003'
-73.9344,40.7460,68,75,'NYState Rte 2510002+NYSkillman Ave+10002|NYSkillman Ave10003+NYQueens Blvd+10003'
-73.9344,40.6798,0,11,'NYChauncey St10003|NYChauncey St10003+NYLewis Ave+10003'
-73.9344,40.8056,45,14,'NYE 128th St10003+NY3rd Ave+10003|NYE 128th St10003+NY3 Ave+10003|NYE 128 St10003+NY3rd Ave+10003|NYE 128 St10003+NY3 Ave+10003|NY3rd Ave10003|NY3 Ave10003'
-73.9344,40.8139,11,13,'NYE 138th St10003'
-73.9344,40.8141,1,2,'NYMadison Ave10003|NYMadison Ave10003+NYMadison Avenue Brg+10003|NYMadison Avenue Brg10003'
-73.9344,40.6796,2,12,'NYLewis Ave10003|NYLewis Ave10003+NYFulton St+10003'
-73.9343,40.7373,17,14,'NYLong Island Expy10001+NY34th St+10001|NYI 49510001+NY34th St+10001|NYQueens Midtown Expy10001+NY34th St+10001'
-73.9343,40.7550,5,94,'NY38th Ave10003+NY28th St+10003'
-73.9343,40.5861,0,9,'NYCoyle St10003|NYCoyle St10003+NYCoyle St Exd+10003|NYCoyle St Exd10003'
-73.9343,40.6249,0,4,'NYKings Hwy10003+NYHubbard Pl+10003|NYHubbard Pl10003'
-73.9343,40.6611,0,27,'NYMidwood St10003'
-73.9343,40.6191,1,2,'NYHendrickson St10003+NYAve P+10003'
-73.9343,40.7410,123,140,'NYVan Dam St10003+NY48th Ave+10003'
-73.9343,40.8148,2,33,'NYE 139th St10003'
-73.9343,40.6999,0,11,'NYRenaissance Ct10003|NYRenaissance Ct10003+NYStanwix St+10003'
-73.9343,40.8196,7,11,'NYW 145th St10003|NYW 145th St10003+NY145th St Brg+10003|NY145th St Brg10003'
-73.9343,40.7750,2,37,'NY3rd St10003|NY3rd St10003+NY27th Ave+10003'
-73.9343,40.6941,14,163,'NYPulaski St10003+NYStuyvesant Ave+10003'
-73.9343,40.6516,1,11,'NYChurch Ave10003+NYE 46th St+10003'
-73.9343,40.8556,8,288,'NYW 189 St10003|NYW 189 St10003+NYW 189th St+10003|NYW 189 St10003+NYBennett Ave+10003|NYW 189th St10003|NYW 189th St10003+NYBennett Ave+10003'
-73.9343,40.8179,3,2,'NYW 143 St10003|NYW 143rd St10003'
-73.9343,40.6022,0,7,'NYStuart St10003+NYAve U+10003'
-73.9343,40.7121,13,22,'NYTen Eyck St10003|NYTen Eyck St10003+NYMorgan Ave+10003'
-73.9343,40.7587,8,152,'NY24th St10003+NY36th Ave+10003'
-73.9342,40.7710,0,46,'NYVernon Blvd10003+NY30th Rd+10003|NY30th Rd10003'
-73.9342,40.6135,0,7,'NYE 37th St10003+NYAve R+10003'
-73.9342,40.8486,7,113,'NYW 180 St10003+NYSt Nicholas Ave+10003|NYW 180th St10003+NYSt Nicholas Ave+10003'
-73.9342,40.8461,4,144,'NYW 177th St10003+NYAudubon Ave+10003|NYW 177 St10003+NYAudubon Ave+10003'
-73.9342,40.6604,1,7,'NYDr Wesley McDonald Holder Ave10003|NYDr Wesley McDonald Holder Ave10003+NYRutland Rd+10003|NYDr Wesley McDonald Holder Ave10003+NYSchenectady Ave+10003|NYDr Wesley McDonald Holder Ave10003+NYDr Wesley McDonald Ave+10003|NYRutland Rd10003+NYDr Wesley McDonald Ave+10003|NYSchenectady Ave10003+NYDr Wesley McDonald Ave+10003|NYDr Wesley McDonald Ave10003'
-73.9342,40.7033,7,138,'NYEvergreen Ave10003|NYEvergreen Ave10003+NYCook St+10003'
-73.9342,40.7679,6,135,'NY31st Dr10003+NY12th St+10003'
-73.9342,40.6010,0,2,'NYKnapp St10003|NYKnapp St10003+NYGerritsen Ave+10003'
-73.9342,40.8436,3,54,'NYW 174 St10003|NYW 174 St10003+NYAmsterdam Ave+10003|NYAmsterdam Ave10003+NYW 174th St+10003|NYW 174th St10003'
-73.9342,40.8532,49,198,'NYBroadway10002+NYW 186 St+10002|NYBroadway10002+NYW 186th St+10002|NYUS Rte 910002+NYW 186 St+10002|NYUS Rte 910002+NYW 186th St+10002|NYW 186 St10003|NYW 186th St10003'
-73.9342,40.6201,0,4,'NYFlatbush Ave10003+NYBaughman Pl+10003|NYBaughman Pl10003'
-73.9342,40.6006,0,1,'NYKnapp St10003|NYKnapp St10003+NYKnapp St+10003'
-73.9341,40.6663,6,298,'NYCarroll St10003+NYDr Wesley Macdonald Holder Ave+10003|NYDr Wesley Macdonald Holder Ave10003'
-73.9341,40.6964,25,38,'NYBroadway10003+NYVernon Ave+10003|NYVernon Ave10003'
-73.9341,40.7269,1,3,'NYBridgewater St10003|NYBridgewater St10003+NYStewart Ave+10003|NYBridgewater St10003+NYMeeker Ave+10003|NYStewart Ave10003|NYStewart Ave10003+NYMeeker Ave+10003'
-73.9341,40.7776,1,2,'NY2nd St10003'
-73.9341,40.7938,39,388,'NYPleasant Ave10003|NYPleasant Ave10003+NYE 114 St+10003|NYPleasant Ave10003+NYE 114th St+10003|NYE 114 St10003|NYE 114 St10003+NYE 114th St+10003|NYE 114th St10003'
-73.9341,40.8594,14,162,'NYMargaret Corbin Dr10003|NYMargaret Corbin Dr10003+NYCabrini Blvd+10003|NYMargaret Corbin Dr10003+NYFort Washington Ave+10003|NYCabrini Blvd10003|NYCabrini Blvd10003+NYFort Washington Ave+10003|NYFort Washington Ave10003'
-73.9341,40.8510,3,73,'NYWadsworth Ave10003+NYW 183 St+10003|NYWadsworth Ave10003+NYW 183rd St+10003'
-73.9341,40.6499,2,20,'NYE 46th St10003+NYSnyder Ave+10003'
-73.9341,40.6778,1,5,'NYJewell McKoy Ln10003'
-73.9341,40.7158,0,13,'NYVandervoort Ave10003+NYCalhoun St+10003|NYCalhoun St10003'
-73.9341,40.7656,0,21,'NY33rd Ave10003+NY14th St+10003'
-73.9341,40.8021,587,967,'NY2nd Ave10003+NYE 124th St+10003|NY2 Ave10003+NYE 124th St+10003'
-73.9341,40.6672,34,395,'NYDr Wesley Macdonald Holder Ave10003|NYDr Wesley Macdonald Holder Ave10003+NYPresident St+10003'
-73.9340,40.7157,0,1,'NYVandervoort Ave10003+NYMetropolitan Ave+10003|NYVandervoort Ave10003+NYCalhoun St+10003|NYMetropolitan Ave10003|NYMetropolitan Ave10003+NYCalhoun St+10003|NYCalhoun St10003'
-73.9340,40.6991,0,7,'NYMelrose St10003+NYStanwix St+10003'
-73.9340,40.6971,8,97,'NYMyrtle Ave10003+NYTroutman St+10003|NYTroutman St10003'
-73.9340,40.6221,0,1,'NYFlatlands Ave10003+NYE 43rd St+10003|NYE 43rd St10003'
-73.9340,40.5945,1,1,'NYBrigham St10003+NYAve X+10003'
-73.9340,40.6581,0,3,'NYDr Wesley McDonald Holder Ave10003|NYDr Wesley McDonald Holder Ave10003+NYWinthrop St+10003|NYDr Wesley McDonald Holder Ave10003+NYSchenectady Ave+10003|NYDr Wesley McDonald Holder Ave10003+NYDr Wesley McDonald Ave+10003|NYWinthrop St10003+NYSchenectady Ave+10003|NYWinthrop St10003+NYDr Wesley McDonald Ave+10003|NYSchenectady Ave10003|NYSchenectady Ave10003+NYDr Wesley McDonald Ave+10003|NYDr Wesley McDonald Ave10003'
-73.9340,40.6788,1,6,'NYJewell McKoy Ln10003|NYJewell McKoy Ln10003+NYHerkimer St+10003'
-73.9340,40.8178,0,2,'NY5 Ave10003|NY5th Ave10003'
-73.9340,40.7979,64,1079,'NY1st Ave10003+NYE 119 St+10003|NY1st Ave10003+NYE 119th St+10003|NYE 119 St10003+NY1 Ave+10003|NYE 119th St10003+NY1 Ave+10003'
-73.9340,40.6983,59,170,'NYJefferson St10003+NYBushwick Ave+10003'
-73.9340,40.7628,243,593,'NY21st St10003+NY34th Ave+10003'
-73.9340,40.7156,1,14,'NYVandervoort Ave10003+NYRewe St+10003|NYRewe St10003'
-73.9340,40.5841,1,2,'NYCoyle St10003|NYCoyle St10003+NYEmmons Ave+10003'
-73.9340,40.6488,0,2,'NYE 46th St10003'
-73.9340,40.7566,8,78,'NY27th St10003|NY27th St10003+NY37th Ave+10003'
-73.9340,40.5996,0,29,'NYKnapp St10003+NYAve V+10003'
-73.9340,40.7027,86,139,'NYEvergreen Ave10003+NYFlushing Ave+10003'
-73.9339,40.6007,0,2,'NYKnapp St10003|NYKnapp St10003+NYGerritsen Ave+10003'
-73.9339,40.7383,3,10,'NY32nd Pl10003|NY32nd Pl10003+NYGale Ave+10003'
-73.9339,40.7075,2,13,'NYBogart St10003+NYJohnson Ave+10003'
-73.9339,40.6109,0,4,'NYFillmore Ave10003+NYE 35th St+10003'
-73.9339,40.7113,25,18,'NYMeadow St10003|NYMeadow St10003+NYMorgan Ave+10003'
-73.9339,40.7375,13,7,'NYI 49510001+NY34th St+10001|NYQueens Midtown Expy10001+NY34th St+10001'
-73.9338,40.7516,158,124,'NYNorthern Blvd10002+NY40th Ave+10002|NYNorthern Blvd10002+NY31st St+10002|NYState Hwy 25 Alt10002+NY40th Ave+10002|NYState Hwy 25 Alt10002+NY31st St+10002|NY40th Ave10003|NY40th Ave10003+NY31st St+10003|NY40th Ave10003+NYQueens Plz E+10003|NY31st St10003|NY31st St10003+NYQueens Plz E+10003'
-73.9338,40.6962,28,61,'NYDitmars St10003|NYDitmars St10003+NYBroadway+10003'
-73.9338,40.6564,0,4,'NYSchenectady Ave10003|NYSchenectady Ave10003+NYClarkson Ave+10003'
-73.9338,40.7730,5,35,'NYAstoria Blvd10003'
-73.9338,40.6984,0,79,'NYStanwix St10003+NYJefferson St+10003'
-73.9338,40.7071,0,11,'NYBogart St10003+NYBoerum St+10003|NYBoerum St10003'
-73.9338,40.8631,0,9,'NYState Rte 9a10002+NYFt Tryon Pl+10002|NYHenry Hudson Pkwy10002+NYFt Tryon Pl+10002|NYFt Tryon Pl10003'
-73.9338,40.8468,3,96,'NYW 178 St10003+NYAudubon Ave+10003|NYAudubon Ave10003+NYW 178th St+10003'
-73.9338,40.6223,0,1,'NYFlatlands Ave10003+NYE 40th St+10003|NYE 40th St10003'
-73.9337,40.8493,25,78,'NYW 181 St10003+NYSt Nicholas Ave+10003|NYW 181st St10003+NYSt Nicholas Ave+10003'
-73.9337,40.7376,7,5,'NYGale Ave10003|NYGale Ave10003+NYBorden Ave+10003|NYGale Ave10003+NY34th St+10003|NYBorden Ave10003+NY34th St+10003'
-73.9337,40.8442,3,73,'NYAmsterdam Ave10003+NYW 175 St+10003|NYAmsterdam Ave10003+NYW 175th St+10003|NYW 175 St10003|NYW 175th St10003'
-73.9337,40.7068,1,24,'NYIngraham St10003|NYIngraham St10003+NYBogart St+10003'
-73.9337,40.7393,4,5,'NY32nd Pl10003+NY49th Ave+10003|NY32nd Pl10003+NYHunters Point Ave+10003'
-73.9337,40.5879,0,3,'NYBragg St10003|NYBragg St10003+NYVoorhies Ave+10003'
-73.9337,40.8542,71,590,'NYBroadway10002+NYW 187 St+10002|NYBroadway10002+NYW 187th St+10002|NYW 187 St10003+NYUS Rte 9+10003|NYUS Rte 910002+NYW 187th St+10002'
-73.9337,40.7531,23,99,'NY39th Ave10003+NY30th St+10003'
-73.9337,40.6981,33,54,'NYStanwix St10003|NYStanwix St10003+NYBushwick Ave+10003'
-73.9337,40.6912,11,327,'NYVan Buren St10003|NYVan Buren St10003+NYStuyvesant Ave+10003'
-73.9337,40.8568,5,328,'NYW 190 St10003|NYW 190 St10003+NYW 190th St+10003|NYW 190 St10003+NYBennett Ave+10003|NYW 190th St10003|NYW 190th St10003+NYBennett Ave+10003'
-73.9337,40.6552,1,13,'NYSchenectady Ave10003+NYLenox Rd+10003'
-73.9337,40.8516,2,125,'NYW 184 St10003+NYWadsworth Ave+10003|NYWadsworth Ave10003+NYW 184th St+10003'
-73.9336,40.7944,149,828,'NYPleasant Ave10003+NYE 115 St+10003|NYPleasant Ave10003+NYE 115th St+10003|NYE 115 St10003|NYE 115th St10003'
-73.9336,40.8071,18,36,'NY3rd Ave10003'
-73.9336,40.7663,11,170,'NYBroadway10003+NY14th St+10003'
-73.9336,40.7107,36,60,'NYStagg St10003|NYStagg St10003+NYMorgan Ave+10003'
-73.9336,40.7064,3,21,'NYMcKibben St10003|NYMcKibben St10003+NYBogart St+10003'
-73.9336,40.7447,145,116,'NYVan Dam St10003+NYThomson Ave+10003'
-73.9336,40.5841,1,1,'NYAstor Ct10003|NYAstor Ct10003+NYBragg Ct+10003|NYBragg Ct10003'
-73.9336,40.5847,0,1,'NYBragg Ct10003'
-73.9336,40.6451,0,12,'NYE 46th St10003|NYE 46th St10003+NYCortelyou Rd+10003'
-73.9336,40.8028,567,358,'NYMartin Luther King Blvd10003+NY2nd Ave+10003|NYMartin Luther King Blvd10003+NY2 Ave+10003|NYDr Martin Luther King Jr Blvd10003+NY2nd Ave+10003|NYDr Martin Luther King Jr Blvd10003+NY2 Ave+10003|NYE 125th St10003+NY2nd Ave+10003|NYE 125th St10003+NY2 Ave+10003|NY2nd Ave10003+NYE 125 St+10003|NYE 125 St10003+NY2 Ave+10003'
-73.9336,40.7546,10,64,'NY38th Ave10003+NY29th St+10003'
-73.9336,40.6725,6,158,'NYPark Pl10003+NYSchenectady Ave+10003'
-73.9336,40.6027,0,6,'NYBurnett St10003|NYBurnett St10003+NYAve U+10003'
-73.9335,40.5831,0,1,'NYAstor Ct10003'
-73.9335,40.6196,1,7,'NYFlatbush Ave10003+NYAve P+10003|NYAve P10003'
-73.9335,40.8471,2,30,'NYUS Rte 110001+NYAudubon Ave+10001|NYI 9510001+NYAudubon Ave+10001|NYAudubon Ave10003+NYTransmanhattan Expy+10003'
-73.9335,40.6140,0,7,'NYAve R10003+NYE 38th St+10003'
-73.9335,40.7028,82,87,'NYCentral Ave10003|NYCentral Ave10003+NYFlushing Ave+10003'
-73.9335,40.6232,0,1,'NYE 41st St10003+NYAve L+10003|NYAve L10003'
-73.9335,40.7986,48,682,'NYE 120th St10003+NY1st Ave+10003|NYE 120th St10003+NY1 Ave+10003|NY1st Ave10003+NYE 120 St+10003|NYE 120 St10003+NY1 Ave+10003'
-73.9335,40.6083,0,8,'NYE 33rd St10003+NYAvenue S+10003'
-73.9335,40.6536,2,14,'NYSchenectady Ave10003|NYSchenectady Ave10003+NYSchenectady Ave+10003|NYSchenectady Ave10003+NYLinden Blvd+10003|NYSchenectady Ave10003+NYE 47th St+10003|NYLinden Blvd10002+NYE 47th St+10002|NYE 47th St10003'
-73.9335,40.7061,13,58,'NYBogart St10003+NYHarrison Pl+10003|NYHarrison Pl10003'
-73.9335,40.7764,1,2,'NY3rd St10003|NY3rd St10003+NY26th Ave+10003'
-73.9335,40.5971,0,14,'NYWhitney Ave10003|NYWhitney Ave10003+NYKnapp St+10003'
-73.9335,40.7452,67,98,'NYState Rte 2510002+NYVan Dam St+10002|NYVan Dam St10003+NYQueens Blvd+10003'
-73.9335,40.6259,0,1,'NYTroy Ave10003+NYAve K+10003'
-73.9334,40.7688,6,257,'NY12th St10003+NY31st Ave+10003'
-73.9334,40.5865,0,5,'NYBragg St10003'
-73.9334,40.6619,1,44,'NYMaple St10003+NYE 48th St+10003|NYE 48th St10003'
-73.9334,40.7545,11,54,'NYOld Ridge Rd10003|NYOld Ridge Rd10003+NY38th Ave+10003'
-73.9334,40.6255,0,2,'NYTroy Ave10003+NYAve K+10003|NYAve K10003'
-73.9334,40.7057,52,312,'NYBogart St10003+NYSeigel St+10003|NYSeigel St10003'
-73.9334,40.6743,1,18,'NYSchenectady Ave10003+NYSt Marks Ave+10003|NYSt Marks Ave10003'
-73.9334,40.7747,4,41,'NY4th St10003|NY4th St10003+NY27th Ave+10003'
-73.9334,40.7583,338,359,'NYCrescent St10003+NY36th Ave+10003'
-73.9333,40.6612,0,8,'NYMidwood St10003+NYE 48th St+10003|NYE 48th St10003'
-73.9333,40.5859,0,3,'NYBragg St10003'
-73.9333,40.7054,57,127,'NYGrattan St10003|NYGrattan St10003+NYBogart St+10003'
-73.9333,40.8553,31,341,'NYBroadway10002+NYW 189 St+10002|NYBroadway10002+NYW 189th St+10002|NYUS Rte 910002+NYW 189 St+10002|NYUS Rte 910002+NYW 189th St+10002|NYW 189 St10003|NYW 189 St10003+NYW 189th St+10003|NYW 189th St10003'
-73.9333,40.8499,4,86,'NYW 182nd St10003+NYSt Nicholas Ave+10003|NYW 182 St10003+NYSt Nicholas Ave+10003'
-73.9333,40.8474,8,132,'NYW 179 St10003+NYAudubon Ave+10003|NYW 179th St10003+NYAudubon Ave+10003'
-73.9333,40.7720,1,59,'NYVernon Blvd10003|NYVernon Blvd10003+NYWelling Ct+10003|NYVernon Blvd10003+NYMain Ave+10003|NYVernon Blvd10003+NY8th St+10003|NYWelling Ct10003|NYWelling Ct10003+NYMain Ave+10003|NYWelling Ct10003+NY8th St+10003|NYMain Ave10003|NYMain Ave10003+NY8th St+10003|NY8th St10003'
-73.9333,40.6752,1,27,'NYSchenectady Ave10003+NYBergen St+10003'
-73.9333,40.6516,0,38,'NYChurch Ave10003+NYSchenectady Ave+10003|NYChurch Ave10003+NYE 47th St+10003'
-73.9333,40.7100,14,14,'NYScholes St10003+NYMorgan Ave+10003'
-73.9333,40.7447,87,31,'NYState Rte 2510002|NYState Rte 2510002+NYState Hwy 25+10002|NYState Rte 2510002+NYQueens Blvd+10002|NYState Rte 2510002+NYThomson Ave+10002|NYState Hwy 2510002|NYState Hwy 2510002+NYQueens Blvd+10002|NYState Hwy 2510002+NYThomson Ave+10002|NYQueens Blvd10002|NYQueens Blvd10002+NYQueens Blvd+10002|NYQueens Blvd10002+NYState Hwy 25+10002|NYQueens Blvd10002+NYThomson Ave+10002|NYThomson Ave10003'
-73.9333,40.7463,6,14,'NYVan Dam St10003'
-73.9333,40.6332,0,10,'NYE 45th St10003+NYGlendale Ct+10003|NYGlendale Ct10003'
-73.9332,40.6979,44,141,'NYTroutman St10003+NYBushwick Ave+10003'
-73.9332,40.8449,4,60,'NYW 176 St10003|NYW 176 St10003+NYAmsterdam Ave+10003|NYAmsterdam Ave10003+NYW 176th St+10003|NYW 176th St10003'
-73.9332,40.6760,1,31,'NYSchenectady Ave10003+NYDean St+10003'
-73.9332,40.8522,3,178,'NYW 185th St10003+NYWadsworth Ave+10003|NYWadsworth Ave10003+NYW 185 St+10003'
-73.9332,40.6001,0,5,'NYAve V10003+NYGerritsen Ave+10003'
-73.9332,40.8643,0,9,'NYRiverside Dr10003|NYRiverside Dr10003+NYState Rte 9a+10003|NYRiverside Dr10003+NYHenry Hudson Pkwy+10003'
-73.9332,40.5841,3,12,'NYWaldane Ct10003|NYWaldane Ct10003+NYEmmons Ave+10003'
-73.9332,40.6170,0,5,'NYColeman St10003+NYQuentin Rd+10003'
-73.9332,40.7050,143,367,'NYBogart St10003+NYMoore St+10003|NYMoore St10003'
-73.9332,40.6260,0,2,'NYKings Hwy10003+NYAve K+10003|NYAve K10003'
-73.9332,40.7138,39,163,'NYVandervoort Ave10003|NYVandervoort Ave10003+NYGrand St+10003'
-73.9332,40.7254,5,5,'NYI 27810001+NYStewart Ave+10001|NYBrooklyn Queens Expy10001+NYStewart Ave+10001'
-73.9332,40.6114,0,4,'NYFillmore Ave10003+NYE 36th St+10003'
-73.9332,40.6232,0,1,'NYTroy Ave10003+NYAve L+10003'
-73.9332,40.6767,4,15,'NYSchenectady Ave10003+NYPacific St+10003'
-73.9331,40.7008,5,6,'NYNoll St10003+NYEvergreen Ave+10003'
-73.9331,40.7047,27,67,'NYThames St10003|NYThames St10003+NYBogart St+10003'
-73.9331,40.6958,52,151,'NYWilloughby Ave10003+NYBroadway+10003'
-73.9331,40.7253,4,8,'NYI 27810001+NYStewart Ave+10001|NYStewart Ave10003+NYKosciuszko Brg+10003|NYStewart Ave10003+NYBrooklyn Queens Expy+10003'
-73.9331,40.6882,7,212,'NYGates Ave10003+NYStuyvesant Ave+10003'
-73.9331,40.6227,0,1,'NYTroy Ave10003+NYFlatlands Ave+10003'
-73.9331,40.8034,93,33,'NYE 126th St10003+NY2nd Ave+10003|NYE 126th St10003+NY2 Ave+10003|NYE 126 St10003+NY2nd Ave+10003|NYE 126 St10003+NY2 Ave+10003'
-73.9331,40.7370,1,8,'NY35th St10003+NYGale Ave+10003|NYGale Ave10003'
-73.9331,40.5949,0,3,'NYKnapp St10003+NYAllen Ave+10003|NYAllen Ave10003'
-73.9330,40.7371,9,7,'NYLong Island Expy10001+NY35th St+10001|NYI 49510001+NY35th St+10001|NY35th St10003|NY35th St10003+NYQueens Midtown Expy+10003'
-73.9330,40.5946,0,1,'NYAve X10003|NYAve X10003+NYKnapp St+10003'
-73.9330,40.7043,40,215,'NYVaret St10003|NYVaret St10003+NYBogart St+10003'
-73.9330,40.7093,30,28,'NYMeserole St10003|NYMeserole St10003+NYMorgan Ave+10003'
-73.9330,40.8581,3,153,'NYW 192 St10003|NYW 192 St10003+NYBennett Ave+10003|NYW 192 St10003+NYW 192nd St+10003|NYBennett Ave10003+NYW 192nd St+10003|NYW 192nd St10003'
-73.9330,40.6787,1,8,'NYSchenectady Ave10003+NYHerkimer St+10003'
-73.9329,40.8282,2,2,'NYMacombs Dam Brg10003|NYMacombs Dam Brg10003+NYMacombs Dam Brg+10003'
-73.9329,40.7040,19,45,'NYRock St10003|NYRock St10003+NYBogart St+10003'
-73.9329,40.5998,0,17,'NYPlumb 1st St10003|NYPlumb 1st St10003+NYGerritsen Ave+10003'
-73.9329,40.6480,0,22,'NYSchenectady Ave10003+NYTilden Ave+10003|NYTilden Ave10003|NYTilden Ave10003+NYE 47th St+10003'
-73.9329,40.6210,0,9,'NYTroy Ave10003+NYAve M+10003'
-73.9329,40.7527,97,115,'NY39th Ave10003+NY31st St+10003'
-73.9329,40.6795,8,43,'NYSchenectady Ave10003|NYSchenectady Ave10003+NYFulton St+10003'
-73.9329,40.7602,11,175,'NY35th Ave10003+NY24th St+10003'
-73.9329,40.6627,4,79,'NYE New York Ave10003|NYE New York Ave10003+NYE New York Ave+10003'
-73.9329,40.7640,73,269,'NY21st St10003+NY33rd Rd+10003'
-73.9329,40.8505,5,141,'NYW 183 St10003+NYSt Nicholas Ave+10003|NYW 183rd St10003+NYSt Nicholas Ave+10003'
-73.9328,40.8480,3,42,'NYW 180 St10003+NYAudubon Ave+10003|NYAudubon Ave10003+NYW 180th St+10003'
-73.9328,40.7389,4,8,'NY49th Ave10003+NY33rd St+10003|NY33rd St10003|NY33rd St10003+NYHunters Point Ave+10003'
-73.9328,40.6202,1,10,'NYTroy Ave10003+NYBaughman Pl+10003|NYBaughman Pl10003'
-73.9328,40.6972,45,244,'NYDitmars St10003|NYDitmars St10003+NYMyrtle Ave+10003'
-73.9328,40.7036,12,17,'NYBogart St10003+NYCook St+10003|NYCook St10003'
-73.9328,40.6144,0,5,'NYRyder St10003+NYAve R+10003'
-73.9328,40.6088,0,9,'NYAvenue S10003+NYE 34th St+10003'
-73.9328,40.7024,1,20,'NYForrest St10003|NYForrest St10003+NYCentral Ave+10003'
-73.9328,40.7542,4,37,'NY38th Ave10003+NY30th St+10003'
-73.9328,40.7724,2,16,'NY30th Ave10003|NY30th Ave10003+NY8th St+10003'
-73.9328,40.7001,0,16,'NYGeorge St10003|NYGeorge St10003+NYEvergreen Ave+10003'
-73.9328,40.8455,4,52,'NYW 177th St10003|NYW 177th St10003+NYAmsterdam Ave+10003|NYAmsterdam Ave10003+NYW 177 St+10003|NYW 177 St10003'
-73.9328,40.8565,27,225,'NYW 190 St10003|NYW 190 St10003+NYBroadway+10003|NYW 190 St10003+NYW 190th St+10003|NYW 190 St10003+NYUS Rte 9+10003|NYBroadway10002+NYW 190th St+10002|NYW 190th St10003|NYW 190th St10003+NYUS Rte 9+10003'
-73.9327,40.8629,1,1,'NYMargaret Corbin Dr10003+NYFt Washington Ave+10003|NYMargaret Corbin Dr10003+NYMargaret Corbin Dr+10003|NYMargaret Corbin Dr10003+NYFt Tryon Pl+10003|NYFt Washington Ave10003|NYFt Washington Ave10003+NYMargaret Corbin Dr+10003|NYFt Washington Ave10003+NYFt Tryon Pl+10003|NYMargaret Corbin Dr10003'
-73.9327,40.7697,1,60,'NY12th St10003+NY30th Dr+10003'
-73.9327,40.8529,2,116,'NYW 186th St10003|NYW 186th St10003+NYWadsworth Ave+10003|NYWadsworth Ave10003+NYW 186 St+10003|NYW 186 St10003'
-73.9327,40.6188,1,2,'NYTroy Ave10003|NYTroy Ave10003+NYFlatbush Ave+10003'
-73.9327,40.6461,0,2,'NYSchenectady Ave10003|NYSchenectady Ave10003+NYSchenectady Ave+10003|NYSchenectady Ave10003+NYE 47th St+10003|NYSchenectady Ave10003+NYBeverley Rd+10003|NYE 47th St10003|NYE 47th St10003+NYBeverley Rd+10003|NYBeverley Rd10003'
-73.9327,40.7032,105,109,'NYBogart St10003|NYBogart St10003+NYFlushing Ave+10003'
-73.9327,40.7727,5,27,'NYAstoria Blvd10003+NY8th St+10003'
-73.9327,40.8664,2,12,'NYRiverside Dr10003'
-73.9327,40.8041,39,9,'NYE 127th St10003+NY2nd Ave+10003|NYE 127th St10003+NY2 Ave+10003|NY2nd Ave10003+NYE 127 St+10003|NYE 127 St10003+NY2 Ave+10003'
-73.9327,40.6266,0,9,'NYKings Hwy10003+NYE 45th St+10003'
-73.9327,40.7957,365,866,'NYPleasant Ave10003+NYE 117 St+10003|NYPleasant Ave10003+NYE 117th St+10003'
-73.9327,40.7363,6,50,'NYGreenpoint Ave10003+NYGale Ave+10003|NYGale Ave10003'
-73.9326,40.7446,178,223,'NYState Hwy 2510002+NY32nd Pl+10002|NY32nd Pl10003+NYQueens Blvd+10003'
-73.9326,40.8567,57,200,'NYBroadway10002+NYFairview Ave+10002|NYUS Rte 910002+NYFairview Ave+10002|NYFairview Ave10003'
-73.9326,40.5925,1,2,'NYAve Y10003+NYKnapp St+10003'
-73.9326,40.7448,439,50,'NY32nd Pl10003+NYState Hwy 25+10003|NY32nd Pl10003+NYQueens Blvd+10003'
-73.9326,40.8643,0,1,'NYMargaret Corbin Dr10003|NYMargaret Corbin Dr10003+NYMargaret Corbin Dr+10003'
-73.9326,40.7558,19,153,'NY29th St10003+NY37th Ave+10003'
-73.9326,40.8060,4,0,'NY2nd Ave10003|NY2 Ave10003'
-73.9326,40.7761,2,5,'NY4th St10003|NY4th St10003+NY26th Ave+10003'
-73.9326,40.7279,0,1,'NYMeeker Ave10003+NYGardner Ave+10003|NYGardner Ave10003'
-73.9325,40.6537,0,17,'NYE 48th St10003+NYLinden Blvd+10003'
-73.9325,40.7082,27,38,'NYKnickerbocker Ave10003|NYKnickerbocker Ave10003+NYMorgan Ave+10003'
-73.9325,40.8545,0,23,'NYWadsworth Ter10003|NYWadsworth Ter10003+NYW 188th St+10003|NYWadsworth Ter10003+NYW 188 St+10003|NYW 188th St10003|NYW 188 St10003'
-73.9325,40.6853,66,886,'NYJefferson Ave10003+NYStuyvesant Ave+10003'
-73.9325,40.6349,0,4,'NYGlenwood Rd10003+NYE 46th St+10003|NYE 46th St10003|NYE 46th St10003+NYAve G+10003'
-73.9325,40.6174,0,3,'NYHendrickson St10003+NYQuentin Rd+10003'
-73.9325,40.7374,24,23,'NY35th St10003|NY35th St10003+NYBorden Ave+10003'
-73.9325,40.6186,0,4,'NYFlatbush Ave10003+NYAvenue N+10003|NYAvenue N10003'
-73.9325,40.7677,1,99,'NY14th St10003+NY31st Rd+10003|NY31st Rd10003'
-73.9325,40.8634,0,3,'NYMargaret Corbin Dr10003|NYMargaret Corbin Dr10003+NYMargaret Corbin Dr+10003|NYMargaret Corbin Dr10003+NYFt Washington Ave+10003|NYFt Washington Ave10003'
-73.9324,40.6006,0,6,'NYStuart St10003+NYAve V+10003'
-73.9324,40.8511,6,116,'NYW 184 St10003+NYSt Nicholas Ave+10003|NYW 184th St10003+NYSt Nicholas Ave+10003'
-73.9324,40.6255,0,5,'NYE 45th St10003+NYAve K+10003'
-73.9324,40.6119,0,2,'NYE 37th St10003+NYFillmore Ave+10003'
-73.9324,40.5969,0,3,'NYPlumb 1st St10003+NYAvenue W+10003'
-73.9324,40.7102,0,7,'NYScholes St10003'
-73.9324,40.6954,17,141,'NYSuydam St10003|NYSuydam St10003+NYBroadway+10003'
-73.9323,40.6998,1,10,'NYMelrose St10003|NYMelrose St10003+NYEvergreen Ave+10003'
-73.9323,40.7733,0,27,'NY28th Ave10003|NY28th Ave10003+NY8th St+10003'
-73.9323,40.6302,1,6,'NYKings Hwy10003+NYAve I+10003'
-73.9323,40.5857,0,5,'NYBrigham St10003'
-73.9323,40.8487,7,29,'NYAudubon Ave10003+NYW 181 St+10003|NYAudubon Ave10003+NYW 181st St+10003'
-73.9323,40.6605,0,19,'NYRutland Rd10003+NYE 49th St+10003|NYE 49th St10003'
-73.9323,40.8141,3,0,'NYE 138th St10003'
-73.9323,40.8462,8,83,'NYAmsterdam Ave10003+NYW 178 St+10003|NYAmsterdam Ave10003+NYW 178th St+10003|NYW 178 St10003|NYW 178th St10003'
-73.9323,40.7520,100,89,'NY32nd St10003|NY32nd St10003+NYNorthern Blvd+10003|NY32nd St10003+NYState Hwy 25 Alt+10003|NY32nd St10003+NYQueens Plz E+10003'
-73.9323,40.7465,3,6,'NYSkillman Ave10003+NY43rd Ave+10003|NY32nd Pl10003|NY32nd Pl10003+NY43rd Ave+10003|NY43rd Ave10003'
-73.9323,40.6973,62,122,'NYMyrtle Ave10003+NYBushwick Ave+10003'
-73.9323,40.8139,4,2,'NYMadison Avenue Brg10003|NYMadison Avenue Brg10003+NYE 138th St+10003|NYE 138th St10003'
-73.9322,40.7646,100,277,'NY33rd Ave10003+NY21st St+10003'
-73.9322,40.6326,0,7,'NYAve H10003+NYE 46th St+10003|NYE 46th St10003'
-73.9322,40.7720,0,52,'NYMain Ave10003+NY30th Ave+10003'
-73.9322,40.8536,3,112,'NYW 187 St10003+NYWadsworth Ave+10003|NYWadsworth Ave10003+NYW 187th St+10003'
-73.9322,40.5905,1,0,'NYAve Z10003|NYAve Z10003+NYKnapp St+10003'
-73.9322,40.8047,25,13,'NYE 128th St10003|NYE 128th St10003+NY2nd Ave+10003|NYE 128th St10003+NY2 Ave+10003|NYE 128 St10003|NYE 128 St10003+NY2nd Ave+10003|NYE 128 St10003+NY2 Ave+10003'
-73.9322,40.7964,20,469,'NYPleasant Ave10003+NYE 118th St+10003|NYPleasant Ave10003+NYE 118 St+10003'
-73.9322,40.6233,1,5,'NYE 45th St10003+NYFlatlands Ave+10003|NYE 45th St10003+NYAve L+10003|NYFlatlands Ave10003+NYAve L+10003'
-73.9322,40.7283,0,1,'NYMeeker Ave10003'
-73.9322,40.8005,49,284,'NYPaladino Ave10003|NYPaladino Ave10003+NY1st Ave+10003|NYPaladino Ave10003+NY1 Ave+10003|NYPleasant Ave10003|NYPleasant Ave10003+NY1st Ave+10003|NYPleasant Ave10003+NY1 Ave+10003'
-73.9321,40.7523,5,7,'NY39th Ave10003+NY32nd St+10003'
-73.9321,40.5863,0,8,'NYHarkness Ave10003'
-73.9321,40.8193,1,0,'NY145th St Brg10003|NY145th St Brg10003+NYE 149th St+10003|NYE 149th St10003'
-73.9321,40.7556,3,20,'NYOld Ridge Rd10003|NYOld Ridge Rd10003+NY37th Ave+10003'
-73.9321,40.6149,0,2,'NYAve R10003+NYKimball St+10003'
-73.9321,40.8552,0,10,'NYW 189 St10003|NYW 189 St10003+NYWadsworth Ter+10003|NYW 189th St10003|NYW 189th St10003+NYWadsworth Ter+10003'
-73.9321,40.6582,0,5,'NYWinthrop St10003+NYE 49th St+10003|NYE 49th St10003'
-73.9321,40.7071,6,118,'NYIngraham St10003+NYMorgan Ave+10003'
-73.9321,40.6093,0,2,'NYAvenue S10003+NYE 35th St+10003'
-73.9321,40.7078,57,104,'NYJohnson Ave10003+NYKnickerbocker Ave+10003'
-73.9321,40.7269,0,2,'NYTownsend St10003|NYTownsend St10003+NYGardner Ave+10003'
-73.9321,40.8666,6,29,'NYRiverside Dr10003|NYRiverside Dr10003+NYState Rte 9a+10003|NYRiverside Dr10003+NYHenry Hudson Pkwy+10003'
-73.9321,40.5955,0,2,'NYPlumb 1st St10003|NYPlumb 1st St10003+NYFane Ct+10003|NYPlumb 1st St10003+NYAllen Ave+10003|NYFane Ct10003|NYFane Ct10003+NYAllen Ave+10003'
-73.9320,40.8636,1,2,'NYMargaret Corbin Dr10003|NYMargaret Corbin Dr10003+NYMargaret Corbin Dr+10003|NYMargaret Corbin Dr10003+NYFt Washington Ave+10003|NYFt Washington Ave10003|NYFt Washington Ave10003+NYMargaret Corbin Dr+10003|NYFt Washington Ave10003+NYFt Washington Ave+10003'
-73.9320,40.7705,0,72,'NY30th Rd10003+NY12th St+10003'
-73.9320,40.7020,1,29,'NYNoll St10003+NYCentral Ave+10003'
-73.9320,40.8578,58,381,'NYBroadway10002+NYW 192 St+10002|NYBroadway10002+NYW 192nd St+10002|NYUS Rte 910002+NYW 192 St+10002|NYUS Rte 910002+NYW 192nd St+10002|NYW 192 St10003|NYW 192 St10003+NYW 192nd St+10003|NYW 192nd St10003'
-73.9320,40.6996,4,41,'NYEvergreen Ave10003+NYMelrose St+10003|NYMelrose St10003'
-73.9320,40.7683,20,254,'NY14th St10003+NY31st Ave+10003'
-73.9320,40.6306,0,6,'NYKings Hwy10003+NYE 46th St+10003'
-73.9320,40.7538,61,89,'NY38th Ave10003+NY31st St+10003'
-73.9320,40.8517,3,74,'NYW 185th St10003+NYSt Nicholas Ave+10003|NYW 185 St10003+NYSt Nicholas Ave+10003'
-73.9320,40.8466,12,91,'NYUS Rte 110001+NYAmsterdam Ave+10001|NYI 9510001+NYAmsterdam Ave+10001|NYAmsterdam Ave10003+NYTransmanhattan Expy+10003|NYAmsterdam Ave10003+NYAlexander Hamilton Brg+10003|NYTransmanhattan Expy10001|NYTransmanhattan Expy10001+NYAlexander Hamilton Brg+10001|NYAlexander Hamilton Brg10001'
-73.9320,40.7385,4,7,'NY34th St10003|NY34th St10003+NY49th Ave+10003|NY34th St10003+NYHunters Point Ave+10003'
-73.9320,40.8007,5,12,'NYPaladino Ave10003|NYPaladino Ave10003+NY1st Ave+10003|NYPaladino Ave10003+NY1 Ave+10003'
-73.9320,40.7520,64,41,'NY39th Ave10003|NY39th Ave10003+NYNorthern Blvd+10003|NY39th Ave10003+NYHoneywell St+10003|NY39th Ave10003+NYState Hwy 25 Alt+10003|NY39th Ave10003+NYQueens Plz E+10003|NYNorthern Blvd10002+NYHoneywell St+10002|NYHoneywell St10003|NYHoneywell St10003+NYState Hwy 25 Alt+10003|NYHoneywell St10003+NYQueens Plz E+10003'
-73.9319,40.7597,476,423,'NY35th Ave10003+NYCrescent St+10003'
-73.9319,40.6951,15,80,'NYBroadway10003+NYHart St+10003|NYHart St10003'
-73.9319,40.8493,4,54,'NYW 182nd St10003+NYAudubon Ave+10003|NYAudubon Ave10003+NYW 182 St+10003'
-73.9319,40.6565,0,19,'NYClarkson Ave10003+NYE 49th St+10003|NYE 49th St10003'
-73.9319,40.7064,57,202,'NYMorgan Ave10003+NYHarrison Pl+10003'
-73.9319,40.8468,8,58,'NYW 179 St10003|NYW 179 St10003+NYAmsterdam Ave+10003|NYW 179th St10003|NYW 179th St10003+NYAmsterdam Ave+10003'
-73.9318,40.5829,0,2,'NYBrigham St10003'
-73.9318,40.6971,48,125,'NYWilloughby Ave10003+NYBushwick Ave+10003'
-73.9318,40.8639,0,2,'NYMargaret Corbin Dr10003|NYMargaret Corbin Dr10003+NYMargaret Corbin Dr+10003|NYMargaret Corbin Dr10003+NYFt Washington Ave+10003|NYFt Washington Ave10003|NYFt Washington Ave10003+NYMargaret Corbin Dr+10003'
-73.9318,40.6980,4,29,'NYCharles Pl10003'
-73.9318,40.7554,7,77,'NY30th St10003+NY37th Ave+10003'
-73.9318,40.8583,32,215,'NYBroadway10002+NYW 193rd St+10002|NYBroadway10002+NYW 193 St+10002|NYUS Rte 910002+NYW 193rd St+10002|NYUS Rte 910002+NYW 193 St+10002|NYW 193rd St10003|NYW 193rd St10003+NYW 193 St+10003|NYW 193 St10003'
-73.9318,40.7742,3,91,'NY27th Ave10003+NY8th St+10003|NY8th St10003'
-73.9318,40.8542,0,123,'NYWadsworth Ave10003+NYW 188th St+10003|NYWadsworth Ave10003+NYW 188 St+10003'
-73.9318,40.6950,21,128,'NYBroadway10003+NYHart St+10003|NYHart St10003'
-73.9318,40.8010,10,21,'NY1st Ave10003+NYE 124th St+10003|NY1 Ave10003+NYE 124th St+10003|NYE 124th St10003'
-73.9318,40.6373,1,76,'NYSchenectady Ave10003+NYFarragut Rd+10003'
-73.9317,40.6462,0,3,'NYE 48th St10003+NYBeverley Rd+10003'
-73.9317,40.7970,9,176,'NYPleasant Ave10003+NYE 119 St+10003|NYPleasant Ave10003+NYE 119th St+10003'
-73.9317,40.6011,0,10,'NYBurnett St10003+NYAve V+10003|NYAve V10003'
-73.9317,40.5983,0,5,'NYWhitney Ave10003+NYPlumb 2nd St+10003|NYPlumb 2nd St10003'
-73.9317,40.6179,1,4,'NYE 45th St10003|NYE 45th St10003+NYFlatbush Ave+10003|NYE 45th St10003+NYQuentin Rd+10003|NYFlatbush Ave10003+NYQuentin Rd+10003|NYQuentin Rd10003'
-73.9317,40.7035,66,100,'NYForrest St10003|NYForrest St10003+NYFlushing Ave+10003'
-73.9317,40.6123,0,4,'NYFillmore Ave10003+NYE 38th St+10003'
-73.9317,40.7057,37,219,'NYGrattan St10003+NYMorgan Ave+10003'
-73.9317,40.6067,0,1,'NYAve T10003|NYAve T10003+NYE 33rd St+10003'
-73.9317,40.6187,0,6,'NYE 45th St10003+NYAvenue N+10003'
-73.9317,40.7652,405,695,'NY21st St10003+NYBroadway+10003'
-73.9317,40.5957,0,3,'NYAllen Ave10003+NYEbony Ct+10003|NYEbony Ct10003'
-73.9317,40.8558,0,27,'NYW 190th St10003|NYW 190th St10003+NYWadsworth Ter+10003|NYWadsworth Ter10003+NYW 190 St+10003|NYW 190 St10003'
-73.9316,40.7260,3,2,'NYI 27810001+NYGardner Ave+10001|NYBrooklyn Queens Expy10001+NYGardner Ave+10001'
-73.9316,40.7383,5,8,'NY49th Ave10003+NY34th St+10003|NYHunters Point Ave10003+NY34th St+10003|NY34th St10003'
-73.9316,40.7259,5,10,'NYI 27810001+NYGardner Ave+10001'
-73.9316,40.7368,17,23,'NYLong Island Expy10001+NYGreenpoint Ave+10001|NYI 49510001+NYGreenpoint Ave+10001|NYGreenpoint Ave10003+NYQueens Midtown Expy+10003'
-73.9316,40.6537,4,17,'NYLinden Blvd10002+NYE 49th St+10002'
-73.9316,40.6636,4,44,'NYLefferts Ave10003+NYEmpire Blvd+10003|NYEmpire Blvd10003'
-73.9316,40.7180,1,9,'NYMaspeth Ave10003+NYVarick Ave+10003|NYVarick Ave10003'
-73.9316,40.8005,12,16,'NYPaladino Ave10003|NYPaladino Ave10003+NYPaladino Ave+10003|NYPaladino Ave10003+NYPleasant Ave+10003|NYPleasant Ave10003|NYPleasant Ave10003+NYPaladino Ave+10003'
-73.9316,40.8323,1,9,'NYDr Martin Luther King Jr Blvd10003|NYDr Martin Luther King Jr Blvd10003+NYSedgwick Ave+10003|NYUniversity Ave10003|NYUniversity Ave10003+NYSedgwick Ave+10003'
-73.9316,40.7617,7,376,'NY34th Ave10003+NY24th St+10003|NY24th St10003'
-73.9316,40.6632,4,5,'NYRemsen Ave10003|NYRemsen Ave10003+NYE New York Ave+10003'
-73.9316,40.6994,3,43,'NYEvergreen Ave10003+NYJefferson St+10003|NYJefferson St10003'
-73.9315,40.7142,5,13,'NYGrand St10003+NYMetropolitan Ave+10003|NYMetropolitan Ave10003'
-73.9315,40.6350,0,3,'NYGlenwood Rd10003+NYSchenectady Ave+10003|NYGlenwood Rd10003+NYE 47th St+10003|NYSchenectady Ave10003|NYSchenectady Ave10003+NYAve G+10003|NYE 47th St10003|NYE 47th St10003+NYAve G+10003'
-73.9315,40.8296,1,3,'NYSedgwick Ave10003'
-73.9315,40.7050,19,106,'NYThames St10003+NYMorgan Ave+10003'
-73.9315,40.8308,2,21,'NYSummit Ave10003|NYSummit Ave10003+NYW 161st St+10003|NYW 161st St10003'
-73.9315,40.6802,20,264,'NYChauncey St10003+NYStuyvesant Ave+10003'
-73.9315,40.8524,4,159,'NYW 186th St10003+NYSt Nicholas Ave+10003|NYW 186 St10003+NYSt Nicholas Ave+10003'
-73.9315,40.5970,0,2,'NYPlumb 2nd St10003+NYAvenue W+10003'
-73.9315,40.6621,0,9,'NYMaple St10003'
-73.9315,40.7072,15,11,'NYIngraham St10003+NYKnickerbocker Ave+10003'
-73.9315,40.8569,1,82,'NYFairview Ave10003+NYBroadway Ter+10003|NYBroadway Ter10003'
-73.9315,40.7256,2,2,'NYCherry St10003+NYGardner Ave+10003'
-73.9315,40.8499,0,96,'NYW 183 St10003+NYAudubon Ave+10003|NYW 183rd St10003+NYAudubon Ave+10003'
-73.9315,40.8138,6,5,'NYMajor Deegan Expy10001+NYE 138th St+10001|NYE 138th St10003|NYE 138th St10003+NYE 138th St+10003|NYE 138th St10003+NYI 87+10003'
-73.9315,40.6652,0,25,'NYCrown St10003+NYUtica Ave+10003'
-73.9314,40.7369,9,11,'NYQn Midtown Expressway Exit Eb10003|NYQn Midtown Expressway Exit Eb10003+NYGreenpoint Ave+10003'
-73.9314,40.5863,2,2,'NYKnapp St10003+NYHarkness Ave+10003'
-73.9314,40.8119,12,4,'NYE 135th St10003'
-73.9314,40.6613,0,18,'NYMidwood St10003'
-73.9314,40.5985,0,3,'NYWhitney Ave10003+NYGerritsen Ave+10003'
-73.9314,40.8115,3,3,'NYE 135th St10003+NYPark Ave+10003|NYPark Ave10003'
-73.9314,40.8474,8,21,'NYAmsterdam Ave10003+NYW 180 St+10003|NYAmsterdam Ave10003+NYW 180th St+10003|NYW 180 St10003|NYW 180th St10003'
-73.9314,40.6153,0,6,'NYColeman St10003+NYAve R+10003'
-73.9314,40.6661,2,31,'NYCarroll St10003+NYUtica Ave+10003'
-73.9314,40.7952,20,117,'NYE 117 St10003|NYE 117th St10003'
-73.9314,40.6334,3,8,'NYSchenectady Ave10003+NYGlendale Ct+10003|NYGlendale Ct10003|NYGlendale Ct10003+NYE 47th St+10003'
-73.9313,40.7633,3,201,'NY23rd St10003|NY23rd St10003+NY33rd Rd+10003'
-73.9313,40.6097,0,9,'NYAvenue S10003+NYE 36th St+10003'
-73.9313,40.6944,26,64,'NYPulaski St10003|NYPulaski St10003+NYReid Ave+10003|NYPulaski St10003+NYMalcom X Blvd+10003|NYReid Ave10003|NYReid Ave10003+NYMalcom X Blvd+10003|NYReid Ave10003+NYMalcolm X Blvd+10003|NYReid Ave10003+NYReid Ave+10003|NYMalcom X Blvd10003|NYMalcom X Blvd10003+NYMalcolm X Blvd+10003|NYMalcom X Blvd10003+NYReid Ave+10003|NYMalcolm X Blvd10003+NYReid Ave+10003'
-73.9313,40.6974,16,89,'NYWilloughby Ave10003+NYMyrtle Ave+10003'
-73.9313,40.7464,105,43,'NY33rd St10003+NY43rd Ave+10003'
-73.9313,40.6794,9,8,'NYFulton St10003+NYStuyvesant Ave+10003|NYStuyvesant Ave10003'
-73.9313,40.6606,1,3,'NYRutland Rd10003+NYUtica Ave+10003'
-73.9313,40.7691,3,57,'NY30th Dr10003+NY14th St+10003'
-73.9313,40.5857,1,5,'NYShore Pkwy10002+NYKnapp St+10002|NYKnapp St10003+NYLeif Ericson Dr+10003|NYKnapp St10003+NYBelt Pkwy+10003|NYLeif Ericson Dr10002'
-73.9313,40.7292,0,4,'NYReview Ave10003|NYReview Ave10003+NYLaurel Hill Blvd+10003|NYLaurel Hill Blvd10003'
-73.9313,40.8548,2,176,'NYW 189 St10003+NYWadsworth Ave+10003|NYWadsworth Ave10003+NYW 189th St+10003'
-73.9313,40.8593,42,311,'NYBroadway10002+NYNagle Ave+10002|NYBroadway10002+NYBennett Ave+10002|NYBroadway10002+NYHillside Ave+10002|NYUS Rte 910002+NYNagle Ave+10002|NYUS Rte 910002+NYBennett Ave+10002|NYUS Rte 910002+NYHillside Ave+10002|NYNagle Ave10003|NYNagle Ave10003+NYBennett Ave+10003|NYBennett Ave10003|NYBennett Ave10003+NYHillside Ave+10003|NYHillside Ave10003'
-73.9313,40.7043,24,126,'NYRock St10003|NYRock St10003+NYMorgan Ave+10003'
-73.9313,40.6948,30,126,'NYBroadway10003+NYMalcolm X Blvd+10003|NYBroadway10003+NYReid Ave+10003|NYMalcolm X Blvd10003|NYMalcolm X Blvd10003+NYReid Ave+10003|NYReid Ave10003'
-73.9313,40.6238,0,7,'NYFlatlands Ave10003+NYE 46th St+10003'
-73.9313,40.7370,14,9,'NYI 49510001+NYGreenpoint Ave+10001|NYGreenpoint Ave10003+NYLong Island Expy+10003|NYGreenpoint Ave10003+NYQueens Midtown Expy+10003'
-73.9313,40.5960,0,2,'NYDictum Ct10003|NYDictum Ct10003+NYPlumb 2nd St+10003|NYDictum Ct10003+NYAllen Ave+10003|NYPlumb 2nd St10003|NYPlumb 2nd St10003+NYAllen Ave+10003'
-73.9313,40.6670,2,36,'NYPresident St10003+NYUtica Ave+10003'
-73.9313,40.7016,7,113,'NYGeorge St10003+NYCentral Ave+10003'
-73.9313,40.6992,4,45,'NYEvergreen Ave10003+NYJefferson St+10003|NYJefferson St10003'
-73.9313,40.7715,7,53,'NYWelling Ct10003|NYWelling Ct10003+NY12th St+10003|NYWelling Ct10003+NY30th Ave+10003|NY12th St10003+NY30th Ave+10003'
-73.9313,40.8688,17,56,'NYState Rte 9a10002+NYDyckman St+10002|NYDyckman St10003|NYDyckman St10003+NYHenry Hudson Pkwy+10003'
-73.9313,40.7467,1,0,'NY33rd St10003'
-73.9313,40.7976,6,234,'NYPleasant Ave10003|NYPleasant Ave10003+NYE 120th St+10003|NYPleasant Ave10003+NYE 120 St+10003'
-73.9313,40.7520,70,25,'NYNorthern Blvd10002+NY33rd St+10002|NYState Hwy 25 Alt10002+NY33rd St+10002|NY33rd St10003|NY33rd St10003+NYQueens Plz E+10003'
-73.9313,40.8137,9,5,'NYMajor Deegan Expy10001+NYE 138th St+10001|NYE 138th St10003+NYI 87+10003'
-73.9313,40.5854,2,6,'NYShore Pkwy S10003+NYKnapp St+10003|NYShore Pkwy10003+NYKnapp St+10003'
-73.9313,40.7534,5,17,'NY38th Ave10003+NY32nd St+10003'
-73.9313,40.8207,4,8,'NYE 150th St10003'
-73.9313,40.6975,6,5,'NYWilloughby Ave10003+NYCharles Pl+10003'
-73.9312,40.8295,12,46,'NYJerome Ave10003|NYJerome Ave10003+NYOgden Ave+10003|NYOgden Ave10003'
-73.9312,40.6974,21,68,'NYMyrtle Ave10003+NYCharles Pl+10003|NYCharles Pl10003'
-73.9312,40.6678,27,165,'NYUnion St10003+NYUtica Ave+10003'
-73.9312,40.6937,22,173,'NYReid Ave10003|NYReid Ave10003+NYMalcom X Blvd+10003|NYReid Ave10003+NYReid Ave+10003|NYReid Ave10003+NYMalcolm X Blvd+10003|NYReid Ave10003+NYDekalb Ave+10003|NYMalcom X Blvd10003|NYMalcom X Blvd10003+NYReid Ave+10003|NYMalcom X Blvd10003+NYMalcolm X Blvd+10003|NYMalcom X Blvd10003+NYDekalb Ave+10003|NYMalcolm X Blvd10003+NYDekalb Ave+10003'
-73.9312,40.8018,32,56,'NYMartin Luther King Blvd10003|NYMartin Luther King Blvd10003+NY1st Ave+10003|NYMartin Luther King Blvd10003+NY1 Ave+10003|NYDr Martin Luther King Jr Blvd10003|NYDr Martin Luther King Jr Blvd10003+NY1st Ave+10003|NYDr Martin Luther King Jr Blvd10003+NY1 Ave+10003|NYE 125th St10003+NY1st Ave+10003|NYE 125th St10003+NY1 Ave+10003|NYE 125 St10003+NY1st Ave+10003|NYE 125 St10003+NY1 Ave+10003'
-73.9312,40.7249,0,1,'NYAnthony St10003|NYAnthony St10003+NYGardner Ave+10003'
-73.9312,40.8034,3,37,'NYE 127th St10003|NYE 127th St10003+NYE 127th St+10003|NYE 127 St10003|NYE 127 St10003+NYE 127th St+10003'
-73.9312,40.7038,220,293,'NYWilson Ave10003|NYWilson Ave10003+NYFlushing Ave+10003|NYWilson Ave10003+NYMorgan Ave+10003|NYFlushing Ave10003+NYMorgan Ave+10003|NYMorgan Ave10003'
-73.9312,40.8116,5,134,'NYE 135th St10003|NYE 135th St10003+NYPark Ave+10003'
-73.9312,40.7941,18,19,'NYE 116th St10003|NYE 116th St10003+NYF D R Dr+10003|NYE 116th St10003+NYE River Dr+10003'
-73.9311,40.6947,53,257,'NYBroadway10003+NYLawton St+10003|NYLawton St10003'
-73.9311,40.6314,0,3,'NYKings Hwy10003+NYSchenectady Ave+10003|NYKings Hwy10003+NYE 47th St+10003'
-73.9311,40.8163,1,1,'NYMajor Deegan Expy10001|NYMajor Deegan Expy10001+NYMajor Deegan Expy+10001|NYMajor Deegan Expy10001+NYI 87+10001|NYI 8710001|NYI 8710001+NYI 87+10001'
-73.9311,40.7381,0,2,'NY35th St10003|NY35th St10003+NY49th Ave+10003|NY35th St10003+NYHunters Point Ave+10003'
-73.9311,40.8272,10,15,'NYE 157th St10003|NYE 157th St10003+NYMajor Deegan Expy+10003|NYE 157th St10003+NYI 87+10003'
-73.9311,40.6967,10,62,'NYSuydam St10003+NYBushwick Ave+10003'
-73.9311,40.6583,0,42,'NYWinthrop St10003+NYUtica Ave+10003'
-73.9311,40.5844,0,22,'NYEmmons Ave10003+NYKnapp St+10003|NYKnapp St10003'
-73.9311,40.7550,55,108,'NY37th Ave10003+NY31st St+10003'
-73.9310,40.7740,13,141,'NY9th St10003|NY9th St10003+NY27th Ave+10003'
-73.9310,40.8505,2,146,'NYW 184 St10003+NYAudubon Ave+10003|NYAudubon Ave10003+NYW 184th St+10003'
-73.9310,40.6303,1,14,'NYE 4th St10003|NYE 4th St10003+NYAve I+10003|NYE 4th St10003+NYE 47th St+10003|NYAve I10003+NYE 47th St+10003|NYE 47th St10003'
-73.9310,40.8645,0,2,'NYMargaret Corbin Dr10003+NYFt Tryon Pl+10003|NYFt Tryon Pl10003'
-73.9310,40.8136,10,12,'NYE 138th St10003+NYMajor Deegan Serv Rd+10003|NYMajor Deegan Serv Rd10003'
-73.9310,40.6128,0,4,'NYRyder St10003+NYFillmore Ave+10003'
-73.9310,40.8531,4,111,'NYW 187 St10003+NYSt Nicholas Ave+10003|NYW 187th St10003+NYSt Nicholas Ave+10003'
-73.9310,40.8668,4,80,'NYStaff St10003'
-73.9310,40.5890,0,1,'NYPlumb 1st St10003'
-73.9310,40.6072,0,10,'NYAve T10003+NYE 34th St+10003'
-73.9310,40.8346,1,6,'NYW 165th St10003|NYW 165th St10003+NYSedgwick Ave+10003'
-73.9309,40.8041,5,6,'NYHarlem River Dr10003|NYHarlem River Dr10003+NYHarlem River Dr+10003|NYHarlem River Dr10002'
-73.9309,40.8083,7,15,'NY3rd Ave10003+NYBruckner Blvd+10003|NYBruckner Blvd10003'
-73.9309,40.8319,0,8,'NYSummit Ave10003+NYW 162nd St+10003|NYW 162nd St10003'
-73.9309,40.8686,12,49,'NYState Rte 9a10002+NYDyckman St+10002|NYHenry Hudson Pkwy10002+NYDyckman St+10002'
-73.9309,40.8580,1,55,'NYW 193rd St10003|NYW 193rd St10003+NYW 193 St+10003|NYW 193rd St10003+NYBroadway Ter+10003|NYW 193 St10003|NYW 193 St10003+NYBroadway Ter+10003|NYBroadway Ter10003'
-73.9309,40.7593,58,825,'NY35th Ave10003+NY28th St+10003'
-73.9309,40.7958,4,32,'NYE 118th St10003|NYE 118 St10003'
-73.9309,40.7065,22,85,'NYKnickerbocker Ave10003+NYHarrison Pl+10003'
-73.9309,40.7264,13,14,'NYI 27810001+NYThomas St+10001|NYKosciuszko Brg10001|NYKosciuszko Brg10001+NYThomas St+10001|NYBrooklyn Queens Expy10001+NYThomas St+10001'
-73.9309,40.8481,11,38,'NYAmsterdam Ave10003+NYW 181 St+10003|NYAmsterdam Ave10003+NYW 181st St+10003|NYAmsterdam Ave10003+NYWashington Brg+10003|NYW 181 St10003|NYW 181 St10003+NYWashington Brg+10003|NYW 181st St10003|NYW 181st St10003+NYWashington Brg+10003|NYWashington Brg10003'
-73.9309,40.7661,169,351,'NY31st Dr10003+NY21st St+10003'
-73.9309,40.8040,1,5,'NYHarlem River Dr10002|NYHarlem River Dr10002+NYHarlem River Dr+10002|NYHarlem River Dr10003'
-73.9309,40.8554,3,125,'NYW 190th St10003+NYWadsworth Ave+10003|NYWadsworth Ave10003+NYW 190 St+10003'
-73.9309,40.7242,0,2,'NYLombardy St10003+NYGardner Ave+10003|NYGardner Ave10003'
-73.9309,40.8172,1,1,'NYE 144th St10003|NYE 144th St10003+NYRiver Ave+10003|NYE 144th St10003+NYExterior St+10003|NYRiver Ave10003+NYExterior St+10003|NYExterior St10003'
-73.9309,40.7639,5,78,'NY33rd Ave10003+NY23rd St+10003'
-73.9308,40.8109,2,20,'NYE 135th St10003|NYE 135th St10003+NYE 135th St+10003|NYE 135th St10003+NYCanal St W+10003|NYCanal St W10003'
-73.9308,40.7372,41,28,'NYBorden Ave10003+NYGreenpoint Ave+10003'
-73.9308,40.7281,0,1,'NYScott Ave10003'
-73.9308,40.6373,2,19,'NYE 48th St10003+NYFarragut Rd+10003'
-73.9308,40.6724,10,210,'NYPark Pl10003+NYUtica Ave+10003'
-73.9308,40.6280,0,25,'NYE 4th St10003+NYAve J+10003'
-73.9308,40.7721,0,15,'NYAstoria Blvd10003+NYMain Ave+10003|NYMain Ave10003'
-73.9308,40.8606,13,205,'NYW 196th St10003|NYW 196th St10003+NYBroadway+10003|NYW 196th St10003+NYUS Rte 9+10003|NYBroadway10002+NYW 196 St+10002|NYUS Rte 910002+NYW 196 St+10002|NYW 196 St10003'
-73.9308,40.6989,5,33,'NYEvergreen Ave10003+NYTroutman St+10003|NYTroutman St10003'
-73.9308,40.8103,0,1,'NYMajor Deegan Expy10001+NYCanal Pl+10001|NYI 8710001+NYCanal Pl+10001'
-73.9308,40.6915,9,250,'NYVan Buren St10003|NYVan Buren St10003+NYReid Ave+10003|NYVan Buren St10003+NYMalcolm X Blvd+10003'
-73.9307,40.6456,2,19,'NYCortelyou Rd10003+NYE 49th St+10003'
-73.9307,40.5874,0,1,'NYPlumb 1st St10003'
-73.9307,40.6366,0,1,'NYE 48th St10003|NYE 48th St10003+NYHarwood Pl+10003|NYHarwood Pl10003'
-73.9307,40.8093,1,23,'NYE 134th St10003'
-73.9307,40.8306,3,29,'NYW 161st St10003|NYW 161st St10003+NYW 161st St Exd+10003|NYW 161st St10003+NYOgden Ave+10003|NYW 161st St Exd10003|NYW 161st St Exd10003+NYOgden Ave+10003'
-73.9307,40.8024,2,17,'NYE 126th St10003|NYE 126th St10003+NY1st Ave+10003|NYE 126th St10003+NY1 Ave+10003|NYE 126 St10003|NYE 126 St10003+NY1st Ave+10003|NYE 126 St10003+NY1 Ave+10003|NY1st Ave10003'
-73.9307,40.7379,5,10,'NY35th St10003|NY35th St10003+NY49th Ave+10003|NY35th St10003+NYHunters Point Ave+10003'
-73.9307,40.8205,5,12,'NYCromwell Ave10003|NYCromwell Ave10003+NYMajor Deegan Expy+10003|NYCromwell Ave10003+NYE 150th St+10003|NYCromwell Ave10003+NYI 87+10003'
-73.9307,40.6636,0,7,'NYLefferts Ave10003|NYLefferts Ave10003+NYE 91st St+10003|NYLefferts Ave10003+NYE New York Ave+10003|NYE 91st St10003|NYE 91st St10003+NYE New York Ave+10003'
-73.9307,40.6158,0,4,'NYHendrickson St10003+NYAve R+10003'
-73.9306,40.5990,0,1,'NYStuart St10003+NYWhitney Ave+10003'
-73.9306,40.7265,2,3,'NYI 27810001+NYThomas St+10001'
-73.9306,40.7051,4,42,'NYThames St10003+NYVandervoort Pl+10003|NYVandervoort Pl10003'
-73.9306,40.5948,0,2,'NYBijou Ave10003+NYEbony Ct+10003'
-73.9306,40.8485,6,41,'NYMc Nally Plz10003|NYMc Nally Plz10003+NYAmsterdam Ave+10003|NYMc Nally Plz10003+NYW 182 St+10003|NYMc Nally Plz10003+NYLaurel Hill Ter+10003|NYAmsterdam Ave10003+NYW 182 St+10003|NYAmsterdam Ave10003+NYLaurel Hill Ter+10003|NYW 182 St10003|NYW 182 St10003+NYLaurel Hill Ter+10003|NYLaurel Hill Ter10003'
-73.9306,40.8194,14,19,'NYHostos Blvd10003|NYHostos Blvd10003+NYE 149th St+10003|NYHostos Blvd10003+NYMajor Deegan Expy+10003|NYHostos Blvd10003+NYEugenio Maria de Hostos Blvd+10003|NYHostos Blvd10003+NYI 87+10003|NYE 149th St10003|NYE 149th St10003+NYMajor Deegan Expy+10003|NYE 149th St10003+NYEugenio Maria de Hostos Blvd+10003|NYE 149th St10003+NYE 149th St+10003|NYE 149th St10003+NYI 87+10003|NYMajor Deegan Expy10001+NYEugenio Maria de Hostos Blvd+10001|NYMajor Deegan Expy10001+NYE 149th St+10001|NYEugenio Maria de Hostos Blvd10003|NYEugenio Maria de Hostos Blvd10003+NYE 149th St+10003|NYEugenio Maria de Hostos Blvd10003+NYI 87+10003'
-73.9306,40.6169,0,5,'NYFlatbush Ave10003+NYE 46th St+10003|NYE 46th St10003'
-73.9306,40.8511,2,78,'NYW 185th St10003+NYAudubon Ave+10003|NYAudubon Ave10003+NYW 185 St+10003'
-73.9306,40.6102,0,4,'NYE 37th St10003+NYAvenue S+10003'
-73.9306,40.8153,4,16,'NYMajor Deegan Serv Rd10003|NYMajor Deegan Serv Rd10003+NYRiver Ave+10003|NYMajor Deegan Serv Rd10003+NYE 140th St+10003|NYMajor Deegan Serv Rd10003+NYGerard Ave+10003|NYRiver Ave10003|NYRiver Ave10003+NYE 140th St+10003|NYRiver Ave10003+NYGerard Ave+10003|NYE 140th St10003|NYE 140th St10003+NYGerard Ave+10003|NYGerard Ave10003'
-73.9306,40.8179,2,6,'NYRiver Ave10003+NYExterior St+10003|NYRiver Ave10003+NYE 146th St+10003|NYExterior St10003|NYExterior St10003+NYE 146th St+10003|NYE 146th St10003'
-73.9306,40.7035,43,133,'NYWilson Ave10003+NYNoll St+10003'
-73.9306,40.5964,0,3,'NYBevy Ct10003|NYBevy Ct10003+NYAllen Ave+10003'
-73.9306,40.8134,11,8,'NYE 138th St10003+NYWalton Ave+10003|NYWalton Ave10003'
-73.9306,40.7700,3,142,'NY30th Rd10003+NY14th St+10003'
-73.9305,40.7612,306,316,'NYCrescent St10003+NY34th Ave+10003'
-73.9305,40.7011,4,169,'NYCentral Ave10003+NYMelrose St+10003'
-73.9305,40.8537,8,166,'NYW 188th St10003+NYSt Nicholas Ave+10003|NYW 188 St10003+NYSt Nicholas Ave+10003'
-73.9305,40.6750,2,54,'NYUtica Ave10003+NYBergen St+10003'
-73.9305,40.5861,0,2,'NYPlumb 1st St10003'
-73.9305,40.6988,24,127,'NYTroutman St10003|NYTroutman St10003+NYEvergreen Ave+10003'
-73.9305,40.6943,68,250,'NYBroadway10003+NYDodworth St+10003|NYDodworth St10003'
-73.9305,40.5868,0,1,'NYPlumb 1st St10003'
-73.9305,40.6963,8,65,'NYHart St10003|NYHart St10003+NYBushwick Ave+10003'
-73.9305,40.7943,5,11,'NYE 117 St10002'
-73.9305,40.8664,21,326,'NYHenshaw St10003|NYHenshaw St10003+NYRiverside Dr+10003'
-73.9305,40.8028,1,7,'NY1st Ave10003|NY1st Ave10003+NYE 127th St+10003|NYE 127th St10003|NYE 127th St10003+NY1 Ave+10003|NY1 Ave10003'
-73.9305,40.7530,37,35,'NY38th Ave10003+NY33rd St+10003'
-73.9305,40.8105,3,8,'NYE 135th St10003+NYCanal Pl+10003'
-73.9305,40.8487,1,32,'NYAmsterdam Ave10003+NYW 182nd St+10003|NYAmsterdam Ave10003+NYW 182 St+10003|NYW 182nd St10003|NYW 182 St10003'
-73.9305,40.6622,22,26,'NYE 51st St10003|NYE 51st St10003+NYRemsen Ave+10003'
-73.9305,40.6758,1,39,'NYDean St10003+NYUtica Ave+10003'
-73.9304,40.8561,1,62,'NYWadsworth Ave10003+NYW 191st St+10003|NYWadsworth Ave10003+NYW 191 St+10003|NYW 191st St10003|NYW 191 St10003'
-73.9304,40.7157,5,4,'NYIvy Hill Rd10003'
-73.9304,40.7667,81,209,'NY21st St10003+NY31st Rd+10003'
-73.9304,40.6766,14,52,'NYPacific St10003+NYUtica Ave+10003'
-73.9304,40.7645,42,450,'NY23rd St10003+NYBroadway+10003'
-73.9304,40.9478,0,1,'NJChurch St10003+NJHaring Ln+10003|NJHaring Ln10003'
-73.9304,40.8345,1,25,'NYW 165th St10003+NYDr Martin Luther King Jr Blvd+10003|NYW 165th St10003+NYUniversity Ave+10003'
-73.9303,40.6963,5,33,'NYHart St10003|NYHart St10003+NYBushwick Ave+10003'
-73.9303,40.5573,0,5,'NYRockaway Point Blvd10003+NYBeach 221st St+10003|NYBeach 221st St10003'
-73.9303,40.6607,3,9,'NYRutland Rd10003+NYE 51st St+10003'
-73.9303,40.7059,8,65,'NYGrattan St10003+NYKnickerbocker Ave+10003'
-73.9303,40.7269,2,3,'NYI 27810001+NYScott Ave+10001|NYKosciuszko Brg10001+NYScott Ave+10001|NYBrooklyn Queens Expy10001+NYScott Ave+10001'
-73.9303,40.7545,6,81,'NY32nd St10003+NY37th Ave+10003'
-73.9303,40.7469,41,19,'NY34th St10003'
-73.9303,40.6234,0,13,'NYAve L10003+NYE 47th St+10003'
-73.9303,40.6132,0,1,'NYFillmore Ave10003+NYKimball St+10003'
-73.9303,40.8133,7,6,'NYE 138th St10003+NYGrand Concourse+10003|NYGrand Concourse10003'
-73.9303,40.6323,0,28,'NYKings Hwy10003+NYE 48th St+10003'
-73.9303,40.6076,0,3,'NYAve T10003+NYE 35th St+10003'
-73.9303,40.7755,5,31,'NY9th St10003+NYShore Blvd+10003|NY9th St10003+NY26th Ave+10003|NYShore Blvd10003|NYShore Blvd10003+NY26th Ave+10003|NY26th Ave10003'
-73.9303,40.7268,2,3,'NYI 27810001+NYScott Ave+10001'
-73.9302,40.7041,31,191,'NYFlushing Ave10003+NYVandervoort Pl+10003|NYVandervoort Pl10003'
-73.9302,40.7377,17,23,'NY49th Ave10003+NY36th St+10003|NY36th St10003|NY36th St10003+NYHunters Point Ave+10003'
-73.9302,40.8332,1,31,'NYSummit Ave10003+NYW 164th St+10003|NYW 164th St10003'
-73.9302,40.7719,0,10,'NY29th Ave10003|NY29th Ave10003+NY12th St+10003'
-73.9302,40.8407,1,7,'NYDepot Pl10003'
-73.9302,40.5967,0,2,'NYAster Ct10003|NYAster Ct10003+NYAllen Ave+10003'
-73.9302,40.8030,3,22,'NYHarlem River Dr10002+NY1st Ave+10002'
-73.9302,40.6886,11,206,'NYGates Ave10003+NYReid Ave+10003|NYGates Ave10003+NYMalcolm X Blvd+10003'
-73.9302,40.7520,95,53,'NYNorthern Blvd10002+NY34th St+10002|NY34th St10003|NY34th St10003+NYState Hwy 25 Alt+10003|NY34th St10003+NYQueens Plz E+10003'
-73.9301,40.8030,0,4,'NY1st Ave10003|NY1st Ave10003+NYWillis Avenue Brg+10003|NYWillis Avenue Brg10003'
-73.9301,40.7721,0,61,'NYAstoria Blvd10003+NY12th St+10003'
-73.9301,40.8587,7,333,'NYHillside Ave10003+NYBogardus Pl+10003|NYBogardus Pl10003'
-73.9301,40.8316,2,52,'NYW 162nd St10003+NYOgden Ave+10003'
-73.9301,40.8089,12,88,'NYE 134th St10003+NY3rd Ave+10003'
-73.9301,40.8518,2,64,'NYW 186th St10003+NYAudubon Ave+10003|NYW 186 St10003+NYAudubon Ave+10003'
-73.9301,40.5845,0,1,'NYPlumb 1st St10003+NYEmmons Ave+10003|NYEmmons Ave10003'
-73.9301,40.8102,4,9,'NYRider Ave10003|NYRider Ave10003+NYE 135th St+10003'
-73.9301,40.8543,3,141,'NYW 189 St10003+NYSt Nicholas Ave+10003|NYW 189th St10003+NYSt Nicholas Ave+10003'
-73.9301,40.8013,13,15,'NYE 125th St10003|NYE 125th St10003+NYE 125th St+10003|NYE 125th St10003+NYE 125 St+10003|NYE 125 St10003'
-73.9300,40.6878,5,44,'NYReid Ave10003+NYMonroe St+10003'
-73.9300,40.8070,1,1,'NYE 132nd St10003|NYE 132nd St10003+NYLincoln Ave+10003'
-73.9300,40.8493,4,76,'NYAmsterdam Ave10003+NYW 183 St+10003|NYAmsterdam Ave10003+NYW 183rd St+10003|NYW 183 St10003|NYW 183rd St10003'
-73.9300,40.8170,0,1,'NYE 144th St10003+NYGerard Ave+10003'
-73.9300,40.6457,1,39,'NYCortelyou Rd10003'
-73.9300,40.7144,2,4,'NYMetropolitan Ave10003+NYVarick Ave+10003|NYVarick Ave10003'
-73.9300,40.8634,13,220,'NYDongan Pl10003|NYDongan Pl10003+NYBroadway+10003|NYDongan Pl10003+NYUS Rte 9+10003'
-73.9300,40.8678,9,26,'NYDyckman St10003+NYStaff St+10003|NYStaff St10003'
-73.9300,40.6983,9,183,'NYWilloughby Ave10003+NYEvergreen Ave+10003'
-73.9299,40.7375,12,23,'NY49th Ave10003+NYGreenpoint Ave+10003|NYGreenpoint Ave10003+NYHunters Point Ave+10003'
-73.9299,40.5971,0,4,'NYAvenue W10003|NYAvenue W10003+NYGerritsen Ave+10003'
-73.9299,40.5994,0,6,'NYWhitney Ave10003|NYWhitney Ave10003+NYBurnett St+10003'
-73.9299,40.7709,9,212,'NY30th Ave10003+NY14th St+10003'
-73.9299,40.8017,13,47,'NYHarlem River Dr10002+NYHarlem River Dr+10002|NYHarlem River Dr10003'
-73.9299,40.8300,3,21,'NYE 161st St10003|NYE 161st St10003+NYWoodycrest Ave+10003|NYE 161st St10003+NYJerome Ave+10003|NYWoodycrest Ave10003|NYWoodycrest Ave10003+NYJerome Ave+10003'
-73.9299,40.6163,0,3,'NYAve R10003|NYAve R10003+NYFlatbush Ave+10003|NYAve R10003+NYAve O+10003|NYFlatbush Ave10003+NYAve O+10003|NYAve O10003'
-73.9299,40.8622,16,44,'NYBroadway10002+NYSherman Ave+10002|NYSherman Ave10003|NYSherman Ave10003+NYUS Rte 9+10003'
-73.9299,40.6960,3,80,'NYLawton St10003|NYLawton St10003+NYBushwick Ave+10003'
-73.9299,40.6871,6,96,'NYMadison St10003+NYReid Ave+10003|NYMadison St10003+NYMalcolm X Blvd+10003'
-73.9299,40.6107,1,4,'NYAvenue S10003+NYE 38th St+10003'
-73.9299,40.7260,1,0,'NYCherry St10003+NYScott Ave+10003'
-73.9299,40.8130,7,24,'NYE 138th St10003+NYGrand Concourse+10003|NYGrand Concourse10003'
-73.9299,40.7736,1,161,'NY12th St10003+NY27th Ave+10003|NY12th St10003+NYNewton Ave+10003|NY27th Ave10003+NYNewton Ave+10003|NYNewton Ave10003'
-73.9299,40.6640,0,9,'NYE New York Ave10003+NYE 92nd St+10003|NYE 92nd St10003'
-73.9299,40.6374,2,14,'NYFarragut Rd10003+NYE 49th St+10003'
-73.9299,40.7673,178,525,'NY21st St10003+NY31st Ave+10003'
-73.9299,40.8660,26,213,'NYRiverside Dr10003+NYPayson Ave+10003|NYPayson Ave10003'
-73.9298,40.7030,31,284,'NYWilson Ave10003+NYGeorge St+10003'
-73.9298,40.6328,0,6,'NYKings Hwy10003+NYAve H+10003'
-73.9298,40.7970,17,61,'NYE 120th St10003+NYPaladino Ave+10003|NYPaladino Ave10003|NYPaladino Ave10003+NYE 120 St+10003'
-73.9298,40.6786,5,16,'NYHerkimer St10003+NYUtica Ave+10003'
-73.9298,40.7043,24,96,'NYNoll St10003|NYNoll St10003+NYFlushing Ave+10003'
-73.9298,40.7277,3,2,'NYTownsend St10003'
-73.9298,40.6188,0,23,'NYE 47th St10003+NYAvenue N+10003'
-73.9298,40.7007,12,278,'NYJefferson St10003+NYCentral Ave+10003'
-73.9298,40.7962,13,16,'NYF D R Dr10002+NYE 119 St+10002|NYF D R Dr10002+NYE 119th St+10002|NYE River Dr10002+NYE 119 St+10002|NYE River Dr10002+NYE 119th St+10002|NYE 117 St10002|NYE 117 St10002+NYE 119 St+10002|NYE 117 St10002+NYE 119th St+10002|NYE 119 St10003|NYE 119th St10003'
-73.9298,40.8481,0,58,'NYMc Nally Plz10003|NYMc Nally Plz10003+NYLaurel Hill Ter+10003|NYMc Nally Plz10003+NYW 182 St+10003|NYLaurel Hill Ter10003|NYLaurel Hill Ter10003+NYW 182 St+10003|NYLaurel Hill Ter10003+NYLaurel Hill Ter+10003|NYW 182 St10003|NYW 182 St10003+NYLaurel Hill Ter+10003'
-73.9298,40.8151,1,4,'NYWalton Ave10003+NYE 140th St+10003'
-73.9298,40.8012,6,12,'NYE 125th St10003+NYHarlem River Dr+10003|NYHarlem River Dr10002'
-73.9298,40.8203,6,2,'NYRiver Ave10003+NYE 150th St+10003'
-73.9298,40.8266,1,15,'NYE 157th St10003+NYRuppert Pl+10003|NYE 157th St10003+NYE 153rd St+10003|NYRuppert Pl10003|NYRuppert Pl10003+NYE 153rd St+10003|NYE 153rd St10003'
-73.9298,40.7566,595,1088,'NY31st St10003+NY36th Ave+10003'
-73.9297,40.6864,5,95,'NYPutnam Ave10003+NYReid Ave+10003'
-73.9297,40.8177,3,1,'NYE 146th St10003+NYGerard Ave+10003'
-73.9297,40.8323,0,6,'NYW 163rd St10003|NYW 163rd St10003+NYOgden Ave+10003'
-73.9297,40.8304,0,22,'NYWoodycrest Ave10003+NYW 161st St Exd+10003'
-73.9297,40.8105,5,3,'NYRider Ave10003+NYE 136th St+10003|NYE 136th St10003'
-73.9297,40.8623,0,36,'NYSherman Ave10003+NYEllwood St+10003|NYEllwood St10003'
-73.9297,40.7526,21,16,'NY38th Ave10003+NY34th St+10003'
-73.9297,40.6939,39,136,'NYBroadway10003+NYDekalb Ave+10003'
-73.9297,40.8510,0,1,'NYWashington Ter10003'
-73.9297,40.7052,20,75,'NYThames St10003+NYKnickerbocker Ave+10003'
-73.9297,40.8566,2,32,'NYW 192 St10003|NYW 192 St10003+NYWadsworth Ave+10003|NYWadsworth Ave10003+NYW 192nd St+10003|NYW 192nd St10003'
-73.9297,40.8457,2,30,'NYUS Rte 110001+NYHarlem River Dr+10001|NYI 9510001+NYHarlem River Dr+10001|NYAlexander Hamilton Brg10001+NYHarlem River Dr+10001'
-73.9297,40.7608,25,583,'NY28th St10003+NY34th Ave+10003'
-73.9296,40.7654,7,144,'NY31st Dr10003+NY23rd St+10003'
-73.9296,40.8549,12,184,'NYW 190th St10003+NYSt Nicholas Ave+10003|NYSt Nicholas Ave10003+NYW 190 St+10003'
-73.9296,40.5904,0,4,'NYKnight Ct10003+NYEverett Ave+10003'
-73.9296,40.8499,7,96,'NYW 184 St10003|NYW 184 St10003+NYAmsterdam Ave+10003|NYAmsterdam Ave10003+NYW 184th St+10003|NYW 184th St10003'
-73.9296,40.6351,1,3,'NYGlenwood Rd10003+NYE 49th St+10003|NYE 49th St10003|NYE 49th St10003+NYAve G+10003'
-73.9296,40.8232,1,9,'NYCromwell Ave10003+NYE 151st St+10003|NYE 151st St10003'
-73.9296,40.6976,13,119,'NYMyrtle Ave10003+NYSuydam St+10003'
-73.9296,40.8525,3,80,'NYW 187 St10003+NYAudubon Ave+10003|NYW 187th St10003+NYAudubon Ave+10003'
-73.9296,40.6539,4,33,'NYE 51st St10003+NYLinden Blvd+10003'
-73.9296,40.6856,4,81,'NYJefferson Ave10003+NYReid Ave+10003|NYJefferson Ave10003+NYMalcolm X Blvd+10003'
-73.9296,40.5869,0,5,'NYPlumb 2nd St10003'
-73.9296,40.6958,4,34,'NYCedar St10003|NYCedar St10003+NYBushwick Ave+10003'
-73.9296,40.8416,0,1,'NYDepot Pl Appr10003|NYDepot Pl Appr10003+NYDepot Pl Exd+10003|NYDepot Pl Appr10003+NYDepot Pl+10003|NYDepot Pl Appr10003+NYDepot Pl Appr+10003|NYDepot Pl Exd10003|NYDepot Pl Exd10003+NYDepot Pl+10003|NYDepot Pl Exd10003+NYDepot Pl Appr+10003|NYDepot Pl10003'
-73.9296,40.6137,0,9,'NYColeman St10003+NYFillmore Ave+10003'
-73.9295,40.8077,116,135,'NYBruckner Blvd10003+NYLincoln Ave+10003'
-73.9295,40.7541,49,104,'NY37th Ave10003+NY33rd St+10003'
-73.9295,40.8011,9,12,'NYE 125th St10003+NYHarlem River Dr+10003|NYE 125th St10003+NYE River Dr+10003|NYHarlem River Dr10003|NYHarlem River Dr10003+NYE River Dr+10003|NYE River Dr10003'
-73.9295,40.5938,0,1,'NYEbony Ct10003+NYChannel Ave+10003'
-73.9295,40.6081,0,15,'NYAve T10003+NYE 36th St+10003'
-73.9295,40.6164,0,3,'NYSchenectady Ave10003+NYAve O+10003|NYAve O10003+NYE 47th St+10003'
-73.9295,40.8573,2,58,'NYWadsworth Ter10003'
-73.9295,40.8093,17,15,'NYMajor Deegan Expy10001+NY3rd Ave+10001|NY3rd Ave10003+NYI 87+10003'
-73.9295,40.5955,0,1,'NYBijou Ave10003+NYBevy Ct+10003'
-73.9295,40.6250,0,4,'NYFlatlands Ave10003+NYE 48th St+10003'
-73.9295,40.5575,0,1,'NYRockaway Point Blvd10003+NYBeach 220th St+10003|NYBeach 220th St10003'
-73.9295,40.7132,8,6,'NYVarick Ave10003+NYTen Eyck St+10003'
-73.9295,40.6159,0,4,'NYFlatbush Ave10003+NYSchenectady Ave+10003|NYFlatbush Ave10003+NYE 47th St+10003|NYSchenectady Ave10003|NYE 47th St10003'
-73.9295,40.6660,0,56,'NYFord St10003|NYFord St10003+NYCarroll St+10003'
-73.9295,40.7143,4,1,'NYMetropolitan Ave10003+NYVarick Ave+10003|NYVarick Ave10003'
-73.9295,40.7624,205,223,'NYCrescent St10003+NY33rd Rd+10003|NY33rd Rd10003'
-73.9295,40.6849,4,125,'NYHancock St10003+NYMalcom X Blvd+10003|NYHancock St10003+NYReid Ave+10003|NYMalcom X Blvd10003|NYMalcom X Blvd10003+NYReid Ave+10003|NYMalcom X Blvd10003+NYMalcolm X Blvd+10003|NYReid Ave10003|NYReid Ave10003+NYReid Ave+10003|NYMalcolm X Blvd10003+NYReid Ave+10003'
-73.9294,40.7369,20,22,'NY51st Ave10003|NY51st Ave10003+NYBorden Ave+10003|NYBorden Ave10003|NYBorden Ave10003+NYBorden Ave+10003'
-73.9294,40.6613,1,2,'NYE 52nd St10003|NYE 52nd St10003+NYRemsen Ave+10003'
-73.9294,40.5855,0,1,'NYPlumb 2nd St10003|NYPlumb 2nd St10003+NYShore Pkwy N+10003'
-73.9294,40.8094,13,7,'NYMajor Deegan Expy10001+NY3rd Ave+10001|NYI 8710001+NY3rd Ave+10001'
-73.9294,40.6332,1,10,'NYKings Hwy10003+NYE 49th St+10003'
-73.9294,40.6642,0,3,'NYE New York Ave10003+NYMontgomery St+10003|NYMontgomery St10003'
-73.9294,40.7715,0,3,'NY29th Ave10003+NY14th St+10003'
-73.9294,40.6977,1,35,'NYSuydam St10003+NYEvergreen Ave+10003'
-73.9294,40.6607,1,4,'NYRutland Rd10003+NYE 52nd St+10003|NYRutland Rd10003+NYGreenstreet+10003|NYE 52nd St10003+NYGreenstreet+10003|NYGreenstreet10003'
-73.9294,40.8329,3,10,'NYW 164th St10003+NYOgden Ave+10003'
-73.9294,40.8347,0,22,'NYSummit Ave10003+NYW 165th St+10003'
-73.9294,40.8423,3,7,'NYDepot Pl Appr10003|NYDepot Pl Appr10003+NYExterior St+10003|NYExterior St10003'
-73.9294,40.8515,0,21,'NYWashington Ter10003|NYWashington Ter10003+NYW 186th St+10003|NYWashington Ter10003+NYW 186 St+10003'
-73.9293,40.8673,10,102,'NYHenshaw St10003|NYHenshaw St10003+NYDyckman St+10003'
-73.9293,40.7471,41,57,'NY35th St10003|NY35th St10003+NYHoneywell St+10003|NYHoneywell St10003'
-73.9293,40.8126,9,46,'NYE 138th St10003+NYPark Ave+10003|NYPark Ave10003'
-73.9293,40.6976,9,64,'NYMyrtle Ave10003+NYEvergreen Ave+10003'
-73.9293,40.6842,8,90,'NYHalsey St10003+NYMalcom X Blvd+10003|NYHalsey St10003+NYReid Ave+10003|NYMalcom X Blvd10003|NYMalcom X Blvd10003+NYMalcolm X Blvd+10003|NYMalcom X Blvd10003+NYReid Ave+10003|NYMalcolm X Blvd10003+NYReid Ave+10003|NYReid Ave10003|NYReid Ave10003+NYReid Ave+10003'
-73.9293,40.6651,0,9,'NYFord St10003+NYCrown St+10003'
-73.9293,40.8361,0,24,'NYW 166th St10003|NYW 166th St10003+NYDr Martin Luther King Jr Blvd+10003|NYW 166th St10003+NYUniversity Ave+10003'
-73.9292,40.7378,6,125,'NYGreenpoint Ave10003+NY37th St+10003|NY37th St10003'
-73.9292,40.6956,9,102,'NYDodworth St10003|NYDodworth St10003+NYBushwick Ave+10003'
-73.9292,40.7997,30,94,'NYE River Dr10003|NYE River Dr10003+NYE River Dr+10003|NYE River Dr10003+NYF D R Dr+10003|NYE River Dr10002|NYF D R Dr10002'
-73.9292,40.7882,55,38,'NYWards Is Rd10003'
-73.9292,40.8096,29,22,'NYE 135th St10003+NY3rd Ave+10003'
-73.9292,40.8505,8,87,'NYW 185th St10003|NYW 185th St10003+NYAmsterdam Ave+10003|NYAmsterdam Ave10003+NYW 185 St+10003|NYW 185 St10003'
-73.9292,40.7246,1,2,'NYLombardy St10003+NYScott Ave+10003|NYScott Ave10003'
-73.9292,40.7967,12,15,'NYE 120th St10003|NYE 120th St10003+NYF D R Dr+10003|NYE 120th St10003+NYE River Dr+10003|NYF D R Dr10002|NYF D R Dr10002+NYE River Dr+10002|NYF D R Dr10002+NYE 120 St+10002|NYF D R Dr10002+NYF D R Dr+10002|NYE River Dr10002|NYE River Dr10002+NYE River Dr+10002|NYE River Dr10002+NYE 120 St+10002|NYE River Dr10002+NYF D R Dr+10002|NYE 120 St10003|NYE 120 St10003+NYF D R Dr+10003'
-73.9292,40.8125,10,30,'NYPark Ave10003|NYPark Ave10003+NYE 138th St+10003'
-73.9292,40.6112,0,8,'NYRyder St10003+NYAvenue S+10003'
-73.9292,40.8556,6,94,'NYW 191st St10003+NYSt Nicholas Ave+10003|NYW 191 St10003+NYSt Nicholas Ave+10003'
-73.9292,40.6643,6,7,'NYFord St10003|NYFord St10003+NYE New York Ave+10003'
-73.9292,40.7520,83,57,'NY35th St10003|NY35th St10003+NYNorthern Blvd+10003|NY35th St10003+NYState Hwy 25 Alt+10003|NY35th St10003+NYQueens Plz E+10003'
-73.9292,40.6834,6,185,'NYMacon St10003+NYReid Ave+10003'
-73.9292,40.6055,0,7,'NYE 34th St10003|NYE 34th St10003+NYAve U+10003'
-73.9292,40.7660,7,66,'NY23rd St10003+NY31st Rd+10003'
-73.9291,40.8531,3,112,'NYAudubon Ave10003+NYW 188th St+10003|NYAudubon Ave10003+NYW 188 St+10003'
-73.9291,40.7278,2,3,'NYKosciusko Brg10001|NYKosciusko Brg10001+NYI 278+10001|NYKosciusko Brg10001+NYKosciuszko Brg+10001|NYKosciusko Brg10001+NYBrooklyn Queens Expy+10001|NYI 27810001|NYI 27810001+NYBrooklyn Queens Expy+10001|NYI 27810001+NYI 278+10001|NYKosciuszko Brg10001|NYKosciuszko Brg10001+NYBrooklyn Queens Expy+10001|NYKosciuszko Brg10001+NYI 278+10001|NYBrooklyn Queens Expy10001|NYBrooklyn Queens Expy10001+NYBrooklyn Queens Expy+10001'
-73.9291,40.7719,2,32,'NY28th Ave10003|NY28th Ave10003+NY14th St+10003|NY14th St10003'
-73.9291,40.7682,138,452,'NY21st St10003+NY30th Dr+10003'
-73.9291,40.5957,0,1,'NYAster Ct10003+NYBijou Ave+10003'
-73.9291,40.8242,4,4,'NYCromwell Ave10003'
-73.9291,40.8009,0,6,'NYE 125th St10003|NYE 125th St10003+NYTriborough Brg+10003|NYTriborough Brg10002'
-73.9291,40.7026,34,281,'NYWilson Ave10003+NYMelrose St+10003'
-73.9291,40.6793,8,18,'NYFulton St10003+NYMalcolm X Blvd+10003|NYFulton St10003+NYReid Ave+10003|NYFulton St10003+NYUtica Ave+10003|NYMalcolm X Blvd10003|NYMalcolm X Blvd10003+NYUtica Ave+10003|NYReid Ave10003|NYReid Ave10003+NYUtica Ave+10003|NYUtica Ave10003'
-73.9291,40.8084,4,77,'NYE 134th St10003+NYLincoln Ave+10003'
-73.9291,40.6609,2,4,'NYRemsen Ave10003+NYGreenstreet+10003|NYRemsen Ave10003+NYRutland Rd+10003|NYGreenstreet10003|NYGreenstreet10003+NYRutland Rd+10003|NYRutland Rd10003'
-73.9291,40.6644,0,6,'NYE New York Ave10003+NYE 93rd St+10003|NYE 93rd St10003'
-73.9290,40.7752,5,195,'NY12th St10003+NY26th Ave+10003|NY26th Ave10003'
-73.9290,40.7003,43,742,'NYTroutman St10003+NYCentral Ave+10003'
-73.9290,40.8313,0,34,'NYW 162nd St10003+NYWoodycrest Ave+10003'
-73.9290,40.8167,0,1,'NYE 144th St10003+NYWalton Ave+10003'
-73.9290,40.7083,15,110,'NYJohnson Ave10003+NYPorter Ave+10003|NYPorter Ave10003'
-73.9290,40.6827,3,97,'NYMacdonough St10003+NYReid Ave+10003'
-73.9290,40.7628,250,232,'NY33rd Ave10003+NYCrescent St+10003'
-73.9290,40.7722,5,99,'NYAstoria Blvd10003+NY14th St+10003|NYAstoria Blvd10003+NY28th Ave+10003|NY14th St10003'
-73.9290,40.7734,1,89,'NY14th St10003+NYNewton Ave+10003|NY27th Ave10003+NYNewton Ave+10003|NYNewton Ave10003'
-73.9290,40.7562,64,248,'NY32nd St10003+NY36th Ave+10003'
-73.9290,40.7522,7,7,'NY38th Ave10003+NY35th St+10003'
-73.9289,40.8123,5,10,'NYE 138th St10003+NYCanal St W+10003|NYCanal St W10003'
-73.9289,40.8008,3,4,'NYTriborough Brg10002|NYTriborough Brg10002+NYTriborough Brg+10002|NYTriborough Brg10002+NYRobert F Kennedy Brg+10002|NYRobert F Kennedy Brg10002'
-73.9289,40.8111,5,5,'NYRider Ave10003+NYE 137th St+10003|NYE 137th St10003'
-73.9289,40.8646,16,294,'NYArden St10003|NYArden St10003+NYBroadway+10003|NYArden St10003+NYUS Rte 9+10003'
-73.9289,40.7119,1,2,'NYVarick Ave10003+NYStagg St+10003|NYStagg St10003'
-73.9289,40.6820,9,197,'NYDecatur St10003+NYReid Ave+10003'
-73.9289,40.8149,3,17,'NYGrand Concourse10003|NYGrand Concourse10003+NYGrand Concourse+10003|NYGrand Concourse10003+NYE 140th St+10003|NYE 140th St10003'
-73.9289,40.6142,0,3,'NYHendrickson St10003+NYFillmore Ave+10003'
-73.9288,40.8200,8,12,'NYE 150th St10003+NYGerard Ave+10003'
-73.9288,40.6972,5,41,'NYEvergreen Ave10003+NYHart St+10003'
-73.9288,40.6607,5,9,'NYRutland Rd10003|NYRutland Rd10003+NYRemsen Ave+10003'
-73.9288,40.6371,1,2,'NYHarwood Pl10003|NYHarwood Pl10003+NYUtica Ave+10003'
-73.9288,40.8609,1,161,'NYW 196th St10003|NYW 196th St10003+NYEllwood St+10003|NYW 196 St10003|NYW 196 St10003+NYEllwood St+10003'
-73.9288,40.5943,0,1,'NYCeleste Ct10003+NYChannel Ave+10003'
-73.9288,40.8099,9,4,'NY3rd Ave10003+NYE 136th St+10003'
-73.9288,40.5973,0,2,'NYStuart St10003|NYStuart St10003+NYAve X+10003'
-73.9288,40.7263,1,0,'NYCherry St10003'
-73.9288,40.6086,0,6,'NYAve T10003+NYE 37th St+10003'
-73.9288,40.7537,3,26,'NY34th St10003+NY37th Ave+10003'
-73.9288,40.6641,0,5,'NYE 93rd St10003'
-73.9288,40.8292,47,36,'NYE 161st St10003+NYMacombs Dam Brg+10003'
-73.9288,40.8228,11,18,'NYE 151st St10003+NYRiver Ave+10003'
-73.9287,40.8327,0,6,'NYW 164th St10003+NYNelson Ave+10003|NYNelson Ave10003'
-73.9287,40.8470,0,9,'NYHarlem River Dr10002+NYWashington Brg+10002'
-73.9287,40.7520,36,37,'NY38th Ave10003|NY38th Ave10003+NYNorthern Blvd+10003|NY38th Ave10003+NYState Hwy 25 Alt+10003|NY38th Ave10003+NYQueens Plz E+10003'
-73.9287,40.7047,114,216,'NYKnickerbocker Ave10003+NYFlushing Ave+10003'
-73.9287,40.8174,0,1,'NYWalton Ave10003+NYE 146th St+10003|NYE 146th St10003'
-73.9287,40.8667,13,130,'NYPayson Ave10003+NYDyckman St+10003'
-73.9287,40.8562,1,63,'NYW 192 St10003+NYSt Nicholas Ave+10003|NYW 192nd St10003+NYSt Nicholas Ave+10003'
-73.9287,40.7758,15,533,'NY12th St10003|NY12th St10003+NYShore Blvd+10003'
-73.9287,40.8088,1,21,'NYMajor Deegan Expy10001|NYMajor Deegan Expy10001+NYMajor Deegan Expy+10001|NYMajor Deegan Expy10001+NYLincoln Ave+10001|NYMajor Deegan Expy10001+NYI 87+10001|NYI 8710001|NYI 8710001+NYLincoln Ave+10001|NYI 8710001+NYI 87+10001|NYLincoln Ave10003+NYI 87+10003'
-73.9287,40.7860,66,42,'NYWards Is Rd10003'
-73.9287,40.8537,3,86,'NYW 189 St10003+NYAudubon Ave+10003|NYW 189th St10003+NYAudubon Ave+10003'
-73.9287,40.8359,0,10,'NYSummit Ave10003|NYSummit Ave10003+NYW 166th St+10003'
-73.9287,40.6651,0,2,'NYCrown St10003'
-73.9287,40.5960,0,1,'NYBijou Ave10003|NYBijou Ave10003+NYGerritsen Ave+10003'
-73.9287,40.6539,2,23,'NYE 52nd St10003+NYLinden Blvd+10003'
-73.9287,40.8398,1,14,'NYSedgwick Ave10003+NYW 167th St+10003|NYW 167th St10003'
-73.9287,40.8512,16,310,'NYW 186th St10003+NYAmsterdam Ave+10003|NYAmsterdam Ave10003+NYW 186 St+10003'
-73.9287,40.6797,4,49,'NYMarion St10003'
-73.9286,40.6932,27,80,'NYBroadway10003+NYKosciuszko St+10003|NYKosciuszko St10003'
-73.9286,40.9495,0,1,'NJChurch St10003'
-73.9286,40.6256,0,5,'NYE 49th St10003+NYFlatlands Ave+10003'
-73.9286,40.8626,3,115,'NYSherman Ave10003+NYSickles St+10003|NYSickles St10003'
-73.9286,40.6660,1,17,'NYCarroll St10003'
-73.9286,40.5895,0,1,'NYFlorence Ave10003+NYKnight Ct+10003|NYKnight Ct10003'
-73.9286,40.8301,31,17,'NYAnderson Ave10003|NYAnderson Ave10003+NYW 161st St Exd+10003|NYAnderson Ave10003+NYJerome Ave+10003|NYW 161st St Exd10003|NYW 161st St Exd10003+NYJerome Ave+10003'
-73.9286,40.6165,0,14,'NYAve O10003+NYE 48th St+10003'
-73.9286,40.8319,0,11,'NYW 163rd St10003|NYW 163rd St10003+NYWoodycrest Ave+10003'
-73.9286,40.7667,17,766,'NY23rd St10003+NY31st Ave+10003'
-73.9286,40.8090,17,26,'NYE 135th St10003+NYLincoln Ave+10003'
-73.9286,40.7294,7,11,'NY56th Rd10003|NY56th Rd10003+NYLaurel Hill Blvd+10003'
-73.9285,40.6646,0,6,'NYE New York Ave10003+NYRochester Ave+10003|NYRochester Ave10003'
-73.9285,40.8120,3,6,'NYE 138th St10003+NYCanal Pl+10003'
-73.9285,40.8344,3,12,'NYW 165th St10003+NYOgden Ave+10003'
-73.9285,40.5578,0,1,'NYBeach 219th St10003|NYBeach 219th St10003+NYRockaway Point Blvd+10003'
-73.9285,40.6669,1,15,'NYPresident St10003|NYPresident St10003+NYRochester Ave+10003'
-73.9285,40.6932,13,50,'NYKosciuszko St10003|NYKosciuszko St10003+NYBroadway+10003'
-73.9285,40.7367,16,24,'NY51st Ave10003+NYBorden Ave+10003|NYLaurel Hill Blvd10003|NYLaurel Hill Blvd10003+NYBorden Ave+10003|NYBorden Ave10003'
-73.9285,40.7150,2,0,'NYGrand St10003+NYStewart Ave+10003|NYStewart Ave10003'
-73.9285,40.7581,192,742,'NY35th Ave10003+NY31st St+10003'
-73.9285,40.7369,1,47,'NY49th Ave10003+NY38th St+10003|NY38th St10003|NY38th St10003+NYHunters Point Ave+10003'
-73.9285,40.5928,0,1,'NYDevon Ave10003+NYEbony Ct+10003'
-73.9285,40.6150,0,3,'NYFlatbush Ave10003+NYE 48th St+10003|NYE 48th St10003'
-73.9285,40.7691,122,311,'NY30th Rd10003+NY21st St+10003'
-73.9285,40.6116,1,4,'NYAvenue S10003+NYKimball St+10003'
-73.9284,40.6677,6,94,'NYUnion St10003|NYUnion St10003+NYRochester Ave+10003'
-73.9284,40.6060,0,2,'NYAve U10003+NYE 35th St+10003|NYE 35th St10003'
-73.9284,40.5945,0,1,'NYBevy Ct10003+NYChannel Ave+10003'
-73.9284,40.6952,11,50,'NYDekalb Ave10003|NYDekalb Ave10003+NYBushwick Ave+10003'
-73.9284,40.5890,0,1,'NYGotham Ave10003'
-73.9284,40.6785,0,2,'NYHunterfly Pl10003|NYHunterfly Pl10003+NYHerkimer St+10003'
-73.9284,40.7634,957,1221,'NYCrescent St10003+NYBroadway+10003'
-73.9284,40.8602,9,132,'NYNagle Ave10003+NYEllwood St+10003'
-73.9284,40.8566,1,21,'NYWadsworth Ave10003|NYWadsworth Ave10003+NYSt Nicholas Ave+10003'
-73.9284,40.8656,44,238,'NYSeaman Ave10003|NYSeaman Ave10003+NYRiverside Dr+10003'
-73.9284,40.7045,40,63,'NYGeorge St10003|NYGeorge St10003+NYKnickerbocker Ave+10003'
-73.9284,40.5852,0,1,'NYPlumb 3rd St10003|NYPlumb 3rd St10003+NYShore Pkwy N+10003|NYShore Pkwy N10003'
-73.9283,40.7022,37,404,'NYWilson Ave10003+NYJefferson St+10003'
-73.9283,40.7746,0,15,'NY26th Ave10003|NY26th Ave10003+NY14th St+10003'
-73.9283,40.8040,3,2,'NYWillis Ave10003|NYWillis Ave10003+NYWillis Avenue Brg+10003|NYWillis Avenue Brg10003'
-73.9283,40.7473,34,46,'NY36th St10003'
-73.9283,40.6258,1,15,'NYFlatlands Ave10003+NYAve K+10003'
-73.9283,40.7625,2,92,'NY33rd Ave10003+NY28th St+10003|NY28th St10003'
-73.9283,40.6999,2,76,'NYStarr St10003|NYStarr St10003+NYCentral Ave+10003'
-73.9283,40.6614,4,10,'NYE 91st St10003+NYRutland Rd+10003'
-73.9283,40.8188,9,55,'NYE 149th St10003+NYWalton Ave+10003'
-73.9283,40.7105,5,7,'NYVarick Ave10003+NYMeserole St+10003'
-73.9283,40.8568,1,14,'NYW 193rd St10003|NYW 193rd St10003+NYFort George Hill+10003|NYW 193rd St10003+NYW 193 St+10003|NYW 193rd St10003+NYFort George Ave+10003|NYW 193rd St10003+NYSt Nicholas Ave+10003|NYFort George Hill10003|NYFort George Hill10003+NYW 193 St+10003|NYFort George Hill10003+NYFort George Ave+10003|NYFort George Hill10003+NYSt Nicholas Ave+10003|NYW 193 St10003|NYW 193 St10003+NYFort George Ave+10003|NYW 193 St10003+NYSt Nicholas Ave+10003|NYFort George Ave10003|NYFort George Ave10003+NYSt Nicholas Ave+10003'
-73.9283,40.6951,5,19,'NYDekalb Ave10003|NYDekalb Ave10003+NYBushwick Ave+10003'
-73.9283,40.7055,18,151,'NYThames St10003+NYPorter Ave+10003'
-73.9283,40.8543,3,73,'NYW 190th St10003+NYAudubon Ave+10003|NYAudubon Ave10003+NYW 190 St+10003'
-73.9282,40.6967,2,29,'NYEvergreen Ave10003+NYCedar St+10003'
-73.9282,40.6647,0,7,'NYE 94th St10003|NYE 94th St10003+NYE New York Ave+10003'
-73.9282,40.6774,3,11,'NYHunterfly Pl10003'
-73.9282,40.7382,18,202,'NYGreenpoint Ave10003+NY38th St+10003'
-73.9282,40.8572,0,60,'NYFort George Hill10003+NYFairview Ave+10003|NYFort George Hill10003+NYSt Nicholas Ave+10003|NYFairview Ave10003|NYFairview Ave10003+NYSt Nicholas Ave+10003|NYSt Nicholas Ave10003'
-73.9282,40.8165,7,18,'NYE 144th St10003+NYGrand Concourse+10003'
-73.9282,40.8636,0,139,'NYArden St10003+NYDongan Pl+10003|NYDongan Pl10003'
-73.9282,40.7749,3,70,'NY14th St10003+NY26th Ave+10003|NY26th Ave10003'
-73.9282,40.6602,0,1,'NYE 53rd St10003|NYE 53rd St10003+NYRemsen Ave+10003'
-73.9282,40.8140,2,1,'NYPark Ave10003+NYE 140th St+10003|NYE 140th St10003'
-73.9282,40.6585,3,21,'NYE 53rd St10003+NYWinthrop St+10003'
-73.9282,40.8412,4,29,'NYDepot Pl10003|NYDepot Pl10003+NYSedgwick Ave+10003'
-73.9282,40.7558,159,304,'NY33rd St10003+NY36th Ave+10003'
-73.9282,40.8519,7,136,'NYW 187 St10003+NYAmsterdam Ave+10003|NYAmsterdam Ave10003+NYW 187th St+10003'
-73.9281,40.8241,5,24,'NYRiver Ave10003+NYE 153rd St+10003'
-73.9281,40.8388,0,13,'NYW 168th St10003|NYW 168th St10003+NYW 167th St+10003'
-73.9281,40.8096,0,4,'NYLincoln Ave10003+NYE 136th St+10003|NYE 136th St10003'
-73.9281,40.5571,0,1,'NY5th Ave10003|NY5th Ave10003+NYBeach 219th St+10003'
-73.9281,40.8117,10,30,'NYRider Ave10003+NYE 138th St+10003'
-73.9281,40.7050,15,81,'NYPorter Ave10003|NYPorter Ave10003+NYFlushing Ave+10003'
-73.9281,40.8310,3,14,'NYAnderson Ave10003+NYW 162nd St+10003|NYW 162nd St10003'
-73.9281,40.8325,0,25,'NYW 164th St10003+NYWoodycrest Ave+10003'
-73.9281,40.8219,0,86,'NYE 151st St10003+NYGerard Ave+10003'
-73.9281,40.8651,47,268,'NYBroadway10002+NYThayer St+10002|NYUS Rte 910002+NYThayer St+10002|NYThayer St10003'
-73.9281,40.6147,0,1,'NYFillmore Ave10003|NYFillmore Ave10003+NYFlatbush Ave+10003'
-73.9281,40.6091,0,10,'NYAve T10003+NYE 38th St+10003'
-73.9281,40.8662,58,317,'NYSeaman Ave10003+NYDyckman St+10003'
-73.9280,40.6929,21,33,'NYBroadway10003+NYPatchen Ave+10003|NYPatchen Ave10003'
-73.9280,40.7533,2,92,'NY35th St10003+NY37th Ave+10003'
-73.9280,40.8198,0,12,'NYWalton Ave10003+NYE 150th St+10003'
-73.9280,40.6722,5,87,'NYPark Pl10003+NYRochester Ave+10003'
-73.9280,40.8105,20,23,'NYE 137th St10003+NY3rd Ave+10003'
-73.9280,40.6926,4,41,'NYLafayette Ave10003+NYPatchen Ave+10003'
-73.9280,40.8062,0,4,'NYAlexander Ave10003|NYAlexander Ave10003+NYE 132nd St+10003'
-73.9280,40.8595,1,151,'NYBogardus Pl10003|NYBogardus Pl10003+NYEllwood St+10003'
-73.9279,40.7521,109,47,'NY36th St10003|NY36th St10003+NYNorthern Blvd+10003|NY36th St10003+NYState Hwy 25 Alt+10003|NY36th St10003+NYQueens Plz E+10003'
-73.9279,40.7136,1,2,'NYTen Eyck St10003|NYTen Eyck St10003+NYStewart Ave+10003'
-73.9279,40.8356,1,34,'NYW 166th St10003+NYOgden Ave+10003'
-73.9278,40.7738,0,10,'NY14th Pl10003'
-73.9278,40.6918,1,45,'NYVan Buren St10003+NYPatchen Ave+10003'
-73.9278,40.7767,0,97,'NYAstoria Park S10003|NYAstoria Park S10003+NYShore Blvd+10003'
-73.9278,40.7676,4,317,'NY23rd St10003+NY30th Dr+10003'
-73.9278,40.6978,33,253,'NYMyrtle Ave10003+NYHart St+10003'
-73.9278,40.6928,20,21,'NYKossuth Pl10003|NYKossuth Pl10003+NYBroadway+10003'
-73.9278,40.7699,341,460,'NY21st St10003+NY30th Ave+10003'
-73.9278,40.8452,0,1,'NYUS Hwy 110002|NYUS Hwy 110002+NYCross Bronx Expy+10002|NYUS Hwy 110002+NYUS Hwy 1+10002|NYCross Bronx Expy10002|NYCross Bronx Expy10002+NYCross Bronx Expy+10002|NYCross Bronx Expy10002+NYUS Hwy 1+10002'
-73.9278,40.6996,2,30,'NYWilloughby Ave10003|NYWilloughby Ave10003+NYCentral Ave+10003'
-73.9278,40.8342,1,12,'NYW 165th St10003+NYNelson Ave+10003'
-73.9278,40.8550,5,31,'NYW 191st St10003|NYW 191st St10003+NYAudubon Ave+10003|NYAudubon Ave10003+NYW 191 St+10003|NYW 191 St10003'
-73.9278,40.8101,0,2,'NYE 137th St10003|NYE 137th St10003+NYLincoln Ave+10003'
-73.9278,40.8629,0,116,'NYArden St10003+NYSherman Ave+10003'
-73.9278,40.6749,2,13,'NYRochester Ave10003+NYBergen St+10003'
-73.9277,40.6121,0,17,'NYColeman St10003+NYAvenue S+10003'
-73.9277,40.5933,0,3,'NYCeleste Ct10003+NYDevon Ave+10003'
-73.9277,40.6649,0,4,'NYE New York Ave10003+NYTapscott Ave+10003|NYTapscott Ave10003'
-73.9277,40.7292,6,13,'NYKosciusko Brg10001+NY56th Rd+10001|NY56th Rd10003+NYBrooklyn Queens Expy+10003|NY56th Rd10003+NYI 278+10003'
-73.9277,40.8525,1,51,'NYLaurel Hill Ter10003|NYLaurel Hill Ter10003+NYAmsterdam Ave+10003|NYLaurel Hill Ter10003+NYW 188th St+10003|NYLaurel Hill Ter10003+NYW 188 St+10003|NYAmsterdam Ave10003+NYW 188th St+10003|NYAmsterdam Ave10003+NYW 188 St+10003|NYW 188th St10003|NYW 188 St10003'
-73.9277,40.6540,0,25,'NYE 53rd St10003+NYLinden Blvd+10003'
-73.9277,40.6911,4,69,'NYPatchen Ave10003+NYGreene Ave+10003'
-73.9277,40.6757,1,16,'NYDean St10003|NYDean St10003+NYRochester Ave+10003'
-73.9277,40.8164,1,2,'NYE 144th St10003+NYAnthony J Griffin Pl+10003|NYAnthony J Griffin Pl10003'
-73.9276,40.7041,39,89,'NYKnickerbocker Ave10003+NYMelrose St+10003'
-73.9276,40.7366,14,221,'NY51st Ave10003+NY49th Ave+10003|NY51st Ave10003+NYHunters Point Ave+10003|NY51st Ave10003+NY39th St+10003|NYLaurel Hill Blvd10003+NY49th Ave+10003|NYLaurel Hill Blvd10003+NYHunters Point Ave+10003|NYLaurel Hill Blvd10003+NY39th St+10003|NY49th Ave10003|NY49th Ave10003+NY39th St+10003|NYHunters Point Ave10003|NYHunters Point Ave10003+NY39th St+10003|NY39th St10003'
-73.9276,40.7091,2,18,'NYRandolph St10003|NYRandolph St10003+NYVarick Ave+10003'
-73.9276,40.7384,5,72,'NYGreenpoint Ave10003+NY50th Ave+10003|NY50th Ave10003'
-73.9276,40.8590,2,73,'NYEllwood St10003'
-73.9276,40.7642,105,233,'NY31st Dr10003|NY31st Dr10003+NYCrescent St+10003'
-73.9276,40.8377,0,18,'NYDr Martin Luther King Jr Blvd10003+NYW 167th St+10003|NYUniversity Ave10003+NYW 167th St+10003'
-73.9276,40.8420,3,4,'NYUndercliff Ave10003'
-73.9276,40.6764,3,7,'NYPacific St10003+NYRochester Ave+10003'
-73.9276,40.6351,1,25,'NYKings Hwy10003+NYE 51st St+10003|NYE 51st St10003'
-73.9276,40.6642,0,6,'NYE 94th St10003+NYTapscott Ave+10003|NYTapscott Ave10003'
-73.9276,40.7018,35,376,'NYWilson Ave10003+NYTroutman St+10003'
-73.9276,40.6619,0,17,'NYRutland Rd10003+NYE 92nd St+10003'
-73.9276,40.7744,3,31,'NY14th Pl10003+NY26th Ave+10003'
-73.9275,40.6994,0,60,'NYWilloughby Ave10003|NYWilloughby Ave10003+NYCentral Ave+10003'
-73.9275,40.6926,22,38,'NYLafayette Ave10003|NYLafayette Ave10003+NYBroadway+10003'
-73.9275,40.6947,9,38,'NYStockholm St10003|NYStockholm St10003+NYBushwick Ave+10003'
-73.9275,40.7621,7,328,'NY33rd Ave10003|NY33rd Ave10003+NY29th St+10003'
-73.9275,40.8068,115,163,'NYAlexander Ave10003+NYBruckner Blvd+10003'
-73.9275,40.8232,1,66,'NYE 153rd St10003+NYGerard Ave+10003'
-73.9275,40.8211,0,62,'NYE 151st St10003+NYWalton Ave+10003'
-73.9275,40.8507,0,65,'NYW 186th St10003|NYW 186th St10003+NYLaurel Hill Ter+10003|NYLaurel Hill Ter10003+NYW 186 St+10003|NYW 186 St10003'
-73.9275,40.8123,0,1,'NYRider Ave10003+NYE 139th St+10003|NYE 139th St10003'
-73.9274,40.6353,0,3,'NYKings Hwy10003+NYGlenwood Rd+10003|NYKings Hwy10003+NYAve G+10003'
-73.9274,40.7722,7,105,'NYAstoria Blvd10003+NY18th St+10003|NY18th St10003'
-73.9274,40.6784,0,6,'NYHerkimer St10003+NYRochester Ave+10003'
-73.9274,40.8150,1,1,'NYPark Ave10003+NYE 141st St+10003|NYE 141st St10003'
-73.9274,40.6144,0,1,'NYFillmore Ave10003+NYE 49th St+10003'
-73.9274,40.6141,0,3,'NYFlatbush Ave10003+NYE 49th St+10003|NYE 49th St10003'
-73.9274,40.6651,2,7,'NYE 95th St10003|NYE 95th St10003+NYE New York Ave+10003'
-73.9274,40.8572,1,43,'NYAudubon Ave10003|NYAudubon Ave10003+NYFort George Ave+10003'
-73.9274,40.7765,0,155,'NYS Holt Ave10003|NYS Holt Ave10003+NY14th St+10003|NYAstoria Park S10003+NY14th St+10003|NY14th St10003'
-73.9274,40.7732,5,143,'NY26th Rd10003|NY26th Rd10003+NY18th St+10003'
-73.9274,40.5936,0,4,'NYBevy Ct10003+NYDevon Ave+10003'
-73.9274,40.6095,0,13,'NYRyder St10003+NYAve T+10003'
-73.9274,40.6792,2,14,'NYFulton St10003+NYRochester Ave+10003|NYRochester Ave10003'
-73.9274,40.7555,44,245,'NY34th St10003+NY36th Ave+10003'
-73.9273,40.7475,14,23,'NY37th St10003'
-73.9273,40.8556,0,45,'NYW 192 St10003|NYW 192 St10003+NYAudubon Ave+10003|NYAudubon Ave10003+NYW 192nd St+10003|NYW 192nd St10003'
-73.9273,40.8186,84,104,'NYE 149th St10003+NYGrand Concourse+10003'
-73.9273,40.7705,64,141,'NY29th Ave10003+NY21st St+10003'
-73.9273,40.8196,0,8,'NYCedar Ln10003|NYCedar Ln10003+NYE 150th St+10003'
-73.9273,40.8655,310,583,'NYBroadway10002+NYRiverside Dr+10002|NYBroadway10002+NYDyckman St+10002|NYUS Rte 910002+NYRiverside Dr+10002|NYUS Rte 910002+NYDyckman St+10002|NYRiverside Dr10003|NYRiverside Dr10003+NYDyckman St+10003'
-73.9273,40.8607,6,117,'NYNagle Ave10003+NYSickles St+10003'
-73.9273,40.7383,5,122,'NY50th Ave10003+NY39th St+10003'
-73.9273,40.8136,0,1,'NYE 140th St10003+NYCanal Pl+10003'
-73.9273,40.8321,0,23,'NYAnderson Ave10003+NYW 164th St+10003|NYW 164th St10003'
-73.9273,40.7528,19,34,'NY36th St10003+NY37th Ave+10003'
-73.9273,40.8306,48,31,'NYMacombs Dam Brg10003|NYMacombs Dam Brg10003+NYJerome Ave+10003|NYMacombs Dam Brg10003+NYE 162nd St+10003|NYJerome Ave10003+NYE 162nd St+10003|NYE 162nd St10003'
-73.9273,40.6593,1,3,'NYE 54th St10003|NYE 54th St10003+NYRemsen Ave+10003|NYE 54th St10003+NYWinthrop St+10003|NYRemsen Ave10003+NYWinthrop St+10003|NYWinthrop St10003'
-73.9273,40.6889,9,139,'NYGates Ave10003+NYPatchen Ave+10003'
-73.9273,40.6961,4,41,'NYEvergreen Ave10003+NYDekalb Ave+10003'
-73.9272,40.7597,404,1526,'NY34th Ave10003+NY31st St+10003'
-73.9272,40.7386,10,161,'NYGreenpoint Ave10003+NY39th St+10003'
-73.9272,40.8531,1,72,'NYW 189 St10003|NYW 189 St10003+NYAmsterdam Ave+10003|NYW 189th St10003|NYW 189th St10003+NYAmsterdam Ave+10003'
-73.9272,40.6945,6,55,'NYKosciuszko St10003|NYKosciuszko St10003+NYBushwick Ave+10003'
-73.9272,40.7078,4,53,'NYIngraham St10003|NYIngraham St10003+NYVarick Ave+10003'
-73.9272,40.6585,0,8,'NYE 54th St10003+NYWinthrop St+10003'
-73.9272,40.8257,2,24,'NYE 157th St10003+NYRiver Ave+10003'
-73.9271,40.7684,5,128,'NY23rd St10003+NY30th Rd+10003'
-73.9271,40.7362,22,17,'NYLong Island Expy10001+NYQn Midtown Expressway Exit Eb+10001|NYQn Midtown Expressway Exit Eb10003|NYQn Midtown Expressway Exit Eb10003+NYI 495+10003|NYQn Midtown Expressway Exit Eb10003+NYQueens Midtown Expy+10003'
-73.9271,40.8282,7,9,'NYE 161st St10003+NYRuppert Pl+10003|NYRuppert Pl10003'
-73.9271,40.8369,1,6,'NYW 167th St10003+NYOgden Ave+10003'
-73.9271,40.8109,23,69,'NYE 138th St10003+NYMorris Ave+10003|NYE 138th St10003+NY3rd Ave+10003|NYE 138th St10003+NYLincoln Ave+10003|NYMorris Ave10003|NYMorris Ave10003+NY3rd Ave+10003|NYMorris Ave10003+NYLincoln Ave+10003|NY3rd Ave10003+NYLincoln Ave+10003|NYLincoln Ave10003'
-73.9271,40.6627,1,1,'NYE 93rd St10003'
-73.9271,40.8451,5,4,'NYCross Bronx Expy10002+NYI 87+10002|NYCross Bronx Expy10002+NYMajor Deegan Expy+10002|NYUS Hwy 110002+NYI 87+10002|NYUS Hwy 110002+NYMajor Deegan Expy+10002'
-73.9271,40.8386,0,12,'NYW 168th St10003+NYDr Martin Luther King Jr Blvd+10003|NYW 168th St10003+NYUniversity Ave+10003'
-73.9271,40.8514,2,46,'NYW 187 St10003|NYW 187 St10003+NYLaurel Hill Ter+10003|NYLaurel Hill Ter10003+NYW 187th St+10003|NYW 187th St10003'
-73.9271,40.6923,5,23,'NYBroadway10003+NYLafayette Ave+10003|NYLafayette Ave10003'
-73.9271,40.7648,120,306,'NYCrescent St10003+NY31st Rd+10003|NY31st Rd10003'
-73.9270,40.6992,2,41,'NYSuydam St10003|NYSuydam St10003+NYCentral Ave+10003'
-73.9270,40.5921,0,1,'NYDictum Ct10003+NYEverett Ave+10003'
-73.9270,40.7441,511,1020,'NYQueens Blvd10002|NYQueens Blvd10002+NYState Hwy 25+10002|NYQueens Blvd10002+NYQueens Blvd+10002|NYQueens Blvd10002+NY38th St+10002|NYState Hwy 2510002|NYState Hwy 2510002+NYQueens Blvd+10002|NYState Hwy 2510002+NYState Hwy 25+10002|NYState Hwy 2510002+NY38th St+10002|NY38th St10003+NYState Hwy 25+10003|NY38th St10003+NYQueens Blvd+10003'
-73.9270,40.6125,0,2,'NYHendrickson St10003+NYAvenue S+10003'
-73.9270,40.7071,5,49,'NYVarick Ave10003+NYHarrison Pl+10003|NYHarrison Pl10003'
-73.9270,40.8339,0,41,'NYW 165th St10003+NYWoodycrest Ave+10003'
-73.9270,40.8075,7,19,'NYE 134th St10003+NYAlexander Ave+10003'
-73.9270,40.5549,0,1,'NYBreezy Point Blvd10003+NYBeach 219th St+10003'
-73.9270,40.8680,1,118,'NYBeak St10003|NYBeak St10003+NYPayson Ave+10003'
-73.9270,40.8353,0,11,'NYW 166th St10003+NYNelson Ave+10003'
-73.9270,40.7627,280,1390,'NY29th St10003+NYBroadway+10003'
-73.9270,40.6874,5,79,'NYMadison St10003+NYPatchen Ave+10003'
-73.9270,40.6070,0,3,'NYE 37th St10003|NYE 37th St10003+NYAve U+10003'
-73.9269,40.8204,0,16,'NYE 151st St10003+NYCedar Ln+10003|NYE 151st St10003+NYGrand Blvd+10003|NYCedar Ln10003|NYCedar Ln10003+NYGrand Blvd+10003|NYGrand Blvd10003'
-73.9269,40.8454,0,1,'NYCross Bronx Expy10002+NYI 87+10002|NYCross Bronx Expy10002+NYMajor Deegan Expy+10002|NYI 8710001+NYUS Hwy 1+10001|NYMajor Deegan Expy10001+NYUS Hwy 1+10001'
-73.9269,40.7154,4,6,'NYGardner Ave10003|NYGardner Ave10003+NYGrand St+10003'
-73.9269,40.8632,3,136,'NYSherman Ave10003+NYThayer St+10003'
-73.9269,40.8225,0,58,'NYWalton Ave10003+NYE 153rd St+10003|NYE 153rd St10003'
-73.9269,40.7741,1,79,'NY26th Ave10003|NY26th Ave10003+NY18th St+10003'
-73.9269,40.7574,173,756,'NY35th Ave10003+NY33rd St+10003'
-73.9269,40.7037,30,260,'NYJefferson St10003+NYKnickerbocker Ave+10003'
-73.9269,40.8402,0,24,'NYW 169th St10008'
-73.9269,40.8195,17,34,'NYGrand Concourse10003+NYE 150th St+10003'
-73.9269,40.8562,0,16,'NYW 193rd St10003|NYW 193rd St10003+NYW 193 St+10003|NYW 193rd St10003+NYAudubon Ave+10003|NYW 193 St10003|NYW 193 St10003+NYAudubon Ave+10003'
-73.9269,40.7742,2,51,'NY26th Ave10003|NY26th Ave10003+NY18th St+10003'
-73.9269,40.8077,4,10,'NYMajor Deegan Expy10001+NYAlexander Ave+10001|NYAlexander Ave10003+NYI 87+10003'
-73.9269,40.6624,1,9,'NYE 93rd St10003+NYRutland Rd+10003'
-73.9268,40.7013,18,201,'NYWilson Ave10003+NYStarr St+10003'
-73.9268,40.8671,6,280,'NYSeaman Ave10003+NYCumming St+10003|NYCumming St10003'
-73.9268,40.7064,2,40,'NYGrattan St10003|NYGrattan St10003+NYVarick Ave+10003'
-73.9268,40.7711,89,381,'NY21st St10003+NY28th Ave+10003'
-73.9268,40.8537,2,21,'NYW 190th St10003|NYW 190th St10003+NYAmsterdam Ave+10003|NYAmsterdam Ave10003+NYW 190 St+10003|NYW 190 St10003'
-73.9268,40.6361,0,3,'NYKings Hwy10003+NYE 52nd St+10003|NYKings Hwy10003+NYFoster Ave+10003|NYE 52nd St10003|NYE 52nd St10003+NYFoster Ave+10003|NYFoster Ave10003'
-73.9268,40.8599,7,66,'NYSickles St10003|NYSickles St10003+NYHillside Ave+10003'
-73.9268,40.6990,1,59,'NYSuydam St10003|NYSuydam St10003+NYCentral Ave+10003'
-73.9268,40.7307,0,3,'NYLaurel Hill Blvd10003+NY55th Ave+10003|NY55th Ave10003'
-73.9267,40.6943,5,31,'NYStanhope St10003|NYStanhope St10003+NYBushwick Ave+10003'
-73.9267,40.6540,1,25,'NYE 54th St10003+NYLinden Blvd+10003'
-73.9267,40.8133,2,2,'NYRider Ave10003+NYE 140th St+10003'
-73.9267,40.6268,4,21,'NYE 51st St10003+NYFlatlands Ave+10003'
-73.9267,40.7364,11,59,'NY39th Pl10003|NY39th Pl10003+NY51st Ave+10003|NY39th Pl10003+NYLaurel Hill Blvd+10003'
-73.9267,40.8117,3,4,'NYE 139th St10003+NYMorris Ave+10003'
-73.9267,40.6860,13,254,'NYJefferson Ave10003+NYPatchen Ave+10003'
-73.9267,40.5924,0,1,'NYCeleste Ct10003+NYEverett Ave+10003'
-73.9266,40.8201,10,10,'NYE 151st St10003|NYE 151st St10003+NYGrand Concourse+10003'
-73.9266,40.6100,0,5,'NYAve T10003+NYKimball St+10003'
-73.9266,40.7057,7,43,'NYThames St10003+NYVarick Ave+10003'
-73.9266,40.8266,7,12,'NYE 158th St10003|NYE 158th St10003+NYRiver Ave+10003'
-73.9266,40.8161,0,7,'NYE 144th St10003+NYPark Ave+10003'
-73.9266,40.8460,1,0,'NYWashington Brg10003+NYI 87+10003|NYWashington Brg10003+NYMajor Deegan Expy+10003'
-73.9266,40.8450,0,1,'NYCross Bronx Expy10002+NYI 87+10002|NYCross Bronx Expy10002+NYMajor Deegan Expy+10002|NYI 8710001+NYUS Hwy 1+10001|NYUS Hwy 110002+NYMajor Deegan Expy+10002'
-73.9266,40.8645,16,236,'NYVermilyea Ave10003|NYVermilyea Ave10003+NYDyckman St+10003'
-73.9266,40.6773,5,14,'NYSuydam Pl10003'
-73.9266,40.7760,5,99,'NYS Holt Ave10003+NY14th Pl+10003|NY14th Pl10003|NY14th Pl10003+NYAstoria Park S+10003'
-73.9266,40.7056,27,96,'NYVarick Ave10003|NYVarick Ave10003+NYFlushing Ave+10003'
-73.9266,40.6791,0,1,'NYFulton St10003+NYSumpter St+10003|NYSumpter St10003'
-73.9266,40.7279,0,1,'NY43rd St10003|NY43rd St10003+NY57th Ave+10003|NY57th Ave10003'
-73.9266,40.7551,21,212,'NY35th St10003+NY36th Ave+10003'
-73.9265,40.6524,2,44,'NYE 54th St10003+NYChurch Ave+10003'
-73.9265,40.5941,0,1,'NYDevon Ave10003|NYDevon Ave10003+NYGerritsen Ave+10003'
-73.9265,40.8082,6,53,'NYE 135th St10003+NYAlexander Ave+10003'
-73.9265,40.7306,10,12,'NYKosciusko Brg10001|NYKosciusko Brg10001+NY42nd St+10001|NYKosciusko Brg10001+NYBrooklyn Queens Expy+10001|NYKosciusko Brg10001+NY55th Ave+10001|NY42nd St10003|NY42nd St10003+NYBrooklyn Queens Expy+10003|NY42nd St10003+NYI 278+10003|NY42nd St10003+NY55th Ave+10003|NYBrooklyn Queens Expy10001|NYBrooklyn Queens Expy10001+NYBrooklyn Queens Expy+10001|NYBrooklyn Queens Expy10001+NY55th Ave+10001|NYI 27810001+NY55th Ave+10001'
-73.9265,40.5845,2,3,'NYShore Pkwy10002|NYBelt Pkwy10002'
-73.9265,40.7298,4,7,'NY42nd St10003'
-73.9265,40.8610,5,97,'NYArden St10003|NYArden St10003+NYNagle Ave+10003'
-73.9265,40.6957,3,50,'NYEvergreen Ave10003+NYStockholm St+10003'
-73.9265,40.6784,2,4,'NYSuydam Pl10003|NYSuydam Pl10003+NYHerkimer St+10003'
-73.9265,40.7524,2,24,'NY37th St10003+NY37th Ave+10003'
-73.9265,40.7518,14,6,'NY37th St10003|NY37th St10003+NYStandard la+10003|NYStandard la10003'
-73.9265,40.7521,40,14,'NY37th St10003|NY37th St10003+NYNorthern Blvd+10003|NY37th St10003+NYState Hwy 25 Alt+10003|NY37th St10003+NYQueens Plz E+10003'
-73.9265,40.6941,8,36,'NYKossuth Pl10003|NYKossuth Pl10003+NYBushwick Ave+10003'
-73.9265,40.7693,20,450,'NY23rd St10003+NY30th Ave+10003'
-73.9265,40.6598,0,11,'NYE 91st St10003+NYWinthrop St+10003'
-73.9265,40.8454,0,3,'NYI 8710001+NYCross Bronx Expy+10001|NYI 8710001+NYUS Hwy 1+10001|NYCross Bronx Expy10002+NYMajor Deegan Expy+10002|NYMajor Deegan Expy10001+NYUS Hwy 1+10001'
-73.9265,40.8402,0,23,'NYW 169th St10008|NYW 169th St10008+NYW 169th St+10008|NYW 169th St10003|NYW 169th St10003+NYMerriam Ave+10003'
-73.9265,40.6920,4,25,'NYBroadway10003+NYVan Buren St+10003|NYVan Buren St10003'
-73.9264,40.8115,1,9,'NYE 139th St10003+NY3rd Ave+10003'
-73.9264,40.7657,364,1190,'NYCrescent St10003+NY31st Ave+10003'
-73.9264,40.5539,0,1,'NYBeach 219th St10003'
-73.9264,40.8314,17,23,'NYE 164th St10003|NYE 164th St10003+NYJerome Ave+10003'
-73.9264,40.7521,7,5,'NY37th St10003|NY37th St10003+NYNorthern Blvd+10003|NY37th St10003+NYState Hwy 25 Alt+10003|NY37th St10003+NYStandard la+10003|NY37th St10003+NYQueens Plz E+10003|NYNorthern Blvd10002+NYStandard la+10002|NYState Hwy 25 Alt10002+NYStandard la+10002|NYStandard la10003|NYStandard la10003+NYQueens Plz E+10003'
-73.9264,40.7750,3,146,'NY25th Rd10003|NY25th Rd10003+NY18th St+10003'
-73.9264,40.6586,0,1,'NYWinthrop St10003|NYWinthrop St10003+NYRemsen Ave+10003'
-73.9264,40.7312,1,0,'NY54th Dr10003|NY54th Dr10003+NYLaurel Hill Blvd+10003'
-73.9264,40.7716,190,462,'NY21st St10003+NY27th Rd+10003|NY27th Rd10003'
-73.9264,40.8674,1,142,'NYBeak St10003|NYBeak St10003+NYSeaman Ave+10003'
-73.9264,40.6145,0,13,'NYFillmore Ave10003+NYUtica Ave+10003'
-73.9264,40.6655,0,6,'NYE 96th St10003|NYE 96th St10003+NYE New York Ave+10003'
-73.9264,40.8183,4,24,'NYE 149th St10003+NYAnthony J Griffin Pl+10003'
-73.9264,40.7476,13,38,'NY38th St10003'
-73.9263,40.6919,6,56,'NYBroadway10003+NYVan Buren St+10003|NYVan Buren St10003'
-73.9263,40.5926,0,2,'NYBevy Ct10003+NYEverett Ave+10003'
-73.9263,40.6987,1,29,'NYCentral Ave10003+NYHart St+10003|NYHart St10003'
-73.9263,40.6132,1,2,'NYFlatbush Ave10003+NYUtica Ave+10003|NYUtica Ave10003'
-73.9263,40.8460,0,14,'NYI 8710001+NYWashington Brg+10001|NYWashington Brg10003+NYMajor Deegan Expy+10003'
-73.9263,40.5886,0,1,'NYLandis Ct10003|NYLandis Ct10003+NYJust Ct+10003'
-73.9262,40.6074,0,5,'NYAve U10003+NYE 38th St+10003'
-73.9262,40.5567,0,2,'NYBeach 217th St10003|NYBeach 217th St10003+NYUtica Walk+10003|NYBeach 217th St10003+NY4th Ave+10003|NYBeach 217th St10003+NYBeach 217th St+10003|NYUtica Walk10003|NYUtica Walk10003+NY4th Ave+10003|NY4th Ave10003|NY4th Ave10003+NYBeach 217th St+10003'
-73.9262,40.6584,0,3,'NYRemsen Ave10003+NYE 55th St+10003|NYE 55th St10003'
-73.9262,40.8421,2,41,'NYW 170th St10003|NYW 170th St10003+NYDr Martin Luther King Jr Blvd+10003|NYW 170th St10003+NYUniversity Ave+10003'
-73.9262,40.8168,2,6,'NYE 146th St10003|NYE 146th St10003+NYPark Ave+10003'
-73.9262,40.7311,5,10,'NY54th Dr10003+NYBrooklyn Queens Expy+10003|NY54th Dr10003+NYI 278+10003'
-73.9262,40.6400,0,7,'NYE 53rd St10003|NYE 53rd St10003+NYFoster Ave+10003'
-73.9262,40.5902,0,1,'NYFane Ct S10003'
-73.9262,40.8385,0,13,'NYW 168th St10003+NYOgden Ave+10003'
-73.9262,40.7624,252,838,'NY30th St10003+NYBroadway+10003'
-73.9262,40.8254,1,95,'NYE 157th St10003+NYGerard Ave+10003'
-73.9262,40.7439,81,415,'NYQueens Blvd10002+NY39th St+10002|NYState Hwy 2510002+NY39th St+10002'
-73.9262,40.6131,0,4,'NYFlatbush Ave10003+NYAvenue S+10003'
-73.9262,40.7391,6,184,'NY39th Pl10003+NYGreenpoint Ave+10003'
-73.9262,40.7440,219,123,'NYQueens Blvd10002+NY39th St+10002|NYState Hwy 2510002+NY39th St+10002'
-73.9261,40.6376,0,2,'NYKings Hwy10003+NYE 53rd St+10003|NYKings Hwy10003+NYPreston Ct+10003|NYE 53rd St10003|NYE 53rd St10003+NYPreston Ct+10003|NYPreston Ct10003'
-73.9261,40.7288,0,5,'NY56th Rd10003+NY43rd St+10003'
-73.9261,40.7032,61,199,'NYTroutman St10003+NYKnickerbocker Ave+10003'
-73.9261,40.8336,4,41,'NYAnderson Ave10003+NYW 165th St+10003'
-73.9261,40.6628,3,13,'NYE 94th St10003+NYRutland Rd+10003'
-73.9261,40.8351,0,10,'NYW 166th St10003+NYWoodycrest Ave+10003'
-73.9261,40.8366,1,20,'NYW 167th St10003+NYNelson Ave+10003'
-73.9261,40.5848,0,1,'NYEmmons Ave10003'
-73.9261,40.7570,71,610,'NY35th Ave10003+NY34th St+10003'
-73.9261,40.7009,13,179,'NYWilson Ave10003+NYWilloughby Ave+10003'
-73.9261,40.7095,0,1,'NYRandolph St10003+NYStewart Ave+10003|NYStewart Ave10003'
-73.9261,40.6980,25,137,'NYMyrtle Ave10003+NYCedar St+10003'
-73.9261,40.5552,0,1,'NYBreezy Point Blvd10003+NYBeach 217th St+10003'
-73.9260,40.7318,0,2,'NY54th Rd10003|NY54th Rd10003+NYLaurel Hill Blvd+10003'
-73.9260,40.7397,1,27,'NY39th Pl10003'
-73.9260,40.7134,1,2,'NYGardner Ave10003+NYMeadow St+10003|NYMeadow St10003'
-73.9260,40.6986,2,13,'NYHart St10003|NYHart St10003+NYCentral Ave+10003'
-73.9260,40.7757,11,106,'NYS Holt Ave10003|NYS Holt Ave10003+NY18th St+10003|NYAstoria Park S10003+NY18th St+10003|NY18th St10003'
-73.9260,40.8636,10,200,'NYSherman Ave10003+NYDyckman St+10003'
-73.9260,40.7789,6,1,'NYTriborough Brg10001|NYTriborough Brg10001+NYTriborough Brg+10001|NYTriborough Brg10001+NYI 278+10001|NYI 27810001|NYI 27810001+NYI 278+10001'
-73.9260,40.7521,22,23,'NYNorthern Blvd10002+NY37th Ave+10002|NYState Hwy 25 Alt10002+NY37th Ave+10002|NY37th Ave10003|NY37th Ave10003+NYQueens Plz E+10003'
-73.9260,40.7058,21,46,'NYThames St10003|NYThames St10003+NYIrving Ave+10003|NYThames St10003+NYMelrose St+10003|NYThames St10003+NYFlushing Ave+10003|NYIrving Ave10003|NYIrving Ave10003+NYMelrose St+10003|NYIrving Ave10003+NYFlushing Ave+10003|NYMelrose St10003|NYMelrose St10003+NYFlushing Ave+10003'
-73.9260,40.6939,7,22,'NYHimrod St10003|NYHimrod St10003+NYBushwick Ave+10003'
-73.9260,40.7667,142,508,'NYCrescent St10003+NY30th Dr+10003'
-73.9260,40.7699,2,157,'NY29th Ave10003+NY23rd St+10003'
-73.9260,40.7401,15,495,'NY48th Ave10003+NY39th Pl+10003|NY39th Pl10003'
-73.9259,40.6740,0,31,'NYBeayer Pl10003'
-73.9259,40.8449,0,3,'NYCross Bronx Expy10002+NYSedgwick Ave+10002|NYUS Hwy 110002+NYSedgwick Ave+10002'
-73.9259,40.5928,0,1,'NYAster Ct10003+NYEverett Ave+10003'
-73.9259,40.8278,18,41,'NYE 161st St10003+NYRiver Ave+10003'
-73.9259,40.6104,0,5,'NYColeman St10003+NYAve T+10003'
-73.9259,40.6657,1,6,'NYBuffalo Ave10003|NYBuffalo Ave10003+NYE New York Ave+10003'
-73.9259,40.8678,2,418,'NYAcademy St10003|NYAcademy St10003+NYSeaman Ave+10003'
-73.9259,40.7723,327,930,'NYAstoria Blvd10003+NY21st St+10003|NYAstoria Blvd10003+NYNewtown Ave+10003|NYAstoria Blvd10003+NY27th Ave+10003|NY21st St10003+NYNewtown Ave+10003|NY21st St10003+NY27th Ave+10003|NYNewtown Ave10003|NYNewtown Ave10003+NY27th Ave+10003|NY27th Ave10003'
-73.9259,40.8660,43,211,'NYBroadway10002+NYCumming St+10002|NYUS Rte 910002+NYCumming St+10002|NYCumming St10003'
-73.9259,40.6663,0,2,'NYBuffalo Ave10003|NYBuffalo Ave10003+NYBuffalo Ave+10003'
-73.9259,40.6748,0,10,'NYBergan St10003|NYBergan St10003+NYDoctor Hylton James Blvd+10003|NYBergan St10003+NYBeayer Pl+10003|NYBergan St10003+NYDoctor Hylton L James Blvd+10003|NYBergan St10003+NYDoctor H James Blvd+10003|NYBergan St10003+NYDoctor H L James Blvd+10003|NYBergan St10003+NYBergen St+10003|NYDoctor Hylton James Blvd10003|NYDoctor Hylton James Blvd10003+NYBeayer Pl+10003|NYDoctor Hylton James Blvd10003+NYDoctor Hylton L James Blvd+10003|NYDoctor Hylton James Blvd10003+NYDoctor H James Blvd+10003|NYDoctor Hylton James Blvd10003+NYDoctor H L James Blvd+10003|NYDoctor Hylton James Blvd10003+NYBergen St+10003|NYBeayer Pl10003|NYBeayer Pl10003+NYDoctor Hylton L James Blvd+10003|NYBeayer Pl10003+NYDoctor H James Blvd+10003|NYBeayer Pl10003+NYDoctor H L James Blvd+10003|NYBeayer Pl10003+NYBergen St+10003|NYDoctor Hylton L James Blvd10003|NYDoctor Hylton L James Blvd10003+NYDoctor H James Blvd+10003|NYDoctor Hylton L James Blvd10003+NYDoctor H L James Blvd+10003|NYDoctor Hylton L James Blvd10003+NYBergen St+10003|NYDoctor H James Blvd10003|NYDoctor H James Blvd10003+NYDoctor H L James Blvd+10003|NYDoctor H James Blvd10003+NYBergen St+10003|NYDoctor H L James Blvd10003|NYDoctor H L James Blvd10003+NYBergen St+10003|NYBergen St10003|NYBergen St10003+NYBergen St+10003'
-73.9258,40.7359,5,5,'NYLong Island Expy10001+NYI 495+10001|NYLong Island Expy10001+NY40th St+10001|NYI 49510001|NYI 49510001+NYI 495+10001|NYI 49510001+NY40th St+10001|NYI 49510001+NYQueens Midtown Expy+10001|NYQueens Midtown Expy10001+NY40th St+10001|NYQueens Midtown Expy10001+NYI 495+10001|NY40th St10003|NY40th St10003+NYI 495+10003'
-73.9258,40.6365,0,1,'NYFoster Ave10003+NYE 53rd St+10003'
-73.9258,40.6274,1,31,'NYFlatlands Ave10003+NYE 52nd St+10003'
-73.9258,40.7360,13,3,'NYI 49510001+NY40th St+10001|NYLong Island Expy10001+NY40th St+10001|NYQueens Midtown Expy10001+NY40th St+10001'
-73.9258,40.8130,1,15,'NYMorris Ave10003+NYE 140th St+10003|NYE 140th St10003'
-73.9258,40.6541,1,12,'NYE 55th St10003+NYLinden Blvd+10003'
-73.9258,40.8392,0,7,'NYMerriam Ave10003|NYMerriam Ave10003+NYOgden Ave+10003'
-73.9258,40.7318,20,21,'NYBrooklyn Queens Expy10001+NY54th Rd+10001|NY54th Rd10003+NYI 278+10003'
-73.9258,40.7088,7,102,'NYJohnson Ave10003+NYStewart Ave+10003'
-73.9258,40.7363,0,86,'NY51st Ave10003+NY40th St+10003|NYLaurel Hill Blvd10003+NY40th St+10003'
-73.9258,40.7547,70,216,'NY36th St10003+NY36th Ave+10003'
-73.9257,40.6953,5,27,'NYEvergreen Ave10003+NYStanhope St+10003'
-73.9257,40.6603,1,14,'NYWinthrop St10003+NYE 92nd St+10003'
-73.9257,40.6400,0,1,'NYKings Hwy10003+NYFoster Ave+10003|NYFoster Ave10003'
-73.9257,40.7127,1,0,'NYGardner Ave10003+NYStagg St+10003|NYStagg St10003'
-73.9257,40.6937,1,12,'NYLafayette Ave10003|NYLafayette Ave10003+NYBushwick Ave+10003'
-73.9257,40.8052,6,47,'NYWillis Ave10003+NYE 132nd St+10003'
-73.9257,40.6404,0,2,'NYKings Hwy10003+NYWhitty Ln+10003|NYWhitty Ln10003'
-73.9257,40.8469,2,20,'NYI 8710001|NYI 8710001+NYMajor Deegan Expy+10001|NYI 8710001+NYI 87+10001|NYMajor Deegan Expy10001|NYMajor Deegan Expy10001+NYI 87+10001|NYMajor Deegan Expy10001+NYMajor Deegan Expy+10001'
-73.9257,40.8613,4,91,'NYNagle Ave10003+NYThayer St+10003|NYThayer St10003'
-73.9257,40.8263,4,62,'NYE 158th St10003+NYGerard Ave+10003'
-73.9256,40.8211,7,13,'NYE 153rd St10003|NYE 153rd St10003+NYGrand Concourse+10003|NYE 153rd St10003+NYGrand Blvd+10003|NYGrand Concourse10003+NYGrand Blvd+10003|NYGrand Blvd10003'
-73.9256,40.8094,2,39,'NYE 137th St10003|NYE 137th St10003+NYAlexander Ave+10003'
-73.9256,40.7521,68,30,'NY38th St10003|NY38th St10003+NYNorthern Blvd+10003|NY38th St10003+NYState Hwy 25 Alt+10003|NY38th St10003+NYQueens Plz E+10003'
-73.9256,40.6808,3,124,'NYChauncey St10003|NYChauncey St10003+NYPatchen Ave+10003'
-73.9256,40.6524,0,5,'NYChurch Ave10003+NYE 55th St+10003'
-73.9256,40.8438,0,5,'NYUndercliff Ave10003+NYW 171st St+10003|NYW 171st St10003'
-73.9256,40.7081,9,45,'NYIngraham St10003|NYIngraham St10003+NYStewart Ave+10003'
-73.9256,40.6983,3,30,'NYCentral Ave10003+NYCedar St+10003|NYCedar St10003'
-73.9256,40.6915,8,59,'NYBroadway10003+NYGreene Ave+10003|NYGreene Ave10003'
-73.9256,40.8119,5,18,'NYE 140th St10003|NYE 140th St10003+NY3rd Ave+10003'
-73.9255,40.6685,8,120,'NYPortal St10003|NYPortal St10003+NYEastern Pkwy+10003'
-73.9255,40.6079,0,9,'NYRyder St10003+NYAve U+10003'
-73.9255,40.7677,82,181,'NYCrescent St10003+NY30th Rd+10003|NY30th Rd10003'
-73.9255,40.8671,2,166,'NYAcademy St10003+NYCooper St+10003|NYCooper St10003'
-73.9255,40.6416,0,8,'NYKings Hwy10003+NYJodie Ct+10003|NYJodie Ct10003'
-73.9255,40.6801,0,10,'NYMarion St10003|NYMarion St10003+NYPatchen Ave+10003'
-73.9255,40.8456,1,9,'NYWashington Brg10003|NYWashington Brg10003+NYSedgwick Ave+10003'
-73.9255,40.5931,0,5,'NYEverett Ave10003|NYEverett Ave10003+NYGerritsen Ave+10003'
-73.9255,40.6659,1,7,'NYE New York Ave10003+NYBuffalo Ave+10003|NYE New York Ave10003+NYRockaway Pkwy+10003|NYBuffalo Ave10003|NYBuffalo Ave10003+NYRockaway Pkwy+10003|NYRockaway Pkwy10003'
-73.9255,40.8151,0,1,'NYRider Ave10003+NYE 142nd St+10003|NYE 142nd St10003'
-73.9255,40.7705,1,91,'NY23rd St10003+NY28th Ave+10003'
-73.9254,40.5883,0,3,'NYCyrus Ave10003+NYIvan Ct+10003|NYIvan Ct10003'
-73.9254,40.7785,22,9,'NYTriborough Brg10001+NYShore Blvd+10001|NYShore Blvd10003+NYI 278+10003'
-73.9254,40.6633,1,11,'NYE 95th St10003+NYRutland Rd+10003'
-73.9254,40.7120,6,6,'NYGardner Ave10003+NYScholes St+10003|NYScholes St10003'
-73.9254,40.7679,61,89,'NYCrescent St10003+NY30th Rd+10003|NY30th Rd10003'
-73.9254,40.6577,0,8,'NYRemsen Ave10003+NYClarkson Ave+10003|NYClarkson Ave10003'
-73.9254,40.5593,0,1,'NYRockaway Point Blvd10003+NYUtica Walk+10003|NYRockaway Point Blvd10003+NYBeach 217th St+10003|NYUtica Walk10003|NYBeach 217th St10003'
-73.9254,40.8251,2,48,'NYE 157th St10003|NYE 157th St10003+NYWalton Ave+10003'
-73.9254,40.6748,0,1,'NYBergan St10003|NYBergan St10003+NYDoctor Hylton James Blvd+10003|NYBergan St10003+NYBergen St+10003|NYBergan St10003+NYDoctor Hylton L James Blvd+10003|NYBergan St10003+NYDoctor H James Blvd+10003|NYBergan St10003+NYDoctor H L James Blvd+10003|NYDoctor Hylton James Blvd10003|NYDoctor Hylton James Blvd10003+NYBergen St+10003|NYDoctor Hylton James Blvd10003+NYDoctor Hylton L James Blvd+10003|NYDoctor Hylton James Blvd10003+NYDoctor H James Blvd+10003|NYDoctor Hylton James Blvd10003+NYDoctor H L James Blvd+10003|NYBergen St10003|NYBergen St10003+NYDoctor Hylton L James Blvd+10003|NYBergen St10003+NYDoctor H James Blvd+10003|NYBergen St10003+NYDoctor H L James Blvd+10003|NYBergen St10003+NYBergen St+10003|NYDoctor Hylton L James Blvd10003|NYDoctor Hylton L James Blvd10003+NYDoctor H James Blvd+10003|NYDoctor Hylton L James Blvd10003+NYDoctor H L James Blvd+10003|NYDoctor Hylton L James Blvd10003+NYBergen St+10003|NYDoctor H James Blvd10003|NYDoctor H James Blvd10003+NYDoctor H L James Blvd+10003|NYDoctor H James Blvd10003+NYBergen St+10003|NYDoctor H L James Blvd10003|NYDoctor H L James Blvd10003+NYBergen St+10003'
-73.9254,40.7028,24,161,'NYStarr St10003+NYKnickerbocker Ave+10003'
-73.9254,40.7074,0,16,'NYStewart Ave10003+NYHarrison Pl+10003|NYHarrison Pl10003'
-73.9254,40.6424,0,46,'NYKings Hwy10003+NYE 54th St+10003|NYKings Hwy10003+NYAve D+10003|NYE 54th St10003|NYE 54th St10003+NYAve D+10003'
-73.9254,40.7620,1272,1367,'NYBroadway10003+NY31st St+10003'
-73.9254,40.8626,13,143,'NYPost Ave10003|NYPost Ave10003+NYDyckman St+10003'
-73.9254,40.6914,12,26,'NYBroadway10003+NYGreene Ave+10003|NYGreene Ave10003'
-73.9254,40.8326,10,8,'NYE 165th St10003|NYE 165th St10003+NYJerome Ave+10003'
-73.9254,40.6981,17,51,'NYMyrtle Ave10003+NYDekalb Ave+10003'
-73.9253,40.6794,1,8,'NYPatchen Ave10003+NYSumpter St+10003|NYSumpter St10003'
-73.9253,40.7053,6,143,'NYIrving Ave10003+NYJefferson St+10003'
-73.9253,40.7005,10,192,'NYWilson Ave10003+NYSuydam St+10003'
-73.9253,40.6712,2,36,'NYBuffalo Ave10003+NYSterling Pl+10003'
-73.9253,40.7566,40,251,'NY35th Ave10003+NY35th St+10003'
-73.9253,40.7440,445,780,'NYQueens Blvd10002|NYQueens Blvd10002+NYState Hwy 25+10002|NYQueens Blvd10002+NYQueens Blvd+10002|NYQueens Blvd10002+NY39th Pl+10002|NYState Hwy 2510002|NYState Hwy 2510002+NYQueens Blvd+10002|NYState Hwy 2510002+NYState Hwy 25+10002|NYState Hwy 2510002+NY39th Pl+10002'
-73.9253,40.6982,1,9,'NYCentral Ave10003+NYDekalb Ave+10003'
-73.9253,40.7325,3,4,'NY54th Ave10003|NY54th Ave10003+NY54th Ave+10003|NY54th Ave10003+NYBrooklyn Queens Expy+10003|NY54th Ave10003+NYI 278+10003|NYBrooklyn Queens Expy10001+NY54th Ave+10001|NYI 27810001+NY54th Ave+10001'
-73.9253,40.8402,1,8,'NYW 169th St10003+NYOgden Ave+10003'
-73.9253,40.6791,1,8,'NYFulton St10003+NYPatchen Ave+10003|NYPatchen Ave10003'
-73.9253,40.8348,0,25,'NYAnderson Ave10003+NYW 166th St+10003'
-73.9253,40.7325,2,2,'NY54th Ave10003'
-73.9252,40.6131,0,3,'NYE 51st St10003+NYAvenue S+10003'
-73.9252,40.6721,5,69,'NYPark Pl10003+NYBuffalo Ave+10003'
-73.9252,40.5916,0,2,'NYFlorence Ave10003+NYBevy Ct+10003|NYBevy Ct10003'
-73.9252,40.8165,2,7,'NYE 146th St10003|NYE 146th St10003+NYCanal Pl+10003|NYCanal Pl10003'
-73.9252,40.8059,74,126,'NYWillis Ave10003+NYBruckner Blvd+10003'
-73.9252,40.6109,0,1,'NYAve T10003+NYHendrickson St+10003'
-73.9252,40.6935,7,20,'NYHarman St10003|NYHarman St10003+NYBushwick Ave+10003'
-73.9252,40.6575,0,2,'NYRemsen Ave10003+NYE 56th St+10003|NYE 56th St10003'
-73.9252,40.8363,1,29,'NYWoodycrest Ave10003+NYW 167th St+10003'
-73.9252,40.6981,15,80,'NYMyrtle Ave10003+NYCentral Ave+10003'
-73.9252,40.6122,1,2,'NYFlatbush Ave10003+NYE 51st St+10003|NYE 51st St10003'
-73.9251,40.7355,3,2,'NYLong Island Expy10001|NYLong Island Expy10001+NYI 495+10001|NYLong Island Expy10001+NYLong Island Expy+10001|NYLong Island Expy10001+NYQ Mid Expressway Bqe en Ramp+10001|NYLong Island Expy10001+NYQueens Midtown Expy+10001|NYLong Island Expy10001+NYLaurel Hill Blvd+10001|NYI 49510001|NYI 49510001+NYQ Mid Expressway Bqe en Ramp+10001|NYI 49510001+NYLong Island Expy+10001|NYI 49510001+NYI 495+10001|NYI 49510001+NYQueens Midtown Expy+10001|NYI 49510001+NYLaurel Hill Blvd+10001|NYQ Mid Expressway Bqe en Ramp10003|NYQ Mid Expressway Bqe en Ramp10003+NYLong Island Expy+10003|NYQ Mid Expressway Bqe en Ramp10003+NYI 495+10003|NYQ Mid Expressway Bqe en Ramp10003+NYQueens Midtown Expy+10003|NYQ Mid Expressway Bqe en Ramp10003+NYLaurel Hill Blvd+10003|NYQueens Midtown Expy10001|NYQueens Midtown Expy10001+NYQueens Midtown Expy+10001|NYQueens Midtown Expy10001+NYI 495+10001|NYQueens Midtown Expy10001+NYLaurel Hill Blvd+10001|NYLaurel Hill Blvd10003'
-73.9251,40.8100,9,135,'NYE 138th St10003+NYAlexander Ave+10003'
-73.9251,40.6570,1,7,'NYClarkson Ave10003+NYE 56th St+10003'
-73.9251,40.7065,7,23,'NYStewart Ave10003|NYStewart Ave10003+NYFlushing Ave+10003'
-73.9251,40.7720,33,276,'NY22nd St10003|NY22nd St10003+NYAstoria Blvd+10003'
-73.9251,40.7310,0,3,'NY54th Dr10003+NY43rd St+10003'
-73.9251,40.7733,41,154,'NY26th Rd10003|NY26th Rd10003+NY21st St+10003'
-73.9251,40.7395,19,384,'NYGreenpoint Ave10003+NY40th St+10003'
-73.9251,40.7686,352,585,'NYCrescent St10003|NYCrescent St10003+NYCrescent St+10003|NYCrescent St10003+NY25th St+10003|NYCrescent St10003+NY30th Ave+10003|NY25th St10003|NY25th St10003+NY30th Ave+10003'
-73.9251,40.7278,5,5,'NYLaurel Hill Blvd10003|NYLaurel Hill Blvd10003+NYClinton Ave+10003|NYLaurel Hill Blvd10003+NY56th Dr+10003|NYClinton Ave10003|NYClinton Ave10003+NY56th Rd+10003|NYClinton Ave10003+NY56th Dr+10003|NY56th Rd10003+NY56th Dr+10003|NY56th Dr10003'
-73.9251,40.7710,1,62,'NY23rd St10003+NY27th Rd+10003|NY27th Rd10003'
-73.9251,40.7651,34,724,'NY29th St10003+NY31st Ave+10003'
-73.9251,40.8157,0,2,'NYRider Ave10003|NYRider Ave10003+NYE 144th St+10003|NYRider Ave10003+NYE 143rd St+10003|NYE 144th St10003+NYE 143rd St+10003|NYE 143rd St10003'
-73.9250,40.8444,2,9,'NYBoscobel Pl10003|NYBoscobel Pl10003+NYUndercliff Ave+10003'
-73.9250,40.7356,5,0,'NYLong Island Expy10001|NYLong Island Expy10001+NYI 495+10001|NYLong Island Expy10001+NYQueens Midtown Expy+10001|NYI 49510001|NYI 49510001+NYQueens Midtown Expy+10001|NYI 49510001+NYI 495+10001|NYQueens Midtown Expy10001|NYQueens Midtown Expy10001+NYI 495+10001'
-73.9250,40.6607,0,5,'NYE 93rd St10003+NYWinthrop St+10003'
-73.9250,40.8333,0,15,'NYW 165th St10003|NYW 165th St10003+NYJerome Ave+10003'
-73.9250,40.8663,42,262,'NYBroadway10002+NYAcademy St+10002|NYUS Rte 910002+NYAcademy St+10002'
-73.9250,40.6747,1,22,'NYBuffalo Ave10003|NYBuffalo Ave10003+NYBergen St+10003'
-73.9250,40.6949,2,82,'NYHimrod St10003+NYEvergreen Ave+10003'
-73.9250,40.8295,1,5,'NYRiver Ave10003+NYE 162nd St+10003|NYE 162nd St10003'
-73.9250,40.7543,18,91,'NY37th St10003+NY36th Ave+10003'
-73.9250,40.6933,7,45,'NYVan Buren St10003|NYVan Buren St10003+NYBushwick Ave+10003'
-73.9249,40.8275,13,57,'NYE 161st St10003+NYGerard Ave+10003'
-73.9249,40.7735,35,95,'NY26th Ave10003|NY26th Ave10003+NY21st St+10003'
-73.9249,40.8383,1,21,'NYW 168th St10003+NYNelson Ave+10003'
-73.9249,40.6448,1,13,'NYKings Hwy10003+NYClarendon Rd+10003|NYKings Hwy10003+NYE 55th St+10003|NYClarendon Rd10003+NYE 55th St+10003|NYE 55th St10003'
-73.9249,40.6280,0,29,'NYFlatlands Ave10003+NYE 53rd St+10003'
-73.9249,40.6370,1,2,'NYE 54th St10003|NYE 54th St10003+NYFoster Ave+10003'
-73.9249,40.7067,11,22,'NYGrattan St10003|NYGrattan St10003+NYFlushing Ave+10003'
-73.9249,40.8259,0,41,'NYE 158th St10003|NYE 158th St10003+NYWalton Ave+10003'
-73.9249,40.7360,7,128,'NY51st Ave10003+NY41st St+10003|NYLaurel Hill Blvd10003+NY41st St+10003|NY41st St10003'
-73.9249,40.6922,3,117,'NYGoodwin Pl10003|NYGoodwin Pl10003+NYGreene Ave+10003'
-73.9249,40.8615,28,181,'NYFort George Hill10003|NYFort George Hill10003+NYNagle Ave+10003|NYFort George Hill10003+NYHillside Ave+10003|NYHillside Ave10003'
-73.9249,40.5857,1,0,'NYPost Ct10003'
-73.9248,40.8415,0,24,'NYW 170th St10003+NYOgden Ave+10003'
-73.9248,40.7316,0,2,'NY54th Rd10003+NY43rd St+10003'
-73.9248,40.6763,7,25,'NYPacific St10003+NYBuffalo Ave+10003|NYBuffalo Ave10003'
-73.9248,40.6083,0,7,'NYAve U10003+NYKimball St+10003'
-73.9248,40.6542,0,8,'NYLinden Blvd10002+NYE 56th St+10002'
-73.9248,40.8260,0,29,'NYE 158th St10003|NYE 158th St10003+NYWalton Ave+10003'
-73.9248,40.8298,0,2,'NYRiver Ave10003+NYE 162nd St+10003|NYE 162nd St10003'
-73.9248,40.5582,0,1,'NYTioga Walk10003+NY6th Ave+10003|NY6th Ave10003|NY6th Ave10003+NYBeach 216th St+10003|NY6th Ave10003+NY6th Ave+10003|NYBeach 216th St10003+NY6th Ave+10003'
-73.9248,40.8428,1,7,'NYW 171st St10003|NYW 171st St10003+NYMerriam Ave+10003'
-73.9248,40.6456,0,9,'NYKings Hwy10003+NYE 55th St+10003|NYE 55th St10003'
-73.9248,40.7714,1,137,'NY23rd St10003+NYNewtown Ave+10003|NY23rd St10003+NYFdr Dr+10003|NYNewtown Ave10003|NYNewtown Ave10003+NYNewtown Ave+10003|NYNewtown Ave10003+NYFdr Dr+10003|NYFdr Dr10003'
-73.9248,40.8401,0,5,'NYPlimpton Ave10003|NYPlimpton Ave10003+NYW 169th St+10003'
-73.9248,40.8144,2,25,'NYMorris Ave10003+NYE 142nd St+10003|NYE 142nd St10003'
-73.9247,40.8066,0,26,'NYE 134th St10003+NYWillis Ave+10003'
-73.9247,40.8090,4,34,'NYE 137th St10003'
-73.9247,40.6354,0,15,'NYGlenwood Rd10003+NYE 54th St+10003|NYE 54th St10003+NYAve G+10003'
-73.9247,40.8435,0,3,'NYDr Martin Luther King Jr Blvd10003+NYMerriam Ave+10003|NYDr Martin Luther King Jr Blvd10003+NYW 171st St+10003|NYUniversity Ave10003+NYMerriam Ave+10003|NYUniversity Ave10003+NYW 171st St+10003|NYMerriam Ave10003|NYMerriam Ave10003+NYW 171st St+10003|NYW 171st St10003'
-73.9247,40.8566,1,9,'NYAmsterdam Ave10003|NYAmsterdam Ave10003+NYFort George Ave+10003|NYFort George Ave10003'
-73.9247,40.6675,1,28,'NYUnion St10003|NYUnion St10003+NYPortal St+10003'
-73.9247,40.8124,9,22,'NYE 141st St10003|NYE 141st St10003+NY3rd Ave+10003'
-73.9247,40.6783,0,14,'NYHerkimer St10003+NYBuffalo Ave+10003'
-73.9247,40.6570,0,4,'NYRemsen Ave10003+NYClarkson Ave+10003|NYClarkson Ave10003'
-73.9246,40.8107,3,72,'NYE 139th St10003+NYAlexander Ave+10003'
-73.9246,40.8210,1,24,'NYE 153rd St10003+NYConcourse Village W+10003|NYConcourse Village W10003'
-73.9246,40.6582,0,12,'NYE 91st St10003+NYClarkson Ave+10003'
-73.9246,40.6525,0,4,'NYChurch Ave10003+NYE 56th St+10003'
-73.9246,40.7024,9,35,'NYWilloughby Ave10003|NYWilloughby Ave10003+NYKnickerbocker Ave+10003'
-73.9246,40.5597,0,1,'NYRockaway Point Blvd10003+NYBeach 216th St+10003|NYBeach 216th St10003'
-73.9246,40.6790,2,12,'NYFulton St10003+NYBuffalo Ave+10003|NYBuffalo Ave10003'
-73.9246,40.6466,1,14,'NYKings Hwy10003+NYBeverley Rd+10003'
-73.9246,40.7616,403,677,'NY32nd St10003+NYBroadway+10003'
-73.9246,40.7048,20,215,'NYTroutman St10003+NYIrving Ave+10003'
-73.9246,40.7001,11,107,'NYWilson Ave10003+NYHart St+10003'
-73.9246,40.7693,51,142,'NY29th Ave10003|NY29th Ave10003+NYCrescent St+10003|NY29th Ave10003+NY25th St+10003'
-73.9246,40.8068,0,25,'NYWillis Ave10003+NYMajor Deegan Expy+10003|NYWillis Ave10003+NYI 87+10003'
-73.9245,40.6639,0,40,'NYE 96th St10003+NYRutland Rd+10003'
-73.9245,40.6424,1,14,'NYE 55th St10003|NYE 55th St10003+NYAve D+10003'
-73.9245,40.7099,1,3,'NYRandolph St10003+NYGardner Ave+10003|NYGardner Ave10003'
-73.9245,40.7140,2,14,'NYScott Ave10003'
-73.9245,40.6977,1,48,'NYCentral Ave10003+NYStockholm St+10003'
-73.9245,40.7323,0,1,'NY54th Ave10003+NY43rd St+10003'
-73.9245,40.6416,0,2,'NYJodie Ct10003'
-73.9245,40.7473,47,245,'NY39th Pl10003'
-73.9245,40.5592,0,1,'NYTioga Walk10003|NYBeach 216th St10003'
-73.9245,40.7563,56,214,'NY35th Ave10003+NY36th St+10003'
-73.9245,40.8762,4,15,'NYState Rte 9a10002|NYState Rte 9a10002+NYState Rte 9a+10002|NYState Rte 9a10002+NYHenry Hudson Pkwy+10002|NYHenry Hudson Pkwy10002|NYHenry Hudson Pkwy10002+NYState Rte 9a+10002|NYHenry Hudson Pkwy10002+NYHenry Hudson Pkwy+10002'
-73.9245,40.7740,55,149,'NY25th Rd10003+NY21st St+10003'
-73.9245,40.7285,1,0,'NY56th Rd10003+NY44th St+10003|NY44th St10003'
-73.9245,40.8283,2,13,'NYE 162nd St10003|NYE 162nd St10003+NYGerard Ave+10003'
-73.9245,40.5868,0,1,'NYJust Ct10003|NYJust Ct10003+NYSeba Ave+10003'
-73.9244,40.6058,0,9,'NYAve V10003|NYAve V10003+NYE 38th St+10003|NYE 38th St10003'
-73.9244,40.7718,33,243,'NY23rd St10003+NYAstoria Blvd+10003'
-73.9244,40.6930,2,53,'NYGreene Ave10003|NYGreene Ave10003+NYBushwick Ave+10003'
-73.9244,40.8235,15,102,'NYThurman Munson Way10003|NYThurman Munson Way10003+NYGrand Concourse+10003|NYThurman Munson Way10003+NYE 156th St+10003|NYGrand Concourse10003+NYE 156th St+10003|NYE 156th St10003'
-73.9244,40.6505,0,26,'NYE 56th St10003+NYSnyder Ave+10003'
-73.9244,40.7524,280,199,'NYSteinway St10003|NYSteinway St10003+NYNorthern Blvd+10003|NYSteinway St10003+NYState Hwy 25 Alt+10003|NYSteinway St10003+NY39th St+10003|NYSteinway St10003+NYQueens Plz E+10003|NYNorthern Blvd10002+NY39th St+10002|NYState Hwy 25 Alt10002+NY39th St+10002|NY39th St10003|NY39th St10003+NYQueens Plz E+10003'
-73.9244,40.7325,9,11,'NY53rd Ave10003|NY53rd Ave10003+NY43rd St+10003|NY43rd St10003'
-73.9244,40.8345,2,26,'NYW 166th St10003|NYW 166th St10003+NYJerome Ave+10003'
-73.9244,40.6908,6,15,'NYBroadway10003+NYLexington Ave+10003|NYLexington Ave10003'
-73.9244,40.8722,1,2,'NYClove Rd10003'
-73.9244,40.6115,0,3,'NYAve T10003+NYFlatbush Ave+10003'
-73.9243,40.7660,11,489,'NY29th St10003+NY30th Dr+10003'
-73.9243,40.5906,0,1,'NYCanton Ct10003|NYCanton Ct10003+NYBartlett Pl+10003'
-73.9243,40.6612,0,15,'NYE 94th St10003+NYWinthrop St+10003'
-73.9243,40.5558,0,3,'NYBreezy Point Blvd10003+NYBeach 215th St+10003'
-73.9243,40.6132,1,2,'NYAvenue S10003+NYE 52nd St+10003'
-73.9243,40.7435,350,1949,'NYState Hwy 2510002+NY40th St+10002|NYQueens Blvd10002+NY40th St+10002'
-73.9243,40.7399,21,322,'NYGreenpoint Ave10003+NY48th Ave+10003'
-73.9243,40.6284,0,20,'NYAve J10003+NYFlatlands Ave+10003'
-73.9243,40.8072,27,96,'NYWillis Ave10003+NYE 135th St+10003'
-73.9243,40.8360,1,23,'NYAnderson Ave10003+NYW 167th St+10003'
-73.9243,40.6908,3,15,'NYRalph Ave10003|NYRalph Ave10003+NYBroadway+10003'
-73.9243,40.7916,55,34,'NYTriborough Brg10001+NYTriborough Brg+10001|NYTriborough Brg10002|NYTriborough Brg10002+NYI 278+10002'
-73.9243,40.7682,39,310,'NY27th St10003|NY27th St10003+NY30th Ave+10003'
-73.9243,40.8307,0,7,'NYE 164th St10003+NYRiver Ave+10003'
-73.9243,40.7438,2218,1456,'NYState Hwy 2510002+NY40th St+10002|NYQueens Blvd10002+NY40th St+10002'
-73.9243,40.8151,0,20,'NYMorris Ave10003+NYE 143rd St+10003'
-73.9243,40.7647,159,685,'NY30th St10003+NY31st Ave+10003'
-73.9242,40.6485,0,7,'NYKings Hwy10003+NYTilden Ave+10003|NYKings Hwy10003+NYE 56th St+10003|NYTilden Ave10003+NYE 56th St+10003|NYE 56th St10003'
-73.9242,40.6944,3,15,'NYEvergreen Ave10003+NYHarman St+10003'
-73.9242,40.6664,0,5,'NYE New York Ave10003+NYPortal St+10003|NYPortal St10003'
-73.9242,40.6307,5,46,'NYAve I10003+NYE 54th St+10003'
-73.9242,40.6487,0,10,'NYKings Hwy10003+NYE 56th St+10003|NYE 56th St10003'
-73.9242,40.8113,2,25,'NYE 140th St10003+NYAlexander Ave+10003'
-73.9242,40.7091,11,52,'NYGardner Ave10003+NYJohnson Ave+10003'
-73.9242,40.6929,7,79,'NYGreene Ave10003|NYGreene Ave10003+NYBushwick Ave+10003'
-73.9242,40.7131,1,0,'NYScott Ave10003+NYStagg St+10003|NYStagg St10003'
-73.9242,40.7074,49,64,'NYFlushing Ave10003+NYWyckoff Ave+10003|NYWyckoff Ave10003'
-73.9242,40.7540,40,212,'NY38th St10003+NY36th Ave+10003'
-73.9242,40.8733,0,6,'NYClove Rd10003'
-73.9241,40.6116,0,1,'NYAve T10003+NYE 52nd St+10003|NYE 52nd St10003'
-73.9241,40.8425,0,8,'NYW 171st St10003|NYW 171st St10003+NYOgden Ave+10003'
-73.9241,40.8439,4,29,'NYBoscobel Pl10003|NYBoscobel Pl10003+NYDr Martin Luther King Jr Blvd+10003|NYBoscobel Pl10003+NYUniversity Ave+10003'
-73.9241,40.6900,1,19,'NYRalph Ave10003+NYQuincy St+10003'
-73.9241,40.6088,0,1,'NYColeman St10003+NYAve U+10003'
-73.9241,40.7699,59,199,'NYCrescent St10003+NY28th Ave+10003|NY25th St10003+NY28th Ave+10003|NY28th Ave10003'
-73.9241,40.6565,0,5,'NYRemsen Ave10003+NYE 57th St+10003|NYE 57th St10003'
-73.9241,40.7400,12,375,'NYGreenpoint Ave10003+NY41st St+10003'
-73.9241,40.7354,9,6,'NYI 49510001|NYI 49510001+NYI 495+10001|NYI 49510001+NYQueens Midtown Expy+10001'
-73.9241,40.5919,0,1,'NYGotham Ave10003|NYGotham Ave10003+NYGerritsen Ave+10003'
-73.9240,40.6982,8,99,'NYMyrtle Ave10003+NYStockholm St+10003'
-73.9240,40.8272,28,54,'NYE 161st St10003+NYWalton Ave+10003'
-73.9240,40.8685,8,551,'NYSeaman Ave10003+NYW 204th St+10003|NYW 204th St10003'
-73.9240,40.8193,0,26,'NYPark Ave10003+NYE 151st St+10003|NYE 151st St10003'
-73.9240,40.6467,0,3,'NYBeverley Rd10003+NYE 56th St+10003|NYBeverley Rd10003+NYE 56 St+10003|NYE 56th St10003|NYE 56th St10003+NYE 56th St+10003|NYE 56th St10003+NYE 56 St+10003|NYE 56 St10003'
-73.9240,40.6558,0,8,'NYE 57th St10003+NYLenox Rd+10003'
-73.9240,40.6374,0,3,'NYFoster Ave10003+NYE 55th St+10003|NYE 55th St10003'
-73.9240,40.6286,1,8,'NYE 54th St10003+NYFlatlands Ave+10003'
-73.9240,40.8154,1,12,'NYE 144th St10003|NYE 144th St10003+NYMorris Ave+10003'
-73.9240,40.7746,114,139,'NYHoyt Ave S10003|NYHoyt Ave S10003+NYAstoria Park S+10003|NYHoyt Ave S10003+NY21st St+10003|NYHoyt Ave10003|NYHoyt Ave10003+NYAstoria Park S+10003|NYHoyt Ave10003+NY21st St+10003|NYAstoria Park S10003|NYAstoria Park S10003+NY21st St+10003'
-73.9240,40.6893,3,27,'NYRalph Ave10003+NYGates Ave+10003'
-73.9240,40.7358,4,73,'NY51st Ave10003+NY42nd St+10003|NY42nd St10003|NY42nd St10003+NYLaurel Hill Blvd+10003'
-73.9240,40.8351,3,13,'NYJerome Ave10003+NYShakespeare Ave+10003|NYShakespeare Ave10003'
-73.9239,40.6586,0,12,'NYClarkson Ave10003+NYE 92nd St+10003'
-73.9239,40.7300,0,4,'NY44th St10003+NY55th Ave+10003|NY55th Ave10003'
-73.9239,40.5893,0,1,'NYEaton Ct10003+NYCyrus Ave+10003'
-73.9239,40.7141,11,40,'NYMetropolitan Ave10003|NYMetropolitan Ave10003+NYMetropolitan Ave+10003|NYMetropolitan Ave10003+NYOnderdonk Ave+10003|NYOnderdonk Ave10003'
-73.9239,40.8398,0,7,'NYW 169th St10003+NYNelson Ave+10003'
-73.9239,40.7020,21,116,'NYSuydam St10003+NYKnickerbocker Ave+10003'
-73.9239,40.7124,1,29,'NYScott Ave10003+NYScholes St+10003'
-73.9239,40.7077,13,69,'NYGardner Ave10003|NYGardner Ave10003+NYHarrison Pl+10003|NYGardner Ave10003+NYFlushing Ave+10003|NYHarrison Pl10003|NYHarrison Pl10003+NYFlushing Ave+10003'
-73.9238,40.6542,1,3,'NYE 57th St10003+NYLinden Blvd+10003'
-73.9238,40.8078,1,126,'NYE 136th St10003|NYE 136th St10003+NYWillis Ave+10003'
-73.9238,40.7044,9,178,'NYIrving Ave10003+NYStarr St+10003'
-73.9238,40.6996,20,228,'NYWilson Ave10003+NYDekalb Ave+10003'
-73.9238,40.8128,5,5,'NYE 142nd St10003|NYE 142nd St10003+NY3rd Ave+10003'
-73.9238,40.6448,1,23,'NYClarendon Rd10003+NYE 56th St+10003|NYClarendon Rd10003+NYE 56 St+10003|NYE 56th St10003|NYE 56th St10003+NYE 56th St+10003|NYE 56th St10003+NYE 56 St+10003|NYE 56 St10003'
-73.9238,40.7738,1,25,'NY22nd St10003|NY22nd St10003+NY25th Rd+10003'
-73.9238,40.6355,0,11,'NYGlenwood Rd10003+NYE 55th St+10003|NYAve G10003+NYE 55th St+10003'
-73.9238,40.7612,680,1543,'NYBroadway10003+NY33rd St+10003'
-73.9238,40.6771,2,12,'NYKane Pl10003'
-73.9238,40.6973,1,106,'NYStanhope St10003+NYCentral Ave+10003'
-73.9238,40.5881,0,6,'NYNoel Ave10003+NYMelba Ct+10003|NYMelba Ct10003'
-73.9238,40.8644,4,183,'NYSherman Ave10003+NYAcademy St+10003'
-73.9238,40.7765,24,29,'NY19th St10003|NY19th St10003+NYHoyt Ave+10003|NY19th St10003+NYHoyt Ave N+10003|NYHoyt Ave10003|NYHoyt Ave N10003'
-73.9237,40.6644,0,23,'NYRutland Rd10003+NYRockaway Pkwy+10003'
-73.9237,40.5909,0,1,'NYAbbey Ct10003|NYAbbey Ct10003+NYBartlett Pl+10003'
-73.9237,40.6063,0,4,'NYRyder St10003|NYRyder St10003+NYAve V+10003'
-73.9237,40.8120,1,39,'NYE 141st St10003+NYAlexander Ave+10003'
-73.9237,40.8382,0,16,'NYW 168th St10003+NYWoodycrest Ave+10003'
-73.9237,40.7559,41,182,'NY35th Ave10003+NY37th St+10003'
-73.9237,40.6878,5,68,'NYRalph Ave10003+NYMadison St+10003'
-73.9237,40.6119,0,1,'NYAve T10003+NYE 52nd St+10003|NYE 52nd St10003'
-73.9237,40.6782,0,10,'NYHerkimer St10003+NYKane Pl+10003|NYKane Pl10003'
-73.9237,40.6926,9,78,'NYBleecker St10003|NYBleecker St10003+NYBushwick Ave+10003'
-73.9237,40.6525,0,3,'NYChurch Ave10003+NYE 57th St+10003'
-73.9236,40.6904,5,22,'NYBroadway10003+NYGrove St+10003|NYGrove St10003'
-73.9236,40.7704,89,235,'NYNewtown Ave10003|NYNewtown Ave10003+NYCrescent St+10003|NYNewtown Ave10003+NY25th St+10003|NYNewtown Ave10003+NYFdr Dr+10003|NYNewtown Ave10003+NYNewtown Ave+10003|NYCrescent St10003+NYFdr Dr+10003|NYCrescent St10003+NYNewtown Ave+10003|NY25th St10003+NYFdr Dr+10003|NY25th St10003+NYNewtown Ave+10003|NYFdr Dr10003|NYFdr Dr10003+NYNewtown Ave+10003'
-73.9236,40.8678,4,412,'NYW 204th St10003+NYCooper St+10003'
-73.9236,40.6617,0,15,'NYE 95th St10003+NYWinthrop St+10003'
-73.9236,40.6561,1,3,'NYRemsen Ave10003+NYLenox Rd+10003|NYLenox Rd10003'
-73.9236,40.7070,38,84,'NYJefferson St10003+NYWyckoff Ave+10003'
-73.9236,40.8509,0,11,'NYRichman Plz10003'
-73.9236,40.6505,0,4,'NYKings Hwy10003+NYSnyder Ave+10003'
-73.9236,40.7472,12,163,'NY40th St10003'
-73.9236,40.7200,0,1,'NY58th Rd10003'
-73.9236,40.7117,0,1,'NYScott Ave10003+NYMeserole St+10003|NYMeserole St10003'
-73.9235,40.7656,9,159,'NY30th St10003+NY30th Dr+10003'
-73.9235,40.8358,1,31,'NYW 167th St10003|NYW 167th St10003+NYShakespeare Ave+10003'
-73.9235,40.7679,28,291,'NY30th Ave10003+NY29th St+10003|NY29th St10003'
-73.9235,40.5879,0,1,'NYNoel Ave10003+NYNova Ct+10003|NYNova Ct10003'
-73.9235,40.7670,8,294,'NY29th St10003+NY30th Rd+10003|NY30th Rd10003'
-73.9235,40.6940,3,71,'NYGreene Ave10003+NYEvergreen Ave+10003'
-73.9235,40.8320,11,22,'NYRiver Ave10003+NYE 165th St+10003'
-73.9235,40.8254,22,175,'NYE 158th St10003+NYGrand Concourse+10003'
-73.9234,40.5601,0,1,'NYClinton Walk10003|NYClinton Walk10003+NYRockaway Point Blvd+10003'
-73.9234,40.8687,1,231,'NYSeaman Ave10003+NYPayson Ave+10003|NYPayson Ave10003'
-73.9234,40.8447,3,7,'NYUniversity Ave10003'
-73.9234,40.8443,1,16,'NYUniversity Ave10003|NYUniversity Ave10003+NYDr Martin Luther King Jr Blvd+10003|NYUniversity Ave10003+NYUniversity Ave+10003|NYUniversity Ave10003+NYOgden Ave+10003|NYDr Martin Luther King Jr Blvd10003+NYUniversity Ave+10003|NYDr Martin Luther King Jr Blvd10003+NYOgden Ave+10003|NYOgden Ave10003'
-73.9234,40.6863,11,232,'NYRalph Ave10003+NYJefferson Ave+10003'
-73.9234,40.6405,0,1,'NYWhitty Ln10003|NYWhitty Ln10003+NYE 56th St+10003'
-73.9234,40.8084,13,231,'NYWillis Ave10003+NYE 137th St+10003|NYE 137th St10003'
-73.9234,40.7536,89,214,'NYSteinway St10003+NY36th Ave+10003'
-73.9234,40.6093,0,1,'NYHendrickson St10003+NYAve U+10003'
-73.9234,40.8231,1,14,'NYThurman Munson Way10003|NYThurman Munson Way10003+NYConcourse Village W+10003|NYThurman Munson Way10003+NYE 156th St+10003|NYConcourse Village W10003+NYE 156th St+10003|NYE 156th St10003'
-73.9233,40.6132,5,8,'NYAvenue S10003+NYE 53rd St+10003'
-73.9233,40.8110,0,25,'NYE 140th St10003'
-73.9233,40.7347,28,32,'NYQ Mid Expressway Bqe en Ramp10003'
-73.9233,40.7269,2,2,'NYClinton Ave10003|NYClinton Ave10003+NY56th Rd+10003|NY56th Rd10003'
-73.9233,40.5912,0,2,'NYBartlett Pl10003|NYBartlett Pl10003+NYGerritsen Ave+10003'
-73.9233,40.7751,38,97,'NYTriboro Brg10001|NYTriboro Brg10001+NY21st St+10001|NYTriboro Brg10001+NYTriborough Brg+10001|NY21st St10003+NYTriborough Brg+10003|NY21st St10003+NYI 278+10003|NYTriborough Brg10001'
-73.9233,40.7769,2,32,'NY19th St10003+NY24th Rd+10003|NY24th Rd10003'
-73.9233,40.8373,1,33,'NYAnderson Ave10003|NYAnderson Ave10003+NYShakespeare Ave+10003'
-73.9233,40.8126,0,22,'NYE 142nd St10003|NYE 142nd St10003+NYAlexander Ave+10003'
-73.9233,40.8303,0,31,'NYE 164th St10003+NYGerard Ave+10003'
-73.9233,40.7578,79,806,'NY36th St10003+NY34th Ave+10003'
-73.9232,40.8382,0,3,'NYW 168th St10003+NYShakespeare Ave+10003'
-73.9232,40.6591,2,5,'NYE 93rd St10003+NYClarkson Ave+10003'
-73.9232,40.8408,0,27,'NYW 170th St10003+NYNelson Ave+10003'
-73.9232,40.8345,0,19,'NYCromwell Ave10003|NYCromwell Ave10003+NYMc Clellan St+10003|NYMc Clellan St10003'
-73.9232,40.6901,3,15,'NYBroadway10003+NYQuincy St+10003|NYQuincy St10003'
-73.9232,40.7202,0,1,'NY58th Rd10003+NY47th St+10003|NY47th St10003'
-73.9232,40.7984,75,45,'NYTriborough Brg10002|NYTriborough Brg10002+NYTriborough Plz+10002|NYTriborough Brg10002+NYTriborough Brg+10002|NYTriborough Brg10002+NYRobert F Kennedy Brg+10002|NYTriborough Plz10003|NYTriborough Plz10003+NYTriborough Brg+10003|NYTriborough Plz10003+NYRobert F Kennedy Brg+10003|NYRobert F Kennedy Brg10002'
-73.9231,40.6652,0,2,'NYE 98th St10003+NYSutter Ave+10003|NYSutter Ave10003'
-73.9231,40.7735,2,89,'NY23rd St10003+NY25th Rd+10003|NY25th Rd10003'
-73.9231,40.8634,2,124,'NYPost Ave10003+NYAcademy St+10003'
-73.9231,40.8475,0,42,'NYW 174th St10003|NYW 174th St10003+NYUndercliff Ave+10003'
-73.9231,40.7015,22,155,'NYHart St10003+NYKnickerbocker Ave+10003'
-73.9231,40.6291,0,4,'NYFlatlands Ave10003+NYE 55th St+10003'
-73.9231,40.6114,1,6,'NYE 53rd St10003+NYE 52nd St+10003'
-73.9231,40.8670,79,613,'NYBroadway10002+NYW 204th St+10002|NYUS Rte 910002+NYW 204th St+10002'
-73.9231,40.8167,6,62,'NYMorris Ave10003+NYE 148th St+10003|NYE 148th St10003'
-73.9231,40.7040,3,22,'NYIrving Ave10003+NYWilloughby Ave+10003|NYWilloughby Ave10003'
-73.9231,40.6992,5,205,'NYWilson Ave10003+NYStockholm St+10003'
-73.9231,40.6379,0,1,'NYFoster Ave10003+NYE 56th St+10003'
-73.9231,40.8236,0,36,'NYThurman Munson Way10003|NYThurman Munson Way10003+NYConcourse Village W+10003|NYE 156th St10003|NYE 156th St10003+NYConcourse Village W+10003'
-73.9231,40.7356,4,22,'NY51st Ave10003+NY43rd St+10003|NYLaurel Hill Blvd10003+NY43rd St+10003|NY43rd St10003'
-73.9231,40.7084,6,25,'NYSt Nicholas Ave10003|NYSt Nicholas Ave10003+NYFlushing Ave+10003'
-73.9231,40.8261,86,137,'NYGrand Concourse10003+NYE 159th St+10003|NYE 159th St10003'
-73.9230,40.7404,24,778,'NY42nd St10003+NYGreenpoint Ave+10003'
-73.9230,40.7754,13,63,'NYHoyt Ave10003+NY21st St+10003|NY21st St10003+NYHoyt Ave N+10003'
-73.9230,40.6969,2,43,'NYHimrod St10003+NYCentral Ave+10003'
-73.9230,40.6067,0,1,'NYAve V10003+NYKimball St+10003|NYKimball St10003'
-73.9230,40.7608,311,749,'NY34th St10003+NYBroadway+10003'
-73.9230,40.7676,41,291,'NY29th St10003|NY29th St10003+NY30th Ave+10003'
-73.9230,40.8387,0,5,'NYWoodycrest Ave10003|NYWoodycrest Ave10003+NYShakespeare Ave+10003'
-73.9230,40.6124,0,1,'NYAve T10003+NYE 53rd Pl+10003|NYE 53rd Pl10003'
-73.9230,40.7527,36,40,'NYNorthern Blvd10002+NY41st St+10002|NY41st St10003|NY41st St10003+NYState Hwy 25 Alt+10003|NY41st St10003+NYQueens Plz E+10003'
-73.9230,40.7327,12,16,'NY44th St10003|NY44th St10003+NY53rd Ave+10003'
-73.9230,40.6911,5,15,'NYGoodwin Pl10003|NYGoodwin Pl10003+NYGrove St+10003'
-73.9229,40.7699,5,172,'NY27th St10003|NY27th St10003+NYNewtown Ave+10003'
-73.9229,40.8589,7,77,'NY10 Ave10003|NY10 Ave10003+NYDyckman St+10003|NY10 Ave10003+NYHarlem River Dr+10003|NY10th Ave10003|NY10th Ave10003+NYDyckman St+10003|NY10th Ave10003+NYHarlem River Dr+10003|NYDyckman St10003|NYDyckman St10003+NYHarlem River Dr+10003|NYHarlem River Dr10002'
-73.9229,40.6922,6,65,'NYMenahan St10003|NYMenahan St10003+NYBushwick Ave+10003'
-73.9229,40.6543,0,3,'NYLinden Blvd10002+NYE 58th St+10002'
-73.9229,40.7135,5,35,'NYStagg St10003|NYStagg St10003+NYOnderdonk Ave+10003'
-73.9229,40.7555,74,213,'NY35th Ave10003+NY38th St+10003'
-73.9229,40.6554,0,1,'NYRemsen Ave10003+NYE 58th St+10003|NYE 58th St10003'
-73.9229,40.6650,1,2,'NYE 98th St10003+NYRutland Rd+10003|NYRutland Rd10003'
-73.9229,40.8133,4,24,'NYE 143rd St10003+NY3rd Ave+10003'
-73.9229,40.8040,5,12,'NYBrown Pl10003|NYBrown Pl10003+NYE 132nd St+10003'
-73.9229,40.7066,58,199,'NYTroutman St10003+NYWyckoff Ave+10003'
-73.9229,40.7085,1,13,'NYIngraham St10003|NYIngraham St10003+NYFlushing Ave+10003'
-73.9229,40.7366,5,248,'NYCeltic Ave10003|NYCeltic Ave10003+NY43rd St+10003'
-73.9228,40.6449,0,3,'NYClarendon Rd10003+NYE 57th St+10003|NYClarendon Rd10003+NYE 57 St+10003|NYE 57th St10003|NYE 57th St10003+NYE 57th St+10003|NYE 57th St10003+NYE 57 St+10003|NYE 57 St10003'
-73.9228,40.6525,0,1,'NYKings Hwy10003+NYChurch Ave+10003|NYKings Hwy10003+NYE 58th St+10003|NYChurch Ave10003+NYE 58th St+10003|NYE 58th St10003'
-73.9228,40.7713,183,358,'NYAstoria Blvd10003+NYCrescent St+10003|NYAstoria Blvd10003+NY25th St+10003|NYCrescent St10003|NYCrescent St10003+NYCrescent St+10003|NY25th St10003|NY25th St10003+NYCrescent St+10003'
-73.9228,40.8132,2,18,'NYAlexander Ave10003|NYAlexander Ave10003+NYE 143rd St+10003'
-73.9228,40.7991,2,3,'NYTriborough Plz10003'
-73.9228,40.6355,1,11,'NYGlenwood Rd10003|NYGlenwood Rd10003+NYFarragut Rd+10003|NYGlenwood Rd10003+NYE 56th St+10003|NYFarragut Rd10003|NYFarragut Rd10003+NYE 56th St+10003|NYFarragut Rd10003+NYAve G+10003|NYE 56th St10003+NYAve G+10003|NYAve G10003'
-73.9228,40.6566,0,7,'NYE 91st St10003+NYLenox Rd+10003'
-73.9228,40.6899,9,45,'NYLinden St10003|NYLinden St10003+NYBroadway+10003'
-73.9228,40.6771,0,10,'NYColumbus Pl10003'
-73.9228,40.8443,2,7,'NYDr Martin Luther King Jr Blvd10003|NYDr Martin Luther King Jr Blvd10003+NYUniversity Ave+10003|NYUniversity Ave10003'
-73.9228,40.7740,18,65,'NYHoyt Ave S10003+NY23rd St+10003|NY23rd St10003+NYHoyt Ave+10003'
-73.9228,40.5602,0,1,'NYRockaway Point Blvd10003+NYBath Walk+10003'
-73.9228,40.7756,24,73,'NY21st St10003+NY24th Dr+10003|NY24th Dr10003'
-73.9228,40.6522,0,1,'NYE 58th St10003'
-73.9228,40.6671,0,10,'NYRalph Ave10003+NYE New York Ave+10003'
-73.9227,40.6936,1,30,'NYEvergreen Ave10003+NYBleecker St+10003'
-73.9227,40.6983,4,74,'NYMyrtle Ave10003+NYStanhope St+10003'
-73.9227,40.7652,101,455,'NY30th Dr10003|NY30th Dr10003+NY31st St+10003'
-73.9227,40.8502,1,4,'NYW 176th St10003+NYMajor Deegan Expy+10003|NYW 176th St10003+NYI 87+10003'
-73.9227,40.6622,1,9,'NYE 96th St10003+NYWinthrop St+10003'
-73.9227,40.6674,1,7,'NYRalph Ave10003+NYUnion St+10003'
-73.9227,40.6528,0,4,'NYKings Hwy10003+NYE 58th St+10003|NYE 58th St10003'
-73.9227,40.5900,0,5,'NYCyrus Ave10003+NYAbbey Ct+10003'
-73.9227,40.6782,0,5,'NYHerkimer St10003+NYColumbus Pl+10003|NYColumbus Pl10003'
-73.9227,40.6827,9,261,'NYRalph Ave10003+NYDecatur St+10003'
-73.9227,40.7640,496,2138,'NY32nd St10003+NY31st Ave+10003'
-73.9227,40.8446,0,3,'NYCross Bronx Expy10002+NYDr Martin Luther King Jr Blvd+10002|NYCross Bronx Expy10002+NYUniversity Ave+10002|NYDr Martin Luther King Jr Blvd10003|NYDr Martin Luther King Jr Blvd10003+NYW 172nd St Exd+10003|NYDr Martin Luther King Jr Blvd10003+NYEdward L Grant Hwy+10003|NYDr Martin Luther King Jr Blvd10003+NYUS Hwy 1+10003|NYW 172nd St Exd10003|NYW 172nd St Exd10003+NYEdward L Grant Hwy+10003|NYW 172nd St Exd10003+NYUniversity Ave+10003|NYEdward L Grant Hwy10003|NYEdward L Grant Hwy10003+NYUniversity Ave+10003|NYUS Hwy 110002+NYUniversity Ave+10002|NYUniversity Ave10003'
-73.9227,40.7471,23,649,'NY41st St10003'
-73.9227,40.8205,0,12,'NYPark Ave10003+NYE 153rd St+10003'
-73.9226,40.7774,6,240,'NY19th St10003+NY24th Ave+10003|NY24th Ave10003'
-73.9226,40.5599,0,1,'NYSeabreeze Walk10003'
-73.9226,40.6512,0,1,'NYE 58th St10003'
-73.9226,40.8795,0,6,'NYEdsall Ave10003|NYEdsall Ave10003+NYEdsall Ave+10003'
-73.9226,40.5880,0,1,'NYEaton Ct10003+NYSeba Ave+10003'
-73.9226,40.7343,16,17,'NYI 49510001+NYBrooklyn Queens Expy+10001|NYI 49510001+NYI 278+10001|NYLong Island Expy10001+NYBrooklyn Queens Expy+10001|NYLong Island Expy10001+NYI 278+10001|NYBrooklyn Queens Expy10001+NYQueens Midtown Expy+10001|NYQueens Midtown Expy10001+NYI 278+10001'
-73.9226,40.7532,14,34,'NY41st St10003+NY36th Ave+10003'
-73.9226,40.8393,0,5,'NYW 169th St10003+NYShakespeare Ave+10003'
-73.9225,40.7081,0,56,'NYSt Nicholas Ave10003+NYJefferson St+10003'
-73.9225,40.7929,66,43,'NYTriborough Brg10001+NYTriborough Brg+10001|NYI 27810001+NYTriborough Brg+10001|NYTriborough Brg10002'
-73.9225,40.6506,0,5,'NYE 58th St10003+NYSnyder Ave+10003'
-73.9225,40.8451,2,16,'NYDr Martin Luther King Jr Blvd10003+NYCross Bronx Expy+10003|NYDr Martin Luther King Jr Blvd10003+NYUS Hwy 1+10003|NYCross Bronx Expy10002+NYUniversity Ave+10002|NYUniversity Ave10003+NYUS Hwy 1+10003'
-73.9225,40.8316,5,65,'NYE 165th St10003+NYGerard Ave+10003'
-73.9225,40.6789,0,7,'NYMacdougal St10003|NYMacdougal St10003+NYFulton St+10003'
-73.9225,40.6596,0,8,'NYE 94th St10003+NYClarkson Ave+10003'
-73.9225,40.6098,1,1,'NYFlatbush Ave10003+NYAve U+10003'
-73.9225,40.8661,5,184,'NYVermilyea Ave10003+NYW 204th St+10003'
-73.9225,40.8624,2,48,'NYAcademy St10003|NYAcademy St10003+NYNagle Ave+10003'
-73.9225,40.7093,0,10,'NYScott Ave10003+NYJohnson Ave+10003'
-73.9225,40.7574,26,279,'NY37th St10003+NY34th Ave+10003'
-73.9225,40.8180,8,97,'NYMorris Ave10003+NYE 150th St+10003|NYE 150th St10003'
-73.9224,40.7694,5,140,'NY28th St10003|NY28th St10003+NYNewtown Ave+10003'
-73.9224,40.6812,3,35,'NYRalph Ave10003+NYChauncey St+10003|NYChauncey St10003'
-73.9224,40.8418,0,16,'NYEdward L Grant Hwy10003+NYNelson Ave+10003'
-73.9224,40.8501,0,6,'NYW 176th St10003|NYW 176th St10003+NYSedgwick Ave+10003'
-73.9224,40.8301,1,26,'NYE 164th St10003+NYWalton Ave+10003'
-73.9224,40.8098,5,178,'NYE 139th St10003+NYWillis Ave+10003'
-73.9224,40.6685,5,40,'NYRalph Ave10003+NYPitkin Ave+10003|NYRalph Ave10003+NYEastern Pkwy+10003|NYRalph Ave10003+NYEastern Pkwy Exn+10003|NYPitkin Ave10003|NYPitkin Ave10003+NYEastern Pkwy+10003|NYPitkin Ave10003+NYEastern Pkwy Exn+10003|NYEastern Pkwy10003|NYEastern Pkwy10003+NYEastern Pkwy Exn+10003|NYEastern Pkwy10003+NYEastern Pkwy+10003|NYEastern Pkwy Exn10003|NYEastern Pkwy Exn10003+NYEastern Pkwy+10003'
-73.9224,40.8047,6,11,'NYBrown Pl10003+NYBruckner Blvd+10003'
-73.9224,40.8404,0,9,'NYW 170th St10003+NYShakespeare Ave+10003'
-73.9224,40.7011,37,189,'NYKnickerbocker Ave10003+NYDekalb Ave+10003'
-73.9224,40.7744,9,8,'NY23rd St10003+NYTriboro Brg+10003|NY23rd St10003+NYI 278+10003'
-73.9224,40.6133,0,5,'NYE 54th St10003+NYAvenue S+10003'
-73.9224,40.8361,2,14,'NYEdward L Grant Hwy10003|NYEdward L Grant Hwy10003+NYCromwell Ave+10003|NYEdward L Grant Hwy10003+NYE 167th St+10003|NYEdward L Grant Hwy10003+NYJerome Ave+10003|NYCromwell Ave10003|NYCromwell Ave10003+NYE 167th St+10003|NYCromwell Ave10003+NYJerome Ave+10003|NYE 167th St10003|NYE 167th St10003+NYJerome Ave+10003'
-73.9224,40.7288,1,1,'NY55th Rd10003|NY55th Rd10003+NYAstoria Blvd+10003|NYAstoria Blvd10003'
-73.9223,40.8695,2,8,'NYW 207th St10003'
-73.9223,40.7090,0,22,'NYScott Ave10003+NYFlushing Ave+10003'
-73.9223,40.7035,3,52,'NYIrving Ave10003+NYSuydam St+10003'
-73.9223,40.8366,1,1,'NYJerome Ave10003'
-73.9223,40.6988,7,91,'NYWilson Ave10003+NYStanhope St+10003'
-73.9223,40.8805,0,93,'NYIndependence Ave10003|NYIndependence Ave10003+NYPalisade Ave+10003'
-73.9223,40.5863,0,1,'NYLois Ave10003+NYGain Ct+10003'
-73.9223,40.7204,1,1,'NY48th St10003|NY48th St10003+NY58th Rd+10003|NY58th Rd10003'
-73.9223,40.6653,1,11,'NYRalph Ave10003+NYSutter Ave+10003'
-73.9223,40.6487,0,3,'NYTilden Ave10003+NYE 58th St+10003|NYE 58th St10003'
-73.9223,40.7744,7,48,'NY23rd St10003+NYHoyt Ave+10003|NY23rd St10003+NYHoyt Ave N+10003'
-73.9223,40.5903,1,10,'NYCyrus Ave10003|NYCyrus Ave10003+NYGerritsen Ave+10003'
-73.9223,40.7673,51,283,'NY30th Ave10003+NY30th St+10003|NY30th St10003'
-73.9223,40.8474,0,12,'NYPopham Ave10003|NYPopham Ave10003+NYW 174th St+10003'
-73.9223,40.6128,0,2,'NYAve T10003+NYE 54th St+10003'
-73.9223,40.6805,0,6,'NYRalph Ave10003+NYMarion St+10003|NYMarion St10003'
-73.9223,40.8250,1,81,'NYConcourse Village W10003+NYE 158th St+10003|NYE 158th St10003'
-73.9223,40.6964,6,40,'NYHarman St10003+NYCentral Ave+10003'
-73.9222,40.6918,5,85,'NYGrove St10003+NYBushwick Ave+10003'
-73.9222,40.8488,1,14,'NYW 175th St10003|NYW 175th St10003+NYUndercliff Ave+10003'
-73.9222,40.8277,49,119,'NYE 162nd St10003|NYE 162nd St10003+NYGrand Concourse+10003'
-73.9222,40.8342,0,12,'NYRiver Ave10003+NYMc Clellan St+10003'
-73.9222,40.8380,1,4,'NYW 168th St10003'
-73.9222,40.6297,0,3,'NYFlatlands Ave10003+NYE 56th St+10003'
-73.9222,40.6673,1,0,'NYUnion St10003|NYUnion St10003+NYE New York Ave+10003'
-73.9222,40.7344,33,20,'NYBrooklyn Queens Expy10001+NYI 495+10001|NYBrooklyn Queens Expy10001+NYQueens Midtown Expy+10001|NYQueens Midtown Expy10001+NYI 278+10001'
-73.9222,40.7692,6,199,'NY29th St10003|NY29th St10003+NYNewtown Ave+10003'
-73.9222,40.7605,207,1085,'NY35th St10003+NYBroadway+10003'
-73.9222,40.7673,111,298,'NY30th St10003|NY30th St10003+NY30th Ave+10003'
-73.9222,40.6385,0,4,'NYE 57th St10003|NYE 57th St10003+NYFoster Ave+10003'
-73.9222,40.7761,15,152,'NY21st St10003+NY24th Rd+10003'
-73.9222,40.7735,14,42,'NYHoyt Ave S10003+NY24th St+10003|NYHoyt Ave10003+NY24th St+10003|NY24th St10003'
-73.9222,40.8152,1,9,'NYCollege Ave10003|NYCollege Ave10003+NYE 145th St+10003|NYE 145th St10003'
-73.9221,40.8691,4,225,'NYW 207th St10003+NYSeaman Ave+10003'
-73.9221,40.8363,0,14,'NYCromwell Ave10003|NYCromwell Ave10003+NYJerome Ave+10003'
-73.9221,40.8505,2,29,'NYW 176th St10003|NYW 176th St10003+NYSedgwick Ave+10003'
-73.9221,40.7061,95,196,'NYStarr St10003+NYWyckoff Ave+10003'
-73.9221,40.6797,2,4,'NYRalph Ave10003+NYSumpter St+10003|NYSumpter St10003'
-73.9221,40.7355,5,64,'NY51st Ave10003+NY44th St+10003|NY44th St10003|NY44th St10003+NYLaurel Hill Blvd+10003'
-73.9221,40.7551,297,392,'NY35th Ave10003+NYSteinway St+10003'
-73.9221,40.8188,0,42,'NYMorris Ave10003+NYE 151st St+10003'
-73.9221,40.7129,8,32,'NYOnderdonk Ave10003|NYOnderdonk Ave10003+NYScholes St+10003|NYOnderdonk Ave10003+NYOnderdonk Ave+10003|NYScholes St10003|NYScholes St10003+NYOnderdonk Ave+10003'
-73.9221,40.6570,0,10,'NYLenox Rd10003+NYE 92nd St+10003'
-73.9221,40.7085,3,82,'NYScott Ave10003+NYJefferson St+10003'
-73.9221,40.6643,0,2,'NYRalph Ave10003|NYRalph Ave10003+NYE 98th St+10003'
-73.9221,40.6543,0,2,'NYKings Hwy10003+NYLinden Blvd+10003|NYKings Hwy10003+NYE 59th St+10003|NYLinden Blvd10002+NYE 59th St+10002|NYE 59th St10003'
-73.9221,40.8137,5,10,'NY3rd Ave10003+NYE 144th St+10003|NYE 144th St10003'
-73.9221,40.8037,2,1,'NYE 132nd St10003+NYBrook Ave+10003|NYBrook Ave10003'
-73.9221,40.6681,0,1,'NYEastern Pkwy10003|NYEastern Pkwy10003+NYEastern Pkwy Exn+10003|NYEastern Pkwy Exn10003'
-73.9221,40.6895,16,72,'NYBroadway10003+NYGates Ave+10003'
-73.9221,40.7377,23,664,'NYCeltic Ave10003|NYCeltic Ave10003+NY50th Ave+10003'
-73.9220,40.7529,10,7,'NYNorthern Blvd10002+NY36th Ave+10002|NYState Hwy 25 Alt10002+NY36th Ave+10002|NY36th Ave10003|NY36th Ave10003+NYQueens Plz E+10003'
-73.9220,40.7409,50,1008,'NYGreenpoint Ave10003+NY43rd St+10003'
-73.9220,40.7780,1,9,'NY23rd Ter10003|NY23rd Ter10003+NY19th St+10003'
-73.9220,40.8365,3,3,'NYCromwell Ave10003+NYJerome Ave+10003|NYJerome Ave10003'
-73.9220,40.6931,1,26,'NYMenahan St10003+NYEvergreen Ave+10003'
-73.9220,40.6546,1,2,'NYKings Hwy10003+NYRemsen Ave+10003'
-73.9220,40.6184,0,62,'NYMill Ln10003|NYMill Ln10003+NYE 55th St+10003'
-73.9220,40.5605,0,2,'NYRockaway Point Blvd10003+NYSeabreeze Walk+10003'
-73.9220,40.6753,7,48,'NYDean St10003'
-73.9220,40.6791,2,10,'NYRalph Ave10003+NYMacdougal St+10003|NYMacdougal St10003'
-73.9220,40.5884,0,3,'NYCanton Ct10003+NYSeba Ave+10003'
-73.9220,40.7979,29,55,'NYTriborough Brg10002|NYTriborough Brg10002+NYTriborough Brg+10002'
-73.9220,40.8525,1,23,'NYMatthewson Rd10003|NYMatthewson Rd10003+NYHarlem River Park Brg+10003|NYMatthewson Rd10003+NYRichman Plz+10003|NYHarlem River Park Brg10003|NYHarlem River Park Brg10003+NYRichman Plz+10003|NYRichman Plz10003'
-73.9219,40.8104,7,135,'NYE 140th St10003|NYE 140th St10003+NYWillis Ave+10003'
-73.9219,40.8210,0,2,'NYE 154th St10003|NYE 154th St10003+NYPark Ave+10003'
-73.9219,40.8410,1,14,'NYEdward L Grant Hwy10003+NYShakespeare Ave+10003'
-73.9219,40.6627,1,20,'NYWinthrop St10003+NYRockaway Pkwy+10003'
-73.9219,40.6449,2,8,'NYE 58th St10003|NYE 58th St10003+NYClarendon Rd+10003|NYE 58th St10003+NYE 58 St+10003|NYE 58th St10003+NYE 58th St+10003|NYClarendon Rd10003+NYE 58 St+10003|NYClarendon Rd10003+NYE 58th St+10003|NYE 58 St10003|NYE 58 St10003+NYE 58th St+10003'
-73.9219,40.6361,0,7,'NYE 57th St10003|NYE 57th St10003+NYFarragut Rd+10003'
-73.9219,40.8385,0,5,'NYW 169th St10003'
-73.9219,40.8054,0,4,'NYE 134th St10003+NYBrown Pl+10003|NYBrown Pl10003'
-73.9219,40.6675,0,6,'NYE New York Ave10003+NYUnion St+10003|NYUnion St10003'
-73.9218,40.7962,11,14,'NYRandalls Is Rd10003'
-73.9218,40.6102,3,1,'NYAve U10003+NYE 52nd St+10003|NYE 52nd St10003'
-73.9218,40.6770,4,16,'NYRalph Ave10003+NYAtlantic Ave+10003'
-73.9218,40.6600,0,8,'NYE 95th St10003+NYClarkson Ave+10003'
-73.9218,40.6525,0,5,'NYChurch Ave10003+NYE 59th St+10003'
-73.9218,40.8195,1,0,'NYMorris Ave10003+NYE 152nd St+10003|NYE 152nd St10003'
-73.9218,40.7317,0,3,'NY54th Ave10003+NY46th St+10003'
-73.9218,40.7749,2,39,'NY23rd St10003+NY24th Dr+10003|NY24th Dr10003'
-73.9218,40.7077,15,123,'NYTroutman St10003+NYScott Ave+10003|NYTroutman St10003+NYSt Nicholas Ave+10003|NYScott Ave10003|NYScott Ave10003+NYSt Nicholas Ave+10003'
-73.9218,40.6985,5,41,'NYWilson Ave10003+NYMyrtle Ave+10003'
-73.9217,40.8444,0,5,'NYPlimpton Ave10003|NYPlimpton Ave10003+NYW 172nd St Exd+10003|NYPlimpton Ave10003+NYW 172nd St+10003|NYW 172nd St Exd10003|NYW 172nd St Exd10003+NYW 172nd St+10003|NYW 172nd St10003'
-73.9217,40.8286,5,150,'NYGrand Concourse10003+NYE 163rd St+10003|NYE 163rd St10003'
-73.9217,40.8256,0,19,'NYConcourse Village W10003+NYE 159th St+10003|NYE 159th St10003'
-73.9217,40.8685,4,266,'NYW 207th St10003+NYCooper St+10003'
-73.9217,40.7470,116,1735,'NY42nd St10003'
-73.9217,40.7095,6,19,'NYFlushing Ave10003|NYFlushing Ave10003+NYJohnson Ave+10003|NYFlushing Ave10003+NYCypress Ave+10003|NYFlushing Ave10003+NYFlushing Ave+10003|NYJohnson Ave10003|NYJohnson Ave10003+NYCypress Ave+10003|NYJohnson Ave10003+NYFlushing Ave+10003|NYCypress Ave10003|NYCypress Ave10003+NYFlushing Ave+10003'
-73.9217,40.5886,0,1,'NYBeacon Ct10003+NYSeba Ave+10003'
-73.9217,40.6555,0,2,'NYKings Hwy10003+NYE 91st St+10003'
-73.9217,40.8313,0,56,'NYWalton Ave10003+NYE 165th St+10003'
-73.9217,40.7571,19,188,'NY38th St10003+NY34th Ave+10003'
-73.9217,40.7739,0,54,'NYHoyt Ave10003+NY24th St+10003|NYHoyt Ave N10003+NY24th St+10003'
-73.9217,40.7739,11,23,'NYTriboro Brg10001+NY24th St+10001|NY24th St10003+NYI 278+10003'
-73.9216,40.6789,4,23,'NYRalph Ave10003+NYFulton St+10003|NYMacdougal St10003|NYMacdougal St10003+NYFulton St+10003'
-73.9216,40.8389,1,6,'NYW 169th St10003'
-73.9216,40.7007,17,155,'NYKnickerbocker Ave10003+NYStockholm St+10003'
-73.9216,40.8608,1,38,'NY10 Ave10003+NYAcademy St+10003|NY10th Ave10003+NYAcademy St+10003|NYAcademy St10003'
-73.9216,40.7530,15,11,'NY42nd St10003|NY42nd St10003+NYNorthern Blvd+10003|NY42nd St10003+NYState Hwy 25 Alt+10003|NY42nd St10003+NYQueens Plz E+10003'
-73.9216,40.6333,1,19,'NYAve H10003+NYE 57th St+10003|NYE 57th St10003'
-73.9216,40.8156,1,12,'NYCollege Ave10003+NYE 146th St+10003|NYE 146th St10003'
-73.9216,40.7031,3,116,'NYHart St10003+NYIrving Ave+10003'
-73.9216,40.6983,8,34,'NYWilson Ave10003+NYHimrod St+10003'
-73.9216,40.8043,3,6,'NYBruckner Blvd10003+NYBrook Ave+10003'
-73.9215,40.7168,0,1,'NYGrand Ave10003+NY47th St+10003|NY47th St10003'
-73.9215,40.7323,0,11,'NY53rd Ave10003+NY46th St+10003|NY46th St10003'
-73.9215,40.7766,52,404,'NY24th Ave10003+NY21st St+10003'
-73.9215,40.6960,1,15,'NYGreene Ave10003+NYCentral Ave+10003'
-73.9215,40.8403,0,22,'NYJesup Ave10003|NYJesup Ave10003+NYW 170th St+10003|NYW 170th St10003'
-73.9215,40.7720,20,118,'NY25th Rd10003'
-73.9215,40.8110,13,79,'NYE 141st St10003+NYWillis Ave+10003'
-73.9215,40.8202,3,13,'NYMorris Ave10003+NYE 153rd St+10003'
-73.9215,40.8782,0,9,'NYState Hwy 9a Alt10002|NYState Hwy 9a Alt10002+NYState Rte 9a+10002|NYState Hwy 9a Alt10002+NYHenry Hudson Pkwy+10002|NYState Rte 9a10002|NYState Rte 9a10002+NYHenry Hudson Pkwy+10002|NYHenry Hudson Pkwy10002|NYHenry Hudson Pkwy10002+NYHenry Hudson Pkwy+10002'
-73.9215,40.7090,2,50,'NYJefferson St10003|NYJefferson St10003+NYCypress Ave+10003'
-73.9215,40.7731,132,148,'NYHoyt Ave S10003+NYCrescent St+10003|NYHoyt Ave S10003+NY25th St+10003|NYCrescent St10003|NYCrescent St10003+NYHoyt Ave+10003|NYCrescent St10003+NYCrescent St+10003|NYHoyt Ave10003+NYCrescent St+10003|NYHoyt Ave10003+NY25th St+10003|NYCrescent St10003+NY25th St+10003|NY25th St10003'
-73.9214,40.8060,2,10,'NYBrown Pl10003|NYBrown Pl10003+NYE 135th St+10003'
-73.9214,40.6134,0,2,'NYT Ave10003|NYT Ave10003+NYAve T+10003|NYT Ave10003+NYAvenue S+10003|NYT Ave10003+NYE 55th St+10003|NYAve T10003|NYAve T10003+NYAvenue S+10003|NYAve T10003+NYAve T+10003|NYAve T10003+NYE 55th St+10003|NYAvenue S10003|NYAvenue S10003+NYAve T+10003|NYAvenue S10003+NYE 55th St+10003|NYE 55th St10003'
-73.9214,40.6985,10,87,'NYMyrtle Ave10003+NYHimrod St+10003'
-73.9214,40.7710,67,335,'NYAstoria Blvd10003+NY27th St+10003|NY27th St10003'
-73.9214,40.6914,7,68,'NYLinden St10003+NYBushwick Ave+10003'
-73.9214,40.7057,19,114,'NYWilloughby Ave10003+NYWyckoff Ave+10003'
-73.9214,40.6575,0,2,'NYE 93rd St10003+NYLenox Rd+10003'
-73.9214,40.7601,128,473,'NY36th St10003+NYBroadway+10003'
-73.9214,40.7785,1,25,'NY19th St10003+NY23rd Dr+10003|NY23rd Dr10003'
-73.9214,40.7669,1012,925,'NY30th Ave10003+NY31st St+10003'
-73.9214,40.8378,1,0,'NYCromwell Ave10003+NYInwood Ave+10003|NYInwood Ave10003'
-73.9214,40.6544,0,5,'NYRemsen Ave10003+NYLinden Blvd+10003'
-73.9214,40.6309,0,3,'NYAve I10003+NYE 57th St+10003'
-73.9214,40.6563,0,3,'NYKings Hwy10003+NYE 92nd St+10003'
-73.9214,40.6655,0,3,'NYUnion St10003+NYSutter Ave+10003'
-73.9214,40.5888,0,1,'NYAbbey Ct10003+NYSeba Ave+10003'
-73.9214,40.7110,0,1,'NYRandolph St10003|NYRandolph St10003+NYSeneca Ave+10003|NYRandolph St10003+NYRandolph St+10003|NYSeneca Ave10003'
-73.9213,40.8472,0,27,'NYMontgomery Ave10003|NYMontgomery Ave10003+NYW 174th St+10003'
-73.9213,40.8499,0,9,'NYW 176th St10003+NYUndercliff Ave+10003'
-73.9213,40.8523,0,12,'NYRoberto Clemente Park Brg10003|NYRoberto Clemente Park Brg10003+NYHarlem River Park Brg+10003|NYHarlem River Park Brg10003|NYHarlem River Park Brg10003+NYHarlem River Park Brg+10003'
-73.9213,40.7548,9,272,'NY35th Ave10003+NY41st St+10003'
-73.9213,40.8400,0,12,'NYW 170th St10003'
-73.9213,40.8451,0,6,'NYCross Bronx Expy10002+NYCross Bronx Exwy Svc Rd+10002|NYCross Bronx Expy10002+NYPlimpton Ave+10002|NYCross Bronx Exwy Svc Rd10006|NYCross Bronx Exwy Svc Rd10006+NYPlimpton Ave+10006|NYCross Bronx Exwy Svc Rd10006+NYUS Hwy 1+10006|NYPlimpton Ave10003|NYPlimpton Ave10003+NYUS Hwy 1+10003'
-73.9213,40.6891,6,30,'NYBroadway10003+NYPalmetto St+10003|NYPalmetto St10003'
-73.9213,40.6303,0,2,'NYFlatlands Ave10003+NYE 57th St+10003'
-73.9213,40.6391,0,2,'NYE 58th St10003|NYE 58th St10003+NYFoster Ave+10003'
-73.9213,40.8357,2,20,'NYRiver Ave10003+NYE 167th St+10003'
-73.9213,40.8486,0,10,'NYW 175th St10003+NYPopham Ave+10003'
-73.9213,40.7231,0,1,'NY48th St10003|NY48th St10003+NYMaspeth Ave+10003|NYMaspeth Ave10003'
-73.9213,40.8641,4,268,'NYPost Ave10003+NYW 204th St+10003'
-73.9212,40.8162,3,64,'NYCollege Ave10003|NYCollege Ave10003+NYE 148th St+10003'
-73.9212,40.8784,0,6,'NYState Hwy 9a Alt10002+NYEdsall Ave+10002|NYHenry Hudson Pkwy10002+NYEdsall Ave+10002'
-73.9212,40.7352,9,8,'NY45th St10003'
-73.9212,40.7684,12,176,'NY30th St10003+NYNewtown Ave+10003'
-73.9212,40.8613,0,24,'NY10 Ave10003+NYW 202nd St+10003|NY10th Ave10003+NYW 202nd St+10003|NYW 202nd St10003'
-73.9212,40.8338,0,20,'NYMc Clellan St10003+NYGerard Ave+10003'
-73.9212,40.6890,0,4,'NYBroadway10003+NYHoward Ave+10003|NYHoward Ave10003'
-73.9212,40.8677,128,549,'NYW 207th St10003+NYBroadway+10003|NYW 207th St10003+NYUS Rte 9+10003'
-73.9212,40.8142,3,13,'NY3rd Ave10003+NYE 145th St+10003'
-73.9212,40.7107,0,1,'NYRandolph St10003'
-73.9212,40.7354,5,45,'NY45th St10003+NY51st Ave+10003|NY45th St10003+NYLaurel Hill Blvd+10003'
-73.9212,40.8208,0,16,'NYE 154th St10003|NYE 154th St10003+NYMorris Ave+10003'
-73.9212,40.6469,0,3,'NYE 59th St10003|NYE 59th St10003+NYE 59 St+10003|NYE 59th St10003+NYE 59th St+10003|NYE 59th St10003+NYBeverley Rd+10003|NYE 59 St10003|NYE 59 St10003+NYE 59th St+10003|NYE 59 St10003+NYBeverley Rd+10003'
-73.9212,40.6888,3,11,'NYHoward Ave10003+NYMonroe St+10003'
-73.9212,40.7962,42,29,'NYRandalls Is Rd10003'
-73.9212,40.8296,10,179,'NYE 164th St10003+NYGrand Concourse+10003'
-73.9212,40.7754,2,55,'NY23rd St10003+NY24th Rd+10003|NY24th Rd10003'
-73.9212,40.6928,5,78,'NYEvergreen Ave10003+NYGrove St+10003'
-73.9212,40.8264,8,50,'NYE 161st St10003+NYSheridan Ave+10003|NYE 161st St10003+NYConcourse Village W+10003|NYSheridan Ave10003|NYSheridan Ave10003+NYConcourse Village W+10003|NYConcourse Village W10003'
-73.9211,40.7733,27,21,'NYCrescent St10003+NYTriboro Brg+10003|NYCrescent St10003+NYI 278+10003|NYTriboro Brg10001+NY25th St+10001|NY25th St10003+NYI 278+10003'
-73.9211,40.8216,0,2,'NYPark Ave10003+NYE 155th St+10003|NYE 155th St10003'
-73.9211,40.8542,0,1,'NYW Tremont Ave10003'
-73.9211,40.7693,4,95,'NY29th St10003'
-73.9211,40.6107,0,2,'NYAve U10003+NYE 53rd Pl+10003|NYE 53rd Pl10003'
-73.9211,40.8050,0,2,'NYE 134th St10003+NYBrook Ave+10003'
-73.9211,40.6572,0,3,'NYKings Hwy10003+NYE 93rd St+10003'
-73.9211,40.8324,0,21,'NYWalton Ave10003+NYE 166th St+10003|NYE 166th St10003'
-73.9211,40.7072,13,132,'NYStarr St10003+NYSt Nicholas Ave+10003'
-73.9210,40.8465,6,18,'NYDr Martin Luther King Jr Blvd10003+NYFeatherbed Ln+10003|NYFeatherbed Ln10003|NYFeatherbed Ln10003+NYUniversity Ave+10003'
-73.9210,40.8117,3,70,'NYWillis Ave10003+NYE 142nd St+10003|NYE 142nd St10003'
-73.9210,40.6881,3,30,'NYHoward Ave10003+NYMadison St+10003'
-73.9210,40.8380,0,5,'NYInwood Ave10003+NYW 169th St+10003'
-73.9210,40.8522,0,8,'NYRoberto Clemente Park Brg10003|NYRoberto Clemente Park Brg10003+NYHarlem River Park Brg+10003|NYRoberto Clemente Park Brg10003+NYMajor Deegan Expy+10003|NYRoberto Clemente Park Brg10003+NYI 87+10003|NYHarlem River Park Brg10003|NYHarlem River Park Brg10003+NYHarlem River Park Brg+10003|NYHarlem River Park Brg10003+NYMajor Deegan Expy+10003|NYHarlem River Park Brg10003+NYI 87+10003'
-73.9210,40.6679,0,8,'NYTapscott St10003|NYTapscott St10003+NYE New York Ave+10003'
-73.9210,40.6365,0,5,'NYE 58th St10003|NYE 58th St10003+NYFarragut Rd+10003'
-73.9210,40.6549,0,1,'NYWillmohr St10003+NYE 91st St+10003'
-73.9210,40.8066,2,14,'NYBrown Pl10003+NYE 136th St+10003'
-73.9210,40.8441,0,12,'NYW 172nd St10003+NYNelson Ave+10003'
-73.9210,40.6450,0,3,'NYClarendon Rd10003+NYE 59 St+10003|NYClarendon Rd10003+NYE 59th St+10003|NYE 59 St10003|NYE 59 St10003+NYE 59th St+10003|NYE 59th St10003|NYE 59th St10003+NYE 59th St+10003'
-73.9210,40.6640,0,7,'NYBlake Ave10003+NYUnion St+10003'
-73.9210,40.6181,0,31,'NYMill Ln10003|NYMill Ln10003+NYE 56th St+10003'
-73.9210,40.7734,39,78,'NYCrescent St10003+NYHoyt Ave+10003|NYCrescent St10003+NYHoyt Ave N+10003|NYHoyt Ave10003+NY25th St+10003|NYHoyt Ave N10003+NY25th St+10003'
-73.9210,40.6889,0,11,'NYBroadway10003+NYMonroe St+10003|NYMonroe St10003'
-73.9210,40.5891,0,1,'NYSeba Ave10003|NYSeba Ave10003+NYGerritsen Ave+10003'
-73.9210,40.7414,417,1285,'NY44th St10003+NYGreenpoint Ave+10003|NYGreenpoint Ave10003+NY47th Ave+10003'
-73.9209,40.6770,0,8,'NYPrescott Pl10003'
-73.9209,40.8424,1,35,'NYJesup Pl10003|NYJesup Pl10003+NYSheriff S Byrd Pl+10003|NYJesup Pl10003+NYShakespeare Ave+10003|NYSheriff S Byrd Pl10003|NYSheriff S Byrd Pl10003+NYShakespeare Ave+10003'
-73.9209,40.6606,0,6,'NYE 96th St10003+NYClarkson Ave+10003'
-73.9209,40.8786,0,4,'NYState Hwy 9a Alt10002+NYEdsall Ave+10002|NYHenry Hudson Pkwy10002+NYEdsall Ave+10002'
-73.9209,40.8699,2,99,'NYIsham St10003|NYIsham St10003+NYSeaman Ave+10003'
-73.9209,40.8215,1,3,'NYMorris Ave10003+NYE 155th St+10003|NYE 155th St10003'
-73.9209,40.7087,5,112,'NYTroutman St10003|NYTroutman St10003+NYTroutman St+10003|NYTroutman St10003+NYCypress Ave+10003'
-73.9209,40.6874,2,24,'NYHoward Ave10003+NYPutnam Ave+10003'
-73.9209,40.7002,7,37,'NYStanhope St10003+NYKnickerbocker Ave+10003'
-73.9209,40.7300,1,0,'NY54th Dr10003'
-73.9209,40.7567,517,581,'NYSteinway St10003+NY34th Ave+10003'
-73.9209,40.7772,8,89,'NY23rd Ter10003+NY21st St+10003'
-73.9208,40.6781,1,13,'NYPrescott Pl10003|NYPrescott Pl10003+NYHerkimer St+10003'
-73.9208,40.8796,3,97,'NYIndependance Ave10003|NYIndependance Ave10003+NYPalisade Ave+10003'
-73.9208,40.7027,8,128,'NYIrving Ave10003+NYDekalb Ave+10003'
-73.9208,40.6979,2,86,'NYWilson Ave10003+NYHarman St+10003'
-73.9208,40.8054,1,2,'NYMajor Deegan Expy10001+NYBrook Ave+10001|NYI 8710001+NYBrook Ave+10001'
-73.9208,40.6138,0,2,'NYE 56th St10003|NYE 56th St10003+NYAve T+10003'
-73.9208,40.8520,1,21,'NYCedar Ave10003|NYCedar Ave10003+NYHarlem River Park Brg+10003|NYCedar Ave10003+NYSedgwick Ave+10003|NYHarlem River Park Brg10003|NYHarlem River Park Brg10003+NYSedgwick Ave+10003'
-73.9208,40.9577,1,1,'NJTimberline Dr10003'
-73.9208,40.6579,0,7,'NYKings Hwy10003+NYLennox Rd+10003|NYKings Hwy10003+NYLenox Rd+10003|NYLennox Rd10003|NYLennox Rd10003+NYLenox Rd+10003'
-73.9208,40.7708,21,206,'NYAstoria Blvd10003+NY28th St+10003|NY28th St10003'
-73.9208,40.7790,0,39,'NY19th St10003+NY23rd Rd+10003|NY23rd Rd10003'
-73.9208,40.7715,3,107,'NY27th St10003+NY25th Rd+10003|NY25th Rd10003'
-73.9208,40.6631,0,2,'NYWinthrop St10003|NYWinthrop St10003+NYUnion St+10003|NYWinthrop St10003+NYE 98th St+10003|NYUnion St10003|NYUnion St10003+NYE 98th St+10003'
-73.9208,40.8619,3,21,'NY10 Ave10003+NYW 203rd St+10003|NY10 Ave10003+NYW 203 St+10003|NYW 203rd St10003|NYW 203rd St10003+NY10th Ave+10003|NYW 203 St10003|NYW 203 St10003+NY10th Ave+10003'
-73.9208,40.6526,0,2,'NYChurch Ave10003|NYChurch Ave10003+NYChurch Ave+10003|NYChurch Ave10003+NYRalph Ave+10003|NYRalph Ave10003+NYChurch Ave+10003'
-73.9208,40.7676,225,377,'NY31st St10003+NYNewtown Ave+10003'
-73.9208,40.5607,0,1,'NYRockaway Point Blvd10003+NYPoint Breeze Ave+10003'
-73.9208,40.6956,3,66,'NYBleecker St10003+NYCentral Ave+10003'
-73.9208,40.6580,0,8,'NYKings Hwy10003+NYE 94th St+10003'
-73.9208,40.7138,18,14,'NYWoodward Ave10003|NYWoodward Ave10003+NYMetropolitan Ave+10003'
-73.9208,40.7726,13,91,'NYHoyt Ave S10003+NY26th St+10003|NY26th St10003|NY26th St10003+NYHoyt Ave+10003'
-73.9207,40.6523,0,2,'NYChurch Ave10003|NYChurch Ave10003+NYRalph Ave+10003|NYChurch Ave10003+NYE 89th St+10003|NYRalph Ave10003+NYE 89th St+10003|NYE 89th St10003'
-73.9207,40.6867,5,156,'NYHoward Ave10003+NYJefferson Ave+10003'
-73.9207,40.7105,2,2,'NYSeneca Ave10003|NYSeneca Ave10003+NYFlushing Ave+10003|NYFlushing Ave10003|NYFlushing Ave10003+NYFlushing Ave+10003'
-73.9207,40.6082,1,3,'NYFlatbush Ave10003+NYAve V+10003|NYAve V10003'
-73.9207,40.6692,1,28,'NYLincoln Pl10003+NYEastern Pkwy+10003'
-73.9207,40.8272,2,52,'NYE 162nd St10003|NYE 162nd St10003+NYSheridan Ave+10003'
-73.9207,40.7052,7,137,'NYSuydam St10003+NYWyckoff Ave+10003'
-73.9207,40.6333,2,10,'NYE 58th St10003|NYE 58th St10003+NYAve H+10003|NYE 58th St10003+NYGlenwood Rd+10003|NYAve H10003+NYGlenwood Rd+10003|NYGlenwood Rd10003'
-73.9207,40.6579,0,2,'NYLennox Rd10003|NYLennox Rd10003+NYE 94th St+10003|NYLennox Rd10003+NYLenox Rd+10003|NYE 94th St10003+NYLenox Rd+10003'
-73.9207,40.8224,0,1,'NYPark Ave10003'
-73.9207,40.8218,0,6,'NYPark Ave10003|NYPark Ave10003+NYE 156th St+10003|NYPark Ave10003+NYMorris Ave+10003|NYPark Ave10003+NYThurman Munson Way+10003|NYE 156th St10003|NYE 156th St10003+NYMorris Ave+10003|NYMorris Ave10003+NYThurman Munson Way+10003|NYThurman Munson Way10003'
-73.9207,40.6909,7,93,'NYGates Ave10003+NYBushwick Ave+10003'
-73.9206,40.7517,0,1,'NY43rd St10003'
-73.9206,40.8057,0,4,'NYE 135th St10003+NYBrook Ave+10003'
-73.9206,40.8668,7,99,'NYW 207th St10003+NYVermilyea Ave+10003'
-73.9206,40.8631,7,52,'NYNagle Ave10003+NYW 204th St+10003'
-73.9206,40.8463,1,24,'NYPlimpton Ave10003'
-73.9206,40.7597,120,612,'NY37th St10003+NYBroadway+10003'
-73.9206,40.7665,189,475,'NY32nd St10003+NY30th Ave+10003'
-73.9206,40.8123,3,95,'NYWillis Ave10003+NYE 143rd St+10003'
-73.9206,40.6507,0,6,'NYE 88th St10003|NYE 88th St10003+NYRalph Ave+10003|NYE 88th St10003+NYSnyder Ave+10003|NYRalph Ave10003+NYSnyder Ave+10003|NYSnyder Ave10003'
-73.9206,40.5608,0,1,'NYRockaway Point Blvd10003+NYPoint Breeze Ave+10003|NYPoint Breeze Ave10003'
-73.9206,40.8447,1,4,'NYCross Bronx Expy10002+NYNelson Ave+10002|NYUS Hwy 110002+NYNelson Ave+10002'
-73.9206,40.6886,1,33,'NYWoodbine St10003|NYWoodbine St10003+NYBroadway+10003'
-73.9205,40.8469,1,25,'NYDr Martin Luther King Jr Blvd10003+NYW 174th St+10003|NYW 174th St10003|NYW 174th St10003+NYUniversity Ave+10003'
-73.9205,40.8072,0,28,'NYBrown Pl10003+NYE 137th St+10003'
-73.9205,40.6139,0,4,'NYE 56th St10003|NYE 56th St10003+NYAve T+10003'
-73.9205,40.7544,5,110,'NY35th Ave10003+NY42nd St+10003'
-73.9205,40.7230,1,0,'NYMaspeth Ave10003+NY49th St+10003|NY49th St10003'
-73.9205,40.7759,3,168,'NY23rd St10003+NY24th Ave+10003'
-73.9205,40.7262,2,3,'NYLaurel Hill Blvd10003+NY56th Rd+10003|NYLaurel Hill Blvd10003+NY48th St+10003|NY56th Rd10003|NY56th Rd10003+NY56th Rd+10003|NY56th Rd10003+NY48th St+10003|NY48th St10003'
-73.9205,40.7340,18,9,'NY46th St10003|NY46th St10003+NY51st Rd+10003|NY51st Rd10003'
-73.9205,40.5607,0,1,'NYRockaway Point Blvd10003|NYRockaway Point Blvd10003+NYRockaway Point Blvd+10003'
-73.9205,40.8146,7,11,'NY3rd Ave10003+NYE 146th St+10003|NYE 146th St10003'
-73.9205,40.8483,0,11,'NYW 175th St10003+NYMontgomery Ave+10003'
-73.9205,40.7533,24,33,'NY42nd Pl10003|NY42nd Pl10003+NYNorthern Blvd+10003|NY42nd Pl10003+NYState Hwy 25 Alt+10003|NY42nd Pl10003+NYQueens Plz E+10003'
-73.9205,40.8371,0,3,'NYE 168th St10003|NYE 168th St10003+NYRiver Ave+10003'
-73.9205,40.6497,0,9,'NYAve A10003|NYAve A10003+NYRalph Ave+10003|NYAve A10003+NYE 87th St+10003|NYRalph Ave10003+NYE 87th St+10003|NYE 87th St10003'
-73.9205,40.8309,16,248,'NYGrand Concourse10003+NYE 165th St+10003'
-73.9205,40.7728,17,12,'NYTriboro Brg10001+NY26th St+10001|NY26th St10003+NYI 278+10003'
-73.9205,40.6588,0,4,'NYKings Hwy10003+NYE 95th St+10003'
-73.9204,40.6656,0,22,'NYTapscott St10003+NYSutter Ave+10003'
-73.9204,40.8027,1,0,'NYSt Anns Ave Exd10003'
-73.9204,40.6544,0,2,'NYE 91st St10003+NYLinden Blvd+10003'
-73.9204,40.7829,2,3,'NYDitmars Blvd10003'
-73.9204,40.6309,0,3,'NYE 58th St10003+NYAve I+10003|NYE 58th St10003+NYFlatlands Ave+10003|NYAve I10003|NYAve I10003+NYFlatlands Ave+10003'
-73.9204,40.6335,0,1,'NYPaerdegat Ave S10003|NYPaerdegat Ave S10003+NYGlenwood Rd+10003'
-73.9204,40.6112,1,0,'NYE 54th St10003|NYE 54th St10003+NYAve U+10003'
-73.9204,40.8844,0,11,'NYScenic Pl10003'
-73.9204,40.8228,1,7,'NYThurman Munson Way10003+NYPark Ave+10003|NYE 156th St10003+NYPark Ave+10003|NYPark Ave10003'
-73.9204,40.7347,0,2,'NYLaurel Hill Blvd10003'
-73.9204,40.6488,0,1,'NYTilden Ave10003|NYTilden Ave10003+NYRalph Ave+10003'
-73.9204,40.8335,0,3,'NYMc Clellan St10003+NYWalton Ave+10003'
-73.9204,40.8374,0,5,'NYJerome Ave10003+NYW 169th St+10003|NYW 169th St10003'
-73.9204,40.6486,0,1,'NYE 86th St10003|NYE 86th St10003+NYRalph Ave+10003'
-73.9203,40.8146,4,6,'NYCourtlandt Ave10003|NYCourtlandt Ave10003+NY3rd Ave+10003|NYCourtlandt Ave10003+NYE 146th St+10003|NY3rd Ave10003+NYE 146th St+10003|NYE 146th St10003'
-73.9203,40.7492,5,61,'NYBarnett Ave10003'
-73.9203,40.8221,1,26,'NYPark Ave10003'
-73.9203,40.7681,75,227,'NY28th Rd10003|NY28th Rd10003+NY31st St+10003'
-73.9203,40.8690,4,137,'NYPark Ter W10003|NYPark Ter W10003+NYIsham St+10003|NYPark Ter W10003+NYCooper St+10003|NYIsham St10003+NYCooper St+10003|NYCooper St10003'
-73.9203,40.8498,0,16,'NYPopham Ave10003+NYW 176th St+10003'
-73.9203,40.7067,4,77,'NYWilloughby Ave10003+NYSt Nicholas Ave+10003'
-73.9203,40.8354,8,22,'NYE 167th St10003+NYGerard Ave+10003'
-73.9203,40.6925,0,42,'NYLinden St10003+NYEvergreen Ave+10003'
-73.9203,40.8451,0,1,'NYCross Bronx Expy10002+NYNelson Ave+10002|NYNelson Ave10003+NYUS Hwy 1+10003'
-73.9203,40.8626,2,25,'NY10 Ave10003+NYW 204th St+10003|NY10 Ave10003+NYKett Monsr Francis J Plz+10003|NYW 204th St10003+NYKett Monsr Francis J Plz+10003|NYW 204th St10003+NY10th Ave+10003|NYKett Monsr Francis J Plz10003|NYKett Monsr Francis J Plz10003+NY10th Ave+10003'
-73.9203,40.6554,0,5,'NYWillmohr St10003+NYE 92nd St+10003'
-73.9203,40.7669,17,64,'NY32nd St10003|NY32nd St10003+NYNewtown Ave+10003'
-73.9203,40.8029,0,1,'NYE 132nd St10003+NYSt Anns Ave Exd+10003|NYE 132nd St10003+NYSaint Anns Ave+10003|NYSt Anns Ave Exd10003|NYSt Anns Ave Exd10003+NYSaint Anns Ave+10003|NYSaint Anns Ave10003'
-73.9203,40.7533,17,37,'NY43rd St10003|NY43rd St10003+NYNorthern Blvd+10003|NY43rd St10003+NYState Hwy 25 Alt+10003|NY43rd St10003+NYQueens Plz E+10003'
-73.9203,40.8790,0,7,'NYState Hwy 9a Alt10002+NYEdsall Ave+10002|NYState Hwy 9a Alt10002+NYJohnson Ave+10002|NYHenry Hudson Pkwy10002+NYEdsall Ave+10002|NYHenry Hudson Pkwy10002+NYJohnson Ave+10002|NYEdsall Ave10003|NYEdsall Ave10003+NYJohnson Ave+10003|NYJohnson Ave10003'
-73.9203,40.7730,9,103,'NYHoyt Ave10003+NY26th St+10003|NY26th St10003+NYHoyt Ave N+10003'
-73.9203,40.7776,14,147,'NY21st St10003+NY23rd Dr+10003'
-73.9203,40.8262,2,8,'NYE 161st St10003+NYSherman Ave+10003|NYSherman Ave10003'
-73.9203,40.7353,3,22,'NY51st Ave10003+NY46th St+10003|NYLaurel Hill Blvd10003+NY46th St+10003|NY46th St10003'
-73.9202,40.8827,2,249,'NYKappock St10003|NYKappock St10003+NYPalisade Ave+10003'
-73.9202,40.8453,0,2,'NYCross Bronx Exwy Svc Rd10006+NYNelson Ave+10006'
-73.9202,40.8281,1,55,'NYSheridan Ave10003+NYE 163rd St+10003'
-73.9202,40.6470,0,1,'NYRalph Ave10003+NYAve B+10003|NYAve B10003'
-73.9202,40.6286,0,46,'NYE 58th St10003+NYAve J+10003'
-73.9202,40.6469,0,1,'NYRalph Ave10003+NYBeverley Rd+10003|NYBeverley Rd10003'
-73.9202,40.8063,0,9,'NYE 136th St10003|NYE 136th St10003+NYBrook Ave+10003'
-73.9202,40.8225,0,10,'NYMorris Ave10003|NYMorris Ave10003+NYConcourse Village E+10003|NYConcourse Village E10003'
-73.9201,40.6986,11,61,'NYMyrtle Ave10003+NYHarman St+10003'
-73.9201,40.5877,0,2,'NYAbbey Ct10003+NYLois Ave+10003'
-73.9201,40.6682,0,10,'NYPitkin Ave10003+NYE New York Ave+10003|NYE New York Ave10003+NYPitkins Ave+10003|NYPitkins Ave10003'
-73.9201,40.6611,1,28,'NYClarkson Ave10003+NYRockaway Pkwy+10003'
-73.9201,40.6998,5,86,'NYHimrod St10003+NYKnickerbocker Ave+10003'
-73.9201,40.7502,1,6,'NY37th Ave10003'
-73.9201,40.7795,0,21,'NY19th St10003+NY23rd Ave+10003|NY23rd Ave10003'
-73.9201,40.8129,3,69,'NYWillis Ave10003+NYE 144th St+10003'
-73.9201,40.6625,0,9,'NYE 98th St10003+NYDumont Ave+10003|NYDumont Ave10003'
-73.9201,40.6142,0,2,'NYPearson St10003|NYPearson St10003+NYAve T+10003'
-73.9201,40.8421,0,12,'NYJesup Ave10003+NYJesup Pl+10003|NYJesup Ave10003+NYSheriff S Byrd Pl+10003|NYJesup Pl10003|NYJesup Pl10003+NYSheriff S Byrd Pl+10003|NYSheriff S Byrd Pl10003'
-73.9201,40.6769,1,4,'NYBancroft Pl10003'
-73.9201,40.8227,0,1,'NYThurman Munson Way10003|NYThurman Munson Way10003+NYE 156 St+10003|NYE 156th St10003|NYE 156th St10003+NYE 156 St+10003|NYE 156 St10003'
-73.9201,40.8377,0,4,'NYRiver Ave10003|NYRiver Ave10003+NYJerome Ave+10003'
-73.9201,40.7083,1,67,'NYStarr St10003|NYStarr St10003+NYStarr St+10003|NYStarr St10003+NYCypress Ave+10003'
-73.9201,40.6599,0,6,'NYKings Hwy10003+NYE 96th St+10003'
-73.9201,40.7721,31,137,'NYHoyt Ave S10003+NY27th St+10003|NYHoyt Ave10003+NY27th St+10003|NY27th St10003'
-73.9201,40.7023,2,126,'NYIrving Ave10003+NYStockholm St+10003'
-73.9201,40.6975,1,14,'NYWilson Ave10003+NYGreene Ave+10003'
-73.9201,40.8227,0,27,'NYE 156 St10003|NYE 156 St10003+NYConcourse Village E+10003'
-73.9201,40.7563,27,538,'NY41st St10003+NY34th Ave+10003'
-73.9200,40.6641,1,16,'NYBlake Ave10003+NYTapscott St+10003'
-73.9200,40.8792,0,3,'NYState Hwy 9a Alt10002+NYPalisade Ave+10002|NYHenry Hudson Pkwy10002+NYPalisade Ave+10002'
-73.9200,40.8079,8,151,'NYBrown Pl10003|NYBrown Pl10003+NYE 138th St+10003'
-73.9200,40.6691,3,9,'NYHoward Ave10003+NYLincoln Pl+10003'
-73.9200,40.8437,2,8,'NYW 172nd St10003+NYShakespeare Ave+10003'
-73.9200,40.6830,4,179,'NYHoward Ave10003+NYDecatur St+10003'
-73.9200,40.6952,4,103,'NYMenahan St10003+NYCentral Ave+10003'
-73.9200,40.8658,3,105,'NYW 207th St10003+NYSherman Ave+10003'
-73.9200,40.6780,0,5,'NYBancroft Pl10003|NYBancroft Pl10003+NYHerkimer St+10003'
-73.9200,40.7325,46,64,'NYI 49510001|NYI 49510001+NYQueens Midtown Expy+10001|NYLong Island Expy10001|NYLong Island Expy10001+NYQueens Midtown Expy+10001|NYQueens Midtown Expy10001|NYQueens Midtown Expy10001+NYQueens Midtown Expy+10001|NYQueens Midtown Expy10003'
-73.9200,40.6450,0,2,'NYClarendon Rd10003|NYClarendon Rd10003+NYRalph Ave+10003'
-73.9200,40.8387,0,3,'NYClarke Pl W10003|NYClarke Pl W10003+NYInwood Ave+10003'
-73.9200,40.6584,0,6,'NYE 95th St10003+NYLenox Rd+10003'
-73.9200,40.6528,0,5,'NYRemsen Ave10003+NYChurch Ave+10003|NYChurch Ave10003|NYChurch Ave10003+NYChurch Ave+10003'
-73.9200,40.8850,0,1,'NYW 231st St10003+NYScenic Pl+10003|NYScenic Pl10003'
-73.9200,40.7048,9,135,'NYHart St10003+NYWyckoff Ave+10003'
-73.9200,40.6683,0,10,'NYHoward Ave10003+NYPitkins Ave+10003|NYPitkins Ave10003'
-73.9200,40.7684,61,255,'NY28th Ave10003|NY28th Ave10003+NY31st St+10003'
-73.9199,40.7418,1055,1303,'NY45th St10003+NYGreenpoint Ave+10003'
-73.9199,40.6443,0,1,'NYCanarsie Ln10003|NYCanarsie Ln10003+NYRalph Ave+10003'
-73.9199,40.8343,0,66,'NYTudor Pl10003|NYTudor Pl10003+NYWalton Ave+10003'
-73.9199,40.6905,4,69,'NYBushwick Ave10003+NYPalmetto St+10003'
-73.9199,40.6463,0,1,'NYBranton St10003|NYBranton St10003+NYCoventry Rd+10003'
-73.9199,40.7115,2,14,'NYOnderdonk Ave10003+NYFlushing Ave+10003'
-73.9199,40.8159,1,10,'NYCourtlandt Ave10003+NYE 148th St+10003'
-73.9199,40.8319,11,112,'NYGrand Concourse10003+NYE 166th St+10003'
-73.9199,40.7764,3,41,'NY23rd St10003+NY23rd Ter+10003|NY23rd Ter10003'
-73.9198,40.7754,5,235,'NY24th Ave10003+NY24th St+10003'
-73.9198,40.8535,1,4,'NYMajor Deegan Expy10001+NYW Tremont Ave+10001|NYI 8710001+NYW Tremont Ave+10001'
-73.9198,40.8632,2,41,'NY10 Ave10003+NYNagle Ave+10003|NY10 Ave10003+NYKett Monsr Francis J Plz+10003|NY10 Ave10003+NYW 205 St+10003|NY10 Ave10003+NYW 205th St+10003|NYNagle Ave10003|NYNagle Ave10003+NYKett Monsr Francis J Plz+10003|NYNagle Ave10003+NY10th Ave+10003|NYNagle Ave10003+NYW 205 St+10003|NYNagle Ave10003+NYW 205th St+10003|NYKett Monsr Francis J Plz10003|NYKett Monsr Francis J Plz10003+NY10th Ave+10003|NYKett Monsr Francis J Plz10003+NYW 205 St+10003|NYKett Monsr Francis J Plz10003+NYW 205th St+10003|NY10th Ave10003+NYW 205 St+10003|NY10th Ave10003+NYW 205th St+10003|NYW 205 St10003|NYW 205th St10003'
-73.9198,40.6882,5,80,'NYBroadway10003+NYMadison St+10003'
-73.9198,40.6339,0,1,'NYGlenwood Rd10003+NYE 59th St+10003|NYE 59th St10003'
-73.9198,40.7593,193,419,'NY38th St10003+NYBroadway+10003'
-73.9198,40.8409,1,6,'NYW 170th St10003+NYCromwell Ave+10003'
-73.9198,40.7251,0,1,'NY49th St10003+NY57th Ave+10003|NY57th Ave10003'
-73.9198,40.8036,3,7,'NYBruckner Blvd10003|NYBruckner Blvd10003+NYE 133rd St+10003|NYBruckner Blvd10003+NYSaint Anns Ave+10003|NYE 133rd St10003|NYE 133rd St10003+NYSaint Anns Ave+10003'
-73.9198,40.6633,0,1,'NYTapscott St10003|NYTapscott St10003+NYTapscott St+10003'
-73.9198,40.7662,740,1149,'NY30th Ave10003+NY33rd St+10003|NY30th Ave10003+NYNewtown Ave+10003|NY33rd St10003+NYNewtown Ave+10003|NYNewtown Ave10003'
-73.9198,40.7705,36,200,'NYAstoria Blvd10003+NY29th St+10003|NY29th St10003'
-73.9198,40.7723,18,35,'NYTriboro Brg10001|NYTriboro Brg10001+NYTriboro Plz+10001|NYTriboro Plz10001'
-73.9198,40.7825,3,71,'NYShore Blvd10003+NYDitmars Blvd+10003'
-73.9198,40.8681,47,196,'NYW 211 St10003|NYW 211 St10003+NYBroadway+10003|NYW 211 St10003+NYIsham St+10003|NYW 211 St10003+NYUS Rte 9+10003|NYBroadway10002+NYIsham St+10002|NYBroadway10002+NYW 211th St+10002|NYIsham St10003+NYUS Rte 9+10003|NYIsham St10003+NYW 211th St+10003|NYUS Rte 910002+NYW 211th St+10002|NYW 211th St10003'
-73.9197,40.6608,0,4,'NYKings Hwy10003+NYRockaway Pkwy+10003'
-73.9197,40.5880,0,4,'NYLois Ave10003|NYLois Ave10003+NYGerritsen Ave+10003'
-73.9197,40.8069,4,10,'NYE 137th St10003+NYBrook Ave+10003'
-73.9197,40.7540,5,276,'NY35th Ave10003+NY43rd St+10003'
-73.9197,40.6116,0,4,'NYAve U10003+NYE 55th St+10003|NYE 55th St10003'
-73.9197,40.6330,1,2,'NYPaerdegat Ave S10003+NYE 59th St+10003'
-73.9197,40.8785,0,6,'NYEdsall Ave10003|NYEdsall Ave10003+NYPalisade Ave+10003|NYEdsall Ave10003+NYJohnson Ave+10003|NYPalisade Ave10003|NYPalisade Ave10003+NYJohnson Ave+10003'
-73.9197,40.8379,0,4,'NYE 169th St10003|NYE 169th St10003+NYJerome Ave+10003'
-73.9197,40.7353,1,6,'NYLaurel Hill Blvd10003|NYLaurel Hill Blvd10003+NY51st Ave+10003|NYLaurel Hill Blvd10003+NYLaurel Hill Blvd+10003|NY51st Ave10003'
-73.9197,40.6073,0,2,'NYFlatbush Ave10003+NYHendrickson Pl+10003|NYHendrickson Pl10003'
-73.9197,40.8479,0,1,'NYW 175th St10003+NYAndrews Ave S+10003'
-73.9197,40.8721,0,30,'NYW 214th St10003|NYW 214th St10003+NYIndian Rd+10003|NYIndian Rd10003|NYIndian Rd10003+NYW 214 St+10003|NYW 214 St10003'
-73.9197,40.6614,0,2,'NYKings Hwy10003+NYClarkson Ave+10003'
-73.9197,40.6421,0,2,'NYChase Ct10003|NYChase Ct10003+NYRalph Ave+10003'
-73.9197,40.7285,0,9,'NY55th Rd10003|NY55th Rd10003+NY48th St+10003'
-73.9197,40.8135,2,14,'NYWillis Ave10003+NYE 145th St+10003'
-73.9197,40.6149,0,5,'NYFillmore Ave10003+NYE 57th St+10003'
-73.9196,40.7781,9,107,'NY23rd Rd10003+NY21st St+10003'
-73.9196,40.8291,1,25,'NYE 164th St10003|NYE 164th St10003+NYSheridan Ave+10003'
-73.9196,40.7319,1,4,'NY53rd Ave10003'
-73.9196,40.6626,0,2,'NYTapscott St10003+NYDumont Ave+10003'
-73.9196,40.6502,0,7,'NYE 88th St10003+NYAve A+10003'
-73.9196,40.6417,0,4,'NYKingsway Pl10003|NYKingsway Pl10003+NYRalph Ave+10003'
-73.9196,40.7338,2,44,'NY51st Rd10003'
-73.9196,40.6642,0,1,'NYBlake Ave10003+NYTapscott St+10003'
-73.9196,40.8476,1,13,'NYDr Martin Luther King Jr Blvd10003+NYAndrews Ave S+10003|NYAndrews Ave S10003|NYAndrews Ave S10003+NYUniversity Ave+10003'
-73.9196,40.6145,0,2,'NYE 57th St10003|NYE 57th St10003+NYAve T+10003'
-73.9196,40.8533,0,6,'NYCedar Ave10003+NYW Tremont Ave+10003'
-73.9196,40.7725,38,174,'NYHoyt Ave10003+NY27th St+10003|NYHoyt Ave N10003+NY27th St+10003|NY27th St10003'
-73.9196,40.6620,1,0,'NYKings Hwy10003|NYKings Hwy10003+NYTapscott St+10003|NYKings Hwy10003+NYE 98th St+10003|NYTapscott St10003|NYTapscott St10003+NYE 98th St+10003'
-73.9196,40.6558,0,7,'NYWillmohr St10003+NYE 93rd St+10003'
-73.9196,40.7063,3,80,'NYSuydam St10003+NYSt Nicholas Ave+10003'
-73.9196,40.5587,0,3,'NY8th Ave10003'
-73.9196,40.8462,0,4,'NYFeatherbed Ln10003+NYNelson Ave+10003'
-73.9196,40.6412,1,5,'NYPreston Ct10003+NYRalph Ave+10003|NYPreston Ct10003+NYE 80th St+10003|NYRalph Ave10003+NYE 80th St+10003|NYE 80th St10003'
-73.9195,40.7098,2,12,'NYTroutman St10003+NYSeneca Ave+10003|NYSeneca Ave10003'
-73.9195,40.8166,0,17,'NYE 149th St10003+NYCourtlandt Ave+10003'
-73.9195,40.6315,0,1,'NYFlatlands Ave10003+NYE 59th St+10003'
-73.9195,40.8777,1,50,'NYEdsall Ave10003|NYEdsall Ave10003+NYEdsall Ave+10003'
-73.9195,40.7289,1,5,'NY55th Ave10003|NY55th Ave10003+NY48th St+10003'
-73.9195,40.7704,16,185,'NYAstoria Blvd10003+NY29th St+10003|NY29th St10003'
-73.9195,40.7288,0,1,'NY48th St10003+NY55th Ave+10003|NY55th Ave10003'
-73.9195,40.7624,140,1688,'NY36th St10003+NY31st Ave+10003'
-73.9195,40.5841,0,1,'NYShore Pkwy10002'
-73.9195,40.8368,0,7,'NYE 168th St10003+NYGerard Ave+10003'
-73.9195,40.8151,3,7,'NYE 147th St10003|NYE 147th St10003+NY3rd Ave+10003'
-73.9195,40.8305,5,35,'NYCarroll Pl10003+NYE 165th St+10003'
-73.9195,40.6921,2,23,'NYGates Ave10003+NYEvergreen Ave+10003'
-73.9195,40.8722,0,80,'NYW 215th St10003|NYW 215th St10003+NYIndian Rd+10003'
-73.9195,40.6218,0,26,'NYAve M10003+NYE 58th St+10003'
-73.9194,40.8351,3,32,'NYWalton Ave10003+NYE 167th St+10003'
-73.9194,40.7261,0,2,'NYLaurel Hill Blvd10003+NY49th St+10003|NY49th St10003|NY49th St10003+NY56th Rd+10003'
-73.9194,40.7716,17,34,'NYHoyt Ave S10003+NY28th St+10003|NYHoyt Ave10003+NY28th St+10003|NY28th St10003'
-73.9194,40.8638,0,52,'NY10 Ave10003+NYW 206th St+10003|NY10 Ave10003+NYW 206 St+10003|NYW 206th St10003|NYW 206th St10003+NY10th Ave+10003|NYW 206 St10003|NYW 206 St10003+NY10th Ave+10003'
-73.9194,40.6398,0,3,'NYE 79th St10003|NYE 79th St10003+NYRalph Ave+10003'
-73.9194,40.8476,1,5,'NYW 175th St10003|NYW 175th St10003+NYDr Martin Luther King Jr Blvd+10003|NYW 175th St10003+NYUniversity Ave+10003'
-73.9194,40.7979,27,42,'NYTriborough Brg10002|NYTriborough Brg10002+NYTriborough Brg+10002|NYTriborough Brg10002+NYI 278+10002'
-73.9194,40.8239,13,85,'NYConcourse Village E10003+NYE 158th St+10003|NYE 158th St10003'
-73.9194,40.7801,0,20,'NY22nd Dr10003|NY22nd Dr10003+NY19th St+10003'
-73.9194,40.7077,0,32,'NYWilloughby Ave10003|NYWilloughby Ave10003+NYWilloughby Ave+10003|NYWilloughby Ave10003+NYCypress Ave+10003'
-73.9194,40.6994,2,44,'NYHarman St10003+NYKnickerbocker Ave+10003'
-73.9194,40.6147,0,1,'NYAve T10003+NYE 57th St+10003|NYE 57th St10003'
-73.9194,40.8496,0,21,'NYMontgomery Ave10003+NYW 176th St+10003'
-73.9194,40.8648,2,57,'NYW 207th St10003+NYPost Ave+10003'
-73.9194,40.7493,1,109,'NYBarnett Ave10003|NYBarnett Ave10003+NY44th St+10003|NYBarnett Ave10003+NY38th Ave+10003|NYBarnett Ave10003+NY39th Ave+10003|NYBarnett Ave10003+NYBarnett Ave+10003|NY44th St10003|NY44th St10003+NY38th Ave+10003|NY44th St10003+NY39th Ave+10003|NY44th St10003+NYBarnett Ave+10003|NY38th Ave10003|NY38th Ave10003+NY39th Ave+10003|NY38th Ave10003+NYBarnett Ave+10003|NY39th Ave10003|NY39th Ave10003+NYBarnett Ave+10003'
-73.9194,40.8807,0,43,'NYIndependence Ave10003+NYIndependance Ave+10003|NYIndependance Ave10003'
-73.9193,40.8445,0,3,'NYCross Bronx Expy10006|NYCross Bronx Expy10006+NYShakespeare Ave+10006|NYShakespeare Ave10003'
-73.9193,40.7311,3,3,'NY48th St10003+NY54th Ave+10003'
-73.9193,40.7352,2,13,'NYBrooklyn Queens Expy10001+NY47th St+10001|NY47th St10003+NYI 278+10003'
-73.9193,40.7018,12,128,'NYIrving Ave10003+NYStanhope St+10003'
-73.9193,40.6971,3,45,'NYWilson Ave10003+NYBleecker St+10003'
-73.9193,40.7974,38,16,'NYTriborough Brg10002'
-73.9193,40.8297,2,27,'NYSheridan Ave10003+NYCarroll Pl+10003|NYSheridan Ave10003+NYE 164th St+10003|NYCarroll Pl10003|NYCarroll Pl10003+NYE 164th St+10003|NYE 164th St10003'
-73.9193,40.7174,0,6,'NYGrand Ave10003+NY49th St+10003|NY49th St10003'
-73.9193,40.8381,0,3,'NYClarke Pl W10003|NYClarke Pl W10003+NYJerome Ave+10003'
-73.9193,40.8453,1,2,'NYShakespeare Ave10003'
-73.9193,40.7354,0,25,'NYLaurel Hill Blvd10003+NY47th St+10003'
-73.9193,40.6386,0,6,'NYE 78th St10003|NYE 78th St10003+NYRalph Ave+10003'
-73.9193,40.8043,0,11,'NYE 134th St10003+NYSaint Anns Ave+10003'
-73.9193,40.8575,1,0,'NYW 179th St Exd10003'
-73.9193,40.6947,5,41,'NYGrove St10003|NYGrove St10003+NYCentral Ave+10003'
-73.9193,40.7559,27,370,'NY42nd St10003+NY34th Ave+10003'
-73.9193,40.8848,0,8,'NYW 231st St10003+NYPalisade Ave+10003'
-73.9193,40.6467,0,1,'NYDorset St10003|NYDorset St10003+NYCoventry Rd+10003'
-73.9193,40.7769,3,72,'NY23rd St10003+NY23rd Dr+10003|NY23rd Dr10003'
-73.9193,40.7120,3,16,'NYCharlotte St10003|NYCharlotte St10003+NYFlushing Ave+10003'
-73.9193,40.8710,4,330,'NYW 214th St10003+NYSeaman Ave+10003|NYSeaman Ave10003+NYW 214 St+10003'
-73.9192,40.6287,0,9,'NYAve J10003+NYE 59th St+10003'
-73.9192,40.8484,0,6,'NYAndrews Ave S10003+NYTenney Pl+10003|NYTenney Pl10003'
-73.9192,40.8172,2,30,'NYCourtlandt Ave10003+NYE 150th St+10003'
-73.9192,40.6647,0,2,'NYHoward Ave10003+NYTapscott St+10003|NYTapscott St10003'
-73.9192,40.6476,0,5,'NYE 86th St10003+NYAve B+10003'
-73.9192,40.6686,0,1,'NYGrafton St10003|NYGrafton St10003+NYE New York Ave+10003'
-73.9192,40.7043,34,146,'NYDekalb Ave10003+NYWyckoff Ave+10003'
-73.9192,40.8076,10,134,'NYE 138th St10003+NYBrook Ave+10003'
-73.9192,40.8808,3,32,'NYHenry Hudson Pkwy W10003|NYHenry Hudson Pkwy W10003+NYKappock St+10003|NYHenry Hudson Pkwy W10003+NYIndependence Ave+10003|NYKappock St10003+NYIndependence Ave+10003'
-73.9192,40.6769,1,14,'NYHoward Ave10003+NYAtlantic Ave+10003'
-73.9192,40.8673,0,70,'NYIsham St10003+NYVermilyea Ave+10003'
-73.9192,40.8377,0,4,'NYE 169th St10003+NYGerard Ave+10003|NYGerard Ave10003'
-73.9192,40.8141,0,22,'NYWillis Ave10003+NYE 146th St+10003'
-73.9192,40.6533,0,4,'NYE 91st St10003+NYChurch Ave+10003'
-73.9192,40.8461,2,5,'NYShakespeare Ave10003'
-73.9192,40.8433,2,5,'NYJesup Ave10003+NYW 172nd St+10003|NYW 172nd St10003'
-73.9192,40.6684,1,10,'NYPitkin Ave10003+NYGrafton St+10003'
-73.9192,40.6374,0,4,'NYE 77th St10003|NYE 77th St10003+NYRalph Ave+10003'
-73.9192,40.6544,0,5,'NYLinden Blvd10002+NYE 92nd St+10002'
-73.9192,40.6901,3,47,'NYWoodbine St10003+NYBushwick Ave+10003'
-73.9191,40.7749,29,341,'NYCrescent St10003+NY24th Ave+10003|NY24th Ave10003+NY25th St+10003'
-73.9191,40.7680,12,167,'NY32nd St10003|NY32nd St10003+NY28th Ave+10003'
-73.9191,40.8527,0,6,'NYPalisade Pl10003|NYPalisade Pl10003+NYSedgwick Ave+10003|NYPalisade Pl10003+NYUndercliff Ave+10003|NYUndercliff Ave10003'
-73.9191,40.6590,0,8,'NYE 96th St10003+NYLenox Rd+10003'
-73.9191,40.7831,0,23,'NY21st Dr10003|NY21st Dr10003+NYShore Blvd+10003'
-73.9191,40.7319,3,13,'NY48th St10003+NYQueens Midtown Expy+10003'
-73.9191,40.6878,7,83,'NYBroadway10003+NYPutnam Ave+10003|NYPutnam Ave10003'
-73.9190,40.6787,1,48,'NYHoward Ave10003+NYFulton St+10003'
-73.9190,40.7225,0,2,'NY49th St10003'
-73.9190,40.7320,20,15,'NY48th St10003+NYI 495+10003|NY48th St10003+NYLong Island Expy+10003|NY48th St10003+NYQueens Midtown Expy+10003'
-73.9190,40.7302,6,9,'NY54th Rd10003|NY54th Rd10003+NY48th St+10003'
-73.9190,40.8331,11,44,'NYGrand Concourse10003+NYMc Clellan St+10003'
-73.9190,40.8384,0,12,'NYJerome Ave10003+NYClarke Pl E+10003|NYClarke Pl E10003'
-73.9190,40.8406,0,3,'NYW 170th St10003+NYInwood Ave+10003'
-73.9190,40.6121,0,6,'NYE 56th St10003|NYE 56th St10003+NYAve U+10003'
-73.9190,40.6359,0,3,'NYE 76th St10003|NYE 76th St10003+NYRalph Ave+10003'
-73.9190,40.7590,1114,894,'NYSteinway St10003+NYBroadway+10003'
-73.9190,40.7703,59,212,'NYAstoria Blvd10003+NYAstoria Blvd S+10003|NYAstoria Blvd10003+NY30th St+10003|NYAstoria Blvd S10003|NYAstoria Blvd S10003+NY30th St+10003|NY30th St10003'
-73.9190,40.8047,1,7,'NYMajor Deegan Expy10001+NYSaint Anns Ave+10001|NYI 8710001+NYSaint Anns Ave+10001'
-73.9190,40.7787,16,245,'NY21st St10003+NY23rd Ave+10003'
-73.9190,40.7658,277,1015,'NY34th St10003+NY30th Ave+10003'
-73.9190,40.7303,0,1,'NY48th St10003|NY48th St10003+NY54th Rd+10003|NY48th St10003+NY48th St+10003|NY54th Rd10003|NY54th Rd10003+NY48th St+10003'
-73.9190,40.5862,0,1,'NYBeacon Ct10003'
-73.9189,40.6171,0,7,'NYE 58th St10003+NYAve O+10003'
-73.9189,40.8645,7,28,'NYW 207th St10003+NY10 Ave+10003|NYW 207th St10003+NY10th Ave+10003'
-73.9189,40.8316,0,9,'NYCarroll Pl10003+NYE 166th St+10003'
-73.9189,40.6406,0,7,'NYFoster Ave10003+NYE 80th St+10003'
-73.9189,40.8611,0,6,'NY9th Ave10003+NYW 203rd St+10003|NY9th Ave10003+NYW 203 St+10003|NYW 203rd St10003+NY9 Ave+10003|NYW 203 St10003+NY9 Ave+10003'
-73.9189,40.6454,0,1,'NYDitmas Ave10003+NYBranton St+10003|NYBranton St10003'
-73.9189,40.7536,44,44,'NY35th Ave10003|NY35th Ave10003+NYNorthern Blvd+10003|NY35th Ave10003+NY44th St+10003|NY35th Ave10003+NYState Hwy 25 Alt+10003|NY35th Ave10003+NYQueens Plz E+10003|NYNorthern Blvd10002+NY44th St+10002|NY44th St10003|NY44th St10003+NYState Hwy 25 Alt+10003|NY44th St10003+NYQueens Plz E+10003'
-73.9189,40.8032,0,5,'NYCypress Pl10003|NYCypress Pl10003+NYSt Anns Pl+10003|NYSt Anns Pl10003|NYSt Anns Pl10003+NYE 133rd St+10003'
-73.9189,40.7374,11,212,'NY47th St10003+NY50th Ave+10003'
-73.9189,40.6507,0,15,'NYAve A10003+NYE 89th St+10003'
-73.9189,40.7672,63,269,'NY28th Rd10003|NY28th Rd10003+NY33rd St+10003'
-73.9189,40.8180,0,33,'NYCourtlandt Ave10003+NYE 151st St+10003'
-73.9189,40.7422,739,1506,'NYGreenpoint Ave10003+NY46th St+10003'
-73.9189,40.7720,30,119,'NYHoyt Ave10003+NY28th St+10003|NYHoyt Ave N10003+NY28th St+10003'
-73.9189,40.6699,0,35,'NYSt Johns Pl10003+NYEastern Pkwy+10003'
-73.9189,40.7328,4,36,'NY48th St10003+NY47th St+10003|NY47th St10003'
-73.9189,40.6563,0,8,'NYWillmohr St10003+NYE 94th St+10003'
-73.9189,40.6345,0,4,'NYGlenwood Rd10003+NYRalph Ave+10003'
-73.9188,40.8732,1,0,'NYW 218th St10003|NYW 218th St10003+NYW 218 St+10003|NYW 218 St10003'
-73.9188,40.7059,2,21,'NYHart St10003+NYSt Nicholas Ave+10003'
-73.9188,40.8049,2,25,'NYE 135th St10003+NYSaint Anns Ave+10003'
-73.9188,40.7094,0,3,'NYStarr St10003+NYSeneca Ave+10003'
-73.9188,40.8083,2,13,'NYE 139th St10003+NYBrook Ave+10003'
-73.9188,40.6876,4,50,'NYBroadway10003+NYPutnam Ave+10003|NYPutnam Ave10003'
-73.9188,40.8856,0,21,'NYW 232nd St10003+NYPalisade Ave+10003'
-73.9188,40.8481,0,1,'NYDr Martin Luther King Jr Blvd10003+NYTenney Pl+10003|NYTenney Pl10003|NYTenney Pl10003+NYUniversity Ave+10003'
-73.9187,40.8148,0,9,'NYWillis Ave10003+NYE 147th St+10003'
-73.9187,40.7310,1,10,'NY54th Ave10003+NY48th St+10003|NY48th St10003'
-73.9187,40.6627,0,7,'NYHoward Ave10003+NYDumont Ave+10003'
-73.9187,40.7711,28,79,'NYHoyt Ave S10003+NY29th St+10003|NYHoyt Ave10003+NY29th St+10003|NY29th St10003'
-73.9186,40.7774,7,83,'NY23rd St10003+NY23rd Rd+10003|NY23rd Rd10003'
-73.9186,40.8704,0,250,'NYW 214th St10003+NYPark Ter W+10003|NYPark Ter W10003+NYW 214 St+10003'
-73.9186,40.7991,5,3,'NYTriborough Brg10001|NYTriborough Brg10001+NYI 278+10001|NYTriborough Brg10001+NYTriborough Brg+10001|NYI 27810001|NYI 27810001+NYI 278+10001|NYI 27810001+NYTriborough Brg+10001'
-73.9186,40.7073,0,25,'NYSuydam St10003|NYSuydam St10003+NYSuydam St+10003|NYSuydam St10003+NYCypress Ave+10003'
-73.9186,40.6990,13,41,'NYGreene Ave10003+NYKnickerbocker Ave+10003'
-73.9186,40.6152,0,4,'NYE 58th St10003+NYAve T+10003'
-73.9186,40.8291,2,24,'NYE 164th St10003+NYSherman Ave+10003'
-73.9186,40.7107,0,12,'NYOnderdonk Ave10003+NYTroutman St+10003'
-73.9186,40.8470,0,10,'NYW 174th St10003|NYW 174th St10003+NYNelson Ave+10003'
-73.9186,40.6918,1,25,'NYEvergreen Ave10003+NYPalmetto St+10003'
-73.9186,40.6471,0,1,'NYE 86th St10003+NYCoventry Rd+10003|NYCoventry Rd10003'
-73.9186,40.7807,2,48,'NY19th St10003+NY22nd Rd+10003|NY22nd Rd10003'
-73.9186,40.8155,8,9,'NY3rd Ave10003+NYE 148th St+10003'
-73.9186,40.6321,1,4,'NYPaerdegat Ave S10003|NYPaerdegat Ave S10003+NYFlatlands Ave+10003|NYPaerdegat Ave S10003+NYRalph Ave+10003|NYFlatlands Ave10003+NYRalph Ave+10003'
-73.9186,40.8663,2,54,'NYIsham St10003+NYSherman Ave+10003'
-73.9186,40.8235,0,11,'NYE 158 St10003|NYE 158 St10003+NYE 158th St+10003|NYE 158th St10003'
-73.9186,40.8390,2,10,'NYMarcy Pl10003|NYMarcy Pl10003+NYJerome Ave+10003|NYJerome Ave10003|NYJerome Ave10003+NYJerome Ave+10003'
-73.9186,40.8147,0,16,'NYE 147th St10003+NYBergen Ave+10003|NYBergen Ave10003'
-73.9186,40.7014,8,149,'NYHimrod St10003+NYIrving Ave+10003'
-73.9186,40.8187,0,17,'NYCourtlandt Ave10003+NYE 152nd St+10003'
-73.9186,40.6966,2,28,'NYWilson Ave10003+NYMenahan St+10003'
-73.9186,40.8715,12,680,'NYSeaman Ave10003+NYW 215th St+10003'
-73.9186,40.8685,10,137,'NYBroadway10002+NYW 212th St+10002|NYBroadway10002+NYW 212 St+10002|NYUS Rte 910002+NYW 212th St+10002|NYUS Rte 910002+NYW 212 St+10002|NYW 212th St10003|NYW 212th St10003+NYW 212 St+10003|NYW 212 St10003'
-73.9186,40.7714,5,7,'NYTriboro Plz10001+NY28th St+10001|NY28th St10003+NYI 278+10003'
-73.9185,40.6659,1,4,'NYGrafton St10003+NYSutter Ave+10003'
-73.9185,40.7124,14,24,'NYFlushing Ave10003+NYWoodward Ave+10003'
-73.9185,40.6219,0,1,'NYAve M10003+NYE 59th St+10003'
-73.9185,40.8610,1,1,'NYExterior St10003+NYW 203rd St+10003|NYExterior St10003+NYW 203 St+10003|NYW 203rd St10003|NYW 203 St10003'
-73.9185,40.6481,0,4,'NYE 87th St10003+NYAve B+10003'
-73.9185,40.6943,1,38,'NYLinden St10003+NYCentral Ave+10003'
-73.9185,40.8538,0,8,'NYFordham Pl10003'
-73.9185,40.7039,3,69,'NYStockholm St10003+NYWyckoff Ave+10003'
-73.9185,40.7677,178,420,'NY28th Ave10003+NY33rd St+10003'
-73.9185,40.8445,0,9,'NYJesup Ave10003+NYCross Bronx Expy+10003|NYCross Bronx Expy10006'
-73.9185,40.6537,0,2,'NYChurch Ave10003+NYE 92nd St+10003'
-73.9185,40.7556,13,447,'NY43rd St10003+NY34th Ave+10003'
-73.9185,40.8618,1,4,'NY9th Ave10003+NYW 204th St+10003|NYW 204th St10003+NY9 Ave+10003'
-73.9185,40.8275,0,20,'NYGrant Ave10003+NYE 163rd St+10003'
-73.9185,40.8030,0,2,'NYBruckner Blvd10003|NYBruckner Blvd10003+NYE 133rd St+10003'
-73.9185,40.8256,3,41,'NYE 161st St10003+NYMorris Ave+10003|NYE 161st St10003+NYConcourse Village E+10003|NYMorris Ave10003|NYMorris Ave10003+NYConcourse Village E+10003|NYConcourse Village E10003'
-73.9185,40.8730,0,94,'NYW 218th St10003|NYW 218th St10003+NYW 218th St+10003|NYW 218th St10003+NYW 218 St+10003|NYW 218th St10003+NYIndian Rd+10003|NYW 218 St10003|NYW 218 St10003+NYIndian Rd+10003|NYIndian Rd10003'
-73.9185,40.7744,19,468,'NY26th St10003+NY24th Ave+10003'
-73.9184,40.8651,2,9,'NY10 Ave10003+NYPost Ave+10003|NYPost Ave10003|NYPost Ave10003+NY10th Ave+10003'
-73.9184,40.8802,0,9,'NYState Hwy 9a Alt10002+NYHenry Hudson Pkwy E+10002|NYHenry Hudson Pkwy10002+NYHenry Hudson Pkwy E+10002|NYHenry Hudson Pkwy E10003'
-73.9184,40.6378,0,2,'NYE 78th St10003+NYFarragut Rd+10003'
-73.9184,40.8039,3,0,'NYE 134th St10003+NYSt Anns Pl+10003|NYSt Anns Pl10003'
-73.9184,40.8089,0,17,'NYE 140th St10003|NYE 140th St10003+NYBrook Ave+10003'
-73.9184,40.7115,0,14,'NYCharlotte St10003'
-73.9184,40.7495,4,82,'NY45th St10003|NY45th St10003+NY38th Ave+10003|NY45th St10003+NY39th Ave+10003|NY45th St10003+NYBarnett Ave+10003|NY38th Ave10003|NY38th Ave10003+NY38th Ave+10003|NY38th Ave10003+NY39th Ave+10003|NY38th Ave10003+NYBarnett Ave+10003|NY39th Ave10003+NYBarnett Ave+10003'
-73.9184,40.8483,1,9,'NYDr Martin Luther King Jr Blvd10003+NYBrandt Pl+10003|NYBrandt Pl10003|NYBrandt Pl10003+NYUniversity Ave+10003'
-73.9184,40.8676,0,15,'NYW 211 St10003+NYVermilyea Ave+10003|NYW 211th St10003+NYVermilyea Ave+10003|NYVermilyea Ave10003'
-73.9184,40.8364,0,25,'NYE 168th St10003+NYWalton Ave+10003'
-73.9184,40.8494,0,20,'NYAndrews Ave S10003+NYW 176th St+10003'
-73.9184,40.6896,10,44,'NYMadison St10003+NYBushwick Ave+10003'
-73.9184,40.8450,0,3,'NYCross Bronx Expy10002|NYCross Bronx Expy10002+NYJesup Ave+10002|NYCross Bronx Expy10002+NYUS Hwy 1+10002|NYCross Bronx Expy10002+NYCross Bronx Expy+10002|NYJesup Ave10003+NYUS Hwy 1+10003|NYJesup Ave10003+NYCross Bronx Expy+10003|NYUS Hwy 110002|NYUS Hwy 110002+NYCross Bronx Expy+10002|NYUS Hwy 110002+NYUS Hwy 1+10002'
-73.9184,40.8338,3,67,'NYTudor Pl10003|NYTudor Pl10003+NYGrand Concourse+10003'
-73.9184,40.6690,0,2,'NYLincoln Pl10003|NYLincoln Pl10003+NYE New York Ave+10003|NYLincoln Pl10003+NYLegion St+10003|NYE New York Ave10003+NYLegion St+10003|NYLegion St10003'
-73.9184,40.7353,20,76,'NY48th St10003+NYBrooklyn Queens Expy+10003|NY48th St10003+NYI 278+10003'
-73.9184,40.6988,21,31,'NYMyrtle Ave10003+NYKnickerbocker Ave+10003'
-73.9184,40.7259,1,2,'NYLaurel Hill Blvd10003+NY50th St+10003|NY56th Rd10003+NY50th St+10003|NY50th St10003'
-73.9183,40.8234,0,17,'NYE 158th St10003|NYE 158th St10003+NYE 158 St+10003|NYE 158th St10003+NYPark Ave+10003|NYE 158 St10003|NYE 158 St10003+NYPark Ave+10003'
-73.9183,40.8453,1,3,'NYJesup Ave10003+NYCross Bronx Exwy Svc Rd+10003|NYCross Bronx Exwy Svc Rd10006'
-73.9183,40.8515,0,12,'NYPalisade Pl10003'
-73.9183,40.7355,4,64,'NYLaurel Hill Blvd10003+NY48th St+10003'
-73.9183,40.6768,1,15,'NYDewey Pl10003'
-73.9183,40.8784,0,20,'NYKnolls Cres10003|NYKnolls Cres10003+NYKnolls Creek+10003|NYKnolls Cres10003+NYKnolls Cres+10003|NYKnolls Creek10003|NYKnolls Creek10003+NYKnolls Cres+10003'
-73.9183,40.8314,1,23,'NYSheridan Ave10003+NYE 166th St+10003'
-73.9183,40.6612,0,3,'NYHoward Ave10003|NYHoward Ave10003+NYLivonia Ave+10003|NYLivonia Ave10003'
-73.9183,40.6595,0,15,'NYLenox Rd10003+NYRockaway Pkwy+10003'
-73.9183,40.6874,2,31,'NYBroadway10003+NYCornelia St+10003|NYCornelia St10003'
-73.9183,40.8793,0,22,'NYKnolls Cres10003'
-73.9183,40.6126,0,4,'NYPearson St10003|NYPearson St10003+NYAve U+10003'
-73.9183,40.8805,2,41,'NYState Hwy 9a Alt10002+NYKappock St+10002|NYKappock St10003+NYHenry Hudson Pkwy+10003'
-73.9183,40.7836,0,44,'NY21st Rd10003|NY21st Rd10003+NYShore Blvd+10003'
-73.9183,40.8194,2,23,'NYCourtlandt Ave10003+NYE 153rd St+10003'
-73.9183,40.6686,0,3,'NYPitkin Ave10003+NYLegion St+10003'
-73.9183,40.8154,2,26,'NYWillis Ave10003+NYE 148th St+10003'
-73.9183,40.8347,1,30,'NYGrandview Pl10003|NYGrandview Pl10003+NYE 167th St+10003'
-73.9183,40.7793,9,144,'NY22nd Dr10003+NY21st St+10003'
-73.9182,40.6288,0,7,'NYAve J10003|NYAve J10003+NYE 73rd St+10003|NYAve J10003+NYRalph Ave+10003|NYE 73rd St10003|NYE 73rd St10003+NYRalph Ave+10003'
-73.9182,40.8328,1,2,'NYCarroll Pl10003|NYCarroll Pl10003+NYMc Clellan St+10003'
-73.9182,40.7715,107,63,'NY29th St10003|NY29th St10003+NYHoyt Ave+10003|NY29th St10003+NYHoyt Ave N+10003'
-73.9182,40.7586,98,700,'NY41st St10003+NYBroadway+10003'
-73.9182,40.8696,0,1,'NYPark Ter E10003'
-73.9182,40.6779,0,6,'NYDewey Pl10003|NYDewey Pl10003+NYHerkimer St+10003'
-73.9182,40.7654,190,763,'NY35th St10003+NY30th Ave+10003'
-73.9182,40.6607,0,1,'NYE 98th St10003|NYE 98th St10003+NYE 98th St+10003'
-73.9182,40.8462,0,12,'NYJesup Ave10003'
-73.9182,40.8530,4,11,'NYSedgwick Ave10003+NYW Tremont Ave+10003|NYW Tremont Ave10003'
-73.9182,40.6185,0,4,'NYMill Ln10008|NYMill Ln10008+NYE 59th St+10008'
-73.9182,40.6280,0,16,'NYE 72nd St10003|NYE 72nd St10003+NYRalph Ave+10003'
-73.9181,40.6568,2,15,'NYWillmohr St10003+NYE 95th St+10003'
-73.9181,40.6644,0,6,'NYBlake Ave10003+NYGrafton St+10003'
-73.9181,40.6512,1,8,'NYRemsen Ave10003+NYAve A+10003'
-73.9181,40.8396,0,13,'NYElliot Pl10003|NYElliot Pl10003+NYJerome Ave+10003'
-73.9181,40.7700,278,279,'NYAstoria Blvd10003+NYAstoria Blvd S+10003|NYAstoria Blvd10003+NY31st St+10003|NYAstoria Blvd S10003|NYAstoria Blvd S10003+NY31st St+10003'
-73.9181,40.8656,0,9,'NY10 Ave10003+NYIsham St+10003|NYIsham St10003|NYIsham St10003+NY10th Ave+10003'
-73.9181,40.7054,1,60,'NYSt Nicholas Ave10003+NYDekalb Ave+10003'
-73.9181,40.7089,0,5,'NYWilloughby Ave10003+NYSeneca Ave+10003|NYSeneca Ave10003'
-73.9181,40.8404,0,6,'NYW 170th St10003+NYJerome Ave+10003'
-73.9180,40.7178,3,4,'NYPage Pl10003|NYPage Pl10003+NYGrand Ave+10003'
-73.9180,40.8096,1,21,'NYE 141st St10003+NYBrook Ave+10003'
-73.9180,40.6872,0,23,'NYBroadway10003+NYSaratoga Ave+10003|NYSaratoga Ave10003'
-73.9180,40.6171,0,3,'NYAve O10003+NYE 59th St+10003'
-73.9180,40.8624,1,23,'NY9th Ave10003+NYW 205 St+10003|NY9th Ave10003+NYW 205th St+10003|NY9 Ave10003+NYW 205 St+10003|NY9 Ave10003+NYW 205th St+10003'
-73.9180,40.7282,0,3,'NY55th Rd10003|NY55th Rd10003+NY50th St+10003'
-73.9180,40.8200,0,15,'NYCourtlandt Ave10003+NYE 154th St+10003|NYE 154th St10003'
-73.9180,40.8771,4,293,'NYKappock St10003'
-73.9180,40.6870,5,53,'NYJefferson Ave10003+NYSaratoga Ave+10003'
-73.9180,40.7780,2,64,'NY23rd St10003+NY23rd Ave+10003'
-73.9180,40.7373,8,92,'NY48th St10003+NY50th Ave+10003'
-73.9180,40.6787,0,38,'NYFulton St10003+NYHull St+10003|NYHull St10003'
-73.9180,40.7813,6,297,'NY19th St10003+NYDitmars Blvd+10003'
-73.9180,40.8061,1,42,'NYE 137th St10003+NYSaint Anns Ave+10003'
-73.9180,40.8431,1,15,'NYCromwell Ave10003'
-73.9180,40.8419,0,5,'NYMacombs Rd10003+NYInwood Ave+10003'
-73.9179,40.8422,1,16,'NYMacombs Rd10003+NYW 172nd St+10003|NYW 172nd St10003'
-73.9179,40.8819,0,10,'NYIndependence Ave10003+NYW 227th St+10003|NYW 227th St10003'
-73.9179,40.8265,1,23,'NYMorris Ave10003+NYE 162nd St+10003'
-73.9179,40.8709,4,419,'NYPark Ter W10003+NYW 215th St+10003'
-73.9179,40.8697,0,31,'NYW 214th St10003|NYW 214th St10003+NYW 214th St+10003|NYW 214th St10003+NYPark Ter E+10003|NYW 214th St10003+NYW 214 St+10003|NYPark Ter E10003+NYW 214 St+10003|NYW 214 St10003'
-73.9179,40.8775,1,102,'NYKnolls Cres10003|NYKnolls Cres10003+NYKappock St+10003|NYKnolls Cres10003+NYKnolls Creek+10003|NYKappock St10003+NYKnolls Creek+10003|NYKnolls Creek10003'
-73.9179,40.7223,0,1,'NYRailroad Pl10003|NY49th Ln10003'
-73.9179,40.7617,176,790,'NY38th St10003+NY31st Ave+10003'
-73.9179,40.6156,0,3,'NYE 59th St10003+NYAve T+10003'
-73.9179,40.7103,0,15,'NYOnderdonk Ave10003+NYStarr St+10003'
-73.9179,40.7425,36,289,'NYGreenpoint Ave10003+NY47th St+10003'
-73.9179,40.6985,20,39,'NYKnickerbocker Ave10003+NYBleecker St+10003'
-73.9179,40.6543,0,3,'NYE 93rd St10003+NYLinden Blvd+10003'
-73.9179,40.7069,1,10,'NYHart St10003|NYHart St10003+NYCypress Ave+10003|NYHart St10003+NYHart St+10003|NYCypress Ave10003+NYHart St+10003'
-73.9178,40.8372,0,11,'NYE 169th St10003+NYWalton Ave+10003'
-73.9178,40.7430,1458,1408,'NYState Hwy 2510002+NYCarolyn Ave+10002|NYQueens Blvd10002+NYCarolyn Ave+10002|NYCarolyn Ave10003'
-73.9178,40.7010,2,79,'NYIrving Ave10003+NYHarman St+10003'
-73.9178,40.6962,1,22,'NYWilson Ave10003+NYGrove St+10003|NYGrove St10003'
-73.9178,40.6486,0,4,'NYE 88th St10003+NYAve B+10003'
-73.9178,40.8288,0,10,'NYE 164th St10003+NYGrant Ave+10003'
-73.9178,40.6915,0,14,'NYWoodbine St10003+NYEvergreen Ave+10003'
-73.9178,40.7034,12,55,'NYStanhope St10003+NYWyckoff Ave+10003'
-73.9178,40.7740,25,591,'NY24th Ave10003+NY27th St+10003'
-73.9178,40.6939,1,34,'NYGates Ave10003+NYCentral Ave+10003'
-73.9177,40.6628,0,6,'NYGrafton St10003+NYDumont Ave+10003'
-73.9177,40.8161,9,20,'NYE 149th St10003|NYE 149th St10003+NYMelrose Ave+10003|NYMelrose Ave10003'
-73.9177,40.8152,2,27,'NYBergen Ave10003+NYE 148th St+10003'
-73.9177,40.7299,1,1,'NY54th Rd10003|NY54th Rd10003+NY50th St+10003'
-73.9177,40.7081,1,3,'NYSuydam St10003'
-73.9177,40.8206,0,1,'NYCourtlandt Ave10003+NYE 155th St+10003|NYE 155th St10003'
-73.9177,40.6237,0,27,'NYE 66th St10003|NYE 66th St10003+NYRalph Ave+10003'
-73.9177,40.8345,6,67,'NYGrand Concourse10003+NYE 167th St+10003'
-73.9177,40.7704,159,175,'NYHoyt Ave S10003+NY31st St+10003|NYHoyt Ave10003+NY31st St+10003'
-73.9177,40.7674,23,493,'NY28th Ave10003+NY34th St+10003'
-73.9177,40.8422,0,6,'NYW 172nd St10003+NYInwood Ave+10003'
-73.9177,40.8402,3,17,'NYW 170th St10003|NYW 170th St10003+NYE 170th St+10003|NYW 170th St10003+NYJerome Ave+10003|NYE 170th St10003|NYE 170th St10003+NYJerome Ave+10003'
-73.9177,40.7552,12,276,'NY44th St10003+NY34th Ave+10003'
-73.9177,40.6382,0,5,'NYFarragut Rd10003+NYE 79th St+10003'
-73.9176,40.6892,7,49,'NYPutnam Ave10003+NYBushwick Ave+10003'
-73.9176,40.8477,0,12,'NYBrandt Pl10003|NYBrandt Pl10003+NYNelson Ave+10003'
-73.9176,40.7539,24,65,'NY45th St10003'
-73.9176,40.8161,6,21,'NYE 149th St10003|NYE 149th St10003+NYWillis Ave+10003|NYE 149th St10003+NY3rd Ave+10003|NYWillis Ave10003'
-73.9176,40.6660,1,6,'NYLegion St10003+NYSutter Ave+10003'
-73.9176,40.6870,6,48,'NYBroadway10003+NYJefferson Ave+10003'
-73.9176,40.7391,13,428,'NY48th St10003+NY48th Ave+10003'
-73.9176,40.8413,0,14,'NYJerome Ave10003'
-73.9176,40.8326,4,25,'NYSheridan Ave10003+NYMc Clellan St+10003'
-73.9176,40.7306,1,2,'NY54th Ave10003|NY54th Ave10003+NY50th St+10003'
-73.9176,40.8104,3,50,'NYE 142nd St10003+NYBrook Ave+10003'
-73.9176,40.8689,15,91,'NYW 213 St10003|NYW 213 St10003+NYBroadway+10003|NYW 213 St10003+NYUS Rte 9+10003|NYW 213 St10003+NYW 213th St+10003|NYBroadway10002+NYW 213th St+10002|NYUS Rte 910002+NYW 213th St+10002|NYW 213th St10003'
-73.9176,40.8568,0,1,'NYMajor Deegan Expy10001+NYW 179th St Exd+10001|NYI 8710001+NYW 179th St Exd+10001|NYW 179th St Exd10003'
-73.9176,40.7699,223,140,'NYAstoria Blvd10003+NY32nd St+10003|NY32nd St10003'
-73.9176,40.8802,0,34,'NYKappock St10003+NYHenry Hudson Pkwy E+10003'
-73.9176,40.8239,0,17,'NYPark Ave10003+NYE 159th St+10003|NYE 159th St10003'
-73.9176,40.6131,0,3,'NYAve U10003+NYE 57th St+10003|NYE 57th St10003'
-73.9176,40.8630,0,1,'NY9th Ave10003+NYW 206th St+10003|NY9th Ave10003+NYW 206 St+10003|NYW 206th St10003+NY9 Ave+10003|NYW 206 St10003+NY9 Ave+10003'
-73.9175,40.8272,0,9,'NYMorris Ave10003+NYE 163rd St+10003'
-73.9175,40.7353,3,4,'NYI 27810001|NYI 27810001+NYBrooklyn Queens Expy+10001|NYI 27810001+NYI 278+10001|NYLaurel Hill Blvd10001|NYLaurel Hill Blvd10001+NYBrooklyn Queens Expy+10001|NYLaurel Hill Blvd10001+NYI 278+10001|NYBrooklyn Queens Expy10001+NYBrooklyn Queens Expy+10001|NYBrooklyn Queens Expy10001'
-73.9175,40.5612,0,1,'NYW Market St10003'
-73.9175,40.6219,0,3,'NYAve M10003|NYAve M10003+NYE 65th St+10003|NYAve M10003+NYRalph Ave+10003|NYE 65th St10003|NYE 65th St10003+NYRalph Ave+10003'
-73.9175,40.7118,2,14,'NYTroutman St10003+NYWoodward Ave+10003'
-73.9175,40.6694,0,3,'NYE New York Ave10003+NYSaratoga Ave+10003|NYSaratoga Ave10003'
-73.9175,40.7355,24,29,'NYLaurel Hill Blvd10003|NYLaurel Hill Blvd10003+NYLaurel Hill Blvd+10003|NYLaurel Hill Blvd10003+NY49th St+10003|NY49th St10003|NY49th St10003+NYLaurel Hill Blvd+10003'
-73.9175,40.8068,6,72,'NYE 138th St10003+NYSaint Anns Ave+10003'
-73.9175,40.7799,15,147,'NY21st St10003+NY22nd Rd+10003'
-73.9175,40.8168,2,3,'NYMelrose Ave10003+NYE 150th St+10003'
-73.9175,40.7706,45,96,'NYTriboro Plz10001+NY31st St+10001|NY31st St10003+NYI 278+10003'
-73.9175,40.7494,3,173,'NY39th Ave10003+NY46th St+10003|NY46th St10003'
-73.9175,40.7235,0,1,'NYRailroad Pl10003+NYGalasso Pl+10003|NYGalasso Pl10003|NYGalasso Pl10003+NY49th Ln+10003'
-73.9175,40.8442,0,19,'NYGoble Pl10003'
-73.9174,40.8361,0,10,'NYE 168th St10003+NYGrandview Pl+10003|NYGrandview Pl10003'
-73.9174,40.6601,0,7,'NYE 98th St10003+NYLenox Rd+10003|NYLenox Rd10003'
-73.9174,40.8213,0,30,'NYCourtlandt Ave10003+NYE 156th St+10003|NYCourtlandt Ave10003+NYThurman Munson Way+10003'
-73.9174,40.6210,0,5,'NYE 64th St10003|NYE 64th St10003+NYRalph Ave+10003'
-73.9174,40.8449,1,1,'NYMount Eden Ave10003'
-73.9174,40.8521,0,4,'NYPhelan Pl10003|NYPhelan Pl10003+NYW Tremont Ave+10003'
-73.9174,40.7582,66,453,'NY42nd St10003+NYBroadway+10003'
-73.9174,40.6415,0,5,'NYE 82nd St10003|NYE 82nd St10003+NYFoster Ave+10003'
-73.9174,40.6768,1,18,'NYLouis Pl10003'
-73.9174,40.7313,49,60,'NY50th St10003|NY50th St10003+NYQueens Midtown Expy+10003|NYQueens Midtown Expy10003'
-73.9174,40.7650,128,375,'NY36th St10003+NY30th Ave+10003'
-73.9174,40.8377,3,23,'NYWalton Ave10003+NYClarke Pl E+10003'
-73.9174,40.8031,5,2,'NYBruckner Blvd10003|NYBruckner Blvd10003+NYCypress Pl+10003'
-73.9174,40.8815,0,36,'NYHenry Hudson Pkwy W10003+NYW 227th St+10003|NYW 227th St10003'
-73.9174,40.6517,0,4,'NYE 91st St10003+NYAve A+10003'
-73.9174,40.6613,0,3,'NYGrafton St10003+NYLivonia Ave+10003'
-73.9173,40.7050,0,48,'NYSt Nicholas Ave10003+NYStockholm St+10003'
-73.9173,40.8450,0,7,'NYUS Hwy 110002+NYMacombs Rd+10002|NYMacombs Rd10003+NYCross Bronx Expy+10003'
-73.9173,40.8017,3,4,'NYCypress Ave10003|NYCypress Ave10003+NYE 132nd St+10003'
-73.9173,40.6687,0,13,'NYPitkin Ave10003+NYSaratoga Ave+10003'
-73.9173,40.7818,2,132,'NY19th St10003+NY21st Dr+10003'
-73.9173,40.7775,4,91,'NY23rd Ave10003+NY24th St+10003'
-73.9173,40.8408,0,13,'NYMacombs Rd10003|NYMacombs Rd10003+NYJerome Ave+10003'
-73.9173,40.6779,0,9,'NYHerkimer St10003+NYLouis Pl+10003|NYLouis Pl10003'
-73.9173,40.8492,1,21,'NYDr Martin Luther King Jr Blvd10003+NYW 176th St+10003|NYW 176th St10003|NYW 176th St10003+NYUniversity Ave+10003'
-73.9173,40.8297,1,37,'NYGrant Ave10003+NYE 165th St+10003'
-73.9173,40.8830,1,23,'NYW 230th St10003|NYW 230th St10003+NYIndependence Ave+10003'
-73.9173,40.8513,0,8,'NYPopham Ave10003|NYPopham Ave10003+NYMontgomery Ave+10003'
-73.9173,40.6573,5,25,'NYWillmohr St10003+NYE 96th St+10003'
-73.9173,40.6833,7,136,'NYDecatur St10003+NYSaratoga Ave+10003'
-73.9173,40.7708,365,190,'NYHoyt Ave10003|NYHoyt Ave10003+NYAstoria Blvd N+10003|NYHoyt Ave10003+NYAstoria Blvd+10003|NYHoyt Ave10003+NY31st St+10003|NYAstoria Blvd N10003|NYAstoria Blvd N10003+NYHoyt Ave N+10003|NYAstoria Blvd N10003+NY31st St+10003|NYHoyt Ave N10003|NYHoyt Ave N10003+NYAstoria Blvd+10003|NYHoyt Ave N10003+NY31st St+10003|NYAstoria Blvd10003|NYAstoria Blvd10003+NY31st St+10003'
-73.9173,40.7786,3,28,'NY23rd St10003+NY22nd Dr+10003|NY22nd Dr10003'
-73.9173,40.5588,0,1,'NYBeach 208th St10003'
-73.9172,40.7723,8,122,'NY29th St10003+NYDorothy Pl+10003|NYDorothy Pl10003'
-73.9172,40.8110,0,29,'NYE 143rd St10003+NYBrook Ave+10003'
-73.9172,40.8278,1,8,'NYMorris Ave10003+NYBonner Pl+10003|NYBonner Pl10003'
-73.9172,40.6645,0,3,'NYBlake Ave10003+NYLegion St+10003'
-73.9172,40.8560,1,9,'NYCedar Ave10003+NYW 179th St+10003|NYW 179th St10003'
-73.9172,40.8668,1,14,'NY10 Ave10003+NYSherman Ave+10003|NYSherman Ave10003|NYSherman Ave10003+NY10th Ave+10003'
-73.9172,40.6161,0,2,'NYE 60th St10003|NYE 60th St10003+NYAve T+10003'
-73.9172,40.8725,7,224,'NYSeaman Ave10003|NYSeaman Ave10003+NYW 218th St+10003'
-73.9172,40.8691,5,60,'NYBroadway10002+NYW 214th St+10002|NYUS Rte 910002+NYW 214th St+10002|NYW 214th St10003'
-73.9171,40.8034,0,2,'NYE 134th St10003|NYE 134th St10003+NYBruckner Blvd+10003|NYBruckner Blvd10003'
-73.9171,40.6356,1,10,'NYGlenwood Rd10003+NYE 77th St+10003|NYE 77th St10003'
-73.9171,40.7099,0,7,'NYWilloughby Ave10003+NYOnderdonk Ave+10003'
-73.9171,40.6184,0,1,'NYMill Ave10003|NYMill Ave10003+NYRalph Ave+10003'
-73.9171,40.6695,0,2,'NYE New York Ave10003+NYSaratoga Ave+10003|NYSaratoga Ave10003'
-73.9171,40.7242,0,2,'NYRailroad Pl10003|NY49th Ln10003'
-73.9171,40.8175,0,14,'NYMelrose Ave10003+NYE 151st St+10003'
-73.9171,40.6981,9,53,'NYMenahan St10003+NYKnickerbocker Ave+10003'
-73.9171,40.7841,0,25,'NYShore Blvd10003+NY21st Ave+10003|NY21st Ave10003'
-73.9171,40.7371,5,11,'NY49th St10003+NY50th Ave+10003|NY50th Ave10003'
-73.9171,40.6490,0,21,'NYAve B10003+NYE 89th St+10003'
-73.9171,40.7065,0,32,'NYDekalb Ave10003|NYDekalb Ave10003+NYCypress Ave+10003|NYDekalb Ave10003+NYDekalb Ave+10003|NYCypress Ave10003+NYDekalb Ave+10003'
-73.9171,40.7465,85,1198,'NYSkillman Ave10003+NYCarolyn Ave+10003'
-73.9171,40.8454,2,9,'NYMacombs Rd10003+NYFeatherbed Ln+10003|NYFeatherbed Ln10003'
-73.9171,40.6424,0,1,'NYE 83rd St10003+NYS Market St+10003|NYS Market St10003'
-73.9171,40.8795,0,43,'NYKappock St10003|NYKappock St10003+NYKappock St+10003'
-73.9171,40.7735,25,397,'NY24th Ave10003+NY28th St+10003'
-73.9171,40.6597,0,5,'NYRiverdale Ave10003|NYRiverdale Ave10003+NYGrafton St+10003|NYRiverdale Ave10003+NYE 98th St+10003|NYGrafton St10003|NYGrafton St10003+NYE 98th St+10003'
-73.9171,40.6958,2,11,'NYWilson Ave10003+NYLinden St+10003'
-73.9171,40.7005,7,157,'NYGreene Ave10003+NYIrving Ave+10003'
-73.9171,40.8637,3,6,'NYW 207th St10003+NY9th Ave+10003|NYW 207th St10003+NY9 Ave+10003'
-73.9171,40.7030,9,69,'NYHimrod St10003+NYWyckoff Ave+10003'
-73.9171,40.8016,4,7,'NYBruckner Expy10001|NYBruckner Expy10001+NYE 132nd St+10001|NYBruckner Expy10001+NYTriborough Brg+10001|NYE 132nd St10003+NYI 278+10003|NYE 132nd St10003+NYTriborough Brg+10003|NYTriborough Brg10001'
-73.9170,40.8813,1,19,'NYHenry Hudson Pkwy E10003+NYW 227th St+10003|NYW 227th St10003'
-73.9170,40.8670,0,10,'NYW 211 St10003|NYW 211 St10003+NY10 Ave+10003|NYW 211 St10003+NY10th Ave+10003|NY10 Ave10003+NYW 211th St+10003|NYW 211th St10003|NYW 211th St10003+NY10th Ave+10003'
-73.9170,40.6547,0,4,'NYE 94th St10003+NYChurch Ave+10003'
-73.9170,40.8464,0,18,'NYMacombs Rd10003+NYFeatherbed Ln+10003|NYMacombs Rd10003+NYGrand Ave+10003|NYFeatherbed Ln10003|NYFeatherbed Ln10003+NYGrand Ave+10003|NYGrand Ave10003'
-73.9170,40.6707,23,41,'NYSaratoga Ave10003+NYEastern Pkwy+10003'
-73.9170,40.8075,1,47,'NYE 139th St10003+NYSaint Anns Ave+10003'
-73.9170,40.6934,1,19,'NYCentral Ave10003+NYPalmetto St+10003'
-73.9170,40.8716,0,259,'NYPark Ter W10003+NYW 217 St+10003|NYPark Ter W10003+NYW 217th St+10003|NYW 217 St10003|NYW 217 St10003+NYW 217th St+10003|NYW 217th St10003'
-73.9170,40.8794,0,39,'NYKnolls Cres10003'
-73.9170,40.7077,0,1,'NYHart St10003'
-73.9170,40.6169,1,0,'NYE 61st St10003|NYE 61st St10003+NYRalph Ave+10003'
-73.9170,40.6247,2,9,'NYE 68th St10003|NYE 68th St10003+NYAve L+10003'
-73.9170,40.8701,0,215,'NYW 215th St10003+NYPark Ter E+10003'
-73.9170,40.6911,2,35,'NYEvergreen Ave10003+NYMadison St+10003'
-73.9170,40.6707,0,29,'NYSterling Pl10003+NYEastern Pkwy+10003'
-73.9169,40.8546,2,14,'NYSedgwick Ave10003|NYSedgwick Ave10003+NYSedgwick Ave+10003'
-73.9169,40.7698,426,222,'NYHoyt Ave S10003|NYHoyt Ave S10003+NYAstoria Blvd+10003|NYHoyt Ave S10003+NYGrnd Cntrl Parkway Entrance Eb+10003|NYHoyt Ave S10003+NYAstoria Blvd S+10003|NYHoyt Ave S10003+NY33rd St+10003|NYAstoria Blvd10003+NYHoyt Ave+10003|NYAstoria Blvd10003+NYGrnd Cntrl Parkway Entrance Eb+10003|NYAstoria Blvd10003+NY33rd St+10003|NYHoyt Ave10003|NYHoyt Ave10003+NYGrnd Cntrl Parkway Entrance Eb+10003|NYHoyt Ave10003+NYAstoria Blvd S+10003|NYHoyt Ave10003+NY33rd St+10003|NYGrnd Cntrl Parkway Entrance Eb10003|NYGrnd Cntrl Parkway Entrance Eb10003+NYAstoria Blvd S+10003|NYGrnd Cntrl Parkway Entrance Eb10003+NY33rd St+10003|NYAstoria Blvd S10003|NYAstoria Blvd S10003+NY33rd St+10003|NY33rd St10003'
-73.9169,40.8222,0,42,'NYCourtlandt Ave10003+NYE 157th St+10003|NYE 157th St10003'
-73.9169,40.8383,1,14,'NYMarcy Pl10003+NYWalton Ave+10003'
-73.9169,40.6069,0,1,'NYStrickland Ave10003'
-73.9169,40.8284,2,16,'NYMorris Ave10003+NYE 164th St+10003'
-73.9169,40.6163,0,1,'NYAve T10003+NYRalph Ave+10003|NYRalph Ave10003'
-73.9169,40.6888,6,67,'NYCornelia St10003+NYBushwick Ave+10003'
-73.9169,40.6196,0,4,'NYE 63rd St10003|NYE 63rd St10003+NYAvenue N+10003'
-73.9169,40.7670,37,613,'NY35th St10003+NY28th Ave+10003'
-73.9169,40.8413,0,26,'NYE 171st St10003|NYE 171st St10003+NYJerome Ave+10003'
-73.9169,40.8922,1,9,'NYPalisade Ave10003+NYKipp Rd+10003|NYKipp Rd10003'
-73.9169,40.7548,14,449,'NY45th St10003+NY34th Ave+10003'
-73.9169,40.7428,219,126,'NY48th St10003+NYGreenpoint Ave+10003|NY48th St10003+NYRoosevelt Ave+10003|NYGreenpoint Ave10003|NYGreenpoint Ave10003+NYState Hwy 25+10003|NYGreenpoint Ave10003+NYQueens Blvd+10003|NYGreenpoint Ave10003+NYRoosevelt Ave+10003|NYState Hwy 2510002+NYRoosevelt Ave+10002|NYQueens Blvd10002+NYRoosevelt Ave+10002|NYRoosevelt Ave10003'
-73.9168,40.8023,0,2,'NYCypress Ave10003|NYCypress Ave10003+NYE 133rd St+10003'
-73.9168,40.8876,1,14,'NYW 236th St10003'
-73.9168,40.8117,0,34,'NYE 144th St10003+NYBrook Ave+10003'
-73.9168,40.6630,1,11,'NYLegion St10003+NYDumont Ave+10003'
-73.9168,40.7805,49,350,'NY21st St10003+NYDitmars Blvd+10003'
-73.9168,40.6387,0,13,'NYFarragut Rd10003+NYE 80th St+10003'
-73.9168,40.6135,0,2,'NYE 58th St10003|NYE 58th St10003+NYAve U+10003'
-73.9168,40.6865,2,53,'NYHancock St10003|NYHancock St10003+NYBroadway+10003'
-73.9168,40.8182,1,16,'NYMelrose Ave10003+NYE 152nd St+10003'
-73.9168,40.8549,1,18,'NYW 179th St10003|NYW 179th St10003+NYSedgwick Ave+10003'
-73.9168,40.7712,238,41,'NY24th Rd10003|NY24th Rd10003+NY31st St+10003'
-73.9168,40.8399,1,12,'NYE 170th St10003+NYTownsend Ave+10003|NYTownsend Ave10003'
-73.9168,40.8244,0,3,'NYE 160th St10003|NYE 160th St10003+NYPark Ave+10003'
-73.9168,40.8157,4,73,'NYE 149th St10003+NYBergen Ave+10003'
-73.9168,40.8840,1,20,'NYW 231st St10003+NYIndependence Ave+10003'
-73.9168,40.8166,3,7,'NYWestchester Ave10003|NYWestchester Ave10003+NY3rd Ave+10003|NYWestchester Ave10003+NYE 150th St+10003|NY3rd Ave10003+NYE 150th St+10003|NYE 150th St10003'
-73.9168,40.8529,0,12,'NYBillingsley Ter10003'
-73.9167,40.7114,0,18,'NYStarr St10003+NYWoodward Ave+10003'
-73.9167,40.8693,2,49,'NYBroadway10002+NYW 214 St+10002|NYBroadway10002+NYW 214th St+10002|NYUS Rte 910002+NYW 214 St+10002|NYUS Rte 910002+NYW 214th St+10002|NYW 214 St10003|NYW 214 St10003+NYW 214th St+10003|NYW 214th St10003'
-73.9167,40.6274,1,7,'NYE 72nd St10003+NYAve K+10003'
-73.9167,40.7719,45,29,'NYDorothy Pl10003'
-73.9167,40.8789,6,85,'NYNetherland Ave10003'
-73.9167,40.8869,1,2,'NYW 235th St10003|NYW 235th St10003+NYDouglas Ave+10003|NYDouglas Ave10003'
-73.9167,40.7390,0,16,'NY49th St10003|NY49th St10003+NY48th Ave+10003'
-73.9167,40.6662,0,10,'NYSaratoga Ave10003+NYSutter Ave+10003'
-73.9167,40.6521,0,5,'NYAve A10003+NYE 92nd St+10003'
-73.9166,40.8022,2,0,'NYBruckner Expy10001+NYE 133rd St+10001|NYE 133rd St10003+NYI 278+10003'
-73.9166,40.8580,0,5,'NYCedar Ave10003+NYW 180th St+10003|NYW 180th St10003'
-73.9166,40.8250,3,6,'NYE 161st St10003+NYPark Ave+10003|NYPark Ave10003'
-73.9166,40.6864,3,16,'NYBroadway10003+NYHancock St+10003|NYHancock St10003'
-73.9166,40.7046,0,35,'NYStanhope St10003+NYSt Nicholas Ave+10003'
-73.9166,40.7770,20,186,'NYCrescent St10003+NY23rd Ave+10003|NY23rd Ave10003+NY25th St+10003'
-73.9166,40.7578,62,594,'NY43rd St10003+NYBroadway+10003'
-73.9166,40.7824,2,69,'NY21st Rd10003+NY19th St+10003'
-73.9166,40.6543,0,4,'NYE 94th St10003+NYLinden Blvd+10003'
-73.9166,40.7646,156,711,'NY37th St10003+NY30th Ave+10003'
-73.9166,40.8081,1,24,'NYE 140th St10003|NYE 140th St10003+NYSaint Anns Ave+10003'
-73.9166,40.8676,1,24,'NY10 Ave10003+NYW 212th St+10003|NY10 Ave10003+NYW 212 St+10003|NYW 212th St10003|NYW 212th St10003+NY10th Ave+10003|NYW 212th St10003+NYW 212 St+10003|NY10th Ave10003+NYW 212 St+10003|NYW 212 St10003'
-73.9166,40.6698,0,2,'NYStrauss St10003|NYStrauss St10003+NYE New York Ave+10003|NYStrauss St10003+NYSt Johns Pl+10003|NYE New York Ave10003+NYSt Johns Pl+10003|NYSt Johns Pl10003'
-73.9166,40.7220,1,8,'NYPage Pl10003'
-73.9166,40.7704,40,124,'NYAstoria Blvd N10003+NY32nd St+10003|NY32nd St10003|NY32nd St10003+NYAstoria Blvd+10003'
-73.9166,40.8228,1,10,'NYCourtlandt Ave10003+NYE 158th St+10003'
-73.9166,40.5609,0,3,'NYRockaway Point Blvd10003|NYRockaway Point Blvd10003+NYBayside Ave+10003|NYRockaway Point Blvd10003+NYBeach 208th St+10003|NYRockaway Point Blvd10003+NYRockaway Point Blvd+10003|NYBayside Ave10003|NYBayside Ave10003+NYBeach 208th St+10003|NYBeach 208th St10003|NYBeach 208th St10003+NYRockaway Point Blvd+10003'
-73.9166,40.8438,0,1,'NYGoble Pl10003+NYInwood Ave+10003'
-73.9165,40.8547,0,1,'NYSedgwick Ave10003|NYSedgwick Ave10003+NYW Burnside Ave+10003|NYW Burnside Ave10003'
-73.9165,40.7492,12,145,'NYCarolyn Ave10003|NYCarolyn Ave10003+NY39th Ave+10003|NY47th St10003|NY47th St10003+NY39th Ave+10003'
-73.9165,40.7389,2,3,'NY49th St10003|NY49th St10003+NY48th Ave+10003|NY48th Ave10003'
-73.9165,40.7539,24,27,'NY46th St10003'
-73.9165,40.8189,4,22,'NYE 153rd St10003+NYMelrose Ave+10003'
-73.9165,40.7447,30,597,'NYGossman Ave10003|NYGossman Ave10003+NY43rd Ave+10003'
-73.9165,40.7429,228,132,'NYState Hwy 2510002+NYRoosevelt Ave+10002|NYQueens Blvd10002+NYRoosevelt Ave+10002'
-73.9165,40.6166,0,1,'NYE 61st St10003+NYAve T+10003'
-73.9165,40.6579,2,14,'NYWillmohr St10003+NYRockaway Pkwy+10003'
-73.9165,40.7846,0,19,'NY20th Rd10003|NY20th Rd10003+NYShore Blvd+10003'
-73.9165,40.7792,0,89,'NY23rd St10003+NY22nd Rd+10003|NY22nd Rd10003'
-73.9165,40.8123,0,16,'NYE 145th St10003+NYBrook Ave+10003'
-73.9165,40.8358,3,40,'NYE 168th St10003+NYGrand Concourse+10003'
-73.9165,40.6766,3,38,'NYAtlantic Ave10003+NYSaratoga Ave+10003'
-73.9164,40.8519,0,15,'NYMontgomery Ave10003|NYMontgomery Ave10003+NYLoring Pl S+10003|NYMontgomery Ave10003+NYW Tremont Ave+10003|NYLoring Pl S10003|NYLoring Pl S10003+NYW Tremont Ave+10003'
-73.9164,40.6614,0,12,'NYLegion St10003+NYLivonia Ave+10003'
-73.9164,40.6360,0,13,'NYE 78th St10003+NYGlenwood Rd+10003'
-73.9164,40.8389,1,21,'NYElliot Pl10003+NYWalton Ave+10003'
-73.9164,40.5581,0,1,'NYBeach 207th St10003|NYBeach 207th St10003+NY7th Ave+10003|NY7th Ave10003'
-73.9164,40.6072,0,2,'NYStrickland Ave10003+NYNational Dr+10003|NYNational Dr10003'
-73.9164,40.7094,0,10,'NYOnderdonk Ave10003+NYSuydam St+10003'
-73.9164,40.6789,2,31,'NYSaratoga Ave10003+NYHull St+10003'
-73.9164,40.7730,60,395,'NY29th St10003+NY24th Ave+10003'
-73.9164,40.8275,0,1,'NYBonner Pl10003'
-73.9164,40.6977,3,40,'NYKnickerbocker Ave10003+NYGrove St+10003'
-73.9164,40.7700,41,52,'NY35th St10003+NYTriboro Plz+10003|NY35th St10003+NYI 278+10003'
-73.9163,40.6689,0,2,'NYStrauss St10003+NYPitkin Ave+10003'
-73.9163,40.8913,0,10,'NYDouglas Ave10003+NYW 240th St+10003|NYW 240th St10003'
-73.9163,40.6551,0,8,'NYE 95th St10003+NYChurch Ave+10003'
-73.9163,40.8473,1,10,'NYW 174th St10003|NYW 174th St10003+NYMacombs Rd+10003'
-73.9163,40.7025,4,38,'NYHarman St10003+NYWyckoff Ave+10003'
-73.9163,40.6495,1,7,'NYRemsen Ave10003+NYAve B+10003'
-73.9163,40.7001,3,58,'NYIrving Ave10003+NYBleecker St+10003'
-73.9163,40.7866,1,0,'NY20th Ave10003'
-73.9163,40.6954,1,21,'NYWilson Ave10003+NYGates Ave+10003'
-73.9163,40.6786,0,7,'NYFulton St10003+NYSaratoga Ave+10003'
-73.9163,40.7609,187,531,'NY41st St10003+NY31st Ave+10003'
-73.9163,40.8778,0,54,'NYJohnson Ave10003|NYJohnson Ave10003+NYJohnson Ave+10003'
-73.9163,40.8808,0,22,'NYFairfield Ave10003|NYFairfield Ave10003+NYW 227th St+10003'
-73.9163,40.8033,3,3,'NYBruckner Blvd10003|NYBruckner Blvd10003+NYMajor Deegan Expy+10003|NYBruckner Blvd10003+NYBruckner Blvd+10003|NYBruckner Blvd10003+NYI 87+10003|NYMajor Deegan Expy10001|NYMajor Deegan Expy10001+NYBruckner Blvd+10001|NYI 8710001|NYI 8710001+NYBruckner Blvd+10001'
-73.9163,40.8721,2,91,'NYPark Ter W10003|NYPark Ter W10003+NYW 218th St+10003'
-73.9163,40.8696,9,42,'NYBroadway10002+NYW 215th St+10002|NYUS Rte 910002+NYW 215th St+10002|NYW 215th St10003'
-73.9163,40.7061,6,35,'NYStockholm St10003|NYStockholm St10003+NYCypress Ave+10003|NYStockholm St10003+NYStockholm St+10003|NYCypress Ave10003+NYStockholm St+10003'
-73.9163,40.6647,0,5,'NYBlake Ave10003+NYSaratoga Ave+10003'
-73.9163,40.6930,2,7,'NYWoodbine St10003+NYCentral Ave+10003'
-73.9162,40.6280,0,5,'NYE 73rd St10003+NYAve K+10003'
-73.9162,40.8268,0,4,'NYCollege Ave10003|NYCollege Ave10003+NYE 163rd St+10003'
-73.9162,40.6189,0,1,'NYE 63rd St10003+NYMill Ln+10003'
-73.9162,40.6336,0,2,'NYFlatlands Ave10003+NYE 76th St+10003|NYE 76th St10003'
-73.9162,40.8476,0,17,'NYMacombs Rd10003+NYW 174th St+10003|NYW 174th St10003'
-73.9162,40.8785,0,162,'NYJohnson Ave10003'
-73.9162,40.8235,1,12,'NYCourtlandt Ave10003+NYE 159th St+10003'
-73.9162,40.8195,2,17,'NYE 154th St10003+NYMelrose Ave+10003'
-73.9162,40.6907,0,27,'NYPutnam Ave10003+NYEvergreen Ave+10003'
-73.9162,40.8546,0,14,'NYW Burnside Ave10003+NYOsborne Pl+10003|NYOsborne Pl10003'
-73.9162,40.7707,7,4,'NY24th Rd10003|NY24th Rd10003+NY32nd St+10003'
-73.9162,40.8423,1,8,'NYE 172nd St10003|NYE 172nd St10003+NYW 172nd St+10003|NYE 172nd St10003+NYJerome Ave+10003|NYW 172nd St10003|NYW 172nd St10003+NYJerome Ave+10003'
-73.9162,40.6224,0,6,'NYE 66th St10003+NYAve M+10003'
-73.9162,40.8483,0,18,'NYMacombs Rd10003+NYW 175th St+10003|NYW 175th St10003'
-73.9162,40.7810,2,93,'NY21st Dr10003|NY21st Dr10003+NY21st St+10003'
-73.9162,40.8826,0,12,'NYW 230th St10003|NYW 230th St10003+NYHenry Hudson Pkwy W+10003'
-73.9162,40.7464,54,322,'NYSkillman Ave10003+NYGossman Ave+10003'
-73.9161,40.6884,9,50,'NYJefferson Ave10003+NYBushwick Ave+10003'
-73.9161,40.8489,0,2,'NYMacombs Rd10003+NYNelson Ave+10003|NYNelson Ave10003'
-73.9161,40.8683,0,15,'NYW 213 St10003|NYW 213 St10003+NY10 Ave+10003|NYW 213 St10003+NYW 213th St+10003|NYW 213 St10003+NY10th Ave+10003|NY10 Ave10003+NYW 213th St+10003|NYW 213th St10003|NYW 213th St10003+NY10th Ave+10003'
-73.9161,40.8020,0,11,'NYBruckner Blvd10003|NYBruckner Blvd10003+NYE 133rd St+10003'
-73.9161,40.8490,0,5,'NYMacombs Rd10003+NYW 176th St+10003|NYW 176th St10003'
-73.9161,40.7085,0,3,'NYHart St10003'
-73.9161,40.7666,35,394,'NY36th St10003+NY28th Ave+10003'
-73.9161,40.6196,0,1,'NYVeterans Ave10003|NYVeterans Ave10003+NYAvenue N+10003'
-73.9161,40.6140,1,1,'NYAve U10003+NYE 59th St+10003|NYE 59th St10003'
-73.9161,40.8130,0,63,'NYE 146th St10003+NYBrook Ave+10003'
-73.9161,40.8248,0,6,'NYE 161st St10003+NYPark Ave+10003|NYPark Ave10003'
-73.9161,40.8281,0,6,'NYCollege Ave10003|NYCollege Ave10003+NYE 164th St+10003'
-73.9161,40.7544,13,78,'NY46th St10003+NY34th Ave+10003'
-73.9161,40.8500,0,11,'NYDr Martin Luther King Jr Blvd10003|NYDr Martin Luther King Jr Blvd10003+NYMacombs Rd+10003|NYDr Martin Luther King Jr Blvd10003+NYDr Martin Luther King Jr Blvd+10003|NYMacombs Rd10003|NYMacombs Rd10003+NYDr Martin Luther King Jr Blvd+10003|NYMacombs Rd10003+NYUniversity Ave+10003|NYDr Martin Luther King Jr Blvd10003+NYUniversity Ave+10003|NYUniversity Ave10003'
-73.9160,40.6861,8,54,'NYBroadway10003+NYWeirfield St+10003|NYWeirfield St10003'
-73.9160,40.6599,1,3,'NYRiverdale Ave10003+NYLegion St+10003'
-73.9160,40.8849,0,18,'NYW 232nd St10003+NYIndependence Ave+10003'
-73.9160,40.6392,0,7,'NYE 81st St10003+NYFarragut Rd+10003'
-73.9160,40.8796,0,10,'NYKappock St10003|NYKappock St10003+NYArlington Ave+10003|NYArlington Ave10003'
-73.9160,40.8410,0,20,'NYE 171st St10003+NYTownsend Ave+10003'
-73.9160,40.8172,3,2,'NYE 151st St10003|NYE 151st St10003+NY3rd Ave+10003'
-73.9160,40.6253,0,1,'NYE 69th St10003|NYE 69th St10003+NYAve L+10003'
-73.9160,40.8513,1,12,'NYAndrews Ave S10003+NYW Tremont Ave+10003'
-73.9160,40.7833,0,47,'NY19th St10003|NY19th St10003+NY21st Ave+10003'
-73.9159,40.6526,0,6,'NYE 93rd St10003+NYAve A+10003'
-73.9159,40.8396,3,10,'NYWalton Ave10003+NYE 170th St+10003'
-73.9159,40.8254,0,7,'NYTeller Ave10003|NYTeller Ave10003+NYPark Ave+10003'
-73.9159,40.7765,8,305,'NY26th St10003+NY23rd Ave+10003'
-73.9159,40.8538,0,7,'NYBillingsley Ter10003'
-73.9159,40.7843,0,26,'NY20th Rd10003|NY20th Rd10003+NY18th St+10003|NY18th St10003'
-73.9159,40.8202,1,9,'NYMelrose Ave10003+NYE 155th St+10003'
-73.9159,40.8320,1,24,'NYMc Clellan St10003+NYGrant Ave+10003'
-73.9159,40.8945,1,4,'NYW 246th St10003|NYW 246th St10003+NYPalisade Ave+10003'
-73.9159,40.8579,0,14,'NYSedgwick Ave10003+NYW 180th St+10003|NYW 180th St10003'
-73.9159,40.8698,7,56,'NYW 215th St10003|NYW 215th St10003+NYBroadway+10003|NYW 215th St10003+NYUS Rte 9+10003|NYW 215 St10003|NYW 215 St10003+NYBroadway+10003|NYW 215 St10003+NYUS Rte 9+10003'
-73.9159,40.8241,1,3,'NYCourtlandt Ave10003+NYE 160th St+10003'
-73.9159,40.8364,0,35,'NYGrand Concourse10003+NYE 169th St+10003'
-73.9159,40.7041,1,35,'NYHimrod St10003+NYSt Nicholas Ave+10003'
-73.9159,40.8037,0,4,'NYCypress Ave10003|NYCypress Ave10003+NYE 135th St+10003'
-73.9159,40.8448,0,13,'NYMount Eden Ave10003+NYInwood Ave+10003|NYInwood Ave10003'
-73.9159,40.6067,0,7,'NYMill Ave10003|NYMill Ave10003+NYNational Dr+10003'
-73.9159,40.8338,3,56,'NYE 167th St10003+NYSherman Ave+10003'
-73.9159,40.7703,12,55,'NYGrnd Cntrl Parkway Exit Wb10003|NYGrnd Cntrl Parkway Exit Wb10003+NY33rd St+10003|NYGrnd Cntrl Parkway Exit Wb10003+NYAstoria Blvd N+10003|NYGrnd Cntrl Parkway Exit Wb10003+NYAstoria Blvd+10003|NY33rd St10003|NY33rd St10003+NYAstoria Blvd N+10003|NY33rd St10003+NYAstoria Blvd+10003'
-73.9158,40.7696,41,271,'NYAstoria Blvd10003+NY34th St+10003|NYAstoria Blvd S10003+NY34th St+10003|NY34th St10003'
-73.9158,40.7431,143,278,'NY49th St10003+NYRoosevelt Ave+10003'
-73.9158,40.7076,0,3,'NYSeneca Ave10003|NYSeneca Ave10003+NYDekalb Ave+10003'
-73.9158,40.7797,13,139,'NY23rd St10003+NYDitmars Blvd+10003'
-73.9158,40.8874,0,32,'NYW 236th St10003+NYHudson Manor Ter+10003|NYHudson Manor Ter10003'
-73.9158,40.7575,40,410,'NY44th St10003+NYBroadway+10003'
-73.9158,40.8921,0,1,'NYDouglas Ave10003+NYKipp Rd+10003|NYKipp Rd10003'
-73.9158,40.7643,96,421,'NY38th St10003+NY30th Ave+10003'
-73.9158,40.8825,0,41,'NYW 230th St10003|NYW 230th St10003+NYHenry Hudson Pkwy E+10003'
-73.9158,40.6196,0,2,'NYE 64th St10003+NYVeterans Ave+10003'
-73.9157,40.8710,3,263,'NYW 217 St10003|NYW 217 St10003+NYW 217th St+10003|NYW 217 St10003+NYPark Ter E+10003|NYW 217th St10003|NYW 217th St10003+NYPark Ter E+10003'
-73.9157,40.8028,0,1,'NYBruckner Expy10001+NYE 134th St+10001|NYE 134th St10003|NYE 134th St10003+NYI 278+10003'
-73.9157,40.7831,1,65,'NY19th St10003|NY19th St10003+NY21st Ave+10003'
-73.9157,40.6702,0,4,'NYE New York Ave10003+NYHerzl St+10003|NYHerzl St10003'
-73.9157,40.6585,1,5,'NYLegion St10003|NYLegion St10003+NYE 98th St+10003'
-73.9157,40.8164,0,4,'NYWestchester Ave10003+NYBergen Ave+10003'
-73.9157,40.8258,0,5,'NYTeller Ave10003+NYE 162nd St+10003'
-73.9157,40.8136,0,14,'NYE 147th St10003+NYBrook Ave+10003'
-73.9157,40.6286,0,2,'NYAve K10003|NYAve K10003+NYBergen Ave+10003|NYBergen Ave10003'
-73.9157,40.6365,0,5,'NYGlenwood Rd10003+NYE 79th St+10003'
-73.9157,40.8559,0,16,'NYOsborne Pl10003+NYW 179th St+10003|NYW 179th St10003'
-73.9157,40.6663,0,2,'NYStrauss St10003+NYSutter Ave+10003'
-73.9157,40.6171,0,3,'NYMill Ave10003+NYAve T+10003'
-73.9157,40.8689,0,20,'NY10 Ave10003+NYW 214 St+10003|NY10 Ave10003+NYW 214th St+10003|NYW 214 St10003|NYW 214 St10003+NYW 214th St+10003|NYW 214 St10003+NY10th Ave+10003|NYW 214th St10003|NYW 214th St10003+NY10th Ave+10003'
-73.9157,40.7135,10,35,'NYTroutman St10003|NYTroutman St10003+NYFlushing Ave+10003|NYTroutman St10003+NYMetropolitan Ave+10003|NYFlushing Ave10003+NYMetropolitan Ave+10003'
-73.9157,40.7090,0,23,'NYHart St10003+NYOnderdonk Ave+10003'
-73.9157,40.8279,0,3,'NYE 164th St10003+NYCollege Ave+10003|NYCollege Ave10003'
-73.9156,40.8885,0,164,'NYW 237th St10003|NYW 237th St10003+NYHudson Manor Ter+10003'
-73.9156,40.8097,2,21,'NYE 142nd St10003|NYE 142nd St10003+NYSaint Anns Ave+10003'
-73.9156,40.6973,0,32,'NYLinden St10003+NYKnickerbocker Ave+10003'
-73.9156,40.7815,1,69,'NY21st Rd10003|NY21st Rd10003+NY21st St+10003'
-73.9156,40.8208,2,19,'NYE 156th St10003+NYMelrose Ave+10003|NYMelrose Ave10003+NYThurman Munson Way+10003'
-73.9156,40.7020,0,56,'NYGreene Ave10003+NYWyckoff Ave+10003'
-73.9156,40.6330,0,1,'NYPaerdegat Ave N10003|NYPaerdegat Ave N10003+NYE 76th St+10003|NYE 76th St10003'
-73.9156,40.8836,4,20,'NYW 231st St10003|NYW 231st St10003+NYHenry Hudson Pkwy W+10003'
-73.9156,40.8034,1,0,'NYE 135th St10003+NYBruckner Blvd+10003'
-73.9156,40.8542,0,9,'NYPhelan Pl10003|NYPhelan Pl10003+NYW Burnside Ave+10003'
-73.9156,40.6584,0,4,'NYWillmohr St10003|NYWillmohr St10003+NYNewport St+10003|NYWillmohr St10003+NYE 98th St+10003|NYNewport St10003|NYNewport St10003+NYE 98th St+10003'
-73.9156,40.8027,0,24,'NYE 134th St10003+NYBruckner Blvd+10003'
-73.9156,40.7446,27,522,'NYHeiser St10003|NYHeiser St10003+NY43rd Ave+10003'
-73.9156,40.8290,4,18,'NYCollege Ave10003+NYE 165th St+10003'
-73.9156,40.6997,7,71,'NYMenahan St10003+NYIrving Ave+10003'
-73.9156,40.6949,0,28,'NYWilson Ave10003+NYPalmetto St+10003'
-73.9155,40.6500,0,4,'NYE 91st St10003+NYAve B+10003'
-73.9155,40.6766,1,10,'NYRoosevelt Pl10003'
-73.9155,40.7056,1,50,'NYStanhope St10003|NYStanhope St10003+NYStanhope St+10003|NYStanhope St10003+NYCypress Ave+10003'
-73.9155,40.8176,1,11,'NYE 152nd St10003|NYE 152nd St10003+NY3rd Ave+10003'
-73.9155,40.8247,2,27,'NYE 161st St10003+NYCourtlandt Ave+10003'
-73.9155,40.6926,2,26,'NYMadison St10003+NYCentral Ave+10003'
-73.9155,40.6476,0,7,'NYDitmas Ave10003+NYE 89th St+10003'
-73.9155,40.6858,9,29,'NYBroadway10003+NYHalsey St+10003|NYHalsey St10003'
-73.9155,40.7606,39,288,'NY42nd St10003+NY31st Ave+10003'
-73.9155,40.5609,0,2,'NYBeach 207th St10003|NYBeach 207th St10003+NYBeach 207 St+10003|NYBeach 207 St10003'
-73.9155,40.6229,0,2,'NYAve M10003+NYBergen Beach Pl+10003|NYBergen Beach Pl10003'
-73.9155,40.7538,39,38,'NY47th St10003|NY47th St10003+NYNorthern Blvd+10003|NY47th St10003+NYState Hwy 25+10003|NY47th St10003+NYState Hwy 25 Alt+10003|NY47th St10003+NYQueens Plz E+10003|NYNorthern Blvd10002|NYNorthern Blvd10002+NYState Hwy 25+10002|NYNorthern Blvd10002+NYNorthern Blvd+10002|NYState Hwy 2510002|NYState Hwy 2510002+NYNorthern Blvd+10002|NYState Hwy 2510002+NYState Hwy 25 Alt+10002|NYState Hwy 2510002+NYQueens Plz E+10002|NYNorthern Blvd10002+NYState Hwy 25 Alt+10002|NYNorthern Blvd10002+NYQueens Plz E+10002|NYState Hwy 25 Alt10002|NYQueens Plz E10002'
-73.9155,40.6341,0,1,'NYFlatlands Ave10003+NYE 77th St+10003|NYE 77th St10003'
-73.9155,40.7816,2,63,'NY21st Rd10003|NY21st Rd10003+NY21st St+10003'
-73.9155,40.8505,2,15,'NYDr Martin Luther King Jr Blvd10003|NYDr Martin Luther King Jr Blvd10003+NYDr Martin Luther King Jr Blvd+10003|NYUniversity Ave10003|NYUniversity Ave10003+NYDr Martin Luther King Jr Blvd+10003'
-73.9155,40.6557,0,9,'NYE 96th St10003+NYChurch Ave+10003'
-73.9155,40.6903,5,86,'NYCornelia St10003+NYEvergreen Ave+10003'
-73.9155,40.8043,2,10,'NYE 136th St10003|NYE 136th St10003+NYCypress Ave+10003'
-73.9154,40.8565,0,35,'NYW 180th St10003|NYW 180th St10003+NYOsborne Pl+10003|NYOsborne Pl10003'
-73.9154,40.8434,1,7,'NYGoble Pl10003|NYGoble Pl10003+NYJerome Ave+10003'
-73.9154,40.6690,1,3,'NYPitkin Ave10003+NYHerzl St+10003'
-73.9154,40.6778,0,5,'NYHerkimer St10003+NYRoosevelt Pl+10003|NYRoosevelt Pl10003'
-73.9154,40.8542,0,22,'NYHennessy Pl10003|NYHennessy Pl10003+NYW Burnside Ave+10003'
-73.9154,40.7501,6,39,'NY48th St10003+NY38th Ave+10003'
-73.9154,40.6879,2,74,'NYHancock St10003+NYBushwick Ave+10003'
-73.9154,40.7723,338,399,'NY24th Ave10003+NY31st St+10003'
-73.9154,40.8085,0,20,'NYE 141st St10003+NYCrimmins Ave+10003|NYCrimmins Ave10003'
-73.9154,40.8354,0,7,'NYE 168th St10003+NYSheridan Ave+10003'
-73.9154,40.7407,2,129,'NY47th Ave10003+NY50th St+10003|NY50th St10003'
-73.9154,40.8899,1,126,'NYW 239th St10003|NYW 239th St10003+NYHudson Manor Ter+10003|NYHudson Manor Ter10003'
-73.9154,40.8455,1,6,'NYInwood Ave10003'
-73.9153,40.8143,2,50,'NYE 148th St10003+NYBrook Ave+10003'
-73.9153,40.8802,0,22,'NYArlington Ave10003+NYW 227th St+10003'
-73.9153,40.6192,0,1,'NYMill Ln10003|NYMill Ln10003+NYE 64th St+10003'
-73.9153,40.8370,1,17,'NYGrand Concourse10003+NYClarke Pl E+10003|NYClarke Pl E10003'
-73.9153,40.6396,0,8,'NYFarragut Rd10003+NYE 82nd St+10003'
-73.9153,40.8265,0,11,'NYTeller Ave10003+NYE 163rd St+10003'
-73.9153,40.7828,2,91,'NY20th St10003|NY20th St10003+NY21st Ave+10003'
-73.9153,40.6648,0,3,'NYStrauss St10003+NYBlake Ave+10003'
-73.9153,40.6542,0,6,'NYE 95th St10003+NYLinden Blvd+10003'
-73.9153,40.7662,32,514,'NY37th St10003+NY28th Ave+10003'
-73.9153,40.8420,1,25,'NYE 172nd St10003+NYTownsend Ave+10003'
-73.9153,40.6856,6,34,'NYBroadway10003+NYHalsey St+10003|NYHalsey St10003'
-73.9153,40.8278,0,3,'NYE 164th St10003+NYFindlay Ave+10003|NYFindlay Ave10003'
-73.9153,40.7861,0,22,'NYShore Blvd10003|NYShore Blvd10003+NY20th Ave+10003'
-73.9153,40.8468,0,10,'NYW 174th St10003|NYW 174th St10003+NYGrand Ave+10003'
-73.9153,40.7541,12,180,'NY47th St10003+NY34th Ave+10003'
-73.9153,40.7105,0,4,'NYSuydam St10003|NYSuydam St10003+NYWoodward Ave+10003'
-73.9153,40.8178,2,5,'NY3rd Ave10003+NYE 152nd St+10003|NYE 152nd St10003'
-73.9153,40.6061,1,20,'NYE 63rd St10003|NYE 63rd St10003+NYNational Dr+10003'
-73.9152,40.7760,17,322,'NY27th St10003+NY23rd Ave+10003'
-73.9152,40.7462,26,372,'NYSkillman Ave10003+NYHeiser St+10003'
-73.9152,40.6530,0,7,'NYE 94th St10003+NYAve A+10003'
-73.9152,40.7512,0,7,'NY48th St10003+NY37th Ave+10003|NYGossman Ave10003+NY37th Ave+10003|NY37th Ave10003'
-73.9152,40.6230,0,4,'NYAve M10003+NYE 68th St+10003|NYE 68th St10003'
-73.9152,40.6202,0,1,'NYE 65th St10003+NYAvenue N+10003'
-73.9152,40.8696,0,26,'NY10 Ave10003+NYW 215th St+10003|NY10 Ave10003+NYW 215 St+10003|NYW 215th St10003+NY10th Ave+10003|NYW 215 St10003+NY10th Ave+10003'
-73.9152,40.8217,1,39,'NYMelrose Ave10003+NYE 157th St+10003'
-73.9152,40.8104,1,6,'NYSaint Marys St10003|NYSaint Marys St10003+NYE 143rd St+10003|NYSaint Marys St10003+NYSaint Anns Ave+10003|NYE 143rd St10003|NYE 143rd St10003+NYSaint Anns Ave+10003'
-73.9152,40.8406,1,25,'NYE 171st St10003+NYWalton Ave+10003'
-73.9152,40.7186,0,2,'NY54th St10003|NY54th St10003+NYGrand Ave+10003'
-73.9152,40.8835,0,44,'NYHenry Hudson Pkwy E10003+NYW 231st St+10003|NYW 231st St10003'
-73.9152,40.7623,70,333,'NYNewtown Rd10003+NY41st St+10003'
-73.9151,40.7514,5,16,'NYGossman Ave10003'
-73.9151,40.5619,0,2,'NYBayside Dr10003|NYBayside Dr10003+NY12th Ave+10003|NYBayside Dr10003+NYBeach 207 St+10003|NY12th Ave10003|NY12th Ave10003+NYBeach 207 St+10003|NYBeach 207 St10003'
-73.9151,40.8937,0,6,'NYDouglas Ave10003+NYW 246th St+10003'
-73.9151,40.7793,12,226,'NY24th St10003+NYDitmars Blvd+10003'
-73.9151,40.7037,4,24,'NYHarman St10003+NYSt Nicholas Ave+10003'
-73.9151,40.7244,0,1,'NYLaurel Hill Blvd10003|NYLaurel Hill Blvd10003+NYRust St+10003|NYLaurel Hill Blvd10003+NY56th Dr+10003|NYRust St10003|NYRust St10003+NY56th Rd+10003|NYRust St10003+NY56th Dr+10003|NY56th Rd10003|NY56th Rd10003+NY56th Dr+10003|NY56th Dr10003'
-73.9151,40.8704,11,36,'NYBroadway10002+NYW 216 St+10002|NYBroadway10002+NYW 216th St+10002|NYUS Rte 910002+NYW 216 St+10002|NYUS Rte 910002+NYW 216th St+10002|NYW 216 St10003|NYW 216th St10003'
-73.9151,40.7072,0,18,'NYSeneca Ave10003+NYStockholm St+10003'
-73.9151,40.6600,2,10,'NYRiverdale Ave10003+NYSaratoga Ave+10003'
-73.9151,40.8459,0,7,'NYInwood Ave10003'
-73.9151,40.8716,4,95,'NYW 218th St10003+NYPark Ter E+10003|NYPark Ter E10003'
-73.9150,40.8032,2,15,'NYBruckner Blvd10003|NYBruckner Blvd10003+NYBruckner Blvd+10003|NYBruckner Blvd10003+NYBruckner Expy+10003|NYBruckner Blvd10003+NYE 135th St+10003|NYBruckner Blvd10003+NYI 278+10003|NYBruckner Expy10001+NYE 135th St+10001|NYBruckner Expy10001+NYBruckner Blvd+10001|NYE 135th St10003+NYI 278+10003|NYE 135th St10003+NYBruckner Blvd+10003|NYI 27810001+NYBruckner Blvd+10001'
-73.9150,40.6715,6,31,'NYPark Pl10003+NYEastern Pkwy+10003'
-73.9150,40.8353,0,14,'NYE 168th St10003|NYE 168th St10003+NYSherman Ave+10003|NYSherman Ave10003'
-73.9150,40.8393,1,8,'NYWythe Pl10003|NYWythe Pl10003+NYE 170th St+10003'
-73.9150,40.8091,0,11,'NYCrimmins Ave10003+NYOak Ter+10003|NYOak Ter10003'
-73.9150,40.6259,0,4,'NYE 70th St10003|NYE 70th St10003+NYAve L+10003'
-73.9150,40.8317,1,13,'NYMorris Ave10003+NYMc Clellan St+10003|NYMc Clellan St10003'
-73.9150,40.7571,33,528,'NY45th St10003+NYBroadway+10003'
-73.9150,40.8049,0,19,'NYCypress Ave10003+NYE 137th St+10003'
-73.9150,40.7639,381,429,'NYSteinway St10003+NY30th Ave+10003'
-73.9150,40.7742,6,201,'NY29th St10003+NY23rd Rd+10003|NY23rd Rd10003'
-73.9150,40.8149,1,106,'NYE 149th St10003+NYBrook Ave+10003'
-73.9150,40.8181,0,9,'NYElton Ave10003|NYElton Ave10003+NY3rd Ave+10003'
-73.9149,40.8821,0,61,'NYFairfield Ave10003+NYW 230th St+10003'
-73.9149,40.6370,0,3,'NYGlenwood Rd10003+NYE 80th St+10003'
-73.9149,40.7612,6,149,'NY42nd St10003+NYNewtown Rd+10003'
-73.9149,40.8488,0,11,'NYHarrison Ave10003|NYHarrison Ave10003+NYW 176th St+10003'
-73.9149,40.8557,0,2,'NYHennessy Pl10003|NYHennessy Pl10003+NYW 179th St+10003'
-73.9149,40.6176,0,3,'NYE 63rd St10003+NYAve T+10003'
-73.9149,40.7085,0,30,'NYOnderdonk Ave10003+NYDekalb Ave+10003'
-73.9149,40.6851,1,2,'NYMacon St10003'
-73.9149,40.6992,4,58,'NYMyrtle Ave10003+NYGrove St+10003'
-73.9149,40.6232,0,1,'NYGeorgetown Ln10003|NYGeorgetown Ln10003+NYAve M+10003'
-73.9149,40.8473,2,5,'NYW 174th St10003|NYW 174th St10003+NYGrand Ave+10003'
-73.9149,40.8846,1,44,'NYHenry Hudson Pkwy W10003+NYW 232nd St+10003'
-73.9149,40.8185,1,47,'NYElton Ave10003+NYE 153rd St+10003|NYE 153rd St10003'
-73.9149,40.7695,42,247,'NYAstoria Blvd10003+NY35th St+10003|NY35th St10003+NYAstoria Blvd S+10003'
-73.9149,40.6705,0,3,'NYAmboy St10003|NYAmboy St10003+NYE New York Ave+10003|NYAmboy St10003+NYSterling Pl+10003|NYE New York Ave10003+NYSterling Pl+10003|NYSterling Pl10003'
-73.9149,40.8510,1,8,'NYDr Martin Luther King Jr Blvd10003+NYMorton Pl+10003|NYUniversity Ave10003+NYMorton Pl+10003|NYMorton Pl10003'
-73.9149,40.6101,0,1,'NYHarbor Dr10003|NYHarbor Dr10003+NYHarbor Dr+10003|NYHarbor Dr10003+NYBayfront Ct+10003|NYBayfront Ct10003'
-73.9149,40.7244,0,1,'NY56th St10003|NY56th St10003+NY56th Dr+10003'
-73.9149,40.6968,2,8,'NYGates Ave10003+NYKnickerbocker Ave+10003'
-73.9149,40.8171,0,1,'NYE 152nd St10003+NYBergen Ave+10003'
-73.9149,40.8303,2,51,'NYCollege Ave10003+NYE 166th St+10003'
-73.9149,40.7016,10,48,'NYBleecker St10003+NYWyckoff Ave+10003'
-73.9148,40.8110,1,17,'NYE 144th St10003|NYE 144th St10003+NYSaint Anns Ave+10003'
-73.9148,40.7435,122,133,'NY50th St10003+NYRoosevelt Ave+10003'
-73.9148,40.6505,0,6,'NYE 92nd St10003+NYAve B+10003'
-73.9148,40.8458,0,4,'NYDavidson Ave10003'
-73.9148,40.8360,1,18,'NYSheridan Ave10003+NYE 169th St+10003'
-73.9148,40.6993,0,14,'NYIrving Ave10003+NYGrove St+10003'
-73.9148,40.8845,3,134,'NYState Hwy 9a Alt10002+NYW 232nd St+10002|NYW 232nd St10003+NYHenry Hudson Pkwy+10003'
-73.9148,40.6945,1,25,'NYWilson Ave10003+NYWoodbine St+10003'
-73.9148,40.7052,0,49,'NYHimrod St10003|NYHimrod St10003+NYHimrod St+10003|NYHimrod St10003+NYCypress Ave+10003'
-73.9148,40.7719,11,162,'NY24th Ave10003+NY32nd St+10003'
-73.9148,40.6665,0,6,'NYHerzl St10003+NYSutter Ave+10003'
-73.9148,40.7638,257,290,'NYNewtown Rd10003|NYNewtown Rd10003+NY30th Ave+10003'
-73.9148,40.8375,1,25,'NYMarcy Pl10003+NYGrand Concourse+10003'
-73.9148,40.6345,3,4,'NYE 78th St10003+NYFlatlands Ave+10003'
-73.9148,40.8276,4,7,'NYE 164th St10003|NYE 164th St10003+NYTeller Ave+10003'
-73.9148,40.6843,0,10,'NYThomas S Boyland St10003+NYMacdonough St+10003'
-73.9148,40.6922,1,43,'NYPutnam Ave10003+NYCentral Ave+10003'
-73.9148,40.8252,0,6,'NYCourtlandt Ave10003+NYE 162nd St+10003'
-73.9147,40.8443,5,50,'NYMount Eden Ave10003+NYJerome Ave+10003'
-73.9147,40.6481,0,1,'NYRemsen Ave10003+NYDitmas Ave+10003'
-73.9147,40.6432,0,2,'NYFoster Ave10003+NYE 86th St+10003|NYE 86th St10003'
-73.9147,40.8287,0,9,'NYE 165th St10003+NYFindlay Ave+10003'
-73.9147,40.8955,0,2,'NYW 247th St10003+NYDouglas Ave+10003|NYDouglas Ave10003'
-73.9147,40.7488,11,132,'NY39th Ave10003|NY39th Ave10003+NYHeiser St+10003|NY39th Ave10003+NY49th St+10003'
-73.9147,40.6853,2,6,'NYBroadway10003+NYThomas S Boyland St+10003|NYBroadway10003+NYHopkinson Ave+10003|NYThomas S Boyland St10003|NYHopkinson Ave10003'
-73.9147,40.6898,0,26,'NYJefferson Ave10003+NYEvergreen Ave+10003'
-73.9147,40.8702,2,30,'NY10 Ave10003+NYW 216 St+10003|NY10 Ave10003+NYW 216th St+10003|NYW 216 St10003+NY10th Ave+10003|NY10th Ave10003+NYW 216th St+10003'
-73.9147,40.6585,3,3,'NYNewport St10003+NYSaratoga Ave+10003'
-73.9147,40.7537,42,43,'NY48th St10003|NY48th St10003+NYState Hwy 25+10003|NY48th St10003+NYState Hwy 25 Alt+10003|NYState Hwy 2510002|NYState Hwy 2510002+NYState Hwy 25 Alt+10002|NYState Hwy 2510002+NYNorthern Blvd+10002|NYState Hwy 25 Alt10002'
-73.9147,40.7602,44,466,'NY43rd St10003+NYNewtown Rd+10003|NY43rd St10003+NY31st Ave+10003|NYNewtown Rd10003+NY31st Ave+10003'
-73.9147,40.6992,5,31,'NYMyrtle Ave10003+NYIrving Ave+10003'
-73.9147,40.7134,4,24,'NYStarr St10003|NYStarr St10003+NYMetropolitan Ave+10003'
-73.9147,40.7490,3,30,'NYHeiser St10003|NYHeiser St10003+NY39th Ave+10003|NY49th St10003|NY49th St10003+NY39th Ave+10003'
-73.9147,40.6562,0,16,'NYChurch Ave10003+NYRockaway Pkwy+10003'
-73.9146,40.7265,1,2,'NY55th Dr10003|NY55th Dr10003+NY56th St+10003|NY56th St10003'
-73.9146,40.6875,4,60,'NYWeirfield St10003+NYBushwick Ave+10003'
-73.9146,40.6056,0,7,'NYNational Dr10003+NYE 64th St+10003|NYE 64th St10003'
-73.9146,40.6766,0,6,'NYRadde Pl10003'
-73.9146,40.8098,0,3,'NYCrimmins Ave10003+NYBeech Ter+10003|NYBeech Ter10003'
-73.9146,40.7807,6,136,'NY23rd St10003+NY21st Rd+10003|NY21st Rd10003'
-73.9146,40.6836,0,13,'NYDecatur St10003+NYThomas S Boyland St+10003|NYDecatur St10003+NYHopkinson Ave+10003'
-73.9146,40.8263,0,2,'NYPark Ave10003+NYE 163rd St+10003|NYE 163rd St10003'
-73.9146,40.6401,0,5,'NYFarragut Rd10003+NYE 83rd St+10003'
-73.9146,40.8031,0,20,'NYE 135th St10003+NYBruckner Blvd+10003'
-73.9146,40.7823,19,181,'NY21st St10003+NY21st Ave+10003'
-73.9146,40.7239,0,1,'NY56th Ter10003|NY56th Ter10003+NYRust St+10003'
-73.9146,40.7696,9,34,'NY35th St10003|NY35th St10003+NY35th St+10003|NY35th St10003+NYGrnd Cntrl Parkway Entrance Eb+10003|NYGrnd Cntrl Parkway Entrance Eb10003+NY35th St+10003'
-73.9146,40.9029,0,1,'NYRiverdale Yacht Club10003'
-73.9146,40.8191,1,9,'NYElton Ave10003+NYE 154th St+10003'
-73.9145,40.7755,14,282,'NY23rd Ave10003+NY28th St+10003'
-73.9145,40.6852,5,13,'NYEldert St10003|NYEldert St10003+NYBroadway+10003'
-73.9145,40.7855,0,7,'NY20th Ave10003+NY18th St+10003|NY18th St10003'
-73.9145,40.6777,2,16,'NYHerkimer St10003+NYRadde Pl+10003|NYRadde Pl10003'
-73.9145,40.7101,0,3,'NYHart St10003|NYHart St10003+NYWoodward Ave+10003'
-73.9145,40.6535,0,1,'NYE 95th St10003+NYAve A+10003'
-73.9145,40.6691,0,3,'NYPitkin Ave10003+NYAmboy St+10003'
-73.9145,40.8229,1,27,'NYMelrose Ave10003+NYE 159th St+10003'
-73.9145,40.7698,6,12,'NYTriboro Plz10001+NY35th St+10001|NY35th St10003+NYI 278+10003'
-73.9145,40.7659,37,421,'NY38th St10003+NY28th Ave+10003'
-73.9145,40.6264,0,5,'NYE 72nd St10003+NYAve L+10003'
-73.9145,40.8056,5,71,'NYCypress Ave10003+NYE 138th St+10003'
-73.9145,40.8796,10,325,'NYNetherland Ave10003+NYW 227th St+10003'
-73.9145,40.8117,1,14,'NYE 145th St10003|NYE 145th St10003+NYSaint Anns Ave+10003'
-73.9145,40.8185,2,16,'NYE 153rd St10003|NYE 153rd St10003+NY3rd Ave+10003'
-73.9145,40.8416,1,25,'NYE 172nd St10003+NYWalton Ave+10003'
-73.9145,40.7537,72,38,'NYState Hwy 25 Alt10002+NY34th Ave+10002|NYNorthern Blvd10002+NY34th Ave+10002|NY34th Ave10003|NY34th Ave10003+NY48th St+10003|NY48th St10003'
-73.9145,40.6829,0,30,'NYBainbridge St10003+NYThomas S Boyland St+10003'
-73.9144,40.7788,56,317,'NYCrescent St10003+NYDitmars Blvd+10003|NY25th St10003+NYDitmars Blvd+10003'
-73.9144,40.6433,0,6,'NYE 86th St10003|NYE 86th St10003+NYFoster Ave+10003'
-73.9144,40.7406,6,7,'NY51st St10003|NY51st St10003+NY47th Ave+10003|NY47th Ave10003'
-73.9144,40.7699,4,15,'NY35th St10003|NY35th St10003+NYGrnd Cntrl Parkway Exit Wb+10003|NY35th St10003+NY35th St+10003|NYGrnd Cntrl Parkway Exit Wb10003+NY35th St+10003'
-73.9144,40.8480,1,5,'NYGrand Ave10003+NYW 175th St+10003|NYW 175th St10003'
-73.9144,40.6574,0,5,'NYSaratoga Ave10003|NYSaratoga Ave10003+NYE 98th St+10003'
-73.9144,40.7701,0,25,'NYAstoria Blvd N10003+NY35th St+10003|NYAstoria Blvd10003+NY35th St+10003'
-73.9144,40.6649,0,3,'NYBlake Ave10003+NYHerzl St+10003'
-73.9144,40.8465,4,12,'NYW 174th St10003|NYW 174th St10003+NYDavidson Ave+10003'
-73.9144,40.7032,1,31,'NYGreene Ave10003+NYSt Nicholas Ave+10003'
-73.9144,40.6207,0,2,'NYE 66th St10003+NYAvenue N+10003'
-73.9144,40.7068,1,34,'NYSeneca Ave10003+NYStanhope St+10003'
-73.9144,40.8403,0,14,'NYWythe Pl10003+NYE 171st St+10003'
-73.9143,40.8625,0,3,'NYW 207th St10003|NYW 207th St10003+NYW Fordham Rd+10003|NYW Fordham Rd10003'
-73.9143,40.8103,0,1,'NYSaint Marys St10003+NYCrimmins Ave+10003|NYCrimmins Ave10003'
-73.9143,40.8080,1,30,'NYE 141st St10003+NYBeekman Ave+10003|NYBeekman Ave10003'
-73.9143,40.6821,4,68,'NYChauncey St10003+NYThomas S Boyland St+10003|NYChauncey St10003+NYHopkinson Ave+10003'
-73.9143,40.7715,4,106,'NY24th Ave10003+NY33rd St+10003'
-73.9143,40.6086,0,18,'NYStrickland Ave10003|NYStrickland Ave10003+NYStrickland Ave+10003'
-73.9143,40.8832,0,52,'NYFairfield Ave10003+NYW 231st St+10003'
-73.9143,40.7594,6,195,'NYNewtown Rd10003+NY44th St+10003'
-73.9143,40.7188,0,1,'NYGrand Ave10003+NY55th St+10003|NY55th St10003'
-73.9143,40.8197,0,8,'NYElton Ave10003+NYE 155th St+10003'
-73.9142,40.8381,0,19,'NYElliot Pl10003|NYElliot Pl10003+NYGrand Concourse+10003'
-73.9142,40.7144,6,17,'NYFlushing Ave10003+NY53rd St+10003|NY53rd St10003'
-73.9142,40.6180,0,4,'NYE 64th St10003+NYAve T+10003'
-73.9142,40.7567,66,300,'NY46th St10003+NYBroadway+10003'
-73.9142,40.8163,0,1,'NYWestchester Ave10003+NYBrook Ave+10003'
-73.9142,40.8451,1,7,'NYUS Hwy 110002+NYJerome Ave+10002|NYCross Bronx Expy10002+NYJerome Ave+10002'
-73.9142,40.6237,0,1,'NYE 69th St10003+NYAve M+10003'
-73.9142,40.7635,44,363,'NY41st St10003+NY30th Ave+10003'
-73.9142,40.8003,0,1,'NYE 132nd St10003+NYWillow Ave+10003|NYWillow Ave10003'
-73.9142,40.7081,2,34,'NYOnderdonk Ave10003+NYStockholm St+10003'
-73.9142,40.6375,0,3,'NYE 81st St10003+NYGlenwood Rd+10003'
-73.9142,40.6715,0,1,'NYHopkinson Ave10003+NYPark Pl+10003|NYPark Pl10003+NYThomas S Boyland St+10003'
-73.9142,40.8236,2,9,'NYMelrose Ave10003+NYE 160th St+10003'
-73.9142,40.8500,1,16,'NYHarrison Ave10003+NYW Tremont Ave+10003'
-73.9142,40.8712,22,35,'NYBroadway10002+NYW 218th St+10002|NYBroadway10002+NYW 218 St+10002|NYUS Rte 910002+NYW 218th St+10002|NYUS Rte 910002+NYW 218 St+10002|NYW 218th St10003|NYW 218th St10003+NYW 218th St+10003|NYW 218th St10003+NYW 218 St+10003|NYW 218 St10003'
-73.9141,40.6719,1,3,'NYHopkinson Ave10003+NYEastern Pkwy+10003'
-73.9141,40.6509,0,8,'NYE 93rd St10003+NYAve B+10003'
-73.9141,40.8555,0,10,'NYW 179th St10003+NYLoring Pl S+10003'
-73.9141,40.6964,2,31,'NYKnickerbocker Ave10003+NYPalmetto St+10003'
-73.9141,40.8063,0,31,'NYE 139th St10003+NYCypress Ave+10003'
-73.9141,40.8123,1,7,'NYE 146th St10003|NYE 146th St10003+NYSaint Anns Ave+10003'
-73.9141,40.7047,0,45,'NYHarman St10003|NYHarman St10003+NYHarman St+10003|NYHarman St10003+NYCypress Ave+10003'
-73.9141,40.7012,3,58,'NYMenahan St10003+NYWyckoff Ave+10003'
-73.9141,40.6723,1,5,'NYHopkinson Ave10003|NYHopkinson Ave10003+NYProspect Pl+10003|NYHopkinson Ave10003+NYThomas S Boland St+10003|NYHopkinson Ave10003+NYHopkinson Ave+10003|NYProspect Pl10003+NYThomas S Boyland St+10003|NYProspect Pl10003+NYThomas S Boland St+10003|NYProspect Pl10003+NYHopkinson Ave+10003|NYThomas S Boyland St10003+NYThomas S Boland St+10003|NYThomas S Boland St10003|NYThomas S Boland St10003+NYHopkinson Ave+10003'
-73.9141,40.8469,0,11,'NYDavidson Ave10003+NYClifford Pl+10003|NYDavidson Ave10003+NYStep St+10003|NYClifford Pl10003|NYClifford Pl10003+NYStep St+10003|NYStep St10003'
-73.9141,40.6988,1,50,'NYLinden St10003+NYIrving Ave+10003'
-73.9141,40.6941,1,30,'NYWilson Ave10003+NYMadison St+10003'
-73.9140,40.6350,0,7,'NYE 79th St10003+NYFlatlands Ave+10003'
-73.9140,40.6050,1,9,'NYNational Dr10003+NYE 65th St+10003|NYE 65th St10003'
-73.9140,40.6709,0,1,'NYHopkinson Ave10003+NYE New York Ave+10003'
-73.9140,40.7427,19,23,'NYState Hwy 2510002+NY51st St+10002|NYQueens Blvd10002+NY51st St+10002'
-73.9140,40.8190,2,11,'NYE 154th St10003|NYE 154th St10003+NY3rd Ave+10003'
-73.9140,40.6570,0,1,'NYLott Ave10003|NYLott Ave10003+NYE 98th St+10003'
-73.9140,40.7425,9,32,'NY51st St10003|NY51st St10003+NY51st St+10003|NY51st St10003+NYState Hwy 25+10003|NY51st St10003+NYQueens Blvd+10003|NYState Hwy 2510002+NY51st St+10002|NYQueens Blvd10002+NY51st St+10002'
-73.9140,40.8422,0,28,'NYRockwood St10003|NYRockwood St10003+NYWalton Ave+10003'
-73.9140,40.8166,1,2,'NYE 152nd St10003|NYE 152nd St10003+NYBrook Ave+10003'
-73.9140,40.6270,0,3,'NYE 73rd St10003+NYAve L+10003'
-73.9140,40.8712,2,25,'NY10 Ave10003+NYW 218th St+10003|NY10 Ave10003+NYW 218 St+10003|NYW 218th St10003+NY10th Ave+10003|NY10th Ave10003+NYW 218 St+10003'
-73.9140,40.6732,0,19,'NYThomas S Boyland St10003+NYThomas S Boland St+10003|NYThomas S Boyland St10003+NYThomas Boyland Blvd+10003|NYSt Marks Ave10003+NYThomas S Boland St+10003|NYSt Marks Ave10003+NYHopkinson Ave+10003|NYSt Marks Ave10003+NYThomas Boyland Blvd+10003|NYThomas S Boland St10003|NYThomas S Boland St10003+NYHopkinson Ave+10003|NYThomas S Boland St10003+NYThomas Boyland Blvd+10003|NYHopkinson Ave10003+NYThomas Boyland Blvd+10003|NYThomas Boyland Blvd10003'
-73.9140,40.6917,1,58,'NYCornelia St10003+NYCentral Ave+10003'
-73.9140,40.6634,0,5,'NYHerzl St10003|NYHerzl St10003+NYDumont Ave+10003'
-73.9140,40.8864,1,118,'NYW 235th St10003+NYIndependence Ave+10003'
-73.9140,40.8454,1,8,'NYE 174th St10003|NYE 174th St10003+NYFeatherbed Ln+10003|NYE 174th St10003+NYJerome Ave+10003|NYFeatherbed Ln10003|NYFeatherbed Ln10003+NYJerome Ave+10003'
-73.9140,40.7734,71,125,'NY31st St10003+NY23rd Rd+10003'
-73.9140,40.8486,0,17,'NYGrand Ave10003+NYW 176th St+10003'
-73.9140,40.8204,1,10,'NYElton Ave10003+NYE 156th St+10003|NYElton Ave10003+NYThurman Munson Way+10003'
-73.9140,40.6486,0,1,'NYE 91st St10003+NYDitmas Ave+10003'
-73.9139,40.5852,3,4,'NYShore Pkwy10002'
-73.9139,40.6894,0,25,'NYHancock St10003+NYEvergreen Ave+10003'
-73.9139,40.8563,0,2,'NYW 180th St10003+NYLoring Pl S+10003|NYLoring Pl S10003'
-73.9139,40.8792,0,1,'NYEdgehill Ave10003|NYEdgehill Ave10003+NYW 227th St+10003'
-73.9139,40.8795,0,5,'NYEdgehill Ave10003|NYEdgehill Ave10003+NYEdgehill Ave+10003'
-73.9139,40.6741,1,14,'NYHopkinson Ave10003|NYHopkinson Ave10003+NYThomas S Boyland St+10003|NYHopkinson Ave10003+NYBergen St+10003|NYHopkinson Ave10003+NYHopkinson Ave+10003|NYHopkinson Ave10003+NYThomas Boyland Blvd+10003|NYThomas S Boyland St10003+NYThomas Boyland Blvd+10003|NYBergen St10003+NYHopkinson Ave+10003|NYBergen St10003+NYThomas Boyland Blvd+10003|NYThomas Boyland Blvd10003'
-73.9139,40.6089,0,5,'NY56th Dr10003+NYStrickland Ave+10003|NYStrickland Ave10003'
-73.9139,40.6406,0,6,'NYFarragut Rd10003+NYE 84th St+10003'
-73.9139,40.7598,18,249,'NY44th St10003+NY31st Ave+10003'
-73.9139,40.6871,7,74,'NYBushwick Ave10003+NYHalsey St+10003'
-73.9139,40.7693,15,323,'NYAstoria Blvd10003+NY36th St+10003|NY36th St10003|NY36th St10003+NYAstoria Blvd S+10003'
-73.9139,40.8087,0,10,'NYOak Ter10003|NYOak Ter10003+NYBeekman Ave+10003'
-73.9139,40.6154,1,3,'NYMill Ave10003+NYAve U+10003'
-73.9139,40.6666,0,3,'NYAmboy St10003+NYSutter Ave+10003'
-73.9139,40.7751,24,280,'NY29th St10003+NY23rd Ave+10003'
-73.9138,40.8538,0,45,'NYAndrews Ave S10003+NYW Burnside Ave+10003'
-73.9138,40.6749,0,10,'NYThomas S Boyland Blvd10003|NYThomas S Boyland Blvd10003+NYDean St+10003|NYThomas S Boyland Blvd10003+NYHopkinson Ave+10003|NYThomas S Boyland Blvd10003+NYThomas S Boyland St+10003|NYDean St10003+NYHopkinson Ave+10003|NYHopkinson Ave10003|NYHopkinson Ave10003+NYHopkinson Ave+10003|NYHopkinson Ave10003+NYThomas S Boyland St+10003'
-73.9138,40.8337,0,49,'NYE 168th St10003|NYE 168th St10003+NYMorris Ave+10003'
-73.9138,40.8242,4,37,'NYE 161st St10003+NYMelrose Ave+10003'
-73.9138,40.7438,63,395,'NYRoosevelt Ave10003+NY51st St+10003'
-73.9138,40.8506,2,8,'NYHarrison Ave10003+NYMorton Pl+10003|NYMorton Pl10003'
-73.9138,40.7850,0,5,'NY19th St10003|NY19th St10003+NY20th Ave+10003'
-73.9138,40.6848,2,41,'NYBroadway10003+NYJoy Way+10003|NYBroadway10003+NYCovert St+10003|NYJoy Way10003|NYCovert St10003'
-73.9138,40.8356,0,30,'NYE 169th St10003+NYGrant Ave+10003'
-73.9138,40.7487,4,89,'NY39th Ave10003+NY50th St+10003'
-73.9138,40.5579,0,1,'NYArcadia Walk10003'
-73.9138,40.7586,8,183,'NY45th St10003+NYNewtown Rd+10003'
-73.9138,40.6568,1,1,'NYChurch Ave10003|NYChurch Ave10003+NYE 98th St+10003'
-73.9138,40.6757,0,8,'NYThomas S Boyland Blvd10003|NYThomas S Boyland Blvd10003+NYHopkinson Ave+10003|NYThomas S Boyland Blvd10003+NYThomas S Boyland St+10003|NYThomas S Boyland Blvd10003+NYPacific St+10003|NYHopkinson Ave10003|NYHopkinson Ave10003+NYThomas S Boyland St+10003|NYHopkinson Ave10003+NYHopkinson Ave+10003|NYHopkinson Ave10003+NYPacific St+10003|NYThomas S Boyland St10003+NYPacific St+10003|NYPacific St10003'
-73.9138,40.7097,0,19,'NYWoodward Ave10003+NYDekalb Ave+10003|NYDekalb Ave10003'
-73.9138,40.8816,0,11,'NYW 230th St10003+NYArlington Ave+10003'
-73.9138,40.6438,0,2,'NYFoster Ave10003+NYE 87th St+10003'
-73.9138,40.7783,15,127,'NY26th St10003|NY26th St10003+NYDitmars Blvd+10003'
-73.9138,40.8387,7,34,'NYGrand Concourse10003+NYE 170th St+10003'
-73.9138,40.7426,7,6,'NYState Hwy 2510002+NY51st St+10002|NY51st St10003|NY51st St10003+NYQueens Blvd+10003'
-73.9137,40.6542,0,1,'NYE 96th St10003+NYLinden Blvd+10003'
-73.9137,40.8843,1,92,'NYFairfield Ave10003+NYW 232nd St+10003'
-73.9137,40.6586,0,16,'NYStrauss St10003+NYNewport St+10003'
-73.9137,40.8371,1,12,'NYMarcy Pl10003|NYMarcy Pl10003+NYSheridan Ave+10003'
-73.9137,40.8130,0,8,'NYE 147th St10003|NYE 147th St10003+NYSaint Anns Ave+10003'
-73.9137,40.8010,0,30,'NYE 133rd St10003+NYWillow Ave+10003'
-73.9137,40.7655,545,1066,'NYSteinway St10003+NY28th Ave+10003'
-73.9137,40.9038,0,11,'NYRailroad Ter10003|NYRailroad Ter10003+NYW 254th St+10003'
-73.9137,40.6765,0,8,'NYThomas S Boyland St10003+NYAtlantic Ave+10003'
-73.9137,40.6099,0,3,'NYStrickland Ave10003+NYBell Point Dr+10003|NYBell Point Dr10003'
-73.9137,40.6198,0,1,'NYE 66th St10003|NYE 66th St10003+NYVeterans Ave+10003'
-73.9137,40.8035,1,9,'NYBruckner Blvd10003|NYBruckner Blvd10003+NYBruckner Blvd+10003|NYBruckner Blvd10003+NYE 136th St+10003|NYE 136th St10003|NYE 136th St10003+NYBruckner Blvd+10003'
-73.9137,40.8715,1,2,'NY10 Ave10003|NY10 Ave10003+NYBroadway+10003|NY10 Ave10003+NYUS Rte 9+10003|NYBroadway10002+NY10th Ave+10002|NYUS Rte 910002+NY10th Ave+10002|NY10th Ave10003'
-73.9137,40.6212,0,2,'NYBergen Beach Pl10003|NYBergen Beach Pl10003+NYAvenue N+10003'
-73.9137,40.6541,0,1,'NYE 96th St10003+NYA Ave+10003|NYE 96th St10003+NYAve A+10003|NYA Ave10003|NYA Ave10003+NYAve A+10003|NYAve A10003|NYAve A10003+NYAve A+10003'
-73.9137,40.8803,0,7,'NYEdgehill Ave10003|NYEdgehill Ave10003+NYNetherland Ave+10003'
-73.9136,40.8413,0,4,'NYWythe Pl10003|NYWythe Pl10003+NYE 172nd St+10003'
-73.9136,40.8182,1,4,'NYE 153rd St10003+NYBergen Ave+10003'
-73.9136,40.7028,4,32,'NYSt Nicholas Ave10003+NYBleecker St+10003'
-73.9136,40.8269,0,1,'NYPark Ave10003+NYClay Ave+10003|NYClay Ave10003'
-73.9136,40.7063,0,24,'NYSeneca Ave10003+NYHimrod St+10003'
-73.9136,40.6619,0,15,'NYLivonia Ave10003+NYHerzl St+10003|NYHerzl St10003'
-73.9136,40.7710,6,139,'NY24th Ave10003+NY35th St+10003'
-73.9136,40.7816,7,225,'NY23rd St10003+NY21st Ave+10003'
-73.9136,40.6777,0,4,'NYThomas S Boyland St10003+NYThomas Boyland Blvd+10003|NYThomas S Boyland St10003+NYHopkinson Ave+10003|NYHopkinson Ave10003|NYHopkinson Ave10003+NYThomas Boyland Blvd+10003|NYHopkinson Ave10003+NYHerkimer St+10003|NYHopkinson Ave10003+NYHopkinson Ave+10003|NYThomas Boyland Blvd10003|NYThomas Boyland Blvd10003+NYHerkimer St+10003|NYThomas Boyland Blvd10003+NYHopkinson Ave+10003|NYHerkimer St10003+NYHopkinson Ave+10003'
-73.9136,40.8451,0,5,'NYUS Hwy 110002+NYE 174th St+10002|NYE 174th St10003+NYCross Bronx Expy+10003'
-73.9136,40.8760,0,2,'NYTeunissen Pl10003'
-73.9136,40.8429,2,16,'NYHawkstone St10003|NYHawkstone St10003+NYWalton Ave+10003'
-73.9136,40.6784,2,13,'NYFulton St10003+NYThomas S Boyland St+10003|NYFulton St10003+NYThomas Boyland Blvd+10003|NYFulton St10003+NYHopkinson Ave+10003|NYThomas S Boyland St10003+NYThomas Boyland Blvd+10003|NYThomas S Boyland St10003+NYHopkinson Ave+10003|NYThomas Boyland Blvd10003|NYThomas Boyland Blvd10003+NYHopkinson Ave+10003|NYHopkinson Ave10003|NYHopkinson Ave10003+NYHopkinson Ave+10003'
-73.9136,40.5593,0,1,'NY9th Ave10003|NY9th Ave10003+NYArcadia Walk+10003'
-73.9136,40.6693,0,4,'NYHopkinson Ave10003+NYPitkin Ave+10003'
-73.9136,40.8212,0,17,'NYElton Ave10003+NYE 157th St+10003'
-73.9135,40.5630,0,2,'NYLiberty Ln10003'
-73.9135,40.7535,74,66,'NY49th St10003|NY49th St10003+NYState Hwy 25 Alt+10003|NY49th St10003+NYNorthern Blvd+10003'
-73.9135,40.6276,0,3,'NYAve L10003+NYBergen Ave+10003'
-73.9135,40.6542,0,1,'NYA Ave10003|NYA Ave10003+NYLinden Blvd+10003|NYA Ave10003+NYAve A+10003|NYLinden Blvd10002+NYAve A+10002|NYAve A10003|NYAve A10003+NYAve A+10003'
-73.9135,40.8195,5,20,'NY3rd Ave10003+NYE 155th St+10003|NYE 155th St10003'
-73.9135,40.8093,3,11,'NYBeekman Ave10003+NYBeech Ter+10003|NYBeech Ter10003'
-73.9135,40.6185,0,5,'NYE 65th St10003+NYAve T+10003'
-73.9135,40.6103,0,1,'NYMayfair Dr S10003|NYMayfair Dr S10003+NYStrickland Ave+10003'
-73.9135,40.7223,1,4,'NY57th Pl10003|NY57th Pl10003+NY57th Rd+10003|NY57th Pl10003+NYRust St+10003|NY57th Rd10003|NY57th Rd10003+NYRust St+10003'
-73.9135,40.7149,8,20,'NYFlushing Ave10003+NY54th St+10003|NY54th St10003'
-73.9135,40.7502,4,22,'NY50th St10003'
-73.9135,40.8043,2,6,'NYBruckner Blvd10003+NYE 137th St+10003|NYE 137th St10003'
-73.9135,40.6651,0,7,'NYBlake Ave10003+NYAmboy St+10003'
-73.9135,40.6380,0,9,'NYGlenwood Rd10003+NYE 82nd St+10003'
-73.9134,40.7077,1,30,'NYStanhope St10003+NYOnderdonk Ave+10003'
-73.9134,40.7699,7,15,'NY36th St10003|NY36th St10003+NYAstoria Blvd N+10003|NY36th St10003+NYAstoria Blvd+10003'
-73.9134,40.7563,32,343,'NY47th St10003+NYBroadway+10003'
-73.9134,40.6045,0,4,'NYE 66th St10003'
-73.9134,40.6514,1,8,'NYE 94th St10003+NYAve B+10003'
-73.9134,40.7043,1,24,'NYGreene Ave10003|NYGreene Ave10003+NYGreene Ave+10003|NYGreene Ave10003+NYCypress Ave+10003'
-73.9134,40.7631,37,372,'NY42nd St10003+NY30th Ave+10003'
-73.9134,40.8076,1,33,'NYE 141st St10003+NYCypress Ave+10003'
-73.9134,40.7730,2,73,'NY32nd St10003+NY23rd Rd+10003'
-73.9134,40.7460,58,874,'NYSkillman Ave10003+NY51st St+10003'
-73.9134,40.6960,3,6,'NYWoodbine St10003+NYKnickerbocker Ave+10003'
-73.9134,40.8688,0,23,'NYW 215th St10003+NY9 Ave+10003|NYW 215th St10003+NY9th Ave+10003|NYW 215 St10003+NY9 Ave+10003|NYW 215 St10003+NY9th Ave+10003|NY9 Ave10003|NY9th Ave10003'
-73.9133,40.6571,0,5,'NYStrauss St10003+NYLott Ave+10003'
-73.9133,40.8718,3,5,'NYBroadway10002+NYW 219th St+10002|NYBroadway10002+NYW 219 St+10002|NYW 219th St10003|NYW 219th St10003+NYUS Rte 9+10003|NYW 219th St10003+NYW 219 St+10003|NYUS Rte 910002+NYW 219 St+10002|NYW 219 St10003'
-73.9133,40.8136,0,10,'NYE 148th St10003|NYE 148th St10003+NYSaint Anns Ave+10003'
-73.9133,40.7008,4,67,'NYGrove St10003+NYWyckoff Ave+10003'
-73.9133,40.5618,0,1,'NY12th Ave10003|NY12th Ave10003+NY12th Ave+10003'
-73.9133,40.6984,5,79,'NYIrving Ave10003+NYGates Ave+10003'
-73.9133,40.6845,2,23,'NYBroadway10003+NYMacdonough St+10003|NYMacdonough St10003'
-73.9133,40.6936,1,37,'NYWilson Ave10003+NYPutnam Ave+10003'
-73.9133,40.8871,0,40,'NYW 236th St10003+NYIndependence Ave+10003'
-73.9133,40.7578,10,68,'NY46th St10003+NYNewtown Rd+10003'
-73.9133,40.8097,0,12,'NYSaint Marys St10003+NYBeekman Ave+10003|NYBeekman Ave10003'
-73.9133,40.8788,0,2,'NYJohnson Ave10003+NYW 227th St+10003|NYW 227th St10003'
-73.9133,40.8596,4,19,'NYSedgwick Ave10003+NYHall of Fame Ter+10003|NYHall of Fame Ter10003'
-73.9133,40.6355,1,5,'NYFlatlands Ave10003+NYE 80th St+10003'
-73.9133,40.7151,3,18,'NY54th St10003|NY54th St10003+NYFlushing Ave+10003'
-73.9133,40.6491,1,3,'NYDitmas Ave10003+NYE 92nd St+10003'
-73.9133,40.6913,1,54,'NYJefferson Ave10003+NYCentral Ave+10003'
-73.9132,40.9048,0,48,'NYW 255th St10003|NYW 255th St10003+NYRailroad Ter+10003|NYRailroad Ter10003'
-73.9132,40.8017,0,1,'NYE 134th St10003+NYWillow Ave+10003'
-73.9132,40.5608,0,6,'NYRockaway Point Blvd10003|NYRockaway Point Blvd10003+NYArcadia Walk+10003|NYRockaway Point Blvd10003+NYBeach 204th St+10003|NYRockaway Point Blvd10003+NYRockaway Breezy Blvd+10003|NYRockaway Breezy Blvd10003|NYRockaway Breezy Blvd10003+NYArcadia Walk+10003|NYRockaway Breezy Blvd10003+NYBeach 204th St+10003|NYRockaway Breezy Blvd10003+NYRockaway Breezy Blvd+10003|NYArcadia Walk10003|NYArcadia Walk10003+NYBeach 204th St+10003|NYArcadia Walk10003+NYRockaway Breezy Blvd+10003|NYBeach 204th St10003|NYBeach 204th St10003+NYRockaway Breezy Blvd+10003'
-73.9132,40.8218,6,13,'NYElton Ave10003+NYE 158th St+10003'
-73.9132,40.6603,0,12,'NYRiverdale Ave10003+NYHerzl St+10003'
-73.9132,40.6243,0,6,'NYE 70th St10003+NYAve M+10003'
-73.9132,40.6319,0,5,'NYPaerdegat Ave N10003+NYE 77th St+10003|NYPaerdegat Ave N10003+NYPaerdegat 1st St+10003|NYE 77th St10003|NYE 77th St10003+NYPaerdegat 1st St+10003|NYPaerdegat 1st St10003'
-73.9132,40.6890,2,46,'NYEvergreen Ave10003+NYWeirfield St+10003'
-73.9132,40.8180,1,2,'NYE 153rd St10003|NYE 153rd St10003+NYE 153rd St Exd+10003|NYE 153rd St10003+NYBrook Ave+10003|NYE 153rd St Exd10003|NYE 153rd St Exd10003+NYBrook Ave+10003'
-73.9132,40.6110,0,13,'NYE 59th Pl10003|NYE 59th Pl10003+NYStrickland Ave+10003'
-73.9132,40.6467,0,1,'NYRemsen Ave10003+NYAve D+10003|NYAve D10003'
-73.9132,40.8255,0,1,'NYMelrose Ave10003+NYE 163rd St+10003'
-73.9132,40.6215,0,1,'NYAvenue N10003+NYE 68th St+10003|NYE 68th St10003'
-73.9132,40.8855,1,183,'NYFairfield Ave10003|NYFairfield Ave10003+NYHenry Hudson Pkwy E+10003'
-73.9132,40.8466,3,4,'NYClifford Pl10003+NYStep St+10003|NYClifford Pl10003+NYJerome Ave+10003|NYStep St10003|NYStep St10003+NYJerome Ave+10003'
-73.9131,40.6410,0,6,'NYFarragut Rd10003+NYE 85th St+10003'
-73.9131,40.6562,0,1,'NYStrauss St10003|NYStrauss St10003+NYE 98th St+10003'
-73.9131,40.7846,0,18,'NY20th St10003|NY20th St10003+NY20th Ave+10003'
-73.9131,40.7489,5,37,'NY39th Ave10003|NY39th Ave10003+NY39th Ave+10003'
-73.9131,40.6867,4,66,'NYEldert St10003+NYBushwick Ave+10003'
-73.9131,40.8398,5,44,'NYGrand Blvd10003|NYGrand Blvd10003+NYE 171st St+10003|NYE 171st St10003+NYGrand Concourse+10003'
-73.9131,40.6723,1,5,'NYProspect Pl10003+NYEastern Pkwy+10003'
-73.9131,40.6159,0,5,'NYE 63rd St10003+NYAve U+10003'
-73.9131,40.8883,0,24,'NYW 237th St10003+NYIndependence Ave+10003'
-73.9131,40.8828,0,26,'NYW 231st St10003+NYArlington Ave+10003'
-73.9131,40.7594,10,218,'NY45th St10003+NY31st Ave+10003'
-73.9131,40.6713,0,3,'NYPark Pl10003|NYPark Pl10003+NYBristol St+10003|NYPark Pl10003+NYE New York Ave+10003|NYBristol St10003|NYBristol St10003+NYE New York Ave+10003'
-73.9131,40.8451,1,7,'NYE 174th St10003+NYTownsend Ave+10003|NYTownsend Ave10003'
-73.9131,40.6635,0,8,'NYAmboy St10003|NYAmboy St10003+NYDumont Ave+10003'
-73.9131,40.6784,1,13,'NYFulton St10003+NYSomers St+10003|NYSomers St10003'
-73.9131,40.7778,18,283,'NY27th St10003+NYDitmars Blvd+10003'
-73.9131,40.8201,5,52,'NYE 156th St10003+NY3rd Ave+10003|NYThurman Munson Way10003+NY3rd Ave+10003'
-73.9130,40.7133,9,18,'NYNurge Ave10003|NYNurge Ave10003+NYGrandview Ave+10003|NYNurge Ave10003+NYMetropolitan Ave+10003|NYGrandview Ave10003|NYGrandview Ave10003+NYMetropolitan Ave+10003'
-73.9130,40.6844,1,11,'NYSchaefer St10003|NYSchaefer St10003+NYBroadway+10003'
-73.9130,40.7092,0,18,'NYWoodward Ave10003+NYStockholm St+10003|NYStockholm St10003'
-73.9130,40.8436,2,29,'NYWalton Ave10003+NYMount Eden Ave+10003'
-73.9130,40.8862,0,17,'NYW 235th St10003|NYW 235th St10003+NYHenry Hudson Pkwy W+10003'
-73.9130,40.6216,0,1,'NYGeorgetown Ln10003|NYGeorgetown Ln10003+NYAvenue N+10003'
-73.9130,40.8890,2,100,'NYW 238th St10003|NYW 238th St10003+NYIndependence Ave+10003'
-73.9130,40.8334,0,12,'NYE 168th St10003+NYCollege Ave+10003'
-73.9130,40.9005,0,2,'NYWavehill Driveway10009'
-73.9130,40.7216,0,1,'NYRust St10003+NY57th Dr+10003|NY57th Dr10003'
-73.9130,40.6453,0,2,'NYE 89th St10003|NYE 89th St10003+NYAve D+10003'
-73.9130,40.8484,4,28,'NYDavidson Ave10003+NYW 176th St+10003'
-73.9130,40.8282,3,13,'NYE 165th St10003+NYClay Ave+10003'
-73.9130,40.8941,0,9,'NYDodgewood Rd10003'
-73.9130,40.8143,2,16,'NYE 149th St10003+NYSaint Anns Ave+10003'
-73.9129,40.8045,2,4,'NYBruckner Blvd10003+NYJackson Ave+10003|NYJackson Ave10003'
-73.9129,40.7692,25,222,'NY37th St10003+NYAstoria Blvd S+10003'
-73.9129,40.6667,0,3,'NYHopkinson Ave10003+NYSutter Ave+10003'
-73.9129,40.8897,0,80,'NYW 239th St10003+NYIndependence Ave+10003'
-73.9129,40.7811,1,148,'NY21st Ave10003+NY24th St+10003'
-73.9129,40.7651,50,455,'NY41st St10003+NY28th Ave+10003'
-73.9129,40.7727,1,127,'NY33rd St10003+NY23rd Rd+10003|NY23rd Rd10003'
-73.9129,40.7705,1,101,'NY24th Ave10003+NY36th St+10003'
-73.9129,40.7059,0,16,'NYSeneca Ave10003+NYHarman St+10003'
-73.9129,40.8224,2,18,'NYElton Ave10003+NYE 159th St+10003'
-73.9129,40.8501,4,14,'NYGrand Ave10003'
-73.9129,40.7136,5,21,'NYNurge Ave10003+NY53rd St+10003|NY53rd St10003'
-73.9129,40.6116,0,1,'NYE 60th Pl10003|NYE 60th Pl10003+NYStrickland Ave+10003'
-73.9129,40.7744,407,407,'NY23rd Ave10003+NY31st St+10003'
-73.9128,40.8619,1,28,'NYMajor Deegan Expy10001+NYW Fordham Rd+10001|NYI 8710001+NYW Fordham Rd+10001'
-73.9128,40.8610,2,31,'NYCedar Ave10003+NYW 182nd St+10003|NYW 182nd St10003'
-73.9128,40.7154,1,22,'NY54th Pl10003|NY54th Pl10003+NYFlushing Ave+10003'
-73.9128,40.7425,28,27,'NYState Hwy 2510002|NYState Hwy 2510002+NYQueens Blvd+10002|NYState Hwy 2510002+NYState Hwy 25+10002|NYState Hwy 2510002+NY52nd St+10002|NYQueens Blvd10002|NYQueens Blvd10002+NYQueens Blvd+10002|NYQueens Blvd10002+NY52nd St+10002|NYQueens Blvd10002+NYState Hwy 25+10002|NY52nd St10003|NY52nd St10003+NYState Hwy 25+10003|NY52nd St10003+NYQueens Blvd+10003'
-73.9128,40.7571,6,145,'NY47th St10003+NYNewtown Rd+10003'
-73.9128,40.7488,8,121,'NY39th Ave10003+NY51st St+10003|NY51st St10003'
-73.9128,40.5619,0,1,'NY12th Ave10003'
-73.9128,40.8048,4,21,'NYE 138th St10003+NYJackson Ave+10003'
-73.9128,40.6189,0,4,'NYE 66th St10003+NYAve T+10003'
-73.9128,40.8756,0,61,'NYTerrace View Ave10003|NYTerrace View Ave10003+NYW 225 St+10003|NYTerrace View Ave10003+NYW 225th St+10003|NYW 225 St10003|NYW 225 St10003+NYAdrian Ave+10003|NYAdrian Ave10003|NYAdrian Ave10003+NYW 225th St+10003|NYW 225th St10003'
-73.9128,40.6764,0,2,'NYMarconi Pl10003'
-73.9128,40.8553,0,21,'NYAndrews Ave S10003+NYW 179th St+10003'
-73.9128,40.8811,0,6,'NYW 230th St10003+NYNetherland Ave+10003'
-73.9127,40.6384,0,5,'NYGlenwood Rd10003+NYE 83rd St+10003'
-73.9127,40.8039,1,2,'NYBruckner Blvd10003+NYE 137th St+10003|NYE 137th St10003'
-73.9127,40.6545,0,10,'NYRockaway Pkwy10003+NYAve A+10003|NYAve A10003'
-73.9127,40.7024,0,26,'NYMenahan St10003|NYMenahan St10003+NYMenahan St+10003|NYMenahan St10003+NYSt Nicholas Ave+10003|NYSt Nicholas Ave10003|NYSt Nicholas Ave10003+NYSt Nicholas Ave+10003'
-73.9127,40.8767,0,8,'NYTeunissen Pl10003|NYTeunissen Pl10003+NYTerrace View Ave+10003'
-73.9127,40.7233,0,5,'NY56th Ter10003|NY56th Ter10003+NY58th St+10003|NY58th St10003'
-73.9127,40.7695,7,47,'NY37th St10003+NYGrnd Cntrl Parkway Exit Wb+10003|NY37th St10003+NYGrnd Cntrl Parkway Entrance Eb+10003|NY37th St10003+NYTriboro Plz+10003|NY37th St10003+NYI 278+10003|NYGrnd Cntrl Parkway Exit Wb10003|NYGrnd Cntrl Parkway Exit Wb10003+NYGrnd Cntrl Parkway Entrance Eb+10003|NYGrnd Cntrl Parkway Exit Wb10003+NYTriboro Plz+10003|NYGrnd Cntrl Parkway Exit Wb10003+NYI 278+10003|NYGrnd Cntrl Parkway Entrance Eb10003|NYGrnd Cntrl Parkway Entrance Eb10003+NYTriboro Plz+10003|NYGrnd Cntrl Parkway Entrance Eb10003+NYI 278+10003'
-73.9127,40.8384,0,16,'NYSheridan Ave10003+NYE 170th St+10003'
-73.9127,40.8955,0,2,'NYHadley Ave10003'
-73.9127,40.7038,1,47,'NYBleecker St10003|NYBleecker St10003+NYBleecker St+10003|NYBleecker St10003+NYCypress Ave+10003'
-73.9127,40.8409,1,23,'NYGrand Blvd10003+NYE 172nd St+10003|NYE 172nd St10003+NYGrand Concourse+10003'
-73.9127,40.8906,0,2,'NYIndependence Ave10003+NYW 240th St+10003|NYW 240th St10003'
-73.9127,40.7072,0,33,'NYOnderdonk Ave10003+NYHimrod St+10003'
-73.9127,40.6519,1,6,'NYE 95th St10003+NYAve B+10003'
-73.9127,40.5608,0,1,'NYBeach 204th St10003'
-73.9127,40.6620,1,6,'NYLivonia Ave10003+NYAmboy St+10003|NYAmboy St10003'
-73.9127,40.8723,8,33,'NYW 220th St10003|NYW 220th St10003+NYBroadway+10003|NYW 220th St10003+NYUS Rte 9+10003|NYW 220th St10003+NYW 220 St+10003|NYBroadway10002+NYW 220 St+10002|NYUS Rte 910002+NYW 220 St+10002|NYW 220 St10003'
-73.9126,40.6776,0,4,'NYMarconi Pl10003|NYMarconi Pl10003+NYHerkimer St+10003'
-73.9126,40.6326,0,8,'NYE 78th St10003|NYE 78th St10003+NYPaerdegat 1st St+10003'
-73.9126,40.5613,0,2,'NYE Market St10003|NYE Market St10003+NYW Market St+10003|NYW Market St10003|NYW Market St10003+NYMarket St+10003|NYMarket St10003'
-73.9126,40.7560,24,111,'NYBroadway10003+NY48th St+10003'
-73.9126,40.8190,1,33,'NYBergen Ave10003|NYBergen Ave10003+NYBrook Ave+10003'
-73.9126,40.6955,0,14,'NYMadison St10003|NYMadison St10003+NYKnickerbocker Ave+10003'
-73.9126,40.6694,1,3,'NYPitkin Ave10003+NYBristol St+10003'
-73.9126,40.9036,0,9,'NYPalisade Ave10003+NYW 254th St+10003'
-73.9126,40.7628,34,342,'NY43rd St10003+NY30th Ave+10003'
-73.9126,40.8908,0,3,'NYIndependence Ave10003+NYW 242nd St+10003|NYW 242nd St10003'
-73.9126,40.8518,2,12,'NYHarrison Ave10003+NYKingsland Plz+10003|NYKingsland Plz10003'
-73.9126,40.7533,73,38,'NY50th St10003|NY50th St10003+NYState Hwy 25 Alt+10003|NY50th St10003+NYNorthern Blvd+10003'
-73.9126,40.8209,2,13,'NY3rd Ave10003+NYE 157th St+10003'
-73.9126,40.7004,4,100,'NYLinden St10003+NYWyckoff Ave+10003'
-73.9126,40.8458,0,1,'NYTownsend Ave10003'
-73.9126,40.6980,2,38,'NYIrving Ave10003+NYPalmetto St+10003'
-73.9126,40.7157,1,6,'NY55th St10003|NY55th St10003+NYFlushing Ave+10003'
-73.9126,40.8792,1,5,'NYJohnson Ave10003+NYEwen Ave+10003|NYEwen Ave10003'
-73.9126,40.6932,5,69,'NYWilson Ave10003+NYCornelia St+10003'
-73.9125,40.8072,1,25,'NYE 141st St10003+NYPowers Ave+10003|NYPowers Ave10003'
-73.9125,40.8231,1,3,'NYElton Ave10003+NYE 160th St+10003'
-73.9125,40.6495,0,1,'NYE 93rd St10003+NYDitmas Ave+10003'
-73.9125,40.8861,1,102,'NYW 235th St10003|NYW 235th St10003+NYHenry Hudson Pkwy E+10003'
-73.9125,40.6360,0,4,'NYE 81st St10003+NYFlatlands Ave+10003'
-73.9125,40.6909,0,13,'NYHancock St10003+NYCentral Ave+10003'
-73.9125,40.7442,46,273,'NY52nd St10003+NY43rd Ave+10003|NY52nd St10003+NYRoosevelt Ave+10003|NY43rd Ave10003|NY43rd Ave10003+NYRoosevelt Ave+10003'
-73.9125,40.8093,0,20,'NYCypress Ave10003|NYCypress Ave10003+NYSaint Marys St+10003'
-73.9125,40.8416,1,19,'NYGrand Blvd10003|NYGrand Blvd10003+NYGrand Blvd+10003|NYGrand Blvd10003+NYGrandconcourse+10003|NYGrand Blvd10003+NYGrand Concourse+10003|NYGrand Blvd10003+NYRockwood St+10003|NYGrandconcourse10003|NYGrandconcourse10003+NYGrand Concourse+10003|NYGrandconcourse10003+NYRockwood St+10003|NYGrand Concourse10003|NYGrand Concourse10003+NYRockwood St+10003|NYGrand Concourse10003+NYGrand Concourse+10003|NYRockwood St10003|NYRockwood St10003+NYGrand Concourse+10003'
-73.9125,40.7209,0,3,'NYRust St10003+NY58th Ave+10003|NY58th Ave10003'
-73.9124,40.7459,14,105,'NY52nd St10003'
-73.9124,40.6886,1,31,'NYEvergreen Ave10003+NYHalsey St+10003'
-73.9124,40.7697,4,44,'NY37th St10003+NYAstoria Blvd N+10003|NY37th St10003+NYAstoria Blvd+10003'
-73.9124,40.7841,1,29,'NY21st St10003|NY21st St10003+NY20th Ave+10003'
-73.9124,40.8047,4,10,'NYE 138th St10003|NYE 138th St10003+NYBruckner Blvd+10003'
-73.9124,40.8056,0,1,'NYE 139th St10003+NYJackson Ave+10003'
-73.9124,40.6164,0,1,'NYE 64th St10003+NYAve U+10003'
-73.9124,40.7562,3,27,'NYNewtown Rd10003+NY48th St+10003'
-73.9124,40.6862,3,29,'NYJoy Way10003+NYBushwick Ave+10003|NYCovert St10003+NYBushwick Ave+10003'
-73.9124,40.7773,12,277,'NYDitmars Blvd10003+NY28th St+10003'
-73.9124,40.8477,3,15,'NYE 175th St10003|NYE 175th St10003+NYJerome Ave+10003'
-73.9124,40.6042,0,8,'NYWhitman Dr10003|NYWhitman Dr10003+NYNational Dr+10003'
-73.9124,40.6316,0,4,'NYPaerdegat 2nd St10003|NYPaerdegat 2nd St10003+NYPaerdegat Ave N+10003'
-73.9123,40.5608,0,1,'NYBeach 203 St10003'
-73.9123,40.6220,0,4,'NYE 69th St10003+NYAvenue N+10003'
-73.9123,40.6541,1,10,'NYLinden Blvd10002+NYRockaway Pkwy+10002'
-73.9123,40.7193,0,5,'NYGrand Ave10003+NY57th St+10003|NY57th St10003'
-73.9123,40.6605,0,13,'NYRiverdale Ave10003+NYAmboy St+10003'
-73.9123,40.7088,2,17,'NYStanhope St10003+NYWoodward Ave+10003'
-73.9123,40.6414,0,3,'NYE 86th St10003+NYFarragut Rd+10003'
-73.9123,40.8029,0,1,'NYE 136th St10003+NYWillow Ave+10003'
-73.9123,40.7591,7,138,'NY46th St10003+NY31st Ave+10003'
-73.9123,40.7142,2,10,'NYNurge Ave10003+NY54th St+10003'
-73.9123,40.7739,38,185,'NY32nd St10003|NY32nd St10003+NY23rd Ave+10003'
-73.9123,40.6839,2,26,'NYBroadway10003+NYDecatur St+10003'
-73.9123,40.8538,2,18,'NYDr Martin Luther King Jr Blvd10003|NYUniversity Ave10003'
-73.9123,40.8871,0,38,'NYW 236th St10003|NYW 236th St10003+NYHenry Hudson Pkwy W+10003'
-73.9123,40.6425,0,5,'NYE 87th St10003+NYBedell Ln+10003|NYBedell Ln10003'
-73.9123,40.6090,0,29,'NYE 57th Pl10003'
-73.9123,40.8462,3,27,'NYTownsend Ave10003+NYClifford Pl+10003'
-73.9123,40.8750,1,61,'NYJacobus Pl10003|NYJacobus Pl10003+NYW 225 St+10003|NYJacobus Pl10003+NYW 225th St+10003'
-73.9123,40.8382,1,1,'NYGrant Ave10003|NYGrant Ave10003+NYE 170th St+10003'
-73.9123,40.8447,1,20,'NYE 174th St10003+NYWalton Ave+10003'
-73.9123,40.8294,3,31,'NYE 166th St10003+NYClay Ave+10003'
-73.9122,40.8423,3,20,'NYGrand Blvd10003|NYGrand Blvd10003+NYGrandconcourse+10003|NYGrand Blvd10003+NYGrand Blvd+10003|NYGrand Blvd10003+NYGrand Concourse+10003|NYGrand Blvd10003+NYHawkstone St+10003|NYGrandconcourse10003|NYGrandconcourse10003+NYGrand Blvd+10003|NYGrandconcourse10003+NYGrand Concourse+10003|NYGrandconcourse10003+NYHawkstone St+10003|NYGrand Concourse10003|NYGrand Concourse10003+NYHawkstone St+10003|NYGrand Concourse10003+NYGrand Concourse+10003|NYHawkstone St10003|NYHawkstone St10003+NYGrand Concourse+10003'
-73.9122,40.6717,0,1,'NYChester St10003|NYChester St10003+NYE New York Ave+10003'
-73.9122,40.8508,2,5,'NYW 177th St10003'
-73.9122,40.7806,10,232,'NYCrescent St10003+NY21st Ave+10003|NY21st Ave10003+NY25th St+10003'
-73.9122,40.6139,0,1,'NYV Ave10003|NYV Ave10003+NYAve V+10003|NYAve V10003'
-73.9122,40.8274,2,43,'NYMelrose Ave10003|NYMelrose Ave10003+NYMelrose Ave+10003'
-73.9122,40.7558,17,17,'NYNewtown Rd10003+NYBroadway+10003'
-73.9122,40.7700,3,264,'NY37th St10003+NY24th Ave+10003'
-73.9122,40.8215,7,21,'NYE 158th St10003+NY3rd Ave+10003'
-73.9122,40.7263,2,46,'NY55th Dr10003+NY58th St+10003'
-73.9122,40.8198,0,8,'NYE 156th St10003+NYBrook Ave+10003|NYThurman Munson Way10003+NYBrook Ave+10003'
-73.9122,40.8237,1,9,'NYE 161st St10003+NYElton Ave+10003'
-73.9122,40.8704,0,2,'NYW 218th St10003|NYW 218th St10003+NY9 Ave+10003|NYW 218th St10003+NY9th Ave+10003|NY9 Ave10003+NYW 218 St+10003|NY9th Ave10003+NYW 218 St+10003|NYW 218 St10003'
-73.9121,40.8331,0,7,'NYE 168th St10003+NYFindlay Ave+10003'
-73.9121,40.9044,0,22,'NYW 255th St10003|NYW 255th St10003+NYPalisade Ave+10003'
-73.9121,40.7054,0,15,'NYSeneca Ave10003+NYGreene Ave+10003'
-73.9121,40.6333,1,7,'NYE 79th St10003|NYE 79th St10003+NYPaerdegat 1st St+10003'
-73.9121,40.7459,10,189,'NYSkillman Ave10003+NY52nd St+10003|NY52nd St10003'
-73.9121,40.8560,1,13,'NYAndrews Ave S10003|NYAndrews Ave S10003+NYW 180th St+10003'
-73.9121,40.7473,7,366,'NY39th Dr10003|NY39th Dr10003+NY52nd St+10003'
-73.9121,40.7158,0,1,'NY55th St10003|NY55th St10003+NYFlushing Ave+10003'
-73.9121,40.7647,15,377,'NY42nd St10003+NY28th Ave+10003'
-73.9121,40.7276,0,7,'NY55th Ave10003|NY55th Ave10003+NY58th St+10003'
-73.9121,40.7620,1,155,'NY44th St10003+NY30th Rd+10003|NY30th Rd10003'
-73.9121,40.7231,0,8,'NY58th St10003'
-73.9121,40.8395,0,6,'NYSheridan Ave10003+NYE 171st St+10003|NYE 171st St10003'
-73.9121,40.7185,2,4,'NY58th Dr10003|NY58th Dr10003+NY57th St+10003'
-73.9121,40.6194,0,3,'NYE 67th St10003+NYAve T+10003'
-73.9121,40.6251,0,8,'NYAve M10003+NYE 72nd St+10003'
-73.9121,40.6445,0,1,'NYE 89th St10003+NYFoster Ave+10003'
-73.9121,40.7019,1,16,'NYGrove St10003|NYGrove St10003+NYGrove St+10003|NYGrove St10003+NYSt Nicholas Ave+10003'
-73.9121,40.7993,2,4,'NYWalnut Ave10003|NYWalnut Ave10003+NYE 132nd St+10003|NYE 132nd St10003+NYRose Feiss Blvd+10003|NYRose Feiss Blvd10003'
-73.9121,40.7034,0,30,'NYMenahan St10003|NYMenahan St10003+NYMenahan St+10003|NYMenahan St10003+NYCypress Ave+10003|NYCypress Ave10003|NYCypress Ave10003+NYCypress Ave+10003'
-73.9121,40.8451,1,3,'NYUS Hwy 110002+NYWalton Ave+10002|NYWalton Ave10003+NYCross Bronx Expy+10003'
-73.9121,40.8350,0,24,'NYCollege Ave10003+NYE 169th St+10003'
-73.9121,40.8062,0,2,'NYE 140th St10003+NYJackson Ave+10003'
-73.9121,40.8825,1,98,'NYW 231st St10003+NYNetherland Ave+10003'
-73.9120,40.7223,0,4,'NY57th Rd10003|NY57th Rd10003+NY58th St+10003'
-73.9120,40.6389,0,13,'NYGlenwood Rd10003+NYE 84th St+10003'
-73.9120,40.6237,0,10,'NYPeri Ln10003'
-73.9120,40.8808,0,6,'NYEdgehill Ave10003|NYEdgehill Ave10003+NYW 230th St+10003'
-73.9120,40.8922,0,81,'NYIndependence Ave10003+NYW 246th St+10003|NYIndependence Ave10003+NYPloughmans Bush+10003|NYPloughmans Bush10003'
-73.9120,40.6556,0,9,'NYHegeman Ave10003+NYHerzl St+10003'
-73.9120,40.9003,0,15,'NYSycamore Ave10009|NYSycamore Ave10009+NYSycamore Ave+10009|NYSycamore Ave10003'
-73.9120,40.8083,0,3,'NYE 142nd St10003|NYE 142nd St10003+NYPowers Ave+10003'
-73.9120,40.5613,0,1,'NYE Market St10003+NYHighland Pl+10003|NYHighland Pl10003|NYHighland Pl10003+NYMarket St+10003'
-73.9120,40.8482,4,8,'NYW 176th St10003|NYW 176th St10003+NYJerome Ave+10003'
-73.9120,40.7554,2,26,'NY49th St10003+NYNewtown Rd+10003'
-73.9120,40.6669,1,6,'NYBristol St10003+NYSutter Ave+10003'
-73.9120,40.7068,1,21,'NYOnderdonk Ave10003+NYHarman St+10003'
-73.9120,40.5608,0,1,'NYHighland Pl10003'
-73.9119,40.8432,6,60,'NYMount Eden Pkwy10003|NYMount Eden Pkwy10003+NYGrand Blvd+10003|NYMount Eden Pkwy10003+NYGrand Concourse+10003|NYMount Eden Pkwy10003+NYMount Eden Ave+10003|NYGrand Blvd10003+NYMount Eden Ave+10003|NYGrand Concourse10003+NYMount Eden Ave+10003|NYMount Eden Ave10003'
-73.9119,40.8202,1,1,'NYE 157th St10003|NYE 157th St10003+NYBrook Ave+10003'
-73.9119,40.8160,2,11,'NYWestchester Ave10003+NYSaint Anns Ave+10003'
-73.9119,40.7424,15,73,'NYQueens Blvd10002+NY53rd St+10002|NYState Hwy 2510002+NY53rd St+10002|NY53rd St10003'
-73.9119,40.7690,21,329,'NY38th St10003|NY38th St10003+NYAstoria Blvd+10003|NY38th St10003+NYAstoria Blvd S+10003'
-73.9119,40.8628,1,10,'NYMajor Deegan Expy10001+NYLanding Rd+10001|NYI 8710001+NYLanding Rd+10001|NYLanding Rd10003'
-73.9119,40.8186,0,3,'NYHegney Pl10003'
-73.9119,40.6241,0,2,'NYBergen Ct10003'
-73.9119,40.7480,0,106,'NY39th Rd10003|NY39th Rd10003+NY52nd St+10003'
-73.9119,40.8730,1,7,'NYBroadway10002+NY9 Ave+10002|NYBroadway10002+NY9th Ave+10002|NYUS Rte 910002+NY9 Ave+10002|NYUS Rte 910002+NY9th Ave+10002|NY9 Ave10003|NY9th Ave10003'
-73.9119,40.7203,0,2,'NY58th Rd10003|NY58th Rd10003+NYRust St+10003|NY58th Rd10003+NY58th St+10003|NYRust St10003+NY58th St+10003|NY58th St10003'
-73.9119,40.7487,2,58,'NY39th Ave10003+NY52nd St+10003|NY52nd St10003'
-73.9119,40.8960,0,1,'NYBingham Rd10003|NYBingham Rd10003+NYIndependence Ave+10003|NYBingham Rd10003+NYSpaulding Ln+10003|NYIndependence Ave10003|NYIndependence Ave10003+NYSpaulding Ln+10003|NYIndependence Ave10003+NYIndependence Ave+10003|NYSpaulding Ln10003|NYSpaulding Ln10003+NYIndependence Ave+10003'
-73.9119,40.6764,0,8,'NYGunther Pl10003'
-73.9119,40.6951,7,43,'NYPutnam Ave10003+NYKnickerbocker Ave+10003'
-73.9119,40.7298,33,31,'NYBorden Ave10003|NYBorden Ave10003+NY58th St+10003'
-73.9118,40.8860,0,44,'NYW 235th St10003+NYArlington Ave+10003|NYArlington Ave10003'
-73.9118,40.8514,2,12,'NYKingsland Plz10003|NYKingsland Plz10003+NYW Tremont Ave+10003'
-73.9118,40.8036,0,3,'NYWillow Ave10003+NYE 137th St+10003'
-73.9118,40.6500,0,1,'NYE 94th St10003+NYDitmas Ave+10003'
-73.9118,40.8870,0,111,'NYHenry Hudson Pkwy E10003+NYW 236th St+10003|NYW 236th St10003'
-73.9118,40.8958,0,1,'NYBingham Rd10003|NYBingham Rd10003+NYAlderbrook Rd+10003|NYBingham Rd10003+NYIndependence Ave+10003|NYAlderbrook Rd10003|NYAlderbrook Rd10003+NYIndependence Ave+10003|NYIndependence Ave10003|NYIndependence Ave10003+NYIndependence Ave+10003'
-73.9118,40.6524,0,14,'NYE 96th St10003+NYAve B+10003'
-73.9118,40.6832,0,10,'NYBainbridge St10003'
-73.9118,40.8139,0,9,'NYEagle Ave10003|NYEagle Ave10003+NYE 149th St+10003'
-73.9118,40.6976,0,15,'NYWoodbine St10003+NYIrving Ave+10003'
-73.9118,40.6928,1,63,'NYWilson Ave10003+NYJefferson Ave+10003'
-73.9118,40.7624,30,224,'NY44th St10003+NY30th Ave+10003'
-73.9118,40.8264,0,11,'NYE 164th St10003|NYE 164th St10003+NYBrook Ave+10003'
-73.9118,40.6365,0,1,'NYFlatlands Ave10003+NYE 82nd St+10003'
-73.9118,40.7736,14,224,'NY33rd St10003+NY23rd Ave+10003'
-73.9118,40.8044,2,7,'NYE 138th St10003|NYE 138th St10003+NYBruckner Blvd+10003'
-73.9118,40.6988,5,39,'NYRidgewood Pl10003|NYRidgewood Pl10003+NYPalmetto St+10003'
-73.9118,40.7299,6,2,'NYI 49510001+NY58th St+10001|NYLong Island Expy10001+NY58th St+10001|NYQueens Midtown Expy10001+NY54th Ave+10001|NY54th Ave10003|NY54th Ave10003+NY58th St+10003'
-73.9118,40.8681,0,25,'NYW 215th St10003|NYW 215 St10003'
-73.9118,40.7556,6,31,'NY49th St10003|NY49th St10003+NYBroadway+10003'
-73.9118,40.6472,0,3,'NYAve D10003+NYE 92nd St+10003'
-73.9117,40.6776,0,9,'NYGunther Pl10003|NYGunther Pl10003+NYHerkimer St+10003'
-73.9117,40.6905,0,46,'NYWeirfield St10003+NYCentral Ave+10003'
-73.9117,40.8221,2,12,'NY3rd Ave10003+NYE 159th St+10003|NYWashington Ave10003|NYWashington Ave10003+NYE 159th St+10003|NYE 159th St10003'
-73.9117,40.7147,0,3,'NY54th Pl10003+NYNurge Ave+10003|NYNurge Ave10003'
-73.9117,40.8882,1,31,'NYW 237th St10003|NYW 237th St10003+NYHenry Hudson Pkwy W+10003'
-73.9117,40.6454,0,1,'NYRemsen Ave10003+NYKrier Pl+10003|NYRemsen Ave10003+NYNolans Ln+10003|NYKrier Pl10003|NYKrier Pl10003+NYNolans Ln+10003|NYNolans Ln10003'
-73.9117,40.8807,0,23,'NYJohnson Ave10003+NYW 230th St+10003'
-73.9117,40.8439,1,25,'NYGrand Blvd10003+NYE 173rd St+10003|NYGrand Concourse10003+NYE 173rd St+10003|NYE 173rd St10003'
-73.9117,40.7768,47,274,'NY29th St10003+NYDitmars Blvd+10003'
-73.9117,40.8278,1,11,'NYPark Ave10003|NYPark Ave10003+NYMelrose Ave+10003|NYPark Ave10003+NYE 165th St+10003|NYPark Ave10003+NYBrook Ave+10003|NYMelrose Ave10003|NYMelrose Ave10003+NYE 165th St+10003|NYMelrose Ave10003+NYBrook Ave+10003|NYE 165th St10003+NYBrook Ave+10003'
-73.9117,40.7300,7,2,'NY54th Ave10003|NY54th Ave10003+NY58th St+10003'
-73.9117,40.6881,1,14,'NYEldert St10003+NYEvergreen Ave+10003'
-73.9117,40.6169,0,2,'NYAve U10003+NYE 65th St+10003'
-73.9117,40.7680,327,786,'NYSteinway St10003+NY25th Ave+10003|NY25th Ave10003'
-73.9117,40.8206,0,2,'NYE 157th St10003|NYE 157th St10003+NYBrook Ave+10003'
-73.9117,40.8486,7,31,'NYE 176th St10003|NYE 176th St10003+NYJerome Ave+10003'
-73.9117,40.7696,3,25,'NY24th Ave10003|NY24th Ave10003+NYAstoria Blvd N+10003|NY24th Ave10003+NYAstoria Blvd+10003'
-73.9117,40.8070,1,8,'NYE 141st St10003+NYJackson Ave+10003'
-73.9117,40.6824,1,20,'NYChauncey St10003+NYRockaway Ave+10003'
-73.9117,40.6695,2,12,'NYPitkin Ave10003+NYChester St+10003'
-73.9117,40.8608,4,14,'NYHampden Pl10003|NYHampden Pl10003+NYW 182nd St+10003|NYW 182nd St10003'
-73.9117,40.8817,0,6,'NYEdgehill Ave10003'
-73.9117,40.6999,17,44,'NYWyckoff Ave10003|NYWyckoff Ave10003+NYGates Ave+10003|NYWyckoff Ave10003+NYWyckoff Ave+10003|NYGates Ave10003|NYGates Ave10003+NYGates Ave+10003|NYGates Ave10003+NYWyckoff Ave+10003'
-73.9116,40.7487,0,50,'NY39th Ave10003+NY52nd St+10003|NY52nd St10003'
-73.9116,40.6858,2,51,'NYSchaefer St10003+NYBushwick Ave+10003|NYHallelujah Way10003|NYHallelujah Way10003+NYBushwick Ave+10003'
-73.9116,40.7164,0,2,'NYFlushing Ave10003+NY56th St+10003'
-73.9116,40.8283,0,3,'NYWebster Ave10003+NYBrook Ave+10003'
-73.9116,40.7500,3,35,'NY52nd St10003'
-73.9116,40.6225,0,6,'NYE 70th St10003+NYAvenue N+10003'
-73.9116,40.8501,6,5,'NYDavidson Ave10003+NYW 177th St+10003'
-73.9116,40.6430,0,3,'NYE 88th St10003+NYBedell Ln+10003'
-73.9116,40.8883,0,7,'NYHenry Hudson Pkwy W10003+NYBlackstone Ave+10003|NYBlackstone Ave10003'
-73.9116,40.7146,0,3,'NY54th Pl10003+NYNurge Ave+10003|NYNurge Ave10003'
-73.9116,40.8889,0,24,'NYBlackstone Pl10003|NYBlackstone Pl10003+NYBlackstone Ave+10003|NYBlackstone Pl10003+NYW 238th St+10003|NYBlackstone Ave10003+NYW 238th St+10003|NYW 238th St10003'
-73.9116,40.8091,0,3,'NYSaint Marys St10003+NYPowers Ave+10003|NYPowers Ave10003'
-73.9116,40.6417,0,1,'NYFarragut Rd10003+NYVarkens Hook Rd+10003|NYVarkens Hook Rd10003'
-73.9116,40.9034,0,27,'NYW 254th St10003+NYSycamore Ave+10003|NYSycamore Ave10003'
-73.9115,40.7083,2,30,'NYHimrod St10003+NYWoodward Ave+10003'
-73.9115,40.8209,0,5,'NYE 158th St10003|NYE 158th St10003+NYBrook Ave+10003'
-73.9115,40.6312,0,5,'NYPaerdegat 3rd St10003|NYPaerdegat 3rd St10003+NYPaerdegat Ave N+10003'
-73.9115,40.6470,0,1,'NYAmes Ln10003|NYAmes Ln10003+NYE 92nd St+10003'
-73.9115,40.8290,0,1,'NYWebster Ave10003|NYWebster Ave10003+NYWebster Ave+10003'
-73.9115,40.8939,0,11,'NYIndependence Ave10003+NYDodgewood Rd+10003'
-73.9115,40.7801,3,109,'NY26th St10003|NY26th St10003+NY21st Ave+10003'
-73.9115,40.6817,2,24,'NYRockaway Ave10003+NYMarion St+10003'
-73.9115,40.8406,1,33,'NYSheridan Ave10003+NYE 172nd St+10003'
-73.9115,40.6835,10,42,'NYRockaway Ave10003|NYRockaway Ave10003+NYBroadway+10003|NYRockaway Ave10003+NYCooper St+10003|NYBroadway10003+NYCooper St+10003|NYCooper St10003'
-73.9115,40.7445,54,272,'NY53rd St10003+NYRoosevelt Ave+10003'
-73.9115,40.7546,2,30,'NY50th St10003|NY50th St10003+NYNewtown Rd+10003'
-73.9115,40.7587,10,381,'NY47th St10003+NY31st Ave+10003'
-73.9115,40.6067,0,10,'NYE 65th St10003+NY56th Dr+10003'
-73.9115,40.7614,4,245,'NY45th St10003+NY30th Rd+10003'
-73.9115,40.6418,0,2,'NYFarragut Rd10003+NYE 87th St+10003'
-73.9115,40.8473,3,21,'NYTownsend Ave10003+NYE 175th St+10003'
-73.9115,40.8896,0,125,'NYBlackstone Pl10003|NYBlackstone Pl10003+NYW 239th St+10003|NYBlackstone Pl10003+NYBlackstone Ave+10003'
-73.9115,40.8228,0,10,'NYE 160th St10003|NYE 160th St10003+NYWashington Ave+10003'
-73.9115,40.7999,0,1,'NYWalnut Ave10003+NYE 133rd St+10003|NYE 133rd St10003+NYRose Feiss Blvd+10003'
-73.9115,40.8757,3,53,'NYJacobus Pl10003|NYJacobus Pl10003+NYVan Corlear Pl+10003|NYJacobus Pl10003+NYFort Charles Pl+10003|NYVan Corlear Pl10003|NYVan Corlear Pl10003+NYFort Charles Pl+10003|NYFort Charles Pl10003'
-73.9114,40.6245,0,4,'NYBergen Ct10003+NYE 72nd St+10003'
-73.9114,40.8459,0,3,'NYClifford Pl E10003|NYClifford Pl E10003+NYWalton Ave+10003|NYClifford Pl E10003+NYE Clifford Pl+10003|NYClifford Pl E10003+NYClifford Pl+10003|NYWalton Ave10003+NYE Clifford Pl+10003|NYWalton Ave10003+NYClifford Pl+10003|NYE Clifford Pl10003|NYE Clifford Pl10003+NYClifford Pl+10003'
-73.9114,40.6339,0,3,'NYAve J10003|NYAve J10003+NYPaerdegat 1st St+10003|NYAve J10003+NYE 80th St+10003|NYPaerdegat 1st St10003|NYPaerdegat 1st St10003+NYE 80th St+10003'
-73.9114,40.7833,0,68,'NY23rd St10003|NY23rd St10003+NY20th Ave+10003'
-73.9114,40.8051,0,1,'NYE 139th St10003|NYE 139th St10003+NYBruckner Blvd+10003'
-73.9114,40.7050,1,19,'NYSeneca Ave10003+NYBleecker St+10003'
-73.9114,40.8291,0,2,'NYWebster Ave10003+NYE 166th St+10003'
-73.9114,40.8379,0,16,'NYMorris Ave10003+NYE 170th St+10003'
-73.9114,40.7696,30,174,'NYAstoria Blvd N10003+NY38th St+10003|NYAstoria Blvd10003+NY38th St+10003|NY38th St10003'
-73.9114,40.8174,0,14,'NYRae St10003|NYRae St10003+NYSaint Anns Ave+10003'
-73.9114,40.6810,0,23,'NYRockaway Ave10003+NYSumpter St+10003'
-73.9114,40.7015,0,15,'NYLinden St10003|NYLinden St10003+NYSt Nicholas Ave+10003|NYLinden St10003+NYLinden St+10003|NYSt Nicholas Ave10003+NYLinden St+10003'
-73.9114,40.8978,0,2,'NYIndependence Ave10003|NYIndependence Ave10003+NYIndependence Ave+10003|NYIndependence Ave10003+NYSycamore Ave+10003|NYIndependence Ave10003+NYBingham Rd+10003|NYIndependence Ave10003+NYW 249th St+10003|NYSycamore Ave10003|NYSycamore Ave10003+NYBingham Rd+10003|NYSycamore Ave10003+NYW 249th St+10003|NYBingham Rd10003|NYBingham Rd10003+NYW 249th St+10003|NYW 249th St10003'
-73.9113,40.8822,0,1,'NYEdgehill Ave10003|NYEdgehill Ave10003+NYW 231st St+10003'
-73.9113,40.8042,0,3,'NYE 138th St10003+NYWillow Ave+10003|NYWillow Ave10003'
-73.9113,40.7196,0,3,'NYRust St10003+NYGrand Ave+10003'
-73.9113,40.8448,0,26,'NYGrand Concourse10003+NYE 174th St+10003'
-73.9113,40.8213,0,6,'NYE 158th St10003|NYE 158th St10003+NYBrook Ave+10003'
-73.9113,40.6258,0,1,'NYAve M10003+NYE 73rd St+10003|NYE 73rd St10003'
-73.9113,40.8248,0,2,'NYE 163rd St10003+NYBrook Ave+10003'
-73.9113,40.7644,26,662,'NY43rd St10003+NY28th Ave+10003'
-73.9113,40.6394,0,5,'NYGlenwood Rd10003+NYE 85th St+10003'
-73.9113,40.8328,0,3,'NYE 168th St10003|NYE 168th St10003+NYTeller Ave+10003'
-73.9112,40.7458,8,143,'NYSkillman Ave10003+NY53rd St+10003|NY53rd St10003'
-73.9112,40.6731,0,2,'NYSt Marks Ave10003+NYEastern Pkwy+10003'
-73.9112,40.8717,0,1,'NYW 220th St10003|NYW 220th St10003+NY9 Ave+10003|NYW 220th St10003+NY9th Ave+10003|NYW 220th St10003+NYW 220 St+10003|NY9 Ave10003+NYW 220 St+10003|NY9th Ave10003+NYW 220 St+10003|NYW 220 St10003'
-73.9112,40.6802,0,20,'NYRockaway Ave10003+NYMacdougal St+10003'
-73.9112,40.6732,1,2,'NYRockaway Ave10003+NYSt Marks Ave+10003'
-73.9112,40.7063,0,19,'NYOnderdonk Ave10003+NYGreene Ave+10003'
-73.9112,40.8347,1,4,'NYE 169th St10003+NYFindlay Ave+10003'
-73.9112,40.8234,0,3,'NYE 161st St10003+NYWashington Ave+10003'
-73.9112,40.8548,4,7,'NYDr Martin Luther King Jr Blvd10003|NYDr Martin Luther King Jr Blvd10003+NYW 179th St+10003|NYUniversity Ave10003|NYUniversity Ave10003+NYW 179th St+10003|NYW 179th St10003'
-73.9112,40.7169,0,5,'NYFlushing Ave10003+NY57th St+10003|NY57th St10003'
-73.9112,40.7099,1,24,'NYStanhope St10003+NYFairview Ave+10003|NYFairview Ave10003'
-73.9112,40.9056,0,8,'NYLadd Rd10003|NYLadd Rd10003+NYPalisade Ave+10003'
-73.9112,40.8240,0,5,'NYElton Ave10003+NYE 162nd St+10003'
-73.9112,40.8559,0,2,'NYWiegand Pl10003|NYWiegand Pl10003+NYW 180th St+10003'
-73.9112,40.7122,0,15,'NYRene Ct10003|NYRene Ct10003+NYGrandview Ave+10003'
-73.9112,40.6040,0,6,'NYNational Dr10003+NYArkansas Dr+10003|NYArkansas Dr10003'
-73.9112,40.6740,2,7,'NYRockaway Ave10003+NYBergen St+10003'
-73.9111,40.7984,1,1,'NYLocust Ave10003'
-73.9111,40.8908,0,38,'NYBlackstone Ave10003|NYBlackstone Ave10003+NYW 242nd St+10003|NYW 242nd St10003'
-73.9111,40.6449,0,3,'NYRemsen Ave10003+NYFoster Ave+10003'
-73.9111,40.8494,14,21,'NYMount Hope Pl10003|NYMount Hope Pl10003+NYJerome Ave+10003'
-73.9111,40.8949,0,9,'NYW 247th St10003+NYAlderbrook Rd+10003|NYAlderbrook Rd10003'
-73.9111,40.6947,3,50,'NYCornelia St10003+NYKnickerbocker Ave+10003'
-73.9111,40.8080,1,5,'NYE 142nd St10003+NYJackson Ave+10003'
-73.9111,40.6504,0,4,'NYE 95th St10003+NYDitmas Ave+10003'
-73.9111,40.6722,2,2,'NYProspect Pl10003|NYProspect Pl10003+NYE New York Ave+10003'
-73.9111,40.5600,0,2,'NYNeptune Walk10003+NYCourtney Ln+10003|NYCourtney Ln10003'
-73.9111,40.8747,1,12,'NYW 225 St10003+NYMarble Hill Ave+10003|NYMarble Hill Ave10003|NYMarble Hill Ave10003+NYW 225th St+10003'
-73.9111,40.6557,0,17,'NYHegeman Ave10003+NYAmboy St+10003'
-73.9111,40.6795,0,22,'NYRockaway Ave10003+NYHull St+10003'
-73.9111,40.6369,0,3,'NYE 83rd St10003+NYFlatlands Ave+10003'
-73.9111,40.6748,1,5,'NYDean St10003+NYRockaway Ave+10003'
-73.9111,40.7731,11,235,'NY23rd Ave10003+NY35th St+10003'
-73.9111,40.8929,0,2,'NYBlackstone Pl10003'
-73.9111,40.7030,0,50,'NYGrove St10003+NYCypress Ave+10003'
-73.9111,40.6710,0,6,'NYRockaway Ave10003+NYGlenmore Ave+10003|NYGlenmore Ave10003'
-73.9111,40.6924,2,28,'NYWilson Ave10003+NYHancock St+10003'
-73.9111,40.7152,1,13,'NY55th St10003+NYNurge Ave+10003'
-73.9111,40.5607,0,2,'NYNeptune Walk10003'
-73.9110,40.6971,0,9,'NYIrving Ave10003+NYMadison St+10003|NYMadison St10003'
-73.9110,40.8451,1,4,'NYUS Hwy 110002+NYGrand Blvd+10002|NYUS Hwy 110002+NYGrand Concourse+10002|NYGrand Blvd10003+NYCross Bronx Expy+10003|NYGrand Concourse10003+NYCross Bronx Expy+10003'
-73.9110,40.7423,25,109,'NYQueens Blvd10002+NY54th St+10002|NYState Hwy 2510002+NY54th St+10002|NY54th St10003'
-73.9110,40.8160,0,7,'NYEagle Ave10003+NYWestchester Ave+10003'
-73.9110,40.6984,0,1,'NYWoodbine St10003|NYWoodbine St10003+NYRidgewood Pl+10003'
-73.9110,40.6670,1,17,'NYChester St10003+NYSutter Ave+10003'
-73.9110,40.6530,0,10,'NYRockaway Pkwy10003+NYAve B+10003'
-73.9110,40.8606,0,10,'NYW 183rd St10003|NYW 183rd St10003+NYSedgwick Ave+10003'
-73.9110,40.8821,0,42,'NYJohnson Ave10003+NYW 231st St+10003|NYW 231st St10003'
-73.9110,40.6755,1,15,'NYRockaway Ave10003+NYPacific St+10003|NYPacific St10003'
-73.9110,40.6900,1,19,'NYCentral Ave10003+NYHalsey St+10003'
-73.9110,40.7620,42,353,'NY45th St10003+NY30th Ave+10003'
-73.9110,40.8623,5,11,'NYCedar Ave10003|NYCedar Ave10003+NYLanding Rd+10003'
-73.9110,40.6995,19,40,'NYWyckoff Ave10003+NYMyrtle Ave+10003|NYWyckoff Ave10003+NYPalmetto St+10003|NYMyrtle Ave10003|NYMyrtle Ave10003+NYMyrtle Ave+10003|NYMyrtle Ave10003+NYPalmetto St+10003|NYPalmetto St10003|NYPalmetto St10003+NYPalmetto St+10003'
-73.9110,40.8152,0,8,'NYTerrace Pl10003'
-73.9110,40.8431,2,30,'NYSheridan Ave10003|NYSheridan Ave10003+NYMount Eden Pkwy+10003'
-73.9110,40.8240,0,3,'NYE 162nd St10003+NYWashington Ave+10003'
-73.9110,40.6173,0,3,'NYAve U10003+NYE 66th St+10003'
-73.9109,40.8136,0,15,'NYE 149th St10003+NYCauldwell Ave+10003|NYCauldwell Ave10003'
-73.9109,40.6877,0,16,'NYJoy Way10003|NYJoy Way10003+NYEvergreen Ave+10003|NYJoy Way10003+NYCovert St+10003|NYEvergreen Ave10003+NYCovert St+10003|NYCovert St10003|NYCovert St10003+NYCovert St+10003'
-73.9109,40.8858,2,86,'NYW 235th St10003+NYNetherland Ave+10003'
-73.9109,40.7688,238,379,'NYSteinway St10003+NYAstoria Blvd S+10003'
-73.9109,40.6435,0,1,'NYE 89th St10003+NYBedell Ln+10003'
-73.9109,40.6763,2,21,'NYRockaway Ave10003+NYAtlantic Ave+10003'
-73.9109,40.8879,0,46,'NYHenry Hudson Pkwy E10003+NYNetherland Ave+10003|NYNetherland Ave10003'
-73.9109,40.8588,0,3,'NYLoring Pl N10003|NYLoring Pl N10003+NYHall of Fame Ter+10003'
-73.9109,40.8924,1,115,'NYBlackstone Pl10003'
-73.9109,40.6103,0,9,'NYE 59th Pl10003'
-73.9109,40.6230,0,2,'NYE 71st St10003|NYE 71st St10003+NYAvenue N+10003'
-73.9109,40.6334,0,3,'NYPaerdegat 2nd St10003|NYPaerdegat 2nd St10003+NYE 80th St+10003'
-73.9109,40.6854,1,29,'NYDecatur St10003+NYBushwick Ave+10003'
-73.9109,40.7676,15,269,'NY41st St10003+NY25th Ave+10003'
-73.9109,40.7608,1,60,'NY46th St10003+NY30th Rd+10003'
-73.9109,40.8004,0,1,'NYWalnut Ave10003+NYE 134th St+10003|NYE 134th St10003+NYRose Feiss Blvd+10003'
-73.9109,40.6061,0,7,'NYE 66th St10003+NY56th Dr+10003'
-73.9109,40.7296,12,15,'NYQueens Midtown Expy10001+NYQ Mid Expressway Lwr Deck Exit+10001|NYQ Mid Expressway Lwr Deck Exit10003'
-73.9108,40.8242,0,5,'NYElton Ave10003+NYWashington Ave+10003|NYElton Ave10003+NYBrook Ave+10003|NYWashington Ave10003+NYBrook Ave+10003'
-73.9108,40.9000,0,13,'NYW 252nd St10003+NYIndependence Ave+10003|NYW 252nd St10003+NYBingham Rd+10003|NYIndependence Ave10003|NYIndependence Ave10003+NYIndependence Ave+10003|NYIndependence Ave10003+NYBingham Rd+10003|NYBingham Rd10003'
-73.9108,40.7796,3,199,'NY27th St10003+NY21st Ave+10003'
-73.9108,40.6240,0,2,'NYRoyce Pl10003|NYRoyce Pl10003+NYE 72nd St+10003'
-73.9108,40.7079,1,32,'NYHarman St10003+NYWoodward Ave+10003'
-73.9108,40.6783,3,12,'NYRockaway Ave10003+NYFulton St+10003'
-73.9108,40.6264,0,1,'NYAve M10003|NYAve M10003+NYBergen Ave+10003'
-73.9108,40.6126,0,6,'NYOhio Walk10003'
-73.9108,40.8519,2,12,'NYGrand Ave10003|NYGrand Ave10003+NYW Tremont Ave+10003'
-73.9108,40.6831,0,16,'NYMoffat St10003|NYMoffat St10003+NYBroadway+10003'
-73.9108,40.8049,1,4,'NYBruckner Blvd10003+NYE 139th St+10003|NYE 139th St10003'
-73.9108,40.6422,0,3,'NYE 88th St10003+NYFarragut Rd+10003'
-73.9108,40.9046,0,6,'NYLadd Rd10003'
-73.9108,40.7241,0,1,'NY58th Pl10003|NY58th Pl10003+NY56th Dr+10003'
-73.9108,40.8617,5,12,'NYHampden Pl10003'
-73.9107,40.8455,0,17,'NYClifford Pl E10003|NYClifford Pl E10003+NYGrand Blvd+10003|NYClifford Pl E10003+NYGrand Concourse+10003|NYClifford Pl E10003+NYE Clifford Pl+10003|NYClifford Pl E10003+NYClifford Pl+10003|NYGrand Blvd10003+NYE Clifford Pl+10003|NYGrand Blvd10003+NYClifford Pl+10003|NYGrand Concourse10003+NYE Clifford Pl+10003|NYGrand Concourse10003+NYClifford Pl+10003|NYE Clifford Pl10003|NYE Clifford Pl10003+NYClifford Pl+10003|NYClifford Pl10003'
-73.9107,40.7132,5,24,'NY54th St10003|NY54th St10003+NYArnold Ave+10003|NY54th St10003+NYMetropolitan Ave+10003|NYArnold Ave10003|NYArnold Ave10003+NYMetropolitan Ave+10003'
-73.9107,40.7829,2,38,'NY20th Ave10003+NY24th St+10003|NY24th St10003'
-73.9107,40.7569,3,34,'NY49th St10003'
-73.9107,40.8390,1,3,'NYMorris Ave10003+NYE 171st St+10003|NYE 171st St10003'
-73.9107,40.8223,1,12,'NY3rd Ave10003+NYBrook Ave+10003'
-73.9107,40.6308,0,3,'NYPaerdegat 4th St10003|NYPaerdegat 4th St10003+NYPaerdegat Ave N+10003'
-73.9107,40.7761,682,721,'NYDitmars Blvd10003+NY31st St+10003'
-73.9107,40.8500,5,19,'NYW 177th St10003|NYW 177th St10003+NYJerome Ave+10003'
-73.9107,40.7692,40,92,'NYSteinway St10003+NYTriboro Plz+10003|NYSteinway St10003+NYI 278+10003'
-73.9107,40.7299,1,1,'NY54th Ave10003|NY54th Ave10003+NY54th Ave+10003|NY54th Ave10003+NYLong Island Exwy Svc Rd+10003|NYLong Island Exwy Svc Rd10006'
-73.9107,40.7583,10,150,'NYBryant Sq10003|NYBryant Sq10003+NY48th St+10003|NY31st Ave10003+NY48th St+10003'
-73.9107,40.6542,0,7,'NYLinden Blvd10002+NYE 98th St+10002|NYLinden Blvd10002+NYBrookdale Plz+10002|NYE 98th St10003+NYBrookdale Plz+10003|NYBrookdale Plz10003'
-73.9107,40.6107,0,2,'NYBassett Ave10003'
-73.9107,40.8484,3,11,'NYTownsend Ave10003|NYTownsend Ave10003+NYE 176th St+10003'
-73.9107,40.6344,0,6,'NYE 81st St10003+NYAve J+10003'
-73.9107,40.7046,6,32,'NYSeneca Ave10003+NYMenahan St+10003'
-73.9106,40.8470,0,14,'NYWalton Ave10003+NYE 175th St+10003'
-73.9106,40.8774,0,27,'NYW 227th St10003|NYW 227th St10003+NYAdrian Ave+10003|NYAdrian Ave10003+NYW 227 St+10003|NYW 227 St10003'
-73.9106,40.6542,2,12,'NYLinden Blvd10002+NYAmboy St+10002|NYAmboy St10003'
-73.9106,40.7217,0,7,'NY58th Pl10003+NY57th Dr+10003|NY57th Dr10003'
-73.9106,40.5583,0,2,'NYJanet Ln10003|NYJanet Ln10003+NYReid Ave+10003'
-73.9106,40.8375,0,27,'NYCollege Ave10003+NYE 170th St+10003'
-73.9106,40.8502,6,12,'NYE 177th St10003|NYE 177th St10003+NYJerome Ave+10003'
-73.9106,40.7530,44,39,'NYNewtown Rd10003|NYNewtown Rd10003+NYWoodside Ave+10003|NYNewtown Rd10003+NYState Hwy 25 Alt+10003|NYWoodside Ave10003'
-73.9106,40.7010,0,15,'NYGates Ave10003|NYGates Ave10003+NYGates Ave+10003|NYGates Ave10003+NYSt Nicholas Ave+10003|NYSt Nicholas Ave10003|NYSt Nicholas Ave10003+NYSt Nicholas Ave+10003'
-73.9106,40.8246,1,1,'NYWashington Ave10003+NYE 163rd St+10003'
-73.9106,40.6204,0,3,'NYE 69th St10003+NYAve T+10003'
-73.9105,40.6575,1,33,'NYHopkinson Ave10003+NYLott Ave+10003|NYLott Ave10003+NYThomas S Boyland St+10003'
-73.9105,40.6398,0,2,'NYE 86th St10003+NYGlenwood Rd+10003'
-73.9105,40.7448,36,124,'NY54th St10003+NYRoosevelt Ave+10003'
-73.9105,40.6462,0,3,'NYKrier Pl10003|NYKrier Pl10003+NYNolans Ln+10003|NYKrier Pl10003+NYE 92nd St+10003|NYNolans Ln10003|NYNolans Ln10003+NYE 92nd St+10003'
-73.9105,40.6110,0,3,'NYE 60th Pl10003'
-73.9105,40.8326,0,28,'NYClay Ave10003+NYE 168th St+10003|NYE 168th St10003'
-73.9105,40.7157,1,12,'NYNurge Ave10003+NY56th St+10003'
-73.9105,40.8232,0,19,'NYE 161st St10003+NYBrook Ave+10003'
-73.9105,40.8307,1,11,'NYWebster Ave10003+NYE 167th St+10003'
-73.9105,40.6477,0,4,'NYE 93rd St10003+NYAmes Ln+10003|NYAmes Ln10003'
-73.9105,40.7199,1,1,'NYGrand Ave10003+NY58th Pl+10003|NY58th Pl10003'
-73.9105,40.7059,0,32,'NYOnderdonk Ave10003+NYBleecker St+10003'
-73.9105,40.8056,0,1,'NYE 140th St10003|NYE 140th St10003+NYBruckner Blvd+10003'
-73.9104,40.7094,2,26,'NYHimrod St10003+NYFairview Ave+10003'
-73.9104,40.6399,0,2,'NYGlenwood Rd10003+NYVarkens Hook Rd+10003|NYVarkens Hook Rd10003'
-73.9104,40.6117,0,10,'NYMayfair Dr N10003'
-73.9104,40.8198,2,48,'NYE 157th St10003|NYE 157th St10003+NYSaint Anns Ave+10003'
-73.9104,40.6684,0,7,'NYRockaway Ave10003+NYBelmont Ave+10003|NYBelmont Ave10003'
-73.9104,40.7118,0,2,'NYAmory Ct10003|NYAmory Ct10003+NYGrandview Ave+10003'
-73.9104,40.8557,2,2,'NYDr Martin Luther King Jr Blvd10003+NYW 180th St+10003|NYW 180th St10003|NYW 180th St10003+NYUniversity Ave+10003'
-73.9104,40.8868,0,26,'NYNetherland Ave10003+NYW 236th St+10003'
-73.9104,40.8805,3,29,'NYW 230th St10003+NYRiverdale Ave+10003|NYW 230th St10003+NYEwen Ave+10003|NYRiverdale Ave10003|NYRiverdale Ave10003+NYEwen Ave+10003|NYEwen Ave10003'
-73.9104,40.6374,0,3,'NYFlatlands Ave10003+NYE 84th St+10003'
-73.9104,40.8096,0,3,'NYE 144th St10003|NYE 144th St10003+NYJackson Ave+10003'
-73.9104,40.6943,2,27,'NYJefferson Ave10003+NYKnickerbocker Ave+10003'
-73.9104,40.7457,3,15,'NYSkillman Ave10003+NY54th St+10003|NY54th St10003'
-73.9104,40.7726,8,143,'NY36th St10003+NY23rd Ave+10003'
-73.9103,40.8344,0,13,'NYTeller Ave10003+NYE 169th St+10003'
-73.9103,40.7026,0,14,'NYCypress Ave10003+NYLinden St+10003'
-73.9103,40.8123,0,2,'NYTrinity Ave10003'
-73.9103,40.8288,0,1,'NYPark Ave10003+NYE 166th St+10003'
-73.9103,40.6967,2,47,'NYIrving Ave10003+NYPutnam Ave+10003'
-73.9103,40.6919,1,18,'NYWilson Ave10003+NYWeirfield St+10003'
-73.9103,40.7992,0,1,'NYLocust Ave10003+NYE 133rd St+10003|NYE 133rd St10003'
-73.9103,40.6328,0,7,'NYPaerdegat 3rd St10003|NYPaerdegat 3rd St10003+NYE 80th St+10003'
-73.9103,40.8449,0,14,'NYE 174th St10003+NYSelwyn Ave+10003|NYSelwyn Ave10003'
-73.9103,40.6979,0,2,'NYMadison St10003|NYMadison St10003+NYRidgewood Pl+10003'
-73.9103,40.8743,24,53,'NYBroadway10002+NYW 225 St+10002|NYBroadway10002+NYW 225th St+10002|NYUS Rte 910002+NYW 225 St+10002|NYUS Rte 910002+NYW 225th St+10002|NYW 225 St10003|NYW 225th St10003'
-73.9103,40.7758,180,208,'NY32nd St10003|NY32nd St10003+NYDitmars Blvd+10003'
-73.9103,40.6178,0,4,'NYAve U10003+NYE 67th St+10003|NYE 67th St10003'
-73.9102,40.8011,0,3,'NYE 135th St10003+NYWalnut Ave+10003|NYE 135th St10003+NYRose Feiss Blvd+10003'
-73.9102,40.6896,0,13,'NYEldert St10003+NYCentral Ave+10003'
-73.9102,40.6235,0,2,'NYE 72nd St10003|NYE 72nd St10003+NYAvenue N+10003'
-73.9102,40.7694,70,166,'NYSteinway St10003+NYAstoria Blvd N+10003|NYSteinway St10003+NYAstoria Blvd+10003'
-73.9102,40.7343,4,13,'NY53rd Ave10003|NY53rd Ave10003+NY58th St+10003'
-73.9102,40.8119,0,4,'NYE 147th St10003|NYE 147th St10003+NYTrinity Ave+10003|NYTrinity Ave10003'
-73.9102,40.8476,3,9,'NYWalton Ave10003+NYHenwood Pl+10003|NYHenwood Pl10003'
-73.9102,40.7530,40,39,'NY51st St10003|NY51st St10003+NYState Hwy 25 Alt+10003|NY51st St10003+NYNorthern Blvd+10003'
-73.9102,40.6055,0,2,'NYWhitman Dr10003+NY56th Dr+10003'
-73.9102,40.7132,0,14,'NYRene Ct10003|NYRene Ct10003+NYMetropolitan Ave+10003'
-73.9102,40.8078,0,3,'NYE 142nd St10003+NYConcord Ave+10003'
-73.9102,40.7602,3,316,'NY47th St10003+NY30th Rd+10003|NY30th Rd10003'
-73.9102,40.8583,1,1,'NYHall of Fame Ter10003+NYAndrews Ave N+10003|NYAndrews Ave N10003'
-73.9102,40.6440,1,2,'NYRemsen Ave10003+NYBedell Ln+10003'
-73.9102,40.7616,17,198,'NY46th St10003+NY30th Ave+10003'
-73.9102,40.6873,0,10,'NYSchaefer St10003+NYEvergreen Ave+10003|NYHallelujah Way10003+NYEvergreen Ave+10003'
-73.9102,40.8520,0,10,'NYDavidson Ave10003+NYW Tremont Ave+10003'
-73.9102,40.6200,0,1,'NYE 69th St10003+NYVeterans Ave+10003'
-73.9102,40.7293,12,14,'NYQ Mid Expressway Lwr Deck en10003|NYQ Mid Expressway Lwr Deck en10003+NYQ Mid Expressway Lwr Deck Exit+10003|NYQ Mid Expressway Lwr Deck en10003+NYQueens Midtown Expy+10003|NYQ Mid Expressway Lwr Deck Exit10003|NYQ Mid Expressway Lwr Deck Exit10003+NYQueens Midtown Expy+10003'
-73.9102,40.8205,2,10,'NYE 158th St10003|NYE 158th St10003+NYSaint Anns Ave+10003'
-73.9102,40.7422,8,45,'NYQueens Blvd10002+NY55th St+10002|NYState Hwy 2510002+NY55th St+10002|NY55th St10003'
-73.9102,40.7485,7,50,'NY39th Ave10003|NY39th Ave10003+NYWoodside Ave+10003'
-73.9102,40.7138,0,5,'NY54th Pl10003|NY54th Pl10003+NYArnold Ave+10003'
-73.9101,40.7792,5,300,'NY21st Ave10003+NY28th St+10003'
-73.9101,40.6535,0,9,'NYE 98th St10003+NYAve B+10003|NYAve B10003'
-73.9101,40.8159,0,11,'NYCauldwell Ave10003'
-73.9101,40.6849,4,66,'NYCooper St10003+NYBushwick Ave+10003'
-73.9101,40.6559,0,4,'NYHegeman Ave10003+NYHopkinson Ave+10003|NYHegeman Ave10003+NYThomas S Boyland St+10003'
-73.9101,40.6739,2,9,'NYBergen St10003+NYEastern Pkwy+10003'
-73.9101,40.8245,2,35,'NYElton Ave10003|NYElton Ave10003+NYE 163rd St+10003'
-73.9101,40.8402,1,14,'NYMorris Ave10003+NYE 172nd St+10003|NYMorris Ave10003+NYSelwyn Ave+10003|NYE 172nd St10003+NYSelwyn Ave+10003|NYSelwyn Ave10003'
-73.9101,40.7672,15,192,'NY42nd St10003+NY25th Ave+10003'
-73.9101,40.9030,0,20,'NYW 254th St10003+NYRiver Crest Rd+10003|NYRiver Crest Rd10003'
-73.9101,40.5608,0,4,'NYBeach 201st St10003'
-73.9101,40.6827,0,13,'NYChauncey St10003+NYBroadway+10003'
-73.9101,40.6246,0,4,'NYRoyce Pl10003+NYRoyce St+10003|NYRoyce St10003'
-73.9101,40.7075,0,22,'NYGreene Ave10003+NYWoodward Ave+10003'
-73.9101,40.8770,0,16,'NYW 227th St10003+NYVan Corlear Pl+10003|NYW 227 St10003+NYVan Corlear Pl+10003|NYVan Corlear Pl10003'
-73.9101,40.6427,0,2,'NYFarragut Rd10003+NYE 89th St+10003'
-73.9100,40.8105,2,12,'NYE 145th St10003|NYE 145th St10003+NYJackson Ave+10003'
-73.9100,40.8225,0,2,'NY3rd Ave10003+NYE 161st St+10003|NYE 161st St10003'
-73.9100,40.7824,1,117,'NYCrescent St10003|NYCrescent St10003+NY20th Ave+10003|NY20th Ave10003+NY25th St+10003|NY25th St10003'
-73.9100,40.8935,0,13,'NYDodgewood Rd10003'
-73.9100,40.8134,4,37,'NYE 149th St10003+NYTrinity Ave+10003|NYTrinity Ave10003'
-73.9100,40.6484,0,2,'NYE 94th St10003+NYAve D+10003'
-73.9100,40.6763,0,5,'NYPleasant Pl10003'
-73.9100,40.8778,1,13,'NYW 228th St10003|NYW 228th St10003+NYTerrace View Ave+10003|NYW 228th St10003+NYAdrian Ave+10003|NYTerrace View Ave10003|NYTerrace View Ave10003+NYW 228 St+10003|NYAdrian Ave10003|NYAdrian Ave10003+NYW 228 St+10003|NYW 228 St10003'
-73.9100,40.8857,3,67,'NYW 235th St10003+NYJohnson Ave+10003'
-73.9100,40.7687,135,71,'NYAstoria Blvd10003+NY41st St+10003|NY41st St10003|NY41st St10003+NYAstoria Blvd S+10003'
-73.9100,40.7111,1,6,'NYStanhope St10003|NYStanhope St10003+NYGrandview Ave+10003'
-73.9100,40.6260,0,4,'NYBergen Ct10003|NYBergen Ct10003+NYBergen Ave+10003'
-73.9100,40.6348,0,4,'NYE 82nd St10003+NYAve J+10003'
-73.9099,40.7006,0,5,'NYPalmetto St10003+NYSt Nicholas Ave+10003'
-73.9099,40.7456,1,81,'NY54th St10003'
-73.9099,40.8999,0,3,'NYW 252nd St10003+NYBlackstone Ave+10003|NYBlackstone Ave10003'
-73.9099,40.7478,1,88,'NYWoodside Ave10003+NY39th Rd+10003|NY39th Rd10003'
-73.9099,40.8258,0,5,'NYWashington Ave10003+NYE 164th St+10003'
-73.9099,40.7041,0,18,'NYGrove St10003+NYSeneca Ave+10003'
-73.9099,40.7350,7,10,'NY52nd Rd10003|NY52nd Rd10003+NY58th St+10003'
-73.9099,40.8159,0,8,'NYCauldwell Ave10003'
-73.9099,40.8212,0,6,'NYE 159th St10003+NYSaint Anns Ave+10003'
-73.9099,40.8926,1,71,'NYArlington Ave10003'
-73.9099,40.7491,2,30,'NYWoodside Ave10003+NY39th Ave+10003|NY39th Ave10003'
-73.9099,40.6456,0,1,'NYFoster Ave10003+NYE 92nd St+10003'
-73.9099,40.6702,0,1,'NYThatford Ave10003'
-73.9099,40.6152,4,9,'NYE 65th St10003+NYStrickland Ave+10003'
-73.9099,40.7579,3,131,'NYBryant Sq10003|NYBryant Sq10003+NY49th St+10003'
-73.9099,40.8387,1,31,'NYCollege Ave10003+NYE 171st St+10003'
-73.9099,40.6775,0,12,'NYPleasant Pl10003|NYPleasant Pl10003+NYHerkimer St+10003'
-73.9099,40.8623,4,28,'NYLanding Rd10003'
-73.9098,40.6403,0,2,'NYGlenwood Rd10003+NYE 87th St+10003'
-73.9098,40.6209,0,3,'NYE 70th St10003+NYAve T+10003'
-73.9098,40.7516,7,17,'NY37th Ave10003|NY37th Ave10003+NYWoodside Ave+10003'
-73.9098,40.8573,0,10,'NYDr Martin Luther King Jr Blvd10003+NYW 181st St+10003|NYDr Martin Luther King Jr Blvd10003+NYHall of Fame Ter+10003|NYW 181st St10003|NYW 181st St10003+NYUniversity Ave+10003|NYW 181st St10003+NYHall of Fame Ter+10003|NYUniversity Ave10003+NYHall of Fame Ter+10003|NYHall of Fame Ter10003'
-73.9098,40.6698,1,7,'NYPitkin Ave10003+NYThatford Ave+10003'
-73.9098,40.6105,0,28,'NYBassett Walk10003|NYBassett Walk10003+NYBassett Ave+10003|NYBassett Ave10003'
-73.9098,40.8086,1,2,'NYSaint Marys St10003+NYConcord Ave+10003'
-73.9097,40.8483,0,15,'NYE 176th St10003+NYWalton Ave+10003'
-73.9097,40.8559,0,5,'NYAqueduct Ave10003|NYAqueduct Ave10003+NYW 180th St+10003|NYW 180th St10003|NYW 180th St10003+NYAqueduct Ave E+10003|NYAqueduct Ave E10003'
-73.9097,40.8190,1,24,'NYEagle Ave10003+NYE 156th St+10003|NYEagle Ave10003+NYThurman Munson Way+10003'
-73.9097,40.7055,0,27,'NYOnderdonk Ave10003+NYMenahan St+10003'
-73.9097,40.6543,1,6,'NYHopkinson Ave10003+NYLinden Blvd+10003|NYThomas S Boyland St10003+NYLinden Blvd+10003'
-73.9097,40.7131,0,28,'NYAmory Ct10003|NYAmory Ct10003+NYMetropolitan Ave+10003'
-73.9097,40.7636,17,530,'NY45th St10003+NY28th Ave+10003'
-73.9097,40.8305,1,3,'NYE 167th St10003+NYBrook Ave+10003'
-73.9097,40.7498,2,45,'NYWoodside Ave10003+NY38th Ave+10003|NYWoodside Ave10003+NYBarnett Ave+10003|NY38th Ave10003|NYBarnett Ave10003'
-73.9097,40.7090,0,52,'NYHarman St10003+NYFairview Ave+10003'
-73.9097,40.8059,3,1,'NYWales Ave10003|NYWales Ave10003+NYBruckner Blvd+10003'
-73.9097,40.6184,0,2,'NYAve U10003+NYE 68th St+10003'
-73.9097,40.8746,33,89,'NYBroadway10002+NYW 225th St+10002|NYUS Rte 910002+NYW 225th St+10002|NYW 225th St10003'
-73.9097,40.9109,0,5,'NYNy Orphan Aym Rd10003'
-73.9097,40.7998,1,0,'NYE 134th St10003+NYLocust Ave+10003'
-73.9097,40.8795,1,3,'NYW 230th St10003+NYTibbett Ave+10003'
-73.9097,40.7469,2,138,'NY39th Dr10003|NY39th Dr10003+NY54th St+10003|NY54th St10003'
-73.9097,40.8016,1,1,'NYE 136th St10003+NYWalnut Ave+10003|NYE 136th St10003+NYRose Feiss Blvd+10003'
-73.9097,40.7178,1,5,'NYRust St10003|NYRust St10003+NYFlushing Ave+10003|NYRust St10003+NY59th Dr+10003|NYFlushing Ave10003+NY59th Dr+10003|NY59th Dr10003'
-73.9097,40.8866,0,44,'NYJohnson Ave10003+NYW 236th St+10003'
-73.9096,40.7721,9,234,'NY37th St10003+NY23rd Ave+10003'
-73.9096,40.9038,0,1,'NYRiver Crest Rd10003'
-73.9096,40.6050,0,1,'NY56th Dr10003+NYArkansas Dr+10003'
-73.9096,40.6379,0,3,'NYFlatlands Ave10003+NYE 85th St+10003'
-73.9096,40.8323,2,20,'NYWebster Ave10003+NYE 168th St+10003'
-73.9096,40.6987,0,5,'NYWyckoff Ave10003+NYMadison St+10003|NYMadison St10003'
-73.9096,40.7754,135,424,'NY33rd St10003+NYDitmars Blvd+10003'
-73.9096,40.7144,0,25,'NY55th St10003+NYArnold Ave+10003'
-73.9096,40.6938,1,71,'NYHancock St10003+NYKnickerbocker Ave+10003'
-73.9096,40.6322,0,1,'NYPaerdegat 4th St10003|NYPaerdegat 4th St10003+NYAve K+10003|NYPaerdegat 4th St10003+NYE 80th St+10003|NYAve K10003|NYAve K10003+NYE 80th St+10003'
-73.9096,40.7357,7,6,'NY52nd Ave10003|NY52nd Ave10003+NY58th St+10003'
-73.9096,40.8118,0,15,'NYE 147th St10003+NYJackson Ave+10003'
-73.9096,40.9048,0,3,'NYIndependence Ave10003'
-73.9096,40.7449,26,129,'NY55th St10003+NYRoosevelt Ave+10003'
-73.9096,40.7021,0,30,'NYGates Ave10003+NYCypress Ave+10003'
-73.9096,40.8342,0,6,'NYE 169th St10003+NYClay Ave+10003'
-73.9096,40.8602,1,15,'NYW 183rd St10003+NYLoring Pl N+10003'
-73.9096,40.8837,0,67,'NYW 232nd St10003+NYOxford Ave+10003|NYOxford Ave10003'
-73.9096,40.8429,0,6,'NYMount Eden Pkwy10003+NYMorris Ave+10003'
-73.9096,40.7510,2,4,'NYWoodside Ave10003+NY37th Rd+10003|NY37th Rd10003'
-73.9096,40.8265,1,3,'NYWashington Ave10003+NYWeiher Ct+10003|NYWeiher Ct10003'
-73.9096,40.7474,1,5,'NYWoodside Ave10003+NY54th St+10003|NY54th St10003'
-73.9096,40.6963,1,34,'NYCornelia St10003+NYIrving Ave+10003'
-73.9096,40.7241,0,1,'NYValentine Pl10003|NYValentine Pl10003+NY56th Dr+10003|NYValentine Pl10003+NYMelvina Pl+10003|NY56th Dr10003+NYMelvina Pl+10003|NYMelvina Pl10003'
-73.9095,40.6915,2,20,'NYWilson Ave10003+NYHalsey St+10003'
-73.9095,40.6997,1,9,'NYMyrtle Ave10003+NYWoodbine St+10003|NYWoodbine St10003'
-73.9095,40.8148,0,20,'NYTrinity Ave10003+NYPontiac Pl+10003|NYPontiac Pl10003'
-73.9095,40.6975,1,4,'NYPutnam Ave10003+NYRidgewood Pl+10003|NYRidgewood Pl10003'
-73.9095,40.6059,0,1,'NYWhitman Dr10003'
-73.9095,40.7700,23,139,'NYSteinway St10003+NY23rd Rd+10003|NY23rd Rd10003'
-73.9095,40.8224,1,6,'NYE 161st St10003+NYSaint Anns Ave+10003'
-73.9095,40.6892,0,10,'NYCovert St10003+NYCentral Ave+10003'
-73.9095,40.7506,1,4,'NY38th Ave10003|NY38th Ave10003+NYWoodside Ave+10003'
-73.9095,40.8296,0,2,'NYPark Ave10003+NYGouverneur Pl+10003|NYGouverneur Pl10003'
-73.9095,40.8765,1,14,'NYW 227th St10003|NYW 227th St10003+NYMarble Hill Ave+10003|NYMarble Hill Ave10003+NYW 227 St+10003|NYW 227 St10003'
-73.9095,40.7454,3,34,'NYSkillman Ave10003+NY55th St+10003|NY55th St10003'
-73.9095,40.8438,0,7,'NYMorris Ave10003+NYE 173rd St+10003'
-73.9095,40.8464,0,23,'NYMorris Ave10003|NYMorris Ave10003+NYGrand Blvd+10003|NYMorris Ave10003+NYGrand Concourse+10003|NYMorris Ave10003+NYE 175th St+10003|NYGrand Blvd10003+NYE 175th St+10003|NYGrand Concourse10003+NYE 175th St+10003|NYE 175th St10003'
-73.9095,40.7787,16,310,'NY29th St10003+NY21st Ave+10003'
-73.9095,40.8371,2,16,'NYTeller Ave10003|NYTeller Ave10003+NYFindlay Ave+10003|NYFindlay Ave10003'
-73.9095,40.9018,0,18,'NYBlackstone Ave10003'
-73.9095,40.8491,3,8,'NYWalton Ave10003+NYMount Hope Pl+10003'
-73.9094,40.6515,0,1,'NYDitmas Ave10003+NYRockaway Pkwy+10003'
-73.9094,40.8763,0,2,'NYMarble Hill Ave10003+NYFort Charles Pl+10003|NYFort Charles Pl10003'
-73.9094,40.8095,0,2,'NYConcord Ave10003+NYE 144th St+10003'
-73.9094,40.6868,0,17,'NYDecatur St10003+NYEvergreen Ave+10003'
-73.9094,40.6422,0,3,'NYE 89th St10003+NYBayview Pl+10003'
-73.9094,40.8540,0,20,'NYW Burnside Ave10003+NYGrand Ave+10003'
-73.9094,40.8760,0,10,'NYMarble Hill Ave10003+NYMarble Hill Ln+10003|NYMarble Hill Ln10003'
-73.9094,40.8229,2,9,'NYE 161st St10003|NYE 161st St10003+NY3rd Ave+10003'
-73.9094,40.8413,0,5,'NYTeller Ave10003'
-73.9094,40.7613,30,379,'NY47th St10003+NY30th Ave+10003'
-73.9094,40.6682,1,5,'NYThatford Ave10003'
-73.9094,40.8886,2,61,'NYHenry Hudson Pkwy E10003+NYJohnson Ave+10003|NYJohnson Ave10003'
-73.9094,40.6845,2,12,'NYMoffat St10003+NYBushwick Ave+10003'
-73.9094,40.8448,1,13,'NYMorris Ave10003+NYE 174th St+10003'
-73.9094,40.8879,1,75,'NYJohnson Ave10003+NYOxford Ave+10003|NYOxford Ave10003'
-73.9094,40.7231,0,42,'NYValentine Pl10003|NYValentine Pl10003+NYMaspeth Ave+10003|NYValentine Pl10003+NYMelvina Pl+10003|NYMaspeth Ave10003+NYMelvina Pl+10003|NYMelvina Pl10003'
-73.9094,40.7819,3,41,'NY26th St10003|NY26th St10003+NY20th Ave+10003'
-73.9093,40.8453,2,5,'NYIttner Pl10003'
-73.9093,40.8813,2,21,'NYW 231st St10003|NYW 231st St10003+NYIrwin Ave+10003|NYW 231st St10003+NYRiverdale Ave+10003|NYIrwin Ave10003|NYIrwin Ave10003+NYRiverdale Ave+10003'
-73.9093,40.6528,0,2,'NYHopkinson Ave10003|NYHopkinson Ave10003+NYE 98th St+10003|NYThomas S Boyland St10003|NYThomas S Boyland St10003+NYE 98th St+10003'
-73.9093,40.8979,0,10,'NYArlington Ave10003'
-73.9093,40.7070,1,8,'NYBleecker St10003+NYWoodward Ave+10003'
-73.9093,40.8370,0,9,'NYTeller Ave10003'
-73.9093,40.8837,0,29,'NYW 232nd St10003+NYCambridge Ave+10003|NYCambridge Ave10003'
-73.9093,40.7197,0,6,'NY58th Dr10003'
-73.9093,40.6488,0,2,'NYAve D10003+NYE 95th St+10003'
-73.9093,40.7668,18,323,'NY43rd St10003+NY25th Ave+10003'
-73.9093,40.8270,1,3,'NYWashington Ave10003+NYE 165th St+10003'
-73.9093,40.6432,0,5,'NYRemsen Ave10003+NYFarragut Rd+10003'
-73.9093,40.6822,0,3,'NYBroadway10003+NYPilling St+10003|NYPilling St10003'
-73.9093,40.7289,12,14,'NYQ Mid Expressway Lwr Deck en10003|NYQ Mid Expressway Lwr Deck en10003+NYQ Mid Expressway Lwr Deck en+10003'
-73.9093,40.6729,0,3,'NYE New York Ave10003+NYSt Marks Ave+10003|NYSt Marks Ave10003'
-73.9093,40.9038,0,2,'NYRivercrest Rd10003'
-73.9093,40.6977,0,3,'NYPutnam Ave10003+NYOld Railroad Grade Aly+10003|NYOld Railroad Grade Aly10008'
-73.9092,40.7421,25,49,'NYQueens Blvd10002+NY56th St+10002|NY56th St10003|NY56th St10003+NYState Hwy 25+10003'
-73.9092,40.7363,8,24,'NYLaurel Hill Blvd10003+NY58th St+10003'
-73.9092,40.8231,0,7,'NY3rd Ave10003+NYSaint Anns Ave+10003|NYSaint Anns Ave10003'
-73.9092,40.6353,0,6,'NYE 83rd St10003+NYAve J+10003'
-73.9092,40.7365,1,12,'NYI 27810001|NYI 27810001+NYLaurel Hill Blvd+10001|NYI 27810001+NY58th St+10001|NYLaurel Hill Blvd10001|NYLaurel Hill Blvd10001+NYLaurel Hill Blvd+10001|NYLaurel Hill Blvd10001+NY58th St+10001|NYLaurel Hill Blvd10003|NYLaurel Hill Blvd10003+NYLaurel Hill Blvd+10003|NYLaurel Hill Blvd10003+NYBrooklyn Queens Expy+10003|NYLaurel Hill Blvd10003+NY58th St+10003|NYBrooklyn Queens Expy10001|NYBrooklyn Queens Expy10001+NY58th St+10001'
-73.9092,40.7217,1,18,'NY57th Dr10003'
-73.9092,40.7106,0,8,'NYHimrod St10003+NYGrandview Ave+10003'
-73.9092,40.7364,3,5,'NYBrooklyn Queens Expy10001+NY58th St+10001'
-73.9092,40.8518,1,13,'NYW Tremont Ave10003|NYW Tremont Ave10003+NYJerome Ave+10003|NYW Tremont Ave10003+NYE Tremont Ave+10003|NYJerome Ave10003+NYE Tremont Ave+10003|NYE Tremont Ave10003'
-73.9092,40.7002,1,11,'NYWoodbine St10003+NYSt Nicholas Ave+10003'
-73.9092,40.6471,0,1,'NYNolans Ln10003'
-73.9092,40.8075,0,1,'NYE 142nd St10003+NYWales Ave+10003|NYWales Ave10003'
-73.9092,40.8203,0,21,'NYEagle Ave10003+NYE 158th St+10003|NYE 158th St10003'
-73.9092,40.6560,0,13,'NYHegeman Ave10003+NYBristol St+10003'
-73.9092,40.8499,4,12,'NYE 177th St10003+NYWalton Ave+10003'
-73.9092,40.7037,0,19,'NYSeneca Ave10003+NYLinden St+10003'
-73.9092,40.8399,0,8,'NYCollege Ave10003+NYE 172nd St+10003'
-73.9092,40.6747,0,2,'NYDean St10003+NYEastern Pkwy+10003'
-73.9091,40.6157,0,7,'NYStrickland Ave10003'
-73.9091,40.8103,0,1,'NYConcord Ave10003+NYE 145th St+10003'
-73.9091,40.8159,0,14,'NYTrinity Ave10003'
-73.9091,40.8884,1,36,'NYJohnson Ave10003|NYJohnson Ave10003+NYJohnson Ave+10003|NYJohnson Ave10003+NYW 238th St+10003|NYW 238th St10003|NYW 238th St10003+NYJohnson Ave+10003'
-73.9091,40.8062,1,0,'NYE 141st St10003|NYE 141st St10003+NYBruckner Blvd+10003'
-73.9091,40.6408,0,6,'NYE 88th St10003+NYGlenwood Rd+10003'
-73.9091,40.8402,0,1,'NYCollege Ave10003|NYCollege Ave10003+NYTeller Ave+10003'
-73.9091,40.8555,0,6,'NYHarrison Ave10003+NYW 180th St+10003'
-73.9091,40.8234,7,13,'NY3rd Ave10003+NYE 162nd St+10003|NYE 162nd St10003'
-73.9091,40.7692,14,26,'NYAstoria Blvd N10003+NY41st St+10003|NYAstoria Blvd10003+NY41st St+10003|NY41st St10003'
-73.9091,40.6213,0,10,'NYE 71st St10003+NYAve T+10003'
-73.9091,40.6782,0,8,'NYTruxton St10003|NYTruxton St10003+NYFulton St+10003'
-73.9091,40.8630,2,70,'NYWebb Ave10003|NYWebb Ave10003+NYSedgwick Ave+10003'
-73.9091,40.8889,0,18,'NYJohnson Ave10003+NYHenry Hudson Pkwy E+10003|NYHenry Hudson Pkwy E10003|NYHenry Hudson Pkwy E10003+NYHenry Hudson Pkwy E+10003'
-73.9091,40.6762,4,13,'NYMonaco Pl10003'
-73.9091,40.6242,0,3,'NYRoyce St10003+NYAvenue N+10003'
-73.9091,40.8987,0,6,'NYArlington Ave10003'
-73.9091,40.8004,0,1,'NYE 135th St10003|NYE 135th St10003+NYLocust Ave+10003'
-73.9091,40.7149,0,2,'NY56th St10003+NYArnold Ave+10003'
-73.9091,40.7576,1,52,'NY50th St10003|NY50th St10003+NY31st Ave+10003'
-73.9091,40.8895,7,93,'NYW 239th St10003+NYHenry Hudson Pkwy W+10003'
-73.9091,40.9070,0,2,'NYSigma Pl10003'
-73.9091,40.6449,0,3,'NYE 92nd St10003+NYBedell Ln+10003|NYBedell Ln10003'
-73.9091,40.6821,0,1,'NYMarion St10003|NYMarion St10003+NYBroadway+10003'
-73.9091,40.6301,0,1,'NYPaerdegat Ave N10003+NYPaerdegat 6th St+10003|NYPaerdegat 6th St10003'
-73.9090,40.8772,0,21,'NYW 228th St10003+NYMarble Hill Ave+10003|NYMarble Hill Ave10003+NYW 228 St+10003'
-73.9090,40.8627,5,46,'NYSedgwick Ave10003+NYW Fordham Rd+10003'
-73.9090,40.6074,0,2,'NYDakota Pl10003'
-73.9090,40.8790,5,8,'NYCorlear Ave10003|NYCorlear Ave10003+NYW 230th St+10003'
-73.9090,40.7543,6,91,'NY51st St10003+NYBroadway+10003'
-73.9090,40.7685,30,62,'NYAstoria Blvd10003+NY42nd St+10003|NY42nd St10003|NY42nd St10003+NYAstoria Blvd S+10003'
-73.9090,40.7050,1,27,'NYGrove St10003+NYOnderdonk Ave+10003'
-73.9090,40.9075,0,3,'NYSigma Pl10003|NYSigma Pl10003+NYSigma Pl+10003'
-73.9090,40.6774,1,9,'NYMonaco Pl10003|NYMonaco Pl10003+NYHerkimer St+10003'
-73.9090,40.6703,0,3,'NYOsborn St10003'
-73.9090,40.7086,0,9,'NYFairview Ave10003+NYGreene Ave+10003'
-73.9090,40.7435,1,131,'NY56th St10003+NY43rd Ave+10003|NY43rd Ave10003'
-73.9089,40.7716,11,228,'NY23rd Ave10003+NY38th St+10003'
-73.9089,40.6316,1,1,'NYPaerdegat 5th St10003|NYPaerdegat 5th St10003+NYE 80th St+10003'
-73.9089,40.6189,0,2,'NYE 69th St10003+NYAve U+10003'
-73.9089,40.8210,0,3,'NYEagle Ave10003+NYE 159th St+10003|NYE 159th St10003'
-73.9089,40.8059,0,3,'NYBruckner Blvd10003+NYE 141st St+10003|NYE 141st St10003'
-73.9089,40.7632,3,144,'NY46th St10003+NY28th Ave+10003'
-73.9089,40.7131,4,21,'NYAndrews Ave10003|NYAndrews Ave10003+NYMetropolitan Ave+10003'
-73.9089,40.7749,85,535,'NYDitmars Blvd10003+NY35th St+10003'
-73.9089,40.7488,1,42,'NY54th St10003+NY39th Ave+10003'
-73.9089,40.6463,0,1,'NYFoster Ave10003+NYE 93rd St+10003'
-73.9089,40.7261,0,7,'NY55th Dr10003+NY59th St+10003|NY55th Dr10003+NYMaurice Ave+10003|NY59th St10003|NY59th St10003+NYMaurice Ave+10003'
-73.9089,40.6700,1,8,'NYPitkin Ave10003+NYOsborn St+10003'
-73.9089,40.6384,0,4,'NYE 86th St10003+NYFlatlands Ave+10003'
-73.9089,40.6820,0,3,'NYBroadway10003+NYStone Ave+10003|NYBroadway10003+NYMother Gaston Blvd+10003|NYStone Ave10003|NYMother Gaston Blvd10003'
-73.9089,40.6934,1,22,'NYWeirfield St10003+NYKnickerbocker Ave+10003'
-73.9089,40.6327,0,5,'NYE 81st St10003+NYAve K+10003'
-73.9088,40.7468,2,92,'NY55th St10003|NY55th St10003+NYWoodside Ave+10003'
-73.9088,40.7017,0,20,'NYPalmetto St10003+NYCypress Ave+10003'
-73.9088,40.6473,0,2,'NYE 94th St10003+NYNolans Ln+10003'
-73.9088,40.7254,0,1,'NY56th Ave10003|NY56th Ave10003+NY59th St+10003'
-73.9088,40.8473,2,2,'NYHenwood Pl10003'
-73.9088,40.9047,0,2,'NYW 256th St10003'
-73.9088,40.8996,0,6,'NYW 252nd St10003+NYArlington Ave+10003'
-73.9088,40.7139,0,10,'NY55th St10003+NYAndrews Ave+10003'
-73.9088,40.6958,3,28,'NYIrving Ave10003+NYJefferson Ave+10003'
-73.9088,40.6911,1,45,'NYWilson Ave10003+NYEldert St+10003'
-73.9088,40.7131,0,9,'NYTonsor St10003|NYTonsor St10003+NYMetropolitan Ave+10003'
-73.9088,40.7247,1,12,'NY59th St10003+NY56th Rd+10003|NY56th Rd10003'
-73.9088,40.8894,4,19,'NYState Hwy 9a Alt10002+NYW 239th St+10002|NYW 239th St10003+NYHenry Hudson Pkwy+10003'
-73.9088,40.6982,6,41,'NYWyckoff Ave10003+NYPutnam Ave+10003|NYPutnam Ave10003|NYPutnam Ave10003+NYPutnam Ave+10003'
-73.9088,40.8469,3,12,'NYGrand Blvd10003+NYMorris Ave+10003|NYGrand Concourse10003+NYMorris Ave+10003|NYMorris Ave10003'
-73.9087,40.8188,0,11,'NYE 156th St10003+NYCauldwell Ave+10003|NYThurman Munson Way10003+NYCauldwell Ave+10003'
-73.9087,40.8320,0,9,'NYBrook Ave10003|NYBrook Ave10003+NYE 168th St+10003'
-73.9087,40.7280,26,15,'NYBorden Ave10003+NYQ Mid Expressway Lwr Deck Exit+10003|NYQ Mid Expressway Lwr Deck Exit10003'
-73.9087,40.6887,0,27,'NYSchaefer St10003+NYCentral Ave+10003|NYHallelujah Way10003|NYHallelujah Way10003+NYCentral Ave+10003'
-73.9087,40.6813,2,18,'NYSumpter St10003|NYSumpter St10003+NYStone Ave+10003|NYSumpter St10003+NYMother Gaston Blvd+10003'
-73.9087,40.8241,5,46,'NY3rd Ave10003+NYE 163rd St+10003'
-73.9087,40.8339,1,25,'NYWebster Ave10003+NYE 169th St+10003'
-73.9087,40.6427,0,8,'NYRemsen Ave10003+NYBayview Pl+10003'
-73.9087,40.6864,1,24,'NYCooper St10003+NYEvergreen Ave+10003'
-73.9087,40.6998,1,48,'NYMyrtle Ave10003+NYSt Nicholas Ave+10003|NYSt Nicholas Ave10003'
-73.9087,40.8778,1,5,'NYMarble Hill Ave10003|NYMarble Hill Ave10003+NYMarble Hill Ave+10003'
-73.9087,40.8116,0,13,'NYE 147th St10003+NYConcord Ave+10003'
-73.9087,40.8825,0,32,'NYW 232nd St10003|NYW 232nd St10003+NYRiverdale Ave+10003'
-73.9087,40.7814,4,85,'NY27th St10003|NY27th St10003+NY20th Ave+10003'
-73.9086,40.6247,0,1,'NYAvenue N10003'
-73.9086,40.7451,19,71,'NY56th St10003+NYRoosevelt Ave+10003'
-73.9086,40.8470,0,12,'NYE 175th St10003|NYE 175th St10003+NYGrand Blvd+10003|NYE 175th St10003+NYGrand Concourse+10003'
-73.9086,40.8430,0,7,'NYEastburn Ave10003+NYMount Eden Pkwy+10003|NYMount Eden Pkwy10003'
-73.9086,40.6841,0,34,'NYChauncey St10003+NYBushwick Ave+10003'
-73.9086,40.7175,0,2,'NY59th St10003'
-73.9086,40.8282,1,11,'NYE 166th St10003+NYWashington Ave+10003'
-73.9086,40.7609,10,288,'NY30th Ave10003+NY48th St+10003'
-73.9086,40.8480,0,17,'NYE 176th St10003+NYMorris Ave+10003'
-73.9086,40.7066,1,14,'NYWoodward Ave10003+NYMenahan St+10003'
-73.9086,40.8146,2,3,'NYPontiac Pl10003|NYPontiac Pl10003+NYJackson Ave+10003'
-73.9086,40.8437,0,4,'NYEastburn Ave10003+NYE 173rd St+10003'
-73.9086,40.8893,0,9,'NYW 239th St10003+NYHenry Hudson Pkwy E+10003|NYHenry Hudson Pkwy E10003'
-73.9086,40.7452,4,5,'NYSkillman Ave10003+NY56th St+10003'
-73.9086,40.7379,0,15,'NY58th Pl10003|NY58th Pl10003+NY58th St+10003'
-73.9085,40.8871,1,62,'NYTulfan Ter10003'
-73.9085,40.8760,1,3,'NYW 228th St10003+NYMarble Hill Ln+10003|NYMarble Hill Ln10003|NYMarble Hill Ln10003+NYW 228 St+10003'
-73.9085,40.6357,0,4,'NYAve J10003+NYE 84th St+10003'
-73.9085,40.6173,0,1,'NYE 68th St10003'
-73.9085,40.6818,0,12,'NYBroadway10003+NYGranite St+10003|NYGranite St10003'
-73.9085,40.6973,0,5,'NYCornelia St10003+NYOld Railroad Grade Aly+10003'
-73.9085,40.7175,2,14,'NY59th St10003'
-73.9085,40.8538,4,9,'NYDavidson Ave10003+NYW Burnside Ave+10003'
-73.9085,40.8936,1,49,'NYHenry Hudson Pkwy W10003+NYW 246th St+10003'
-73.9085,40.7665,12,398,'NY44th St10003+NY25th Ave+10003'
-73.9085,40.8653,8,65,'NYBailey Ave10003|NYBailey Ave10003+NYSedgwick Ave+10003'
-73.9085,40.7102,0,20,'NYHarman St10003+NYGrandview Ave+10003'
-73.9085,40.8943,1,20,'NYW 247th St10003|NYW 247th St10003+NYHenry Hudson Pkwy W+10003'
-73.9085,40.6684,0,1,'NYOsborn St10003'
-73.9085,40.8028,0,1,'NYE 138th St10003+NYWalnut Ave+10003|NYE 138th St10003+NYRose Feiss Blvd+10003'
-73.9085,40.7553,3,63,'NY51st St10003+NY32nd Ave+10003|NY32nd Ave10003'
-73.9085,40.7780,23,356,'NY21st Ave10003+NY31st St+10003'
-73.9085,40.8448,1,17,'NYEastburn Ave10003|NYEastburn Ave10003+NYE 174th St+10003'
-73.9085,40.8246,2,10,'NYBoston Rd10003|NYBoston Rd10003+NY3rd Ave+10003'
-73.9085,40.7168,0,3,'NY59th St10003'
-73.9085,40.6079,0,3,'NYMayfair Dr S10003+NYE 66th St+10003'
-73.9084,40.8065,1,2,'NYSouthern Blvd10003|NYSouthern Blvd10003+NYBruckner Blvd+10003'
-73.9084,40.8452,0,1,'NYEastburn Ave10003|NYEastburn Ave10003+NYIttner Pl+10003'
-73.9084,40.8576,0,5,'NYAqueduct Ave10003+NYClinton Pl+10003|NYClinton Pl10003|NYClinton Pl10003+NYAqueduct Ave E+10003'
-73.9084,40.7032,0,20,'NYSeneca Ave10003+NYGates Ave+10003'
-73.9084,40.7772,13,186,'NY32nd St10003'
-73.9084,40.7260,0,4,'NYOnderdonk Ave10003|NYOnderdonk Ave10003+NY55th Dr+10003'
-73.9084,40.6733,0,1,'NYMother Gaston Blvd10003|NYMother Gaston Blvd10003+NYE New York Ave+10003|NYE New York Ave10003+NYStone Ave+10003|NYStone Ave10003'
-73.9084,40.8222,0,1,'NYEagle Ave10003+NYE 161st St+10003'
-73.9084,40.8526,5,11,'NYE 179th St10003|NYE 179th St10003+NYJerome Ave+10003'
-73.9084,40.8513,3,11,'NYWalton Ave10003+NYE Tremont Ave+10003'
-73.9084,40.8151,0,3,'NYE 151st St10003|NYE 151st St10003+NYJackson Ave+10003'
-73.9084,40.8826,1,113,'NYW 232nd St10003|NYW 232nd St10003+NYRiverdale Ave+10003'
-73.9084,40.6412,0,2,'NYGlenwood Rd10003+NYE 89th St+10003'
-73.9084,40.6494,0,1,'NYAve D10003+NYE 96th St+10003'
-73.9084,40.8808,2,12,'NYW 231st St10003+NYTibbett Ave+10003'
-73.9084,40.6218,0,2,'NYAve T10003+NYE 72nd St+10003|NYE 72nd St10003'
-73.9084,40.7181,0,3,'NY59th Rd10003'
-73.9084,40.7452,7,41,'NYSkillman Ave10003|NYSkillman Ave10003+NYRoosevelt Ave+10003'
-73.9084,40.8551,0,6,'NYGrand Ave10003+NYW 180th St+10003'
-73.9084,40.8756,7,28,'NYW 228th St10003|NYW 228th St10003+NYBroadway+10003|NYW 228th St10003+NYUS Rte 9+10003|NYBroadway10002+NYW 228 St+10002|NYUS Rte 910002+NYW 228 St+10002|NYW 228 St10003'
-73.9083,40.8891,0,32,'NYJohnson Ave10003|NYJohnson Ave10003+NYHenry Hudson Pkwy E+10003|NYJohnson Ave10003+NYW 239th St+10003|NYHenry Hudson Pkwy E10003|NYHenry Hudson Pkwy E10003+NYW 239th St+10003|NYHenry Hudson Pkwy E10003+NYHenry Hudson Pkwy E+10003|NYW 239th St10003+NYHenry Hudson Pkwy E+10003'
-73.9083,40.7699,3,48,'NY23rd Rd10003+NY41st St+10003'
-73.9083,40.7386,0,32,'NY48th Ave10003|NY48th Ave10003+NY58th St+10003'
-73.9083,40.9032,0,2,'NYW 255th St10003'
-73.9083,40.7501,1,5,'NY38th Ave10003+NY54th St+10003'
-73.9083,40.7185,0,2,'NYFlushing Ave10003+NY59th St+10003'
-73.9083,40.7205,0,29,'NYGrand Ave10003+NY58th Rd+10003|NYGrand Ave10003+NY59th St+10003|NY58th Rd10003'
-73.9083,40.7420,30,113,'NYQueens Blvd10002+NY57th St+10002|NYState Hwy 2510002+NY57th St+10002|NY57th St10003'
-73.9083,40.8488,3,9,'NYMorris Ave10003+NYMount Hope Pl+10003'
-73.9083,40.6066,0,1,'NYWhitman Dr10003'
-73.9083,40.6791,0,16,'NYStone Ave10003+NYLake Mother Gaston Bay+10003|NYLake Mother Gaston Bay10003|NYLake Mother Gaston Bay10003+NYMother Gaston Blvd+10003|NYLake Mother Gaston Bay10003+NYSomers St+10003'
-73.9083,40.7145,1,13,'NY56th St10003+NYAndrews Ave+10003'
-73.9083,40.7572,11,131,'NYHobart St10003|NYHobart St10003+NY31st Ave+10003'
-73.9083,40.6238,0,9,'NYBergen Cove10003|NYBergen Cove10003+NYRoyce St+10003'
-73.9083,40.8936,0,18,'NYState Hwy 9a Alt10002+NYW 246th St+10002|NYHenry Hudson Pkwy10002+NYW 246th St+10002'
-73.9082,40.7046,0,14,'NYOnderdonk Ave10003+NYLinden St+10003'
-73.9082,40.6561,1,17,'NYHegeman Ave10003+NYChester St+10003|NYChester St10003'
-73.9082,40.6674,1,25,'NYOsborn St10003|NYOsborn St10003+NYSutter Ave+10003'
-73.9082,40.8162,3,14,'NYJackson Ave10003'
-73.9082,40.8101,1,12,'NYWales Ave10003+NYE 145th St+10003'
-73.9082,40.7081,3,22,'NYFairview Ave10003+NYBleecker St+10003'
-73.9082,40.7711,56,299,'NYSteinway St10003+NY23rd Ave+10003'
-73.9082,40.6297,2,1,'NYPaerdegat 7th St10003|NYPaerdegat 7th St10003+NYPaerdegat Ave N+10003'
-73.9082,40.8253,0,4,'NY3rd Ave10003+NYE 164th St+10003'
-73.9082,40.8072,1,2,'NYSouthern Blvd10003+NYE 142nd St+10003|NYE 142nd St10003'
-73.9082,40.8973,1,27,'NYRiverdale Ave10003|NYRiverdale Ave10003+NYHenry Hudson Pkwy W+10003|NYRiverdale Ave10003+NYW 249th St+10003|NYHenry Hudson Pkwy W10003|NYHenry Hudson Pkwy W10003+NYHenry Hudson Pkwy W+10003|NYHenry Hudson Pkwy W10003+NYW 249th St+10003|NYW 249th St10003'
-73.9082,40.6754,3,17,'NYMother Gaston Blvd10003|NYMother Gaston Blvd10003+NYEastern Pkwy+10003|NYMother Gaston Blvd10003+NYPacific St+10003|NYStone Ave10003|NYStone Ave10003+NYEastern Pkwy+10003|NYStone Ave10003+NYPacific St+10003|NYEastern Pkwy10003+NYPacific St+10003'
-73.9082,40.7744,72,289,'NY36th St10003+NYDitmars Blvd+10003'
-73.9082,40.8201,0,7,'NYE 158th St10003+NYCauldwell Ave+10003'
-73.9082,40.6467,0,3,'NYE 94th St10003+NYFoster Ave+10003'
-73.9082,40.6312,0,1,'NYPaerdegat 6th St10003|NYPaerdegat 6th St10003+NYE 80th St+10003'
-73.9082,40.7367,5,8,'NYLaurel Hill Blvd10003+NY58th Pl+10003|NY58th Pl10003'
-73.9082,40.6388,0,2,'NYFlatlands Ave10003+NYE 87th St+10003'
-73.9082,40.8130,5,20,'NYE 149th St10003+NYConcord Ave+10003'
-73.9082,40.6194,0,1,'NYE 70th St10003+NYAve U+10003'
-73.9081,40.6784,0,6,'NYTruxton St10003+NYLake Mother Gaston Bay+10003|NYStone Ave10003+NYLake Mother Gaston Bay+10003|NYLake Mother Gaston Bay10003|NYLake Mother Gaston Bay10003+NYMother Gaston Blvd+10003'
-73.9081,40.6332,0,1,'NYE 82nd St10003+NYAve K+10003'
-73.9081,40.9075,0,2,'NYSigma Pl10003'
-73.9081,40.8894,0,9,'NYHenry Hudson Pkwy E10003+NYRiverdale Ave+10003|NYRiverdale Ave10003'
-73.9081,40.5917,3,8,'NYShore Pkwy10002|NYShore Pkwy10002+NYShore Pkwy+10002'
-73.9081,40.7462,6,94,'NY56th St10003+NYWoodside Ave+10003'
-73.9081,40.8473,0,21,'NYGrand Blvd10003+NYEastburn Ave+10003|NYGrand Concourse10003+NYEastburn Ave+10003|NYEastburn Ave10003'
-73.9081,40.9112,0,1,'NYAsylum Rd10003'
-73.9081,40.7629,13,231,'NY47th St10003+NY28th Ave+10003'
-73.9081,40.6478,0,16,'NYNolans Ln10003+NYE 95th St+10003'
-73.9081,40.8291,0,2,'NYGouverneur Pl10003|NYGouverneur Pl10003+NYWashington Ave+10003'
-73.9081,40.8567,0,6,'NYHarrison Ave10003|NYHarrison Ave10003+NYW 181st St+10003'
-73.9081,40.6930,1,33,'NYKnickerbocker Ave10003+NYHalsey St+10003'
-73.9081,40.7012,2,28,'NYWoodbine St10003+NYCypress Ave+10003'
-73.9081,40.8160,2,13,'NYE 152nd St10003'
-73.9081,40.7507,1,5,'NY54th St10003+NY37th Rd+10003|NY37th Rd10003'
-73.9081,40.8900,0,17,'NYHenry Hudson Pkwy E10003|NYHenry Hudson Pkwy E10003+NYHenry Hudson Pkwy E+10003'
-73.9080,40.6954,1,45,'NYHancock St10003+NYIrving Ave+10003'
-73.9080,40.7267,2,73,'NY55th Rd10003|NY55th Rd10003+NYMaurice Ave+10003'
-73.9080,40.6906,0,25,'NYWilson Ave10003+NYCovert St+10003'
-73.9080,40.7684,25,105,'NYAstoria Blvd10003+NY43rd St+10003|NY43rd St10003|NY43rd St10003+NYAstoria Blvd S+10003'
-73.9080,40.6440,0,2,'NYFarragut Rd10003+NYE 92nd St+10003'
-73.9080,40.8318,1,4,'NYPark Ave10003+NYE 168th St+10003'
-73.9080,40.8783,2,18,'NYKingsbridge Ave10003|NYKingsbridge Ave10003+NYW 230th St+10003|NYKingsbridge Ave10003+NYMarble Hill Ave+10003|NYW 230th St10003+NYMarble Hill Ave+10003|NYMarble Hill Ave10003'
-73.9080,40.7486,3,68,'NY55th St10003+NY39th Ave+10003'
-73.9080,40.6421,0,2,'NYSchool Ln10003+NYRemsen Ave+10003'
-73.9080,40.8497,1,23,'NYE 177th St10003+NYMorris Ave+10003'
-73.9080,40.7072,0,5,'NYMenahan St10003+NYSt Johns Rd+10003|NYSt Johns Rd10003'
-73.9080,40.8824,0,36,'NYW 232nd St10003+NYIrwin Ave+10003'
-73.9080,40.7130,2,9,'NY55th St10003|NY55th St10003+NYMetropolitan Ave+10003'
-73.9080,40.6978,2,15,'NYWyckoff Ave10003+NYCornelia St+10003|NYCornelia St10003|NYCornelia St10003+NYCornelia St+10003'
-73.9080,40.8889,0,23,'NYW 239th St10003|NYW 239th St10003+NYRiverdale Ave+10003'
-73.9080,40.7691,7,18,'NYAstoria Blvd N10003+NY42nd St+10003|NY42nd St10003|NY42nd St10003+NYAstoria Blvd+10003'
-73.9080,40.6883,0,22,'NYDecatur St10003+NYCentral Ave+10003'
-73.9080,40.7118,0,4,'NYHimrod St10003+NYTonsor St+10003'
-73.9080,40.7553,2,79,'NY32nd Ave10003+NY53rd Pl+10003|NY53rd Pl10003'
-73.9080,40.8372,0,18,'NYE 170th St10003|NYE 170th St10003+NYClay Ave+10003'
-73.9080,40.7809,2,37,'NY20th Ave10003+NY28th St+10003|NY28th St10003'
-73.9080,40.6701,0,4,'NYPitkin Ave10003+NYWatkins St+10003'
-73.9080,40.8913,0,47,'NYHenry Hudson Pkwy E10003|NYHenry Hudson Pkwy E10003+NYHenry Hudson Pkwy E+10003'
-73.9080,40.8936,0,22,'NYHenry Hudson Pkwy E10003+NYW 246th St+10003'
-73.9080,40.7246,0,7,'NY59th Pl10003|NY59th Pl10003+NY56th Rd+10003'
-73.9079,40.5966,1,30,'NYFlatbush Ave10003+NYShore Pkwy+10003'
-73.9079,40.6860,0,16,'NYMoffat St10003+NYEvergreen Ave+10003'
-73.9079,40.8260,2,4,'NY3rd Ave10003+NYWeiher Ct+10003|NYWeiher Ct10003'
-73.9079,40.8685,0,11,'NYHeath Ave10003|NYHeath Ave10003+NYBailey Ave+10003'
-73.9079,40.6085,0,2,'NYBarlow Dr S10003'
-73.9079,40.6659,4,18,'NYBlake Ave10003+NYOsborn St+10003|NYOsborn St10003'
-73.9079,40.8582,0,6,'NYAqueduct Ave10003+NYW 182nd St+10003|NYW 182nd St10003|NYW 182nd St10003+NYAqueduct Ave E+10003'
-73.9079,40.6251,0,2,'NYBergen Ave10003'
-73.9079,40.7776,0,135,'NY21st Ave10003+NY32nd St+10003|NY32nd St10003'
-73.9079,40.7511,9,14,'NY37th Ave10003+NY54th St+10003'
-73.9079,40.6837,3,49,'NYPilling St10003+NYBushwick Ave+10003'
-73.9079,40.8138,0,6,'NYConcord Ave10003+NYE 150th St+10003|NYE 150th St10003'
-73.9079,40.8995,0,4,'NYW 252nd St10003+NYNetherland Ave+10003|NYNetherland Ave10003'
-73.9079,40.6546,1,15,'NYLinden Blvd10002+NYChester St+10002|NYChester St10003'
-73.9079,40.7364,1,8,'NYLaurel Hill Blvd10003+NY58th Pl+10003|NY58th Pl10003'
-73.9078,40.8262,0,1,'NYE 165th St10003|NYE 165th St10003+NY3rd Ave+10003'
-73.9078,40.8082,1,5,'NYSaint Marys St10003|NYSaint Marys St10003+NYSouthern Blvd+10003'
-73.9078,40.7062,0,19,'NYGrove St10003+NYWoodward Ave+10003'
-73.9078,40.7490,1,4,'NY55th St10003'
-73.9078,40.6781,0,10,'NYStone Ave10003|NYStone Ave10003+NYFulton St+10003|NYStone Ave10003+NYEastern Pkwy+10003|NYFulton St10003+NYMother Gaston Blvd+10003|NYFulton St10003+NYEastern Pkwy+10003|NYMother Gaston Blvd10003|NYMother Gaston Blvd10003+NYEastern Pkwy+10003'
-73.9078,40.8185,1,5,'NYE 156th St10003+NYTrinity Ave+10003|NYTrinity Ave10003|NYTrinity Ave10003+NYThurman Munson Way+10003'
-73.9078,40.6202,0,2,'NYE 71st St10003+NYVeterans Ave+10003'
-73.9078,40.7605,15,448,'NY49th St10003+NY30th Ave+10003'
-73.9078,40.6362,0,7,'NYAve J10003+NYE 85th St+10003'
-73.9078,40.7407,5,73,'NY47th Ave10003|NY47th Ave10003+NY58th St+10003'
-73.9078,40.8252,0,8,'NYBoston Rd10003+NYE 164th St+10003'
-73.9078,40.8864,0,66,'NYCambridge Ave10003'
-73.9078,40.7345,0,1,'NY52nd Rd10003+NY58th Ln+10003|NY58th Ln10003'
-73.9078,40.8596,5,47,'NYW 183rd St10003+NYDr Martin Luther King Jr Blvd+10003|NYW 183rd St10003+NYUniversity Ave+10003'
-73.9078,40.6814,2,5,'NYBroadway10003+NYFurman Ave+10003|NYFurman Ave10003'
-73.9078,40.6969,1,9,'NYJefferson Ave10003+NYOld Railroad Grade Aly+10003'
-73.9077,40.8212,1,11,'NYCauldwell Ave10003+NYE 160th St+10003|NYE 160th St10003'
-73.9077,40.7097,1,9,'NYGreene Ave10003+NYGrandview Ave+10003'
-73.9077,40.8238,1,5,'NYEagle Ave10003|NYEagle Ave10003+NYE 163rd St+10003'
-73.9077,40.8265,3,9,'NY3rd Ave10003+NYE 165th St+10003|NYE 165th St10003'
-73.9077,40.6618,2,16,'NYThatford Ave10003'
-73.9077,40.8298,0,10,'NYE 167th St10003+NYWashington Ave+10003'
-73.9077,40.8430,0,1,'NYMount Eden Pkwy10003|NYMount Eden Pkwy10003+NYWeeks Ave+10003'
-73.9077,40.7661,6,188,'NY45th St10003+NY25th Ave+10003'
-73.9077,40.9191,0,1,'NYBelvedere Dr10003|NYBelvedere Dr10003+NYSunnyside Dr+10003'
-73.9077,40.7110,0,12,'NYRicard St10003|NYRicard St10003+NYHarman St+10003'
-73.9077,40.7028,1,12,'NYSeneca Ave10003+NYPalmetto St+10003'
-73.9077,40.8690,1,2,'NYHeath Ave10003|NYHeath Ave10003+NYBailey Ave+10003'
-73.9077,40.7174,1,29,'NY59th Pl10003'
-73.9077,40.6222,0,1,'NYE 73rd St10003+NYAve T+10003'
-73.9077,40.7536,13,28,'NY53rd Pl10003+NYBroadway+10003'
-73.9077,40.8437,0,2,'NYWeeks Ave10003+NYE 173rd St+10003'
-73.9077,40.9115,0,4,'NYAsylum Rd10003|NYAsylum Rd10003+NYAsylum Rd+10003'
-73.9077,40.6727,2,3,'NYStone Ave10003+NYLiberty Ave+10003|NYMother Gaston Blvd10003+NYLiberty Ave+10003|NYLiberty Ave10003'
-73.9076,40.8509,2,14,'NYMorris Ave10003+NYE Tremont Ave+10003'
-73.9076,40.8548,0,9,'NYDavidson Ave10003+NYW 180th St+10003|NYW 180th St10003'
-73.9076,40.8267,3,7,'NY3rd Ave10003+NYFranklin Ave+10003|NYFranklin Ave10003'
-73.9076,40.7453,12,61,'NY57th St10003|NY57th St10003+NYRoosevelt Ave+10003'
-73.9076,40.6688,0,5,'NYBelmont Ave10003+NYWatkins St+10003'
-73.9076,40.8804,3,41,'NYW 231st St10003+NYCorlear Ave+10003'
-73.9076,40.7152,0,1,'NYAndrews Ave10003'
-73.9076,40.8872,0,10,'NYTulfan Ter10003'
-73.9076,40.8882,0,19,'NYW 238th St10003|NYW 238th St10003+NYRiverdale Ave+10003'
-73.9076,40.8522,0,11,'NYE 179th St10003+NYWalton Ave+10003'
-73.9076,40.7532,72,80,'NY53rd Pl10003|NY53rd Pl10003+NYState Hwy 25 Alt+10003|NY53rd Pl10003+NYNorthern Blvd+10003'
-73.9076,40.8628,5,35,'NYLoring Pl N10003'
-73.9076,40.6612,1,6,'NYRiverdale Ave10003+NYThatford Ave+10003'
-73.9075,40.6685,1,0,'NYWatkins St10003'
-73.9075,40.9123,0,1,'NYAdministration Hill10003|NYAdministration Hill10003+NYAdministration Hill+10003'
-73.9075,40.8450,3,11,'NYUS Hwy 110002+NYWeeks Ave+10002|NYWeeks Ave10003+NYCross Bronx Expy+10003'
-73.9075,40.6644,3,22,'NYOsborn St10003|NYOsborn St10003+NYDumont Ave+10003'
-73.9075,40.8636,1,68,'NYFather Zeiser Pl10003|NYFather Zeiser Pl10003+NYWebb Ave+10003'
-73.9075,40.8091,1,3,'NYSouthern Blvd10003+NYE 144th St+10003'
-73.9075,40.6784,0,1,'NYTruxton St10003+NYEastern Pkwy+10003'
-73.9075,40.8976,0,8,'NYW 250th St10003|NYW 250th St10003+NYHenry Hudson Pkwy E+10003'
-73.9075,40.7453,11,56,'NY57th St10003|NY57th St10003+NYRoosevelt Ave+10003'
-73.9075,40.7498,1,1,'NY55th St10003|NY55th St10003+NY38th Ave+10003'
-73.9075,40.7042,0,26,'NYOnderdonk Ave10003+NYGates Ave+10003'
-73.9075,40.7706,3,222,'NY23rd Ave10003+NY41st St+10003'
-73.9075,40.8149,0,11,'NYE 151st St10003+NYConcord Ave+10003'
-73.9075,40.7739,84,369,'NY37th St10003+NYDitmars Blvd+10003'
-73.9075,40.7077,0,15,'NYFairview Ave10003+NYMenahan St+10003'
-73.9075,40.6091,0,2,'NYGaylord Dr S10003'
-73.9075,40.6472,1,6,'NYFoster Ave10003+NYE 95th St+10003'
-73.9075,40.7369,3,29,'NY58th Ln10003|NY58th Ln10003+NYLaurel Hill Blvd+10003'
-73.9075,40.6738,1,2,'NYE New York Ave10003+NYBergen St+10003|NYBergen St10003'
-73.9075,40.7272,9,154,'NYBorden Ave10003+NYMaurice Ave+10003'
-73.9075,40.8844,0,88,'NYGreystone Ave10003'
-73.9075,40.8994,0,2,'NYRiverdale Ave10003+NYW 252nd St+10003|NYW 252nd St10003+NYHenry Hudson Pkwy W+10003'
-73.9075,40.6393,2,4,'NYE 88th St10003+NYFlatlands Ave+10003'
-73.9074,40.6198,0,1,'NYE 71st St10003+NYAve U+10003'
-73.9074,40.7406,0,91,'NY58th Ln10003|NY58th Ln10003+NY47th Ave+10003'
-73.9074,40.7163,0,8,'NY59th Pl10003+NY60th Ave+10003|NY60th Ave10003'
-73.9074,40.9033,0,14,'NYArlington Ave10003+NYW 255th St+10003'
-73.9074,40.7581,4,201,'NY51st St10003|NY51st St10003+NYHobart St+10003|NY51st St10003+NY54th St+10003|NYHobart St10003+NY54th St+10003|NY54th St10003'
-73.9074,40.6336,1,4,'NYE 83rd St10003+NYAve K+10003'
-73.9074,40.9102,0,2,'NYNy Orphan Aym Rd10003|NYNy Orphan Aym Rd10003+NYPalisade Ave+10003'
-73.9074,40.8478,2,46,'NYGrand Blvd10003+NYE 176th St+10003|NYGrand Blvd10003+NYWeeks Ave+10003|NYE 176th St10003+NYGrand Concourse+10003|NYGrand Concourse10003+NYWeeks Ave+10003|NYWeeks Ave10003'
-73.9074,40.8362,3,34,'NYWebster Ave10003+NYE 170th St+10003|NYE 170th St10003'
-73.9074,40.7281,13,5,'NYQ Mid Expressway Lwr Deck en10003|NYQ Mid Expressway Lwr Deck en10003+NYLong Island Exwy Svc Rd+10003|NYLong Island Exwy Svc Rd10006'
-73.9074,40.8878,5,27,'NYW 238th St10003'
-73.9074,40.7772,8,202,'NY33rd St10003+NY21st Ave+10003'
-73.9074,40.6293,0,2,'NYPaerdegat 8th St10003|NYPaerdegat 8th St10003+NYPaerdegat Ave N+10003'
-73.9074,40.8993,0,1,'NYState Hwy 9a Alt10002+NYW 252nd St+10002|NYW 252nd St10003+NYHenry Hudson Pkwy+10003'
-73.9074,40.7008,2,41,'NYMadison St10003+NYCypress Ave+10003'
-73.9074,40.8588,0,7,'NYBuchanan Pl10003|NYBuchanan Pl10003+NYAqueduct Ave+10003|NYBuchanan Pl10003+NYAqueduct Ave E+10003'
-73.9074,40.6308,0,2,'NYPaerdegat 7th St10003|NYPaerdegat 7th St10003+NYAve L+10003|NYPaerdegat 7th St10003+NYE 80th St+10003|NYAve L10003|NYAve L10003+NYE 80th St+10003'
-73.9073,40.6925,2,61,'NYEldert St10003+NYKnickerbocker Ave+10003'
-73.9073,40.6139,0,3,'NYOhio Walk10003'
-73.9073,40.6715,1,3,'NYStone Ave10003+NYGlenmore Ave+10003|NYMother Gaston Blvd10003+NYGlenmore Ave+10003'
-73.9073,40.8538,4,8,'NYW Burnside Ave10003|NYW Burnside Ave10003+NYE Burnside Ave+10003|NYW Burnside Ave10003+NYJerome Ave+10003|NYE Burnside Ave10003|NYE Burnside Ave10003+NYJerome Ave+10003'
-73.9073,40.7425,83,202,'NY44th Ave10003|NY44th Ave10003+NY58th St+10003'
-73.9073,40.7102,1,17,'NYRicard St10003|NYRicard St10003+NYGreene Ave+10003'
-73.9073,40.8177,0,1,'NYJackson Ave10003'
-73.9073,40.7625,5,200,'NY28th Ave10003+NY48th St+10003'
-73.9073,40.7273,5,10,'NYQ Mid Expressway Lwr Deck Exit10003+NYMaurice Ave+10003'
-73.9073,40.8564,1,2,'NYW 181st St10003+NYGrand Ave+10003'
-73.9073,40.7797,0,31,'NY20th Rd10003'
-73.9073,40.6950,0,31,'NYIrving Ave10003+NYWeirfield St+10003'
-73.9073,40.7804,0,49,'NY29th St10003|NY29th St10003+NY20th Ave+10003'
-73.9073,40.8021,0,1,'NYE 138th St10003+NYLocust Ave+10003'
-73.9073,40.6902,0,45,'NYWilson Ave10003+NYSchaefer St+10003'
-73.9073,40.7067,1,14,'NYGrove St10003+NYSt Johns Rd+10003|NYSt Johns Rd10003'
-73.9073,40.7459,2,79,'NY57th St10003+NYWoodside Ave+10003'
-73.9073,40.8099,1,2,'NYSouthern Blvd10003+NYE 145th St+10003|NYSouthern Blvd10003+NYTinton Ave+10003|NYE 145th St10003+NYTinton Ave+10003|NYTinton Ave10003'
-73.9073,40.7191,0,10,'NY59th Ave10003|NY59th Ave10003+NYFlushing Ave+10003'
-73.9073,40.8820,0,25,'NYW 232nd St10003+NYTibbett Ave+10003'
-73.9073,40.7697,1,25,'NY42nd St10003+NY23rd Rd+10003'
-73.9072,40.9196,0,2,'NYFranklin Ave10003|NYFranklin Ave10003+NYSunnyside Dr+10003'
-73.9072,40.9125,0,1,'NYCollege Rd10003'
-73.9072,40.8129,3,16,'NYE 149th St10003+NYWales Ave+10003'
-73.9072,40.8764,1,1,'NYBroadway10002|NYBroadway10002+NYW 230 St+10002|NYBroadway10002+NYUS Rte 9+10002|NYW 230 St10003|NYW 230 St10003+NYUS Rte 9+10003|NYUS Rte 910002|NYUS Rte 910002+NYUS Rte 9+10002'
-73.9072,40.7155,0,2,'NY59th Pl10003|NY59th Pl10003+NY60th Rd+10003|NY60th Rd10003'
-73.9072,40.7114,0,17,'NYTonsor St10003+NYHarman St+10003'
-73.9072,40.6879,1,23,'NYCooper St10003+NYCentral Ave+10003'
-73.9072,40.6787,0,6,'NYTruxton St10003|NYTruxton St10003+NYEastern Pkwy+10003'
-73.9072,40.8278,1,17,'NY3rd Ave10003+NYE 166th St+10003|NYE 166th St10003'
-73.9072,40.8852,4,106,'NYW 235th St10003'
-73.9072,40.8689,0,5,'NYHeath Ave10003|NYHeath Ave10003+NYHeath Ave+10003'
-73.9072,40.7103,0,11,'NYButler Ave10003|NYButler Ave10003+NYGreene Ave+10003'
-73.9072,40.6973,1,25,'NYWyckoff Ave10003+NYJefferson Ave+10003|NYJefferson Ave10003|NYJefferson Ave10003+NYJefferson Ave+10003'
-73.9072,40.8765,3,4,'NYBroadway10002'
-73.9072,40.8775,4,16,'NYGodwin Ter10003|NYGodwin Ter10003+NYW 230th St+10003'
-73.9072,40.7274,6,5,'NYQueens Midtown Expy10001+NYMaurice Ave+10001'
-73.9072,40.6856,1,10,'NYChauncey St10003+NYEvergreen Ave+10003'
-73.9072,40.7232,0,37,'NY59th Pl10003'
-73.9072,40.7432,3,136,'NY43rd Ave10003+NY58th St+10003'
-73.9072,40.8158,1,11,'NYE 152nd St10003+NYConcord Ave+10003|NYConcord Ave10003'
-73.9071,40.9045,1,100,'NYW 256th St10003+NYArlington Ave+10003'
-73.9071,40.6356,0,1,'NYChurch Ln10003|NYChurch Ln10003+NYE 85th St+10003'
-73.9071,40.7484,2,70,'NY56th St10003+NY39th Ave+10003'
-73.9071,40.7386,2,45,'NY48th Ave10003'
-73.9071,40.6832,5,48,'NYGranite St10003+NYBushwick Ave+10003'
-73.9071,40.6762,4,6,'NYSherlock Pl10003'
-73.9071,40.6097,0,2,'NYBassett Walk10003|NYBassett Walk10003+NYBassett Ave+10003|NYBassett Ave10003'
-73.9071,40.7554,4,189,'NY32nd Ave10003+NY54th St+10003'
-73.9071,40.7057,0,36,'NYWoodward Ave10003+NYLinden St+10003'
-73.9071,40.6785,1,10,'NYTruxton St10003|NYTruxton St10003+NYTruxton St+10003'
-73.9071,40.7682,31,95,'NYAstoria Blvd10003+NY44th St+10003|NY44th St10003+NYAstoria Blvd S+10003'
-73.9071,40.8334,0,14,'NYPark Ave10003+NYE 169th St+10003'
-73.9071,40.6173,0,4,'NYE 69th St10003+NYAve V+10003'
-73.9071,40.8981,0,1,'NYDelafield Ave10003'
-73.9070,40.6367,1,6,'NYE 86th St10003+NYAve J+10003'
-73.9070,40.7486,0,3,'NY56th St10003'
-73.9070,40.8258,2,7,'NYE 165th St10003+NYBoston Rd+10003'
-73.9070,40.8283,0,4,'NYE 166th St10003|NYE 166th St10003+NY3rd Ave+10003'
-73.9070,40.7687,16,32,'NYBrooklyn Queens Expy10001|NYBrooklyn Queens Expy10001+NYTriboro Plz+10001|NYBrooklyn Queens Expy10001+NY44th St+10001|NYBrooklyn Queens Expy10001+NYSound St+10001|NYTriboro Plz10001|NYTriboro Plz10001+NY44th St+10001|NYTriboro Plz10001+NYSound St+10001|NY44th St10003|NY44th St10003+NYSound St+10003|NY44th St10003+NYI 278+10003|NYSound St10003|NYSound St10003+NYI 278+10003'
-73.9070,40.6773,0,16,'NYHerkimer St10003+NYSherlock Pl+10003|NYSherlock Pl10003'
-73.9070,40.6809,0,4,'NYAberdeen St10003|NYAberdeen St10003+NYBroadway+10003'
-73.9070,40.8866,5,80,'NYW 236th St10003'
-73.9070,40.6965,0,8,'NYHancock St10003+NYOld Railroad Grade Aly+10003'
-73.9070,40.9020,1,43,'NYNetherland Ave10003+NYW 254th St+10003'
-73.9070,40.7093,0,17,'NYBleecker St10003+NYGrandview Ave+10003'
-73.9070,40.8735,0,11,'NYW 225th St10003|NYW 225th St10003+NYW 225th St+10003'
-73.9070,40.6702,1,7,'NYPitkin Ave10003+NYStone Ave+10003|NYPitkin Ave10003+NYMother Gaston Blvd+10003'
-73.9070,40.7601,8,121,'NY50th St10003+NY30th Ave+10003'
-73.9070,40.8183,1,8,'NYE 156th St10003+NYJackson Ave+10003|NYThurman Munson Way10003+NYJackson Ave+10003'
-73.9070,40.6201,0,1,'NYAve U10003+NYVeterans Ave+10003|NYVeterans Ave10003'
-73.9070,40.8858,7,26,'NYW 236th St10003'
-73.9070,40.8137,0,4,'NYWales Ave10003+NYE 150th St+10003'
-73.9070,40.6227,0,2,'NYE 74th St10003|NYE 74th St10003+NYAve T+10003'
-73.9070,40.8936,0,31,'NYGrosvenor Ave10003|NYGrosvenor Ave10003+NYDelafield Ave+10003|NYGrosvenor Ave10003+NYW 246th St+10003'
-73.9070,40.8504,0,2,'NYCreston Ave10003|NYCreston Ave10003+NYE Tremont Ave+10003'
-73.9070,40.8954,1,13,'NYIselin Ave10003|NYIselin Ave10003+NYDelafield Ave+10003'
-73.9069,40.7024,0,21,'NYSeneca Ave10003+NYWoodbine St+10003'
-73.9069,40.7441,2,44,'NY41st Dr10003|NY41st Dr10003+NY58th St+10003'
-73.9069,40.7276,2,0,'NYQ Mid Expressway Lwr Deck en10003+NYMaurice Ave+10003'
-73.9069,40.7129,11,24,'NYHimrod St10003|NYHimrod St10003+NY56th St+10003|NYHimrod St10003+NYMetropolitan Ave+10003|NY56th St10003|NY56th St10003+NYMetropolitan Ave+10003'
-73.9069,40.7657,1,119,'NY46th St10003+NY25th Ave+10003'
-73.9069,40.7533,77,57,'NY54th St10003|NY54th St10003+NYBroadway+10003|NYState Hwy 25 Alt10002+NYBroadway+10002|NYNorthern Blvd10002+NYBroadway+10002'
-73.9069,40.7689,9,46,'NY43rd St10003|NY43rd St10003+NYAstoria Blvd N+10003|NY43rd St10003+NYAstoria Blvd+10003|NY43rd St10003+NYSound St+10003|NYAstoria Blvd N10003+NYSound St+10003|NYAstoria Blvd10003+NYSound St+10003'
-73.9069,40.8571,0,2,'NYGrand Ave10003+NYClinton Pl+10003'
-73.9069,40.8860,3,30,'NYFieldston Rd10003'
-73.9069,40.7335,2,1,'NY53rd Ave10003'
-73.9069,40.8910,0,4,'NYManhattan College Pkwy10003|NYManhattan College Pkwy10003+NYHenry Hudson Pkwy E+10003|NYHenry Hudson Pkwy E10003'
-73.9069,40.8992,0,3,'NYW 252nd St10003|NYW 252nd St10003+NYHenry Hudson Pkwy E+10003'
-73.9069,40.8708,0,13,'NYBailey Ave10003+NYW 193rd St+10003|NYW 193rd St10003'
-73.9069,40.8112,2,14,'NYE 147th St10003+NYTinton Ave+10003'
-73.9068,40.8427,0,3,'NYMount Eden Pkwy10003+NYMonroe Ave+10003|NYMonroe Ave10003'
-73.9068,40.7193,1,4,'NYFlushing Ave10003+NY60th St+10003|NY60th St10003'
-73.9068,40.8314,0,12,'NYWashington Ave10003+NYE 168th St+10003'
-73.9068,40.6104,0,1,'NYGaylord Dr N10003'
-73.9068,40.6430,0,3,'NYSchool Ln10003|NYSchool Ln10003+NYE 92nd St+10003'
-73.9068,40.8518,2,13,'NYE 179th St10003+NYMorris Ave+10003'
-73.9068,40.9093,0,97,'NYIndependence Ave10003|NYIndependence Ave10003+NYArlington Ave+10003|NYArlington Ave10003'
-73.9068,40.8209,0,20,'NYTrinity Ave10003+NYE 160th St+10003'
-73.9068,40.7793,4,123,'NY20th Rd10003+NY31st St+10003'
-73.9068,40.7447,1,28,'NY41st Ave10003|NY41st Ave10003+NY58th St+10003'
-73.9068,40.8644,0,60,'NYDevoe Ter10003|NYDevoe Ter10003+NYWebb Ave+10003'
-73.9068,40.7136,0,6,'NY62nd Ave10003'
-73.9068,40.7696,3,12,'NY23rd Rd10003|NY23rd Rd10003+NYSound St+10003'
-73.9068,40.7734,39,353,'NYDitmars Blvd10003+NY38th St+10003'
-73.9068,40.8485,0,21,'NYGrand Blvd10003+NYMount Hope Pl+10003|NYGrand Concourse10003+NYMount Hope Pl+10003'
-73.9068,40.7037,0,21,'NYOnderdonk Ave10003+NYPalmetto St+10003'
-73.9068,40.8436,1,6,'NYMonroe Ave10003+NYE 173rd St+10003'
-73.9067,40.7367,3,4,'NYLaurel Hill Blvd10003+NYBrooklyn Queens Expy+10003|NYLaurel Hill Blvd10003+NY58th Ln+10003|NYBrooklyn Queens Expy10003|NYBrooklyn Queens Expy10003+NY58th Ln+10003|NY58th Ln10003'
-73.9067,40.6125,0,11,'NYWhitman Dr10003'
-73.9067,40.6397,0,4,'NYFlatlands Ave10003+NYE 89th St+10003'
-73.9067,40.7072,0,24,'NYGrove St10003+NYFairview Ave+10003'
-73.9067,40.6203,0,1,'NYAve U10003+NYE 72nd St+10003'
-73.9067,40.7277,7,16,'NYBorden Ave10003|NYBorden Ave10003+NYMaurice Ave+10003'
-73.9067,40.7700,5,163,'NY42nd St10003+NYSound St+10003|NY42nd St10003+NY23rd Ave+10003|NYSound St10003|NYSound St10003+NY23rd Ave+10003'
-73.9067,40.8910,0,4,'NYManhattan College Pkwy10003|NYManhattan College Pkwy10003+NYDelafield Ave+10003|NYManhattan College Pkwy10003+NYW 242nd St+10003|NYDelafield Ave10003|NYDelafield Ave10003+NYW 242nd St+10003|NYW 242nd St10003'
-73.9067,40.9064,0,137,'NYW 259th St10003'
-73.9067,40.6808,0,3,'NYBroadway10003+NYMacdougal St+10003|NYMacdougal St10003'
-73.9067,40.6341,1,2,'NYAve K10003+NYE 84th St+10003'
-73.9067,40.7188,1,22,'NY59th Ave10003|NY59th Ave10003+NY60th St+10003'
-73.9067,40.8781,0,34,'NYGodwin Ter10003+NYKimberly Pl+10003|NYKimberly Pl10003'
-73.9067,40.8734,0,6,'NYW 225th St10003|NYW 225th St10003+NYW Kingsbridge Rd+10003|NYW 225th St10003+NYExterior St+10003|NYW Kingsbridge Rd10003|NYW Kingsbridge Rd10003+NYExterior St+10003|NYExterior St10003'
-73.9067,40.7493,3,12,'NY38th Ave10003+NY56th St+10003|NY56th St10003'
-73.9067,40.8767,9,21,'NYW 230th St10003|NYW 230th St10003+NYUS Rte 9+10003|NYW 230th St10003+NYBroadway+10003'
-73.9067,40.6409,0,1,'NYConklin Ave10003|NYConklin Ave10003+NYRemsen Ave+10003'
-73.9067,40.7533,46,76,'NYState Hwy 25 Alt10002+NY54th St+10002|NYNorthern Blvd10002+NY54th St+10002|NY54th St10003'
-73.9067,40.6111,0,6,'NYBarlow Dr N10003'
-73.9067,40.7767,5,221,'NY21st Ave10003+NY35th St+10003'
-73.9067,40.6729,0,1,'NYChristopher Ave10003+NYLiberty Ave+10003'
-73.9067,40.6613,0,3,'NYRiverdale Ave10003+NYOsborn St+10003|NYOsborn St10003'
-73.9067,40.8046,1,0,'NYWalnut Ave10003+NYE 141st St+10003|NYRose Feiss Blvd10003+NYE 141st St+10003'
-73.9066,40.8172,4,17,'NYWestchester Ave10003+NYForest Ave+10003|NYForest Ave10003'
-73.9066,40.9030,0,43,'NYNetherland Ave10003|NYNetherland Ave10003+NYW 255th St+10003|NYW 255th St10003'
-73.9066,40.8451,0,9,'NYIttner Pl10003|NYIttner Pl10003+NYMonroe Ave+10003|NYIttner Pl10003+NYIttner Pl+10003|NYMonroe Ave10003+NYIttner Pl+10003|NYMonroe Ave10003+NYCross Bronx Expy+10003|NYIttner Pl10003+NYCross Bronx Expy+10003|NYCross Bronx Expy10003'
-73.9066,40.7004,0,56,'NYCypress Ave10003+NYPutnam Ave+10003'
-73.9066,40.7454,71,120,'NYRoosevelt Ave10003+NY58th St+10003'
-73.9066,40.6921,0,26,'NYCovert St10003+NYKnickerbocker Ave+10003'
-73.9066,40.6231,1,2,'NYRoyce St10003+NYAve T+10003'
-73.9066,40.6477,0,3,'NYFoster Ave10003+NYE 96th St+10003'
-73.9066,40.8147,0,11,'NYE 151st St10003+NYWales Ave+10003'
-73.9066,40.8508,0,2,'NYCreston Ave10003+NYE 178th St+10003|NYE 178th St10003'
-73.9066,40.6290,0,1,'NYPaerdegat Ave N10003+NYPaerdegat 9th St+10003|NYPaerdegat 9th St10003'
-73.9066,40.8798,3,32,'NYKingsbridge Ave10003+NYW 231st St+10003'
-73.9066,40.6534,0,3,'NYRockaway Ave10003+NYDitmas Ave+10003|NYDitmas Ave10003'
-73.9066,40.8295,0,22,'NY3rd Ave10003+NYE 167th St+10003'
-73.9066,40.6442,0,2,'NYSmiths Ln10003+NYE 93rd St+10003'
-73.9066,40.9113,0,2,'NYPalisade Ave10003|NYPalisade Ave10003+NYW 261st St+10003'
-73.9065,40.6946,7,75,'NYIrving Ave10003+NYHalsey St+10003'
-73.9065,40.6898,3,81,'NYWilson Ave10003+NYDecatur St+10003'
-73.9065,40.8501,0,1,'NYEcho Pl10003|NYEcho Pl10003+NYE Tremont Ave+10003'
-73.9065,40.7372,9,37,'NYLaurel Hill Blvd10003+NY59th St+10003|NY59th St10003'
-73.9065,40.6305,1,4,'NYPaerdegat 8th St10003|NYPaerdegat 8th St10003+NYE 80th St+10003'
-73.9065,40.8448,0,6,'NYUS Hwy 110002+NYMonroe Ave+10002|NYMonroe Ave10003+NYCross Bronx Expy+10003'
-73.9065,40.8577,0,6,'NYGrand Ave10003+NYW 182nd St+10003'
-73.9065,40.7621,3,128,'NY28th Ave10003+NY49th St+10003'
-73.9065,40.8733,0,3,'NYI 8710001|NYI 8710001+NYMajor Deegan Expy+10001|NYI 8710001+NYI 87+10001|NYI 8710001+NYW Kingsbridge Rd+10001|NYMajor Deegan Expy10001|NYMajor Deegan Expy10001+NYMajor Deegan Expy+10001|NYMajor Deegan Expy10001+NYI 87+10001|NYMajor Deegan Expy10001+NYW Kingsbridge Rd+10001|NYW Kingsbridge Rd10003+NYI 87+10003|NYW Kingsbridge Rd10003+NYMajor Deegan Expy+10003'
-73.9065,40.7110,1,33,'NYTonsor St10003|NYTonsor St10003+NYGreene Ave+10003'
-73.9065,40.8815,0,12,'NYCorlear Ave10003+NYW 232nd St+10003'
-73.9065,40.6875,0,35,'NYMoffat St10003+NYCentral Ave+10003'
-73.9065,40.8837,0,49,'NYIrwin Ave10003+NYW 234th St+10003|NYW 234th St10003'
-73.9065,40.7571,5,209,'NY55th St10003'
-73.9065,40.8096,0,1,'NYTimpson Pl10003|NYTimpson Pl10003+NYTimpson Pl+10003'
-73.9065,40.6969,1,11,'NYWyckoff Ave10003+NYHancock St+10003|NYHancock St10003|NYHancock St10003+NYHancock St+10003'
-73.9065,40.8561,0,9,'NYDavidson Ave10003+NYW 181st St+10003'
-73.9064,40.8535,2,7,'NYWalton Ave10003+NYE Burnside Ave+10003'
-73.9064,40.8387,0,5,'NYE 171st St10003|NYE 171st St10003+NYClay Ave+10003'
-73.9064,40.7386,2,153,'NY59th St10003+NY48th Ave+10003|NY48th Ave10003'
-73.9064,40.6362,0,10,'NYE 86th St10003+NYChurch Ln+10003'
-73.9064,40.6851,0,19,'NYEvergreen Ave10003|NYEvergreen Ave10003+NYPilling St+10003'
-73.9064,40.7456,51,71,'NYWoodside Ave10003+NY58th St+10003'
-73.9064,40.8996,1,4,'NYHenry Hudson Pkwy E10003+NYW 252nd St+10003|NYW 252nd St10003'
-73.9064,40.7231,0,72,'NY60th St10003'
-73.9064,40.7788,1,34,'NY20th Rd10003+NY32nd St+10003|NY32nd St10003'
-73.9064,40.8098,3,4,'NYE 145th St10003+NYTimpson Pl+10003|NYTimpson Pl10003'
-73.9064,40.6828,2,17,'NYFurman Ave10003+NYBushwick Ave+10003'
-73.9064,40.8768,4,13,'NYUS Rte 910002+NYExterior St+10002|NYBroadway10002+NYExterior St+10002|NYExterior St10003'
-73.9064,40.6564,0,8,'NYHegeman Ave10003+NYThatford Ave+10003|NYThatford Ave10003'
-73.9064,40.6717,0,6,'NYChristopher Ave10003+NYGlenmore Ave+10003'
-73.9064,40.6677,1,14,'NYStone Ave10003+NYSutter Ave+10003|NYSutter Ave10003+NYMother Gaston Blvd+10003'
-73.9064,40.7053,0,14,'NYGates Ave10003+NYWoodward Ave+10003'
-73.9063,40.6793,1,6,'NYSackman St10003|NYSackman St10003+NYSomers St+10003|NYSackman St10003+NYEastern Pkwy+10003|NYSomers St10003+NYEastern Pkwy+10003'
-73.9063,40.6177,6,9,'NYAve V10003+NYE 70th St+10003'
-73.9063,40.7212,1,20,'NYGrand Ave10003+NY58th Ave+10003'
-73.9063,40.7417,30,191,'NYQueens Blvd10002+NY59th St+10002|NYState Hwy 2510002+NY59th St+10002|NY59th St10003'
-73.9063,40.8127,3,11,'NYE 149th St10003+NYTinton Ave+10003'
-73.9063,40.6372,0,4,'NYAve J10003+NYE 87th St+10003'
-73.9063,40.6426,0,1,'NYGlenwood Rd10003+NYE 92nd St+10003'
-73.9063,40.6315,1,3,'NYAve L10003+NYE 82nd St+10003'
-73.9063,40.8696,0,21,'NYKingsbridge Ter10003'
-73.9063,40.7598,5,218,'NYHobart St10003+NY30th Ave+10003'
-73.9063,40.7797,5,35,'NY20th Ave10003+NY31st St+10003|NY31st St10003'
-73.9063,40.6743,1,0,'NYE New York Ave10003+NYSackman St+10003|NYSackman St10003'
-73.9063,40.6805,0,9,'NYBroadway10003+NYde Sales Pl+10003|NYde Sales Pl10003'
-73.9063,40.6598,0,6,'NYNewport St10003+NYOsborn St+10003'
-73.9063,40.7265,10,26,'NY60th St10003|NY60th St10003+NY55th Rd+10003|NY60th St10003+NYBorden Ave+10003|NY55th Rd10003|NY55th Rd10003+NYBorden Ave+10003'
-73.9063,40.8876,0,48,'NYFieldston Rd10003+NYW 238th St+10003'
-73.9063,40.6960,0,1,'NYOld Railroad Grade Aly10008+NYWeirfield St+10008'
-73.9063,40.7089,0,8,'NYGrandview Ave10003+NYMenahan St+10003'
-73.9063,40.8097,0,1,'NYTimpson Pl10003+NYE 145th St+10003|NYE 145th St10003'
-73.9063,40.8600,1,24,'NYEvelyn Pl10003|NYEvelyn Pl10003+NYAqueduct Ave+10003|NYEvelyn Pl10003+NYAqueduct Ave E+10003'
-73.9062,40.8182,1,8,'NYE 156th St10003+NYForest Ave+10003|NYThurman Munson Way10003+NYForest Ave+10003'
-73.9062,40.8248,0,12,'NYCauldwell Ave10003+NYE 164th St+10003|NYE 164th St10003'
-73.9062,40.8157,0,9,'NYWales Ave10003|NYWales Ave10003+NYE 152nd St+10003'
-73.9062,40.7679,26,42,'NY45th St10003+NYAstoria Blvd+10003|NYAstoria Blvd10003'
-73.9062,40.8107,0,17,'NYSouthern Blvd10003+NYE 147th St+10003|NYE 147th St10003'
-73.9062,40.8088,0,3,'NYAustin Pl10003|NYAustin Pl10003+NYE 144th St+10003'
-73.9062,40.7001,2,10,'NYMyrtle Ave10003+NYCypress Ave+10003'
-73.9062,40.7019,0,36,'NYSeneca Ave10003+NYMadison St+10003'
-73.9062,40.7555,3,65,'NY32nd Ave10003+NY55th St+10003'
-73.9062,40.8628,3,33,'NYAndrews Ave N10003'
-73.9061,40.7198,0,9,'NY58th Dr10003|NY58th Dr10003+NYFlushing Ave+10003'
-73.9061,40.6630,0,13,'NYWatkins St10003|NYWatkins St10003+NYLivonia Ave+10003'
-73.9061,40.8803,0,16,'NYKingsbridge Ave10003+NYNaples Ter+10003|NYNaples Ter10003'
-73.9061,40.8583,0,6,'NYBuchanan Pl10003+NYGrand Ave+10003'
-73.9061,40.7681,4,142,'NYAstoria Blvd10003+NY45th St+10003|NY45th St10003|NY45th St10003+NYAstoria Blvd S+10003'
-73.9061,40.7653,3,93,'NY47th St10003+NY25th Ave+10003'
-73.9061,40.9017,8,70,'NYRiverdale Ave10003+NYGrosvenor Ave+10003|NYGrosvenor Ave10003|NYGrosvenor Ave10003+NYW 254th St+10003|NYGrosvenor Ave10003+NYHenry Hudson Pkwy W+10003'
-73.9061,40.8771,4,14,'NYUS Rte 910002+NYW 230th St+10002|NYBroadway10002+NYW 230th St+10002|NYW 230th St10003'
-73.9061,40.7259,2,53,'NYOnderdonk Ave10003|NYOnderdonk Ave10003+NY55th Dr+10003'
-73.9061,40.6744,0,1,'NYSackman St10003|NYSackman St10003+NYE New York Ave+10003'
-73.9061,40.7129,13,27,'NYForest Ave10003|NYForest Ave10003+NYMetropolitan Ave+10003'
-73.9061,40.7529,14,15,'NY55th St10003+NYBroadway+10003'
-73.9061,40.8280,2,15,'NYE 166th St10003+NYFranklin Ave+10003'
-73.9061,40.7696,3,177,'NY43rd St10003+NY23rd Ave+10003'
-73.9061,40.7783,1,65,'NY33rd St10003+NY20th Rd+10003'
-73.9061,40.7729,126,386,'NYSteinway St10003+NYDitmars Blvd+10003'
-73.9061,40.8493,0,19,'NYE 177th St10003+NYGrand Blvd+10003|NYE 177th St10003+NYGrand Concourse+10003|NYGrand Blvd10003'
-73.9061,40.8568,0,2,'NYDavidson Ave10003+NYClinton Pl+10003'
-73.9060,40.8514,0,35,'NYE 179th St10003+NYCreston Ave+10003'
-73.9060,40.8484,0,11,'NYMonroe Ave10003+NYMount Hope Pl+10003'
-73.9060,40.6704,0,5,'NYPitkin Ave10003+NYChristopher Ave+10003'
-73.9060,40.7264,3,9,'NYQn Midtown Expressway en Eb10003|NYQn Midtown Expressway en Eb10003+NYBorden Ave+10003'
-73.9060,40.7033,0,11,'NYWoodbine St10003+NYOnderdonk Ave+10003'
-73.9060,40.6208,0,2,'NYE 73rd St10003+NYAve U+10003'
-73.9060,40.6773,1,4,'NYSackman St10003+NYHerkimer St+10003'
-73.9060,40.6061,0,2,'NYArkansas Dr10003'
-73.9060,40.8856,2,67,'NYW 236th St10003+NYWaldo Ave+10003|NYW 236th St10003+NYGreystone Ave+10003|NYWaldo Ave10003|NYWaldo Ave10003+NYGreystone Ave+10003'
-73.9060,40.8426,0,4,'NYMount Eden Pkwy10003+NYTopping Ave+10003|NYTopping Ave10003'
-73.9060,40.7068,1,13,'NYFairview Ave10003+NYLinden St+10003'
-73.9060,40.6844,0,4,'NYGranite St10003'
-73.9060,40.9211,0,3,'NYBeechwood Ter10003|NYBeechwood Ter10003+NYSunnyside Dr+10003'
-73.9060,40.6857,0,1,'NYPilling St10003'
-73.9060,40.8385,0,17,'NYWebster Ave10003+NYE 171st St+10003'
-73.9060,40.6402,0,4,'NYRemsen Ave10003+NYFlatlands Ave+10003'
-73.9060,40.6780,0,2,'NYFulton St10003+NYSackman St+10003'
-73.9060,40.6509,0,1,'NYRockaway Ave10003+NYE 99th St+10003|NYRockaway Ave10003+NYAve D+10003|NYE 99th St10003|NYE 99th St10003+NYAve D+10003'
-73.9060,40.7126,6,27,'NYHarman St10003|NYHarman St10003+NYForest Ave+10003'
-73.9060,40.7762,2,121,'NY36th St10003+NY21st Ave+10003'
-73.9060,40.7445,1,38,'NY59th St10003|NY59th St10003+NY41st Ave+10003'
-73.9060,40.6346,0,9,'NYAve K10003+NYE 85th St+10003'
-73.9059,40.8495,0,2,'NYGrand Concourse10003+NYGrand Blvd+10003|NYGrand Concourse10003+NYE Tremont Ave+10003|NYGrand Blvd10003|NYGrand Blvd10003+NYE Tremont Ave+10003'
-73.9059,40.7684,8,10,'NYGrand Central Pkwy10002|NYGrand Central Pkwy10002+NYI 278+10002'
-73.9059,40.8255,1,33,'NYE 165th St10003+NYCauldwell Ave+10003'
-73.9059,40.8331,1,18,'NYE 169th St10003+NYWashington Ave+10003'
-73.9059,40.8053,0,1,'NYWalnut Ave10003|NYRose Feiss Blvd10003'
-73.9059,40.8705,0,13,'NYHeath Ave10003+NYW 193rd St+10003|NYW 193rd St10003'
-73.9059,40.6999,2,28,'NYCornelia St10003+NYCypress Ave+10003'
-73.9059,40.7151,0,19,'NY60th Dr10003|NY60th Dr10003+NY60th St+10003'
-73.9059,40.6101,0,1,'NYUtah Walk10003|NYUtah Walk10003+NYGaylord Dr N+10003'
-73.9059,40.7534,18,82,'NY55th St10003+NYState Hwy 25 Alt+10003|NY55th St10003+NYNorthern Blvd+10003'
-73.9059,40.6240,0,4,'NYBergen Ave10003|NYBergen Ave10003+NYAve T+10003|NYAve T10003'
-73.9059,40.8436,0,14,'NYTopping Ave10003+NYE 173rd St+10003'
-73.9059,40.6941,6,151,'NYEldert St10003|NYEldert St10003+NYIrving Ave+10003|NYIrving Ave10003|NYIrving Ave10003+NYIrving Ave+10003'
-73.9058,40.6917,0,13,'NYSchaefer St10003+NYKnickerbocker Ave+10003'
-73.9058,40.8311,1,11,'NY3rd Ave10003+NYE 168th St+10003'
-73.9058,40.8110,1,40,'NYSouthern Blvd10003+NYE 147th St+10003|NYSouthern Blvd10003+NYUnion Ave+10003|NYE 147th St10003|NYE 147th St10003+NYUnion Ave+10003|NYUnion Ave10003'
-73.9058,40.6446,0,2,'NYE 94th St10003+NYSmiths Ln+10003'
-73.9058,40.7687,4,18,'NYAstoria Blvd N10003+NY45th St+10003|NYAstoria Blvd10003+NY45th St+10003|NY45th St10003'
-73.9058,40.6745,0,2,'NYDean St10003|NYDean St10003+NYE New York Ave+10003'
-73.9058,40.6483,0,1,'NYFoster Ave10003+NYRockaway Pkwy+10003'
-73.9058,40.6894,0,30,'NYWilson Ave10003+NYCooper St+10003'
-73.9058,40.8794,0,57,'NYGodwin Ter10003|NYGodwin Ter10003+NYW 231st St+10003'
-73.9058,40.8357,2,2,'NYPark Ave10003+NYE 170th St+10003'
-73.9058,40.8995,0,2,'NYDelafield Ave10003|NYDelafield Ave10003+NYW 252nd St+10003|NYDelafield Ave10003+NYIselin Ave+10003|NYW 252nd St10003|NYW 252nd St10003+NYIselin Ave+10003|NYIselin Ave10003'
-73.9058,40.6965,1,18,'NYWyckoff Ave10003+NYWeirfield St+10003|NYWeirfield St10003|NYWeirfield St10003+NYWeirfield St+10003'
-73.9058,40.8446,1,2,'NYE 174th St10003+NYTopping Ave+10003|NYTopping Ave10003'
-73.9058,40.6075,0,3,'NYIndiana Pl10003|NYIndiana Pl10003+NYIndiana Walk+10003|NYMayfair Dr S10003+NYIndiana Walk+10003|NYIndiana Walk10003'
-73.9058,40.6730,0,2,'NYSackman St10003+NYLiberty Ave+10003'
-73.9057,40.6614,0,5,'NYRiverdale Ave10003+NYWatkins St+10003'
-73.9057,40.6286,0,2,'NYPaerdegat 10th St10003|NYPaerdegat 10th St10003+NYPaerdegat Ave N+10003'
-73.9057,40.6870,0,3,'NYChauncey St10003|NYChauncey St10003+NYCentral Ave+10003'
-73.9057,40.8493,0,14,'NYE 177th St10003|NYE 177th St10003+NYMonroe Ave+10003|NYE 177th St10003+NYE Tremont Ave+10003|NYMonroe Ave10003|NYMonroe Ave10003+NYE Tremont Ave+10003'
-73.9057,40.8451,0,7,'NYTopping Ave10003|NYTopping Ave10003+NYIttner Pl+10003|NYTopping Ave10003+NYCross Bronx Expy+10003'
-73.9057,40.8590,0,8,'NYW 183rd St10003+NYGrand Ave+10003'
-73.9057,40.8731,3,35,'NYBailey Ave10003+NYW Kingsbridge Rd+10003'
-73.9057,40.8833,0,27,'NYW 234th St10003+NYTibbett Ave+10003'
-73.9057,40.6301,1,4,'NYPaerdegat 9th St10003|NYPaerdegat 9th St10003+NYE 80th St+10003'
-73.9057,40.7144,0,3,'NY59th St10003|NY59th St10003+NY60th St+10003'
-73.9057,40.8606,0,17,'NYNorth St10003|NYNorth St10003+NYAqueduct Ave+10003|NYNorth St10003+NYAqueduct Ave E+10003'
-73.9057,40.8936,0,6,'NYW 246th St10003'
-73.9057,40.7285,0,3,'NY54th Ave10003+NYMaurice Ave+10003'
-73.9057,40.8145,0,8,'NYE 151st St10003|NYE 151st St10003+NYTinton Ave+10003'
-73.9057,40.7361,0,5,'NY59th Pl10003|NY59th Pl10003+NY59th St+10003|NY59th Pl10003+NYTyler Ave+10003|NY59th St10003|NY59th St10003+NYTyler Ave+10003|NYTyler Ave10003'
-73.9057,40.8574,0,9,'NYDavidson Ave10003+NYW 182nd St+10003'
-73.9057,40.6801,0,6,'NYBroadway10003+NYHull St+10003|NYHull St10003'
-73.9057,40.8216,1,34,'NYJackson Ave10003|NYJackson Ave10003+NYE 161st St+10003'
-73.9057,40.8777,0,19,'NYUS Rte 910002+NYKimberly Pl+10002|NYBroadway10002+NYKimberly Pl+10002'
-73.9057,40.6455,0,4,'NYFarragut Rd10003+NYE 95th St+10003'
-73.9056,40.6824,5,13,'NYAberdeen St10003+NYBushwick Ave+10003'
-73.9056,40.7106,0,4,'NYButler Ave10003|NYButler Ave10003+NYBleecker St+10003'
-73.9056,40.6182,0,5,'NYE 71st St10003+NYAve V+10003'
-73.9056,40.8499,1,7,'NYGrand Concourse10003+NYEcho Pl+10003|NYGrand Concourse10003+NYGrand Blvd+10003|NYEcho Pl10003+NYGrand Blvd+10003|NYGrand Blvd10003'
-73.9056,40.7201,1,17,'NY60th Pl10003|NY60th Pl10003+NYFlushing Ave+10003'
-73.9056,40.7372,1,5,'NY59th Pl10003|NY59th Pl10003+NYLaurel Hill Blvd+10003|NY59th Pl10003+NYBrooklyn Queens Expy+10003|NY59th Pl10003+NY59th St+10003|NY59th Pl10003+NY50th Ave+10003|NYLaurel Hill Blvd10003|NYLaurel Hill Blvd10003+NYBrooklyn Queens Expy+10003|NYLaurel Hill Blvd10003+NY59th St+10003|NYLaurel Hill Blvd10003+NY50th Ave+10003|NYBrooklyn Queens Expy10003|NYBrooklyn Queens Expy10003+NY59th St+10003|NYBrooklyn Queens Expy10003+NY50th Ave+10003|NY59th St10003|NY59th St10003+NY50th Ave+10003|NY50th Ave10003'
-73.9056,40.6376,0,1,'NYE 88th St10003+NYAve J+10003'
-73.9056,40.7048,2,28,'NYPalmetto St10003+NYWoodward Ave+10003'
-73.9056,40.6320,0,6,'NYAve L10003+NYE 83rd St+10003'
-73.9056,40.8531,0,12,'NYMorris Ave10003+NYE Burnside Ave+10003'
-73.9056,40.7286,1,16,'NY59th Pl10003|NY59th Pl10003+NYMaurice Ave+10003'
-73.9056,40.7118,1,52,'NYForest Ave10003+NYGreene Ave+10003|NYGreene Ave10003'
-73.9056,40.8910,0,1,'NYW 242nd St10003'
-73.9056,40.8917,0,6,'NYFieldston Rd10003+NYW 245th St+10003|NYW 245th St10003'
-73.9056,40.7375,0,17,'NY59th Pl10003|NY59th Pl10003+NYLaurel Hill Blvd+10003'
-73.9056,40.7776,0,28,'NY20th Rd10003+NY35th St+10003'
-73.9056,40.7572,2,171,'NY56th St10003'
-73.9056,40.8558,0,4,'NYE 181st St10003|NYE 181st St10003+NYW 181st St+10003|NYE 181st St10003+NYJerome Ave+10003|NYW 181st St10003|NYW 181st St10003+NYJerome Ave+10003'
-73.9056,40.7137,0,10,'NY62nd Ave10003+NY60th St+10003'
-73.9056,40.8519,0,2,'NYBush St10003|NYBush St10003+NYCreston Ave+10003'
-73.9056,40.8935,0,13,'NYFieldston Rd10003|NYFieldston Rd10003+NYFieldston Rd+10003'
-73.9056,40.6964,0,7,'NYWyckoff Ave10003+NYCentre St+10003|NYCentre St10003'
-73.9056,40.7454,85,153,'NY59th St10003+NYWoodside Ave+10003|NY59th St10003+NYRoosevelt Ave+10003|NYWoodside Ave10003+NYRoosevelt Ave+10003'
-73.9055,40.6494,1,2,'NYRockaway Ave10003+NYE 98th St+10003'
-73.9055,40.9002,2,11,'NYHenry Hudson Pkwy E10003|NYHenry Hudson Pkwy E10003+NYDelafield Ave+10003|NYHenry Hudson Pkwy E10003+NYGrosvenor Ave+10003|NYHenry Hudson Pkwy E10003+NYW 253rd St+10003|NYDelafield Ave10003|NYDelafield Ave10003+NYGrosvenor Ave+10003|NYDelafield Ave10003+NYW 253rd St+10003|NYGrosvenor Ave10003|NYGrosvenor Ave10003+NYW 253rd St+10003|NYW 253rd St10003'
-73.9055,40.6956,0,3,'NYOld Railroad Grade Aly10008+NYHalsey St+10008'
-73.9055,40.8291,0,5,'NYE 167th St10003+NYFulton Ave+10003'
-73.9055,40.8366,1,1,'NYSt Pauls Pl10003'
-73.9055,40.8475,1,28,'NYTopping Ave10003'
-73.9055,40.8900,0,3,'NYW 242nd St10003'
-73.9055,40.7084,0,9,'NYGrove St10003+NYGrandview Ave+10003'
-73.9055,40.7616,2,56,'NYHobart St10003|NYHobart St10003+NY50th St+10003|NYHobart St10003+NY28th Ave+10003|NY50th St10003+NY28th Ave+10003'
-73.9055,40.7416,32,70,'NY59th Pl10003|NY59th Pl10003+NYQueens Blvd+10003|NY59th Pl10003+NYState Hwy 25+10003'
-73.9055,40.6800,1,6,'NYBroadway10003+NYEastern Pkwy+10003'
-73.9055,40.6997,0,12,'NYJefferson Ave10003|NYJefferson Ave10003+NYCypress Ave+10003'
-73.9055,40.8937,0,4,'NYFieldston Rd10003|NYFieldston Rd10003+NYFieldston Rd+10003'
-73.9055,40.9030,0,15,'NYNetherland Ave10003|NYNetherland Ave10003+NYRiverdale Ave+10003|NYNetherland Ave10003+NYHenry Hudson Pkwy W+10003'
-73.9055,40.7402,2,115,'NY59th Pl10003|NY59th Pl10003+NY47th Ave+10003'
-73.9055,40.8039,0,1,'NYLocust Ave10003|NYLocust Ave10003+NYE 141st St+10003|NYE 141st St10003'
-73.9055,40.7015,0,31,'NYSeneca Ave10003+NYPutnam Ave+10003'
-73.9055,40.8810,1,11,'NYKingsbridge Ave10003+NYW 232nd St+10003'
-73.9054,40.9109,0,1,'NYIndependence Ave10003|NYIndependence Ave10003+NYW 261st St+10003'
-73.9054,40.7596,1,97,'NY30th Ave10003+NY56th Pl+10003|NY56th Pl10003'
-73.9054,40.6718,0,1,'NYSackman St10003|NYSackman St10003+NYGlenmore Ave+10003'
-73.9054,40.6837,1,0,'NYFurman Ave10003'
-73.9054,40.6431,0,4,'NYGlenwood Rd10003+NYE 93rd St+10003'
-73.9054,40.8125,1,6,'NYE 149th St10003+NYUnion Ave+10003'
-73.9054,40.7373,0,9,'NYLaurel Hill Blvd10003|NYLaurel Hill Blvd10003+NY59th St+10003|NY59th St10003'
-73.9054,40.6679,0,9,'NYChristopher Ave10003|NYChristopher Ave10003+NYSutter Ave+10003'
-73.9054,40.8398,2,6,'NYClaremont Pkwy10003+NYWebster Ave+10003'
-73.9054,40.8269,2,8,'NYBoston Rd10003+NYCauldwell Ave+10003|NYCauldwell Ave10003'
-73.9054,40.7129,5,42,'NY60th St10003|NY60th St10003+NYMetropolitan Ave+10003'
-73.9054,40.8799,0,14,'NYNaples Ter10003+NYGodwin Ter+10003|NYGodwin Ter10003'
-73.9054,40.7422,2,149,'NY59th Pl10003|NY59th Pl10003+NY44th Ave+10003'
-73.9054,40.6417,0,1,'NYConklin Ave10003+NYE 92nd St+10003'
-73.9053,40.8365,1,0,'NYPark Ave10003+NYSt Pauls Pl+10003'
-73.9053,40.7479,3,57,'NY39th Ave10003+NY58th St+10003'
-73.9053,40.6486,0,3,'NYRockaway Ave10003+NYFoster Ave+10003'
-73.9053,40.8874,2,159,'NYW 238th St10003+NYGreystone Ave+10003'
-73.9053,40.8936,0,14,'NYW 246th St10003'
-73.9053,40.8980,0,5,'NYIselin Ave10003'
-73.9053,40.7723,27,265,'NY41st St10003+NYDitmars Blvd+10003'
-73.9053,40.7690,1,15,'NY23rd Ave10003+NY45th St+10003'
-73.9053,40.8596,0,11,'NYEvelyn Pl10003+NYGrand Ave+10003'
-73.9053,40.8155,2,16,'NYE 152nd St10003+NYTinton Ave+10003'
-73.9053,40.7677,4,16,'NYAstoria Blvd10003|NYAstoria Blvd10003+NY46th St+10003'
-73.9053,40.8179,0,13,'NYE 156th St10003+NYWestchester Ave+10003|NYWestchester Ave10003+NYThurman Munson Way+10003'
-73.9053,40.7650,2,102,'NY25th Ave10003+NY48th St+10003'
-73.9053,40.8768,4,1,'NYPcrr Harlem Divide10003|NYPcrr Harlem Divide10003+NYW 230th St+10003'
-73.9053,40.6212,0,1,'NYE 74th St10003+NYAve U+10003'
-73.9053,40.7556,0,48,'NY32nd Ave10003+NY56th St+10003'
-73.9053,40.7028,0,27,'NYOnderdonk Ave10003+NYMadison St+10003'
-73.9053,40.7190,0,34,'NY60th Pl10003|NY60th Pl10003+NY59th Ave+10003'
-73.9053,40.6156,0,1,'NYE 69th St10003+NYAvenue W+10003'
-73.9053,40.8580,0,2,'NYDavidson Ave10003+NYBuchanan Pl+10003'
-73.9053,40.7064,0,16,'NYGates Ave10003+NYFairview Ave+10003'
-73.9053,40.7757,5,117,'NY37th St10003+NY21st Ave+10003'
-73.9052,40.7526,10,46,'NYBroadway10003+NY56th St+10003'
-73.9052,40.6761,0,2,'NYJardine Pl10003'
-73.9052,40.7678,9,10,'NYBrooklyn Queens Expy W10006|NYBrooklyn Queens Expy W10006+NYAstoria Blvd+10006|NYBrooklyn Queens Expy W10006+NY46th St+10006|NYBrooklyn Queens Expy W10006+NYAstoria Blvd S+10006|NYAstoria Blvd10003+NY46th St+10003|NY46th St10003|NY46th St10003+NYAstoria Blvd S+10003'
-73.9052,40.9176,0,3,'NYHawthorne Pl10003'
-73.9052,40.7790,5,25,'NY33rd St10003|NY33rd St10003+NY20th Ave+10003'
-73.9052,40.8783,2,34,'NYUS Rte 910002+NYVerveelen Pl+10002|NYBroadway10002+NYVerveelen Pl+10002|NYVerveelen Pl10003'
-73.9052,40.6407,0,3,'NYE 91st St10003|NYE 91st St10003+NYFlatlands Ave+10003'
-73.9052,40.6062,0,4,'NYIndiana Pl10003+NYArkansas Dr+10003'
-73.9052,40.8980,0,3,'NYIselin Ave10003'
-73.9052,40.7359,0,4,'NYTyler Ave10003+NY59th Pl+10003|NY59th Pl10003'
-73.9051,40.7484,1,53,'NY38th Ave10003+NY58th St+10003'
-73.9051,40.8505,3,17,'NYGrand Concourse10003+NYE 178th St+10003'
-73.9051,40.8133,0,9,'NYE 150th St10003+NYUnion Ave+10003'
-73.9051,40.6451,0,2,'NYSmiths Ln10003+NYE 95th St+10003'
-73.9051,40.6936,0,14,'NYCovert St10003|NYCovert St10003+NYCovert St+10003|NYCovert St10003+NYIrving Ave+10003'
-73.9051,40.7283,0,23,'NY54th Ave10003+NY59th Pl+10003|NY59th Pl10003'
-73.9051,40.6705,0,1,'NYPitkin Ave10003+NYSackman St+10003|NYSackman St10003'
-73.9051,40.6105,0,5,'NYUtah Walk10003+NYBarlow Dr N+10003'
-73.9051,40.6476,0,3,'NYRockaway Ave10003|NYRockaway Ave10003+NYRockaway Pkwy+10003'
-73.9051,40.6913,1,31,'NYDecatur St10003+NYKnickerbocker Ave+10003'
-73.9051,40.7108,0,37,'NYForest Ave10003+NYBleecker St+10003'
-73.9051,40.6371,0,1,'NYE 88th St10003|NYE 88th St10003+NYChurch Ln+10003'
-73.9051,40.8290,2,6,'NYFranklin Ave10003+NYE 167th St+10003'
-73.9051,40.9070,0,69,'NYNetherland Ave10003'
-73.9051,40.8564,0,2,'NYClinton Pl10003|NYClinton Pl10003+NYJerome Ave+10003'
-73.9051,40.8271,0,5,'NYBoston Rd10003+NYE 166th St+10003|NYE 166th St10003'
-73.9051,40.8105,0,1,'NYE 147th St10003+NYTimpson Pl+10003'
-73.9051,40.6960,5,10,'NYWyckoff Ave10003+NYHalsey St+10003|NYHalsey St10003'
-73.9051,40.6550,5,7,'NYLinden Blvd10002+NYOsborn St+10002|NYOsborn St10003'
-73.9051,40.8327,1,35,'NYE 169th St10003+NY3rd Ave+10003'
-73.9050,40.6889,1,19,'NYWilson Ave10003+NYMoffat St+10003'
-73.9050,40.8423,0,1,'NYBelmont St10003|NYBelmont St10003+NYClay Ave+10003'
-73.9050,40.7770,3,34,'NY36th St10003+NY20th Rd+10003'
-73.9050,40.9041,6,69,'NYRiverdale Ave10003+NYW 256th St+10003|NYW 256th St10003+NYHenry Hudson Pkwy W+10003'
-73.9050,40.8425,0,2,'NYAnthony Ave10003|NYAnthony Ave10003+NYMount Eden Pkwy+10003|NYAnthony Ave10003+NYClay Ave+10003|NYMount Eden Pkwy10003|NYMount Eden Pkwy10003+NYClay Ave+10003'
-73.9050,40.6866,0,3,'NYPilling St10003|NYPilling St10003+NYCentral Ave+10003'
-73.9050,40.6348,0,3,'NYE 86th St10003+NYAve K+10003'
-73.9050,40.8614,0,9,'NYAqueduct Ave10003|NYAqueduct Ave10003+NYW 184th St+10003|NYW 184th St10003|NYW 184th St10003+NYAqueduct Ave E+10003|NYAqueduct Ave E10003'
-73.9050,40.8447,2,7,'NYUS Hwy 110002+NYClay Ave+10002'
-73.9050,40.8085,1,9,'NYE 144th St10003|NYE 144th St10003+NYBruckner Blvd+10003'
-73.9050,40.6584,2,12,'NYLott Ave10003+NYWatkins St+10003|NYWatkins St10003'
-73.9050,40.8829,1,7,'NYCorlear Ave10003+NYW 234th St+10003'
-73.9049,40.8434,1,11,'NYE 173rd St10003+NYClay Ave+10003'
-73.9049,40.8603,0,13,'NYNorth St10003+NYGrand Ave+10003'
-73.9049,40.8627,2,59,'NYDr Martin Luther King Jr Blvd10003+NYW Fordham Rd+10003|NYW Fordham Rd10003+NYUniversity Ave+10003'
-73.9049,40.8526,0,7,'NYE Burnside Ave10003|NYE Burnside Ave10003+NYDevanney Sq+10003|NYE Burnside Ave10003+NYCreston Ave+10003|NYDevanney Sq10003|NYDevanney Sq10003+NYCreston Ave+10003'
-73.9049,40.9200,0,1,'NYFairfield Rd10003'
-73.9049,40.6488,0,1,'NYE 98th St10003+NYFoster Ave+10003'
-73.9049,40.7535,19,70,'NYState Hwy 25 Alt10002+NY56th St+10002|NYNorthern Blvd10002+NY56th St+10002'
-73.9049,40.6187,0,1,'NYAve V10003+NYE 72nd St+10003'
-73.9049,40.8273,0,7,'NYE 166th St10003|NYE 166th St10003+NYBoston Rd+10003'
-73.9049,40.8214,0,10,'NYForest Ave10003|NYForest Ave10003+NYE 161st St+10003'
-73.9049,40.6381,0,3,'NYE 89th St10003+NYAve J+10003'
-73.9049,40.7129,0,14,'NY60th St10003|NY60th St10003+NYMetropolitan Ave+10003'
-73.9049,40.6325,0,3,'NYAve L10003+NYE 84th St+10003'
-73.9049,40.6282,0,1,'NYPaerdegat 11th St10003|NYPaerdegat 11th St10003+NYPaerdegat Ave N+10003'
-73.9049,40.7003,0,16,'NYCatalpa Ave10003'
-73.9049,40.6054,0,1,'NYIndiana Pl10003|NYIndiana Pl10003+NYNational Dr+10003'
-73.9049,40.6819,1,19,'NYBushwick Ave10003+NYde Sales Pl+10003'
-73.9049,40.8587,4,15,'NYW 183rd St10003+NYDavidson Ave+10003'
-73.9049,40.7044,1,21,'NYWoodbine St10003+NYWoodward Ave+10003'
-73.9049,40.7176,1,14,'NY60th Pl10003'
-73.9049,40.6297,0,1,'NYPaerdegat 10th St10003|NYPaerdegat 10th St10003+NYAve M+10003|NYPaerdegat 10th St10003+NYE 80th St+10003|NYAve M10003|NYAve M10003+NYE 80th St+10003'
-73.9049,40.7206,1,35,'NY58th Rd10003|NY58th Rd10003+NYFlushing Ave+10003|NY58th Rd10003+NY60th Ln+10003|NYFlushing Ave10003+NY60th Ln+10003|NY60th Ln10003'
-73.9048,40.7573,6,60,'NY57th St10003'
-73.9048,40.6091,0,1,'NYBassett Ave10003+NYBarlow Dr S+10003|NYBassett Ave10003+NYBarlow Dr N+10003|NYBarlow Dr S10003|NYBarlow Dr S10003+NYBarlow Dr N+10003|NYBarlow Dr N10003'
-73.9048,40.6732,0,1,'NYPowell St10003+NYLiberty Ave+10003'
-73.9048,40.8816,0,36,'NYKingsbridge Ave10003+NYW 233rd St+10003|NYW 233rd St10003'
-73.9048,40.8886,0,62,'NYW 240th St10003|NYW 240th St10003+NYGreystone Ave+10003'
-73.9048,40.8450,0,9,'NYIttner Pl10003|NYIttner Pl10003+NYIttner Pl+10003|NYIttner Pl10003+NYCross Bronx Expy+10003|NYIttner Pl10003+NYClay Ave+10003|NYCross Bronx Expy10003|NYCross Bronx Expy10003+NYClay Ave+10003'
-73.9048,40.6693,0,11,'NYBelmont Ave10003+NYSackman St+10003|NYSackman St10003'
-73.9048,40.8789,15,52,'NYW 231st St10003+NYUS Rte 9+10003|NYW 231st St10003+NYBroadway+10003'
-73.9048,40.6993,0,2,'NYHancock St10003+NYCypress Ave+10003'
-73.9048,40.6960,2,21,'NYWyckoff Ave10003+NYGeorge St+10003|NYGeorge St10003'
-73.9048,40.8975,0,24,'NYGrosvenor Ave10003|NYGrosvenor Ave10003+NYW 250th St+10003'
-73.9048,40.7080,1,7,'NYGrandview Ave10003+NYLinden St+10003'
-73.9048,40.6461,1,7,'NYFarragut Rd10003+NYE 96th St+10003'
-73.9048,40.7129,1,19,'NYEliot Ave10003|NYEliot Ave10003+NYMetropolitan Ave+10003'
-73.9048,40.7470,1,43,'NY59th St10003'
-73.9048,40.7681,8,18,'NYBklyn Qns Expressway Exit Naval Base10003|NYBklyn Qns Expressway Exit Naval Base10003+NYGrand Central Pkwy+10003'
-73.9048,40.8459,0,12,'NYProspect Pl10003|NYProspect Pl10003+NYClay Ave+10003'
-73.9047,40.8143,0,2,'NYE 151st St10003|NYE 151st St10003+NYUnion Ave+10003'
-73.9047,40.7100,2,31,'NYForest Ave10003+NYMenahan St+10003'
-73.9047,40.9227,0,2,'NYFairfield Rd10003|NYFairfield Rd10003+NYSunnyside Dr+10003'
-73.9047,40.7613,0,15,'NY28th Ave10003|NY28th Ave10003+NY56th Pl+10003|NY56th Pl10003'
-73.9047,40.7011,0,10,'NYSeneca Ave10003+NYCornelia St+10003'
-73.9047,40.8554,0,12,'NYE 181st St10003+NYWalton Ave+10003'
-73.9047,40.8852,0,48,'NYW 236th St10003+NYIrwin Ave+10003'
-73.9047,40.8806,0,24,'NYW 232nd St10003+NYGodwin Ter+10003|NYGodwin Ter10003'
-73.9047,40.8746,1,36,'NYW 229th St10003|NYW 229th St10003+NYBailey Ave+10003'
-73.9047,40.8766,0,2,'NYI 8710001+NYW 230th St+10001|NYW 230th St10003+NYMajor Deegan Expy+10003'
-73.9047,40.7357,0,21,'NYTyler Ave10003+NY60th St+10003|NYTyler Ave10003+NY51st Ave+10003|NY60th St10003|NY60th St10003+NY51st Ave+10003|NY51st Ave10003'
-73.9047,40.6436,0,3,'NYE 94th St10003+NYGlenwood Rd+10003'
-73.9047,40.9015,0,8,'NYMosholu Ave10003'
-73.9047,40.9018,0,4,'NYW 254th St10003+NYMosholu Ave+10003'
-73.9047,40.8466,0,11,'NYE 175th St10003+NYClay Ave+10003'
-73.9047,40.8529,0,8,'NYCreston Ave10003+NYE Burnside Ave+10003'
-73.9047,40.8571,0,1,'NYW 182nd St10003|NYW 182nd St10003+NYJerome Ave+10003'
-73.9047,40.9175,0,1,'NYHawthorne Pl10003|NYHawthorne Pl10003+NYHawthorne Ave+10003'
-73.9047,40.8726,1,28,'NYHeath Ave10003+NYW Kingsbridge Rd+10003'
-73.9047,40.8511,1,29,'NYE 179th St10003+NYGrand Concourse+10003'
-73.9047,40.7379,1,5,'NYLaurel Hill Blvd10003+NY60th St+10003'
-73.9047,40.7594,1,54,'NY30th Ave10003|NY30th Ave10003+NY57th St+10003|NY57th St10003'
-73.9046,40.7685,4,16,'NY46th St10003|NY46th St10003+NYAstoria Blvd+10003|NY46th St10003+NYAstoria Blvd N+10003|NY46th St10003+NY23rd Ave+10003|NYAstoria Blvd10003|NYAstoria Blvd10003+NYAstoria Blvd N+10003|NYAstoria Blvd10003+NYAstoria Blvd+10003|NYAstoria Blvd10003+NY23rd Ave+10003|NYAstoria Blvd N10003+NY23rd Ave+10003'
-73.9046,40.8118,0,10,'NYSouthern Blvd10003+NYProspect Ave+10003|NYProspect Ave10003'
-73.9046,40.7378,8,12,'NY60th St10003+NYI 278+10003'
-73.9046,40.6834,0,1,'NYAberdeen St10003'
-73.9046,40.8353,0,19,'NYE 170th St10003+NYWashington Ave+10003'
-73.9046,40.7385,0,37,'NY60th St10003+NY48th Ave+10003|NY48th Ave10003'
-73.9046,40.6411,2,1,'NYFlatlands Ave10003+NYE 92nd St+10003'
-73.9046,40.8474,0,17,'NYClay Ave10003'
-73.9046,40.7718,24,284,'NY42nd St10003+NYDitmars Blvd+10003'
-73.9046,40.7166,0,5,'NY60th Ave10003+NY60th Pl+10003|NY60th Pl10003'
-73.9046,40.7415,93,190,'NYQueens Blvd10002+NY60th St+10002|NYState Hwy 2510002+NY60th St+10002|NY60th St10003'
-73.9046,40.7672,2,74,'NY47th St10003|NY47th St10003+NYBrooklyn Queens Expy W+10003'
-73.9046,40.7226,0,73,'NY57th Rd10003'
-73.9046,40.6217,0,3,'NYAve U10003+NYRoyce St+10003'
-73.9046,40.8765,1,7,'NYMajor Deegan Expy10001+NYW 230th St+10001|NYW 230th St10003+NYI 87+10003'
-73.9046,40.7752,5,164,'NY21st Ave10003+NY38th St+10003'
-73.9046,40.6519,1,1,'NYE 101st St10003|NYE 101st St10003+NYAve D+10003'
-73.9045,40.8192,0,4,'NYE 158th St10003+NYTinton Ave+10003'
-73.9045,40.8395,0,3,'NYClaremont Pkwy10003+NYBrook Ave+10003|NYBrook Ave10003'
-73.9045,40.7024,0,18,'NYOnderdonk Ave10003+NYPutnam Ave+10003'
-73.9045,40.6567,0,4,'NYHegeman Ave10003+NYNew Lots Ave+10003|NYHegeman Ave10003+NYWatkins St+10003|NYNew Lots Ave10003|NYNew Lots Ave10003+NYWatkins St+10003|NYWatkins St10003'
-73.9045,40.7399,0,57,'NY47th Ave10003+NY60th St+10003|NY60th St10003'
-73.9045,40.6161,0,3,'NYE 70th St10003+NYAvenue W+10003'
-73.9045,40.8573,0,2,'NYE 182nd St10003|NYE 182nd St10003+NYJerome Ave+10003'
-73.9045,40.6719,0,1,'NYPowell St10003+NYGlenmore Ave+10003'
-73.9045,40.7059,0,34,'NYPalmetto St10003+NYFairview Ave+10003'
-73.9045,40.7646,5,63,'NY25th Ave10003+NY49th St+10003'
-73.9045,40.8380,0,3,'NYPark Ave10003+NYE 171st St+10003'
-73.9045,40.7146,0,2,'NY60th Ct10003'
-73.9045,40.8306,3,25,'NYFulton Ave10003+NYE 168th St+10003'
-73.9045,40.7785,0,13,'NY20th Ave10003+NY35th St+10003|NY35th St10003'
-73.9045,40.7451,25,156,'NYWoodside Ave10003+NY60th St+10003'
-73.9045,40.8694,0,14,'NYSedgwick Ave10003|NYSedgwick Ave10003+NYSedgwick Ave+10003'
-73.9045,40.8593,0,13,'NYEvelyn Pl10003+NYDavidson Ave+10003'
-73.9045,40.6299,0,4,'NYAve M10003|NYAve M10003+NYAve M+10003|NYAve M10003+NYE 82nd St+10003|NYE 82nd St10003|NYE 82nd St10003+NYAve M+10003'
-73.9045,40.8123,1,13,'NYE 149th St10003+NYProspect Ave+10003'
-73.9045,40.6680,0,13,'NYSutter Ave10003+NYSackman St+10003|NYSackman St10003'
-73.9045,40.6788,0,1,'NYConway St10003|NYConway St10003+NYTruxton St+10003'
-73.9045,40.7477,0,2,'NY39th Ave10003+NY59th St+10003|NY59th St10003'
-73.9044,40.7676,1,2,'NYAstoria Blvd10003+NYBrooklyn Queens Expy+10003|NYAstoria Blvd10003+NYBklyn Qns Expressway Exit Naval Base+10003|NYBrooklyn Queens Expy10001+NYAstoria Blvd S+10001|NYBklyn Qns Expressway Exit Naval Base10003|NYBklyn Qns Expressway Exit Naval Base10003+NYAstoria Blvd S+10003|NYBklyn Qns Expressway Exit Naval Base10003+NYI 278+10003|NYAstoria Blvd S10003|NYAstoria Blvd S10003+NYI 278+10003'
-73.9044,40.7455,53,132,'NY60th St10003+NYRoosevelt Ave+10003'
-73.9044,40.7219,2,34,'NYGrand Ave10003+NY61st St+10003|NYGrand Ave10003+NY57th Dr+10003|NY57th Dr10003'
-73.9044,40.7764,1,31,'NY37th St10003+NY20th Rd+10003'
-73.9044,40.8902,0,4,'NYGreystone Ave10003'
-73.9044,40.6957,1,8,'NYWyckoff Ave10003|NYWyckoff Ave10003+NYWyckoff Ave+10003|NYWyckoff Ave10003+NYEldert St+10003|NYEldert St10003'
-73.9044,40.8153,0,7,'NYE 152nd St10003+NYUnion Ave+10003'
-73.9044,40.7522,2,23,'NY57th St10003+NYBroadway+10003'
-73.9044,40.7594,0,3,'NY30th Ave10003'
-73.9044,40.8795,5,12,'NYNaples Ter10003|NYNaples Ter10003+NYUS Rte 9+10003|NYNaples Ter10003+NYBroadway+10003'
-73.9044,40.7441,1,34,'NY60th St10003+NY41st Ave+10003|NY41st Ave10003'
-73.9044,40.8703,0,15,'NYW Kingsbridge Rd10003+NYKingsbridge Ter+10003'
-73.9044,40.8659,1,13,'NYWebb Ave10003+NYW 190th St+10003|NYW 190th St10003'
-73.9044,40.9095,0,1,'NYNetherland Ave10003'
-73.9044,40.9179,0,1,'NYHawthorne Ave10003+NYBelvedere Dr+10003'
-73.9044,40.6751,0,6,'NYJunius St10003|NYJunius St10003+NYE New York Ave+10003'
-73.9044,40.8612,1,21,'NYGrand Ave10003+NYW 184th St+10003'
-73.9044,40.8898,0,20,'NYW 242nd St10003+NYGreystone Ave+10003'
-73.9044,40.7091,3,25,'NYGrove St10003+NYForest Ave+10003'
-73.9044,40.8780,0,1,'NYVerveelen Pl10003'
-73.9044,40.6761,1,2,'NYHavens Pl10003'
-73.9043,40.7557,2,9,'NY32nd Ave10003+NY57th St+10003|NY57th St10003'
-73.9043,40.6908,0,17,'NYCooper St10003+NYKnickerbocker Ave+10003'
-73.9043,40.9060,1,25,'NYRiverdale Ave10003+NYW 258th St+10003|NYRiverdale Ave10003+NYCoogans Pl+10003|NYW 258th St10003|NYW 258th St10003+NYHenry Hudson Pkwy W+10003|NYHenry Hudson Pkwy W10003+NYCoogans Pl+10003|NYCoogans Pl10003'
-73.9043,40.9105,1,4,'NYW 261st St10003+NYNetherland Ave+10003|NYNetherland Ave10003'
-73.9043,40.7502,4,63,'NY37th Ave10003+NY58th St+10003'
-73.9043,40.6109,0,3,'NYUtah Walk10003+NYMayfair Dr N+10003'
-73.9043,40.9235,0,2,'NYAbe Cohen Plz10003|NYAbe Cohen Plz10003+NYPier St+10003|NYAbe Cohen Plz10003+NYSunnyside Dr+10003|NYBridge St10003|NYBridge St10003+NYPier St+10003|NYBridge St10003+NYSunnyside Dr+10003|NYPier St10003|NYPier St10003+NYSunnyside Dr+10003|NYSunnyside Dr10003'
-73.9043,40.6065,0,2,'NYKansas Pl10003|NYKansas Pl10003+NYArkansas Dr+10003'
-73.9043,40.8559,0,1,'NYWalton Ave10003+NYCameron Pl+10003'
-73.9043,40.7435,1,51,'NY41st Dr10003|NY41st Dr10003+NY60th St+10003'
-73.9043,40.6932,0,13,'NYSchaefer St10003|NYSchaefer St10003+NYSchaefer St+10003|NYSchaefer St10003+NYIrving Ave+10003'
-73.9043,40.8269,0,10,'NYTrinity Ave10003|NYTrinity Ave10003+NYE 166th St+10003'
-73.9043,40.8577,0,6,'NYBuchanan Pl10003|NYBuchanan Pl10003+NYJerome Ave+10003'
-73.9043,40.9111,1,0,'NYCollege Rd10003'
-73.9043,40.8953,3,35,'NYFieldston Rd10003+NYGoodridge Ave+10003|NYGoodridge Ave10003'
-73.9043,40.6772,1,1,'NYHavens Pl10003|NYHavens Pl10003+NYHerkimer St+10003'
-73.9043,40.7481,3,29,'NY38th Ave10003+NY59th St+10003'
-73.9042,40.6813,0,6,'NYCooke Ct10003|NYCooke Ct10003+NYEastern Pkwy+10003'
-73.9042,40.8444,0,3,'NYAnthony Ave10003|NYAnthony Ave10003+NYE 174th St+10003|NYAnthony Ave10003+NYCross Bronx Exwy Svc Rd+10003|NYE 174th St10003+NYCross Bronx Exwy Svc Rd+10003|NYCross Bronx Exwy Svc Rd10006'
-73.9042,40.7212,0,7,'NY58th Ave10003'
-73.9042,40.8432,3,6,'NYCarter Ave10003|NYCarter Ave10003+NYE 173rd St+10003'
-73.9042,40.6946,0,9,'NYCovert St10003+NYOld Railroad Grade Aly+10003'
-73.9042,40.7153,1,21,'NY60th Pl10003|NY60th Pl10003+NY60th Dr+10003'
-73.9042,40.8517,1,13,'NYBush St10003+NYGrand Concourse+10003'
-73.9042,40.7301,0,13,'NY53rd Dr10003|NY53rd Dr10003+NYMaurice Ave+10003'
-73.9042,40.6632,0,8,'NYChristopher Ave10003|NYChristopher Ave10003+NYLivonia Ave+10003'
-73.9042,40.7258,1,39,'NY55th Dr10003+NYBorden Ave+10003|NY55th Dr10003+NY61st St+10003|NYBorden Ave10003|NYBorden Ave10003+NY61st St+10003|NY61st St10003'
-73.9042,40.6191,0,1,'NYAve V10003+NYE 73rd St+10003'
-73.9042,40.6707,0,4,'NYPitkin Ave10003+NYPowell St+10003'
-73.9042,40.7636,1,5,'NY50th St10003+NYBorough Pl+10003|NYBorough Pl10003'
-73.9042,40.7007,0,24,'NYSeneca Ave10003+NYCatalpa Ave+10003'
-73.9042,40.8131,0,13,'NYE 150th St10003|NYE 150th St10003+NYFox St+10003|NYE 150th St10003+NYProspect Ave+10003|NYFox St10003|NYFox St10003+NYProspect Ave+10003'
-73.9042,40.8121,4,31,'NYE 149th St10003+NYSouthern Blvd+10003'
-73.9042,40.6493,0,1,'NYFoster Ave10003+NYE 99th St+10003'
-73.9042,40.8362,2,10,'NYWashington Ave10003+NYSt Pauls Pl+10003'
-73.9042,40.8420,0,6,'NYBelmont St10003|NYBelmont St10003+NYWebster Ave+10003'
-73.9041,40.6330,0,3,'NYAve L10003+NYE 85th St+10003'
-73.9041,40.6551,0,2,'NYWatkins St10003|NYWatkins St10003+NYLinden Blvd+10003'
-73.9041,40.7664,3,26,'NYBrooklyn Queens Expy W10006+NY48th St+10006|NY48th St10003'
-73.9041,40.8871,3,85,'NYWaldo Ave10003+NYW 238th St+10003'
-73.9041,40.7380,9,22,'NY61st St10003|NY61st St10003+NYI 278+10003'
-73.9041,40.6386,0,1,'NYRemsen Ave10003+NYAve J+10003'
-73.9041,40.9246,0,1,'NYBridge St10003+NYKnowles St+10003|NYKnowles St10003'
-73.9041,40.7040,0,13,'NYMadison St10003+NYWoodward Ave+10003'
-73.9041,40.7086,0,25,'NYForest Ave10003+NYLinden St+10003|NYLinden St10003'
-73.9041,40.9018,0,8,'NYVinmont Rd10003|NYVinmont Rd10003+NYW 254th St+10003'
-73.9041,40.7264,8,4,'NYQ Mid Expressway Lwr Deck en10003'
-73.9041,40.8203,1,10,'NYE 160th St10003+NYTinton Ave+10003'
-73.9041,40.8657,0,2,'NYDevoe Ter10003|NYDevoe Ter10003+NYW 190th St+10003'
-73.9041,40.9069,2,16,'NYRiverdale Ave10003+NYW 259th St+10003|NYW 259th St10003+NYHenry Hudson Pkwy W+10003'
-73.9041,40.6815,3,8,'NYVanderveer St10003|NYVanderveer St10003+NYBushwick Ave+10003|NYVanderveer St10003+NYEastern Pkwy+10003|NYBushwick Ave10003+NYEastern Pkwy+10003|NYEastern Pkwy10003'
-73.9041,40.7210,4,32,'NYFlushing Ave10003+NY61st St+10003'
-73.9041,40.6279,0,2,'NYPaerdegat 12th St10003|NYPaerdegat 12th St10003+NYPaerdegat Ave N+10003'
-73.9041,40.7381,1,8,'NY61st St10003+NYLaurel Hill Blvd+10003'
-73.9041,40.8600,0,3,'NYDavidson Ave10003+NYNorth St+10003'
-73.9041,40.7278,0,3,'NY61st St10003|NY61st St10003+NY54th Ave+10003'
-73.9041,40.8824,0,12,'NYKingsbridge Ave10003+NYW 234th St+10003'
-73.9041,40.6989,0,8,'NYWeirfield St10003+NYCypress Ave+10003'
-73.9041,40.7679,7,10,'NYBrooklyn Queens Expy10002|NYBrooklyn Queens Expy10002+NYGrand Central Pkwy+10002'
-73.9041,40.7110,0,16,'NY60th St10003|NY60th St10003+NYBleecker St+10003'
-73.9040,40.8761,1,23,'NYW 230th St10003|NYW 230th St10003+NYBailey Ave+10003'
-73.9040,40.6792,0,2,'NYBroadway10003+NYConway St+10003'
-73.9040,40.6293,0,3,'NYPaerdegat 11th St10003|NYPaerdegat 11th St10003+NYE 80th St+10003'
-73.9040,40.7076,2,29,'NYGates Ave10003+NYGrandview Ave+10003'
-73.9040,40.7290,1,33,'NY61st St10003+NY62nd St+10003|NY62nd St10003'
-73.9040,40.7304,4,19,'NY61st St10003|NY61st St10003+NYMaurice Ave+10003'
-73.9040,40.8450,0,2,'NYIttner Pl10003|NYIttner Pl10003+NYAnthony Ave+10003|NYIttner Pl10003+NYIttner Pl+10003|NYAnthony Ave10003|NYAnthony Ave10003+NYIttner Pl+10003|NYAnthony Ave10003+NYItner Pl+10003|NYIttner Pl10003+NYItner Pl+10003|NYItner Pl10003'
-73.9040,40.8699,0,3,'NYSedgwick Ave10003+NYW Kingsbridge Rd+10003'
-73.9040,40.8914,0,18,'NYLivingston Ave10003'
-73.9040,40.8848,0,26,'NYW 236th St10003+NYTibbett Ave+10003'
-73.9040,40.8882,1,12,'NYW 240th St10003'
-73.9040,40.7465,1,7,'NY60th St10003'
-73.9040,40.7085,2,36,'NYLinden St10003|NYLinden St10003+NYForest Ave+10003'
-73.9040,40.7146,1,4,'NY60th Pl10003+NY60th Ct+10003|NY60th Ct10003'
-73.9040,40.9027,0,10,'NYW 255th St10003|NYW 255th St10003+NYMosholu Ave+10003'
-73.9040,40.8165,1,9,'NYE 155th St10003|NYE 155th St10003+NYUnion Ave+10003'
-73.9040,40.8642,2,44,'NYDr Martin Luther King Jr Blvd10003+NYFather Zeiser Pl+10003|NYDr Martin Luther King Jr Blvd10003+NYW 188th St+10003|NYFather Zeiser Pl10003|NYFather Zeiser Pl10003+NYUniversity Ave+10003|NYFather Zeiser Pl10003+NYW 188th St+10003|NYUniversity Ave10003+NYW 188th St+10003|NYW 188th St10003'
-73.9040,40.6441,0,1,'NYGlenwood Rd10003+NYE 95th St+10003'
-73.9040,40.6057,0,2,'NYKansas Pl10003|NYKansas Pl10003+NYNational Dr+10003'
-73.9040,40.8103,0,15,'NYAustin Pl10003+NYE 147th St+10003|NYE 147th St10003'
-73.9040,40.6466,0,5,'NYFarragut Rd10003+NYRockaway Pkwy+10003'
-73.9040,40.9040,0,5,'NYW 256th St10003+NYDelafield Ave+10003|NYDelafield Ave10003'
-73.9040,40.7675,2,4,'NYBrooklyn Queens Expy10002+NYAstoria Blvd+10002'
-73.9040,40.6089,0,1,'NYBassett Ave10003+NYMayfair Dr S+10003|NYBassett Ave10003+NYMayfair Dr N+10003|NYMayfair Dr S10003|NYMayfair Dr S10003+NYMayfair Dr N+10003|NYMayfair Dr N10003'
-73.9040,40.8550,1,4,'NYE 181st St10003+NYMorris Ave+10003'
-73.9039,40.6955,2,7,'NYStephen St10003|NYStephen St10003+NYWyckoff Ave+10003'
-73.9039,40.8763,0,15,'NYBailey Ave10003+NYW 230th St+10003|NYW 230th St10003'
-73.9039,40.8896,0,1,'NYW 242nd St10003+NYDash Pl+10003|NYDash Pl10003'
-73.9039,40.8801,1,17,'NYW 232nd St10003|NYW 232nd St10003+NYUS Rte 9+10003|NYW 232nd St10003+NYBroadway+10003'
-73.9039,40.7536,26,136,'NY57th St10003+NYState Hwy 25 Alt+10003|NY57th St10003+NYNorthern Blvd+10003'
-73.9039,40.8584,0,16,'NYW 183rd St10003|NYW 183rd St10003+NYJerome Ave+10003'
-73.9039,40.7713,13,239,'NY43rd St10003+NYDitmars Blvd+10003'
-73.9039,40.8781,0,6,'NYI 8710001|NYI 8710001+NYMajor Deegan Expy+10001|NYI 8710001+NYAlbany Cres+10001|NYI 8710001+NYI 87+10001|NYMajor Deegan Expy10001|NYMajor Deegan Expy10001+NYMajor Deegan Expy+10001|NYMajor Deegan Expy10001+NYAlbany Cres+10001|NYMajor Deegan Expy10001+NYI 87+10001|NYAlbany Cres10003|NYAlbany Cres10003+NYI 87+10003'
-73.9039,40.6829,1,2,'NYde Sales Pl10003'
-73.9039,40.6694,0,4,'NYBelmont Ave10003+NYPowell St+10003'
-73.9039,40.8282,1,6,'NYBoston Rd10003+NYE 167th St+10003|NYE 167th St10003'
-73.9039,40.9349,0,2,'NYPierpointe Pl10003|NYPierpointe Pl10003+NYMain St+10003'
-73.9038,40.8523,1,6,'NYE Burnside Ave10003|NYE Burnside Ave10003+NYGrand Concourse+10003|NYE Burnside Ave10003+NYDevanney Sq+10003|NYGrand Concourse10003+NYDevanney Sq+10003|NYDevanney Sq10003'
-73.9038,40.7681,3,15,'NYAstoria Blvd10003|NYAstoria Blvd10003+NYAstoria Blvd N+10003|NYAstoria Blvd10003+NYAstoria Blvd+10003|NYAstoria Blvd10003+NY47th St+10003|NYAstoria Blvd10003+NY23rd Ave+10003|NYAstoria Blvd N10003+NY47th St+10003|NYAstoria Blvd N10003+NY23rd Ave+10003|NY47th St10003|NY47th St10003+NY23rd Ave+10003|NY23rd Ave10003'
-73.9038,40.7747,18,319,'NYSteinway St10003+NY21st Ave+10003'
-73.9038,40.8875,0,26,'NYDash Pl10003|NYDash Pl10003+NYWaldo Ave+10003'
-73.9038,40.8393,0,2,'NYPark Ave10003+NYClaremont Pkwy+10003'
-73.9038,40.6617,1,3,'NYRiverdale Ave10003+NYChristopher Ave+10003'
-73.9038,40.6222,0,8,'NYAve U10003|NYAve U10003+NYBergen Ave+10003'
-73.9038,40.6166,0,2,'NYE 71st St10003+NYAvenue W+10003'
-73.9038,40.8466,0,8,'NYAnthony Ave10003+NYE 175th St+10003|NYE 175th St10003'
-73.9038,40.8141,3,10,'NYBeck St10003|NYBeck St10003+NYE 151st St+10003|NYBeck St10003+NYProspect Ave+10003|NYE 151st St10003|NYE 151st St10003+NYProspect Ave+10003'
-73.9038,40.7020,0,20,'NYCornelia St10003+NYOnderdonk Ave+10003'
-73.9038,40.7133,0,7,'NYEliot Ave10003+NY60th Pl+10003'
-73.9038,40.7136,0,3,'NY62nd Ave10003'
-73.9038,40.7427,1,69,'NY61st St10003|NY61st St10003+NY43rd Ave+10003'
-73.9038,40.7780,5,35,'NY36th St10003|NY36th St10003+NY20th Ave+10003'
-73.9038,40.8211,0,10,'NYE 161st St10003+NYTinton Ave+10003'
-73.9038,40.6304,0,1,'NYAve M10003+NYE 83rd St+10003'
-73.9038,40.7352,2,40,'NYTyler Ave10003+NY61st St+10003|NY61st St10003'
-73.9038,40.8967,2,12,'NYW 250th St10003+NYGoodridge Ave+10003'
-73.9038,40.7669,4,13,'NYBrooklyn Queens Expy10002+NY48th St+10002|NY48th St10003'
-73.9038,40.7758,1,27,'NY20th Rd10003+NY38th St+10003'
-73.9038,40.6417,0,2,'NYFlatlands Ave10003+NYE 93rd St+10003'
-73.9038,40.7055,1,10,'NYWoodbine St10003+NYFairview Ave+10003'
-73.9038,40.6428,0,1,'NYE 94th St10003+NYConklin Ave+10003'
-73.9038,40.7128,1,13,'NY60th Pl10003+NYMetropolitan Ave+10003'
-73.9038,40.8539,0,21,'NYE 180th St10003|NYE 180th St10003+NYCreston Ave+10003'
-73.9038,40.7257,0,12,'NY55th Dr10003|NY55th Dr10003+NYBorden Ave+10003|NYBorden Ave10003'
-73.9037,40.8473,0,4,'NYAnthony Ave10003+NYE 176th St+10003'
-73.9037,40.9334,0,6,'NYWater Grant St10003+NYPierpointe Pl+10003|NYPierpointe Pl10003'
-73.9037,40.7642,1,46,'NY50th St10003+NY25th Ave+10003'
-73.9037,40.7471,3,17,'NY60th St10003'
-73.9037,40.7656,1,2,'NYBrooklyn Queens Expy W10006+NY49th St+10006'
-73.9037,40.8743,0,19,'NYHeath Ave10003+NYW 229th St+10003'
-73.9037,40.7382,6,33,'NYLaurel Hill Blvd10003+NY61st St+10003'
-73.9037,40.7260,4,3,'NYQ Mid Expressway Lwr Deck Exit10003|NYQ Mid Expressway Lwr Deck Exit10003+NYQn Midtown Expressway en Eb+10003'
-73.9037,40.6382,0,1,'NYRemsen Ave10003+NYChurch Ln+10003'
-73.9037,40.8587,1,5,'NYE 183rd St10003|NYE 183rd St10003+NYJerome Ave+10003'
-73.9037,40.7449,26,127,'NY61st St10003|NY61st St10003+NYWoodside Ave+10003'
-73.9037,40.8785,0,22,'NYW 231st St10003+NYMajor Deegan Expy+10003|NYW 231st St10003+NYI 87+10003'
-73.9037,40.8524,2,19,'NYGrand Concourse10003+NYE Burnside Ave+10003'
-73.9037,40.7574,3,28,'NY58th St10003'
-73.9037,40.7414,17,44,'NYQueens Blvd10002+NY61st St+10002|NYState Hwy 2510002+NY61st St+10002|NY61st St10003'
-73.9037,40.7004,0,6,'NYSeneca Ave10003+NYMyrtle Ave+10003|NYSeneca Ave10003+NYHancock St+10003|NYHancock St10003'
-73.9037,40.9084,0,17,'NYRiverdale Ave10003+NYW 260th St+10003|NYHenry Hudson Pkwy W10003+NYW 260th St+10003|NYW 260th St10003'
-73.9037,40.8695,2,17,'NYSedgwick Ave10003+NYW Kingsbridge Rd+10003'
-73.9036,40.7381,1,42,'NYI 27810001+NY61st St+10001'
-73.9036,40.6571,0,4,'NYNew Lots Ave10003+NYStone Ave+10003|NYNew Lots Ave10003+NYMother Gaston Blvd+10003'
-73.9036,40.6928,1,27,'NYDecatur St10003|NYDecatur St10003+NYDecatur St+10003|NYDecatur St10003+NYIrving Ave+10003'
-73.9036,40.8570,0,6,'NYE 182nd St10003+NYWalton Ave+10003'
-73.9036,40.6904,0,8,'NYMoffat St10003+NYKnickerbocker Ave+10003|NYKnickerbocker Ave10003'
-73.9036,40.9054,0,3,'NYDelafield Ave10003'
-73.9036,40.6721,0,1,'NYJunius St10003+NYGlenmore Ave+10003'
-73.9036,40.6358,0,1,'NYAve K10003+NYE 88th St+10003|NYE 88th St10003'
-73.9036,40.7474,1,33,'NY60th St10003+NY39th Ave+10003'
-73.9036,40.8443,0,3,'NYCarter Ave10003|NYCarter Ave10003+NYE 174th St+10003'
-73.9036,40.7518,6,40,'NY34th Ave10003|NY34th Ave10003+NYBroadway+10003|NYBroadway10003+NY58th St+10003'
-73.9036,40.7658,1,0,'NYBrooklyn Queens Expy10001+NY49th St+10001|NY49th St10003+NYI 278+10003'
-73.9036,40.8479,1,10,'NYAnthony Ave10003+NYMount Hope Pl+10003|NYMount Hope Pl10003'
-73.9036,40.8807,3,19,'NYUS Rte 910002+NYW 233rd St+10002|NYBroadway10002+NYW 233rd St+10002|NYW 233rd St10003'
-73.9036,40.6113,0,2,'NYUtah Walk10003'
-73.9035,40.7420,1,23,'NY44th Ave10003|NY44th Ave10003+NY61st St+10003'
-73.9035,40.8267,0,10,'NYJackson Ave10003|NYJackson Ave10003+NYE 166th St+10003'
-73.9035,40.8350,0,31,'NYE 170th St10003+NY3rd Ave+10003'
-73.9035,40.8590,0,1,'NYEvelyn Pl10003|NYEvelyn Pl10003+NYJerome Ave+10003'
-73.9035,40.8556,0,4,'NYMorris Ave10003+NYCameron Pl+10003|NYCameron Pl10003'
-73.9035,40.8609,0,31,'NYDavidson Ave10003+NYW 184th St+10003'
-73.9035,40.6953,0,8,'NYCovert St10003|NYCovert St10003+NYWyckoff Ave+10003'
-73.9035,40.9348,0,2,'NYWater Grant St10003|NYWater Grant St10003+NYMain St+10003'
-73.9035,40.6196,0,4,'NYE 74th St10003+NYAve V+10003'
-73.9035,40.7650,1,4,'NYBrooklyn Queens Expy W10006+NY50th St+10006|NY50th St10003'
-73.9035,40.8698,0,17,'NYSedgwick Ave10003|NYSedgwick Ave10003+NYSedgwick Ave+10003'
-73.9035,40.6755,0,12,'NYVan Sinderen Ave10003+NYE New York Ave+10003'
-73.9035,40.8151,0,15,'NYKelly St10003|NYKelly St10003+NYE 152nd St+10003|NYKelly St10003+NYProspect Ave+10003|NYE 152nd St10003|NYE 152nd St10003+NYProspect Ave+10003'
-73.9035,40.6789,0,1,'NYVan Sinderen Ave10003|NYVan Sinderen Ave10003+NYBroadway+10003|NYVan Sinderen Ave10003+NYTruxton St+10003|NYBroadway10003+NYTruxton St+10003|NYTruxton St10003'
-73.9035,40.8285,0,1,'NYBoston Rd10003+NYHome St+10003|NYHome St10003'
-73.9035,40.6140,0,1,'NYE 69th St10003+NYAve X+10003'
-73.9034,40.7499,6,36,'NY37th Ave10003+NY59th St+10003'
-73.9034,40.8190,0,4,'NYE 158th St10003+NYUnion Ave+10003'
-73.9034,40.6461,0,3,'NYSmiths Ln10003+NYRockaway Pkwy+10003'
-73.9034,40.8322,0,7,'NYE 169th St10003+NYFulton Ave+10003'
-73.9034,40.8808,1,28,'NYW 233rd St10003|NYW 233rd St10003+NYUS Rte 9+10003|NYW 233rd St10003+NYBroadway+10003'
-73.9034,40.7624,0,3,'NYBulova Ave10003|NYBulova Ave10003+NYBorough Pl+10003|NYBulova Ave10003+NYBerkey Ave+10003|NYBorough Pl10003+NYBerkey Ave+10003|NYBerkey Ave10003'
-73.9034,40.7660,0,5,'NYBrooklyn Queens Expy10002+NY49th St+10002'
-73.9034,40.8115,3,40,'NYE 149th St10003|NYE 149th St10003+NYE 149th St+10003|NYE 149th St10003+NYTimpson Pl+10003'
-73.9034,40.6334,0,9,'NYE 86th St10003+NYAve L+10003'
-73.9034,40.7558,0,60,'NY32nd Ave10003+NY58th St+10003'
-73.9034,40.7426,0,31,'NY43rd Ave10003+NY61st St+10003|NY61st St10003'
-73.9034,40.9196,0,1,'NYCulver St10003|NYCulver St10003+NYHawthorne Ave+10003|NYCulver St10003+NYAshton Rd+10003|NYHawthorne Ave10003+NYAshton Rd+10003|NYAshton Rd10003'
-73.9034,40.8769,3,19,'NYBailey Ave10003+NYAlbany Cres+10003'
-73.9034,40.7456,187,375,'NY61st St10003+NYRoosevelt Ave+10003'
-73.9034,40.7035,0,15,'NYWoodward Ave10003+NYPutnam Ave+10003'
-73.9034,40.6811,0,12,'NYStewart St10003+NYBushwick Ave+10003'
-73.9034,40.6391,0,1,'NYE 91st St10003+NYAve J+10003'
-73.9034,40.8944,0,35,'NYLivingston Ave10003'
-73.9034,40.6984,0,4,'NYCentre St10003+NYCypress Ave+10003'
-73.9034,40.6771,0,2,'NYVan Sinderen Ave10003+NYHerkimer St+10003'
-73.9033,40.8376,1,8,'NYE 171st St10003+NYWashington Ave+10003'
-73.9033,40.8790,0,5,'NYAlbany Cres10003|NYAlbany Cres10003+NYMajor Deegan Expy+10003|NYAlbany Cres10003+NYI 87+10003'
-73.9033,40.8653,2,22,'NYDr Martin Luther King Jr Blvd10003+NYW 190th St+10003|NYUniversity Ave10003+NYW 190th St+10003'
-73.9033,40.8627,1,36,'NYW Fordham Rd10003+NYGrand Ave+10003'
-73.9033,40.6400,0,12,'NYSkidmore Ln10003|NYSkidmore Ln10003+NYE 92nd St+10003'
-73.9033,40.6779,1,6,'NYVan Sinderen Ave10003+NYFulton St+10003'
-73.9033,40.8843,0,9,'NYW 236th St10003+NYCorlear Ave+10003'
-73.9033,40.6634,5,22,'NYSackman St10003|NYSackman St10003+NYLivonia Ave+10003'
-73.9033,40.8487,0,12,'NYAnthony Ave10003+NYE Tremont Ave+10003'
-73.9033,40.8959,0,8,'NYFieldston Rd10003+NYIndian Rd+10003|NYIndian Rd10003'
-73.9033,40.7399,2,38,'NY61st St10003|NY61st St10003+NY47th Ave+10003|NY61st St10003+NY61st St+10003|NY47th Ave10003|NY47th Ave10003+NY61st St+10003'
-73.9033,40.9348,0,6,'NYMain St10003+NYVan Der Danck St+10003|NYVan Der Danck St10003'
-73.9033,40.7071,5,33,'NYPalmetto St10003+NYGrandview Ave+10003|NYForest Ave10003+NYGrandview Ave+10003|NYGrandview Ave10003'
-73.9033,40.7448,11,58,'NYWoodside Ave10003+NY61st St+10003|NY61st St10003'
-73.9033,40.6275,0,2,'NYPaerdegat 13th St10003|NYPaerdegat 13th St10003+NYPaerdegat Ave N+10003'
-73.9033,40.7675,12,7,'NY48th St10003|NY48th St10003+NYAstoria Blvd+10003'
-73.9032,40.6290,0,8,'NYPaerdegat 12th St10003|NYPaerdegat 12th St10003+NYE 80th St+10003'
-73.9032,40.6951,0,10,'NYWyckoff Ave10003+NYNorman St+10003|NYNorman St10003'
-73.9032,40.9163,0,3,'NYAbeel St10003'
-73.9032,40.7708,56,438,'NY45th St10003+NYDitmars Blvd+10003'
-73.9032,40.6553,0,8,'NYStone Ave10003|NYStone Ave10003+NYLinden Blvd+10003|NYLinden Blvd10002+NYMother Gaston Blvd+10002|NYMother Gaston Blvd10003'
-73.9032,40.9202,0,1,'NYHawthorne Ave10003+NYBeechwood Ter+10003|NYBeechwood Ter10003'
-73.9032,40.9067,0,10,'NYDelafield Ave10003'
-73.9032,40.7264,4,4,'NY63rd St10003|NY63rd St10003+NYQn Midtown Expressway Exit Wb+10003|NY63rd St10003+NYBorden Ave+10003|NYQn Midtown Expressway Exit Wb10003|NYQn Midtown Expressway Exit Wb10003+NYBorden Ave+10003'
-73.9032,40.8865,0,7,'NYIrwin Ave10003+NYW 238th St+10003'
-73.9032,40.6825,0,2,'NYVanderveer St10003'
-73.9031,40.8758,0,19,'NYW 230th St10003+NYHeath Ave+10003'
-73.9031,40.8641,0,1,'NYAqueduct Ave10003|NYAqueduct Ave10003+NYW 188th St+10003|NYW 188th St10003+NYAqueduct Ave W+10003|NYAqueduct Ave W10003'
-73.9031,40.7274,0,12,'NY54th Ave10003+NY63rd St+10003'
-73.9031,40.7216,9,45,'NYFlushing Ave10003+NYFresh Pond Rd+10003|NYFresh Pond Rd10003'
-73.9031,40.6446,0,3,'NYGlenwood Rd10003+NYE 96th St+10003'
-73.9031,40.8597,0,3,'NYNorth St10003|NYNorth St10003+NYJerome Ave+10003'
-73.9031,40.9039,0,6,'NYW 256th St10003|NYW 256th St10003+NYMosholu Ave+10003'
-73.9031,40.8189,0,2,'NYE 158th St10003|NYE 158th St10003+NYWestchester Ave+10003'
-73.9031,40.6472,0,2,'NYFarragut Rd10003+NYE 98th St+10003'
-73.9031,40.6170,0,5,'NYAvenue W10003+NYE 72nd St+10003'
-73.9031,40.7742,3,155,'NY21st Ave10003+NY41st St+10003'
-73.9031,40.7775,1,50,'NY37th St10003+NY20th Ave+10003'
-73.9031,40.7639,56,55,'NYBrooklyn Queens Expy W10006|NYBrooklyn Queens Expy W10006+NY25th Ave+10006'
-73.9031,40.6059,4,5,'NYMontana Pl10003|NYMontana Pl10003+NYNational Dr+10003'
-73.9031,40.9057,0,1,'NYW 258th St10003|NYCoogans Pl10003'
-73.9031,40.6308,0,8,'NYAve M10003+NYE 84th St+10003'
-73.9031,40.8099,5,8,'NYE 149th St10003+NYBruckner Blvd+10003'
-73.9031,40.6086,0,3,'NYBassett Ave10003+NYWhitman Dr+10003'
-73.9031,40.8161,0,9,'NYS Prospect Ave10003|NYS Prospect Ave10003+NYAve Saint John+10003|NYS Prospect Ave10003+NYProspect Ave+10003|NYAve Saint John10003|NYAve Saint John10003+NYProspect Ave+10003'
-73.9031,40.7179,0,16,'NY61st St10003|NY61st St10003+NY59th Dr+10003'
-73.9031,40.6421,0,2,'NYE 94th St10003+NYFlatlands Ave+10003'
-73.9031,40.8406,1,1,'NYPark Ave10003+NYE 172nd St+10003|NYE 172nd St10003'
-73.9031,40.7753,4,100,'NYSteinway St10003+NY20th Rd+10003'
-73.9030,40.9020,0,2,'NYVinmont Rd10003'
-73.9030,40.7113,0,11,'NYBleecker St10003|NYBleecker St10003+NY60th Pl+10003'
-73.9030,40.7050,0,5,'NYMadison St10003+NYFairview Ave+10003'
-73.9030,40.8494,1,10,'NYAnthony Ave10003+NYEcho Pl+10003'
-73.9030,40.8096,0,1,'NYBruckner Expy10001+NYE 149th St+10001|NYE 149th St10003+NYI 278+10003'
-73.9030,40.8888,0,18,'NYIrwin Ave10003|NYIrwin Ave10003+NYWaldo Ave+10003'
-73.9030,40.8163,0,6,'NYDawson St10003|NYDawson St10003+NYS Prospect Ave+10003|NYDawson St10003+NYE 155th St+10003|NYDawson St10003+NYProspect Ave+10003|NYS Prospect Ave10003|NYS Prospect Ave10003+NYE 155th St+10003|NYS Prospect Ave10003+NYProspect Ave+10003|NYE 155th St10003|NYE 155th St10003+NYProspect Ave+10003'
-73.9030,40.6757,0,28,'NYAtlantic Ave10003|NYAtlantic Ave10003+NYE New York Ave+10003'
-73.9030,40.6342,0,1,'NYE 87th St10003+NYBeach Pl+10003|NYBeach Pl10003'
-73.9030,40.8200,0,2,'NYE 160th St10003+NYUnion Ave+10003'
-73.9030,40.8094,0,1,'NYBruckner Blvd10003+NYE 149th St+10003'
-73.9030,40.8548,0,15,'NYE 181st St10003+NYCreston Ave+10003'
-73.9030,40.8975,0,3,'NYGoodridge Ave10003'
-73.9030,40.7425,2,44,'NY62nd St10003|NY62nd St10003+NY43rd Ave+10003'
-73.9030,40.7537,15,90,'NYState Hwy 25 Alt10002+NY58th St+10002|NYNorthern Blvd10002+NY58th St+10002'
-73.9030,40.7000,1,9,'NYSeneca Ave10003+NYWeirfield St+10003'
-73.9030,40.7421,1,6,'NYMackintosh St10003'
-73.9030,40.7111,0,14,'NYBleecker St10003|NYBleecker St10003+NY60th Pl+10003'
-73.9029,40.7015,0,9,'NYOnderdonk Ave10003+NYCatalpa Ave+10003'
-73.9029,40.6695,0,4,'NYBelmont Ave10003|NYBelmont Ave10003+NYJunius St+10003'
-73.9029,40.6387,0,2,'NYE 91st St10003+NYChurch Ln+10003'
-73.9029,40.9359,0,2,'NYDock St10003+NYWater Grant St+10003|NYWater Grant St10003'
-73.9029,40.7128,1,6,'NY60th Ln10003|NY60th Ln10003+NYMetropolitan Ave+10003'
-73.9029,40.8442,0,8,'NYWebster Ave10003+NYE 174th St+10003'
-73.9029,40.6363,0,2,'NYE 89th St10003|NYE 89th St10003+NYAve K+10003'
-73.9029,40.8359,2,8,'NY3rd Ave10003+NYSt Pauls Pl+10003'
-73.9029,40.6619,0,15,'NYRiverdale Ave10003+NYSackman St+10003'
-73.9029,40.9161,0,3,'NYValentine Ln10003+NYBayley Ave+10003|NYBayley Ave10003'
-73.9029,40.8514,0,21,'NYAnthony Ave10003+NYBush St+10003|NYBush St10003'
-73.9029,40.6935,0,12,'NYDecatur St10003+NYOld Railroad Grade Aly+10003'
-73.9029,40.7348,1,22,'NY63rd St10003|NY63rd St10003+NYTyler Ave+10003'
-73.9029,40.6816,0,3,'NYStewart St10003'
-73.9029,40.8892,0,44,'NYW 242nd St10003|NYW 242nd St10003+NYWaldo Ave+10003|NYWaldo Ave10003'
-73.9029,40.7138,0,5,'NYEliot Ave10003+NY60th Ln+10003'
-73.9029,40.8921,0,14,'NYGreystone Ave10003'
-73.9028,40.7065,2,13,'NYForest Ave10003+NYWoodbine St+10003|NYWoodbine St10003'
-73.9028,40.8284,0,5,'NYJackson Ave10003+NYHome St+10003'
-73.9028,40.6923,1,23,'NYCooper St10003|NYCooper St10003+NYIrving Ave+10003|NYCooper St10003+NYCooper Ave+10003|NYIrving Ave10003+NYCooper Ave+10003|NYCooper Ave10003'
-73.9028,40.8507,0,7,'NYAnthony Ave10003+NYE 179th St+10003|NYE 179th St10003'
-73.9028,40.8817,2,64,'NYUS Rte 910002+NYW 234th St+10002|NYBroadway10002+NYW 234th St+10002'
-73.9028,40.7064,0,35,'NYWoodbine St10003|NYWoodbine St10003+NYForest Ave+10003'
-73.9028,40.8501,0,8,'NYAnthony Ave10003+NYE 178th St+10003'
-73.9028,40.7169,0,16,'NY60th Ave10003+NY61st St+10003|NY61st St10003'
-73.9028,40.8903,1,14,'NYManhattan College Pkwy10003|NYManhattan College Pkwy10003+NYManhattan College Pkwy+10003'
-73.9028,40.8444,1,2,'NYWebster Ave10003+NYCross Bronx Exwy Svc Rd+10003'
-73.9028,40.8567,0,13,'NYE 182nd St10003+NYMorris Ave+10003'
-73.9028,40.8584,0,17,'NYE 183rd St10003+NYWalton Ave+10003'
-73.9028,40.7639,9,10,'NYBrooklyn Queens Expy10001+NY25th Ave+10001|NY25th Ave10003|NY25th Ave10003+NYI 278+10003'
-73.9028,40.7515,6,43,'NYBroadway10003+NY59th St+10003'
-73.9028,40.8265,0,7,'NYForest Ave10003|NYForest Ave10003+NYE 166th St+10003'
-73.9027,40.6948,0,5,'NYWyckoff Ave10003+NYSchaefer St+10003|NYSchaefer St10003'
-73.9027,40.6395,0,1,'NYAve J10003+NYE 92nd St+10003'
-73.9027,40.6575,0,1,'NYChristopher Ave10003+NYNew Lots Ave+10003'
-73.9027,40.6201,0,3,'NYAve V10003+NYRoyce St+10003'
-73.9027,40.7679,11,53,'NY48th St10003|NY48th St10003+NYAstoria Blvd N+10003|NY48th St10003+NYAstoria Blvd+10003'
-73.9027,40.8445,0,2,'NYWebster Ave10003|NYWebster Ave10003+NYWebster Ave+10003|NYWebster Ave10003+NYCross Bronx Expy+10003|NYWebster Ave10002|NYWebster Ave10002+NYCross Bronx Expy+10002'
-73.9027,40.8109,0,2,'NYE 149th St10003|NYE 149th St10003+NYAustin Pl+10003'
-73.9027,40.8535,3,54,'NYE 180th St10003+NYGrand Concourse+10003'
-73.9027,40.6145,0,4,'NYE 70th St10003+NYAve X+10003'
-73.9027,40.9341,0,1,'NYBuena Vista Ave10003+NYHudson St+10003|NYHudson St10003'
-73.9027,40.6339,0,4,'NYE 87th St10003+NYAve L+10003'
-73.9027,40.6758,2,8,'NYSnediker Ave10003|NYSnediker Ave10003+NYE New York Ave+10003|NYSnediker Ave10003+NYWilliams Pl+10003|NYE New York Ave10003+NYWilliams Pl+10003|NYWilliams Pl10003'
-73.9027,40.7105,1,6,'NY60th Pl10003+NYMenahan St+10003'
-73.9027,40.8208,0,4,'NYE 161st St10003+NYUnion Ave+10003'
-73.9027,40.9359,0,2,'NYDock St10003+NYAlexander St+10003|NYDock St10003+NYVan Der Danck St+10003|NYAlexander St10003|NYAlexander St10003+NYVan Der Danck St+10003|NYVan Der Danck St10003'
-73.9027,40.8448,0,2,'NYIttner Pl10003+NYUS Hwy 1+10003|NYIttner Pl10003+NYWebster Ave+10003|NYIttner Pl10003+NYIttner Pl+10003|NYUS Hwy 110002+NYItner Pl+10002|NYItner Pl10003+NYWebster Ave+10003|NYItner Pl10003+NYIttner Pl+10003|NYWebster Ave10002+NYIttner Pl+10002|NYIttner Pl10003'
-73.9026,40.8706,1,24,'NYW 195th St10003|NYW 195th St10003+NYSedgwick Ave+10003'
-73.9026,40.8389,3,4,'NYClaremont Pkwy10003+NYWashington Ave+10003'
-73.9026,40.8766,0,19,'NYHeath Ave10003+NYAlbany Cres+10003'
-73.9026,40.6980,0,15,'NYGeorge St10003+NYCypress Ave+10003'
-73.9026,40.7031,1,20,'NYCornelia St10003+NYWoodward Ave+10003'
-73.9026,40.7384,0,34,'NY63rd St10003|NY63rd St10003+NYLaurel Hill Blvd+10003|NY63rd St10003+NY48th Ave+10003|NYLaurel Hill Blvd10003+NY48th Ave+10003|NY48th Ave10003'
-73.9026,40.7446,2,45,'NY62nd St10003|NY62nd St10003+NYWoodside Ave+10003'
-73.9026,40.6807,2,6,'NYConway St10003|NYConway St10003+NYBushwick Ave+10003'
-73.9026,40.7186,0,6,'NY59th Rd10003+NY61st St+10003|NY61st St10003'
-73.9026,40.7413,73,148,'NY63rd St10003|NY63rd St10003+NYQueens Blvd+10003|NY63rd St10003+NYState Hwy 25+10003|NY63rd St10003+NY61st St+10003|NYQueens Blvd10002+NY61st St+10002|NYState Hwy 2510002+NY61st St+10002|NY61st St10003'
-73.9026,40.9175,0,2,'NYBelvedere Dr10003+NYBayley Ave+10003'
-73.9026,40.8153,0,27,'NYAve Saint John10003+NYKelly St+10003'
-73.9026,40.7321,0,3,'NY53rd Ave10003|NY53rd Ave10003+NYMaurice Ave+10003'
-73.9026,40.6756,1,2,'NYAtlantic Ave10003|NYAtlantic Ave10003+NYSnediker Ave+10003'
-73.9026,40.9125,0,17,'NYRiverdale Ave10003+NYCollege Rd+10003|NYRiverdale Ave10003+NYW 263rd St+10003|NYCollege Rd10003|NYCollege Rd10003+NYW 263rd St+10003|NYCollege Rd10003+NYHenry Hudson Pkwy W+10003|NYW 263rd St10003|NYW 263rd St10003+NYHenry Hudson Pkwy W+10003'
-73.9026,40.7387,2,5,'NYBklyn Qns Expressway Exit Sb10003|NYBklyn Qns Expressway Exit Sb10003+NYLaurel Hill Blvd+10003|NYBklyn Qns Expressway Exit Sb10003+NY63rd St+10003|NYLaurel Hill Blvd10003+NY63rd St+10003|NY63rd St10003'
-73.9026,40.7519,0,4,'NY34th Ave10003+NY59th St+10003'
-73.9026,40.7400,0,18,'NY63rd St10003'
-73.9026,40.8741,0,13,'NYW 229th St10003+NYKingsbridge Ter+10003'
-73.9026,40.8838,0,16,'NYKingsbridge Ave10003+NYW 236th St+10003'
-73.9026,40.7012,0,14,'NYOnderdonk Ave10003+NY69th Ave+10003|NY69th Ave10003'
-73.9026,40.7497,8,72,'NY37th Ave10003+NY60th St+10003'
-73.9026,40.6467,0,11,'NYE 98th St10003|NYE 98th St10003+NYSmiths Ln+10003'
-73.9025,40.8649,1,10,'NYAqueduct Ave10003+NYW 190th St+10003|NYW 190th St10003+NYAqueduct Ave W+10003'
-73.9025,40.8638,1,9,'NYGrand Ave10003+NYW 188th St+10003|NYW 188th St10003'
-73.9025,40.9024,0,12,'NYW 255th St10003'
-73.9025,40.6947,0,6,'NYWyckoff Ave10003+NYSummerfield St+10003|NYSummerfield St10003'
-73.9025,40.7559,2,77,'NY32nd Ave10003+NY60th St+10003'
-73.9025,40.8861,0,28,'NYW 238th St10003+NYTibbett Ave+10003'
-73.9025,40.7194,0,28,'NY59th Ave10003+NYFresh Pond Rd+10003'
-73.9025,40.7005,0,3,'NYWeirfield St10003'
-73.9025,40.6405,0,3,'NYSkidmore Ln10003+NYE 93rd St+10003'
-73.9025,40.7703,21,169,'NY46th St10003+NYDitmars Blvd+10003'
-73.9025,40.7538,8,19,'NY60th St10003|NY60th St10003+NYState Hwy 25 Alt+10003'
-73.9025,40.7477,5,185,'NY61st St10003+NY38th Ave+10003|NY38th Ave10003'
-73.9025,40.9130,0,3,'NYRiverdale Ave10003|NYRiverdale Ave10003+NYRiverdale Ave+10003|NYRiverdale Ave10003+NYHenry Hudson Pkwy W+10003|NYHenry Hudson Pkwy W10003'
-73.9025,40.7058,1,4,'NYMadison St10003|NYMadison St10003+NYForest Ave+10003'
-73.9025,40.7626,7,19,'NYBerkey Ave10003|NYBerkey Ave10003+NYBulova Ave+10003|NYBerkey Ave10003+NYBerkey Ave+10003|NYBulova Ave10003|NYBulova Ave10003+NYBerkey Ave+10003'
-73.9025,40.8931,0,11,'NYGreystone Ave10003'
-73.9025,40.8949,0,3,'NYIndian Rd10003|NYIndian Rd10003+NYLivingston Ave+10003|NYLivingston Ave10003'
-73.9024,40.9366,1,11,'NYWater Grant St10003'
-73.9024,40.7155,0,9,'NY61st St10003|NY61st St10003+NY60th Dr+10003'
-73.9024,40.6080,1,1,'NYNational Dr10003|NYNational Dr10003+NYArkansas Dr+10003'
-73.9024,40.7451,2,7,'NY62nd St10003'
-73.9024,40.7603,0,1,'NY27th Ave10003|NY27th Ave10003+NY28th Ave+10003|NY28th Ave10003'
-73.9024,40.7387,5,8,'NYBklyn Qns Expressway Exit Sb10003|NYBklyn Qns Expressway Exit Sb10003+NYI 278+10003'
-73.9024,40.9188,0,1,'NYFranklin Ave10003+NYBayley Ave+10003|NYBayley Ave10003'
-73.9024,40.6271,0,5,'NYPaerdegat Ave N10003+NYPaerdegat 14th St+10003|NYPaerdegat 14th St10003'
-73.9024,40.8965,0,4,'NYFieldston Rd10003+NYW 250th St+10003'
-73.9024,40.8780,2,28,'NYW 231st St10003|NYW 231st St10003+NYBailey Ave+10003'
-73.9024,40.8295,0,2,'NYBoston Rd10003+NYJackson Ave+10003|NYJackson Ave10003'
-73.9024,40.6286,0,2,'NYPaerdegat 13th St10003|NYPaerdegat 13th St10003+NYAvenue N+10003|NYPaerdegat 13th St10003+NYE 80th St+10003|NYAvenue N10003|NYAvenue N10003+NYE 80th St+10003'
-73.9024,40.7770,2,81,'NY20th Ave10003+NY38th St+10003'
-73.9024,40.6175,0,2,'NYE 73rd St10003+NYAvenue W+10003'
-73.9024,40.7737,2,106,'NY42nd St10003+NY21st Ave+10003'
-73.9024,40.7057,2,9,'NYMadison St10003|NYMadison St10003+NYForest Ave+10003'
-73.9024,40.8873,0,4,'NYW 240th St10003'
-73.9024,40.8687,3,37,'NYWebb Ave10003+NYW Kingsbridge Rd+10003'
-73.9024,40.9134,0,8,'NYEllsworth Ave10003|NYEllsworth Ave10003+NYRiverdale Ave+10003'
-73.9024,40.6477,0,4,'NYFarragut Rd10003+NYE 99th St+10003'
-73.9023,40.6391,0,5,'NYChurch Ln10003|NYChurch Ln10003+NYE 92nd St+10003'
-73.9023,40.6313,0,3,'NYAve M10003+NYE 85th St+10003'
-73.9023,40.7748,1,66,'NY20th Rd10003+NY41st St+10003'
-73.9023,40.8911,0,21,'NYManhattan College Pkwy10003|NYManhattan College Pkwy10003+NYW 244th St+10003|NYManhattan College Pkwy10003+NYManhattan College Pkwy+10003|NYManhattan College Pkwy10003+NYWaldo Ave+10003|NYW 244th St10003|NYW 244th St10003+NYManhattan College Pkwy+10003|NYW 244th St10003+NYWaldo Ave+10003|NYWaldo Ave10003'
-73.9023,40.6928,1,1,'NYOld Railroad Grade Aly10008|NYOld Railroad Grade Aly10008+NYCooper Ave+10008'
-73.9023,40.6451,0,5,'NYGlenwood Rd10003+NYRockaway Pkwy+10003'
-73.9023,40.8801,0,18,'NYW 233rd St10003+NYMajor Deegan Expy+10003|NYW 233rd St10003+NYI 87+10003'
-73.9023,40.7187,0,3,'NY59th Rd10003|NY59th Rd10003+NYFresh Pond Rd+10003'
-73.9023,40.8627,4,24,'NYDavidson Ave10003+NYW Fordham Rd+10003'
-73.9023,40.7046,1,12,'NYFairview Ave10003+NYPutnam Ave+10003'
-73.9023,40.9100,0,10,'NYDelafield Ave10003+NYW 261st St+10003'
-73.9023,40.7605,1,3,'NY27th Ave10003+NYBorough Pl+10003|NYBorough Pl10003'
-73.9023,40.7419,9,51,'NY63rd St10003+NYMackintosh St+10003|NYMackintosh St10003'
-73.9023,40.7526,2,8,'NY59th St10003'
-73.9023,40.8296,0,16,'NYBoston Rd10003+NYE 168th St+10003'
-73.9023,40.7221,2,25,'NYFlushing Ave10003+NY63rd St+10003|NY63rd St10003'
-73.9022,40.7128,0,18,'NY61st St10003|NY61st St10003+NYMetropolitan Ave+10003'
-73.9022,40.7445,6,73,'NY62nd St10003|NY62nd St10003+NYWoodside Ave+10003'
-73.9022,40.6996,1,11,'NYSeneca Ave10003+NYCentre St+10003'
-73.9022,40.9354,0,2,'NYBuena Vista Ave10003+NYNepperhan St+10003|NYNepperhan St10003'
-73.9022,40.6084,9,8,'NYBassett Ave10003|NYBassett Ave10003+NYArkansas Dr+10003|NYArkansas Dr10003'
-73.9022,40.7270,0,17,'NY63rd Pl10003|NY63rd Pl10003+NY55th Ave+10003|NY63rd Pl10003+NY54th Ave+10003|NY55th Ave10003|NY55th Ave10003+NY54th Ave+10003|NY54th Ave10003'
-73.9022,40.7096,1,26,'NYGrove St10003+NY60th Pl+10003'
-73.9022,40.8145,1,20,'NYAve Saint John10003+NYBeck St+10003'
-73.9022,40.7627,3,10,'NYBerkey Ave10003|NYBerkey Ave10003+NYI 278+10003'
-73.9022,40.9144,0,4,'NYRiverdale Ave10003+NYAmberson Ave+10003|NYAmberson Ave10003'
-73.9022,40.6368,0,6,'NYRemsen Ave10003+NYAve K+10003'
-73.9022,40.7519,0,14,'NY60th St10003+NY34th Ave+10003'
-73.9022,40.8756,0,7,'NYW 230th St10003|NYW 230th St10003+NYKingsbridge Ter+10003'
-73.9021,40.8725,1,61,'NYW 197th St10003|NYW 197th St10003+NYSedgwick Ave+10003'
-73.9021,40.7423,3,63,'NY63rd St10003+NY43rd Ave+10003|NY43rd Ave10003'
-73.9021,40.6918,0,24,'NYMoffat St10003|NYMoffat St10003+NYIrving Ave+10003|NYIrving Ave10003'
-73.9021,40.8694,0,5,'NYEames Pl10003|NYEames Pl10003+NYWebb Ave+10003'
-73.9021,40.7538,7,60,'NY60th St10003|NY60th St10003+NYState Hwy 25 Alt+10003|NY60th St10003+NYNorthern Blvd+10003'
-73.9021,40.7051,0,8,'NYPutnam Ave10003|NYPutnam Ave10003+NYForest Ave+10003'
-73.9021,40.7457,27,145,'NY62nd St10003|NY62nd St10003+NYRoosevelt Ave+10003'
-73.9021,40.6588,1,10,'NYLott Ave10003+NYSackman St+10003'
-73.9021,40.8185,1,15,'NYMacy Pl10003|NYMacy Pl10003+NYProspect Ave+10003'
-73.9021,40.7180,0,11,'NY59th Dr10003+NYFresh Pond Rd+10003'
-73.9021,40.8456,4,2,'NYUS Hwy 110002+NYE 175th St+10002|NYWebster Ave10002+NYE 175th St+10002'
-73.9021,40.6356,0,1,'NYE 89th St10003+NYStillwell Pl+10003'
-73.9021,40.8670,1,37,'NYDr Martin Luther King Jr Blvd10003+NYW 192nd St+10003|NYW 192nd St10003|NYW 192nd St10003+NYUniversity Ave+10003'
-73.9021,40.7801,1,2,'NY19th Ave10003'
-73.9020,40.7290,0,70,'NY63rd Pl10003'
-73.9020,40.7142,1,2,'NYEliot Ave10003+NY61st St+10003|NY61st St10003'
-73.9020,40.8471,0,2,'NYCarter Ave10003+NYE 176th St+10003|NYE 176th St10003'
-73.9020,40.9152,1,6,'NYValdale Ave10003|NYValdale Ave10003+NYRiverdale Ave+10003'
-73.9020,40.9369,0,2,'NYWells Ave10003+NYAlexander St+10003'
-73.9020,40.7512,7,110,'NY60th St10003+NYBroadway+10003'
-73.9020,40.7596,0,9,'NY30th Ave10003+NY28th Ave+10003|NY28th Ave10003'
-73.9020,40.7049,0,13,'NYForest Ave10003+NYPutnam Ave+10003|NYPutnam Ave10003'
-73.9020,40.6149,0,2,'NYE 71st St10003+NYAve X+10003'
-73.9020,40.8357,0,5,'NYCrotona Pl10003|NYCrotona Pl10003+NYSt Pauls Pl+10003'
-73.9020,40.8224,2,44,'NYUnion Ave10003+NYE 163rd St+10003'
-73.9020,40.6697,0,1,'NYVan Sinderen Ave10003+NYBelmont Ave+10003|NYBelmont Ave10003'
-73.9020,40.6344,0,2,'NYAve L10003+NYE 88th St+10003'
-73.9020,40.8372,0,6,'NYE 171st St10003+NY3rd Ave+10003'
-73.9020,40.6287,0,1,'NYAvenue N10003|NYAvenue N10003+NYAvenue N+10003|NYAvenue N10003+NYE 83rd St+10003|NYE 83rd St10003'
-73.9020,40.6284,0,2,'NYAvenue N10003|NYAvenue N10003+NYE 80th St+10003'
-73.9019,40.8646,0,10,'NYGrand Ave10003+NYW 190th St+10003'
-73.9019,40.7343,0,6,'NYTyler Ave10003+NY64th St+10003|NY64th St10003'
-73.9019,40.9012,0,31,'NYState Hwy 9a Alt10002+NYFieldston Rd+10002|NYFieldston Rd10003+NYHenry Hudson Pkwy+10003'
-73.9019,40.6400,0,5,'NYAve J10003+NYE 93rd St+10003'
-73.9019,40.6976,0,8,'NYStephen St10003+NYCypress Ave+10003'
-73.9019,40.8581,1,19,'NYE 183rd St10003+NYMorris Ave+10003'
-73.9019,40.7576,3,12,'NY61st St10003'
-73.9019,40.7027,0,8,'NYWoodward Ave10003+NY68th Rd+10003|NY68th Rd10003'
-73.9019,40.8050,1,1,'NYE 149th St10003'
-73.9019,40.6579,0,1,'NYNew Lots Ave10003+NYSackman St+10003'
-73.9019,40.8402,0,1,'NYWashington Ave10003+NYE 172nd St+10003'
-73.9019,40.8317,1,14,'NYE 169th St10003+NYFranklin Ave+10003'
-73.9019,40.8546,7,48,'NYE 181st St10003+NYGrand Concourse+10003'
-73.9019,40.6943,0,14,'NYDecatur St10003+NYWyckoff Ave+10003'
-73.9018,40.9339,0,4,'NYHawthorne Ave10003+NYHudson St+10003'
-73.9018,40.8137,4,25,'NYAve Saint John10003+NYFox St+10003'
-73.9018,40.7234,2,10,'NYPerry Ave10003'
-73.9018,40.7235,0,9,'NY56th Dr10003'
-73.9018,40.7170,0,22,'NY60th Ave10003|NY60th Ave10003+NYFresh Pond Rd+10003'
-73.9018,40.7242,1,25,'NY56th Rd10003'
-73.9018,40.7044,1,17,'NY67th Ave10003|NY67th Ave10003+NYFairview Ave+10003|NY67th Ave10003+NYForest Ave+10003|NYFairview Ave10003|NYFairview Ave10003+NYForest Ave+10003'
-73.9018,40.7243,1,14,'NYClinton Ave10003'
-73.9018,40.6472,0,2,'NYSmiths Ln10003|NYSmiths Ln10003+NYE 99th St+10003|NYE 99th St10003'
-73.9018,40.7249,0,13,'NY56th Ave10003'
-73.9018,40.7251,0,7,'NYHull Ave10003|NYHull Ave10003+NY64th St+10003'
-73.9018,40.8856,0,16,'NYCorlear Ave10003+NYW 238th St+10003'
-73.9018,40.7169,1,12,'NY60th Ave10003|NY60th Ave10003+NYFresh Pond Rd+10003'
-73.9018,40.7263,6,4,'NYBorden Ave10003+NY64th St+10003|NY64th St10003'
-73.9018,40.7256,6,15,'NY64th St10003|NY64th St10003+NYBorden Ave+10003'
-73.9018,40.7227,2,15,'NYMaspeth Ave10003|NYMaspeth Ave10003+NYGrand Ave+10003|NYMaspeth Ave10003+NY64th St+10003|NYGrand Ave10003+NY64th St+10003|NY64th St10003'
-73.9018,40.7317,0,28,'NY53rd Ave10003+NY62nd St+10003'
-73.9018,40.7676,30,24,'NYGrand Central Pkwy10002+NY49th St+10002'
-73.9018,40.6410,0,1,'NYE 94th St10003+NYSkidmore Ln+10003|NYSkidmore Ln10003'
-73.9018,40.8564,0,24,'NYE 182nd St10003+NYCreston Ave+10003'
-73.9018,40.7698,16,118,'NY47th St10003+NYDitmars Blvd+10003'
-73.9018,40.7608,7,46,'NY27th Ave10003|NY27th Ave10003+NYI 278+10003'
-73.9017,40.8737,1,33,'NYW 229th St10003|NYW 229th St10003+NYSedgwick Ave+10003'
-73.9017,40.8385,1,12,'NYClaremont Pkwy10003+NYBathgate Ave+10003|NYBathgate Ave10003'
-73.9017,40.7388,2,42,'NYLaurel Hill Blvd10003+NY64th St+10003|NY64th St10003'
-73.9017,40.8920,0,21,'NYW 245th St10003|NYW 245th St10003+NYWaldo Ave+10003'
-73.9017,40.7392,4,12,'NYLaurel Hill Blvd10003+NY64th St+10003|NY64th St10003'
-73.9017,40.8499,0,3,'NYE 178th St10003|NYE 178th St10003+NYRyer Ave+10003|NYRyer Ave10003'
-73.9017,40.9169,0,2,'NYRiverdale Ave10003+NYSaint Andrews Pl+10003|NYSaint Andrews Pl10003'
-73.9017,40.8531,1,13,'NYAnthony Ave10003+NYE 180th St+10003'
-73.9017,40.7007,1,6,'NYOnderdonk Ave10003+NY70th Ave+10003|NY70th Ave10003'
-73.9017,40.8438,1,1,'NYPark Ave10003+NYE 174th St+10003|NYE 174th St10003'
-73.9017,40.7041,0,37,'NYCornelia St10003|NYCornelia St10003+NYForest Ave+10003'
-73.9017,40.9122,0,1,'NYDelafield Ave10003|NYDelafield Ave10003+NYW 263rd St+10003|NYDelafield Ave10003+NYDelafield Pl+10003|NYDelafield Pl10003'
-73.9017,40.7732,2,111,'NY43rd St10003+NY21st Ave+10003'
-73.9017,40.8195,0,21,'NYLongwood Ave10003|NYLongwood Ave10003+NYProspect Ave+10003|NYLongwood Ave10003+NYS Prospect Ave+10003|NYProspect Ave10003+NYS Prospect Ave+10003|NYS Prospect Ave10003'
-73.9017,40.6180,0,3,'NYE 74th St10003+NYAvenue W+10003'
-73.9017,40.7765,7,84,'NYSteinway St10003+NY20th Ave+10003'
-73.9017,40.8477,0,5,'NYCarter Ave10003|NYCarter Ave10003+NYE Tremont Ave+10003'
-73.9017,40.6538,1,3,'NYE 105th St10003|NYE 105th St10003+NYAve D+10003'
-73.9017,40.8262,0,15,'NYE 166th St10003+NYTinton Ave+10003'
-73.9016,40.8603,2,25,'NYWalton Ave10003+NYE 184th St+10003'
-73.9016,40.7163,1,18,'NY60th Rd10003|NY60th Rd10003+NYFresh Pond Rd+10003'
-73.9016,40.9174,0,1,'NYRiverdale Ave10003+NYBelvedere Dr+10003|NYBelvedere Dr10003'
-73.9016,40.7677,16,42,'NYAstoria Blvd10003+NY49th St+10003'
-73.9016,40.7524,0,12,'NY60th Pl10003'
-73.9016,40.6755,0,14,'NYHinsdale St10003'
-73.9016,40.7560,1,19,'NY32nd Ave10003+NY61st St+10003'
-73.9016,40.6267,0,2,'NYPaerdegat Ave N10003+NYPaerdegat 15th St+10003|NYPaerdegat 15th St10003'
-73.9016,40.8197,1,6,'NYWestchester Ave10003+NYE 160th St+10003|NYWestchester Ave10003+NYS Prospect Ave+10003|NYE 160th St10003|NYE 160th St10003+NYProspect Ave+10003|NYE 160th St10003+NYS Prospect Ave+10003|NYProspect Ave10003+NYS Prospect Ave+10003|NYS Prospect Ave10003'
-73.9016,40.6318,1,6,'NYE 86th St10003+NYAve M+10003'
-73.9016,40.8835,3,28,'NYW 236th St10003+NYUS Rte 9+10003|NYW 236th St10003+NYBroadway+10003'
-73.9016,40.7161,2,12,'NY60th Rd10003|NY60th Rd10003+NYFresh Pond Rd+10003'
-73.9016,40.7197,4,6,'NY63rd St10003+NY59th Ave+10003|NY59th Ave10003'
-73.9016,40.9051,0,5,'NYTyndall Ave10003'
-73.9016,40.9347,0,3,'NYHawthorne Ave10003|NYHawthorne Ave10003+NYMain St+10003'
-73.9016,40.7520,2,5,'NY34th Ave10003+NY60th Pl+10003|NY60th Pl10003'
-73.9016,40.6282,0,1,'NYPaerdegat 14th St10003|NYPaerdegat 14th St10003+NYE 80th St+10003'
-73.9015,40.7743,0,32,'NY20th Rd10003+NY42nd St+10003'
-73.9015,40.6374,0,3,'NYE 91st St10003+NYAve K+10003'
-73.9015,40.9186,1,1,'NYFranklin Ave10003'
-73.9015,40.8172,0,7,'NYE 156th St10003+NYHewitt Pl+10003|NYThurman Munson Way10003+NYHewitt Pl+10003|NYHewitt Pl10003'
-73.9015,40.8294,1,7,'NYForest Ave10003|NYForest Ave10003+NYE 168th St+10003'
-73.9015,40.6992,1,9,'NYSeneca Ave10003+NYGeorge St+10003'
-73.9015,40.8704,0,17,'NYW 195th St10003+NYWebb Ave+10003'
-73.9015,40.7037,0,36,'NYForest Ave10003+NY68th Ave+10003|NY68th Ave10003'
-73.9015,40.8434,0,2,'NYPark Ave10003+NYE 174th St+10003|NYE 174th St10003'
-73.9015,40.8810,0,2,'NYW 234th St10003+NYMajor Deegan Expy+10003|NYW 234th St10003+NYI 87+10003'
-73.9015,40.7440,5,57,'NY63rd St10003+NYHicks Dr+10003|NYHicks Dr10003'
-73.9015,40.7597,1,0,'NY30th Ave10003+NYI 278+10003'
-73.9015,40.7449,0,11,'NY63rd St10003|NY63rd St10003+NYTrimble Rd+10003|NYTrimble Rd10003'
-73.9015,40.9315,0,1,'NYClinton Ave10003'
-73.9015,40.9292,0,1,'NYVark St10003+NYClinton St+10003|NYClinton St10003'
-73.9015,40.9143,0,1,'NYPershing Ave10003|NYPershing Ave10003+NYAmberson Ave+10003'
-73.9014,40.8870,0,2,'NYW 240th St10003+NYTibbett Ave+10003|NYTibbett Ave10003'
-73.9014,40.7156,0,20,'NY60th Dr10003|NY60th Dr10003+NYFresh Pond Rd+10003'
-73.9014,40.8129,2,43,'NYAve Saint John10003+NYSouthern Blvd+10003'
-73.9014,40.7083,1,24,'NYGates Ave10003+NY60th Pl+10003'
-73.9014,40.7104,0,1,'NYBunnecke Ct10003'
-73.9014,40.7005,0,6,'NYCentre St10003'
-73.9014,40.8469,1,3,'NYUS Hwy 110002+NYE 176th St+10002|NYWebster Ave10002+NYE 176th St+10002'
-73.9014,40.8754,1,16,'NYBerkwit Ter10003'
-73.9014,40.8508,0,15,'NYE Burnside Ave10003+NYRyer Ave+10003'
-73.9014,40.9098,0,25,'NYLiebig Ave10003+NYW 261st St+10003'
-73.9014,40.7227,4,39,'NY64th St10003|NY64th St10003+NYFlushing Ave+10003'
-73.9014,40.6443,1,4,'NYConklin Ave10003+NYRockaway Pkwy+10003'
-73.9014,40.8766,0,12,'NYAlbany Cres10003|NYAlbany Cres10003+NYKingsbridge Ter+10003'
-73.9014,40.7154,0,32,'NY60th Dr10003|NY60th Dr10003+NYFresh Pond Rd+10003'
-73.9014,40.6133,0,1,'NYE 70th St10003|NYE 70th St10003+NYAve Y+10003'
-73.9014,40.7023,0,5,'NYCatalpa Ave10003+NYWoodward Ave+10003|NYWoodward Ave10003'
-73.9014,40.6361,0,1,'NYRemsen Ave10003+NYStillwell Pl+10003|NYStillwell Pl10003'
-73.9014,40.7597,9,104,'NYBrooklyn Queens Expy10002+NY30th Ave+10002'
-73.9013,40.7005,2,4,'NYOnderdonk Ave10003'
-73.9013,40.7032,1,7,'NYForest Ave10003+NY68th Rd+10003|NY68th Rd10003'
-73.9013,40.9134,0,2,'NYEllsworth Ave10003+NYLehman Ter+10003|NYLehman Ter10003'
-73.9013,40.9121,0,2,'NYDelafield Pl10003'
-73.9013,40.8205,1,12,'NYE 161st St10003|NYE 161st St10003+NYProspect Ave+10003'
-73.9013,40.7270,0,6,'NY64th St10003|NY64th St10003+NY55th Ave+10003|NY64th St10003+NY54th Ave+10003|NY55th Ave10003+NY54th Ave+10003|NY54th Ave10003'
-73.9013,40.6154,0,2,'NYE 72nd St10003+NYAve X+10003'
-73.9013,40.7109,0,13,'NY61st St10003|NY61st St10003+NYMenahan St+10003'
-73.9013,40.6348,0,2,'NYE 89th St10003+NYAve L+10003'
-73.9013,40.6292,0,3,'NYAvenue N10003+NYE 84th St+10003'
-73.9013,40.7031,1,15,'NY68th Rd10003|NY68th Rd10003+NYForest Ave+10003'
-73.9012,40.8781,1,31,'NYHeath Ave10003+NYSummit Pl+10003|NYSummit Pl10003'
-73.9012,40.6972,0,12,'NYNorman St10003+NYCypress Ave+10003'
-73.9012,40.7539,8,47,'NY61st St10003+NYState Hwy 25 Alt+10003|NY61st St10003+NYNorthern Blvd+10003'
-73.9012,40.8355,0,2,'NYCrotona Park S10003|NYCrotona Park S10003+NYFulton Ave+10003|NYCrotona Park S10003+NYSt Pauls Pl+10003|NYFulton Ave10003+NYSt Pauls Pl+10003|NYSt Pauls Pl10003'
-73.9012,40.7313,0,2,'NY53rd Ave10003|NY53rd Ave10003+NY53rd Ave+10003'
-73.9012,40.8911,0,8,'NYW 244th St10003|NYW 244th St10003+NYVan Cortlandt Park+10003|NYW 244th St10003+NYTibbett Ave+10003|NYVan Cortlandt Park10003|NYVan Cortlandt Park10003+NYTibbett Ave+10003|NYTibbett Ave10003'
-73.9012,40.8345,0,8,'NYE 170th St10003+NYCottage Pl+10003|NYCottage Pl10003'
-73.9012,40.8666,0,4,'NYAqueduct Ave10003+NYW 192nd St+10003|NYW 192nd St10003+NYAqueduct Ave W+10003'
-73.9012,40.7442,1,16,'NY63rd St10003|NY63rd St10003+NYWoodside Ave+10003'
-73.9012,40.6589,0,2,'NYLott Ave10003+NYPowell St+10003'
-73.9012,40.7422,3,43,'NY43rd Ave10003|NY43rd Ave10003+NY64th St+10003'
-73.9012,40.8642,0,24,'NYDavidson Ave10003+NYW 190th St+10003'
-73.9012,40.8382,4,6,'NYClaremont Pkwy10003+NY3rd Ave+10003'
-73.9012,40.8593,0,11,'NYMorris Ave10003+NYField Pl+10003|NYField Pl10003'
-73.9012,40.7263,1,1,'NYJay Ave10003|NYJay Ave10003+NYBorden Ave+10003'
-73.9012,40.7146,5,45,'NYEliot Ave10003+NYFresh Pond Rd+10003'
-73.9012,40.7254,0,3,'NYHull Ave10003+NYRemsen Pl+10003|NYRemsen Pl10003'
-73.9011,40.6737,0,2,'NYHinsdale St10003+NYLiberty Ave+10003'
-73.9011,40.7099,0,13,'NYGrove St10003+NYBunnecke Ct+10003|NYBunnecke Ct10003'
-73.9011,40.7312,1,65,'NY64th St10003|NY64th St10003+NY53rd Ave+10003|NY64th St10003+NY63rd St+10003|NY53rd Ave10003|NY53rd Ave10003+NY63rd St+10003|NY63rd St10003'
-73.9011,40.8796,1,20,'NYBailey Ave10003+NYAlbany Cres+10003|NYBailey Ave10003+NYW 233rd St+10003|NYAlbany Cres10003|NYAlbany Cres10003+NYW 233rd St+10003|NYW 233rd St10003'
-73.9011,40.8368,0,5,'NYE 171st St10003+NYCrotona Pl+10003|NYCrotona Pl10003'
-73.9011,40.7180,0,3,'NY63rd St10003|NY63rd St10003+NY59th Dr+10003'
-73.9011,40.8416,1,2,'NYE 173rd St10003+NYWashington Ave+10003'
-73.9011,40.6698,0,23,'NYSnediker Ave10003+NYBelmont Ave+10003'
-73.9011,40.7458,27,99,'NY63rd St10003+NYRoosevelt Ave+10003'
-73.9011,40.8122,0,10,'NYAve Saint John10003|NYAve Saint John10003+NYTimpson Pl+10003'
-73.9011,40.7339,1,4,'NYMaurice Ave10003+NY65th St+10003|NY65th St10003'
-73.9011,40.8628,4,25,'NYE Fordham Rd10003|NYE Fordham Rd10003+NYW Fordham Rd+10003|NYE Fordham Rd10003+NYJerome Ave+10003|NYW Fordham Rd10003|NYW Fordham Rd10003+NYJerome Ave+10003'
-73.9011,40.7340,0,2,'NYTyler Ave10003|NYTyler Ave10003+NY65th St+10003'
-73.9011,40.7508,11,71,'NY61st St10003+NYBroadway+10003'
-73.9011,40.8683,1,48,'NYDr Martin Luther King Jr Blvd10003+NYW Kingsbridge Rd+10003|NYUniversity Ave10003+NYW Kingsbridge Rd+10003'
-73.9011,40.6414,0,5,'NYE 95th St10003+NYSkidmore Ln+10003|NYSkidmore Ln10003'
-73.9011,40.7077,1,16,'NYPalmetto St10003+NY60th Pl+10003'
-73.9010,40.7693,4,56,'NY48th St10003+NYDitmars Blvd+10003'
-73.9010,40.8844,6,22,'NYUS Rte 910002+NYW 237th St+10002|NYBroadway10002+NYW 237th St+10002|NYW 237th St10003'
-73.9010,40.7393,5,12,'NYBklyn Qns Expressway Exit Sb10003|NYBklyn Qns Expressway Exit Sb10003+NYI 278+10003'
-73.9010,40.7259,3,1,'NYQn Midtown Expressway en Eb10003'
-73.9010,40.8852,0,6,'NYKingsbridge Ave10003|NYKingsbridge Ave10003+NYW 238th St+10003'
-73.9010,40.7024,0,28,'NYCatalpa Ave10003+NYForest Ave+10003'
-73.9010,40.7255,0,4,'NYHull Ave10003+NYBorden Ave+10003'
-73.9010,40.8313,2,5,'NYMcKinley Sq10003|NYMcKinley Sq10003+NYE 169th St+10003'
-73.9010,40.8477,3,12,'NYUS Hwy 110002+NYE Tremont Ave+10002|NYWebster Ave10002+NYE Tremont Ave+10002'
-73.9010,40.7356,1,76,'NY51st Ave10003+NY65th St+10003'
-73.9010,40.7727,4,53,'NY21st Ave10003+NY45th St+10003'
-73.9010,40.8723,2,36,'NYW 197th St10003+NYWebb Ave+10003'
-73.9009,40.8578,0,11,'NYE 183rd St10003+NYCreston Ave+10003'
-73.9009,40.7138,1,11,'NY62nd Ave10003|NY62nd Ave10003+NYFresh Pond Rd+10003'
-73.9009,40.7577,9,17,'NYBrooklyn Queens Expy10001+NY31st Ave+10001'
-73.9009,40.8279,1,3,'NYHome St10003+NYTinton Ave+10003'
-73.9009,40.7759,0,60,'NY20th Ave10003+NY41st St+10003'
-73.9009,40.6768,0,6,'NYHerkimer St10003'
-73.9009,40.6184,0,4,'NYAvenue W10003+NYRoyce St+10003'
-73.9009,40.8529,0,5,'NYE 180th St10003+NYRyer Ave+10003'
-73.9009,40.8167,1,1,'NYDawson St10003+NYLeggett Ave+10003|NYLeggett Ave10003'
-73.9009,40.7441,2,18,'NY64th St10003|NY64th St10003+NYWoodside Ave+10003'
-73.9009,40.7207,0,22,'NY64th St10003+NY58th Rd+10003|NY58th Rd10003'
-73.9009,40.8399,1,0,'NYE 172nd St10003+NYBathgate Ave+10003'
-73.9009,40.8114,1,4,'NYAustin Pl10003|NYAustin Pl10003+NYBruckner Blvd+10003'
-73.9009,40.7434,1,26,'NY64th St10003|NY64th St10003+NYHicks Dr+10003|NYHicks Dr10003'
-73.9009,40.8494,0,12,'NYValentine Ave10003+NYE 178th St+10003|NYE 178th St10003'
-73.9009,40.8943,0,38,'NYCollege Rd10003|NYCollege Rd10003+NYWaldo Ave+10003'
-73.9009,40.8178,0,8,'NYMacy Pl10003|NYMacy Pl10003+NYHewitt Pl+10003'
-73.9009,40.6323,0,3,'NYE 87th St10003+NYAve M+10003'
-73.9009,40.7793,6,10,'NY19th Ave10003+NY37th St+10003|NY37th St10003'
-73.9009,40.8958,0,4,'NYW 250th St10003|NYW 250th St10003+NYWaldo Ave+10003'
-73.9009,40.7521,1,34,'NY61st St10003+NY34th Ave+10003'
-73.9009,40.8201,0,2,'NYWestchester Ave10003+NYE 161st St+10003|NYE 161st St10003'
-73.9009,40.8559,1,24,'NYAnthony Ave10003|NYAnthony Ave10003+NYGrand Concourse+10003'
-73.9008,40.8215,0,12,'NYE 162nd St10003|NYE 162nd St10003+NYProspect Ave+10003'
-73.9008,40.6379,2,4,'NYAve K10003+NYE 92nd St+10003'
-73.9008,40.7055,0,6,'NY60th St10003|NY60th St10003+NYPutnam Ave+10003'
-73.9008,40.8446,0,2,'NYPark Ave10003+NYCross Bronx Expy+10003|NYCross Bronx Expy10006'
-73.9008,40.6987,0,14,'NYSeneca Ave10003+NYStephen St+10003'
-73.9008,40.8970,0,6,'NYWaldo Ave10003'
-73.9008,40.7269,0,2,'NY55th Ave10003|NY55th Ave10003+NY54th Ave+10003|NY55th Ave10003+NYHamilton Pl+10003|NY54th Ave10003|NY54th Ave10003+NY54th Ave+10003|NY54th Ave10003+NYHamilton Pl+10003|NYHamilton Pl10003'
-73.9008,40.8308,0,6,'NYMcKinley Sq10003|NYMcKinley Sq10003+NYBoston Rd+10003'
-73.9008,40.8951,0,28,'NYLivingston Ave10003'
-73.9008,40.6766,0,10,'NYWilliams Ave10003+NYE New York Ave+10003'
-73.9008,40.8600,2,68,'NYMorris Ave10003+NYE 184th St+10003'
-73.9008,40.7443,0,23,'NY64th St10003+NYTrimble Rd+10003|NYTrimble Rd10003'
-73.9008,40.9121,0,13,'NYW 263rd St10003+NYLiebig Ave+10003'
-73.9008,40.8560,1,19,'NYE 182nd St10003+NYGrand Concourse+10003'
-73.9008,40.6572,0,1,'NYHegeman Ave10003+NYPowell St+10003|NYPowell St10003'
-73.9008,40.7132,15,42,'NY62nd Rd10003|NY62nd Rd10003+NYFresh Pond Rd+10003'
-73.9007,40.8313,0,3,'NYE 169th St10003+NYClinton Ave+10003|NYClinton Ave10003'
-73.9007,40.7394,3,49,'NYBklyn Qns Expressway Exit Sb10003|NYBklyn Qns Expressway Exit Sb10003+NY65th St+10003'
-73.9007,40.7739,0,34,'NY43rd St10003+NY20th Rd+10003'
-73.9007,40.8168,0,7,'NYDawson St10003+NYE 156th St+10003|NYDawson St10003+NYThurman Munson Way+10003'
-73.9007,40.9055,0,20,'NYFieldston Rd10003+NYMosholu Ave+10003'
-73.9007,40.6263,0,1,'NYPaerdegat Ave N10003|NYPaerdegat Ave N10003+NYSeaview Ave+10003'
-73.9007,40.7344,0,10,'NYMaurice Ave10003+NY51st Rd+10003|NY51st Rd10003'
-73.9007,40.7561,0,4,'NY32nd Ave10003+NY62nd St+10003|NY62nd St10003'
-73.9007,40.7018,0,36,'NYForest Ave10003+NY69th Ave+10003'
-73.9007,40.9124,0,2,'NYClifton Ave10003|NYClifton Ave10003+NYLiebig Ave+10003|NYLiebig Ave10003'
-73.9007,40.8503,0,14,'NYValentine Ave10003+NYE Burnside Ave+10003|NYE Burnside Ave10003'
-73.9007,40.6932,0,1,'NYCooper Ave10003'
-73.9007,40.7395,23,96,'NYBrooklyn Queens Expy10001+NYLaurel Hill Blvd+10001|NYLaurel Hill Blvd10003+NYI 278+10003|NYLaurel Hill Blvd10003+NY65th St+10003'
-73.9007,40.8757,0,2,'NYW 231st St10003|NYW 231st St10003+NYSedgwick Ave+10003'
-73.9007,40.6137,0,1,'NYE 71st St10003|NYE 71st St10003+NYAve Y+10003'
-73.9007,40.6437,2,2,'NYFlatlands Ave10003+NYRockaway Pkwy+10003'
-73.9007,40.7070,0,25,'NY60th Pl10003+NYWoodbine St+10003'
-73.9007,40.7672,11,10,'NYAstoria Blvd10003+NYHazen St+10003|NYHazen St10003'
-73.9006,40.8851,3,17,'NYUS Rte 910002+NYW 238th St+10002|NYBroadway10002+NYW 238th St+10002'
-73.9006,40.6773,1,1,'NYWilliams Ave10003|NYWilliams Ave10003+NYBroadway+10003|NYWilliams Ave10003+NYFulton St+10003|NYBroadway10003+NYFulton St+10003|NYFulton St10003'
-73.9006,40.7257,4,10,'NYHull Ave10003'
-73.9006,40.8221,1,7,'NYProspect Ave10003+NYE 163rd St+10003'
-73.9006,40.8773,0,1,'NYPerot St10003|NYPerot St10003+NYKingsbridge Ter+10003'
-73.9006,40.8805,0,5,'NYW 234th St10003|NYW 234th St10003+NYBailey Ave+10003|NYW 234th St10003+NYBailey Pl+10003|NYBailey Ave10003+NYBailey Pl+10003|NYBailey Pl10003'
-73.9006,40.8702,0,8,'NYW 195th St10003+NYClaflin Ave+10003'
-73.9006,40.7232,2,12,'NY65th St10003|NY65th St10003+NYGrand Ave+10003|NY65th St10003+NYFlushing Ave+10003|NYGrand Ave10003+NYFlushing Ave+10003|NYFlushing Ave10003'
-73.9006,40.8663,0,3,'NYW 192nd St10003+NYGrand Ave+10003'
-73.9006,40.7107,0,9,'NY61st St10003'
-73.9006,40.8366,0,1,'NYE 171st St10003|NYE 171st St10003+NYFulton Ave+10003'
-73.9006,40.6159,1,3,'NYE 73rd St10003+NYAve X+10003'
-73.9006,40.8336,1,6,'NYJefferson Pl10003|NYJefferson Pl10003+NYFranklin Ave+10003'
-73.9005,40.8451,4,3,'NYPark Ave10003+NYE 175th St+10003'
-73.9005,40.7266,0,3,'NYJay Ave10003+NYHamilton Pl+10003'
-73.9005,40.9097,0,19,'NYW 261st St10003+NYTyndall Ave+10003'
-73.9005,40.6297,0,2,'NYAvenue N10003+NYE 85th St+10003'
-73.9005,40.7411,34,106,'NYQueens Blvd10002+NY65th St+10002|NYState Hwy 2510002+NY65th St+10002'
-73.9005,40.6712,0,2,'NYPitkin Ave10003+NYHinsdale St+10003'
-73.9005,40.8159,1,3,'NYLeggett Ave10003+NYKelly St+10003'
-73.9005,40.8867,0,5,'NYCorlear Ave10003|NYCorlear Ave10003+NYW 240th St+10003'
-73.9005,40.6409,0,1,'NYAve J10003+NYE 95th St+10003'
-73.9005,40.6967,0,15,'NYSummerfield St10003+NYCypress Ave+10003'
-73.9005,40.6449,0,2,'NYConklin Ave10003+NYE 98th St+10003'
-73.9005,40.6353,0,1,'NYRemsen Ave10003+NYAve L+10003'
-73.9005,40.7674,9,9,'NYGrand Central Pkwy10002+NYHazen St+10002'
-73.9004,40.7577,8,17,'NYBrooklyn Queens Expy10002+NY31st Ave+10002'
-73.9004,40.9163,0,7,'NYGray Pl10003'
-73.9004,40.7047,0,19,'NY67th Ave10003+NY60th St+10003'
-73.9004,40.8292,0,6,'NYTinton Ave10003+NYE 168th St+10003'
-73.9004,40.7011,0,11,'NY70th Ave10003+NYForest Ave+10003'
-73.9004,40.8691,1,18,'NYEames Pl10003|NYEames Pl10003+NYDr Martin Luther King Jr Blvd+10003|NYEames Pl10003+NYUniversity Ave+10003'
-73.9004,40.9038,0,24,'NYFieldston Rd10003+NYW 256th St+10003|NYW 256th St10003'
-73.9004,40.7259,6,8,'NYQn Midtown Expressway Exit Wb10003'
-73.9004,40.7421,1,44,'NY43rd Ave10003|NY43rd Ave10003+NY65th St+10003'
-73.9003,40.7180,0,17,'NYMount Olivet Cres10003|NYMount Olivet Cres10003+NY64th St+10003|NYMount Olivet Cres10003+NY59th Dr+10003|NY64th St10003|NY64th St10003+NY59th Dr+10003|NY59th Dr10003'
-73.9003,40.7264,0,1,'NYHamilton Pl10003|NYHamilton Pl10003+NYHamilton Pl+10003'
-73.9003,40.8430,0,2,'NYE 174th St10003+NYWashington Ave+10003'
-73.9003,40.7688,10,58,'NY49th St10003+NYDitmars Blvd+10003'
-73.9003,40.7267,0,4,'NYJay Ave10003+NYHamilton Pl+10003|NYJay Ave10003+NY65th Pl+10003|NYHamilton Pl10003|NYHamilton Pl10003+NY65th Pl+10003|NY65th Pl10003'
-73.9003,40.7269,0,17,'NY54th Ave10003|NY54th Ave10003+NY65th Pl+10003'
-73.9003,40.6573,0,5,'NYHegeman Ave10003|NYHegeman Ave10003+NYJunius St+10003|NYHegeman Ave10003+NYLinden Blvd+10003|NYJunius St10003|NYJunius St10003+NYLinden Blvd+10003'
-73.9003,40.7540,2,28,'NY62nd St10003+NYState Hwy 25 Alt+10003|NY62nd St10003+NYNorthern Blvd+10003'
-73.9003,40.8745,0,6,'NYWebb Ave10003'
-73.9003,40.9048,0,9,'NYFieldston Rd10003+NYFaraday Ave+10003|NYFaraday Ave10003'
-73.9003,40.8625,1,12,'NYE Fordham Rd10003+NYWalton Ave+10003|NYWalton Ave10003'
-73.9003,40.7101,0,5,'NYGrove St10003+NY61st St+10003|NY61st St10003'
-73.9003,40.7212,1,9,'NY65th St10003'
-73.9003,40.8830,0,1,'NYW 236th St10003|NYW 236th St10003+NYPutnam Ave W Exd+10003|NYW 236th St10003+NYPutnam Ave W+10003|NYPutnam Ave W Exd10003|NYPutnam Ave W Exd10003+NYPutnam Ave W+10003|NYPutnam Ave W10003'
-73.9003,40.8638,1,8,'NYE 190th St10003|NYE 190th St10003+NYW 190th St+10003|NYE 190th St10003+NYJerome Ave+10003|NYW 190th St10003|NYW 190th St10003+NYJerome Ave+10003'
-73.9003,40.7281,7,75,'NY65th Pl10003+NYClaran Ct+10003|NYClaran Ct10003'
-73.9003,40.7064,0,15,'NYMadison St10003+NY60th Pl+10003'
-73.9003,40.6591,0,4,'NYLott Ave10003|NYLott Ave10003+NYJunius St+10003'
-73.9003,40.8543,1,21,'NYE 181st St10003+NYRyer Ave+10003'
-73.9003,40.8775,0,6,'NYSummit Pl10003|NYSummit Pl10003+NYKingsbridge Ter+10003'
-73.9003,40.8312,0,11,'NYBoston Rd10003+NYE 169th St+10003'
-73.9002,40.7722,1,50,'NY46th St10003+NY21st Ave+10003'
-73.9002,40.8859,0,7,'NYUS Rte 910002+NYW 239th St+10002|NYBroadway10002+NYW 239th St+10002|NYW 239th St10003'
-73.9002,40.8783,0,7,'NYShrady Pl10003'
-73.9002,40.6738,0,1,'NYWilliams Ave10003+NYLiberty Ave+10003'
-73.9002,40.8267,0,3,'NYUnion Ave10003+NYE 167th St+10003|NYE 167th St10003'
-73.9002,40.7754,1,19,'NY42nd St10003+NY20th Ave+10003'
-73.9002,40.8770,0,8,'NYPerot St10003+NYArmand Pl+10003|NYArmand Pl10003'
-73.9002,40.9270,0,1,'NYJefferson St10003|NYJefferson St10003+NYStanley Ave+10003|NYJefferson St10003+NYJefferson Ter+10003|NYJefferson St10003+NYHighland Ave+10003|NYStanley Ave10003|NYStanley Ave10003+NYJefferson Ter+10003|NYStanley Ave10003+NYHighland Ave+10003|NYJefferson Ter10003|NYJefferson Ter10003+NYHighland Ave+10003'
-73.9002,40.7005,1,27,'NYForest Ave10003+NYGeorge St+10003|NYGeorge St10003'
-73.9002,40.8590,0,2,'NYCreston Ave10003+NYField Pl+10003'
-73.9002,40.8680,0,4,'NYAqueduct Ave10003|NYAqueduct Ave10003+NYW Kingsbridge Rd+10003|NYAqueduct Ave10003+NYReservoir Ave+10003|NYW Kingsbridge Rd10003+NYReservoir Ave+10003|NYW Kingsbridge Rd10003+NYAqueduct Ave W+10003|NYReservoir Ave10003|NYReservoir Ave10003+NYAqueduct Ave W+10003|NYAqueduct Ave W10003'
-73.9002,40.6587,0,1,'NYJunius St10003+NYNew Lots Ave+10003'
-73.9002,40.7119,6,30,'NYBleecker St10003|NYBleecker St10003+NYFresh Pond Rd+10003'
-73.9002,40.8342,1,5,'NYE 170th St10003+NYFranklin Ave+10003'
-73.9002,40.7788,1,2,'NY19th Ave10003+NYSteinway Pl+10003|NY19th Ave10003+NY38th St+10003|NYSteinway Pl10003|NYSteinway Pl10003+NY38th St+10003|NY38th St10003'
-73.9002,40.6327,0,3,'NYAve M10003+NYE 88th St+10003'
-73.9001,40.7243,1,17,'NYPerry Ave10003+NYRemsen Pl+10003'
-73.9001,40.7561,7,9,'NY32nd Ave10003+NYBrooklyn Queens Expy+10003|NY32nd Ave10003+NYI 278+10003'
-73.9001,40.6189,1,1,'NYAvenue W10003|NYAvenue W10003+NYBergen Ave+10003'
-73.9001,40.9141,0,2,'NYClifton Ave10003'
-73.9001,40.8151,0,12,'NYLeggett Ave10003+NYBeck St+10003'
-73.9001,40.7262,2,4,'NYHamilton Pl10003+NYBorden Ave+10003'
-73.9001,40.6384,0,4,'NYAve K10003+NYE 93rd St+10003'
-73.9001,40.8397,0,10,'NY3rd Ave10003+NYE 172nd St+10003'
-73.9001,40.6983,0,16,'NYSeneca Ave10003+NYNorman St+10003'
-73.9001,40.8492,1,2,'NYUS Hwy 110002+NYE 178th St+10002|NYWebster Ave10002+NYE 178th St+10002'
-73.9001,40.9112,1,6,'NYTyndall Ave10003+NYW 262nd St+10003|NYW 262nd St10003'
-73.9001,40.9280,0,1,'NYJefferson St10003|NYJefferson St10003+NYJefferson Ter+10003|NYJefferson St10003+NYHerriot St+10003|NYJefferson Ter10003|NYJefferson Ter10003+NYHerriot St+10003'
-73.9001,40.7337,0,55,'NY65th Pl10003+NY52nd Ave+10003|NY65th Pl10003+NY62nd St+10003|NY52nd Ave10003|NY52nd Ave10003+NY62nd St+10003|NY62nd St10003'
-73.9001,40.7459,24,152,'NY64th St10003+NYRoosevelt Ave+10003'
-73.9001,40.8762,0,3,'NYReservoir Ave10003|NYReservoir Ave10003+NYSedgwick Ave+10003'
-73.9001,40.7504,8,65,'NY62nd St10003+NYBroadway+10003'
-73.9000,40.7180,1,8,'NYMount Olivet Cres10003+NY60th Ave+10003|NY60th Ave10003'
-73.9000,40.8235,0,4,'NYProspect Ave10003+NYE 164th St+10003|NYE 164th St10003'
-73.9000,40.6934,0,1,'NYSt Felix Ave10003'
-73.9000,40.7438,5,62,'NYWoodside Ave10003+NY65th St+10003'
-73.9000,40.8186,0,4,'NYLongwood Ave10003|NYLongwood Ave10003+NYLongwood Ave+10003|NYLongwood Ave10003+NYHewitt Pl+10003|NYHewitt Pl10003'
-73.9000,40.7571,12,16,'NYBrooklyn Queens Expy10002|NYBrooklyn Queens Expy10002+NYBrooklyn Queens Expy+10002|NYBrooklyn Queens Expy10003|NYBrooklyn Queens Expy10003+NYBrooklyn Queens Expy+10003'
-73.9000,40.9158,0,1,'NYPershing Ave10003'
-73.9000,40.7349,2,41,'NY65th Pl10003+NYMaurice Ave+10003'
-73.9000,40.9081,0,28,'NYFieldston Rd10003+NYW 260th St+10003'
-73.9000,40.8525,0,13,'NYE 180th St10003+NYValentine Ave+10003'
-73.9000,40.9155,0,2,'NYValdale Ave10003'
-73.9000,40.8963,0,7,'NYCollege Rd10003|NYCollege Rd10003+NYTibbett Ave+10003|NYTibbett Ave10003'
-73.9000,40.9120,0,2,'NYW 263rd St10003|NYW 263rd St10003+NYTyndall Ave+10003'
-73.9000,40.6769,1,11,'NYJamaica Ave10003|NYJamaica Ave10003+NYBroadway+10003|NYJamaica Ave10003+NYAlabama Ave+10003|NYJamaica Ave10003+NYE New York Ave+10003|NYJamaica Ave10003+NYFulton St+10003|NYBroadway10003|NYBroadway10003+NYAlabama Ave+10003|NYBroadway10003+NYE New York Ave+10003|NYBroadway10003+NYFulton St+10003|NYAlabama Ave10003|NYAlabama Ave10003+NYE New York Ave+10003|NYAlabama Ave10003+NYFulton St+10003|NYE New York Ave10003|NYE New York Ave10003+NYFulton St+10003|NYFulton St10003'
-73.9000,40.8377,0,6,'NYClaremont Pkwy10003+NYFulton Ave+10003'
-73.9000,40.6467,0,1,'NYGlenwood Rd10003+NYE 100th St+10003'
-73.9000,40.8624,0,18,'NYE Fordham Rd10003+NYMorris Ave+10003|NYMorris Ave10003'
-73.9000,40.7058,1,7,'NYPutnam Ave10003+NY60th Pl+10003'
-73.9000,40.6142,0,1,'NYAve Y10003+NYE 72nd St+10003|NYE 72nd St10003'
-73.8999,40.8574,3,25,'NYE 183rd St10003+NYGrand Concourse+10003'
-73.8999,40.8163,0,5,'NYE 156th St10003+NYKelly St+10003|NYKelly St10003+NYThurman Munson Way+10003'
-73.8999,40.6430,0,2,'NYTrucklemans Ln10003|NYTrucklemans Ln10003+NYRockaway Pkwy+10003'
-73.8999,40.7735,0,42,'NY20th Rd10003+NY45th St+10003'
-73.8999,40.7152,2,17,'NYEliot Ave10003+NY62nd St+10003|NY62nd St10003'
-73.8999,40.6962,0,12,'NYDecatur St10003+NYCypress Ave+10003'
-73.8999,40.9178,0,3,'NYLivingston Ave10003|NYLivingston Ave10003+NYRadford St+10003'
-73.8999,40.8195,0,5,'NYE 161st St10003|NYE 161st St10003+NYHewitt Pl+10003'
-73.8999,40.8206,0,2,'NYWestchester Ave10003+NYHewitt Pl+10003|NYHewitt Pl10003'
-73.8999,40.7113,1,12,'NYMenahan St10003|NYMenahan St10003+NYFresh Pond Rd+10003'
-73.8999,40.6163,0,3,'NYE 74th St10003+NYAve X+10003'
-73.8998,40.6792,1,2,'NYGillen Pl10003|NYGillen Pl10003+NYBushwick Ave+10003'
-73.8998,40.8865,1,13,'NYVan Cortlandt Park S10003|NYVan Cortlandt Park S10003+NYUS Rte 9+10003|NYVan Cortlandt Park S10003+NYBroadway+10003|NYVan Cortlandt Park S10003+NYW 240th St+10003|NYUS Rte 910002+NYW 240th St+10002|NYBroadway10002+NYW 240th St+10002|NYW 240th St10003'
-73.8998,40.7178,0,16,'NY60th Ave10003|NY60th Ave10003+NYMount Olivet Cres+10003'
-73.8998,40.8463,1,1,'NYPark Ave10003+NYE 176th St+10003'
-73.8998,40.7407,22,32,'NYQueens Blvd10002|NYQueens Blvd10002+NY65th Pl+10002|NYState Hwy 2510002|NYState Hwy 2510002+NY65th Pl+10002|NY65th Pl10003'
-73.8998,40.6521,0,5,'NYE 105th St10003+NYFoster Ave+10003'
-73.8998,40.7562,7,1,'NY32nd Ave10003+NYBrooklyn Queens Expy+10003'
-73.8998,40.8596,0,19,'NYE 184th St10003+NYCreston Ave+10003'
-73.8998,40.8660,1,7,'NYDavidson Ave10003+NYW 192nd St+10003'
-73.8998,40.8241,1,5,'NYE 165th St10003+NYProspect Ave+10003'
-73.8998,40.8896,1,33,'NYW 242nd St10003'
-73.8998,40.8277,1,7,'NYHome St10003+NYUnion Ave+10003'
-73.8998,40.6442,0,1,'NYFlatlands Ave10003+NYE 98th St+10003'
-73.8998,40.7261,4,12,'NYHull Ave10003|NYHull Ave10003+NYBorden Ave+10003'
-73.8998,40.6302,1,4,'NYE 86th St10003+NYAvenue N+10003'
-73.8998,40.6453,0,1,'NYConklin Ave10003+NYE 99th St+10003'
-73.8998,40.7005,2,13,'NY71st Ave10003'
-73.8998,40.9056,0,20,'NYSpencer Ave10003'
-73.8998,40.9014,0,20,'NYValles Ave10003|NYValles Ave10003+NYW 254th St+10003'
-73.8997,40.7053,0,1,'NYKleupfel Ct10003|NYKleupfel Ct10003+NY60th Pl+10003|NYKleupfel Ct10003+NYKluepfel Ct+10003|NY60th Pl10003+NYKluepfel Ct+10003|NYKluepfel Ct10003'
-73.8997,40.7511,1,15,'NY62nd St10003|NY62nd St10003+NY62nd St+10003'
-73.8997,40.8441,1,1,'NYCross Bronx Exwy Svc Rd10006+NYWashington Ave+10006'
-73.8997,40.8308,0,8,'NYE 169th St10003+NYTinton Ave+10003|NYTinton Ave10003'
-73.8997,40.8143,0,33,'NYLeggett Ave10003+NYFox St+10003'
-73.8997,40.6358,0,4,'NYE 91st St10003+NYAve L+10003'
-73.8997,40.7404,8,22,'NYLaurel Hill Blvd10003|NYLaurel Hill Blvd10003+NY65th Pl+10003|NY65th Pl10003|NY65th Pl10003+NY65th Pl+10003'
-73.8997,40.7110,0,16,'NYMenahan St10003|NYMenahan St10003+NYFresh Pond Rd+10003'
-73.8997,40.8848,0,34,'NYReview Pl10003|NYReview Pl10003+NYW 238th St+10003'
-73.8997,40.6795,0,1,'NYHighland Blvd10003+NYGillen Pl+10003|NYGillen Pl10003'
-73.8997,40.7402,18,55,'NY65th Pl10003+NYI 278+10003'
-73.8997,40.9038,0,5,'NYValles Ave10003|NYValles Ave10003+NYW 256th St+10003'
-73.8997,40.8700,3,24,'NYW 195th St10003+NYDr Martin Luther King Jr Blvd+10003|NYW 195th St10003+NYUniversity Ave+10003'
-73.8997,40.6274,0,4,'NYE 80th St10003|NYE 80th St10003+NYSeaview Ave+10003'
-73.8997,40.9343,0,1,'NYRiverdale Ave10003|NYRiverdale Ave10003+NYRiverdale Ave+10003'
-73.8997,40.8557,0,9,'NYE 182nd St10003+NYRyer Ave+10003'
-73.8997,40.8474,0,2,'NYPark Ave10003+NYE Tremont Ave+10003'
-73.8997,40.9060,0,18,'NYThorns Ln10003|NYThorns Ln10003+NYSpencer Ave+10003'
-73.8996,40.8779,0,3,'NYShrady Pl10003|NYShrady Pl10003+NYKingsbridge Ter+10003'
-73.8996,40.7502,4,17,'NY35th Ave10003|NY35th Ave10003+NYBroadway+10003|NY35th Ave10003+NY62nd St+10003|NYBroadway10003+NY62nd St+10003|NY62nd St10003'
-73.8996,40.8685,0,2,'NYReservoir Ave10003|NYReservoir Ave10003+NYReservoir Ave+10003'
-73.8996,40.7562,7,8,'NY32nd Ave10003+NYBrooklyn Queens Expy+10003|NYBrooklyn Queens Expy10002'
-73.8996,40.8350,2,1,'NYCrotona Park S10003+NYFranklin Ave+10003|NYFranklin Ave10003'
-73.8996,40.6415,0,3,'NYAve J10003+NYE 96th St+10003|NYE 96th St10003'
-73.8996,40.8622,0,18,'NYE Fordham Rd10003+NYMorris Ave+10003|NYE Fordham Rd10003+NYE 188th St+10003|NYMorris Ave10003|NYMorris Ave10003+NYE 188th St+10003|NYE 188th St10003'
-73.8996,40.7683,4,28,'NYHazen St10003+NYDitmars Blvd+10003'
-73.8996,40.8788,0,90,'NYFort Independence St10003'
-73.8996,40.9096,0,14,'NYFieldston Rd10003+NYW 261st St+10003'
-73.8996,40.7237,1,10,'NYGrand Ave10003+NYRemsen Pl+10003|NYRemsen Pl10003'
-73.8996,40.7409,56,40,'NY65th Pl10003|NY65th Pl10003+NY65th Pl+10003'
-73.8996,40.8766,0,15,'NYPerot St10003|NYPerot St10003+NYSedgwick Ave+10003'
-73.8996,40.7541,11,23,'NY64th St10003|NY64th St10003+NYState Hwy 25 Alt+10003|NY64th St10003+NYNorthern Blvd+10003'
-73.8996,40.7049,0,14,'NY67th Ave10003+NY60th Pl+10003|NY60th Pl10003'
-73.8995,40.8911,0,4,'NYVan Cortlandt Park10003'
-73.8995,40.6943,0,4,'NY79th Ave10003|NY79th Ave10003+NYSt Felix Ave+10003'
-73.8995,40.7716,1,29,'NY47th St10003+NY21st Ave+10003'
-73.8995,40.8501,0,3,'NYUS Hwy 110002+NYAlden Pl+10002|NYWebster Ave10002+NYAlden Pl+10002|NYAlden Pl10003'
-73.8995,40.7029,1,55,'NY60th St10003+NYCatalpa Ave+10003'
-73.8995,40.7749,0,19,'NY43rd St10003+NY20th Ave+10003'
-73.8995,40.7001,0,18,'NYStephen St10003+NYForest Ave+10003'
-73.8995,40.7409,27,42,'NY65th Pl10003|NY65th Pl10003+NYState Hwy 25+10003|NY65th Pl10003+NYQueens Blvd+10003|NYState Hwy 2510002|NYQueens Blvd10002'
-73.8995,40.6495,0,1,'NYE 103rd St10003|NYE 103rd St10003+NYFarragut Rd+10003'
-73.8994,40.8332,0,12,'NYJefferson Pl10003+NYClinton Ave+10003'
-73.8994,40.9269,0,1,'NYJackson St10003|NYJackson St10003+NYHighland Ave+10003'
-73.8994,40.6332,0,3,'NYE 89th St10003+NYAve M+10003'
-73.8994,40.7563,16,40,'NYBrooklyn Queens Expy10003|NYBrooklyn Queens Expy10003+NYBrooklyn Queens Expy+10003|NYBrooklyn Queens Expy10003+NY32nd Ave+10003|NYBrooklyn Queens Expy10002|NYBrooklyn Queens Expy10002+NY32nd Ave+10002'
-73.8994,40.7783,0,9,'NYSteinway St10003+NY19th Ave+10003'
-73.8994,40.8742,0,8,'NYClaflin Ave10003'
-73.8994,40.7254,15,39,'NYClinton Ave10003|NYClinton Ave10003+NYHamilton Pl+10003|NYClinton Ave10003+NYBorden Ave+10003|NYHamilton Pl10003+NYBorden Ave+10003|NYBorden Ave10003'
-73.8994,40.6388,0,6,'NYE 94th St10003+NYAve K+10003'
-73.8994,40.7551,3,6,'NYBrooklyn Queens Expy10003|NYBrooklyn Queens Expy10003+NYI 278+10003'
-73.8994,40.9141,0,2,'NYAmberson Ave10003'
-73.8994,40.6979,0,24,'NYSeneca Ave10003+NYSummerfield St+10003'
-73.8994,40.8678,0,6,'NYGrand Ave10003|NYGrand Ave10003+NYW Kingsbridge Rd+10003|NYGrand Ave10003+NYReservoir Ave+10003|NYW Kingsbridge Rd10003+NYReservoir Ave+10003|NYReservoir Ave10003'
-73.8994,40.8970,0,4,'NYW 252nd St10003|NYW 252nd St10003+NYFieldston Ter+10003|NYFieldston Ter10003'
-73.8994,40.7103,2,38,'NYGrove St10003+NYFresh Pond Rd+10003'
-73.8994,40.7126,1,9,'NY62nd St10003|NY62nd St10003+NYMetropolitan Ave+10003'
-73.8993,40.9365,1,0,'NYWells Ave10003'
-73.8993,40.8135,0,20,'NYLeggett Ave10003+NYSouthern Blvd+10003'
-73.8993,40.8289,0,1,'NYUnion Ave10003+NYE 168th St+10003'
-73.8993,40.8541,1,24,'NYE 181st St10003+NYValentine Ave+10003'
-73.8993,40.8473,1,4,'NYPark Ave10003+NYE Tremont Ave+10003'
-73.8993,40.8505,0,5,'NYUS Hwy 110002+NYE 179th St+10002|NYWebster Ave10002+NYE 179th St+10002|NYE 179th St10003'
-73.8993,40.7175,0,35,'NY60th Rd10003|NY60th Rd10003+NYMount Olivet Cres+10003'
-73.8993,40.8712,0,25,'NYDr Martin Luther King Jr Blvd10003+NYStrong St+10003|NYUniversity Ave10003+NYStrong St+10003|NYStrong St10003'
-73.8993,40.6958,0,1,'NYCody Ave10003|NYCody Ave10003+NYCypress Ave+10003'
-73.8993,40.8913,0,19,'NYCayuga Ave10003'
-73.8993,40.8181,1,10,'NYDawson St10003+NYLongwood Ave+10003'
-73.8993,40.8522,1,6,'NYE 180th St10003+NYTiebout Ave+10003|NYTiebout Ave10003'
-73.8993,40.7155,0,18,'NYEliot Ave10003+NY63rd St+10003|NY63rd St10003'
-73.8992,40.7295,1,50,'NY53rd Dr10003'
-73.8992,40.7291,2,43,'NY53rd Dr10003'
-73.8992,40.6147,0,1,'NYE 73rd St10003|NYE 73rd St10003+NYAve Y+10003'
-73.8992,40.7500,9,43,'NY63rd St10003+NYBroadway+10003'
-73.8992,40.9110,0,15,'NYFieldston Rd10003|NYFieldston Rd10003+NYW 262nd St+10003'
-73.8992,40.7578,25,87,'NYBoody St10003|NY68th St10003+NY31st Ave+10003'
-73.8992,40.8159,0,9,'NYE 156th St10003+NYBeck St+10003|NYBeck St10003+NYThurman Munson Way+10003'
-73.8992,40.8587,0,4,'NYGrand Concourse10003+NYField Pl+10003'
-73.8992,40.7307,2,69,'NY53rd Rd10003'
-73.8992,40.8410,0,6,'NY3rd Ave10003+NYE 173rd St+10003'
-73.8992,40.7281,0,17,'NYClaran Ct10003'
-73.8992,40.8127,0,2,'NYTimpson Pl10003|NYTimpson Pl10003+NYBruckner Blvd+10003'
-73.8991,40.7552,3,26,'NYBrooklyn Queens Expy10003'
-73.8991,40.7320,1,68,'NY52nd Dr10003'
-73.8991,40.8256,3,6,'NYRev James A Polite Ave10003+NYProspect Ave+10003|NYProspect Ave10003+NYE 166th St+10003|NYE 166th St10003'
-73.8991,40.7005,1,10,'NYStephen St10003'
-73.8991,40.6168,0,1,'NYRoyce St10003+NYAve X+10003'
-73.8991,40.7329,0,23,'NY52nd Rd10003'
-73.8991,40.7731,4,35,'NY46th St10003+NY20th Rd+10003|NY20th Rd10003'
-73.8991,40.8720,0,34,'NYW 197th St10003+NYDr Martin Luther King Jr Blvd+10003|NYW 197th St10003+NYUniversity Ave+10003'
-73.8991,40.9129,0,7,'NYEllsworth Ave10003'
-73.8991,40.7435,5,126,'NY65th Pl10003+NYWoodside Ave+10003'
-73.8991,40.9170,1,0,'NYCliff Ave10003'
-73.8991,40.6769,0,3,'NYFulton St10003+NYGeorgia Ave+10003'
-73.8991,40.9146,0,2,'NYFanshaw Ave10003|NYFanshaw Ave10003+NYBerkeley Ave+10003'
-73.8991,40.6306,0,5,'NYE 87th St10003+NYAvenue N+10003'
-73.8990,40.6447,0,2,'NYFlatlands Ave10003+NYE 99th St+10003'
-73.8990,40.6458,0,3,'NYConklin Ave10003|NYConklin Ave10003+NYE 100th St+10003'
-73.8990,40.6574,1,7,'NYVan Sinderen Ave10003+NYLinden Blvd+10003'
-73.8990,40.8815,0,32,'NYFort Independence St10003+NYBailey Pl+10003|NYBailey Pl10003'
-73.8990,40.7055,0,1,'NYKleupfel Ct10003|NYKleupfel Ct10003+NYKluepfel Ct+10003|NYKluepfel Ct10003'
-73.8990,40.8393,0,12,'NYE 172nd St10003|NYE 172nd St10003+NYFulton Ave+10003'
-73.8990,40.6435,0,1,'NYTrucklemans Ln10003+NYE 98th St+10003'
-73.8990,40.7351,1,10,'NY66th St10003+NYMaurice Ave+10003'
-73.8990,40.8320,1,5,'NYUnion Ave10003|NYUnion Ave10003+NYBoston Rd+10003'
-73.8990,40.7174,0,12,'NY60th Rd10003|NY60th Rd10003+NYMount Olivet Cres+10003'
-73.8990,40.7356,0,21,'NYGarfield Ave10003|NYGarfield Ave10003+NY51st Ave+10003|NY51st Ave10003'
-73.8990,40.7680,2,26,'NY70th St10003|NY70th St10003+NYDitmars Blvd+10003'
-73.8990,40.6727,0,2,'NYAlabama Ave10003+NYGlenmore Ave+10003'
-73.8990,40.8210,2,14,'NYE 162nd St10003|NYE 162nd St10003+NYWestchester Ave+10003|NYE 162nd St10003+NYE 163rd St+10003|NYRev James A Polite Ave10003+NYWestchester Ave+10003|NYWestchester Ave10003+NYE 163rd St+10003|NYE 163rd St10003'
-73.8990,40.7249,0,20,'NYPerry Ave10003+NYHamilton Pl+10003'
-73.8989,40.7060,1,32,'NYPutnam Ave10003+NY60th Ln+10003|NY60th Ln10003'
-73.8989,40.8217,0,9,'NYE 163rd St10003'
-73.8989,40.6363,2,7,'NYAve L10003+NYE 92nd St+10003'
-73.8989,40.7408,15,18,'NYState Hwy 2510002+NYI 278+10002|NYState Hwy 2510002+NYBklyn Qns Expressway Entrance Naval Base+10002|NYI 27810001+NYQueens Blvd+10001|NYI 27810001+NYBklyn Qns Expressway Entrance Naval Base+10001|NYQueens Blvd10002+NYBklyn Qns Expressway Entrance Naval Base+10002|NYBklyn Qns Expressway Entrance Naval Base10003'
-73.8989,40.7377,7,137,'NY49th Ave10003'
-73.8989,40.8864,0,16,'NYReview Pl10003|NYReview Pl10003+NYVan Cortlandt Park S+10003'
-73.8989,40.7462,39,124,'NY65th Pl10003|NY65th Pl10003+NY39th Ave+10003|NY65th Pl10003+NYRoosevelt Ave+10003|NY65th Pl10003+NY65th St+10003|NY39th Ave10003|NY39th Ave10003+NYRoosevelt Ave+10003|NY39th Ave10003+NY65th St+10003|NYRoosevelt Ave10003+NY65th St+10003'
-73.8989,40.7097,3,57,'NYLinden St10003+NYFresh Pond Rd+10003'
-73.8989,40.6796,0,2,'NYFanchon Pl10003|NYFanchon Pl10003+NYHighland Blvd+10003|NYHighland Blvd10003|NYHighland Blvd10003+NYHighland Blvd+10003'
-73.8989,40.8185,0,2,'NYDawson St10003+NYRev James A Polite Ave+10003|NYRev James A Polite Ave10003'
-73.8989,40.8846,1,10,'NYPutnam Ave W Exd10003|NYPutnam Ave W Exd10003+NYPutnam Ave W+10003|NYPutnam Ave W Exd10003+NYW 238th St+10003|NYPutnam Ave W10003|NYPutnam Ave W10003+NYW 238th St+10003'
-73.8989,40.7673,19,13,'NYAstoria Blvd N10003+NY70th St+10003|NY70th St10003|NY70th St10003+NYAstoria Blvd+10003'
-73.8989,40.8239,0,8,'NYE 165th St10003+NYRev James A Polite Ave+10003'
-73.8989,40.8656,1,10,'NYW 192nd St10003|NYW 192nd St10003+NYJerome Ave+10003'
-73.8989,40.6787,0,2,'NYFanchon Pl10003+NYBushwick Ave+10003'
-73.8989,40.8264,0,5,'NYProspect Ave10003+NYE 167th St+10003'
-73.8988,40.8318,0,4,'NYUnion Ave10003+NYJennings St+10003|NYJennings St10003'
-73.8988,40.6774,0,2,'NYJamaica Ave10003+NYFanchon Pl+10003|NYFanchon Pl10003'
-73.8988,40.8593,2,12,'NYGrand Concourse10003+NYE 184th St+10003'
-73.8988,40.6420,0,12,'NYAve J10003+NYRockaway Pkwy+10003'
-73.8988,40.9013,0,1,'NYSylvan Ave10003|NYSylvan Ave10003+NYW 254th St+10003'
-73.8988,40.7711,0,32,'NY48th St10003+NY21st Ave+10003'
-73.8988,40.7487,11,105,'NY37th Ave10003+NY64th St+10003'
-73.8988,40.6997,0,11,'NYNorman St10003+NYForest Ave+10003'
-73.8988,40.8301,0,1,'NYE 169th St10003+NYUnion Ave+10003'
-73.8988,40.7744,0,29,'NY20th Ave10003+NY45th St+10003'
-73.8988,40.8925,0,28,'NYCayuga Ave10003|NYCayuga Ave10003+NYW 246th St+10003'
-73.8988,40.8554,1,5,'NYE 182nd St10003+NYValentine Ave+10003'
-73.8988,40.7403,4,53,'NYBklyn Qns Expressway Entrance Naval Base10003'
-73.8987,40.8785,1,28,'NYGiles Pl10003|NYGiles Pl10003+NYKingsbridge Ter+10003|NYKingsbridge Ter10003'
-73.8987,40.6500,0,1,'NYFarragut Rd10003+NYE 104th St+10003|NYE 104th St10003'
-73.8987,40.7284,0,21,'NY54th Ave10003'
-73.8987,40.7778,0,1,'NY19th Ave10003+NY41st St+10003'
-73.8987,40.7523,2,6,'NY34th Ave10003|NY34th Ave10003+NY65th St+10003|NY65th St10003'
-73.8987,40.7541,17,52,'NYBrooklyn Queens Expy10001+NYState Hwy 25 Alt+10001|NYBrooklyn Queens Expy10001+NYNorthern Blvd+10001|NYState Hwy 25 Alt10002+NYI 278+10002|NYNorthern Blvd10002+NYI 278+10002'
-73.8987,40.7142,0,23,'NY62nd Ave10003+NY63rd St+10003|NY63rd St10003'
-73.8987,40.8975,0,10,'NYW 252nd St10003'
-73.8987,40.9096,0,15,'NYSpencer Ave10003+NYW 261st St+10003'
-73.8987,40.8308,0,2,'NYUnion Ave10003+NYRitter Pl+10003|NYRitter Pl10003'
-73.8987,40.7242,1,7,'NYGrand Ave10003+NY66th St+10003|NY66th St10003'
-73.8987,40.7599,22,23,'NYBrooklyn Queens Expy10003'
-73.8987,40.9119,0,2,'NYW 263rd St10003|NYW 263rd St10003+NYW 263rd St+10003'
-73.8987,40.6337,0,1,'NYRemsen Ave10003+NYAve M+10003'
-73.8987,40.8618,0,13,'NYE 188th St10003+NYCreston Ave+10003'
-73.8987,40.8442,0,1,'NYCross Bronx Expy10002+NYBathgate Ave+10002'
-73.8987,40.8439,0,2,'NYCross Bronx Exwy Svc Rd10006+NYBathgate Ave+10006'
-73.8987,40.7503,7,30,'NY64th St10003+NY35th Ave+10003'
-73.8987,40.7408,15,30,'NY66th St10003|NY66th St10003+NYState Hwy 25+10003|NY66th St10003+NYQueens Blvd+10003'
-73.8987,40.8459,0,8,'NYE 176th St10003+NYWashington Ave+10003'
-73.8986,40.9332,0,2,'NYHudson St10003'
-73.8986,40.8539,0,11,'NYE 181st St10003|NYE 181st St10003+NYFolin St+10003|NYE 181st St10003+NYTiebout Ave+10003|NYFolin St10003|NYFolin St10003+NYTiebout Ave+10003'
-73.8986,40.7112,0,5,'NYTraffic Ave10003|NYTraffic Ave10003+NYMenahan St+10003|NYMenahan St10003'
-73.8986,40.7253,2,4,'NY66th St10003'
-73.8986,40.9057,0,18,'NYHuxley Ave10003'
-73.8986,40.7260,0,13,'NY66th St10003|NY66th St10003+NYBorden Ave+10003'
-73.8986,40.7469,5,49,'NY38th Ave10003'
-73.8986,40.6952,0,6,'NYCypress Ave10003+NY78th Ave+10003|NY78th Ave10003'
-73.8986,40.7600,2,6,'NYBrooklyn Queens Expy10002|NYBrooklyn Queens Expy10002+NY30th Ave+10002|NYBrooklyn Queens Expy10002+NYBrooklyn Queens Expy+10002|NY30th Ave10003+NYBrooklyn Queens Expy+10003|NYBrooklyn Queens Expy10003'
-73.8986,40.6974,0,7,'NYSeneca Ave10003+NYDecatur St+10003'
-73.8986,40.7159,0,19,'NYEliot Ave10003+NY64th St+10003|NY64th St10003'
-73.8986,40.6558,0,1,'NYVan Sinderen Ave10003+NYDewitt Ave+10003'
-73.8986,40.9062,0,6,'NYHuxley Ave10003+NYThorns Ln+10003|NYThorns Ln10003'
-73.8986,40.7244,0,9,'NY66th St10003|NY66th St10003+NYHamilton Pl+10003'
-73.8986,40.6152,0,2,'NYE 74th St10003|NYE 74th St10003+NYAve Y+10003|NYE 74th St10003+NYBergen Ave+10003|NYAve Y10003|NYAve Y10003+NYBergen Ave+10003|NYBergen Ave10003'
-73.8986,40.6476,0,6,'NYGlenwood Rd10003+NYE 102nd St+10003'
-73.8985,40.8677,0,12,'NYDavidson Ave10003|NYDavidson Ave10003+NYW Kingsbridge Rd+10003'
-73.8985,40.7052,0,7,'NY67th Ave10003+NY60th Ln+10003'
-73.8985,40.7009,0,38,'NY60th St10003+NY71st Ave+10003'
-73.8985,40.8177,0,5,'NYLongwood Ave10003+NYKelly St+10003'
-73.8985,40.8487,0,1,'NYPark Ave10003+NYE 178th St+10003'
-73.8985,40.8584,0,5,'NYField Pl10003|NYField Pl10003+NYRyer Ave+10003'
-73.8985,40.8299,1,2,'NYE 169th St10003+NYUnion Ave+10003|NYUnion Ave10003'
-73.8985,40.9026,0,6,'NYW 255th St10003|NYW 255th St10003+NYSylvan Ave+10003'
-73.8985,40.7599,5,59,'NYBoody St10003|NYBoody St10003+NY69th St+10003|NY69th St10003|NY69th St10003+NY68th St+10003'
-73.8985,40.7497,23,47,'NY64th St10003+NYBroadway+10003'
-73.8985,40.8843,0,12,'NYMajor Deegan Expy10001+NYW 238th St+10001|NYW 238th St10003+NYI 87+10003'
-73.8985,40.7523,1,1,'NY34th Ave10003'
-73.8985,40.8154,0,16,'NYE 156th St10003+NYFox St+10003|NYThurman Munson Way10003+NYFox St+10003'
-73.8985,40.7600,22,32,'NYBoody St10003|NYBoody St10003+NY30th Ave+10003'
-73.8985,40.7090,4,49,'NYGates Ave10003+NYFresh Pond Rd+10003'
-73.8984,40.8132,0,9,'NYLeggett Ave10003+NYBruckner Blvd+10003'
-73.8984,40.8905,1,31,'NYManhattan College Pkwy10003+NYPost Rd+10003|NYPost Rd10003'
-73.8984,40.7243,4,4,'NYGrand Ave10003+NYHamilton Pl+10003|NYHamilton Pl10003'
-73.8984,40.8737,1,8,'NYDr Martin Luther King Jr Blvd10003|NYDr Martin Luther King Jr Blvd10003+NYReservoir Ave+10003|NYReservoir Ave10003+NYUniversity Ave+10003|NYUniversity Ave10003'
-73.8984,40.8985,0,22,'NYLakeview Pl10003'
-73.8984,40.7260,0,10,'NY56th Rd10003|NY56th Rd10003+NYClinton Ave+10003|NY56th Rd10003+NYBorden Ave+10003|NYClinton Ave10003|NYClinton Ave10003+NYBorden Ave+10003'
-73.8984,40.7234,1,0,'NY58th Ave10003'
-73.8984,40.9069,1,3,'NYHuxley Ave10003'
-73.8984,40.8444,0,2,'NYE 175th St10003+NYBathgate Ave+10003'
-73.8984,40.6741,0,1,'NYGeorgia Ave10003+NYLiberty Ave+10003'
-73.8984,40.8623,5,7,'NYE Fordham Rd10003+NYCreston Ave+10003'
-73.8984,40.8894,8,30,'NYUS Rte 910002+NYW 242nd St+10002|NYBroadway10002+NYW 242nd St+10002|NYW 242nd St10003'
-73.8984,40.9048,0,20,'NYSylvan Ave10003'
-73.8984,40.7005,1,16,'NY60th St10003'
-73.8984,40.8519,2,5,'NYE 180th St10003|NYE 180th St10003+NYUS Hwy 1+10003|NYE 180th St10003+NYWebster Ave+10003'
-73.8984,40.6777,0,1,'NYJamaica Ave10003+NYSheffield Ave+10003|NYSheffield Ave10003'
-73.8984,40.7421,1,33,'NY66th St10003+NY43rd Ave+10003|NY43rd Ave10003'
-73.8983,40.6173,0,5,'NYBergen Ave10003+NYAve X+10003|NYAve X10003'
-73.8983,40.8423,3,6,'NYE 174th St10003+NY3rd Ave+10003'
-73.8983,40.6311,0,4,'NYAvenue N10003+NYE 88th St+10003'
-73.8983,40.7419,2,12,'NY66th St10003'
-73.8983,40.6452,0,2,'NYFlatlands Ave10003+NYE 100th St+10003'
-73.8983,40.7476,1,34,'NY37th Rd10003'
-73.8983,40.6531,0,1,'NYBank St10003|NYBank St10003+NYFoster Ave+10003'
-73.8983,40.9037,0,7,'NYW 256th St10003'
-73.8983,40.9033,0,5,'NYW 256th St10003'
-73.8983,40.7694,1,36,'NY71st St10003|NY71st St10003+NYHazen St+10003'
-73.8983,40.6367,0,2,'NYAve L10003+NYE 93rd St+10003'
-73.8983,40.6440,1,4,'NYE 99th St10003+NYTrucklemans Ln+10003|NYTrucklemans Ln10003'
-73.8983,40.8603,1,7,'NYGrand Concourse10003+NYE 187th St+10003|NYE 187th St10003'
-73.8983,40.8407,0,1,'NYE 173rd St10003|NYE 173rd St10003+NYFulton Ave+10003'
-73.8983,40.8853,1,22,'NYW 239th St10003|NYW 239th St10003+NYPutnam Ave W+10003'
-73.8982,40.9076,0,4,'NYHuxley Ave10003|NYHuxley Ave10003+NYW 260th St+10003'
-73.8982,40.7046,0,20,'NY68th Ave10003+NY60th Ln+10003'
-73.8982,40.8279,0,8,'NYHome St10003+NYProspect Ave+10003'
-73.8982,40.7169,0,5,'NYMount Olivet Cres10003+NY60th Dr+10003|NY60th Dr10003'
-73.8982,40.8640,1,26,'NYE 191st St10003|NYE 191st St10003+NYMorris Ave+10003|NYMorris Ave10003'
-73.8982,40.8978,0,2,'NYW 252nd St10003|NYW 252nd St10003+NYOld Albany Post Rd+10003|NYOld Albany Post Rd10003'
-73.8982,40.6771,0,11,'NYFulton St10003+NYSheffield Ave+10003'
-73.8982,40.6948,0,2,'NY79th Ave10003|NY79th Ave10003+NYCypress Ave+10003'
-73.8982,40.7253,9,9,'NYPerry Ave10003'
-73.8982,40.7542,28,109,'NYState Hwy 25 Alt10002+NY68th St+10002|NYNorthern Blvd10002+NY68th St+10002|NY68th St10003'
-73.8982,40.8998,0,4,'NYPost Rd10003|NYPost Rd10003+NYW 253rd St+10003'
-73.8982,40.8568,0,11,'NYE 183rd St10003+NYValentine Ave+10003'
-73.8982,40.7189,0,2,'NY65th St10003|NY65th St10003+NY60th Ave+10003|NY65th St10003+NY66th St+10003|NY60th Ave10003|NY60th Ave10003+NY66th St+10003|NY66th St10003'
-73.8981,40.8591,0,5,'NYE 184th St10003+NYRyer Ave+10003'
-73.8981,40.8239,0,1,'NYE 165th St10003|NYE 165th St10003+NYHall Pl+10003|NYHall Pl10003'
-73.8981,40.7433,1,57,'NY66th St10003+NYWoodside Ave+10003|NY66th St10003+NYBurrough Pl+10003|NYWoodside Ave10003+NYBurrough Pl+10003|NYBurrough Pl10003'
-73.8981,40.7235,0,19,'NY58th Ave10003+NY66th St+10003|NY66th St10003'
-73.8981,40.9118,0,1,'NYSpencer Pl10003|NYSpencer Pl10003+NYSpencer Ave+10003|NYSpencer Pl10003+NYLeighton Ave+10003|NYSpencer Pl10003+NYW 263rd St+10003|NYSpencer Ave10003|NYSpencer Ave10003+NYLeighton Ave+10003|NYSpencer Ave10003+NYW 263rd St+10003|NYLeighton Ave10003|NYLeighton Ave10003+NYW 263rd St+10003|NYW 263rd St10003'
-73.8981,40.7461,12,84,'NY67th St10003|NY67th St10003+NYRoosevelt Ave+10003'
-73.8981,40.8130,0,4,'NYLeggett Ave10003+NYBruckner Expy+10003|NYLeggett Ave10003+NYI 278+10003'
-73.8981,40.8523,3,4,'NYUS Hwy 110002+NYE 180th St+10002|NYWebster Ave10002+NYE 180th St+10002|NYE 180th St10003'
-73.8981,40.7706,1,31,'NY21st Ave10003+NY49th St+10003'
-73.8981,40.8337,1,3,'NYE 170th St10003+NYCrotona Ave+10003'
-73.8981,40.8346,1,3,'NYCrotona Park S10003+NYCrotona Ave+10003|NYCrotona Ave10003'
-73.8981,40.8502,0,1,'NYPark Ave10003+NYE 179th St+10003|NYE 179th St10003'
-73.8981,40.8553,0,4,'NYTiebout Ave10003+NYE 182nd St+10003|NYE 182nd St10003'
-73.8981,40.7739,0,8,'NY46th St10003+NY20th Ave+10003'
-73.8981,40.9202,0,1,'NYHamilton Ave10003|NYHamilton Ave10003+NYPost St+10003'
-73.8981,40.6729,1,2,'NYGeorgia Ave10003+NYGlenmore Ave+10003'
-73.8981,40.6992,0,16,'NYSummerfield St10003+NYForest Ave+10003'
-73.8981,40.8785,0,6,'NYHeath Ave10003|NYHeath Ave10003+NYSedgwick Ave+10003'
-73.8981,40.7681,5,37,'NY71st St10003+NYDitmars Blvd+10003'
-73.8981,40.8470,1,8,'NYWashington Ave10003+NYE Tremont Ave+10003'
-73.8981,40.6387,0,1,'NYHolmes Ln10003|NYHolmes Ln10003+NYE 95th St+10003'
-73.8980,40.8628,1,8,'NYE 190th St10003|NYE 190th St10003+NYCreston Ave+10003'
-73.8980,40.8327,1,7,'NYBoston Rd10003+NYJefferson Pl+10003|NYBoston Rd10003+NYCrotona Ave+10003|NYJefferson Pl10003|NYJefferson Pl10003+NYCrotona Ave+10003|NYCrotona Ave10003'
-73.8980,40.7084,1,58,'NYPalmetto St10003+NYFresh Pond Rd+10003'
-73.8980,40.9083,0,2,'NYHuxley Ave10003+NYWhalen Ave+10003|NYWhalen Ave10003'
-73.8980,40.7062,0,16,'NYStier Pl10003|NYStier Pl10003+NYPutnam Ave+10003'
-73.8980,40.6946,0,2,'NY79th Ave10003|NY79th Ave10003+NYCypress Ave+10003'
-73.8980,40.7005,3,11,'NYNorman St10003'
-73.8980,40.7773,0,1,'NY19th Ave10003+NY42nd St+10003'
-73.8980,40.8667,0,12,'NYE 193rd St10003|NYE 193rd St10003+NYJerome Ave+10003'
-73.8980,40.8840,1,45,'NYBailey Ave10003+NYW 238th St+10003'
-73.8980,40.6575,0,2,'NYSnediker Ave10003+NYLinden Blvd+10003'
-73.8980,40.9154,0,1,'NYBerkeley Ave10003'
-73.8980,40.8130,0,2,'NYLeggett Ave10003+NYBruckner Blvd+10003'
-73.8980,40.6779,1,0,'NYJamaica Ave10003+NYMarginal St W+10003|NYJamaica Ave10003+NYW Marginal St+10003|NYMarginal St W10003|NYMarginal St W10003+NYW Marginal St+10003|NYW Marginal St10003'
-73.8979,40.6426,0,5,'NYAve J10003+NYE 98th St+10003'
-73.8979,40.8826,1,35,'NYW 238th St10003|NYW 238th St10003+NYFort Independence St+10003|NYW 238th St10003+NYW 238th St+10003|NYW 238th St10003+NYOrloff Ave+10003|NYFort Independence St10003|NYFort Independence St10003+NYW 238th St+10003|NYFort Independence St10003+NYOrloff Ave+10003|NYOrloff Ave10003'
-73.8979,40.8285,0,4,'NYProspect Ave10003+NYE 168th St+10003|NYE 168th St10003'
-73.8979,40.6505,0,6,'NYE 105th St10003+NYFarragut Rd+10003'
-73.8979,40.7303,0,30,'NY67th St10003'
-73.8979,40.7325,0,29,'NY67th St10003'
-73.8979,40.6783,0,3,'NYW Marginal St10003|NYW Marginal St10003+NYMarginal St W+10003|NYW Marginal St10003+NYW Marginal St+10003|NYW Marginal St10003+NYBushwick Ave+10003|NYMarginal St W10003|NYMarginal St W10003+NYW Marginal St+10003|NYMarginal St W10003+NYMarginal St W+10003|NYMarginal St W10003+NYBushwick Ave+10003|NYBushwick Ave10003'
-73.8979,40.6285,1,7,'NYE 86th St10003|NYE 86th St10003+NYSeaview Ave+10003'
-73.8979,40.7485,1,29,'NY37th Ave10003+NY65th St+10003'
-73.8979,40.8927,0,1,'NYPost Rd10003'
-73.8979,40.7564,5,53,'NY32nd Ave10003+NY69th St+10003'
-73.8979,40.7672,16,41,'NY71st St10003|NY71st St10003+NYAstoria Blvd N+10003'
-73.8979,40.7806,1,1,'NYSteinway Pl10003|NYSteinway Pl10003+NYBerrian Blvd+10003|NYBerrian Blvd10003'
-73.8979,40.8957,1,79,'NYPost Rd10003+NYW 251st St+10003|NYPost Rd10003+NYFieldston Ter+10003|NYW 251st St10003|NYW 251st St10003+NYFieldston Ter+10003|NYFieldston Ter10003'
-73.8979,40.7211,0,8,'NY58th Rd10003|NY58th Rd10003+NY66th St+10003|NY66th St10003'
-73.8979,40.8924,0,38,'NYW 246th St10003+NYPost Rd+10003'
-73.8979,40.8195,0,1,'NYDawson St10003+NYRogers Pl+10003|NYRogers Pl10003'
-73.8979,40.9011,0,4,'NYW 254th St10003+NYPost Rd+10003|NYPost Rd10003'
-73.8979,40.7205,0,2,'NY66th St10003|NY66th St10003+NY59th Ave+10003|NY59th Ave10003'
-73.8979,40.8216,0,8,'NYRogers Pl10003+NYWestchester Ave+10003'
-73.8979,40.8799,0,40,'NYGiles Pl10003+NYCannon Pl+10003|NYCannon Pl10003'
-73.8978,40.8245,0,8,'NYHall Pl10003|NYHall Pl10003+NYRogers Pl+10003|NYHall Pl10003+NYHall Pl+10003|NYRogers Pl10003|NYRogers Pl10003+NYHall Pl+10003'
-73.8978,40.8905,11,39,'NYManhattan College Pkwy10003|NYManhattan College Pkwy10003+NYUS Rte 9+10003|NYManhattan College Pkwy10003+NYBroadway+10003'
-73.8978,40.7420,0,8,'NY43rd Ave10003'
-73.8978,40.6481,1,5,'NYE 103rd St10003+NYGlenwood Rd+10003'
-73.8978,40.7352,0,8,'NY67th St10003+NYMaurice Ave+10003'
-73.8978,40.7162,1,11,'NYEliot Ave10003+NY65th St+10003|NY65th St10003'
-73.8978,40.6399,0,1,'NYE 96th St10003|NYE 96th St10003+NYAve K+10003'
-73.8978,40.9415,0,1,'NYWood Pl10003'
-73.8978,40.8709,0,1,'NYGoulden Ave10003|NYGoulden Ave10003+NYStrong St+10003|NYStrong St10003'
-73.8978,40.8172,1,15,'NYLongwood Ave10003+NYBeck St+10003'
-73.8978,40.7445,2,48,'NY67th St10003+NY41st Ave+10003|NY41st Ave10003'
-73.8978,40.7058,0,4,'NYStier Pl10003'
-73.8978,40.7444,0,29,'NY66th St10003|NY66th St10003+NY67th St+10003|NY66th St10003+NYBurrough Pl+10003|NY67th St10003+NYBurrough Pl+10003|NYBurrough Pl10003'
-73.8978,40.8500,0,11,'NYPark Ave10003+NYE 179th St+10003|NYE 179th St10003'
-73.8978,40.9093,0,2,'NYHuxley Ave10003+NYForster Pl+10003|NYForster Pl10003'
-73.8977,40.7289,2,43,'NY67th St10003|NY67th St10003+NY54th Ave+10003'
-73.8977,40.8613,0,11,'NYGrand Concourse10003+NYE 188th St+10003'
-73.8977,40.7504,0,9,'NY35th Ave10003+NY65th St+10003'
-73.8977,40.8365,1,1,'NYClaremont Pkwy10003+NYCrotona Ave+10003'
-73.8977,40.7610,16,48,'NYBoody St10003+NY70th St+10003|NY70th St10003|NY70th St10003+NY68th St+10003'
-73.8977,40.8602,1,0,'NYE 187th St10003+NYRyer Ave+10003|NYRyer Ave10003'
-73.8977,40.8456,0,10,'NYE 176th St10003+NYBathgate Ave+10003'
-73.8977,40.7524,16,17,'NY34th Ave10003+NYI 278+10003'
-73.8977,40.9125,0,4,'NYFanshaw Ave10003'
-73.8977,40.9096,1,2,'NYHuxley Ave10003+NYW 261st St+10003'
-73.8977,40.7126,0,8,'NYAdmiral Ave10003|NYAdmiral Ave10003+NYMetropolitan Ave+10003'
-73.8977,40.7391,0,83,'NY47th Ave10003|NY47th Ave10003+NY67th St+10003'
-73.8977,40.7420,1,27,'NY67th St10003'
-73.8977,40.9128,0,2,'NYFanshaw Ave10003'
-73.8977,40.8551,0,1,'NYE 182nd St10003'
-73.8976,40.7034,0,45,'NYCatalpa Ave10003+NY60th Ln+10003'
-73.8976,40.8149,0,9,'NYE 156th St10003+NYSouthern Blvd+10003|NYSouthern Blvd10003+NYThurman Munson Way+10003'
-73.8976,40.9175,0,2,'NYElliott Ave10003|NYElliott Ave10003+NYRadford St+10003'
-73.8976,40.7484,8,12,'NY68th St10003'
-73.8976,40.6316,0,2,'NYAvenue N10003+NYE 89th St+10003'
-73.8976,40.9103,0,3,'NYHuxley Ave10003|NYHuxley Ave10003+NYW 262nd St+10003'
-73.8976,40.6456,0,3,'NYE 101st St10003+NYFlatlands Ave+10003'
-73.8976,40.7135,0,13,'NY62nd Rd10003|NY62nd Rd10003+NY64th St+10003'
-73.8976,40.8438,2,7,'NY3rd Ave10003+NYCross Bronx Exwy Svc Rd+10003'
-73.8976,40.6535,0,1,'NYStanley Ave10003|NYStanley Ave10003+NYVan Sinderen Ave+10003|NYStanley Ave10003+NYFoster Ave+10003|NYStanley Ave10003+NYE 108th St+10003|NYVan Sinderen Ave10003|NYVan Sinderen Ave10003+NYFoster Ave+10003|NYVan Sinderen Ave10003+NYE 108th St+10003|NYFoster Ave10003|NYFoster Ave10003+NYE 108th St+10003|NYE 108th St10003'
-73.8976,40.8531,1,3,'NYUS Hwy 110002+NYE 181st St+10002|NYWebster Ave10002+NYE 181st St+10002|NYE 181st St10003'
-73.8976,40.6372,0,2,'NYE 94th St10003+NYAve L+10003'
-73.8976,40.7493,28,96,'NYBroadway10003+NY65th St+10003'
-73.8976,40.7108,0,9,'NYGrove St10003|NYGrove St10003+NYTraffic Ave+10003'
-73.8976,40.7405,8,17,'NY67th St10003|NY67th St10003+NYState Hwy 25+10003|NY67th St10003+NYQueens Blvd+10003'
-73.8976,40.8294,0,4,'NYE 169th St10003+NYProspect Ave+10003'
-73.8976,40.6445,0,9,'NYTrucklemans Ln10003|NYTrucklemans Ln10003+NYE 100th St+10003'
-73.8976,40.6965,1,3,'NYSeneca Ave10003|NYSeneca Ave10003+NYSt Felix Ave+10003'
-73.8976,40.7078,2,49,'NYFresh Pond Rd10003+NYWoodbine St+10003'
-73.8976,40.9025,1,16,'NYW 255th St10003|NYW 255th St10003+NYPost Rd+10003'
-73.8976,40.9075,0,7,'NYPost Rd10003'
-73.8975,40.7431,1,33,'NY67th St10003|NY67th St10003+NYWoodside Ave+10003'
-73.8975,40.7164,0,14,'NYEliot Ave10003+NYMount Olivet Cres+10003'
-73.8975,40.7543,68,136,'NY69th St10003+NYNorthern Blvd+10003'
-73.8975,40.8921,1,51,'NYW 246th St10003|NYW 246th St10003+NYUS Rte 9+10003|NYW 246th St10003+NYBroadway+10003'
-73.8975,40.8637,0,4,'NYE 191st St10003|NYE 191st St10003+NYCreston Ave+10003'
-73.8975,40.8421,0,2,'NYE 174th St10003|NYE 174th St10003+NYFulton Ave+10003'
-73.8975,40.6743,1,4,'NYSheffield Ave10003+NYLiberty Ave+10003'
-73.8975,40.7476,0,42,'NY68th St10003'
-73.8975,40.8441,0,2,'NY3rd Ave10003+NYE 175th St+10003|NY3rd Ave10003+NYCross Bronx Expy+10003|NYE 175th St10003|NYE 175th St10003+NYCross Bronx Expy+10003'
-73.8975,40.6782,1,1,'NYJamaica Ave10003+NYPennsylvania Ave+10003|NYPennsylvania Ave10003'
-73.8975,40.6338,0,1,'NYSchenck Pl10003|NYSchenck Pl10003+NYE 91st St+10003'
-73.8974,40.7421,0,36,'NYI 27810001+NY43rd Ave+10001|NY43rd Ave10003'
-73.8974,40.8947,1,33,'NYPost Rd10003'
-73.8974,40.7701,0,22,'NY72nd St10003|NY72nd St10003+NYHazen St+10003|NYHazen St10003+NY21st Ave+10003'
-73.8974,40.9043,0,11,'NYFaraday Ave10003'
-73.8974,40.8675,2,13,'NYW Kingsbridge Rd10003|NYW Kingsbridge Rd10003+NYE Kingsbridge Rd+10003|NYW Kingsbridge Rd10003+NYJerome Ave+10003|NYE Kingsbridge Rd10003|NYE Kingsbridge Rd10003+NYJerome Ave+10003'
-73.8974,40.8861,0,7,'NYVan Cortlandt Park S10003+NYPutnam Ave W+10003|NYPutnam Ave W10003'
-73.8974,40.8958,0,11,'NYOld Albany Post Rd10003|NYOld Albany Post Rd10003+NYW 251st St+10003'
-73.8974,40.6941,0,4,'NYCooper Ave10003+NYCypress Ave+10003'
-73.8974,40.9089,0,3,'NYForster Pl10003'
-73.8974,40.9117,0,1,'NYSpencer Ter10003|NYSpencer Ter10003+NYSpencer Pl+10003|NYSpencer Pl10003'
-73.8974,40.7734,2,50,'NY20th Ave10003+NY47th St+10003'
-73.8974,40.8588,0,12,'NYValentine Ave10003+NYE 184th St+10003'
-73.8974,40.6788,0,3,'NYInterborough Pkwy10002'
-73.8973,40.8483,0,3,'NYE 178th St10003+NYWashington Ave+10003'
-73.8973,40.8239,0,1,'NYE 165th St10003'
-73.8973,40.8714,1,0,'NYW 197th St10003|NYW 197th St10003+NYGoulden Ave+10003'
-73.8973,40.8241,0,2,'NYRogers Pl10003+NYHall Pl+10003|NYHall Pl10003|NYHall Pl10003+NYHall Pl+10003'
-73.8973,40.8565,0,4,'NYE 183rd St10003|NYE 183rd St10003+NYTiebout Ave+10003'
-73.8973,40.7431,1,21,'NY67th St10003'
-73.8973,40.7504,22,74,'NY35th Ave10003+NYI 278+10003'
-73.8973,40.7768,0,4,'NY19th Ave10003+NY43rd St+10003'
-73.8973,40.8824,0,17,'NYW 238th St10003|NYW 238th St10003+NYW 238th St+10003|NYW 238th St10003+NYCannon Pl+10003|NYCannon Pl10003+NYW 238th St+10003'
-73.8973,40.6988,0,3,'NYDecatur St10003+NYForest Ave+10003'
-73.8972,40.7321,1,20,'NY68th St10003|NY68th St10003+NY52nd Dr+10003'
-73.8972,40.9082,0,5,'NYWhalen Ave10003'
-73.8972,40.7071,6,75,'NYMadison St10003+NYFresh Pond Rd+10003'
-73.8972,40.6772,1,10,'NYFulton St10003+NYPennsylvania Ave+10003'
-73.8972,40.7462,21,113,'NY68th St10003|NY68th St10003+NYRoosevelt Ave+10003'
-73.8972,40.7420,3,17,'NYBklyn Qns Expressway Entrance Naval Base10003+NY43rd Ave+10003'
-73.8972,40.6431,1,8,'NYAve J10003+NYE 99th St+10003'
-73.8972,40.6290,0,2,'NYE 87th St10003|NYE 87th St10003+NYSeaview Ave+10003'
-73.8972,40.7620,5,7,'NYBrooklyn Queens Expy10002+NY25th Ave+10002|NY25th Ave10003'
-73.8972,40.8304,0,10,'NYFreeman St10003+NYProspect Ave+10003'
-73.8972,40.6730,4,31,'NYSheffield Ave10003+NYGlenmore Ave+10003'
-73.8972,40.7525,17,66,'NY69th St10003+NY34th Ave+10003'
-73.8971,40.7423,3,7,'NYBklyn Qns Expressway Entrance Naval Base10003|NYBklyn Qns Expressway Entrance Naval Base10003+NYI 278+10003'
-73.8971,40.7682,4,32,'NY72nd St10003+NYDitmars Blvd+10003'
-73.8971,40.8997,1,10,'NYUS Rte 910002+NYW 253rd St+10002|NYBroadway10002+NYW 253rd St+10002|NYW 253rd St10003'
-73.8971,40.7146,0,20,'NY62nd Ave10003+NY65th St+10003'
-73.8971,40.7802,0,6,'NYSteinway St10003+NYBerrian Blvd+10003'
-73.8971,40.7126,1,15,'NY64th St10003|NY64th St10003+NYMetropolitan Ave+10003'
-73.8971,40.8552,0,1,'NYE 182nd St10003|NYE 182nd St10003+NYFolin St+10003|NYFolin St10003'
-73.8971,40.8986,0,22,'NYUS Rte 910002+NYLakeview Pl+10002|NYBroadway10002+NYLakeview Pl+10002|NYLakeview Pl10003'
-73.8971,40.6485,0,3,'NYGlenwood Rd10003+NYE 104th St+10003|NYE 104th St10003'
-73.8971,40.8520,0,1,'NYPark Ave10003+NYE 180th St+10003'
-73.8971,40.8625,5,8,'NYE Fordham Rd10003+NYGrand Concourse+10003'
-73.8970,40.6577,0,3,'NYHinsdale St10003+NYLinden Blvd+10003'
-73.8970,40.8168,1,22,'NYLongwood Ave10003+NYFox St+10003'
-73.8970,40.9050,1,17,'NYDavid Sheridan Plz10003'
-73.8970,40.9493,0,1,'NYGlenwood Ave10003+NYWoodworth Ave+10003|NYWoodworth Ave10003'
-73.8970,40.8344,0,3,'NYCrotona Park S10003'
-73.8970,40.6404,0,4,'NYAve K10003+NYRockaway Pkwy+10003'
-73.8970,40.8979,0,57,'NYW 252nd St10003|NYW 252nd St10003+NYUS Rte 9+10003|NYW 252nd St10003+NYBroadway+10003'
-73.8970,40.6798,1,1,'NYJackie Robinson Pkwy10002|NYJackie Robinson Pkwy10002+NYHighland Blvd+10002'
-73.8970,40.6611,1,18,'NYWilliams Ave10003+NYNewport St+10003'
-73.8970,40.8343,0,1,'NYCrotona Ave10003|NYCrotona Ave10003+NYCrotona Park E+10003|NYCrotona Ave10003+NYReverend Kenneth L Folkes Way+10003|NYCrotona Ave10003+NYProspect Ave+10003|NYCrotona Park E10003|NYCrotona Park E10003+NYReverend Kenneth L Folkes Way+10003|NYCrotona Park E10003+NYProspect Ave+10003|NYReverend Kenneth L Folkes Way10003|NYProspect Ave10003'
-73.8970,40.6348,0,2,'NYCanarsie Rd10003|NYCanarsie Rd10003+NYAve M+10003|NYAve M10003+NYE 92nd St+10003'
-73.8970,40.6919,1,1,'NYClover Pl10003'
-73.8970,40.8205,0,28,'NYDawson St10003'
-73.8969,40.7621,15,20,'NYBoody St10003|NYBoody St10003+NY25th Ave+10003|NYBoody St10003+NY71st St+10003|NY68th St10003+NY25th Ave+10003|NY68th St10003+NY71st St+10003|NY25th Ave10003+NY71st St+10003|NY71st St10003'
-73.8969,40.7065,9,23,'NYPutnam Ave10003|NYPutnam Ave10003+NYFresh Pond Rd+10003'
-73.8969,40.8830,0,10,'NYCannon Pl10003|NYCannon Pl10003+NYOrloff Ave+10003'
-73.8969,40.9156,0,1,'NYValentine Ln10003|NYValentine Ln10003+NYS Broadway+10003'
-73.8969,40.7671,10,172,'NY72nd St10003|NY72nd St10003+NYAstoria Blvd N+10003'
-73.8969,40.8663,0,3,'NYE 193rd St10003+NYMorris Ave+10003|NYMorris Ave10003'
-73.8969,40.7351,0,20,'NY68th St10003|NY68th St10003+NYMaurice Ave+10003'
-73.8969,40.6938,2,4,'NYCypress Ave10003+NYCabot Rd+10003|NYCabot Rd10003'
-73.8969,40.6461,0,4,'NYFlatlands Ave10003+NYE 102nd St+10003'
-73.8969,40.7446,2,20,'NY41st Ave10003|NY41st Ave10003+NY68th St+10003'
-73.8969,40.8310,1,5,'NYRitter Pl10003|NYRitter Pl10003+NYProspect Ave+10003'
-73.8969,40.7490,14,28,'NYBroadway10003+NY69th St+10003'
-73.8969,40.9145,0,4,'NYBerkeley Ave10003|NYBerkeley Ave10003+NYS Broadway+10003'
-73.8969,40.7259,10,15,'NYPerry Ave10003|NYPerry Ave10003+NYBorden Ave+10003'
-73.8969,40.6798,0,2,'NYE Marginal St10003|NYE Marginal St10003+NYHighland Blvd+10003|NYE Marginal St10003+NYMarginal St E+10003|NYHighland Blvd10003+NYMarginal St E+10003|NYMarginal St E10003'
-73.8969,40.9162,1,2,'NYLawrence St10003|NYLawrence St10003+NYS Broadway+10003'
-73.8969,40.8221,1,7,'NYWestchester Ave10003+NYIntervale Ave+10003'
-73.8969,40.9010,0,13,'NYUS Rte 910002+NYW 254th St+10002|NYBroadway10002+NYW 254th St+10002|NYW 254th St10003'
-73.8969,40.7493,111,79,'NY69th St10003'
-73.8969,40.7445,0,32,'NY41st Ave10003|NY41st Ave10003+NY68th St+10003'
-73.8969,40.6377,0,5,'NYAve L10003+NYE 95th St+10003'
-73.8969,40.7362,0,25,'NY68th St10003+NYGarfield Ave+10003'
-73.8969,40.8238,0,10,'NYHall Pl10003'
-73.8969,40.7290,3,29,'NY68th St10003|NY68th St10003+NY54th Ave+10003'
-73.8969,40.7404,19,63,'NY68th St10003|NY68th St10003+NYState Hwy 25+10003|NY68th St10003+NYBklyn Qns Expressway Entrance Naval Base+10003|NY68th St10003+NYQueens Blvd+10003|NYState Hwy 2510002+NYBklyn Qns Expressway Entrance Naval Base+10002|NYBklyn Qns Expressway Entrance Naval Base10003|NYBklyn Qns Expressway Entrance Naval Base10003+NYQueens Blvd+10003'
-73.8969,40.8145,0,2,'NYE 156th St10003+NYBruckner Blvd+10003|NYThurman Munson Way10003+NYBruckner Blvd+10003'
-73.8968,40.8600,0,6,'NYE 187th St10003+NYValentine Ave+10003'
-73.8968,40.7369,3,43,'NY68th St10003|NY68th St10003+NY50th Ave+10003'
-73.8968,40.8454,5,6,'NY3rd Ave10003+NYE 176th St+10003|NYE 176th St10003'
-73.8968,40.8647,0,5,'NYE 192nd St10003|NYE 192nd St10003+NYCreston Ave+10003'
-73.8968,40.8264,1,16,'NYHall Pl10003|NYHall Pl10003+NYHamilton Pl+10003|NYHall Pl10003+NYIntervale Ave+10003|NYHamilton Pl10003|NYHamilton Pl10003+NYIntervale Ave+10003|NYIntervale Ave10003|NYIntervale Ave10003+NYIntervale Ave+10003'
-73.8968,40.9167,1,2,'NYSaint Andrews Pl10003|NYSaint Andrews Pl10003+NYS Broadway+10003'
-73.8968,40.6538,6,6,'NYStanley Ave10003+NYSnediker Ave+10003|NYSnediker Ave10003'
-73.8968,40.6804,0,1,'NYJackie Robinson Pkwy10002+NYHighland Blvd+10002'
-73.8968,40.6968,0,2,'NY60th St10003|NY60th St10003+NYSt Felix Ave+10003'
-73.8968,40.8333,1,3,'NYBoston Rd10003+NYE 170th St+10003'
-73.8967,40.9128,0,1,'NYFanshaw Ave10003|NYFanshaw Ave10003+NYS Broadway+10003'
-73.8967,40.8519,0,1,'NYPark Ave10003+NYE 180th St+10003'
-73.8967,40.7006,2,12,'NYSummerfield St10003'
-73.8967,40.8958,1,60,'NYUS Rte 910002+NYW 251st St+10002|NYBroadway10002+NYW 251st St+10002|NYW 251st St10003'
-73.8967,40.8304,0,3,'NYFreeman St10003+NYLyman Pl+10003|NYLyman Pl10003'
-73.8967,40.8320,1,7,'NYJennings St10003+NYProspect Ave+10003'
-73.8967,40.7804,0,1,'NYSteinway St10003'
-73.8967,40.9118,0,1,'NYCaryl Ave10003|NYCaryl Ave10003+NYS Broadway+10003'
-73.8967,40.7707,1,7,'NY73rd St10003|NY73rd St10003+NYHazen St+10003'
-73.8966,40.6561,0,2,'NYHinsdale St10003+NYDewitt Ave+10003'
-73.8966,40.7014,0,29,'NY60th Ln10003+NY71st Ave+10003'
-73.8966,40.7059,6,36,'NY67th Ave10003|NY67th Ave10003+NYFresh Pond Rd+10003'
-73.8966,40.7729,0,26,'NY48th St10003+NY20th Ave+10003'
-73.8966,40.8828,0,6,'NYCannon Pl10003|NYCannon Pl10003+NYCannon Pl+10003'
-73.8966,40.9113,0,6,'NYUS Rte 910002|NYUS Rte 910002+NYS Broadway+10002|NYBroadway10002|NYBroadway10002+NYS Broadway+10002|NYS Broadway10002'
-73.8966,40.9102,0,9,'NYUS Rte 910002+NYW 262nd St+10002|NYBroadway10002+NYW 262nd St+10002|NYW 262nd St10003'
-73.8966,40.8437,1,2,'NYFulton Ave Exd10003|NYFulton Ave Exd10003+NYCross Bronx Exwy Svc Rd+10003|NYFulton Ave Exd10003+NYCrotona Park N+10003|NYFulton Ave Exd10003+NYFulton Ave+10003|NYCross Bronx Exwy Svc Rd10006|NYCross Bronx Exwy Svc Rd10006+NYCrotona Park N+10006|NYCross Bronx Exwy Svc Rd10006+NYFulton Ave+10006|NYCrotona Park N10003|NYCrotona Park N10003+NYFulton Ave+10003|NYFulton Ave10003'
-73.8966,40.8496,0,2,'NYWashington Ave10003+NYE 179th St+10003'
-73.8966,40.8850,0,25,'NYCharles V Halley Pl10003|NYCharles V Halley Pl10003+NYBailey Ave+10003'
-73.8966,40.9096,1,19,'NYUS Rte 910002+NYW 261st St+10002|NYBroadway10002+NYW 261st St+10002|NYW 261st St10003'
-73.8966,40.7278,1,16,'NYHull Ave10003'
-73.8966,40.7476,14,42,'NY37th Rd10003+NY69th St+10003'
-73.8966,40.7058,3,30,'NY67th Ave10003|NY67th Ave10003+NYFresh Pond Rd+10003'
-73.8966,40.8813,0,22,'NYGiles Pl10003|NYGiles Pl10003+NYSedgwick Ave+10003'
-73.8966,40.7762,3,6,'NY19th Ave10003+NY45th St+10003'
-73.8966,40.8686,2,1,'NYW 195th St10003|NYW 195th St10003+NYJerome Ave+10003'
-73.8965,40.9075,0,27,'NYUS Rte 910002+NYW 260th St+10002|NYBroadway10002+NYW 260th St+10002|NYW 260th St10003'
-73.8965,40.7270,0,14,'NY56th Rd10003'
-73.8965,40.7429,1,58,'NYBrooklyn Queens Expy10001+NYWoodside Ave+10001|NYWoodside Ave10003+NY68th St+10003|NY68th St10003|NY68th St10003+NYI 278+10003'
-73.8965,40.6786,0,1,'NYJamaica Ave10003+NYE Marginal St+10003|NYJamaica Ave10003+NYNew Jersey Ave+10003|NYJamaica Ave10003+NYMarginal St E+10003|NYE Marginal St10003|NYE Marginal St10003+NYNew Jersey Ave+10003|NYE Marginal St10003+NYMarginal St E+10003|NYNew Jersey Ave10003|NYNew Jersey Ave10003+NYMarginal St E+10003|NYMarginal St E10003'
-73.8965,40.8143,1,2,'NYBruckner Expy10001+NYE 156th St+10001|NYBruckner Expy10001+NYThurman Munson Way+10001|NYE 156th St10003+NYI 278+10003|NYThurman Munson Way10003+NYI 278+10003'
-73.8965,40.8558,0,2,'NYFord St10003'
-73.8965,40.7283,1,9,'NYJay Ave10003+NY68th St+10003|NY68th St10003'
-73.8965,40.7544,42,144,'NY70th St10003+NYNorthern Blvd+10003'
-73.8965,40.9349,0,1,'NYOverlook Ter10003|NYOverlook Ter10003+NYLocust Hill Ave+10003'
-73.8965,40.7261,1,1,'NYPerry Ave10003|NYPerry Ave10003+NY68th St+10003'
-73.8965,40.7259,1,2,'NY68th St10003|NY68th St10003+NYBorden Ave+10003'
-73.8965,40.7351,1,4,'NYMaurice Ave10003|NYMaurice Ave10003+NYMaurice Ave+10003'
-73.8965,40.6744,7,12,'NYPennsylvania Ave10003+NYLiberty Ave+10003'
-73.8965,40.8480,0,4,'NYE 178th St10003+NYBathgate Ave+10003'
-73.8965,40.6824,1,2,'NYJackie Robinson Pkwy10002|NYJackie Robinson Pkwy10002+NYJackie Robinson Pkwy+10002|NYJackie Robinson Pkwy10002+NYInterborough Pkwy+10002|NYInterborough Pkwy10002|NYInterborough Pkwy10002+NYJackie Robinson Pkwy+10002|NYInterborough Pkwy10002+NYInterborough Pkwy+10002'
-73.8965,40.9063,0,23,'NYUS Rte 910002+NYW 259th St+10002|NYBroadway10002+NYW 259th St+10002|NYW 259th St10003'
-73.8965,40.8438,0,1,'NYFulton Ave Exd10003'
-73.8965,40.6435,1,5,'NYAve J10003+NYE 100th St+10003'
-73.8965,40.7395,5,38,'NYLaurel Hill Blvd10003'
-73.8965,40.8196,0,5,'NYKelly St10003+NYIntervale Ave+10003'
-73.8965,40.6294,0,4,'NYE 88th St10003|NYE 88th St10003+NYSeaview Ave+10003'
-73.8965,40.6351,0,4,'NYAve M10003+NYE 93rd St+10003|NYE 93rd St10003'
-73.8965,40.8330,4,12,'NYE 170th St10003+NYReverend Kenneth L Folkes Way+10003|NYE 170th St10003+NYProspect Ave+10003|NYReverend Kenneth L Folkes Way10003'
-73.8965,40.6345,0,1,'NYCanarsie Rd10003+NYSchenck Pl+10003|NYSchenck Pl10003|NYSchenck Pl10003+NYE 92nd St+10003'
-73.8965,40.6945,0,3,'NYCooper Ave10003+NY59th St+10003|NY59th St10003'
-73.8965,40.9289,0,1,'NYVark St10003|NYVark St10003+NYPark Hill Ave+10003|NYPark Hill Ave10003'
-73.8965,40.7103,0,6,'NY64th St10003|NY64th St10003+NYLinden St+10003|NY64th St10003+NYTraffic Ave+10003|NYLinden St10003|NYLinden St10003+NYTraffic Ave+10003'
-73.8965,40.7470,12,58,'NY38th Ave10003+NY69th St+10003'
-73.8965,40.6628,1,36,'NYRiverdale Ave10003+NYAlabama Ave+10003'
-73.8964,40.6591,0,4,'NYWilliams Ave10003+NYLouisiana Ave+10003|NYLouisiana Ave10003'
-73.8964,40.8549,0,9,'NYUS Hwy 110002+NYE 182nd St+10002|NYWebster Ave10002+NYE 182nd St+10002'
-73.8964,40.9051,1,2,'NYDavid Sheridan Plz10003|NYDavid Sheridan Plz10003+NYUS Rte 9+10003|NYDavid Sheridan Plz10003+NYBroadway+10003'
-73.8964,40.8610,0,17,'NYValentine Ave10003+NYE 188th St+10003'
-73.8964,40.8142,0,5,'NYBruckner Blvd10003+NYE 156th St+10003|NYBruckner Blvd10003+NYThurman Munson Way+10003'
-73.8964,40.9045,1,7,'NYUS Rte 910002+NYMosholu Ave+10002|NYBroadway10002+NYMosholu Ave+10002|NYMosholu Ave10003'
-73.8964,40.9030,3,20,'NYUS Rte 910002+NYW 256th St+10002|NYBroadway10002+NYW 256th St+10002|NYW 256th St10003'
-73.8964,40.8288,0,9,'NYRev James A Polite Ave10003+NYE 169th St+10003|NYRev James A Polite Ave10003+NYLyman Pl+10003|NYE 169th St10003+NYLyman Pl+10003|NYLyman Pl10003'
-73.8964,40.8818,0,11,'NYW 238th St10003|NYW 238th St10003+NYSedgwick Ave+10003'
-73.8964,40.7797,1,2,'NYBerrian Blvd10003+NY41st St+10003|NY41st St10003'
-73.8964,40.6398,0,3,'NYHolmes Ln10003|NYHolmes Ln10003+NYRockaway Pkwy+10003'
-73.8964,40.8123,0,3,'NYLeggett Ave10003+NYGarrison Ave+10003|NYGarrison Ave10003'
-73.8963,40.8859,1,13,'NYVan Cortlandt Park S10003+NYMajor Deegan Expy+10003|NYVan Cortlandt Park S10003+NYI 87+10003'
-73.8963,40.6490,0,5,'NYE 105th St10003+NYGlenwood Rd+10003'
-73.8963,40.7053,3,23,'NY68th Ave10003|NY68th Ave10003+NYFresh Pond Rd+10003'
-73.8963,40.7463,65,149,'NY69th St10003+NYRoosevelt Ave+10003'
-73.8963,40.8670,0,21,'NYMorris Ave10003+NYE Kingsbridge Rd+10003'
-73.8963,40.6604,0,4,'NYNew Lots Ave10003+NYMalta St+10003|NYMalta St10003'
-73.8963,40.6926,0,2,'NYClover Pl10003+NY57th St+10003'
-73.8963,40.7148,0,6,'NY62nd Ave10003|NY62nd Ave10003+NYMount Olivet Cres+10003'
-73.8963,40.7052,2,33,'NY68th Ave10003|NY68th Ave10003+NYFresh Pond Rd+10003'
-73.8963,40.7007,2,46,'NY60th Ln10003'
-73.8963,40.7582,7,99,'NY71st St10003+NY31st Ave+10003'
-73.8963,40.9273,0,1,'NYAstor Pl10003'
-73.8963,40.6816,0,5,'NYCrosby Ave10003'
-73.8962,40.9199,0,1,'NYPost St10003'
-73.8962,40.8272,0,3,'NYHamilton Pl10003+NYKelly St+10003|NYKelly St10003|NYKelly St10003+NYIntervale Ave+10003'
-73.8962,40.7125,2,6,'NY65th St10003|NY65th St10003+NYMetropolitan Ave+10003'
-73.8962,40.6774,0,3,'NYNew Jersey Ave10003+NYFulton St+10003'
-73.8962,40.8163,1,17,'NYLongwood Ave10003+NYSouthern Blvd+10003'
-73.8962,40.6343,0,2,'NYCanarsie Rd10003+NYRost Pl+10003|NYRost Pl10003|NYRost Pl10003+NYE 92nd St+10003'
-73.8962,40.7682,3,75,'NY73rd St10003+NYDitmars Blvd+10003'
-73.8962,40.8467,1,3,'NY3rd Ave10003+NYE Tremont Ave+10003'
-73.8962,40.7487,9,23,'NYBroadway10003+NYI 278+10003'
-73.8962,40.7096,0,10,'NY64th St10003+NYGates Ave+10003'
-73.8962,40.6466,0,10,'NYE 103rd St10003+NYFlatlands Ave+10003'
-73.8962,40.6579,0,2,'NYWilliams Ave10003+NYHegeman Ave+10003|NYHegeman Ave10003'
-73.8961,40.7428,4,24,'NY68th St10003'
-73.8961,40.6409,0,7,'NYAve K10003+NYE 98th St+10003'
-73.8961,40.6807,0,2,'NYHighland Blvd10003+NYVermont St+10003|NYHighland Blvd10003+NYVermont Ave+10003'
-73.8961,40.7498,6,16,'NY69th St10003|NY69th St10003+NY69th St+10003'
-73.8961,40.7007,0,18,'NYDecatur St10003'
-73.8961,40.7712,0,12,'NY74th St10003|NY74th St10003+NYHazen St+10003'
-73.8961,40.8189,0,8,'NYBeck St10003+NYIntervale Ave+10003'
-73.8961,40.7485,20,17,'NY37th Ave10003+NYBrooklyn Queens Expy+10003|NY37th Ave10003+NYI 278+10003'
-73.8961,40.6613,0,9,'NYNewport St10003+NYAlabama Ave+10003'
-73.8960,40.7255,5,14,'NYGrand Ave10003+NYI 495+10003|NYGrand Ave10003+NYQueens Midtown Expy+10003'
-73.8960,40.8564,0,9,'NYE 183rd St10003'
-73.8960,40.7251,3,11,'NYBrown Pl10003|NYBrown Pl10003+NYQueens Midtown Expy+10003|NYQueens Midtown Expy10003'
-73.8960,40.8692,0,2,'NYE 196th St10003|NYE 196th St10003+NYJerome Ave+10003'
-73.8960,40.7350,1,8,'NYCalamus Ave10003|NYCalamus Ave10003+NYMaurice Ave+10003|NYCalamus Ave10003+NY69th St+10003|NYMaurice Ave10003|NYMaurice Ave10003+NY69th St+10003'
-73.8960,40.7621,12,32,'NY25th Ave10003+NY72nd St+10003|NY72nd St10003'
-73.8960,40.7343,0,12,'NY69th St10003+NY51st Rd+10003|NY51st Rd10003'
-73.8960,40.7352,1,12,'NYMaurice Ave10003|NYMaurice Ave10003+NY51st Ave+10003|NYMaurice Ave10003+NY69th St+10003|NY51st Ave10003|NY51st Ave10003+NY69th St+10003'
-73.8960,40.6802,0,4,'NYHighland Blvd10003+NYSunnyside Ave+10003|NYHighland Blvd10003+NYVermont St+10003|NYHighland Blvd10003+NYVermont Ave+10003|NYSunnyside Ave10003|NYSunnyside Ave10003+NYVermont St+10003|NYSunnyside Ave10003+NYVermont Ave+10003|NYVermont St10003|NYVermont St10003+NYVermont St+10003|NYVermont St10003+NYVermont Ave+10003|NYVermont Ave10003'
-73.8960,40.9148,0,1,'NYRockledge Pl10003'
-73.8960,40.8556,1,3,'NYUS Hwy 110002+NYFord St+10002|NYWebster Ave10002+NYFord St+10002|NYFord St10003'
-73.8960,40.8658,0,9,'NYE 193rd St10003+NYCreston Ave+10003'
-73.8960,40.7046,2,19,'NY68th Rd10003|NY68th Rd10003+NYFresh Pond Rd+10003'
-73.8960,40.6382,0,2,'NYAve L10003+NYE 96th St+10003'
-73.8960,40.7446,10,64,'NY41st Ave10003+NY69th St+10003'
-73.8960,40.7364,6,13,'NYGarfield Ave10003+NY69th St+10003'
-73.8960,40.7291,0,7,'NYJay Ave10003+NY54th Ave+10003'
-73.8960,40.7335,2,23,'NY52nd Ave10003+NY69th St+10003'
-73.8960,40.9217,1,0,'NYMorris St10003'
-73.8960,40.7369,3,18,'NY69th St10003+NY50th Ave+10003'
-73.8960,40.7669,6,24,'NY73rd St10003|NY73rd St10003+NYAstoria Blvd N+10003'
-73.8959,40.7115,0,14,'NYAdmiral Ave10003+NY65th St+10003|NY65th St10003'
-73.8959,40.7724,4,26,'NY20th Ave10003+NY49th St+10003'
-73.8959,40.7376,2,22,'NY49th Ave10003+NY69th St+10003'
-73.8959,40.7329,1,22,'NY69th St10003+NY52nd Rd+10003|NY52nd Rd10003'
-73.8959,40.7125,0,10,'NYMetropolitan Ave10003+NY65th St+10003|NY65th St10003'
-73.8959,40.7384,5,19,'NY48th Ave10003+NY69th St+10003'
-73.8959,40.8623,1,14,'NYE Fordham Rd10003+NYValentine Ave+10003'
-73.8959,40.8210,1,26,'NYKelly St10003+NYE 163rd St+10003'
-73.8959,40.6955,0,2,'NY79th Ave10003|NY79th Ave10003+NY60th St+10003'
-73.8959,40.7494,0,1,'NY69th St10003+NY35th Rd+10003|NY35th Rd10003'
-73.8959,40.6341,0,1,'NYMatthews Pl10003|NYMatthews Pl10003+NYCanarsie Rd+10003|NYMatthews Pl10003+NYE 92nd St+10003'
-73.8959,40.7391,3,26,'NY47th Ave10003+NY69th St+10003'
-73.8959,40.8320,0,3,'NYChisholm St10003'
-73.8959,40.7089,0,17,'NY64th St10003+NYPalmetto St+10003'
-73.8959,40.7433,4,11,'NY69th St10003+NYI 278+10003'
-73.8959,40.6519,0,9,'NYFarragut Rd10003|NYFarragut Rd10003+NYE 108th St+10003'
-73.8959,40.7322,3,22,'NY69th St10003+NY52nd Dr+10003'
-73.8958,40.8239,0,6,'NYKelly St10003+NYE 165th St+10003'
-73.8958,40.7757,5,23,'NY46th St10003|NY46th St10003+NY19th Ave+10003'
-73.8958,40.7485,14,31,'NY37th Ave10003+NYBroadway+10003'
-73.8958,40.7476,4,17,'NY37th Rd10003|NY37th Rd10003+NY70th St+10003|NY70th St10003'
-73.8958,40.7714,0,10,'NYHazen St10003+NY74th St+10003|NY74th St10003'
-73.8958,40.7242,0,6,'NYBrown Pl10003+NY58th Ave+10003|NY58th Ave10003'
-73.8958,40.8260,0,9,'NYKelly St10003+NYE 167th St+10003'
-73.8958,40.7409,39,22,'NY44th Ave10003|NY44th Ave10003+NY69th St+10003'
-73.8958,40.8161,1,2,'NYLongwood Ave10003+NYLafayette Ave+10003|NYLafayette Ave10003'
-73.8958,40.7315,0,22,'NY69th St10003+NY53rd Ave+10003|NY53rd Ave10003'
-73.8958,40.7506,9,192,'NY35th Ave10003+NYLeverich St+10003|NY35th Ave10003+NY70th St+10003|NYLeverich St10003|NYLeverich St10003+NY70th St+10003|NY70th St10003'
-73.8958,40.6947,0,2,'NYCooper Ave10003+NY80th Ave+10003|NY80th Ave10003'
-73.8958,40.8597,0,7,'NYE 187th St10003+NYTiebout Ave+10003'
-73.8958,40.6985,0,15,'NY75th Ave10003+NY60th Pl+10003|NY60th Pl10003'
-73.8958,40.6440,0,7,'NYE 101st St10003+NYAve J+10003'
-73.8958,40.8642,2,14,'NYE 192nd St10003+NYGrand Concourse+10003'
-73.8958,40.7241,0,5,'NYBrown Pl10003+NY58th Ave+10003|NY58th Ave10003'
-73.8958,40.6299,0,5,'NYE 89th St10003|NYE 89th St10003+NYSeaview Ave+10003'
-73.8958,40.6356,0,3,'NYE 94th St10003+NYAve M+10003'
-73.8958,40.7311,1,27,'NY53rd Ave10003|NY53rd Ave10003+NY69th St+10003'
-73.8958,40.7710,1,4,'NY74th St10003|NY74th St10003+NY74th St+10003'
-73.8958,40.8494,0,3,'NYE 179th St10003+NYBathgate Ave+10003'
-73.8957,40.6932,0,12,'NYClover Pl10003|NYClover Pl10003+NYCypress Ave+10003'
-73.8957,40.8581,5,19,'NYE 184th St10003+NYMarion Ave+10003|NYMarion Ave10003'
-73.8957,40.7308,1,11,'NY53rd Rd10003|NY53rd Rd10003+NY69th St+10003'
-73.8957,40.7417,6,41,'NY69th St10003+NY43rd Ave+10003'
-73.8957,40.6923,0,1,'NY57th St10003'
-73.8957,40.8691,0,7,'NYParkview Ter10003|NYParkview Ter10003+NYE 196th St+10003'
-73.8957,40.6563,0,7,'NYWilliams Ave10003+NYDewitt Ave+10003'
-73.8957,40.6790,0,5,'NYJamaica Ave10003+NYVermont St+10003|NYJamaica Ave10003+NYVermont Ave+10003|NYVermont St10003|NYVermont St10003+NYVermont St+10003|NYVermont St10003+NYVermont Ave+10003|NYVermont Ave10003'
-73.8957,40.7304,1,14,'NY53rd Rd10003|NY53rd Rd10003+NY69th St+10003'
-73.8957,40.7040,3,40,'NYCatalpa Ave10003+NYFresh Pond Rd+10003'
-73.8957,40.8181,1,11,'NYFox St10003+NYIntervale Ave+10003'
-73.8957,40.7792,1,1,'NYBerrian Blvd10003+NY42nd St+10003|NY42nd St10003'
-73.8957,40.7427,10,72,'NYWoodside Ave10003+NY69th St+10003'
-73.8957,40.7298,0,7,'NY53rd Dr10003|NY53rd Dr10003+NY69th St+10003'
-73.8956,40.7297,0,11,'NY69th St10003+NY53rd Dr+10003|NY53rd Dr10003'
-73.8956,40.7494,0,2,'NY69th St10003|NY69th St10003+NY70th St+10003|NY69th St10003+NY35th Rd+10003|NY70th St10003|NY70th St10003+NY35th Rd+10003'
-73.8956,40.9236,1,2,'NYLudlow St10003'
-73.8956,40.7295,0,11,'NYJay Ave10003|NYJay Ave10003+NY69th St+10003'
-73.8956,40.7702,0,32,'NY74th St10003+NY21st Ave+10003'
-73.8956,40.8546,0,1,'NYPark Ave10003+NYE 182nd St+10003'
-73.8956,40.9180,0,2,'NYRomaine Ave10003|NYRomaine Ave10003+NYRandolph St+10003'
-73.8956,40.6951,1,5,'NYCooper Ave10003+NY60th St+10003|NY60th St10003'
-73.8956,40.7545,50,114,'NYNorthern Blvd10002+NY71st St+10002'
-73.8956,40.7290,3,43,'NY69th St10003+NY54th Ave+10003'
-73.8956,40.6971,1,2,'NY60th Pl10003|NY60th Pl10003+NYSt Felix Ave+10003'
-73.8956,40.8562,0,4,'NYUS Hwy 110002+NYE 183rd St+10002|NYE 183rd St10003+NYWebster Ave+10003'
-73.8956,40.7083,2,34,'NY64th St10003+NYWoodbine St+10003'
-73.8956,40.6557,0,1,'NYWilliams Ave10003+NYWill Pl+10003|NYWill Pl10003'
-73.8956,40.8478,0,3,'NY3rd Ave10003+NYE 178th St+10003'
-73.8956,40.8515,1,8,'NYE 180th St10003+NYWashington Ave+10003'
-73.8955,40.7138,4,16,'NYMount Olivet Cres10003+NY62nd Ave+10003|NY62nd Ave10003'
-73.8955,40.6629,0,9,'NYRiverdale Ave10003+NYGeorgia Ave+10003'
-73.8955,40.7470,2,16,'NY38th Ave10003|NY38th Ave10003+NY70th St+10003'
-73.8955,40.8844,0,62,'NYCharles V Halley Pl10003|NYCharles V Halley Pl10003+NYOrloff Ave+10003'
-73.8955,40.6608,0,8,'NYAlabama Ave10003|NYAlabama Ave10003+NYNew Lots Ave+10003'
-73.8955,40.7488,9,25,'NY70th St10003|NY70th St10003+NY69th St+10003'
-73.8955,40.6746,2,6,'NYNew Jersey Ave10003+NYLiberty Ave+10003'
-73.8955,40.7278,0,23,'NYHull Ave10003|NYHull Ave10003+NY69th St+10003|NY55th Ave10003|NY55th Ave10003+NY69th St+10003'
-73.8955,40.6339,0,1,'NYCanarsie Rd10003+NYKaufman Pl+10003|NYKaufman Pl10003|NYKaufman Pl10003+NYE 92nd St+10003'
-73.8955,40.8282,0,2,'NYE 169th St10003+NYHome St+10003'
-73.8955,40.7436,7,20,'NYBklyn Qns Expressway10001|NYBklyn Qns Expressway10001+NYI 278+10001|NYI 27810001|NYI 27810001+NYI 278+10001'
-73.8955,40.8299,0,7,'NYChisholm St10003+NYRev James A Polite Ave+10003'
-73.8955,40.6810,1,3,'NYHighland Blvd10003|NYHighland Blvd10003+NYHighland Blvd+10003'
-73.8954,40.7033,1,23,'NY69th Ave10003|NY69th Ave10003+NYFresh Pond Rd+10003'
-73.8954,40.8666,0,13,'NYCreston Ave10003+NYE Kingsbridge Rd+10003'
-73.8954,40.7476,1,6,'NYI 27810001|NYI 27810001+NYI 278+10001|NYBklyn Qns Expressway10001|NYBklyn Qns Expressway10001+NYI 278+10001'
-73.8954,40.8158,0,2,'NYLongwood Ave10003+NYBruckner Blvd+10003'
-73.8954,40.7464,10,44,'NY70th St10003+NYRoosevelt Ave+10003'
-73.8954,40.6470,0,4,'NYE 104th St10003|NYE 104th St10003+NYFlatlands Ave+10003'
-73.8954,40.7032,0,6,'NYFresh Pond Rd10003+NYCypress Hills St+10003|NYCypress Hills St10003'
-73.8954,40.7234,0,4,'NYBrown Pl10003+NY58th Rd+10003|NY58th Rd10003'
-73.8954,40.7268,3,43,'NYClinton Ave10003|NYClinton Ave10003+NY69th St+10003'
-73.8954,40.6330,0,4,'NYMatthews Pl10003|NYMatthews Pl10003+NYAvenue N+10003|NYMatthews Pl10003+NYE 92nd St+10003|NYAvenue N10003+NYE 92nd St+10003|NYE 92nd St10003'
-73.8954,40.6414,0,13,'NYAve K10003+NYE 99th St+10003'
-73.8954,40.6577,1,2,'NYLinden Blvd10002+NYLouisiana Ave+10002'
-73.8954,40.7055,0,20,'NY68th Ave10003+NY62nd St+10003'
-73.8954,40.8429,0,4,'NYArthur Ave10003|NYArthur Ave10003+NYCrotona Park N+10003'
-73.8954,40.8607,0,12,'NYTiebout Ave10003+NYE 188th St+10003'
-73.8954,40.8465,0,2,'NYMonterey Ave10003|NYMonterey Ave10003+NYE Tremont Ave+10003'
-73.8954,40.7098,0,4,'NYGates Ave10003|NYGates Ave10003+NYTraffic Ave+10003'
-73.8953,40.6836,0,1,'NYVermont Ct10003|NYVermont Ct10003+NYVermont St+10003|NYVermont Ct10003+NYVermont Ave+10003'
-73.8953,40.7259,25,61,'NYGrand Ave10003+NYBorden Ave+10003|NYBorden Ave10003|NYBorden Ave10003+NY69th St+10003'
-73.8953,40.7030,0,2,'NY69th Ave10003|NY69th Ave10003+NYFresh Pond Rd+10003'
-73.8953,40.7583,3,43,'NY72nd St10003|NY72nd St10003+NY31st Ave+10003'
-73.8953,40.6775,0,4,'NYVermont St10003+NYFulton St+10003|NYFulton St10003+NYVermont Ave+10003'
-73.8953,40.8172,0,15,'NYSouthern Blvd10003+NYIntervale Ave+10003|NYIntervale Ave10003'
-73.8953,40.9198,0,1,'NYMcLean Ave10003+NYRomaine Ave+10003|NYRomaine Ave10003'
-73.8953,40.8136,0,1,'NYGarrison Ave10003+NYE 156th St+10003|NYGarrison Ave10003+NYThurman Munson Way+10003'
-73.8953,40.7076,0,27,'NY64th St10003|NY64th St10003+NYMadison St+10003'
-73.8953,40.8340,0,13,'NYBoston Rd10003+NYBristow St+10003|NYBristow St10003'
-73.8953,40.7683,7,53,'NY74th St10003+NYDitmars Blvd+10003'
-73.8953,40.8567,0,7,'NYUS Hwy 110002+NYE 184th St+10002|NYWebster Ave10002+NYE 184th St+10002'
-73.8953,40.7483,34,73,'NYBroadway10003+NY69th St+10003|NY69th St10003'
-73.8952,40.7402,36,65,'NY45th Ave10003|NY45th Ave10003+NYState Hwy 25+10003|NY45th Ave10003+NYQueens Blvd+10003'
-73.8952,40.8596,0,1,'NYE 187th St10003+NYElm Pl+10003|NYElm Pl10003'
-73.8952,40.7719,0,19,'NYHazen St10003+NY20th Ave+10003'
-73.8952,40.6545,4,7,'NYStanley Ave10003+NYWilliams Ave+10003'
-73.8952,40.7026,0,31,'NY70th Ave10003+NYFresh Pond Rd+10003'
-73.8952,40.6387,0,3,'NYAve L10003+NYRockaway Pkwy+10003'
-73.8952,40.8281,0,11,'NYTiffany St10003|NYTiffany St10003+NYTiffany St+10003|NYTiffany St10003+NYE 169th St+10003|NYTiffany St10003+NYLatken Sq+10003|NYE 169th St10003+NYLatken Sq+10003|NYLatken Sq10003'
-73.8952,40.8157,0,1,'NYLongwood Ave10003+NYBruckner Expy+10003|NYLongwood Ave10003+NYI 278+10003'
-73.8952,40.6613,0,7,'NYNewport St10003|NYNewport St10003+NYGeorgia Ave+10003'
-73.8951,40.6350,0,1,'NYE 94th St10003+NYRost Pl+10003|NYRost Pl10003'
-73.8951,40.7031,0,2,'NY69th Ave10003|NY69th Ave10003+NYCypress Hills St+10003'
-73.8951,40.8354,0,4,'NYClaremont Pkwy10003|NYClaremont Pkwy10003+NYWilkins Ave+10003|NYClaremont Pkwy10003+NYCrotona Park E+10003|NYClaremont Pkwy10003+NYClaremont Pkwy+10003|NYWilkins Ave10003|NYWilkins Ave10003+NYCrotona Park E+10003|NYWilkins Ave10003+NYClaremont Pkwy+10003|NYCrotona Park E10003+NYClaremont Pkwy+10003'
-73.8951,40.8332,0,12,'NYE 170th St10003+NYBristow St+10003'
-73.8951,40.7354,0,7,'NY69th Pl10003+NY51st Ave+10003'
-73.8951,40.7622,0,27,'NY25th Ave10003+NY73rd St+10003|NY73rd St10003'
-73.8951,40.6444,0,3,'NYAve J10003+NYE 102nd St+10003'
-73.8951,40.7367,0,1,'NY69th Pl10003+NYGarfield Ave+10003'
-73.8951,40.7567,11,65,'NY32nd Ave10003+NY72nd St+10003|NY72nd St10003'
-73.8951,40.6360,0,1,'NYAve M10003+NYE 95th St+10003'
-73.8950,40.7111,0,12,'NY65th Pl10003|NY65th Pl10003+NYAdmiral Ave+10003'
-73.8950,40.7125,1,26,'NYMount Olivet Cres10003|NYMount Olivet Cres10003+NY65th Pl+10003|NYMount Olivet Cres10003+NYMetropolitan Ave+10003|NY65th Pl10003|NY65th Pl10003+NYMetropolitan Ave+10003'
-73.8950,40.6646,0,32,'NYLivonia Ave10003+NYSheffield Ave+10003'
-73.8950,40.7721,0,5,'NY75th St10003|NY75th St10003+NYHazen St+10003'
-73.8950,40.7443,4,24,'NY70th St10003+NYI 278+10003'
-73.8950,40.6997,1,2,'NYCentral Ave10003|NYCentral Ave10003+NY60th Ln+10003|NY60th Ln10003'
-73.8950,40.6304,0,5,'NYRemsen Ave10003|NYRemsen Ave10003+NYSeaview Ave+10003'
-73.8950,40.7668,13,32,'NY74th St10003'
-73.8950,40.8156,0,3,'NYLongwood Ave10003+NYBruckner Blvd+10003'
-73.8950,40.7441,0,15,'NYBklyn Qns Expressway10001|NYBklyn Qns Expressway10001+NY70th St+10001|NYBklyn Qns Expressway10001+NYBklyn Qns Expy+10001|NY70th St10003+NYI 278+10003|NY70th St10003+NYBklyn Qns Expy+10003|NYBklyn Qns Expy10001'
-73.8950,40.7228,0,2,'NY68th St10003|NY68th St10003+NYCaldwell Ave+10003|NYCaldwell Ave10003'
-73.8950,40.7254,1,8,'NYI 49510001+NY69th St+10001|NYLong Island Expy10001+NY69th St+10001|NYQueens Midtown Expy10001+NY69th St+10001'
-73.8950,40.8687,1,24,'NYMorris Ave10003+NYE 196th St+10003'
-73.8950,40.7019,0,39,'NY71st Ave10003+NYFresh Pond Rd+10003'
-73.8949,40.6610,0,1,'NYNew Lots Ave10003+NYGeorgia Ave+10003|NYGeorgia Ave10003'
-73.8949,40.8491,0,2,'NY3rd Ave10003+NYE 179th St+10003'
-73.8949,40.7787,0,1,'NY43rd St10003|NY43rd St10003+NYBerrian Blvd+10003'
-73.8949,40.8321,0,1,'NYJennings St10003+NYBristow St+10003'
-73.8949,40.7717,0,15,'NY75th St10003+NY20th Ave+10003|NY20th Ave10003'
-73.8949,40.8188,0,6,'NYTiffany St10003+NYFox St+10003'
-73.8949,40.8653,2,8,'NYE 193rd St10003|NYE 193rd St10003+NYGrand Concourse+10003'
-73.8949,40.8200,0,2,'NYTiffany St10003+NYBeck St+10003|NYBeck St10003'
-73.8949,40.6585,1,3,'NYMalta St10003+NYHegeman Ave+10003'
-73.8949,40.7252,8,23,'NYQueens Midtown Expy10003+NY69th St+10003'
-73.8949,40.8210,0,6,'NYTiffany St10003+NYE 163rd St+10003'
-73.8949,40.7507,19,264,'NY35th Ave10003+NY71st St+10003|NY71st St10003'
-73.8949,40.8231,0,9,'NYTiffany St10003+NYWestchester Ave+10003'
-73.8949,40.7322,0,9,'NY69th Pl10003|NY69th Pl10003+NY52nd Dr+10003'
-73.8949,40.8239,0,4,'NYTiffany St10003+NYE 165th St+10003'
-73.8949,40.8089,0,1,'NYBarry St10003|NYBarry St10003+NYOakpoint Ave+10003|NYBarry St10003+NYOak Point Ave+10003|NYOakpoint Ave10003|NYOak Point Ave10003'
-73.8949,40.6822,0,4,'NYCrosby Ave10003+NYMiller Pl+10003|NYMiller Pl10003'
-73.8949,40.8705,0,10,'NYPaul Ave10003|NYPaul Ave10003+NYJerome Ave+10003'
-73.8948,40.7646,38,20,'NYBklyn Qns Expressway Entrance Naval Base10003'
-73.8948,40.7465,8,14,'NYBrooklyn Queens Expy10001+NYRoosevelt Ave+10001|NYI 27810001+NYRoosevelt Ave+10001'
-73.8948,40.6793,0,3,'NYJamaica Ave10003+NYWyona St+10003|NYJamaica Ave10003+NYArlington Ave+10003|NYWyona St10003|NYWyona St10003+NYArlington Ave+10003|NYArlington Ave10003'
-73.8948,40.8621,0,12,'NYE Fordham Rd10003|NYE Fordham Rd10003+NYE Fordham Rd+10003|NYE Fordham Rd10003+NYTiebout Ave+10003|NYTiebout Ave10003'
-73.8948,40.7042,0,17,'NYCatalpa Ave10003+NY62nd St+10003'
-73.8948,40.8511,2,7,'NYE 180th St10003+NYBathgate Ave+10003'
-73.8948,40.8559,0,1,'NYPark Ave10003+NYE 183rd St+10003'
-73.8948,40.7064,0,15,'NY67th Ave10003|NY67th Ave10003+NY64th St+10003|NY64th St10003'
-73.8948,40.8828,0,54,'NYStevenson Pl10003'
-73.8948,40.6843,0,1,'NYBulwer Pl10003+NYVermont St+10003|NYBulwer Pl10003+NYVermont Ave+10003'
-73.8947,40.8309,0,1,'NYRev James A Polite Ave10003|NYRev James A Polite Ave10003+NYBristow St+10003|NYBristow St10003'
-73.8947,40.8476,1,3,'NYMonterey Ave10003+NYE 178th St+10003'
-73.8947,40.8439,0,2,'NYArthur Ave10003+NYCross Bronx Expy+10003'
-73.8947,40.8161,0,1,'NYBruckner Expy10001+NYLafayette Ave+10001|NYLafayette Ave10003+NYI 278+10003'
-73.8947,40.7497,1,43,'NY71st St10003|NY71st St10003+NYLeverich St+10003|NYLeverich St10003'
-73.8947,40.8855,0,22,'NYVan Cortlandt Park S10003+NYBailey Ave+10003|NYBailey Ave10003'
-73.8947,40.8594,0,9,'NYE 187th St10003+NYMarion Ave+10003'
-73.8947,40.7495,2,5,'NY71st St10003+NY35th Rd+10003|NY35th Rd10003'
-73.8947,40.7426,3,29,'NY70th St10003|NY70th St10003+NYWoodside Ave+10003'
-73.8947,40.8306,0,1,'NYRev James A Polite Ave10003+NYFreeman St+10003'
-73.8947,40.7703,0,18,'NY75th St10003+NY21st Ave+10003'
-73.8947,40.6475,0,5,'NYE 105th St10003+NYFlatlands Ave+10003'
-73.8947,40.6419,0,5,'NYAve K10003+NYE 100th St+10003'
-73.8947,40.7465,4,17,'NYI 27810001+NYRoosevelt Ave+10001|NYBklyn Qns Expressway10001+NYRoosevelt Ave+10001'
-73.8947,40.7546,39,73,'NY72nd St10003+NYState Hwy 25 Alt+10003|NY72nd St10003+NYNorthern Blvd+10003'
-73.8946,40.7263,4,24,'NYGrand Ave10003+NY69th Pl+10003|NY69th Pl10003'
-73.8946,40.6971,0,5,'NY60th Ln10003+NYSt Felix Ave+10003'
-73.8946,40.8606,0,5,'NYElm Pl10003+NYE 188th St+10003'
-73.8946,40.6631,0,4,'NYRiverdale Ave10003+NYSheffield Ave+10003'
-73.8946,40.7291,0,5,'NY69th Pl10003|NY69th Pl10003+NY54th Ave+10003'
-73.8946,40.6747,3,42,'NYVermont St10003+NYLiberty Ave+10003|NYVermont Ave10003+NYLiberty Ave+10003'
-73.8946,40.8640,1,12,'NYE 192nd St10003|NYE 192nd St10003+NYValentine Ave+10003'
-73.8946,40.7222,0,3,'NY59th Rd10003|NY59th Rd10003+NY68th St+10003'
-73.8946,40.6345,0,5,'NYE 94th St10003+NYKaufman Pl+10003|NYKaufman Pl10003'
-73.8946,40.7028,0,9,'NY70th Ave10003|NY70th Ave10003+NYCypress Hills St+10003'
-73.8946,40.6966,0,4,'NY60th Ln10003+NY78th Ave+10003|NY78th Ave10003'
-73.8945,40.7246,2,15,'NY69th St10003+NY58th Ave+10003'
-73.8945,40.9124,0,1,'NYWellesley Ave10003'
-73.8945,40.7487,18,41,'NY71st St10003'
-73.8945,40.8855,0,29,'NYVan Cortlandt Park S10003+NYVan Cortlandt Ave W+10003|NYVan Cortlandt Ave W10003'
-73.8945,40.7291,0,3,'NY69th Ln10003|NY69th Ln10003+NY54th Ave+10003'
-73.8945,40.7448,18,19,'NY41st Ave10003+NYBklyn Qns Expressway+10003|NY41st Ave10003+NYBklyn Qns Expy+10003|NYBklyn Qns Expressway10001|NYBklyn Qns Expressway10001+NYBklyn Qns Expy+10001|NYBklyn Qns Expy10001'
-73.8945,40.7369,0,1,'NYGarfield Ave10003+NY50th Ave+10003|NY50th Ave10003'
-73.8945,40.8115,0,1,'NYLeggett Ave10003+NYDupont St+10003|NYDupont St10003'
-73.8944,40.8558,0,2,'NYPark Ave10003+NYE 183rd St+10003'
-73.8944,40.8346,0,3,'NYBoston Rd10003+NYStebbins Ave+10003|NYStebbins Ave10003'
-73.8944,40.7747,0,1,'NY19th Ave10003+NY48th St+10003|NY48th St10003'
-73.8944,40.8564,1,0,'NYPark Ave10003+NYE 184th St+10003|NYE 184th St10003'
-73.8944,40.7265,4,31,'NYGrand Ave10003+NY69th Pl+10003|NY69th Pl10003'
-73.8944,40.7584,2,55,'NY73rd St10003+NY31st Ave+10003'
-73.8944,40.9112,0,2,'NYElinor Pl10003|NYElinor Pl10003+NYCaryl Ave+10003'
-73.8944,40.8162,1,7,'NYBruckner Blvd10003+NYLafayette Ave+10003'
-73.8944,40.6848,1,1,'NYVermont St10003|NYVermont Ave10003'
-73.8944,40.6776,0,5,'NYWyona St10003+NYFulton St+10003'
-73.8944,40.7008,4,27,'NY61st St10003|NY61st St10003+NYFresh Pond Rd+10003|NYFresh Pond Rd10003'
-73.8944,40.8661,1,40,'NYGrand Concourse10003+NYE Kingsbridge Rd+10003'
-73.8944,40.7662,18,26,'NYBrooklyn Queens Expy10002+NYAstoria Blvd+10002'
-73.8943,40.7684,18,69,'NY75th St10003+NYDitmars Blvd+10003'
-73.8943,40.6962,0,8,'NYCooper Ave10003+NY60th Ln+10003'
-73.8943,40.7239,0,14,'NY58th Rd10003+NY69th St+10003'
-73.8943,40.8465,0,1,'NYLafontaine Ave10003|NYLafontaine Ave10003+NYE Tremont Ave+10003'
-73.8943,40.7528,17,363,'NY72nd St10003+NY34th Ave+10003'
-73.8943,40.8643,0,6,'NYValentine Ave10003|NYValentine Ave10003+NYE Kingsbridge Rd+10003'
-73.8943,40.6449,0,3,'NYE 103rd St10003+NYAve J+10003'
-73.8943,40.8519,0,6,'NYE 181st St10003+NYBathgate Ave+10003'
-73.8943,40.9441,0,1,'NYHigh St10003'
-73.8943,40.7456,5,5,'NY71st St10003'
-73.8943,40.6393,0,9,'NYAve L10003+NYE 98th St+10003'
-73.8943,40.6816,1,5,'NYHighland Blvd10003+NYMiller Pl+10003|NYHighland Blvd10003+NYMiller Ave+10003|NYMiller Pl10003|NYMiller Pl10003+NYMiller Ave+10003|NYMiller Ave10003'
-73.8943,40.8839,0,27,'NYCannon Pl10003|NYCannon Pl10003+NYOrloff Ave+10003'
-73.8943,40.7400,21,76,'NY70th St10003|NY70th St10003+NYState Hwy 25+10003|NY70th St10003+NYQueens Blvd+10003'
-73.8943,40.8292,0,1,'NYChisholm St10003|NYChisholm St10003+NYIntervale Ave+10003'
-73.8942,40.7348,0,5,'NYCalamus Ave10003+NY70th St+10003|NY70th St10003'
-73.8942,40.7094,0,15,'NYPalmetto St10003|NYPalmetto St10003+NYTraffic Ave+10003'
-73.8942,40.9143,0,1,'NYWellesley Ave10003'
-73.8942,40.7782,0,3,'NYBerrian Blvd10003+NY45th St+10003|NY45th St10003'
-73.8942,40.6309,0,1,'NYE 91st St10003|NYE 91st St10003+NYSeaview Ave+10003'
-73.8942,40.7356,0,1,'NY70th St10003+NY51st Ave+10003'
-73.8942,40.6504,0,6,'NYGlenwood Rd10003+NYE 108th St+10003'
-73.8942,40.8539,0,1,'NYE 182nd St10003|NYE 182nd St10003+NYWashington Ave+10003'
-73.8942,40.7279,1,14,'NYHull Ave10003|NY55th Ave10003'
-73.8942,40.7005,0,10,'NYCentral Ave10003+NY61st St+10003'
-73.8942,40.7449,3,10,'NY41st Ave10003+NY71st St+10003'
-73.8942,40.8333,1,6,'NYE 170th St10003+NYStebbins Ave+10003'
-73.8942,40.6576,0,4,'NYLinden Blvd10002+NYMalta St+10002'
-73.8942,40.8630,0,11,'NYColes Ln10003|NYColes Ln10003+NYE Kingsbridge Rd+10003|NYColes Ln10003+NYBriggs Ave+10003|NYE Kingsbridge Rd10003+NYBriggs Ave+10003|NYBriggs Ave10003'
-73.8942,40.7727,1,28,'NY76th St10003|NY76th St10003+NYHazen St+10003'
-73.8942,40.6614,0,1,'NYNew Lots Ave10003+NYSheffield Ave+10003|NYSheffield Ave10003'
-73.8942,40.6366,0,4,'NYAve M10003+NYE 96th St+10003'
-73.8942,40.9449,0,1,'NYPine St10003'
-73.8942,40.7216,0,1,'NY68th St10003+NY59th Dr+10003|NY59th Dr10003'
-73.8942,40.8350,0,11,'NYBoston Rd10003+NYWilkins Ave+10003|NYBoston Rd10003+NYClaremont Pkwy+10003|NYWilkins Ave10003|NYWilkins Ave10003+NYClaremont Pkwy+10003|NYClaremont Pkwy10003'
-73.8942,40.7348,1,9,'NY70th St10003|NY70th St10003+NYCalamus Ave+10003'
-73.8942,40.8684,0,34,'NYE 196th St10003+NYCreston Ave+10003'
-73.8942,40.7664,17,4,'NYBrooklyn Queens Expy10002|NYBrooklyn Queens Expy10002+NYGrand Central Pkwy+10002'
-73.8941,40.8183,1,9,'NYSouthern Blvd10003+NYTiffany St+10003'
-73.8941,40.7232,1,18,'NY69th St10003+NYCaldwell Ave+10003'
-73.8941,40.7025,0,7,'NY62nd St10003|NY62nd St10003+NYCypress Hills St+10003'
-73.8941,40.7107,0,9,'NYAdmiral Ave10003+NY65th Ln+10003|NY65th Ln10003'
-73.8941,40.8422,0,6,'NYCrotona Ave10003+NYCrotona Park N+10003'
-73.8941,40.6589,1,6,'NYAlabama Ave10003+NYHegeman Ave+10003'
-73.8941,40.8507,0,10,'NY3rd Ave10003+NYE 180th St+10003'
-73.8941,40.6330,0,1,'NYCanarsie Rd10003|NYCanarsie Rd10003+NYCanarsie Rd+10003|NYCanarsie Rd10003+NYE 93rd St+10003'
-73.8941,40.8623,0,1,'NYE Fordham Rd10003|NYE Fordham Rd10003+NYE Kingsbridge Rd+10003'
-73.8940,40.6648,3,22,'NYLivonia Ave10003+NYPennsylvania Ave+10003'
-73.8940,40.8603,0,8,'NYE 188th St10003+NYMarion Ave+10003'
-73.8940,40.7668,1,17,'NY75th St10003'
-73.8940,40.6851,4,4,'NYInterborough Pkwy10002|NYInterborough Pkwy10002+NYJackie Robinson Pkwy+10002|NYInterborough Pkwy10002+NYInterborough Pkwy+10002|NYJackie Robinson Pkwy10002'
-73.8940,40.7124,0,9,'NY65th Ln10003|NY65th Ln10003+NYMetropolitan Ave+10003'
-73.8940,40.8322,0,7,'NYStebbins Ave10003'
-73.8940,40.8488,0,2,'NYMonterey Ave10003|NYMonterey Ave10003+NYE 179th St+10003'
-73.8940,40.6798,1,2,'NYJamaica Ave10003+NYBradford St+10003|NYBradford St10003'
-73.8940,40.8564,0,1,'NYPark Ave10003+NYE 184th St+10003|NYE 184th St10003'
-73.8940,40.6480,0,3,'NYE 106th St10003|NYE 106th St10003+NYFlatlands Ave+10003'
-73.8940,40.7487,7,50,'NY72nd St10003'
-73.8940,40.8447,0,2,'NYE 176th St10003|NYE 176th St10003+NYArthur Ave+10003'
-73.8940,40.8542,0,2,'NYFletcher Pl10003|NYFletcher Pl10003+NYE 182nd St+10003|NYFletcher Pl10003+NYWashington Ave+10003|NYE 182nd St10003|NYE 182nd St10003+NYWashington Ave+10003'
-73.8940,40.6931,1,3,'NY59th St10003'
-73.8940,40.7255,3,1,'NY69th Pl10003'
-73.8940,40.6423,1,5,'NYE 101st St10003+NYAve K+10003'
-73.8940,40.7322,0,30,'NY70th St10003+NY52nd Dr+10003|NY52nd Dr10003'
-73.8939,40.6795,0,3,'NYArlington Ave10003+NYBradford St+10003'
-73.8939,40.7044,0,18,'NYCatalpa Ave10003+NY64th St+10003'
-73.8939,40.8710,0,3,'NYParkview Ter10003|NYParkview Ter10003+NYJerome Ave+10003'
-73.8939,40.8240,0,1,'NYFox St10003+NYE 165th St+10003'
-73.8939,40.8199,0,30,'NYBarretto St10003|NYBarretto St10003+NYSimpson St+10003|NYBarretto St10003+NYFox St+10003|NYSimpson St10003|NYSimpson St10003+NYFox St+10003'
-73.8939,40.8090,0,1,'NYOakpoint Ave10003+NYDupont St+10003|NYDupont St10003|NYDupont St10003+NYOak Point Ave+10003'
-73.8939,40.6953,0,17,'NY60th Ln10003|NY60th Ln10003+NY80th Ave+10003'
-73.8939,40.8588,2,5,'NYUS Hwy 110002+NYE 187th St+10002|NYWebster Ave10002+NYE 187th St+10002'
-73.8939,40.8352,1,1,'NYLouis Nine Blvd10003|NYLouis Nine Blvd10003+NYBoston Rd+10003'
-73.8939,40.6615,0,6,'NYSheffield Ave10003|NYSheffield Ave10003+NYNew Lots Ave+10003'
-73.8939,40.7449,1,6,'NY72nd St10003|NY72nd St10003+NY41st Ave+10003'
-73.8939,40.8473,0,5,'NYE 178th St10003+NYLafontaine Ave+10003'
-73.8939,40.7066,0,25,'NY64th Pl10003|NY64th Pl10003+NY67th Ave+10003|NY67th Ave10003'
-73.8939,40.8210,0,31,'NYFox St10003+NYE 163rd St+10003'
-73.8939,40.7250,1,5,'NY58th Ave10003'
-73.8939,40.8265,0,1,'NYFox St10003+NYE 167th St+10003'
-73.8939,40.7268,0,22,'NYGrand Ave10003+NY69th Ln+10003|NY69th Ln10003'
-73.8939,40.8273,0,4,'NYE 169th St10003+NYFox St+10003'
-73.8938,40.7709,4,76,'NY76th St10003+NY20th Ave+10003|NY20th Ave10003'
-73.8938,40.8284,0,7,'NYHome St10003+NYFox St+10003'
-73.8938,40.7009,0,5,'NYMyrtle Ave10003+NYCentral Ave+10003'
-73.8938,40.8297,0,1,'NYFox St10003|NYFox St10003+NYIntervale Ave+10003'
-73.8938,40.7604,9,56,'NY74th St10003|NY74th St10003+NY30th Ave+10003'
-73.8938,40.6571,0,1,'NYMalta St10003+NYDewitt Ave+10003'
-73.8938,40.7477,52,176,'NY72nd St10003+NYBroadway+10003'
-73.8938,40.8510,0,1,'NYQuarry Rd10003|NYQuarry Rd10003+NY3rd Ave+10003'
-73.8938,40.7426,2,57,'NYWoodside Ave10003+NY71st St+10003|NY71st St10003'
-73.8938,40.7704,1,31,'NY76th St10003+NY21st Ave+10003'
-73.8937,40.7106,0,6,'NYTerrace Ct10003|NYTerrace Ct10003+NYAdmiral Ave+10003|NYAdmiral Ave10003'
-73.8937,40.7547,43,78,'NYNorthern Blvd10002+NY73rd St+10002'
-73.8937,40.6809,0,3,'NYSunnyside Ave10003+NYMiller Ave+10003'
-73.8937,40.6828,0,4,'NYCrosby Ave10003|NYCrosby Ave10003+NYBulwer Pl+10003'
-73.8937,40.8619,1,4,'NYE Fordham Rd10003+NYElm Pl+10003|NYElm Pl10003'
-73.8937,40.6971,0,13,'NY61st St10003+NYSt Felix Ave+10003'
-73.8937,40.5837,1,4,'NYFlatbush Ave10003+NYAviation Rd+10003'
-73.8937,40.8708,1,3,'NYParkview Ter10003|NYParkview Ter10003+NYParkview Ter+10003'
-73.8937,40.7742,2,4,'NY19th Ave10003+NY49th St+10003|NY49th St10003'
-73.8937,40.7292,0,8,'NY70th St10003|NY70th St10003+NY54th Ave+10003'
-73.8937,40.7210,0,2,'NY68th St10003+NY60th Ave+10003|NY60th Ave10003'
-73.8937,40.7226,0,11,'NY59th Rd10003+NY69th St+10003'
-73.8936,40.6632,0,10,'NYRiverdale Ave10003+NYPennsylvania Ave+10003'
-73.8936,40.7023,0,1,'NY71st Ave10003|NY71st Ave10003+NYCypress Hills St+10003'
-73.8936,40.6968,0,2,'NYCooper Ave10003+NY61st St+10003'
-73.8936,40.9555,0,1,'NYGreystone Ter10003'
-73.8936,40.7488,44,270,'NY72nd St10003'
-73.8936,40.7466,34,127,'NY72nd St10003+NYRoosevelt Ave+10003'
-73.8936,40.6454,0,1,'NYE 104th St10003+NYAve J+10003'
-73.8936,40.6398,1,8,'NYAve L10003+NYE 99th St+10003'
-73.8936,40.8619,1,5,'NYE Fordham Rd10003+NYBainbridge Ave+10003|NYE Fordham Rd10003+NYE Kingsbridge Rd+10003|NYBainbridge Ave10003|NYBainbridge Ave10003+NYE Kingsbridge Rd+10003|NYE Kingsbridge Rd10003'
-73.8936,40.8155,0,9,'NYGarrison Ave10003+NYBurnet Pl+10003|NYBurnet Pl10003'
-73.8936,40.8570,0,3,'NYPark Ave10003+NYE 185th St+10003|NYE 185th St10003'
-73.8935,40.7250,2,13,'NY69th Pl10003'
-73.8935,40.6313,0,7,'NYE 92nd St10003|NYE 92nd St10003+NYSeaview Ave+10003'
-73.8935,40.6778,4,16,'NYFulton St10003+NYBradford St+10003'
-73.8935,40.8429,0,5,'NYCrotona Ave10003+NYE 175th St+10003|NYE 175th St10003'
-73.8934,40.8514,1,1,'NY3rd Ave10003+NYE 181st St+10003'
-73.8934,40.7685,7,66,'NY76th St10003+NYDitmars Blvd+10003'
-73.8934,40.8365,0,1,'NYCharlotte St10003|NYCharlotte St10003+NYCrotona Park E+10003'
-73.8934,40.6371,0,2,'NYAve M10003+NYRockaway Pkwy+10003'
-73.8934,40.8464,0,1,'NYArthur Ave10003|NYArthur Ave10003+NYE Tremont Ave+10003'
-73.8934,40.7734,0,11,'NYHazen St10003+NY77th St+10003|NY77th St10003'
-73.8934,40.6972,0,3,'NYSt Felix Ave10003'
-73.8934,40.7184,2,8,'NYEliot Ave10003+NY67th St+10003|NY67th St10003'
-73.8933,40.7009,0,7,'NY62nd St10003'
-73.8933,40.8540,0,3,'NYFletcher Pl10003|NYFletcher Pl10003+NYBassford Ave+10003'
-73.8933,40.8443,1,6,'NYE 176th St10003+NYBelmont Ave+10003'
-73.8933,40.7293,0,4,'NY71st St10003|NY71st St10003+NY54th Ave+10003|NY54th Ave10003'
-73.8933,40.7372,0,1,'NYGarfield Ave10003|NYGarfield Ave10003+NY71st St+10003|NYGarfield Ave10003+NY50th Ave+10003|NYGarfield Ave10003+NYGarfield Ave+10003|NY71st St10003|NY71st St10003+NY50th Ave+10003|NY71st St10003+NYGarfield Ave+10003|NY50th Ave10003|NY50th Ave10003+NYGarfield Ave+10003'
-73.8933,40.6592,0,5,'NYGeorgia Ave10003+NYHegeman Ave+10003'
-73.8933,40.6484,0,1,'NYFlatlands Ave10003+NYE 107th St+10003|NYE 107th St10003'
-73.8933,40.7272,1,31,'NY69th Ln10003|NY69th Ln10003+NYGrand Ave+10003'
-73.8933,40.8654,0,15,'NYE 194th St10003|NYE 194th St10003+NYValentine Ave+10003|NYValentine Ave10003'
-73.8933,40.8706,0,12,'NYMorris Ave10003|NYMorris Ave10003+NYParkview Ter+10003|NYParkview Ter10003'
-73.8933,40.6821,0,10,'NYHighland Blvd10003+NYBulwer Pl+10003|NYBulwer Pl10003'
-73.8933,40.7729,1,20,'NY19th Rd10003|NY19th Rd10003+NY77th St+10003'
-73.8932,40.7002,0,5,'NY74th Ave10003|NY74th Ave10003+NY62nd St+10003'
-73.8932,40.6428,0,6,'NYAve K10003+NYE 102nd St+10003'
-73.8932,40.7450,3,129,'NY72nd St10003|NY72nd St10003+NY41st Ave+10003'
-73.8932,40.7624,0,15,'NY25th Ave10003+NY75th St+10003|NY75th St10003'
-73.8932,40.7260,0,8,'NY57th Dr10003|NY57th Dr10003+NY69th Ln+10003'
-73.8932,40.6344,0,1,'NYAvenue N10003+NYE 95th St+10003'
-73.8932,40.7357,0,5,'NY71st St10003+NY51st Ave+10003'
-73.8932,40.7204,0,11,'NY68th St10003+NY60th Rd+10003|NY60th Rd10003'
-73.8932,40.8599,1,10,'NYUS Hwy 110002+NYE 188th St+10002|NYWebster Ave10002+NYE 188th St+10002'
-73.8932,40.7220,0,10,'NY59th Dr10003+NY69th St+10003'
-73.8932,40.8484,0,2,'NYE 179th St10003+NYLafontaine Ave+10003'
-73.8932,40.6802,0,5,'NYJamaica Ave10003+NYMiller Ave+10003'
-73.8932,40.8416,0,3,'NYClinton Ave10003|NYClinton Ave10003+NYCrotona Park N+10003'
-73.8932,40.7089,0,4,'NYTraffic Ave10003+NYWoodbine St+10003|NYWoodbine St10003'
-73.8932,40.7705,0,13,'NY21st Ave10003+NY20th Ave+10003|NY20th Ave10003'
-73.8931,40.8502,0,4,'NYMonterey Ave10003|NYMonterey Ave10003+NYE 180th St+10003'
-73.8931,40.8552,0,10,'NYE 183rd St10003+NYWashington Ave+10003'
-73.8931,40.8627,1,7,'NYColes Ln10003|NYColes Ln10003+NYBainbridge Ave+10003'
-73.8931,40.7026,0,12,'NYShaler Ave10003+NY64th St+10003|NY64th St10003'
-73.8931,40.8334,0,6,'NYLouis Nine Blvd10003+NYE 170th St+10003'
-73.8931,40.8837,3,52,'NYVan Cortlandt Ave W10003+NYOrloff Ave+10003'
-73.8931,40.7245,2,34,'NY58th Rd10003|NY58th Rd10003+NY69th Pl+10003'
-73.8931,40.8576,0,2,'NYPark Ave10003+NYE 186th St+10003|NYE 186th St10003'
-73.8931,40.7668,20,38,'NY76th St10003'
-73.8931,40.8177,0,2,'NYBruckner Expy10001+NYTiffany St+10001|NYTiffany St10003+NYI 278+10003'
-73.8931,40.8533,0,1,'NYE 182nd St10003+NYBathgate Ave+10003'
-73.8931,40.8714,0,6,'NYE 198th St10003|NYE 198th St10003+NYJerome Ave+10003'
-73.8931,40.8194,1,14,'NYSouthern Blvd10003+NYBarretto St+10003'
-73.8931,40.7081,0,10,'NYMadison St10003'
-73.8930,40.6987,0,29,'NY75th Ave10003+NY62nd St+10003'
-73.8930,40.8470,0,5,'NYArthur Ave10003+NYE 178th St+10003'
-73.8930,40.9567,0,2,'NYArthur Pl10003|NYArthur Pl10003+NYGreystone Ter+10003'
-73.8930,40.7046,1,36,'NY64th Pl10003+NYCatalpa Ave+10003'
-73.8930,40.8356,0,1,'NYCharlotte St10003+NYBoston Rd+10003'
-73.8930,40.8433,0,2,'NYCrotona Ave10003+NYFairmont Pl+10003|NYFairmont Pl10003'
-73.8930,40.8679,3,55,'NYE 196th St10003+NYGrand Concourse+10003'
-73.8930,40.8584,2,2,'NYPark Ave10003+NYE 187th St+10003'
-73.8930,40.7068,0,6,'NY65th St10003|NY65th St10003+NY67th Ave+10003|NY67th Ave10003'
-73.8930,40.7311,0,36,'NY71st St10003|NY71st St10003+NY53rd Ave+10003'
-73.8929,40.8241,0,8,'NYWestchester Ave10003|NYWestchester Ave10003+NYSimpson St+10003|NYWestchester Ave10003+NYWchester Ave+10003|NYWestchester Ave10003+NYWestchester Ave+10003|NYSimpson St10003+NYWchester Ave+10003|NYSimpson St10003+NYWestchester Ave+10003|NYWchester Ave10003|NYWchester Ave10003+NYWestchester Ave+10003'
-73.8929,40.8268,0,6,'NYSimpson St10003+NYE 169th St+10003|NYE 169th St10003'
-73.8929,40.7256,7,11,'NY69th Ln10003'
-73.8929,40.8176,1,3,'NYBruckner Blvd10003+NYTiffany St+10003'
-73.8929,40.7178,0,5,'NY67th St10003+NY61st Rd+10003|NY61st Rd10003'
-73.8929,40.8463,1,3,'NYArthur Ave10003|NYArthur Ave10003+NYE Tremont Ave+10003'
-73.8929,40.8640,0,9,'NYPoe Pl10003'
-73.8929,40.7738,1,117,'NY19th Ave10003+NYRikers Island Brg+10003|NY19th Ave10003+NYHazen St+10003|NYRikers Island Brg10003|NYRikers Island Brg10003+NYHazen St+10003|NYHazen St10003'
-73.8929,40.6977,0,14,'NYCooper Ave10003+NY62nd St+10003'
-73.8929,40.8301,0,5,'NYSimpson St10003|NYSimpson St10003+NYFreeman St+10003'
-73.8929,40.8853,0,48,'NYVan Cortlandt Park S10003+NYGale Pl+10003|NYGale Pl10003'
-73.8929,40.7772,2,12,'NYBerrian Blvd10003'
-73.8929,40.8163,1,2,'NYGarrison Ave10003+NYLafayette Ave+10003'
-73.8929,40.7298,0,11,'NY53rd Dr10003'
-73.8929,40.6403,0,3,'NYAve L10003+NYE 100th St+10003'
-73.8929,40.9602,0,1,'NYArthur St10003'
-73.8929,40.8618,1,5,'NYE Fordham Rd10003+NYMarion Ave+10003'
-73.8928,40.8827,3,36,'NYStevenson Pl10003'
-73.8928,40.6459,0,3,'NYE 105th St10003+NYAve J+10003'
-73.8928,40.9107,0,3,'NYSaratoga Ave10003|NYSaratoga Ave10003+NYCaryl Ave+10003'
-73.8928,40.7658,86,29,'NYBklyn Qns Expressway Entrance Naval Base10003|NYBklyn Qns Expressway Entrance Naval Base10003+NY68th St+10003'
-73.8928,40.7705,0,20,'NY21st Ave10003+NY77th St+10003'
-73.8928,40.7427,9,58,'NY72nd St10003+NYWoodside Ave+10003'
-73.8928,40.7305,0,8,'NY53rd Rd10003'
-73.8928,40.7548,33,117,'NY74th St10003+NYNorthern Blvd+10003'
-73.8928,40.8511,0,1,'NYQuarry Rd10003+NYE 181st St+10003'
-73.8928,40.9437,0,2,'NYPalisade Ave10003+NYHigh St+10003'
-73.8928,40.6318,0,5,'NYE 93rd St10003+NYSeaview Ave+10003'
-73.8928,40.8650,0,11,'NYE 194th St10003+NYBriggs Ave+10003'
-73.8928,40.9527,0,1,'NYWoodland Ter10003'
-73.8927,40.5664,0,1,'NYCreekside Ave10003|NYCreekside Ave10003+NYCreekside Ave+10003'
-73.8927,40.7019,0,4,'NYOtto Rd10003|NYOtto Rd10003+NYCentral Ave+10003|NYOtto Rd10003+NY64th St+10003|NYOtto Rd10003+NYCypress Hills St+10003|NYCentral Ave10003+NY64th St+10003|NYCentral Ave10003+NYCypress Hills St+10003|NY64th St10003|NY64th St10003+NYCypress Hills St+10003'
-73.8927,40.6514,0,1,'NYWilliams Ave10003+NYGlenwood Rd+10003'
-73.8927,40.7214,0,19,'NY60th Ave10003+NY69th St+10003'
-73.8927,40.7198,0,5,'NY60th Dr10003|NY60th Dr10003+NY68th St+10003'
-73.8927,40.8827,0,2,'NYVan Cortlandt Ave W10003'
-73.8927,40.8436,0,1,'NYCrotona Ave10003+NYCross Bronx Expy+10003'
-73.8927,40.9131,0,1,'NYSaratoga Ave10003+NYElinor Pl+10003|NYElinor Pl10003'
-73.8927,40.8323,1,24,'NYLouis Nine Blvd10003+NYIntervale Ave+10003|NYIntervale Ave10003'
-73.8926,40.8583,0,6,'NYPark Ave10003+NYE 187th St+10003'
-73.8926,40.8700,0,7,'NYCreston Ave10003+NYE 197th St+10003|NYE 197th St10003'
-73.8926,40.8558,0,2,'NYE 184th St10003+NYWashington Ave+10003'
-73.8926,40.6969,0,12,'NY78th Ave10003|NY78th Ave10003+NY62nd St+10003'
-73.8926,40.6779,1,5,'NYFulton St10003+NYMiller Ave+10003'
-73.8926,40.8605,0,5,'NYUS Hwy 110002+NYE 189th St+10002|NYWebster Ave10002+NYE 189th St+10002|NYE 189th St10003'
-73.8926,40.6489,0,2,'NYFlatlands Ave10003+NYE 108th St+10003'
-73.8926,40.8826,0,5,'NYGouverneur Ave10003'
-73.8925,40.7268,1,1,'NY70th St10003|NY70th St10003+NY57th Rd+10003|NY57th Rd10003'
-73.8925,40.7585,5,77,'NY75th St10003+NY31st Ave+10003'
-73.8925,40.6666,3,54,'NYVermont St10003+NYDumont Ave+10003|NYVermont Ave10003+NYDumont Ave+10003'
-73.8925,40.7188,1,7,'NYEliot Ave10003+NY68th St+10003|NY68th St10003'
-73.8925,40.6433,0,4,'NYE 103rd St10003+NYAve K+10003'
-73.8925,40.8423,0,5,'NYClinton Ave10003+NYE 175th St+10003'
-73.8925,40.6377,0,3,'NYAve M10003+NYE 98th St+10003'
-73.8925,40.7169,2,11,'NY67th St10003|NY67th St10003+NY61st Dr+10003|NY61st Dr10003'
-73.8925,40.8438,0,1,'NYE 176th St10003+NYCrotona Ave+10003'
-73.8925,40.7686,6,52,'NY77th St10003+NYDitmars Blvd+10003'
-73.8925,40.7034,0,5,'NY64th Pl10003|NY64th Pl10003+NYShaler Ave+10003'
-73.8925,40.6596,0,5,'NYSheffield Ave10003+NYHegeman Ave+10003'
-73.8925,40.6537,0,1,'NYWortman Ave10003|NYWortman Ave10003+NYLouisiana Ave+10003'
-73.8924,40.9455,0,1,'NYPalisade Ave10003+NYDelavan Ter+10003|NYDelavan Ter10003'
-73.8924,40.7010,0,8,'NY64th St10003'
-73.8924,40.8640,0,2,'NYE 193rd St10003|NYE 193rd St10003+NYBainbridge Ave+10003'
-73.8924,40.8480,0,3,'NYArthur Ave10003+NYE 179th St+10003'
-73.8924,40.8686,0,8,'NYGrand Concourse10003+NYMiriam St+10003|NYMiriam St10003'
-73.8924,40.7471,119,320,'NYBroadway10003+NY37th Rd+10003|NYBroadway10003+NY73rd St+10003|NY37th Rd10003|NY37th Rd10003+NY73rd St+10003'
-73.8924,40.8112,0,1,'NYCraven St10003|NYCraven St10003+NYRandall Ave+10003'
-73.8924,40.6811,0,4,'NYVan Siclen Ct10003'
-73.8924,40.9157,0,1,'NYVan Cortlandt Park Ave10003+NYWolffe St+10003'
-73.8924,40.7003,0,12,'NY74th Ave10003+NY64th St+10003|NY64th St10003'
-73.8924,40.6350,0,7,'NYAvenue N10003+NYE 96th St+10003'
-73.8924,40.7405,6,93,'NY45th Ave10003+NY72nd St+10003|NY72nd St10003'
-73.8923,40.7085,1,1,'NYTraffic Ave10003'
-73.8923,40.7309,0,7,'NY53rd Rd10003'
-73.8923,40.7312,0,22,'NY53rd Ave10003'
-73.8923,40.6806,0,4,'NYJamaica Ave10003+NYVan Siclen Ave+10003|NYVan Siclen Ave10003'
-73.8923,40.7345,0,15,'NYCalamus Ave10003+NY72nd St+10003|NY72nd St10003'
-73.8923,40.8499,0,1,'NYE 180th St10003+NYLafontaine Ave+10003'
-73.8923,40.7468,63,162,'NY73rd St10003+NYRoosevelt Ave+10003'
-73.8923,40.7730,1,13,'NY19th Rd10003+NY78th St+10003|NY78th St10003'
-73.8923,40.7337,0,28,'NY52nd Ave10003'
-73.8923,40.7359,0,2,'NY72nd St10003+NY51st Ave+10003'
-73.8923,40.6622,0,8,'NYNew Jersey Ave10003+NYNew Lots Ave+10003'
-73.8923,40.7625,9,61,'NY25th Ave10003+NY76th St+10003|NY76th St10003'
-73.8923,40.7248,0,6,'NY58th Rd10003|NY58th Rd10003+NY69th Ln+10003'
-73.8923,40.7278,5,66,'NY71st St10003+NYGrand Ave+10003'
-73.8923,40.7657,64,20,'NYAstoria Blvd10003+NY68th St+10003|NY68th St10003'
-73.8923,40.7379,0,5,'NY72nd St10003'
-73.8923,40.8189,0,3,'NYBarretto St10003+NYBruckner Blvd+10003'
-73.8923,40.6291,0,1,'NYSkidmore Pl10003|NYSkidmore Pl10003+NYSkidmore Ave+10003|NYSkidmore Ave10003'
-73.8923,40.7264,0,15,'NY70th St10003|NY70th St10003+NY57th Dr+10003'
-73.8923,40.7208,1,19,'NY60th Rd10003+NY69th St+10003'
-73.8922,40.8460,0,6,'NYHughes Ave10003|NYHughes Ave10003+NYE Tremont Ave+10003'
-73.8922,40.8629,1,1,'NYDorothea Pl10003|NYDorothea Pl10003+NYMarion Ave+10003'
-73.8922,40.7396,8,14,'NY72nd St10003|NY72nd St10003+NYState Hwy 25+10003|NY72nd St10003+NYQueens Blvd+10003'
-73.8922,40.8588,0,2,'NYPark Ave10003+NYCyrus Pl+10003|NYCyrus Pl10003'
-73.8922,40.6453,1,2,'NYE 105th St10003+NYFlatlands 1st St+10003|NYFlatlands 1st St10003'
-73.8922,40.7233,0,19,'NY59th Rd10003|NY59th Rd10003+NY69th Pl+10003'
-73.8922,40.7250,5,12,'NY69th Ln10003'
-73.8922,40.8845,1,36,'NYGale Pl10003|NYGale Pl10003+NYOrloff Ave+10003'
-73.8922,40.8411,1,7,'NYProspect Ave10003|NYProspect Ave10003+NYCrotona Park N+10003'
-73.8922,40.8528,0,10,'NYE 182nd St10003|NYE 182nd St10003+NY3rd Ave+10003'
-73.8922,40.8336,1,0,'NYCharlotte St10003+NYSeabury Pl+10003|NYCharlotte St10003+NYE 170th St+10003|NYSeabury Pl10003|NYSeabury Pl10003+NYE 170th St+10003|NYE 170th St10003'
-73.8921,40.6988,0,8,'NY64th St10003+NY75th Ave+10003|NY75th Ave10003'
-73.8921,40.6463,0,3,'NYE 106th St10003|NYE 106th St10003+NYAve J+10003'
-73.8921,40.6407,1,4,'NYE 101st St10003+NYAve L+10003'
-73.8921,40.6322,0,8,'NYE 94th St10003|NYE 94th St10003+NYCanarsie Rd+10003|NYE 94th St10003+NYSeaview Ave+10003|NYCanarsie Rd10003+NYSeaview Ave+10003'
-73.8921,40.6650,0,16,'NYVermont St10003+NYLivonia Ave+10003|NYLivonia Ave10003+NYVermont Ave+10003'
-73.8921,40.8646,0,17,'NYE 194th St10003+NYBainbridge Ave+10003'
-73.8921,40.7048,0,9,'NY65th St10003+NYCatalpa Ave+10003'
-73.8921,40.7190,0,12,'NYEliot Ave10003+NY68th St+10003|NY68th St10003'
-73.8921,40.7667,19,36,'NY77th St10003'
-73.8921,40.8781,0,2,'NYGoulden Ave10003+NYW 205th St+10003|NYW 205th St10003'
-73.8921,40.7720,1,46,'NY78th St10003+NY19th Dr+10003|NY19th Dr10003'
-73.8921,40.8564,0,3,'NYE 185th St10003+NYWashington Ave+10003'
-73.8921,40.6797,0,4,'NYVan Siclen Ave10003+NYArlington Ave+10003'
-73.8921,40.6287,1,1,'NYSchenck St10003|NYSchenck St10003+NYSkidmore Pl+10003|NYSkidmore Pl10003'
-73.8921,40.8427,0,1,'NYClinton Ave10003|NYClinton Ave10003+NYFairmont Pl+10003|NYFairmont Pl10003'
-73.8921,40.8188,1,7,'NYBruckner Expy10001+NYBarretto St+10001|NYBarretto St10003+NYI 278+10003'
-73.8920,40.8443,1,2,'NYCrotona Ave10003+NYFairmount Pl+10003|NYFairmount Pl10003'
-73.8920,40.6817,0,7,'NYHendrix St10003|NYHendrix St10003+NYSunnyside Ave+10003'
-73.8920,40.6955,0,1,'NY80th Ave10003+NY62nd St+10003'
-73.8920,40.6979,0,5,'NYCooper Ave10003+NY64th St+10003'
-73.8920,40.9464,0,2,'NYPalisade Ave10003+NYGlenwood Ave+10003'
-73.8920,40.8555,1,1,'NYE 184th St10003+NYBassford Ave+10003'
-73.8920,40.8458,0,2,'NYBelmont Ave10003|NYBelmont Ave10003+NYE Tremont Ave+10003'
-73.8920,40.7182,0,9,'NY61st Rd10003+NY68th St+10003'
-73.8920,40.8128,0,1,'NYTruxton St10003+NYWorthen St+10003'
-73.8920,40.6827,0,12,'NYHighland Blvd10003+NYHeath Pl+10003|NYHeath Pl10003'
-73.8920,40.7606,4,68,'NY30th Ave10003+NY76th St+10003|NY76th St10003'
-73.8920,40.5665,0,3,'NYBeach 181st St10003+NYBrowns Blvd+10003|NYBrowns Blvd10003'
-73.8919,40.7029,0,1,'NYOtto Rd10003+NY64th Pl+10003|NY64th Pl10003'
-73.8919,40.8247,2,10,'NYSouthern Blvd10003+NYWestchester Ave+10003'
-73.8919,40.8707,0,5,'NYE 198th St10003+NYCreston Ave+10003'
-73.8919,40.8592,0,4,'NYPark Ave10003+NYE 188th St+10003'
-73.8919,40.8268,0,3,'NYSouthern Blvd10003+NYE 167th St+10003'
-73.8919,40.7657,16,24,'NYAstoria Blvd10003+NY77th St+10003|NY77th St10003'
-73.8919,40.7706,0,42,'NY78th St10003+NY21st Ave+10003'
-73.8919,40.8285,0,8,'NYSouthern Blvd10003+NYHome St+10003'
-73.8919,40.7549,27,148,'NYNorthern Blvd10002+NY75th St+10002'
-73.8919,40.8301,1,11,'NYSouthern Blvd10003+NYLouis Nine Blvd+10003|NYSouthern Blvd10003+NYFreeman St+10003|NYLouis Nine Blvd10003|NYLouis Nine Blvd10003+NYFreeman St+10003'
-73.8919,40.8466,0,3,'NYHughes Ave10003+NYE 178th St+10003|NYE 178th St10003'
-73.8918,40.7043,2,4,'NY65th St10003|NY65th St10003+NYShaler Ave+10003'
-73.8918,40.8137,0,1,'NYLongwood Ave10003+NYSpofford Ave+10003|NYSpofford Ave10003'
-73.8918,40.6296,0,1,'NYE 91st St10003|NYE 91st St10003+NYSkidmore Ave+10003'
-73.8918,40.8674,0,20,'NYE 196th St10003+NYValentine Ave+10003'
-73.8918,40.7064,0,5,'NY65th Pl10003+NY68th Ave+10003|NY68th Ave10003'
-73.8918,40.8546,0,7,'NYE 183rd St10003+NYBathgate Ave+10003'
-73.8918,40.7490,88,314,'NY74th St10003'
-73.8918,40.8231,2,13,'NYSouthern Blvd10003+NYAldus St+10003|NYAldus St10003'
-73.8918,40.8636,1,3,'NYE 193rd St10003+NYMarion Ave+10003'
-73.8918,40.8457,0,4,'NYBelmont Ave10003|NYBelmont Ave10003+NYE Tremont Ave+10003'
-73.8918,40.8508,0,2,'NYE 181st St10003+NYLafontaine Ave+10003|NYLafontaine Ave10003'
-73.8918,40.7272,1,8,'NY71st St10003|NY71st St10003+NY57th Rd+10003'
-73.8918,40.8619,2,11,'NYDecatur Ave10003|NYDecatur Ave10003+NYE Fordham Rd+10003'
-73.8918,40.7202,0,31,'NY60th Dr10003+NY69th St+10003'
-73.8918,40.8850,1,15,'NYVan Cortlandt Park S10003+NYOrloff Ave+10003|NYOrloff Ave10003'
-73.8918,40.6438,1,5,'NYE 104th St10003+NYAve K+10003'
-73.8918,40.6382,0,2,'NYAve M10003+NYE 99th St+10003'
-73.8918,40.7345,1,11,'NYCalamus Ave10003+NY72nd St+10003|NY72nd St10003'
-73.8917,40.7490,18,89,'NY74th St10003'
-73.8917,40.8517,0,1,'NYQuarry Rd10003+NYOak Tree Pl+10003|NYOak Tree Pl10003'
-73.8917,40.6635,0,12,'NYVermont St10003+NYRiverdale Ave+10003|NYRiverdale Ave10003+NYVermont Ave+10003'
-73.8917,40.8327,0,1,'NYCharlotte St10003'
-73.8917,40.8695,1,29,'NYGrand Concourse10003+NYE 197th St+10003'
-73.8917,40.9108,0,3,'NYVan Cortlandt Park Ave10003+NYCaryl Ave+10003|NYCaryl Ave10003'
-73.8917,40.7227,0,23,'NY59th Dr10003|NY59th Dr10003+NY69th Pl+10003'
-73.8917,40.8159,0,3,'NYTiffany St10003+NYBarry St+10003'
-73.8917,40.8570,0,2,'NYWashington Ave10003+NYE 186th St+10003'
-73.8917,40.7644,4,19,'NY24th Ave10003|NY24th Ave10003+NY77th St+10003'
-73.8917,40.6780,2,14,'NYVan Siclen Ave10003+NYFulton St+10003'
-73.8917,40.7014,3,14,'NY64th Pl10003|NY64th Pl10003+NYCypress Hills St+10003'
-73.8917,40.7178,0,2,'NY61st Dr10003|NY61st Dr10003+NY68th St+10003|NY68th St10003'
-73.8916,40.8823,3,7,'NYHillman Ave10003|NYHillman Ave10003+NYSedgwick Ave+10003'
-73.8916,40.6599,0,10,'NYPennsylvania Ave10003+NYHegeman Ave+10003'
-73.8916,40.6448,0,4,'NYE 105th St10003+NYFlatlands 2nd St+10003|NYFlatlands 2nd St10003'
-73.8916,40.8745,0,2,'NYPaul Ave10003+NYBedford Park Blvd W+10003'
-73.8916,40.7021,0,6,'NYCentral Ave10003+NY64th Pl+10003|NY64th Pl10003'
-73.8916,40.8327,1,2,'NYMinford Pl10003'
-73.8916,40.8432,0,1,'NYClinton Ave10003|NYClinton Ave10003+NYE 176th St+10003|NYClinton Ave10003+NYCross Bronx Expy+10003|NYE 176th St10003+NYCross Bronx Expy+10003'
-73.8916,40.8210,2,27,'NYSouthern Blvd10003+NYHunts Point Ave+10003|NYSouthern Blvd10003+NYE 163rd St+10003|NYHunts Point Ave10003|NYHunts Point Ave10003+NYE 163rd St+10003'
-73.8916,40.7586,2,7,'NY76th St10003'
-73.8916,40.7430,3,49,'NY73rd St10003'
-73.8916,40.8627,0,1,'NYDorothea Pl10003|NYDorothea Pl10003+NYDorothea Pl+10003'
-73.8916,40.6355,2,7,'NYAvenue N10003+NYRockaway Pkwy+10003'
-73.8916,40.7687,13,82,'NY78th St10003+NYDitmars Blvd+10003'
-73.8915,40.8495,0,7,'NYArthur Ave10003+NYE 180th St+10003'
-73.8915,40.7282,6,73,'NYMazeau St10003|NYMazeau St10003+NYGrand Ave+10003|NYMazeau St10003+NY72nd St+10003|NYGrand Ave10003+NY72nd St+10003|NY72nd St10003'
-73.8915,40.8417,0,3,'NYProspect Ave10003+NYE 175th St+10003'
-73.8915,40.6810,0,2,'NYJamaica Ave10003+NYHendrix St+10003'
-73.8915,40.7050,1,2,'NY65th Pl10003|NY65th Pl10003+NYCatalpa Ave+10003|NY65th Pl10003+NYShaler Ave+10003|NYCatalpa Ave10003|NYCatalpa Ave10003+NYShaler Ave+10003|NYShaler Ave10003'
-73.8915,40.7469,210,313,'NY74th St10003+NYBroadway+10003|NY74th St10003+NYRoosevelt Ave+10003|NYBroadway10003+NYRoosevelt Ave+10003'
-73.8915,40.6582,1,3,'NYSheffield Ave10003+NYLinden Blvd+10003'
-73.8915,40.7306,0,18,'NY53rd Rd10003'
-73.8914,40.6626,0,2,'NYVermont St10003|NYVermont St10003+NYNew Lots Ave+10003|NYVermont St10003+NYVermont St+10003|NYNew Lots Ave10003+NYVermont Ave+10003|NYNew Lots Ave10003+NYVermont St+10003|NYVermont Ave10003|NYVermont Ave10003+NYVermont St+10003'
-73.8914,40.7308,0,13,'NY53rd Rd10003'
-73.8914,40.6468,0,4,'NYAve J10003+NYE 107th St+10003|NYE 107th St10003'
-73.8914,40.6412,0,2,'NYAve L10003+NYE 102nd St+10003'
-73.8914,40.8600,0,2,'NYPark Ave10003|NYPark Ave10003+NYE 189th St+10003'
-73.8914,40.7345,0,11,'NYCalamus Ave10003+NY72nd Pl+10003|NY72nd Pl10003'
-73.8914,40.8617,3,18,'NYE Fordham Rd10003|NYE Fordham Rd10003+NYUS Hwy 1+10003|NYE Fordham Rd10003+NYWebster Ave+10003|NYE Fordham Rd10003+NYE Fordham Rd+10003|NYUS Hwy 110002+NYWebster Ave+10002|NYWebster Ave10002|NYWebster Ave10002+NYE Fordham Rd+10002|NYWebster Ave10002+NYWebster Ave+10002|NYE Fordham Rd10002|NYE Fordham Rd10002+NYWebster Ave+10002|NYWebster Ave10003'
-73.8914,40.7352,0,31,'NY51st Dr10003'
-73.8914,40.7359,1,0,'NY51st Rd10003'
-73.8914,40.6327,0,3,'NYE 95th St10003+NYSeaview Ave+10003'
-73.8914,40.6524,0,1,'NYGlenwood Rd10003|NYGlenwood Rd10003+NYCozine Ave+10003|NYGlenwood Rd10003+NYLouisiana Ave+10003|NYCozine Ave10003|NYCozine Ave10003+NYLouisiana Ave+10003'
-73.8914,40.8630,0,2,'NYDorothea Pl10003'
-73.8913,40.8475,0,3,'NYHughes Ave10003+NYE 179th St+10003'
-73.8913,40.7571,2,71,'NY32nd Ave10003+NY76th St+10003'
-73.8913,40.6303,1,4,'NYE 92nd St10003|NYE 92nd St10003+NYSkidmore Ave+10003'
-73.8913,40.8641,0,11,'NYE 194th St10003+NYMarion Ave+10003'
-73.8913,40.8575,0,5,'NYE 187th St10003+NYWashington Ave+10003'
-73.8913,40.7283,0,20,'NY57th Ave10003|NY57th Ave10003+NYGrand Ave+10003'
-73.8913,40.8251,0,2,'NYW Farms Rd10003|NYW Farms Rd10003+NYE 165th St+10003|NYW Farms Rd10003+NYWestchester Ave+10003|NYE 165th St10003|NYE 165th St10003+NYWestchester Ave+10003'
-73.8913,40.8552,0,1,'NYE 184th St10003+NYBathgate Ave+10003'
-73.8913,40.8680,0,4,'NYValentine Ave10003+NYMiriam St+10003|NYMiriam St10003'
-73.8913,40.5652,0,3,'NYBeach 181st St10003|NYBeach 181st St10003+NYState Rd+10003|NYBeach 181st St10003+NYRockaway Point Blvd+10003'
-73.8913,40.7036,0,4,'NYOtto Rd10003+NY65th St+10003|NY65th St10003'
-73.8913,40.6500,1,1,'NYWilliams Ave10003|NYWilliams Ave10003+NYFlatlands Ave+10003'
-73.8913,40.8164,0,2,'NYLafayette Ave10003+NYBarry St+10003|NYBarry St10003'
-73.8912,40.7724,0,27,'NY19th Dr10003+NY79th St+10003|NY79th St10003'
-73.8912,40.6799,0,1,'NYHendrix St10003+NYArlington Ave+10003'
-73.8912,40.7666,30,40,'NY78th St10003'
-73.8912,40.9124,0,1,'NYCoyle Pl10003|NYCoyle Pl10003+NYIntervale Pl+10003'
-73.8912,40.9483,0,1,'NYPalisade Ave10003+NYLake Ave+10003'
-73.8912,40.7257,4,14,'NYQn Midtown Expressway Exit Eb10003'
-73.8912,40.6817,0,1,'NYSchenck Ct10003'
-73.8911,40.7345,0,5,'NYCalamus Ave10003+NY72nd Pl+10003|NY72nd Pl10003'
-73.8911,40.8589,0,2,'NY3rd Ave10003+NYE 188th St+10003|NYE 188th St10003'
-73.8911,40.8601,0,4,'NY3rd Ave10003+NYE 189th St+10003'
-73.8911,40.6957,0,3,'NY64th St10003|NY64th St10003+NY80th Ave+10003'
-73.8911,40.8587,0,1,'NY3rd Ave10003+NYE 188th St+10003|NYE 188th St10003'
-73.8911,40.8138,1,3,'NYTiffany St10003+NYSpofford Ave+10003'
-73.8911,40.8670,0,12,'NYE 196th St10003+NYBriggs Ave+10003'
-73.8911,40.6981,0,8,'NY64th Pl10003+NYCooper Ave+10003'
-73.8911,40.8574,0,5,'NYE 187th St10003+NY3rd Ave+10003'
-73.8911,40.8712,1,4,'NYCreston Ave10003'
-73.8911,40.8615,3,15,'NYUS Hwy 110002+NYPark Ave+10002|NYPark Ave10003|NYPark Ave10003+NYE Fordham Rd+10003'
-73.8911,40.7038,0,2,'NYOtto Rd10003+NY70th Ave+10003|NY70th Ave10003'
-73.8910,40.6386,0,2,'NYAve M10003+NYE 100th St+10003'
-73.8910,40.6442,1,4,'NYE 105th St10003+NYAve K+10003'
-73.8910,40.7246,1,19,'NYCaldwell Ave10003+NY70th St+10003|NY70th St10003'
-73.8910,40.8181,0,4,'NYGarrison Ave10003+NYBarretto St+10003'
-73.8910,40.8438,0,4,'NYClinton Ave10003+NYFairmount Pl+10003|NYFairmount Pl10003'
-73.8910,40.8718,0,21,'NYMinerva Pl10003|NYMinerva Pl10003+NYJerome Ave+10003'
-73.8910,40.8702,4,23,'NYE 198th St10003+NYGrand Concourse+10003'
-73.8910,40.7707,1,44,'NY21st Ave10003+NY79th St+10003'
-73.8909,40.7262,1,11,'NYQn Midtown Expressway Exit Wb10003'
-73.8909,40.7550,123,1409,'NYNorthern Blvd10002+NY76th St+10002'
-73.8909,40.6834,0,5,'NYHighland Blvd10003+NYBarberry Ct+10003|NYBarberry Ct10003'
-73.8909,40.8268,0,6,'NYHoe Ave10003+NYE 167th St+10003'
-73.8909,40.8541,1,12,'NYE 183rd St10003|NYE 183rd St10003+NY3rd Ave+10003'
-73.8909,40.7653,1,12,'NYWhite Oak Ct10003'
-73.8909,40.8286,0,5,'NYHoe Ave10003+NYHome St+10003'
-73.8909,40.7431,1,37,'NY74th St10003'
-73.8909,40.8472,0,1,'NYE 179th St10003+NYBelmont Ave+10003'
-73.8909,40.7491,16,239,'NY75th St10003'
-73.8908,40.6603,0,7,'NYNew Jersey Ave10003+NYHegeman Ave+10003'
-73.8908,40.7286,2,17,'NY72nd Pl10003|NY72nd Pl10003+NYGrand Ave+10003'
-73.8908,40.7491,44,1353,'NY75th St10003'
-73.8908,40.8203,1,5,'NYHunts Point Ave10003+NYBruckner Blvd+10003'
-73.8908,40.8358,0,2,'NYBoston Rd10003+NYSeabury Pl+10003|NYSeabury Pl10003'
-73.8908,40.6813,0,1,'NYJamaica Ave10003+NYSchenck Ct+10003|NYSchenck Ct10003'
-73.8908,40.6309,0,8,'NYE 93rd St10003+NYSkidmore Ave+10003'
-73.8908,40.8849,1,14,'NYVan Cortlandt Park S10003+NYGouverneur Ave+10003|NYGouverneur Ave10003'
-73.8908,40.8558,0,2,'NYE 185th St10003|NYE 185th St10003+NY3rd Ave+10003|NYE 185th St10003+NYBathgate Ave+10003|NY3rd Ave10003+NYBathgate Ave+10003'
-73.8908,40.7390,5,34,'NY47th Ave10003|NY47th Ave10003+NY73rd St+10003'
-73.8908,40.6782,2,11,'NYHendrix St10003+NYFulton St+10003'
-73.8908,40.9312,0,3,'NYPoplar St10003+NYOak St+10003'
-73.8908,40.7645,2,12,'NYWhite Oak Ct10003|NYWhite Oak Ct10003+NY78th St+10003|NYWhite Oak Ct10003+NY24th Ave+10003|NY78th St10003|NY78th St10003+NY24th Ave+10003'
-73.8908,40.7338,0,24,'NY52nd Ave10003'
-73.8907,40.7215,0,9,'NY60th Rd10003|NY60th Rd10003+NY69th Pl+10003'
-73.8907,40.7023,0,22,'NYCentral Ave10003+NY65th St+10003'
-73.8907,40.7431,0,57,'NY74th St10003|NY74th St10003+NYWoodside Ave+10003'
-73.8907,40.8324,5,17,'NYSouthern Blvd10003+NYJennings St+10003'
-73.8907,40.7393,7,5,'NY73rd St10003|NY73rd St10003+NYState Hwy 25+10003|NY73rd St10003+NYQueens Blvd+10003'
-73.8907,40.6473,0,3,'NYAve J10003|NYAve J10003+NYE 108th St+10003'
-73.8907,40.7723,0,17,'NY19th Dr10003'
-73.8907,40.8202,2,6,'NYBruckner Expy10001+NYHunts Point Ave+10001|NYHunts Point Ave10003+NYI 278+10003'
-73.8907,40.5654,0,1,'NYHarmony Rd10003|NYHarmony Rd10003+NYState Rd+10003|NYHarmony Rd10003+NYRockaway Point Blvd+10003'
-73.8907,40.7733,1,4,'NY19th Ave10003+NY19th Rd+10003|NY19th Rd10003'
-73.8907,40.8998,1,2,'NYState Hwy 9a Alt10002|NYState Hwy 9a Alt10002+NYHenry Hudson Pkwy+10002|NYState Hwy 9a Alt10002+NYState Hwy 9a Alt+10002|NYHenry Hudson Pkwy10002|NYHenry Hudson Pkwy10002+NYHenry Hudson Pkwy+10002|NYHenry Hudson Pkwy10002+NYState Hwy 9a Alt+10002'
-73.8907,40.7587,3,22,'NY77th St10003+NY31st Ave+10003'
-73.8907,40.6417,0,3,'NYE 103rd St10003+NYAve L+10003'
-73.8907,40.6360,2,11,'NYAvenue N10003+NYE 98th St+10003'
-73.8907,40.7666,8,19,'NYAstoria Blvd Crossover10003'
-73.8907,40.6814,1,0,'NYJamaica Ave10003+NYSchenck Ave+10003|NYSchenck Ave10003'
-73.8907,40.8630,0,4,'NYE 193rd St10003+NYDecatur Ave+10003'
-73.8906,40.8344,0,2,'NYMinford Pl10003+NYE 172nd St+10003'
-73.8906,40.7278,2,13,'NYMazeau St10003+NY57th Rd+10003|NY57th Rd10003'
-73.8906,40.7188,0,32,'NY61st Rd10003+NY69th St+10003'
-73.8906,40.7688,3,58,'NYDitmars Blvd10003+NY79th St+10003'
-73.8906,40.6629,0,6,'NYWyona St10003+NYNew Lots Ave+10003'
-73.8906,40.8584,1,32,'NYWashington Ave10003+NYE 188th St+10003'
-73.8906,40.8369,1,10,'NYCrotona Park E10003+NYE 173rd St+10003'
-73.8906,40.8251,1,5,'NYHoe Ave10003+NYE 165th St+10003'
-73.8905,40.8688,1,15,'NYValentine Ave10003+NYE 197th St+10003'
-73.8905,40.9168,0,1,'NYProspect Dr10003'
-73.8905,40.8115,0,1,'NYTiffany St10003+NYRandall Ave+10003'
-73.8905,40.7313,2,10,'NY53rd Ave10003'
-73.8905,40.8427,1,1,'NYProspect Ave10003+NYE 176th St+10003'
-73.8905,40.7469,136,137,'NY75th St10003+NYRoosevelt Ave+10003'
-73.8905,40.6333,0,2,'NYE 96th St10003|NYE 96th St10003+NYSt Jude Pl+10003|NYE 96th St10003+NYSeaview Ave+10003|NYSt Jude Pl10003|NYSt Jude Pl10003+NYSeaview Ave+10003'
-73.8905,40.8512,0,1,'NYArthur Ave10003+NYOak Tree Pl+10003'
-73.8905,40.7004,0,12,'NY74th Ave10003+NY64th Ln+10003|NY64th Ln10003'
-73.8905,40.7320,0,14,'NY52nd Ct10003'
-73.8905,40.7264,0,3,'NYMazeau St10003'
-73.8905,40.9202,0,2,'NYProspect Dr10003+NYProspect Ter+10003|NYProspect Ter10003'
-73.8905,40.8489,2,5,'NYHughes Ave10003+NYE 180th St+10003'
-73.8904,40.8428,0,2,'NYProspect Ave10003+NYCross Bronx Expy+10003'
-73.8904,40.8550,0,9,'NYLorillard Pl10003|NYLorillard Pl10003+NY3rd Ave+10003'
-73.8904,40.8462,0,8,'NYCrotona Ave10003+NYE 178th St+10003|NYE 178th St10003'
-73.8904,40.7268,1,4,'NYMazeau St10003+NY57th Dr+10003|NY57th Dr10003'
-73.8904,40.8825,0,6,'NYSaxon Ave10003'
-73.8904,40.7326,0,19,'NY52nd Dr10003'
-73.8904,40.8200,1,12,'NYBruckner Blvd10003+NYHunts Point Ave+10003'
-73.8904,40.8705,1,22,'NYGrand Concourse10003+NYMinerva Pl+10003|NYMinerva Pl10003'
-73.8904,40.7225,0,7,'NY69th Ln10003+NY60th Ave+10003'
-73.8904,40.8231,1,21,'NYHoe Ave10003+NYAldus St+10003'
-73.8904,40.7040,0,9,'NY65th Pl10003|NY65th Pl10003+NY70th Ave+10003'
-73.8904,40.6437,1,2,'NYE 105th St10003+NYFlatlands 3rd St+10003|NYFlatlands 3rd St10003'
-73.8904,40.8478,0,1,'NYOakland Pl10003|NYOakland Pl10003+NYBelmont Ave+10003'
-73.8904,40.6289,1,2,'NYSchenck St10003+NYE 91st St+10003|NYE 91st St10003'
-73.8904,40.6898,0,4,'NYHighland Blvd Exd10003+NYInterborough Pkwy+10003'
-73.8904,40.8188,1,11,'NYGarrison Ave10003+NYManida St+10003|NYManida St10003'
-73.8904,40.7381,0,1,'NY73rd Pl10003'
-73.8904,40.7462,54,185,'NY75th St10003+NYBroadway+10003'
-73.8904,40.8666,0,25,'NYE 196th St10003+NYBainbridge Ave+10003'
-73.8904,40.7257,1,14,'NY58th Rd10003+NY71st St+10003'
-73.8904,40.7333,2,9,'NY52nd Rd10003'
-73.8903,40.7732,0,2,'NY80th St10003|NY80th St10003+NY19th Ave+10003'
-73.8903,40.6800,0,4,'NYSchenck Ave10003+NYArlington Ave+10003'
-73.8903,40.7338,1,14,'NY73rd St10003'
-73.8903,40.7249,0,17,'NY71st St10003'
-73.8903,40.7663,19,23,'NYAstoria Blvd Crossover10003+NYGrand Central Pkwy+10003'
-73.8903,40.6315,0,4,'NYCanarsie Rd10003+NYSt Jude Pl+10003|NYCanarsie Rd10003+NYSkidmore Ave+10003|NYSt Jude Pl10003|NYSt Jude Pl10003+NYSkidmore Ave+10003'
-73.8903,40.6825,0,2,'NYSunnyside Ave10003+NYBarbey St+10003'
-73.8903,40.6835,0,2,'NYBarbey St10003'
-73.8903,40.8611,3,29,'NYUS Hwy 110002+NY3rd Ave+10002|NY3rd Ave10003|NY3rd Ave10003+NYE Fordham Rd+10003'
-73.8903,40.7209,1,16,'NY60th Dr10003|NY60th Dr10003+NY69th Pl+10003'
-73.8903,40.6566,0,9,'NYStanley Ave10003+NYSheffield Ave+10003'
-73.8902,40.7011,3,15,'NY65th St10003'
-73.8902,40.7259,1,0,'NY71st St10003'
-73.8902,40.9186,1,0,'NYProspect Dr10003+NYHemlock Dr+10003|NYHemlock Dr10003'
-73.8902,40.7667,7,22,'NY79th St10003'
-73.8902,40.8209,1,12,'NYHoe Ave10003|NYHoe Ave10003+NYBruckner Blvd+10003|NYHoe Ave10003+NYE 163rd St+10003|NYBruckner Blvd10003+NYE 163rd St+10003|NYE 163rd St10003'
-73.8902,40.9590,0,1,'NYAbbey Pl10003|NYAbbey Pl10003+NYConstant Ave+10003'
-73.8902,40.6959,0,5,'NY64th Pl10003|NY64th Pl10003+NY80th Ave+10003'
-73.8902,40.6330,0,1,'NYSaint Jude Pl10003|NYSaint Jude Pl10003+NYSt Jude Pl+10003'
-73.8902,40.6983,0,10,'NYCooper Ave10003+NY64th Ln+10003'
-73.8902,40.7249,0,17,'NY71st St10003'
-73.8902,40.8399,0,5,'NYCrotona Park N10003+NYMarmion Ave+10003|NYMarmion Ave10003'
-73.8902,40.8139,0,9,'NYSpofford Ave10003+NYCasanova St+10003|NYCasanova St10003'
-73.8902,40.8635,0,10,'NYE 194th St10003+NYDecatur Ave+10003'
-73.8901,40.8626,0,4,'NYE 193rd St10003|NYE 193rd St10003+NYWebster Ave+10003'
-73.8901,40.8449,1,9,'NYClinton Ave10003+NYE Tremont Ave+10003'
-73.8901,40.6467,0,2,'NYFlatlands 1st St10003|NYFlatlands 1st St10003+NYE 108th St+10003'
-73.8901,40.7182,0,2,'NY61st Dr10003|NY61st Dr10003+NY69th St+10003'
-73.8901,40.7260,6,0,'NYQn Midtown Expressway Exit Eb10003|NYQn Midtown Expressway Exit Eb10003+NYQueens Midtown Expy+10003'
-73.8901,40.8653,0,11,'NYE 195th St10003|NYE 195th St10003+NYMarion Ave+10003'
-73.8900,40.8432,1,5,'NYProspect Ave10003+NYFairmount Pl+10003|NYFairmount Pl10003'
-73.8900,40.7708,0,30,'NY80th St10003+NY21st Ave+10003'
-73.8900,40.8542,0,1,'NYHoffman St10003|NYHoffman St10003+NYE 184th St+10003'
-73.8900,40.6606,0,2,'NYVermont St10003+NYHegeman Ave+10003'
-73.8900,40.7294,0,8,'NYGrand Ave10003+NY73rd St+10003|NY73rd St10003'
-73.8900,40.7654,15,42,'NYAstoria Blvd10003+NY79th St+10003|NY79th St10003'
-73.8900,40.6511,0,1,'NYFlatlands Ave10003+NYLouisiana Ave+10003'
-73.8900,40.8268,0,10,'NYW Farms Rd10003+NYE 167th St+10003|NYW Farms Rd10003+NYVyse Ave+10003|NYVyse Ave10003'
-73.8900,40.6548,0,2,'NYWortman Ave10003+NYGeorgia Ave+10003'
-73.8899,40.6421,0,2,'NYE 104th St10003+NYAve L+10003'
-73.8899,40.8526,0,4,'NYQuarry Rd10003'
-73.8899,40.6365,0,6,'NYAvenue N10003+NYE 99th St+10003'
-73.8899,40.8287,0,12,'NYHome St10003+NYVyse Ave+10003'
-73.8899,40.8568,0,17,'NYE 187th St10003+NYBathgate Ave+10003'
-73.8899,40.8301,0,9,'NYFreeman St10003+NYVyse Ave+10003'
-73.8899,40.6638,0,5,'NYRiverdale Ave10003+NYBradford St+10003'
-73.8899,40.8499,0,9,'NYHughes Ave10003+NYE 181st St+10003'
-73.8899,40.7401,3,86,'NY46th Ave10003|NY46th Ave10003+NY74th St+10003'
-73.8899,40.8695,1,17,'NYE 198th St10003+NYValentine Ave+10003'
-73.8899,40.6783,0,6,'NYSchenck Ave10003+NYFulton St+10003'
-73.8899,40.8165,0,10,'NYBarretto St10003|NYBarretto St10003+NYLafayette Ave+10003'
-73.8899,40.7646,10,49,'NY24th Ave10003+NY79th St+10003'
-73.8898,40.8847,0,5,'NYVan Cortlandt Park S10003+NYHillman Ave+10003|NYHillman Ave10003'
-73.8898,40.7025,0,16,'NYCentral Ave10003+NY65th Pl+10003'
-73.8898,40.9288,0,1,'NYBeech St10003'
-73.8898,40.6432,0,2,'NYE 105th St10003+NYFlatlands 4th St+10003|NYFlatlands 4th St10003'
-73.8898,40.6589,0,7,'NYNew Jersey Ave10003+NYLinden Blvd+10003'
-73.8898,40.8684,0,2,'NYE 197th St10003+NYBriggs Ave+10003'
-73.8898,40.8724,0,11,'NYE 199th St10003|NYE 199th St10003+NYJerome Ave+10003'
-73.8898,40.8486,0,5,'NYE 180th St10003+NYBelmont Ave+10003'
-73.8898,40.7433,3,112,'NY75th St10003|NY75th St10003+NYWoodside Ave+10003'
-73.8898,40.6633,1,2,'NYNew Lots Ave10003+NYBradford St+10003'
-73.8898,40.8594,0,1,'NYWashington Ave10003+NYE 189th St+10003'
-73.8898,40.6818,0,7,'NYJamaica Ave10003+NYBarbey St+10003'
-73.8898,40.7588,5,33,'NY78th St10003+NY31st Ave+10003'
-73.8897,40.7259,0,6,'NYQn Midtown Expressway en Eb10003'
-73.8897,40.8361,1,13,'NYBoston Rd10003+NYMinford Pl+10003|NYBoston Rd10003+NYE 173rd St+10003|NYMinford Pl10003|NYMinford Pl10003+NYE 173rd St+10003'
-73.8897,40.7391,53,33,'NYState Hwy 2510002+NY74th St+10002|NY74th St10003|NY74th St10003+NYQueens Blvd+10003'
-73.8897,40.8672,0,7,'NYBainbridge Ave10003+NYE 197th St+10003|NYE 197th St10003'
-73.8897,40.8194,0,7,'NYGarrison Ave10003+NYHunts Point Ave+10003'
-73.8897,40.8258,0,4,'NYFaile St10003|NYFaile St10003+NYWestchester Ave+10003'
-73.8897,40.7689,2,36,'NY80th St10003+NYDitmars Blvd+10003'
-73.8897,40.6338,2,6,'NYRockaway Pkwy10003+NYSeaview Ave+10003'
-73.8897,40.7202,0,18,'NYEliot Ave10003+NY69th Pl+10003'
-73.8897,40.8770,0,23,'NYPaul Ave10003+NYW 205th St+10003'
-73.8897,40.7474,3,44,'NY37th Rd10003+NY76th St+10003'
-73.8896,40.7284,0,6,'NY57th Ave10003+NY73rd St+10003|NY73rd St10003'
-73.8896,40.7229,0,31,'NY60th Ave10003+NY70th St+10003'
-73.8896,40.6395,0,1,'NYAve M10003+NYE 102nd St+10003'
-73.8896,40.8532,1,10,'NYCrescent Ave10003|NYCrescent Ave10003+NYE 184th St+10003|NYCrescent Ave10003+NYArthur Ave+10003|NYCrescent Ave10003+NYE 183rd St+10003|NYE 184th St10003|NYE 184th St10003+NYArthur Ave+10003|NYE 184th St10003+NYE 183rd St+10003|NYArthur Ave10003+NYE 183rd St+10003|NYE 183rd St10003'
-73.8896,40.6513,0,2,'NYFlatlands Ave10003+NYMalta St+10003|NYMalta St10003'
-73.8896,40.9154,0,1,'NYPark Hill Ave10003|NYPark Hill Ave10003+NYPark Hill Ave+10003'
-73.8896,40.6842,0,2,'NYHighland Blvd10003|NYHighland Blvd10003+NYRobert Pl+10003|NYRobert Pl10003'
-73.8896,40.7470,20,93,'NYRoosevelt Ave10003+NY76th St+10003'
-73.8896,40.8438,1,9,'NYElsmere Pl10003|NYElsmere Pl10003+NYProspect Ave+10003'
-73.8895,40.8149,0,4,'NYBarretto St10003'
-73.8895,40.7176,0,4,'NY62nd Ave10003|NY62nd Ave10003+NY69th St+10003'
-73.8895,40.7003,0,3,'NY65th St10003|NY65th St10003+NYCypress Hills St+10003'
-73.8895,40.6462,0,1,'NYFlatlands 2nd St10003|NYFlatlands 2nd St10003+NYE 108th St+10003'
-73.8895,40.8518,0,9,'NYAdams Pl10003|NYAdams Pl10003+NYE 182nd St+10003'
-73.8895,40.7042,0,15,'NY66th St10003+NY70th Ave+10003'
-73.8895,40.6294,0,2,'NYSchenck St10003+NYE 92nd St+10003|NYE 92nd St10003'
-73.8895,40.8405,0,5,'NYE 175th St10003+NYMarmion Ave+10003'
-73.8895,40.8474,2,3,'NYCrotona Ave10003+NYOakland Pl+10003'
-73.8895,40.8631,0,6,'NYE 194th St10003|NYE 194th St10003+NYWebster Ave+10003'
-73.8894,40.7730,5605,73,'NY19th Ave10003|NY19th Ave10003+NY81st St+10003|NY81st St10003'
-73.8894,40.8457,0,1,'NYClinton Ave10003+NYE 178th St+10003'
-73.8894,40.7364,1,2,'NY73rd Pl10003|NY73rd Pl10003+NY51st Ave+10003'
-73.8894,40.8734,1,16,'NYBedford Park Blvd10003|NYBedford Park Blvd10003+NYBedford Park Blvd W+10003|NYBedford Park Blvd10003+NYJerome Ave+10003|NYBedford Park Blvd W10003|NYBedford Park Blvd W10003+NYJerome Ave+10003'
-73.8894,40.7265,5,2,'NYQueens Midtown Expy10001'
-73.8893,40.8508,0,2,'NYHughes Ave10003+NYOak Tree Pl+10003|NYOak Tree Pl10003'
-73.8893,40.7458,7,53,'NYBroadway10003+NY76th St+10003'
-73.8893,40.7669,18,26,'NY80th St10003'
-73.8893,40.6961,0,5,'NY64th Ln10003+NY80th Ave+10003'
-73.8893,40.8214,1,5,'NYFaile St10003|NYFaile St10003+NYBruckner Blvd+10003'
-73.8893,40.7012,0,4,'NY65th Pl10003'
-73.8893,40.6986,0,8,'NYCooper Ave10003+NY65th St+10003'
-73.8893,40.8141,0,29,'NYSpofford Ave10003+NYBarretto St+10003'
-73.8893,40.7262,1,7,'NY58th Ave10003'
-73.8892,40.8495,0,10,'NYE 181st St10003+NYBelmont Ave+10003'
-73.8892,40.6370,0,4,'NYAvenue N10003+NYE 100th St+10003'
-73.8892,40.8658,2,12,'NYE 196th St10003|NYE 196th St10003+NYMarion Ave+10003'
-73.8892,40.8564,0,25,'NYLorillard Pl10003+NYE 187th St+10003'
-73.8892,40.6426,0,1,'NYE 105th St10003+NYAve L+10003'
-73.8892,40.6610,0,3,'NYWyona St10003+NYHegeman Ave+10003'
-73.8892,40.5658,0,1,'NYBeach 178th St10003|NYBeach 178th St10003+NYState Rd+10003|NYBeach 178th St10003+NYRockaway Point Blvd+10003'
-73.8892,40.8577,1,18,'NYE 188th St10003+NYBathgate Ave+10003'
-73.8892,40.8186,1,13,'NYHunts Point Ave10003+NYSeneca Ave+10003|NYSeneca Ave10003'
-73.8892,40.7195,0,7,'NY61st Rd10003|NY61st Rd10003+NY69th Pl+10003'
-73.8891,40.8691,0,9,'NYE 198th St10003+NYBriggs Ave+10003'
-73.8891,40.7056,0,2,'NY66th Pl10003|NY66th Pl10003+NYOtto Rd+10003'
-73.8891,40.7661,21,17,'NY80th St10003|NY80th St10003+NY23rd Ave+10003|NY80th St10003+NYSeneca Ave+10003|NY23rd Ave10003|NY23rd Ave10003+NYSeneca Ave+10003|NYSeneca Ave10003'
-73.8891,40.6954,0,7,'NY64th Ln10003|NY64th Ln10003+NY80th Rd+10003|NY80th Rd10003'
-73.8891,40.8679,0,10,'NYBainbridge Ave10003+NYE 197th St+10003|NYE 197th St10003'
-73.8891,40.7293,0,3,'NY73rd Pl10003'
-73.8890,40.7709,63,24,'NY81st St10003+NY21st Ave+10003|NY21st Ave10003'
-73.8890,40.7276,1,4,'NY57th Rd10003|NY57th Rd10003+NY73rd St+10003'
-73.8890,40.8298,0,2,'NYBryant Ave10003+NYFreeman St+10003'
-73.8890,40.7352,0,15,'NY74th St10003+NY51st Dr+10003|NY51st Dr10003'
-73.8890,40.6822,0,8,'NYJamaica Ave10003+NYJerome St+10003|NYJerome St10003'
-73.8890,40.9097,0,1,'NYMcLean Ave10003+NYAllison Ave+10003|NYAllison Ave10003'
-73.8890,40.6786,0,4,'NYBarbey St10003+NYFulton St+10003'
-73.8890,40.8288,0,4,'NYBryant Ave10003+NYHome St+10003'
-73.8890,40.6593,1,1,'NYLinden Blvd10002+NYVermont St+10002'
-73.8890,40.6639,0,13,'NYRiverdale Ave10003+NYMiller Ave+10003'
-73.8890,40.7170,0,13,'NY62nd Rd10003|NY62nd Rd10003+NY69th St+10003'
-73.8890,40.6319,0,2,'NYE 96th St10003|NYE 96th St10003+NYSkidmore Ave+10003'
-73.8890,40.7653,2,31,'NYAstoria Blvd10003+NY80th St+10003|NYAstoria Blvd10003+NYAstoria Blvd Crossover+10003|NY80th St10003+NYAstoria Blvd Crossover+10003|NYAstoria Blvd Crossover10003'
-73.8890,40.7248,3,15,'NY72nd St10003|NY72nd St10003+NYCaldwell Ave+10003'
-73.8890,40.8514,0,5,'NYHughes Ave10003|NYHughes Ave10003+NYE 182nd St+10003'
-73.8889,40.8318,1,27,'NYJennings St10003+NYVyse Ave+10003'
-73.8889,40.9096,0,2,'NYMcLean Ave10003+NYCaryl Ave+10003|NYCaryl Ave10003'
-73.8889,40.7028,0,9,'NYCentral Ave10003+NY66th St+10003'
-73.8889,40.6822,0,1,'NYJamaica Ave10003+NYRidgewood Ave+10003|NYRidgewood Ave10003'
-73.8889,40.6637,0,4,'NYNew Lots Ave10003+NYMiller Ave+10003'
-73.8889,40.6831,0,1,'NYSunnyside Ave10003'
-73.8889,40.8463,0,8,'NYClinton Ave10003+NYE 179th St+10003'
-73.8889,40.8530,0,1,'NYAdams Pl10003+NYE 183rd St+10003'
-73.8889,40.6299,0,1,'NYShore Pkwy Svc Rd10006|NYShore Pkwy Svc Rd10006+NYSchenck St+10006|NYShore Pkwy Svc Rd10006+NYE 93rd St+10006|NYSchenck St10003+NYE 93rd St+10003|NYSchenck St10003+NYShore Pkwy+10003|NYE 93rd St10003|NYE 93rd St10003+NYShore Pkwy+10003|NYShore Pkwy10006'
-73.8889,40.6456,0,1,'NYAve K10003|NYAve K10003+NYE 108th St+10003'
-73.8889,40.8648,1,8,'NYDecatur Ave10003+NYE 195th St+10003'
-73.8889,40.8845,0,6,'NYVan Cortlandt Park S10003+NYSaxon Ave+10003|NYSaxon Ave10003'
-73.8889,40.9486,0,1,'NYPark Ave10003+NYDudley Pl+10003|NYDudley Pl10003'
-73.8889,40.8604,2,15,'NYUS Hwy 110002+NYWashington Ave+10002|NYE Fordham Rd10002+NYWashington Ave+10002|NYWashington Ave10003'
-73.8889,40.8668,1,3,'NYPond Pl10003|NYPond Pl10003+NYE 197th St+10003'
-73.8889,40.8200,0,8,'NYGarrison Ave10003+NYIrvine St+10003|NYIrvine St10003'
-73.8889,40.6400,0,2,'NYE 103rd St10003+NYAve M+10003'
-73.8889,40.7013,0,6,'NY65th Pl10003'
-73.8889,40.8268,0,7,'NYBryant Ave10003+NYE 167th St+10003'
-73.8888,40.7262,0,5,'NY58th Ave10003|NY58th Ave10003+NY58th Ave+10003|NY58th Ave10003+NY73rd St+10003|NY73rd St10003|NY73rd St10003+NY58th Ave+10003'
-73.8888,40.7205,0,28,'NYEliot Ave10003+NY69th Ln+10003'
-73.8888,40.7265,5,18,'NY58th Ave10003|NY58th Ave10003+NY73rd St+10003|NY58th Ave10003+NYQueens Midtown Expy+10003|NY73rd St10003|NY73rd St10003+NYQueens Midtown Expy+10003|NYQueens Midtown Expy10003'
-73.8888,40.6344,0,1,'NYE 98th St10003|NYE 98th St10003+NYSeaview Ave+10003'
-73.8888,40.7589,5,73,'NY31st Ave10003+NY79th St+10003'
-73.8888,40.7233,0,13,'NY60th Ave10003+NY71st St+10003'
-73.8888,40.7274,4,3,'NY73rd St10003'
-73.8888,40.8401,0,3,'NYMohegan Ave10003|NYMohegan Ave10003+NYE 175th St+10003'
-73.8888,40.7475,27,277,'NY77th St10003+NY37th Rd+10003|NY37th Rd10003'
-73.8888,40.8212,1,4,'NYBruckner Blvd10003+NYFaile St+10003|NYFaile St10003'
-73.8887,40.8357,1,8,'NYSouthern Blvd10003+NYE 173rd St+10003'
-73.8887,40.7285,0,4,'NY57th Ave10003+NY73rd Pl+10003|NY73rd Pl10003'
-73.8887,40.7689,5,15,'NY81st St10003+NYDitmars Blvd+10003'
-73.8887,40.6995,0,13,'NYCooper Ave10003|NYCooper Ave10003+NY65th Pl+10003|NYCooper Ave10003+NYCypress Hills St+10003|NY65th Pl10003|NY65th Pl10003+NYCypress Hills St+10003'
-73.8887,40.8252,0,7,'NYBryant Ave10003+NYE 165th St+10003'
-73.8887,40.7425,5,70,'NY43rd Ave10003|NY43rd Ave10003+NY76th St+10003'
-73.8887,40.8392,1,3,'NYCrotona Park E10003|NYCrotona Park E10003+NYCrotona Park N+10003|NYCrotona Park E10003+NYWaterloo Pl+10003|NYCrotona Park N10003|NYCrotona Park N10003+NYWaterloo Pl+10003|NYWaterloo Pl10003'
-73.8887,40.8715,2,16,'NYGrand Concourse10003+NYE 199th St+10003'
-73.8887,40.8178,0,9,'NYGilbert Pl10003|NYGilbert Pl10003+NYHunts Point Ave+10003'
-73.8887,40.8535,0,10,'NYCrescent Ave10003+NYAdams Pl+10003|NYAdams Pl10003'
-73.8886,40.7189,0,21,'NY61st Dr10003|NY61st Dr10003+NY69th Pl+10003'
-73.8886,40.8828,0,23,'NYDickinson Ave10003|NYDickinson Ave10003+NYDickerson Ave+10003|NYDickerson Ave10003'
-73.8886,40.6573,1,7,'NYStanley Ave10003+NYNew Jersey Ave+10003|NYStanley Ave10003+NYNewjersey Ave+10003|NYNew Jersey Ave10003|NYNew Jersey Ave10003+NYNew Jersey Ave+10003|NYNew Jersey Ave10003+NYNewjersey Ave+10003|NYNewjersey Ave10003'
-73.8886,40.8728,0,11,'NYBedford Park Blvd10003+NYVilla Ave+10003|NYVilla Ave10003'
-73.8886,40.7044,0,8,'NY66th Pl10003+NY70th Ave+10003'
-73.8886,40.9181,0,1,'NYRumsey Rd10003|NYRumsey Rd10003+NYWendover Rd+10003|NYWendover Rd10003'
-73.8886,40.7455,5,73,'NY41st Ave10003+NYBroadway+10003'
-73.8886,40.6770,3,42,'NYBarbey St10003+NYAtlantic Ave+10003'
-73.8886,40.6421,0,1,'NYE 105th St10003+NYFlatlands 5th St+10003|NYFlatlands 5th St10003'
-73.8886,40.7417,1,33,'NY44th Ave10003|NY44th Ave10003+NY76th St+10003'
-73.8885,40.8232,1,24,'NYBryant Ave10003+NYAldus St+10003'
-73.8885,40.8187,0,7,'NYIrvine St10003|NYIrvine St10003+NYSeneca Ave+10003'
-73.8885,40.8415,0,3,'NYE 176th St10003+NYMarmion Ave+10003'
-73.8885,40.6374,0,2,'NYE 101st St10003+NYAvenue N+10003'
-73.8885,40.6656,0,21,'NYLivonia Ave10003+NYVan Siclen Ave+10003'
-73.8885,40.6315,0,1,'NYE 96th St10003+NYSeaview Ct+10003|NYSeaview Ct10003'
-73.8884,40.8560,2,37,'NYHoffman St10003+NYE 187th St+10003'
-73.8884,40.9366,0,1,'NYArcher St10003|NYArcher St10003+NYArcher St+10003'
-73.8884,40.7339,0,25,'NY52nd Ave10003|NY52nd Ave10003+NY74th St+10003'
-73.8884,40.7164,0,1,'NY62nd Dr10003|NY62nd Dr10003+NY69th St+10003'
-73.8884,40.8219,1,0,'NYBryant Ave10003|NYBryant Ave10003+NYBruckner Blvd+10003'
-73.8884,40.6963,1,6,'NY65th St10003|NY65th St10003+NY80th Ave+10003'
-73.8884,40.8469,0,2,'NYClinton Ave10003+NYOakland Pl+10003'
-73.8884,40.8386,1,18,'NYCrotona Park E10003|NYCrotona Park E10003+NYCrotona Park E+10003'
-73.8884,40.7671,26,9,'NY81st St10003'
-73.8884,40.6305,0,1,'NYCanarsie Rd10003+NYSchenck St+10003'
-73.8884,40.6613,0,5,'NYBradford St10003+NYHegeman Ave+10003'
-73.8884,40.6688,1,40,'NYBlake Ave10003+NYHendrix St+10003'
-73.8884,40.7332,0,9,'NY74th St10003+NY52nd Rd+10003|NY52nd Rd10003'
-73.8884,40.7276,7,3,'NY57th Rd10003|NY57th Rd10003+NY73rd Pl+10003|NY73rd Pl10003'
-73.8884,40.8663,0,2,'NYE 197th St10003+NYMarion Ave+10003'
-73.8884,40.7013,1,6,'NY66th St10003'
-73.8883,40.8586,0,6,'NYE 189th St10003+NYBathgate Ave+10003'
-73.8883,40.7454,10,58,'NY77th St10003+NYBroadway+10003'
-73.8883,40.8452,1,9,'NYProspect Ave10003+NYE 178th St+10003'
-73.8883,40.6555,0,2,'NYWortman Ave10003+NYPennsylvania Ave+10003'
-73.8883,40.8685,0,27,'NYE 198th St10003+NYMount Saint Ursula Pl+10003|NYE 198th St10003+NYBainbridge Ave+10003|NYMount Saint Ursula Pl10003'
-73.8883,40.7325,0,3,'NY74th St10003+NY52nd Dr+10003|NY52nd Dr10003'
-73.8883,40.6852,1,0,'NYHighland Blvd Exd10003'
-73.8883,40.7388,20,24,'NYState Hwy 2510002+NY76th St+10002|NYQueens Blvd10002+NY76th St+10002|NY76th St10003'
-73.8883,40.6989,0,3,'NYCooper Ave10003+NYCypress Hills St+10003'
-73.8883,40.7403,1,30,'NY46th Ave10003+NY76th St+10003'
-73.8883,40.7663,4,4,'NY81st St10003|NY81st St10003+NY23rd Ave+10003|NY81st St10003+NYSeneca Ave+10003|NY23rd Ave10003+NYSeneca Ave+10003|NYSeneca Ave10003'
-73.8883,40.7319,0,8,'NY74th St10003+NY52nd Ct+10003|NY52nd Ct10003'
-73.8882,40.8600,2,6,'NYUS Hwy 110002+NYEmmet St+10002|NYE Fordham Rd10002+NYEmmet St+10002|NYEmmet St10003'
-73.8882,40.8548,0,8,'NYE 186th St10003|NYE 186th St10003+NYArthur Ave+10003'
-73.8882,40.7285,0,2,'NY57th Ave10003+NY73rd Pl+10003|NY73rd Pl10003'
-73.8882,40.8288,0,2,'NYW Farms Rd10003+NYHome St+10003'
-73.8882,40.8536,0,2,'NYCrescent Ave10003+NYHughes Ave+10003|NYHughes Ave10003'
-73.8882,40.6596,0,1,'NYWyona St10003|NYWyona St10003+NYLinden Blvd+10003'
-73.8882,40.7269,3,25,'NYQueens Midtown Expy10003+NY73rd Pl+10003|NY73rd Pl10003'
-73.8882,40.7312,0,4,'NY74th St10003+NY53rd Ave+10003|NY53rd Ave10003'
-73.8882,40.7684,53,77,'NYMarine Terminal Rd10003|NYMarine Terminal Rd10003+NYDitmars Blvd+10003'
-73.8882,40.7262,0,50,'NY58th Ave10003+NY73rd Pl+10003|NY73rd Pl10003'
-73.8882,40.6324,1,6,'NYSkidmore Ave10003|NYSkidmore Ave10003+NYRockaway Pkwy+10003'
-73.8882,40.6788,1,9,'NYJerome St10003+NYFulton St+10003'
-73.8881,40.7183,0,10,'NY62nd Ave10003+NY69th Pl+10003'
-73.8881,40.8399,0,1,'NYE 175th St10003+NYWaterloo Pl+10003'
-73.8881,40.8417,0,1,'NYCross Bronx Expy10002+NYMarmion Ave+10002'
-73.8881,40.6823,0,4,'NYWarwick St10003+NYRidgewood Ave+10003'
-73.8881,40.8643,0,2,'NYE 195th St10003|NYE 195th St10003+NYWebster Ave+10003'
-73.8881,40.9159,0,1,'NYMadeline Pkwy10003+NYLattin Dr+10003|NYLattin Dr10003'
-73.8881,40.7306,0,3,'NY53rd Rd10003|NY53rd Rd10003+NY74th St+10003'
-73.8881,40.6640,0,2,'NYRiverdale Ave10003|NYRiverdale Ave10003+NYNew Lots Ave+10003|NYRiverdale Ave10003+NYVan Siclen Ave+10003'
-73.8881,40.8205,0,12,'NYGarrison Ave10003+NYFaile St+10003'
-73.8881,40.7387,4,39,'NYKneeland St10003|NYKneeland St10003+NYState Hwy 25+10003|NYKneeland St10003+NYQueens Blvd+10003'
-73.8881,40.8315,0,3,'NYBryant Ave10003+NYJennings St+10003'
-73.8881,40.6348,0,3,'NYE 99th St10003|NYE 99th St10003+NYSeaview Ave+10003'
-73.8881,40.8527,0,5,'NYE 183rd St10003+NYHughes Ave+10003'
-73.8881,40.8763,0,1,'NYW 205th St10003|NYW 205th St10003+NYJerome Ave+10003'
-73.8881,40.7652,11,15,'NY81st St10003+NYAstoria Blvd+10003'
-73.8881,40.8289,0,2,'NYHome St10003'
-73.8881,40.7301,1,6,'NY74th St10003|NY74th St10003+NYGrand Ave+10003'
-73.8881,40.8290,0,1,'NYW Farms Rd10003+NYLongfellow Ave+10003'
-73.8881,40.8295,1,3,'NYFreeman St10003+NYLongfellow Ave+10003'
-73.8881,40.8287,0,12,'NYHome St10003|NYHome St10003+NYLongfellow Ave+10003'
-73.8880,40.7030,0,5,'NY66th Pl10003+NYCentral Ave+10003'
-73.8880,40.7209,0,30,'NYEliot Ave10003+NY70th St+10003'
-73.8880,40.7395,1,29,'NY47th Ave10003'
-73.8880,40.8510,0,6,'NYE 182nd St10003+NYBelmont Ave+10003'
-73.8880,40.7236,0,15,'NY60th Ave10003+NY72nd St+10003'
-73.8880,40.6415,0,3,'NYE 105th St10003+NYFlatlands 6th St+10003|NYFlatlands 6th St10003'
-73.8880,40.8167,0,45,'NYLafayette Ave10003+NYHunts Point Ave+10003|NYLafayette Ave10003+NYCoster St+10003|NYHunts Point Ave10003+NYCoster St+10003|NYCoster St10003'
-73.8880,40.6673,0,5,'NYHendrix St10003+NYDumont Ave+10003'
-73.8880,40.8218,1,6,'NYBruckner Blvd10003+NYBryant Ave+10003|NYBryant Ave10003'
-73.8879,40.8334,2,15,'NYE 172nd St10003+NYVyse Ave+10003'
-73.8879,40.7014,3,12,'NYMyrtle Ave10003+NY66th St+10003|NY66th St10003'
-73.8879,40.8438,0,11,'NYMapes Ave10003|NYMapes Ave10003+NYE Tremont Ave+10003'
-73.8879,40.7158,1,26,'NYJuniper Blvd S10003|NYJuniper Blvd S10003+NY69th St+10003|NYJuniper Blvd S10003+NY62nd Ave+10003|NY69th St10003+NY62nd Ave+10003|NY62nd Ave10003'
-73.8879,40.8828,0,9,'NYGoulden Ave10003|NYGoulden Ave10003+NYSedgwick Ave+10003'
-73.8879,40.8267,0,19,'NYE 167th St10003|NYE 167th St10003+NYWestchester Ave+10003'
-73.8879,40.7590,6,95,'NY80th St10003+NY31st Ave+10003'
-73.8879,40.9590,0,1,'NYMorsemere Pl10003|NYMorsemere Pl10003+NYMorsemere Ave+10003|NYMorsemere Ave10003'
-73.8879,40.6980,1,3,'NY78th Ave10003|NY78th Ave10003+NYCypress Hills St+10003'
-73.8879,40.6309,0,3,'NYSchenck St10003+NYE 96th St+10003|NYE 96th St10003'
-73.8879,40.8421,0,7,'NYFairmount Pl10003+NYMarmion Ave+10003'
-73.8879,40.8721,4,20,'NYBedford Park Blvd10003+NYGrand Concourse+10003'
-73.8878,40.8259,0,6,'NYLongfellow Ave10003+NYLowell St+10003|NYLowell St10003'
-73.8878,40.7472,11,46,'NY78th St10003|NY78th St10003+NYRoosevelt Ave+10003'
-73.8878,40.8411,0,2,'NYMohegan Ave10003|NYMohegan Ave10003+NYE 176th St+10003'
-73.8878,40.6379,0,5,'NYAvenue N10003+NYE 102nd St+10003'
-73.8878,40.8476,1,5,'NYClinton Ave10003+NYE 180th St+10003'
-73.8878,40.6577,0,2,'NYStanley Ave10003+NYVermont St+10003'
-73.8878,40.8707,1,9,'NYValentine Ave10003+NYE 199th St+10003'
-73.8878,40.7353,1,1,'NYCalamus Cir10003'
-73.8878,40.8252,0,9,'NYE 165th St10003+NYLongfellow Ave+10003'
-73.8878,40.7046,0,5,'NY67th St10003+NY70th Ave+10003'
-73.8878,40.8374,1,3,'NYSouthern Blvd10003+NYE 174th St+10003|NYE 174th St10003'
-73.8877,40.8658,0,1,'NYDecatur Ave10003+NYE 197th St+10003|NYE 197th St10003'
-73.8877,40.8770,0,2,'NYVan Cortlandt Ave E10003|NYVan Cortlandt Ave E10003+NYJerome Ave+10003'
-73.8877,40.6997,0,2,'NYCooper Ave10003|NYCooper Ave10003+NY66th St+10003|NYCooper Ave10003+NYCooper Ave+10003|NY66th St10003|NY66th St10003+NYCooper Ave+10003'
-73.8877,40.6445,0,6,'NYFlatlands 4th St10003|NYFlatlands 4th St10003+NYE 108th St+10003'
-73.8877,40.8680,0,9,'NYPond Pl10003|NYPond Pl10003+NYE 198th St+10003'
-73.8877,40.6492,0,12,'NYVandalia Ave10003|NYVandalia Ave10003+NYLouisiana Ave+10003'
-73.8877,40.7667,26,11,'NYGrand Central Pkwy10002+NY82nd St+10002'
-73.8877,40.7176,0,7,'NY62nd Rd10003|NY62nd Rd10003+NY69th Pl+10003'
-73.8876,40.8582,0,6,'NYLorillard Pl10003+NYE 189th St+10003'
-73.8876,40.8293,0,3,'NYFreeman St10003+NYW Farms Rd+10003'
-73.8876,40.8233,0,18,'NYAldus St10003+NYLongfellow Ave+10003'
-73.8876,40.7473,12,101,'NY78th St10003|NY78th St10003+NYRoosevelt Ave+10003'
-73.8876,40.7673,65,25,'NYAstoria Blvd N10003|NYAstoria Blvd N10003+NY82nd St+10003|NYAstoria Blvd N10003+NYDitmars Blvd+10003|NY82nd St10003|NY82nd St10003+NYAstoria Blvd+10003|NY82nd St10003+NYDitmars Blvd+10003|NYAstoria Blvd10003|NYAstoria Blvd10003+NYDitmars Blvd+10003|NYDitmars Blvd10003'
-73.8876,40.8750,0,2,'NYE 204th St10003+NYVilla Ave+10003'
-73.8876,40.7361,0,3,'NYKneeland Ave10003|NYKneeland Ave10003+NYJacobus St+10003|NYJacobus St10003'
-73.8876,40.6657,0,2,'NYHendrix St10003+NYLivonia Ave+10003'
-73.8876,40.8659,0,3,'NYDecatur Ave10003+NYE 197th St+10003|NYE 197th St10003'
-73.8876,40.6617,0,7,'NYHegeman Ave10003+NYMiller Ave+10003'
-73.8876,40.8556,3,18,'NYE 187th St10003+NYArthur Ave+10003'
-73.8876,40.8538,1,3,'NYCrescent Ave10003+NYHughes Ave+10003|NYHughes Ave10003'
-73.8876,40.7302,0,12,'NYGrand Ave10003+NY74th St+10003|NY74th St10003'
-73.8876,40.7664,6,14,'NY82nd St10003+NY23rd Ave+10003'
-73.8875,40.8226,3,3,'NYWhitlock Ave10003|NYWhitlock Ave10003+NYBruckner Blvd+10003|NYWhitlock Ave10003+NYLongfellow Ave+10003|NYBruckner Blvd10003+NYLongfellow Ave+10003|NYLongfellow Ave10003'
-73.8875,40.8843,0,4,'NYDickinson Ave10003|NYDickinson Ave10003+NYDickerson Ave+10003|NYDickerson Ave10003'
-73.8875,40.8396,0,1,'NYE 175th St10003+NYTrafalgar Pl+10003|NYTrafalgar Pl10003'
-73.8875,40.6558,0,1,'NYWortman Ave10003+NYNew Jersey Ave+10003|NYWortman Ave10003+NYNewjersey Ave+10003|NYNew Jersey Ave10003|NYNew Jersey Ave10003+NYNew Jersey Ave+10003|NYNew Jersey Ave10003+NYNewjersey Ave+10003|NYNewjersey Ave10003'
-73.8875,40.7368,0,10,'NYJacobus St10003+NY51st Ave+10003'
-73.8875,40.8544,0,3,'NYHughes Ave10003+NYE 186th St+10003'
-73.8875,40.8509,0,2,'NYE 182nd St10003+NYGrote St+10003|NYGrote St10003'
-73.8875,40.7342,0,5,'NYCalamus Ave10003|NYCalamus Ave10003+NYCalamus Ave+10003'
-73.8875,40.7411,6,27,'NY45th Ave10003+NY77th St+10003|NY77th St10003'
-73.8875,40.9132,0,1,'NYGibson Pl10003+NYRidge Dr+10003|NYRidge Dr10003'
-73.8875,40.6689,0,3,'NYBlake Ave10003+NYSchenck Ave+10003'
-73.8875,40.6301,0,1,'NYCanarsie Rd10003|NYCanarsie Rd10003+NYShore Pkwy Svc Rd+10003|NYCanarsie Rd10003+NYShore Pkwy+10003'
-73.8875,40.8596,0,14,'NYUS Hwy 110002+NYBathgate Ave+10002|NYE Fordham Rd10002+NYBathgate Ave+10002|NYBathgate Ave10003'
-73.8875,40.7345,0,2,'NYCalamus Cir10003'
-73.8874,40.9179,0,4,'NYRidge Rd10003'
-73.8874,40.7014,0,4,'NY66th Pl10003'
-73.8874,40.8180,0,30,'NYGilbert Pl10003|NYGilbert Pl10003+NYFaile St+10003'
-73.8874,40.6410,0,5,'NYE 105th St10003+NYAve M+10003'
-73.8874,40.6600,0,2,'NYLinden Blvd10002+NYBradford St+10002|NYBradford St10003'
-73.8874,40.8727,1,11,'NYGrand Concourse10003+NYE 201st St+10003|NYE 201st St10003'
-73.8874,40.8427,1,4,'NYElsmere Pl10003+NYMarmion Ave+10003'
-73.8874,40.6353,0,4,'NYE 100th St10003|NYE 100th St10003+NYSeaview Ave+10003'
-73.8873,40.8463,0,8,'NYProspect Ave10003+NYOakland Pl+10003|NYOakland Pl10003'
-73.8873,40.7449,6,71,'NYBroadway10003+NY78th St+10003'
-73.8873,40.8210,0,2,'NYGarrison Ave10003+NYBryant Ave+10003'
-73.8873,40.7186,0,8,'NY62nd Ave10003+NY69th Ln+10003'
-73.8873,40.6541,1,3,'NYCozine Ave10003+NYPennsylvania Ave+10003'
-73.8873,40.7386,28,55,'NYJacobus St10003|NYJacobus St10003+NYState Hwy 25+10003|NYJacobus St10003+NYQueens Blvd+10003'
-73.8873,40.6791,0,7,'NYWarwick St10003+NYFulton St+10003'
-73.8873,40.8756,0,8,'NYE 205th St10003+NYVilla Ave+10003'
-73.8873,40.8381,0,5,'NYSouthern Blvd10003+NYCrotona Park E+10003|NYCrotona Park E10003'
-73.8873,40.8595,1,21,'NYBathgate Ave10003|NYBathgate Ave10003+NYUS Hwy 1+10003|NYBathgate Ave10003+NYE Fordham Rd+10003'
-73.8873,40.6644,0,4,'NYHendrix St10003|NYHendrix St10003+NYNew Lots Ave+10003'
-73.8872,40.8407,0,1,'NYE 176th St10003+NYWaterloo Pl+10003|NYWaterloo Pl10003'
-73.8872,40.7273,2,22,'NY74th St10003+NYQueens Midtown Expy+10003|NYQueens Midtown Expy10003'
-73.8872,40.7213,1,11,'NYEliot Ave10003+NY71st St+10003'
-73.8872,40.8446,0,1,'NYE 178th St10003+NYMapes Ave+10003'
-73.8872,40.8525,0,5,'NYE 183rd St10003+NYBelmont Ave+10003'
-73.8872,40.8312,0,3,'NYJennings St10003+NYLongfellow Ave+10003'
-73.8872,40.6825,0,5,'NYAshford St10003+NYRidgewood Ave+10003'
-73.8872,40.7140,12,7,'NY66th Rd10003'
-73.8872,40.7281,10,4,'NYQn Midtown Expressway Exit Wb10003|NYQn Midtown Expressway Exit Wb10003+NY74th St+10003'
-73.8872,40.7240,2,4,'NY60th Ave10003+NY74th St+10003|NY74th St10003'
-73.8872,40.7286,0,4,'NY57th Ave10003+NY74th St+10003'
-73.8872,40.7032,0,5,'NYCentral Ave10003+NY67th St+10003'
-73.8872,40.7148,0,20,'NY69th St10003+NY69th Pl+10003|NY69th Pl10003'
-73.8872,40.7170,0,11,'NY62nd Dr10003|NY62nd Dr10003+NY69th Pl+10003'
-73.8872,40.8702,0,13,'NYE 199th St10003+NYBriggs Ave+10003'
-73.8871,40.6524,2,5,'NYSheffield Ave10003+NYFlatlands Ave+10003'
-73.8871,40.8484,0,10,'NYClinton Ave10003+NYE 181st St+10003'
-73.8871,40.7253,0,22,'NY58th Rd10003|NY58th Rd10003+NY74th St+10003'
-73.8871,40.7437,8,100,'NYWoodside Ave10003+NY78th St+10003'
-73.8871,40.8332,1,8,'NYBryant Ave10003+NYE 172nd St+10003'
-73.8871,40.7650,33,56,'NYAstoria Blvd10003+NY82nd St+10003'
-73.8871,40.7404,0,38,'NY78th St10003|NY78th St10003+NY46th Ave+10003'
-73.8871,40.8734,1,33,'NYE 202nd St10003|NYE 202nd St10003+NYGrand Concourse+10003'
-73.8871,40.6674,0,3,'NYSchenck Ave10003+NYDumont Ave+10003'
-73.8871,40.7246,1,21,'NY74th St10003+NYCaldwell Ave+10003'
-73.8871,40.6315,0,5,'NYSchenck St10003|NYSchenck St10003+NYRockaway Pkwy+10003'
-73.8871,40.6440,0,9,'NYAve L10003|NYAve L10003+NYE 108th St+10003'
-73.8871,40.8233,2,4,'NYAldus St10003|NYAldus St10003+NYWhitlock Ave+10003'
-73.8871,40.8844,0,1,'NYVan Cortlandt Park S10003|NYVan Cortlandt Park S10003+NYW Gun Hill Rd+10003|NYW Gun Hill Rd10003'
-73.8871,40.7240,0,3,'NY60th Ave10003|NY60th Ave10003+NY74th St+10003'
-73.8871,40.7238,0,5,'NY74th St10003|NY74th St10003+NY74th St+10003'
-73.8870,40.6384,0,1,'NYAvenue N10003+NYE 103rd St+10003'
-73.8870,40.8228,2,3,'NYSheridan Expy10001+NYBruckner Blvd+10001|NYI 89510001+NYBruckner Blvd+10001'
-73.8870,40.7014,0,8,'NYMyrtle Ave10003+NY66th Pl+10003|NY66th Pl10003'
-73.8870,40.7140,0,12,'NY69th St10003+NY66th Rd+10003'
-73.8870,40.8226,0,1,'NYBruckner Expy10001+NYSheridan Expy+10001|NYBruckner Expy10001+NYI 895+10001|NYSheridan Expy10001|NYSheridan Expy10001+NYI 278+10001|NYI 89510001|NYI 89510001+NYI 278+10001'
-73.8870,40.9201,0,3,'NYRidge Rd10003+NYRumsey Rd+10003'
-73.8870,40.7147,0,16,'NYJuniper Valley Rd10003'
-73.8870,40.7591,52,355,'NY81st St10003+NY31st Ave+10003'
-73.8869,40.8511,0,1,'NYCambreleng Ave10003'
-73.8869,40.8851,1,5,'NYMosholu Pkwy10002|NYMosholu Pkwy10002+NYMosholu Pkwy+10002|NYMosholu Pkwy10003'
-73.8869,40.8713,1,12,'NYBedford Park Blvd10003+NYValentine Ave+10003'
-73.8869,40.8672,0,2,'NYE 198th St10003+NYMarion Ave+10003'
-73.8869,40.7048,0,13,'NY67th Pl10003+NY70th Ave+10003'
-73.8869,40.7341,0,18,'NY79th St10003|NY79th St10003+NYCalamus Ave+10003'
-73.8869,40.8552,0,6,'NYE 187th St10003+NYHughes Ave+10003'
-73.8869,40.8578,0,18,'NYHoffman St10003+NYE 189th St+10003'
-73.8869,40.8541,0,3,'NYBelmont Ave10003|NYBelmont Ave10003+NYE 186th St+10003'
-73.8868,40.8433,0,6,'NYMarmion Ave10003+NYE Tremont Ave+10003'
-73.8868,40.8654,0,3,'NYE 197th St10003|NYE 197th St10003+NYWebster Ave+10003'
-73.8868,40.8371,0,11,'NYHoe Ave10003+NYE 174th St+10003'
-73.8868,40.8564,0,16,'NYArthur Ave10003+NYE 188th St+10003'
-73.8868,40.6967,1,2,'NY80th Ave10003|NY80th Ave10003+NYCypress Hills St+10003'
-73.8868,40.8084,1,2,'NYManida St10003+NYE Bay Ave+10003'
-73.8868,40.8740,0,10,'NYE 203rd St10003|NYE 203rd St10003+NYGrand Concourse+10003'
-73.8868,40.8320,0,3,'NYDrainage St10003|NYDrainage St10003+NYLongfellow Ave+10003'
-73.8868,40.6998,0,2,'NY66th Pl10003|NY66th Pl10003+NYCooper Ave+10003'
-73.8868,40.6404,0,6,'NYE 105th St10003+NYFlatlands 7th St+10003|NYFlatlands 7th St10003'
-73.8867,40.8452,0,2,'NYE 179th St10003+NYMapes Ave+10003'
-73.8867,40.8593,6,18,'NYLorillard Pl10003|NYLorillard Pl10003+NYUS Hwy 1+10003|NYLorillard Pl10003+NYE Fordham Rd+10003'
-73.8867,40.8601,0,25,'NYBathgate Ave10003|NYBathgate Ave10003+NYE 191st St+10003|NYE 191st St10003'
-73.8867,40.8404,0,3,'NYE 176th St10003+NYTrafalgar Pl+10003|NYTrafalgar Pl10003'
-73.8867,40.9180,0,13,'NYBirch Rd10003'
-73.8867,40.7357,0,9,'NYKneeland Ave10003+NYIreland St+10003|NYIreland St10003'
-73.8867,40.7473,24,397,'NYRoosevelt Ave10003+NY79th St+10003'
-73.8867,40.7649,15,67,'NYAstoria Blvd10003+NY24th Ave+10003'
-73.8867,40.8154,2,52,'NYFaile St10003+NYHunts Point Ave+10003'
-73.8867,40.8471,0,3,'NYProspect Ave10003+NYE 180th St+10003'
-73.8867,40.6562,0,12,'NYWortman Ave10003+NYVermont St+10003'
-73.8867,40.7412,2,8,'NY45th Ave10003+NY78th St+10003|NY78th St10003'
-73.8867,40.7164,0,10,'NYJuniper Blvd S10003+NY69th Pl+10003'
-73.8866,40.6358,0,2,'NYE 101st St10003|NYE 101st St10003+NYSeaview Ave+10003'
-73.8866,40.7412,0,3,'NY45th Ave10003+NY78th St+10003|NY78th St10003'
-73.8866,40.8253,0,3,'NYE 165th St10003|NYE 165th St10003+NYWhitlock Ave+10003'
-73.8866,40.9069,0,1,'NYHenry Hudson Pkwy10002|NYHenry Hudson Pkwy10002+NYState Hwy 9a Alt+10002|NYHenry Hudson Pkwy10002+NYHenry Hudson Pkwy+10002|NYState Hwy 9a Alt10002|NYState Hwy 9a Alt10002+NYState Hwy 9a Alt+10002|NYState Hwy 9a Alt10002+NYHenry Hudson Pkwy+10002'
-73.8866,40.5665,0,1,'NYBayside Ave10003|NYBayside Ave10003+NYState Rd+10003|NYBayside Ave10003+NYRockaway Point Blvd+10003'
-73.8866,40.8772,0,10,'NYVan Cortlandt Ave E10003+NYVilla Ave+10003|NYVilla Ave10003'
-73.8866,40.6691,0,4,'NYBlake Ave10003+NYBarbey St+10003'
-73.8866,40.9098,0,2,'NYSweeney Pl10003'
-73.8866,40.7369,0,4,'NY51st Ave10003+NYIreland St+10003'
-73.8865,40.6603,0,1,'NYLinden Blvd10002+NYMiller Ave+10002|NYMiller Ave10003'
-73.8865,40.7154,0,6,'NY65th Dr10003'
-73.8865,40.6545,0,3,'NYNew Jersey Ave10003+NYCozine Ave+10003'
-73.8865,40.7190,1,8,'NY62nd Ave10003+NY70th St+10003|NY70th St10003'
-73.8865,40.6833,0,1,'NYJamaica Ave10003+NYCleveland St+10003|NYCleveland St10003'
-73.8865,40.8747,1,18,'NYE 204th St10003+NYGrand Concourse+10003'
-73.8865,40.7015,0,6,'NY67th St10003'
-73.8865,40.8513,0,1,'NYGarden St10003|NYGarden St10003+NYGrote St+10003'
-73.8865,40.8666,0,5,'NYDecatur Ave10003+NYE 198th St+10003'
-73.8865,40.6434,0,1,'NYFlatlands 5th St10003|NYFlatlands 5th St10003+NYE 108th St+10003'
-73.8865,40.8540,0,7,'NYCrescent Ave10003+NYE 186th St+10003|NYCrescent Ave10003+NYBelmont Ave+10003|NYE 186th St10003|NYE 186th St10003+NYBelmont Ave+10003|NYBelmont Ave10003'
-73.8864,40.7217,0,9,'NYEliot Ave10003+NY72nd St+10003|NY72nd St10003'
-73.8864,40.6794,0,12,'NYAshford St10003+NYFulton St+10003'
-73.8864,40.8503,0,6,'NYCrotona Ave10003+NYE 182nd St+10003'
-73.8864,40.7666,54,120,'NY83rd St10003|NY83rd St10003+NY23rd Ave+10003'
-73.8864,40.9239,0,1,'NYRockland Pl10003|NYRockland Pl10003+NYEdgecliff Ter+10003'
-73.8864,40.7457,1,55,'NY41st Ave10003+NY79th St+10003|NY79th St10003'
-73.8864,40.8824,0,3,'NYGoulden Ave10003|NYGoulden Ave10003+NYMosholu Pkwy+10003|NYGoulden Ave10003+NYSedgwick Ave+10003|NYMosholu Pkwy10003+NYSedgwick Ave+10003|NYSedgwick Ave10003'
-73.8864,40.6648,0,1,'NYSchenck Ave10003|NYSchenck Ave10003+NYNew Lots Ave+10003'
-73.8864,40.8301,0,3,'NYW Farms Rd10003+NYBoone Ave+10003|NYBoone Ave10003'
-73.8864,40.8225,0,4,'NYBruckner Blvd10003+NYLongfellow Ave+10003|NYLongfellow Ave10003'
-73.8864,40.8275,1,8,'NYHome St10003|NYHome St10003+NYWestchester Ave+10003'
-73.8864,40.7329,0,24,'NY79th St10003+NYElks Rd+10003|NYElks Rd10003'
-73.8864,40.7385,18,52,'NYIreland St10003|NYIreland St10003+NYState Hwy 25+10003|NYIreland St10003+NYQueens Blvd+10003'
-73.8864,40.8522,0,6,'NYCambreleng Ave10003+NYE 183rd St+10003'
-73.8864,40.7122,9,29,'NY69th St10003|NY69th St10003+NYMetropolitan Ave+10003'
-73.8864,40.6308,0,8,'NYShore Pkwy Svc Rd10006+NYRockaway Pkwy+10006|NYShore Pkwy10006+NYRockaway Pkwy+10006'
-73.8864,40.7160,0,12,'NYPenelope Ave10003'
-73.8864,40.8260,1,3,'NYWhitlock Ave10003+NYLowell St+10003|NYLowell St10003'
-73.8863,40.7034,0,21,'NYCentral Ave10003+NY67th Pl+10003'
-73.8863,40.6389,0,2,'NYE 104th St10003+NYAvenue N+10003'
-73.8863,40.6826,0,4,'NYCleveland St10003+NYRidgewood Ave+10003'
-73.8863,40.6528,0,6,'NYFlatlands Ave10003+NYPennsylvania Ave+10003'
-73.8863,40.8695,0,16,'NYMount Saint Ursula Pl10003+NYE 199th St+10003|NYBainbridge Ave10003+NYE 199th St+10003|NYE 199th St10003'
-73.8862,40.8329,0,14,'NYE 172nd St10003+NYLongfellow Ave+10003'
-73.8862,40.7445,26,73,'NY79th St10003|NY79th St10003+NYBroadway+10003'
-73.8862,40.8708,0,20,'NYBedford Park Blvd10003+NYBriggs Ave+10003'
-73.8862,40.7438,8,25,'NY79th St10003+NYWoodside Ave+10003'
-73.8862,40.8549,0,8,'NYBelmont Ave10003+NYE 187th St+10003'
-73.8862,40.8401,0,1,'NYSouthern Blvd10003+NYE 176th St+10003'
-73.8862,40.7687,685,134,'NYMarine Terminal Rd10003'
-73.8862,40.6675,0,2,'NYBarbey St10003+NYDumont Ave+10003'
-73.8862,40.7246,0,5,'NYCaldwell Ave10003+NY75th St+10003|NY75th St10003'
-73.8862,40.8754,2,19,'NYGrand Concourse10003+NYE 205th St+10003'
-73.8861,40.8441,0,3,'NYE 178th St10003+NYMarmion Ave+10003'
-73.8861,40.7262,1,36,'NY58th Ave10003'
-73.8861,40.7276,9,10,'NY75th St10003'
-73.8861,40.8561,0,13,'NYHughes Ave10003+NYE 188th St+10003'
-73.8861,40.8348,0,18,'NYBryant Ave10003+NYE 173rd St+10003'
-73.8861,40.7246,3,23,'NY75th St10003|NY75th St10003+NYCaldwell Ave+10003'
-73.8861,40.8277,2,11,'NYWhitlock Ave10003+NYWestchester Ave+10003'
-73.8861,40.7132,0,11,'NY66th Dr10003'
-73.8861,40.6707,0,20,'NYJerome St10003+NYSutter Ave+10003'
-73.8861,40.7015,0,7,'NY67th St10003'
-73.8861,40.9507,0,1,'NYAmackassin Ter10003|NYAmackassin Ter10003+NYShonnard Pl+10003'
-73.8861,40.9183,0,2,'NYWendover Rd10003+NYLefferts Rd+10003|NYLefferts Rd10003'
-73.8860,40.7321,0,7,'NY79th St10003+NYAnkener Ave+10003|NYAnkener Ave10003'
-73.8860,40.7050,0,1,'NY68th St10003+NY70th Ave+10003'
-73.8860,40.7592,56,356,'NY82nd St10003+NY31st Ave+10003'
-73.8860,40.8574,2,33,'NYE 189th St10003+NYArthur Ave+10003'
-73.8860,40.8282,0,7,'NYFreeman St10003|NYFreeman St10003+NYBoone Ave+10003|NYFreeman St10003+NYWhitlock Ave+10003|NYBoone Ave10003|NYBoone Ave10003+NYWhitlock Ave+10003'
-73.8860,40.7647,13,117,'NYAstoria Blvd10003+NY83rd St+10003'
-73.8860,40.8412,1,5,'NYSouthern Blvd10003+NYFairmount Pl+10003|NYFairmount Pl10003|NYFairmount Pl10003+NYDr Theodore Kazimiroff Blvd+10003'
-73.8860,40.8368,2,5,'NYE 174th St10003+NYVyse Ave+10003'
-73.8860,40.8512,0,1,'NYBeaumont Ave10003'
-73.8860,40.8588,1,17,'NYHoffman St10003+NYUS Hwy 1+10003|NYHoffman St10003+NYE Fordham Rd+10003'
-73.8859,40.6639,0,1,'NYMc Clancy Pl10003|NYMc Clancy Pl10003+NYSchenck Ave+10003|NYSchenck Ave10003+NYMcClancy Pl+10003|NYMcClancy Pl10003'
-73.8859,40.6362,1,8,'NYE 102nd St10003+NYSeaview Ave+10003'
-73.8859,40.9467,0,1,'NYRidge Ave10003|NYRidge Ave10003+NYLake Ave+10003|NYRidge Ave10003+NYVoss Ave+10003|NYLake Ave10003+NYVoss Ave+10003|NYVoss Ave10003'
-73.8859,40.8659,2,1,'NYE 198th St10003|NYE 198th St10003+NYWebster Ave+10003'
-73.8859,40.6624,1,3,'NYHendrix St10003+NYHegeman Ave+10003'
-73.8859,40.8805,1,14,'NYPaul Ave10003|NYPaul Ave10003+NYW Mosholu Pkwy S+10003'
-73.8859,40.9243,0,1,'NYHemlock Rd10003|NYHemlock Rd10003+NYEdgecliff Ter+10003'
-73.8859,40.6304,0,1,'NYShore Pkwy10002+NYRockaway Pkwy+10002'
-73.8859,40.8760,1,21,'NYGrand Concourse10003+NYE 206th St+10003|NYE 206th St10003'
-73.8859,40.8146,1,17,'NYSpofford Ave10003+NYHunts Point Ave+10003'
-73.8859,40.6429,0,2,'NYFlatlands 6th St10003|NYFlatlands 6th St10003+NYE 108th St+10003'
-73.8858,40.7000,0,8,'NY67th St10003|NY67th St10003+NYCooper Ave+10003'
-73.8858,40.7168,0,9,'NYJuniper Blvd S10003+NY69th Ln+10003|NY69th Ln10003'
-73.8858,40.7353,0,22,'NYKneeland Ave10003+NYHillyer St+10003|NYHillyer St10003'
-73.8858,40.8419,0,4,'NYElsmere Pl10003+NYSouthern Blvd+10003|NYElsmere Pl10003+NYDr Theodore Kazimiroff Blvd+10003'
-73.8858,40.8499,0,4,'NYClinton Ave10003|NYClinton Ave10003+NYE 182nd St+10003'
-73.8858,40.5669,0,1,'NYParks End Ter10003|NYParks End Ter10003+NYPark End Ter+10003|NYParks End Ter10003+NYParks End Ter+10003|NYPark End Ter10003|NYPark End Ter10003+NYParks End Ter+10003'
-73.8858,40.6660,0,2,'NYLivonia Ave10003+NYBarbey St+10003'
-73.8858,40.7474,39,721,'NY80th St10003+NYRoosevelt Ave+10003'
-73.8858,40.9218,0,1,'NYValley Rd10003|NYValley Rd10003+NYRumsey Rd+10003'
-73.8858,40.8191,3,35,'NYLongfellow Ave10003+NYSeneca Ave+10003'
-73.8858,40.8796,4,37,'NYW Mosholu Pkwy S10003+NYE Mosholu Pkwy S+10003|NYE Mosholu Pkwy S10003'
-73.8858,40.8508,0,1,'NYGarden St10003+NYCrotona Ave+10003'
-73.8858,40.7384,15,44,'NYState Hwy 2510002+NYAlbion Ave+10002|NYQueens Blvd10002+NYAlbion Ave+10002|NYAlbion Ave10003'
-73.8858,40.7194,0,1,'NY62nd Ave10003|NY62nd Ave10003+NY71st St+10003'
-73.8857,40.8671,0,7,'NYDecatur Ave10003+NYOliver Pl+10003'
-73.8857,40.7413,3,14,'NY45th Ave10003+NY79th St+10003'
-73.8857,40.6504,0,12,'NYSheffield Ave10003|NYSheffield Ave10003+NYVandalia Ave+10003'
-73.8857,40.7343,0,3,'NYCalamus Ave10003'
-73.8857,40.6692,0,5,'NYBlake Ave10003+NYJerome St+10003'
-73.8857,40.6549,0,5,'NYCozine Ave10003+NYVermont St+10003'
-73.8857,40.8789,5,26,'NYW Mosholu Pkwy S10003+NYJerome Ave+10003'
-73.8856,40.6838,0,1,'NYJamaica Ave10003+NYElton St+10003|NYElton St10003'
-73.8856,40.9539,0,1,'NYMount Pleasant Rd10003|NYMount Pleasant Rd10003+NYPark Ave+10003'
-73.8856,40.7220,3,12,'NYEliot Ave10003+NY74th St+10003'
-73.8856,40.8280,1,12,'NYSheridan Expy10001+NYSheridan Exwy Svc Rd+10001|NYI 89510001+NYSheridan Exwy Svc Rd+10001|NYSheridan Exwy Svc Rd10006|NYSheridan Exwy Svc Rd10006+NYWestchester Ave+10006'
-73.8856,40.8306,0,4,'NYJennings St10003|NYJennings St10003+NYW Farms Rd+10003'
-73.8856,40.8404,0,2,'NYCross Bronx Expy10002+NYCrotona Pkwy+10002'
-73.8856,40.8723,0,7,'NYValentine Ave10003+NYE 201st St+10003'
-73.8856,40.7371,0,17,'NY51st Ave10003+NYHillyer St+10003'
-73.8856,40.8405,0,2,'NYCross Bx Svc Rd Exd10006|NYCross Bx Svc Rd Exd10006+NYCrotona Pkwy+10006'
-73.8856,40.8465,0,6,'NYE 180th St10003+NYMapes Ave+10003'
-73.8856,40.7309,1,9,'NY79th St10003|NY79th St10003+NYGrand Ave+10003'
-73.8856,40.7406,1,15,'NY79th St10003+NY46th Ave+10003|NY46th Ave10003'
-73.8856,40.7016,1,5,'NY67th Pl10003'
-73.8856,40.6393,0,1,'NYE 105th St10003+NYAvenue N+10003'
-73.8856,40.6651,0,1,'NYNew Lots Ave10003+NYBarbey St+10003|NYBarbey St10003'
-73.8856,40.8681,0,2,'NYE 199th St10003|NYE 199th St10003+NYMarion Ave+10003'
-73.8856,40.6797,0,6,'NYCleveland St10003+NYFulton St+10003'
-73.8855,40.8520,0,7,'NYBeaumont Ave10003+NYE 183rd St+10003'
-73.8855,40.8702,1,31,'NYBedford Park Blvd10003+NYMount Saint Ursula Pl+10003|NYBedford Park Blvd10003+NYBainbridge Ave+10003|NYMount Saint Ursula Pl10003'
-73.8855,40.7402,3,14,'NY79th St10003|NY79th St10003+NY47th Ave+10003'
-73.8855,40.6531,0,4,'NYNew Jersey Ave10003|NYNew Jersey Ave10003+NYFlatlands Ave+10003'
-73.8855,40.7178,0,1,'NY62nd Dr10003|NY62nd Dr10003+NY70th St+10003|NY70th St10003'
-73.8855,40.8304,2,43,'NYW Farms Rd10003+NYWhitlock Ave+10003|NYWhitlock Ave10003'
-73.8855,40.9200,0,1,'NYSpring Rd10003+NYLefferts Rd+10003'
-73.8855,40.7340,0,6,'NYCalamus Ave10003+NYElks Rd+10003|NYElks Rd10003'
-73.8855,40.7458,3,29,'NY80th St10003|NY80th St10003+NY41st Ave+10003'
-73.8855,40.7383,10,46,'NYHillyer St10003|NYHillyer St10003+NYState Hwy 25+10003|NYHillyer St10003+NYQueens Blvd+10003'
-73.8855,40.7036,0,19,'NYCentral Ave10003+NY68th St+10003'
-73.8855,40.9186,0,1,'NYRitchie Dr10003'
-73.8855,40.8438,0,1,'NYSouthern Blvd10003+NYE 178th St+10003'
-73.8855,40.8510,0,1,'NYCrotona Ave10003+NYGrote St+10003|NYGrote St10003'
-73.8855,40.8418,1,3,'NYElsmere Pl10003+NYCrotona Pkwy+10003'
-73.8854,40.8558,0,11,'NYBelmont Ave10003+NYE 188th St+10003'
-73.8854,40.8545,0,3,'NYE 187th St10003+NYCambreleng Ave+10003'
-73.8854,40.8141,1,11,'NYBryant Ave10003+NYHunts Point Ave+10003'
-73.8854,40.9654,0,2,'NYGateway Rd10003'
-73.8854,40.7191,0,1,'NY71st St10003|NY71st St10003+NY71st St+10003'
-73.8854,40.8594,1,27,'NYHoffman St10003|NYHoffman St10003+NYE 191st St+10003'
-73.8854,40.7327,0,3,'NY82nd St10003|NY82nd St10003+NYAnkener Ave+10003'
-73.8854,40.6827,1,3,'NYElton St10003+NYRidgewood Ave+10003'
-73.8854,40.8773,0,16,'NYVan Cortlandt Ave E10003+NYGrand Concourse+10003'
-73.8854,40.8543,0,3,'NYCrescent Ave10003|NYCrescent Ave10003+NYCambreleng Ave+10003'
-73.8853,40.8388,0,2,'NYBoston Rd10003+NYE 175th St+10003|NYE 175th St10003'
-73.8853,40.8729,0,22,'NYE 202nd St10003+NYValentine Ave+10003'
-73.8853,40.8570,1,26,'NYHughes Ave10003+NYE 189th St+10003'
-73.8853,40.8792,0,2,'NYE Mosholu Pkwy S10003+NYJerome Ave+10003'
-73.8853,40.7189,1,3,'NYLutheran Ave10003|NYLutheran Ave10003+NY71st St+10003'
-73.8853,40.8425,0,7,'NYCrotona Pkwy10003+NYE Tremont Ave+10003'
-73.8853,40.6677,0,5,'NYJerome St10003+NYDumont Ave+10003'
-73.8853,40.8446,0,4,'NYSouthern Blvd10003+NYE 179th St+10003'
-73.8853,40.6778,3,9,'NYCleveland St10003'
-73.8853,40.8345,0,15,'NYE 173rd St10003+NYLongfellow Ave+10003'
-73.8852,40.7651,0,1,'NY24th Ave10003+NY84th St+10003|NY84th St10003'
-73.8852,40.6709,0,5,'NYWarwick St10003+NYSutter Ave+10003'
-73.8852,40.8452,0,2,'NYSouthern Blvd10003+NYMarmion Ave+10003|NYMarmion Ave10003|NYMarmion Ave10003+NYDr Theodore Kazimiroff Blvd+10003'
-73.8852,40.7218,0,2,'NYJuniper Blvd N10003'
-73.8852,40.7052,0,4,'NY68th Pl10003+NY70th Ave+10003'
-73.8852,40.8836,0,11,'NYW Mosholu Pkwy N10003|NYW Mosholu Pkwy N10003+NYW Gun Hill Rd+10003'
-73.8852,40.8773,0,2,'NYMosholu Pkwy S10003|NYMosholu Pkwy S10003+NYSt Georges Cres+10003|NYSt Georges Cres10003'
-73.8851,40.7133,1,17,'NY66th Dr10003|NY66th Dr10003+NY70th St+10003'
-73.8851,40.7231,0,11,'NY75th St10003'
-73.8851,40.8664,0,6,'NYOliver Pl10003|NYOliver Pl10003+NYWebster Ave+10003'
-73.8851,40.7016,0,6,'NY67th Pl10003'
-73.8851,40.8777,0,9,'NYMosholu Pkwy S10003|NYMosholu Pkwy S10003+NYGrand Concourse+10003|NYMosholu Pkwy S10003+NYW Mosholu Pkwy S+10003|NYGrand Concourse10003+NYW Mosholu Pkwy S+10003|NYW Mosholu Pkwy S10003'
-73.8851,40.6642,0,1,'NYMc Clancy Pl10003+NYBarbey St+10003|NYBarbey St10003|NYBarbey St10003+NYMcClancy Pl+10003'
-73.8851,40.7647,1,37,'NYAstoria Blvd10003+NY84th St+10003'
-73.8851,40.6627,0,6,'NYSchenck Ave10003+NYHegeman Ave+10003'
-73.8851,40.8584,0,45,'NYUS Hwy 110002+NYArthur Ave+10002|NYE Fordham Rd10002+NYArthur Ave+10002|NYArthur Ave10003'
-73.8851,40.8365,1,15,'NYBryant Ave10003+NYE 174th St+10003'
-73.8851,40.7593,44,399,'NY83rd St10003+NY31st Ave+10003'
-73.8851,40.6778,0,2,'NYCleveland St10003|NYCleveland St10003+NYAtlantic Ave+10003'
-73.8851,40.8436,0,2,'NYMohegan Ave10003|NYMohegan Ave10003+NYE 178th St+10003|NYMohegan Ave10003+NYCrotona Pkwy+10003'
-73.8851,40.7122,0,16,'NY70th St10003|NY70th St10003+NYMetropolitan Ave+10003'
-73.8851,40.7171,0,6,'NY70th St10003+NYJuniper Blvd S+10003'
-73.8851,40.7153,0,48,'NY65th Dr10003'
-73.8851,40.8736,0,8,'NYE 203rd St10003+NYValentine Ave+10003'
-73.8851,40.7162,1,19,'NYPenelope Ave10003+NY70th St+10003'
-73.8850,40.8675,0,5,'NYDecatur Ave10003+NYE 199th St+10003'
-73.8850,40.9241,1,0,'NYRumsey Rd10003+NYHemlock Rd+10003'
-73.8850,40.7439,29,53,'NYWoodside Ave10003|NYWoodside Ave10003+NYBroadway+10003|NYWoodside Ave10003+NYBaxter Ave+10003|NYBroadway10003+NYBaxter Ave+10003|NYBaxter Ave10003'
-73.8850,40.8695,1,18,'NYBedford Park Blvd10003+NYPerry Ave+10003|NYPerry Ave10003'
-73.8850,40.6388,2,3,'NYE 105th St10003+NYFlatlands 9th St+10003|NYFlatlands 9th St10003'
-73.8849,40.6468,1,14,'NYTwin Pines Dr E10003|NYTwin Pines Dr E10003+NYLouisiana Ave+10003'
-73.8849,40.7349,0,16,'NYKneeland Ave10003+NYGorsline St+10003|NYGorsline St10003'
-73.8849,40.6610,1,10,'NYLinden Blvd10002+NYHendrix St+10002'
-73.8849,40.8473,0,4,'NYE 181st St10003+NYMapes Ave+10003'
-73.8849,40.7001,0,6,'NY67th Pl10003|NY67th Pl10003+NYCooper Ave+10003'
-73.8849,40.8401,0,2,'NYCross Bx Svc Rd Exd10006+NYDaly Ave+10006|NYDaly Ave10003'
-73.8849,40.7382,25,276,'NYState Hwy 2510002+NYBarnwell Ave+10002|NYBarnwell Ave10003|NYBarnwell Ave10003+NYQueens Blvd+10003'
-73.8849,40.6661,0,1,'NYLivonia Ave10003+NYJerome St+10003'
-73.8849,40.8446,0,1,'NYE 179th St10003+NYCrotona Pkwy+10003'
-73.8849,40.7866,4,5,'NYRikers Is Branch10003|NYRikers Is Branch10003+NYRikers Island Brg+10003|NYRikers Island Brg10003'
-73.8849,40.7475,44,443,'NY81st St10003+NYRoosevelt Ave+10003'
-73.8849,40.8785,0,1,'NYGrand Concourse10003|NYGrand Concourse10003+NYGrand Concourse+10003|NYGrand Concourse10003+NYE Mosholu Pkwy S+10003'
-73.8849,40.6761,0,6,'NYCleveland St10003+NYLiberty Ave+10003'
-73.8848,40.7224,0,6,'NYEliot Ave10003+NY75th St+10003|NY75th St10003'
-73.8848,40.9374,0,1,'NYWalnut St10003+NYPorach St+10003|NYPorach St10003'
-73.8848,40.6508,1,24,'NYVandalia Ave10003+NYPennsylvania Ave+10003|NYVandalia Ave10003+NYGranville Payne Ave+10003|NYPennsylvania Ave10003+NYGranville Payne Ave+10003|NYGranville Payne Ave10003'
-73.8848,40.6693,1,9,'NYBlake Ave10003+NYWarwick St+10003'
-73.8848,40.8493,0,4,'NYProspect Ave10003+NYE 182nd St+10003'
-73.8848,40.7414,2,38,'NY45th Ave10003+NY80th St+10003'
-73.8848,40.6842,1,5,'NYJamaica Ave10003+NYLinwood St+10003|NYLinwood St10003'
-73.8848,40.7320,0,16,'NY80th St10003|NY80th St10003+NYGrand Ave+10003'
-73.8848,40.8743,1,18,'NYE 204th St10003+NYValentine Ave+10003|NYValentine Ave10003'
-73.8848,40.8759,0,17,'NYSt Georges Cres10003|NYSt Georges Cres10003+NYE 206th St+10003'
-73.8848,40.9240,0,1,'NYHemlock Rd10003|NYHemlock Rd10003+NYRumsey Rd+10003'
-73.8847,40.8423,0,3,'NYHoneywell Ave10003|NYHoneywell Ave10003+NYE Tremont Ave+10003'
-73.8847,40.6655,0,4,'NYNew Lots Ave10003+NYJerome St+10003|NYJerome St10003'
-73.8847,40.7182,1,9,'NY62nd Dr10003|NY62nd Dr10003+NY71st St+10003'
-73.8847,40.8518,0,7,'NYCrotona Ave10003+NYE 183rd St+10003'
-73.8847,40.5789,0,2,'NYAviation Rd10003|NYAviation Rd10003+NYAviation Rd+10003'
-73.8847,40.7438,7,80,'NY80th St10003|NY80th St10003+NYBroadway+10003'
-73.8847,40.8687,1,19,'NYBedford Park Blvd10003+NYMarion Ave+10003'
-73.8847,40.8820,0,17,'NYW Mosholu Pkwy N10003+NYGates Pl+10003|NYGates Pl10003'
-73.8847,40.7339,0,3,'NYCalamus Ave10003+NYAnkener Ave+10003|NYAnkener Ave10003'
-73.8847,40.9197,0,1,'NYSpring Rd10003+NYTravers Ave+10003'
-73.8847,40.8554,0,4,'NYCambreleng Ave10003+NYE 188th St+10003'
-73.8847,40.6799,0,14,'NYFulton St10003+NYElton St+10003'
-73.8847,40.7446,4,61,'NYLayton St10003|NYLayton St10003+NYBaxter Ave+10003'
-73.8847,40.8797,1,5,'NYMosholu Pkwy10003+NYJerome Ave+10003'
-73.8847,40.7016,0,4,'NY68th St10003'
-73.8847,40.6535,0,1,'NYFlatlands Ave10003+NYVermont St+10003|NYVermont St10003'
-73.8846,40.8392,0,2,'NYBoston Rd10003+NYE 176th St+10003|NYE 176th St10003'
-73.8846,40.7373,4,63,'NY51st Ave10003+NYGorsline St+10003|NYGorsline St10003'
-73.8846,40.8567,0,26,'NYBelmont Ave10003+NYE 189th St+10003'
-73.8846,40.7404,1,35,'NY47th Ave10003+NY80th St+10003|NY80th St10003'
-73.8846,40.7225,0,6,'NYEliot Ave10003+NYLutheran Ave+10003|NYLutheran Ave10003'
-73.8846,40.7670,47,47,'NY85th St10003|NY85th St10003+NY23rd Ave+10003'
-73.8846,40.9354,0,1,'NYCurrans Ln10003|NYCurrans Ln10003+NYYonkers Ave+10003'
-73.8846,40.7038,1,11,'NYCentral Ave10003+NY68th Pl+10003'
-73.8846,40.7221,0,4,'NYLutheran Ave10003+NY75th St+10003'
-73.8846,40.7277,7,9,'NY76th St10003'
-73.8846,40.7459,1,46,'NY81st St10003|NY81st St10003+NY41st Ave+10003'
-73.8845,40.7272,0,2,'NY76th St10003|NY76th St10003+NY57th Rd+10003|NY57th Rd10003'
-73.8845,40.6749,0,13,'NYCleveland St10003+NYGlenmore Ave+10003'
-73.8845,40.7324,1,11,'NY82nd St10003+NYGrand Ave+10003'
-73.8845,40.8720,0,9,'NYE 201st St10003+NYBriggs Ave+10003'
-73.8845,40.6780,1,4,'NYElton St10003'
-73.8845,40.8500,0,3,'NYProspect Ave10003+NYGarden St+10003'
-73.8845,40.7265,0,3,'NY76th St10003|NY76th St10003+NY58th Ave+10003|NY58th Ave10003'
-73.8845,40.8460,0,13,'NYSouthern Blvd10003+NYE 180th St+10003|NYE 180th St10003+NYDr Theodore Kazimiroff Blvd+10003'
-73.8845,40.6829,1,9,'NYLinwood St10003+NYRidgewood Ave+10003'
-73.8845,40.8542,0,6,'NYBeaumont Ave10003+NYE 187th St+10003'
-73.8844,40.6372,0,2,'NYE 104th St10003|NYE 104th St10003+NYSeaview Ave+10003'
-73.8844,40.8444,0,2,'NYMohegan Ave10003+NYE 179th St+10003'
-73.8844,40.8668,0,4,'NYE 199th St10003|NYE 199th St10003+NYWebster Ave+10003'
-73.8844,40.6678,0,2,'NYWarwick St10003+NYDumont Ave+10003'
-73.8844,40.9379,0,1,'NYWalnut St10003+NYCentre Pl+10003|NYWalnut St10003+NYCentre St+10003|NYCentre Pl10003|NYCentre St10003'
-73.8844,40.8342,0,1,'NYBoone Ave10003+NYE 173rd St+10003'
-73.8844,40.6710,2,14,'NYAshford St10003+NYSutter Ave+10003'
-73.8844,40.9088,0,1,'NYCortlandville Ln10003'
-73.8844,40.6383,0,2,'NYE 105th St10003+NYFlatlands 10th St+10003|NYFlatlands 10th St10003'
-73.8844,40.7122,0,9,'NY71st St10003|NY71st St10003+NYMetropolitan Ave+10003'
-73.8843,40.8582,1,20,'NYUS Hwy 110002+NYHughes Ave+10002|NYHughes Ave10003+NYE Fordham Rd+10003'
-73.8843,40.8793,0,2,'NYGrand Concourse10003|NYGrand Concourse10003+NYMosholu Pkwy+10003'
-73.8843,40.8322,2,3,'NYSheridan Exwy Svc Rd10006|NYSheridan Exwy Svc Rd10006+NYSheridan Exwy Svc Rd+10006'
-73.8843,40.7054,0,6,'NY69th St10003+NY70th Ave+10003'
-73.8843,40.6646,0,5,'NYMc Clancy Pl10003|NYMc Clancy Pl10003+NYJerome St+10003|NYMcClancy Pl10003|NYMcClancy Pl10003+NYJerome St+10003'
-73.8843,40.6631,0,3,'NYBarbey St10003+NYHegeman Ave+10003'
-73.8843,40.7256,0,3,'NY76th St10003+NY58th Rd+10003|NY58th Rd10003'
-73.8843,40.8813,0,8,'NYKnox Pl10003|NYKnox Pl10003+NYW Mosholu Pkwy N+10003'
-73.8843,40.8412,0,7,'NYElsmere Pl10003|NYElsmere Pl10003+NYDaly Ave+10003'
-73.8843,40.7652,0,1,'NY85th St10003+NY24th Ave+10003'
-73.8843,40.7133,1,20,'NY66th Dr10003'
-73.8843,40.7452,6,37,'NYKetcham St10003|NYKetcham St10003+NYBaxter Ave+10003'
-73.8842,40.7017,0,1,'NY68th St10003'
-73.8842,40.8680,0,10,'NYDecatur Ave10003+NYBedford Park Blvd+10003'
-73.8842,40.7175,0,19,'NY71st St10003+NYJuniper Blvd S+10003'
-73.8842,40.8787,1,0,'NYGrand Concourse10003|NYGrand Concourse10003+NYMosholu Pkwy+10003'
-73.8842,40.8507,1,3,'NYGrote St10003|NYGrote St10003+NYProspect Ave+10003'
-73.8842,40.8395,0,1,'NYBoston Rd10003+NYCross Bx Ext Srv Rd+10003|NYCross Bx Ext Srv Rd10003|NYCross Bx Ext Srv Rd10003+NYCross Bronx Expy+10003'
-73.8842,40.6781,0,8,'NYAtlantic Ave10003+NYElton St+10003|NYElton St10003'
-73.8842,40.7594,59,339,'NY84th St10003+NY31st Ave+10003'
-73.8842,40.8130,0,2,'NYLongfellow Ave10003+NYHunts Point Ave+10003'
-73.8842,40.7645,9,47,'NYAstoria Blvd10003+NY85th St+10003'
-73.8841,40.8750,0,8,'NYLisbon Pl10003'
-73.8841,40.8458,1,4,'NYE 180th St10003+NYCrotona Pkwy+10003'
-73.8841,40.6658,0,2,'NYWarwick St10003|NYWarwick St10003+NYNew Lots Ave+10003'
-73.8841,40.6500,0,12,'NYPennsylvania Ave10003+NYGranville Payne Ave+10003|NYGranville Payne Ave10003|NYGranville Payne Ave10003+NYCroton Loop+10003|NYCroton Loop10003'
-73.8841,40.7162,1,7,'NYPenelope Ave10003+NY71st St+10003'
-73.8841,40.7331,0,11,'NYGrand Ave10003+NY83rd St+10003|NY83rd St10003'
-73.8841,40.6614,0,2,'NYSchenck Ave10003+NYLinden Blvd+10003'
-73.8841,40.7237,2,5,'NY76th St10003+NY60th Rd+10003|NY60th Rd10003'
-73.8841,40.9231,0,1,'NYQuentin Charlton Ter10003+NYLefferts Rd+10003|NYLefferts Rd10003'
-73.8841,40.9571,0,1,'NYPark Ave10003+NYColgate Ave+10003'
-73.8841,40.7345,0,23,'NYKneeland Ave10003+NYManilla St+10003|NYManilla St10003'
-73.8841,40.6413,0,1,'NYE 108th St10003+NYFlatlands 8th St+10003'
-73.8840,40.8431,0,9,'NYE 178th St10003+NYHoneywell Ave+10003'
-73.8840,40.7228,1,47,'NY76th St10003|NY76th St10003+NYEliot Ave+10003|NY76th St10003+NY75th Pl+10003|NYEliot Ave10003+NY75th Pl+10003|NY75th Pl10003'
-73.8840,40.8551,1,6,'NYBeaumont Ave10003+NYE 188th St+10003|NYE 188th St10003'
-73.8840,40.7287,6,2,'NYQn Midtown Expressway Exit Wb10003'
-73.8840,40.6694,1,11,'NYBlake Ave10003+NYAshford St+10003'
-73.8839,40.8587,0,6,'NYHughes Ave10003+NYE 191st St+10003|NYE 191st St10003'
-73.8839,40.7476,41,719,'NY82nd St10003+NYRoosevelt Ave+10003'
-73.8839,40.7434,18,97,'NY81st St10003|NY81st St10003+NYPettit Ave+10003|NY81st St10003+NYBroadway+10003|NYPettit Ave10003|NYPettit Ave10003+NYBroadway+10003'
-73.8839,40.6846,1,2,'NYJamaica Ave10003+NYEssex St+10003|NYEssex St10003'
-73.8839,40.8563,0,19,'NYCambreleng Ave10003+NYE 189th St+10003'
-73.8839,40.8418,0,4,'NYDaly Ave10003+NYE Tremont Ave+10003'
-73.8839,40.7415,0,28,'NY45th Ave10003+NY81st St+10003|NY81st St10003'
-73.8839,40.7374,4,31,'NYManilla St10003|NYManilla St10003+NY51st Ave+10003'
-73.8839,40.7380,16,17,'NYCornish Ave10003|NYCornish Ave10003+NYState Hwy 25+10003|NYCornish Ave10003+NYQueens Blvd+10003'
-73.8839,40.8395,0,8,'NYBoston Rd10003+NYCross Bx Svc Rd Exd+10003|NYBoston Rd10003+NYCross Bx Ext Srv Rd+10003|NYBoston Rd10003+NYCross Bronx Expy Svc Rd+10003|NYBoston Rd10003+NYVyse Ave+10003|NYCross Bx Svc Rd Exd10006+NYCross Bx Ext Srv Rd+10006|NYCross Bx Svc Rd Exd10006+NYCross Bronx Expy Svc Rd+10006|NYCross Bx Svc Rd Exd10006+NYVyse Ave+10006|NYCross Bx Ext Srv Rd10003|NYCross Bx Ext Srv Rd10003+NYCross Bronx Expy Svc Rd+10003|NYCross Bx Ext Srv Rd10003+NYVyse Ave+10003|NYCross Bronx Expy Svc Rd10006|NYCross Bronx Expy Svc Rd10006+NYVyse Ave+10006|NYVyse Ave10003'
-73.8838,40.7458,2,36,'NYJudge St10003|NYJudge St10003+NYBaxter Ave+10003'
-73.8838,40.8805,1,10,'NYMosholu Pkwy N10003|NYMosholu Pkwy N10003+NYE Mosholu Pkwy N+10003|NYMosholu Pkwy N10003+NYW Mosholu Pkwy N+10003|NYMosholu Pkwy N10003+NYJerome Ave+10003|NYE Mosholu Pkwy N10003|NYE Mosholu Pkwy N10003+NYW Mosholu Pkwy N+10003|NYE Mosholu Pkwy N10003+NYJerome Ave+10003|NYW Mosholu Pkwy N10003|NYW Mosholu Pkwy N10003+NYJerome Ave+10003'
-73.8838,40.8515,0,1,'NYProspect Ave10003+NYE 183rd St+10003'
-73.8838,40.7336,1,13,'NY84th St10003|NY84th St10003+NYGrand Ave+10003|NY84th St10003+NYCalamus Ave+10003|NYGrand Ave10003+NYCalamus Ave+10003|NYCalamus Ave10003'
-73.8838,40.7266,0,7,'NY77th Pl10003|NY77th Pl10003+NY58th Ave+10003'
-73.8838,40.7459,1,3,'NY41st Ave10003'
-73.8838,40.8468,0,2,'NYSouthern Blvd10003+NYE 181st St+10003'
-73.8838,40.6802,0,7,'NYLinwood St10003+NYFulton St+10003'
-73.8838,40.8714,1,16,'NYBainbridge Ave10003+NYE 201st St+10003'
-73.8838,40.8487,0,3,'NYE 182nd St10003+NYMapes Ave+10003|NYMapes Ave10003'
-73.8838,40.7061,0,9,'NYOtto Rd10003|NYOtto Rd10003+NY69th Pl+10003|NY69th Pl10003'
-73.8838,40.8125,0,1,'NYRandall Ave10003+NYHunts Point Ave+10003'
-73.8838,40.9230,0,1,'NYQuentin Charlton Ter10003+NYWingate Rd+10003|NYWingate Rd10003'
-73.8838,40.7677,69,30,'NYDitmars Blvd10003|NYDitmars Blvd10003+NY86th St+10003|NY86th St10003'
-73.8838,40.7284,3,3,'NYQueens Midtown Expy10003'
-73.8838,40.7307,0,29,'NY80th St10003+NY54th Ave+10003'
-73.8837,40.7017,1,14,'NY68th Pl10003'
-73.8837,40.7466,2,14,'NYIthaca St10003|NYIthaca St10003+NY82nd St+10003'
-73.8837,40.6594,0,1,'NYStanley Ave10003+NYHendrix St+10003|NYHendrix St10003'
-73.8837,40.8388,0,9,'NYBryant Ave10003+NYE 176th St+10003'
-73.8837,40.7040,0,9,'NYCentral Ave10003+NY69th St+10003'
-73.8837,40.6750,0,7,'NYElton St10003+NYGlenmore Ave+10003'
-73.8837,40.6496,0,8,'NYDelmar Loop10003'
-73.8837,40.6782,0,2,'NYLinwood St10003'
-73.8837,40.8725,0,2,'NYE 202nd St10003|NYE 202nd St10003+NYBriggs Ave+10003'
-73.8837,40.7672,1,5,'NY86th St10003|NY86th St10003+NY23rd Ave+10003'
-73.8837,40.7281,0,16,'NY78th St10003'
-73.8836,40.7461,0,14,'NY82nd St10003|NY82nd St10003+NYBaxter Ave+10003'
-73.8836,40.8774,2,8,'NYMosholu Pkwy10003|NYMosholu Pkwy10003+NYMosholu Pkwy+10003'
-73.8836,40.8539,0,8,'NYCrotona Ave10003+NYE 187th St+10003'
-73.8836,40.8673,0,11,'NYBedford Park Blvd10003+NYWebster Ave+10003'
-73.8836,40.7910,5,3,'NYRikers Is Branch10003'
-73.8836,40.6679,0,11,'NYAshford St10003+NYDumont Ave+10003'
-73.8836,40.8591,0,12,'NYHughes Ave10003'
-73.8836,40.7249,1,6,'NY77th St10003'
-73.8835,40.6792,0,2,'NYLinwood St10003+NYFolsom Pl+10003|NYFolsom Pl10003'
-73.8835,40.6830,0,2,'NYEssex St10003+NYRidgewood Ave+10003'
-73.8835,40.6494,0,2,'NYCroton Loop10003'
-73.8835,40.6513,0,8,'NYArdsley Loop10003'
-73.8835,40.6634,0,2,'NYJerome St10003+NYHegeman Ave+10003'
-73.8835,40.7871,2,1,'NYRikers Is Br Appr10003|NYRikers Is Br Appr10003+NYRikers Is Br Appr+10003'
-73.8835,40.8455,0,2,'NYMohegan Ave10003+NYE 180th St+10003'
-73.8835,40.7441,2,29,'NYLayton St10003+NYPettit Ave+10003'
-73.8835,40.7922,4,3,'NYHazen St10003'
-73.8835,40.8808,0,6,'NYE 208th St10003|NYE 208th St10003+NYJerome Ave+10003'
-73.8835,40.8466,0,4,'NYE 181st St10003+NYCrotona Pkwy+10003'
-73.8835,40.7056,0,7,'NY69th Pl10003+NY70th Ave+10003'
-73.8835,40.8581,0,21,'NYUS Hwy 110002+NYBelmont Ave+10002|NYBelmont Ave10003+NYE Fordham Rd+10003'
-73.8834,40.6407,0,1,'NYAvenue N10003+NYE 108th St+10003'
-73.8834,40.8748,1,0,'NYLisbon Pl10003|NYLisbon Pl10003+NYE Mosholu Pkwy S+10003'
-73.8834,40.8754,1,3,'NYE 205th St10003|NYE 205th St10003+NYE Mosholu Pkwy S+10003'
-73.8834,40.7005,0,2,'NY68th St10003|NY68th St10003+NYCooper Ave+10003'
-73.8834,40.8757,4,11,'NYE Mosholu Pkwy S10003+NYE 206th St+10003|NYE 206th St10003'
-73.8834,40.7179,0,13,'NYJuniper Blvd S10003+NY72nd St+10003|NY72nd St10003'
-73.8834,40.8392,0,5,'NYBryant Ave10003+NYCross Bx Svc Rd Exd+10003|NYBryant Ave10003+NYCross Bronx Expy+10003|NYCross Bx Svc Rd Exd10006|NYCross Bx Svc Rd Exd10006+NYCross Bronx Expy+10006'
-73.8834,40.7341,0,4,'NYKneeland Ave10003'
-73.8834,40.7464,3,29,'NYIthaca St10003+NYBaxter Ave+10003'
-73.8834,40.8739,0,9,'NYE 204th St10003|NYE 204th St10003+NYE Mosholu Pkwy S+10003'
-73.8834,40.6737,4,28,'NYPitkin Ave10003+NYElton St+10003'
-73.8834,40.8439,0,6,'NYE 179th St10003+NYHoneywell Ave+10003'
-73.8834,40.8174,1,2,'NYDrake St10003|NYDrake St10003+NYLafayette Ave+10003|NYDrake St10003+NYEdgewater Rd+10003|NYLafayette Ave10003+NYEdgewater Rd+10003'
-73.8834,40.9264,0,1,'NYWingate Pl10003'
-73.8833,40.7653,0,5,'NY86th St10003|NY86th St10003+NY24th Ave+10003'
-73.8833,40.7274,0,14,'NY78th St10003+NY57th Rd+10003|NY57th Rd10003'
-73.8833,40.6418,0,3,'NYFlatlands 8th St10003'
-73.8833,40.6661,0,2,'NYAshford St10003|NYAshford St10003+NYNew Lots Ave+10003'
-73.8833,40.6783,1,1,'NYLinwood St10003|NYLinwood St10003+NYAtlantic Ave+10003'
-73.8833,40.6617,0,2,'NYBarbey St10003|NYBarbey St10003+NYLinden Blvd+10003'
-73.8833,40.8526,0,3,'NYProspect Ave10003+NYE 185th St+10003|NYE 185th St10003'
-73.8833,40.8560,0,9,'NYBeaumont Ave10003'
-73.8833,40.7148,0,54,'NYJuniper Valley Rd10003+NY72nd St+10003|NY72nd St10003'
-73.8833,40.8393,0,1,'NYBryant Ave10003+NYCross Bronx Expy Svc Rd+10003'
-73.8833,40.8706,2,8,'NYPerry Ave10003+NYE 201st St+10003'
-73.8832,40.7162,0,7,'NYPenelope Ave10003+NY72nd St+10003'
-73.8832,40.7595,39,334,'NY85th St10003+NY31st Ave+10003'
-73.8832,40.7231,1,28,'NYEliot Ave10003+NY76th St+10003|NY76th St10003'
-73.8832,40.6764,2,4,'NYLinwood St10003+NYLiberty Ave+10003'
-73.8832,40.6664,0,2,'NYAshford St10003+NYLivonia Ave+10003'
-73.8832,40.8833,0,10,'NYW Gun Hill Rd10003+NYGates Pl+10003|NYGates Pl10003'
-73.8832,40.8427,0,5,'NYDaly Ave10003+NYE 178th St+10003'
-73.8832,40.7643,1,26,'NYAstoria Blvd10003+NY86th St+10003'
-73.8832,40.9109,0,1,'NYTibbetts Rd10003+NYHarrison Ave+10003|NYHarrison Ave10003'
-73.8832,40.6662,1,4,'NYAshford St10003|NYAshford St10003+NYNew Lots Ave+10003'
-73.8831,40.7345,0,12,'NYKneeland Ave10003|NYKneeland Ave10003+NYKneeland Ave+10003|NYKneeland Ave10003+NYCodwise Pl+10003|NYCodwise Pl10003|NYCodwise Pl10003+NYKneeland Ave+10003'
-73.8831,40.7396,2,20,'NYBarnwell Ave10003+NYAlbion Ave+10003|NYAlbion Ave10003'
-73.8831,40.7257,0,16,'NY77th Pl10003+NY58th Rd+10003|NY58th Rd10003'
-73.8831,40.8483,0,1,'NYSouthern Blvd10003+NYE 182nd St+10003|NYSouthern Blvd10003+NYNereid Ave+10003|NYE 182nd St10003|NYE 182nd St10003+NYNereid Ave+10003|NYE 182nd St10003+NYDr Theodore Kazimiroff Blvd+10003|NYNereid Ave10003|NYNereid Ave10003+NYDr Theodore Kazimiroff Blvd+10003'
-73.8831,40.6491,2,14,'NYDelmar Loop10003'
-73.8831,40.8471,0,2,'NYHornaday Pl10003|NYHornaday Pl10003+NYCrotona Pkwy+10003'
-73.8831,40.7312,0,70,'NY82nd St10003+NY54th Ave+10003'
-73.8830,40.6850,0,2,'NYJamaica Ave10003+NYShepherd Ave+10003|NYShepherd Ave10003'
-73.8830,40.7477,34,246,'NY83rd St10003+NYRoosevelt Ave+10003'
-73.8830,40.7470,0,18,'NYHampton St10003|NYHampton St10003+NYBaxter Ave+10003'
-73.8830,40.7285,5,2,'NYQn Midtown Expressway en Eb10003|NYQn Midtown Expressway en Eb10003+NYQueens Midtown Expy+10003|NYQn Midtown Expressway en Eb10003+NYQn Midtown Expressway en Eb+10003|NYQueens Midtown Expy10003|NYQueens Midtown Expy10003+NYQueens Midtown Expy+10003|NYQueens Midtown Expy10003+NYQn Midtown Expressway en Eb+10003'
-73.8830,40.8731,0,2,'NYE 203rd St10003|NYE 203rd St10003+NYE Mosholu Pkwy S+10003|NYE 203rd St10003+NYBriggs Ave+10003|NYE Mosholu Pkwy S10003+NYBriggs Ave+10003|NYBriggs Ave10003'
-73.8830,40.7242,0,5,'NY60th Rd10003|NY60th Rd10003+NY77th St+10003'
-73.8830,40.8384,0,7,'NYE 176th St10003+NYLongfellow Ave+10003'
-73.8830,40.8283,1,10,'NYBronx River Ave10003+NYClose Ave+10003|NYClose Ave10003|NYClose Ave10003+NYWestchester Ave+10003'
-73.8829,40.7416,7,65,'NY45th Ave10003+NY82nd St+10003'
-73.8829,40.6598,0,15,'NYStanley Ave10003+NYSchenck Ave+10003'
-73.8829,40.8396,0,2,'NYBryant Ave10003+NYBoston Rd+10003'
-73.8829,40.8588,0,18,'NYBelmont Ave10003'
-73.8829,40.7472,2,27,'NY83rd St10003|NY83rd St10003+NYBaxter Ave+10003'
-73.8829,40.8788,0,17,'NYMosholu Pkwy N10003|NYMosholu Pkwy N10003+NYKossuth Ave+10003|NYMosholu Pkwy N10003+NYE Mosholu Pkwy N+10003|NYKossuth Ave10003|NYKossuth Ave10003+NYE Mosholu Pkwy N+10003|NYE Mosholu Pkwy N10003|NYE Mosholu Pkwy N10003+NYE Mosholu Pkwy N+10003'
-73.8829,40.6334,16,31,'NYShore Pkwy Svc Rd10006|NYShore Pkwy Svc Rd10006+NYE 102nd St+10006|NYShore Pkwy10006|NYShore Pkwy10006+NYE 102nd St+10006|NYE 102nd St10003'
-73.8829,40.7213,0,4,'NY75th Pl10003|NY75th Pl10003+NYJuniper Blvd N+10003|NY75th Pl10003+NYJuniper Blvd+10003|NYJuniper Blvd N10003|NYJuniper Blvd N10003+NYJuniper Blvd N+10003|NYJuniper Blvd N10003+NYJuniper Blvd+10003|NYJuniper Blvd10003'
-73.8829,40.6805,0,3,'NYEssex St10003+NYFulton St+10003'
-73.8829,40.8491,0,1,'NYSouthern Blvd10003+NYGarden St+10003|NYSouthern Blvd10003+NYCrotona Pkwy+10003|NYGarden St10003|NYGarden St10003+NYDr Theodore Kazimiroff Blvd+10003|NYGarden St10003+NYCrotona Pkwy+10003|NYDr Theodore Kazimiroff Blvd10003+NYCrotona Pkwy+10003|NYCrotona Pkwy10003'
-73.8829,40.7042,0,12,'NYCentral Ave10003+NY69th Pl+10003'
-73.8829,40.7282,0,3,'NY79th St10003'
-73.8829,40.8492,0,1,'NYSouthern Blvd10003+NYOld Kingsbridge Rd+10003|NYOld Kingsbridge Rd10003|NYOld Kingsbridge Rd10003+NYDr Theodore Kazimiroff Blvd+10003'
-73.8828,40.8478,1,0,'NYBronx Park S10003'
-73.8828,40.6402,0,2,'NYE 108th St10003+NYFlatlands 9th St+10003'
-73.8828,40.8677,0,7,'NYBotanical Sq S10003|NYBotanical Sq S10003+NYWebster Ave+10003'
-73.8828,40.7429,13,50,'NY82nd St10003|NY82nd St10003+NYBroadway+10003'
-73.8828,40.7410,2,13,'NY82nd St10003|NY82nd St10003+NY47th Ave+10003|NY47th Ave10003'
-73.8828,40.8699,0,32,'NYE 201st St10003+NYMarion Ave+10003'
-73.8828,40.6785,0,1,'NYEssex St10003'
-73.8828,40.7267,0,30,'NY78th St10003+NY58th Ave+10003'
-73.8828,40.7378,14,56,'NYDongan Ave10003|NYDongan Ave10003+NYState Hwy 25+10003|NYDongan Ave10003+NYQueens Blvd+10003'
-73.8828,40.8463,0,1,'NYMohegan Ave10003+NYE 181st St+10003'
-73.8828,40.8413,2,3,'NYVyse Ave10003+NYE Tremont Ave+10003'
-73.8828,40.7673,17,22,'NY87th St10003|NY87th St10003+NY23rd Ave+10003'
-73.8828,40.8659,1,3,'NYBedford Park Blvd10003'
-73.8828,40.8232,0,3,'NYBx Rivr Ave10003|NYBx Rivr Ave10003+NYBronx River Ave+10003|NYBx Rivr Ave10003+NYBruckner Blvd+10003|NYBrx River Ave10003|NYBrx River Ave10003+NYBronx River Ave+10003|NYBrx River Ave10003+NYBruckner Blvd+10003|NYBronx River Ave10003|NYBronx River Ave10003+NYBronx River Ave+10003|NYBronx River Ave10003+NYBruckner Blvd+10003'
-73.8827,40.8537,0,9,'NYProspect Ave10003+NYE 187th St+10003'
-73.8827,40.8231,0,1,'NYBx Rivr Ave10003+NYBruckner Expy+10003|NYBx Rivr Ave10003+NYI 278+10003|NYBruckner Expy10001+NYBrx River Ave+10001|NYBruckner Expy10001+NYBronx River Ave+10001|NYBrx River Ave10003+NYI 278+10003|NYBronx River Ave10003+NYI 278+10003'
-73.8827,40.6517,0,5,'NYArdsley Loop10003'
-73.8827,40.8803,1,12,'NYDekalb Ave10003|NYDekalb Ave10003+NYE 208th St+10003|NYDekalb Ave10003+NYE 210th St+10003|NYE 208th St10003+NYE 210th St+10003|NYE 210th St10003'
-73.8827,40.9162,0,1,'NYHarrison Ave10003|NYHarrison Ave10003+NYJervis Rd+10003|NYJervis Rd10003'
-73.8827,40.6638,0,5,'NYWarwick St10003+NYHegeman Ave+10003'
-73.8827,40.6923,5,12,'NYCypress Ave10003|NYCypress Ave10003+NYCypress Hills St+10003'
-73.8827,40.8228,0,2,'NYBx Rivr Ave10003|NYBx Rivr Ave10003+NYBruckner Blvd+10003|NYBx Rivr Ave10003+NYBronx River Ave+10003|NYBruckner Blvd10003+NYBrx River Ave+10003|NYBruckner Blvd10003+NYBronx River Ave+10003|NYBrx River Ave10003|NYBrx River Ave10003+NYBronx River Ave+10003|NYBronx River Ave10003|NYBronx River Ave10003+NYBronx River Ave+10003'
-73.8826,40.7428,11,33,'NYBroadway10003+NYBritton Ave+10003|NYBritton Ave10003'
-73.8826,40.7183,0,6,'NY74th St10003|NY74th St10003+NYJuniper Blvd S+10003'
-73.8826,40.9288,0,2,'NYRumsey Rd10003|NYRumsey Rd10003+NYRumsey Rd+10003'
-73.8826,40.7058,0,15,'NY70th Ave10003+NY70th St+10003|NY70th St10003'
-73.8826,40.6794,0,4,'NYEssex St10003+NYFolsom Pl+10003|NYFolsom Pl10003'
-73.8826,40.6518,0,5,'NYBethel Loop10003'
-73.8826,40.6831,0,10,'NYShepherd Ave10003+NYRidgewood Ave+10003'
-73.8826,40.8387,0,2,'NYCross Bronx Expy10002+NYLongfellow Ave+10002'
-73.8826,40.9269,0,1,'NYTruesdale Pl10003'
-73.8826,40.8578,0,2,'NYUS Hwy 110002+NYCambreleng Ave+10002|NYCambreleng Ave10003+NYE Fordham Rd+10003'
-73.8826,40.7452,0,26,'NYPettit Ave10003+NYJudge St+10003'
-73.8826,40.7478,7,189,'NYGleane St10003|NYGleane St10003+NYRoosevelt Ave+10003|NYGleane St10003+NYBaxter Ave+10003|NYRoosevelt Ave10003+NYBaxter Ave+10003|NYBaxter Ave10003'
-73.8826,40.8502,0,2,'NYGrote St10003|NYGrote St10003+NYSouthern Blvd+10003|NYGrote St10003+NYDr Theodore Kazimiroff Blvd+10003'
-73.8825,40.6922,1,2,'NYInterborough Pkwy10002+NYCypress Hills St+10002'
-73.8825,40.8434,0,3,'NYDaly Ave10003+NYE 179th St+10003'
-73.8825,40.8561,0,6,'NYCrotona Ave10003+NYE 189th St+10003|NYE 189th St10003'
-73.8825,40.7372,5,70,'NYVan Kleeck St10003'
-73.8825,40.7346,1,8,'NYGrand Ave10003+NYCodwise Pl+10003|NYCodwise Pl10003'
-73.8825,40.6562,0,17,'NYCozine Ave10003+NYVan Siclen Ave+10003'
-73.8825,40.6665,2,7,'NYNew Lots Ave10003+NYCleveland St+10003|NYNew Lots Ave10003+NYLivonia Ave+10003|NYCleveland St10003+NYLivonia Ave+10003|NYLivonia Ave10003'
-73.8825,40.9134,0,1,'NYTibbetts Rd10003+NYAlan B Shepard Jr Pl+10003'
-73.8825,40.7336,1,1,'NY52nd Ave10003'
-73.8825,40.6621,0,1,'NYLinden Blvd10002+NYJerome St+10002|NYJerome St10003'
-73.8825,40.8721,1,21,'NYBainbridge Ave10003+NYE Mosholu Pkwy S+10003'
-73.8825,40.7009,0,6,'NY69th St10003+NYCooper Ave+10003'
-73.8824,40.7235,1,42,'NYEliot Ave10003+NY77th St+10003'
-73.8824,40.8450,0,9,'NYE 180th St10003+NYHoneywell Ave+10003'
-73.8824,40.8389,0,1,'NYCross Bronx Expy Svc Rd10006+NYLongfellow Ave+10006'
-73.8824,40.9699,3,13,'NYOdell Plz10003|NYOdell Ter10003'
-73.8824,40.6484,0,5,'NYTwin Pines Dr E10003|NYTwin Pines Dr E10003+NYPennsylvania Ave+10003'
-73.8824,40.7654,0,3,'NY24th Ave10003+NY87th St+10003'
-73.8824,40.6786,0,1,'NYEssex St10003|NYEssex St10003+NYAtlantic Ave+10003'
-73.8824,40.8379,0,1,'NYBoone Ave10003|NYBoone Ave10003+NYE 176th St+10003'
-73.8824,40.7316,0,32,'NY54th Ave10003+NY83rd St+10003'
-73.8824,40.7162,0,4,'NYPenelope Ave10003+NYPleasantview St+10003'
-73.8824,40.8300,0,17,'NYColgate Ave10003|NYColgate Ave10003+NYBronx River Ave+10003'
-73.8824,40.8692,0,5,'NYDecatur Ave10003+NYE 201st St+10003'
-73.8824,40.7290,0,8,'NY80th St10003+NY57th Ave+10003'
-73.8824,40.6697,0,8,'NYBlake Ave10003+NYElton St+10003'
-73.8824,40.8673,0,7,'NYBotanical Sq10003|NYBotanical Sq10003+NYBotanical Sq S+10003|NYBotanical Sq S10003'
-73.8824,40.7179,0,8,'NY74th St10003+NYPleasantview St+10003|NYPleasantview St10003'
-73.8824,40.9108,0,4,'NYSedgwick Ave10003+NYMcLean Ave+10003'
-73.8823,40.6765,1,10,'NYEssex St10003+NYLiberty Ave+10003'
-73.8823,40.8511,0,4,'NYSouthern Blvd10003+NYE 183rd St+10003|NYE 183rd St10003|NYE 183rd St10003+NYDr Theodore Kazimiroff Blvd+10003'
-73.8823,40.7596,28,305,'NY86th St10003+NY31st Ave+10003'
-73.8823,40.6524,0,10,'NYBethel Loop10003'
-73.8823,40.8255,0,16,'NYWatson Ave10003+NYClose Ave+10003'
-73.8823,40.8373,0,1,'NYW Farms Rd10003+NYE 176th St+10003|NYE 176th St10003'
-73.8822,40.6396,0,1,'NYFlatlands 10th St10003|NYFlatlands 10th St10003+NYE 108th St+10003'
-73.8822,40.7377,8,34,'NY51st Ave10003+NYState Hwy 25+10003|NY51st Ave10003+NYQueens Blvd+10003'
-73.8822,40.8355,0,6,'NYE 174th St10003+NYW Farms Rd+10003'
-73.8822,40.8712,0,3,'NYE Mosholu Pkwy S10003|NYE Mosholu Pkwy S10003+NYPerry Ave+10003|NYE Mosholu Pkwy S10003+NYE Mosholu Pkwy S+10003|NYPerry Ave10003|NYPerry Ave10003+NYMosholu Pkwy S+10003|NYPerry Ave10003+NYE Mosholu Pkwy S+10003|NYMosholu Pkwy S10003|NYMosholu Pkwy S10003+NYE Mosholu Pkwy S+10003'
-73.8822,40.6545,0,8,'NYFlatlands Ave10003+NYVan Siclen Ave+10003'
-73.8822,40.8128,0,1,'NYDrake St10003+NYEdgewater Rd+10003|NYOak Point Ave10003|NYOak Point Ave10003+NYRandall Ave+10003|NYOak Point Ave10003+NYEdgewater Rd+10003|NYRandall Ave10003+NYEdgewater Rd+10003|NYEdgewater Rd10003'
-73.8822,40.7642,4,16,'NYAstoria Blvd10003+NY87th St+10003'
-73.8821,40.7377,5,22,'NYState Hwy 2510002+NYCodwise Pl+10002|NYQueens Blvd10002+NYCodwise Pl+10002|NYCodwise Pl10003'
-73.8821,40.6407,0,3,'NYFlatlands 9th St10003'
-73.8821,40.7404,3,5,'NYBarnwell Ave10003|NYBarnwell Ave10003+NYPoyer St+10003|NYPoyer St10003'
-73.8821,40.7435,7,17,'NYLayton St10003|NYLayton St10003+NYBritton Ave+10003'
-73.8821,40.7349,0,17,'NYHaspel St10003|NYHaspel St10003+NYGrand Ave+10003'
-73.8821,40.7002,1,3,'NYLuther Rd10003|NYLuther Rd10003+NY69th St+10003|NY69th St10003'
-73.8821,40.7458,1,65,'NYIthaca St10003+NYPettit Ave+10003|NYPettit Ave10003'
-73.8821,40.7287,3,9,'NY80th St10003+NYQn Midtown Expressway Exit Wb+10003|NYQn Midtown Expressway Exit Wb10003'
-73.8821,40.8831,0,23,'NYKnox Pl10003|NYKnox Pl10003+NYW Gun Hill Rd+10003'
-73.8821,40.7635,2,46,'NY25th Ave10003+NY87th St+10003'
-73.8821,40.7478,11,308,'NY84th St10003|NY84th St10003+NYRoosevelt Ave+10003'
-73.8821,40.8421,0,2,'NYE 178th St10003+NYVyse Ave+10003'
-73.8821,40.8791,0,9,'NYKossuth Ave10003+NYE 208th St+10003'
-73.8821,40.6849,0,1,'NYEtna St10003|NYEtna St10003+NYHighland Pl+10003'
-73.8821,40.8392,0,1,'NYRodman Pl10003|NYRodman Pl10003+NYLongfellow Ave+10003'
-73.8821,40.7125,0,18,'NYMetropolitan Ave10003+NYPleasantview St+10003|NYPleasantview St10003'
-73.8820,40.8654,0,3,'NYBronx Park Rd10003|NYBronx Park Rd10003+NYBronx Park Rd+10003'
-73.8820,40.7044,0,5,'NYCentral Ave10003+NY70th St+10003'
-73.8820,40.8522,2,17,'NYSouthern Blvd10003+NYE 185th St+10003|NYE 185th St10003|NYE 185th St10003+NYDr Theodore Kazimiroff Blvd+10003'
-73.8820,40.6808,0,3,'NYShepherd Ave10003+NYFulton St+10003'
-73.8820,40.8472,0,2,'NYMohegan Ave10003|NYMohegan Ave10003+NYBronx Park S+10003'
-73.8820,40.8284,3,11,'NYColgate Ave10003+NYWestchester Ave+10003'
-73.8820,40.8704,0,6,'NYE Mosholu Pkwy S10003+NYMarion Ave+10003|NYMosholu Pkwy S10003+NYMarion Ave+10003'
-73.8820,40.6681,0,11,'NYElton St10003+NYDumont Ave+10003'
-73.8819,40.6787,0,2,'NYShepherd Ave10003'
-73.8819,40.7284,2,12,'NY80th St10003+NYQueens Midtown Expy+10003|NY80th St10003+NYQn Midtown Expressway en Eb+10003'
-73.8819,40.8552,0,14,'NYProspect Ave10003'
-73.8819,40.8573,0,5,'NYE Fordham Rd10003'
-73.8819,40.7162,0,6,'NYPenelope Ave10003+NY73rd Pl+10003|NY73rd Pl10003'
-73.8819,40.7424,5,95,'NYVietor Ave10003|NYVietor Ave10003+NYBroadway+10003'
-73.8819,40.8382,0,1,'NYW Farms Rd10003+NYCross Bronx Expy+10003'
-73.8819,40.7352,0,41,'NYKneeland Ave10003+NYVankleeck St+10003|NYKneeland Ave10003+NYCodwise Pl+10003|NYVankleeck St10003|NYVankleeck St10003+NYCodwise Pl+10003|NYCodwise Pl10003'
-73.8819,40.7417,2,25,'NY45th Ave10003+NY83rd St+10003|NY83rd St10003'
-73.8819,40.7675,37,52,'NY88th St10003|NY88th St10003+NY23rd Ave+10003'
-73.8819,40.6641,0,7,'NYAshford St10003+NYHegeman Ave+10003'
-73.8818,40.7214,0,8,'NY76th St10003|NY76th St10003+NYJuniper Blvd N+10003'
-73.8818,40.8684,0,1,'NYE 201st St10003|NYE 201st St10003+NYWebster Ave+10003|NYE 201st St10003+NYBotanical Sq N+10003|NYWebster Ave10003+NYBotanical Sq N+10003|NYBotanical Sq N10003'
-73.8818,40.8770,1,19,'NYSteuben Ave10003|NYSteuben Ave10003+NYE Mosholu Pkwy N+10003'
-73.8818,40.7351,2,5,'NYGrand Ave10003+NYVankleeck St+10003|NYVankleeck St10003'
-73.8818,40.7186,0,10,'NYJuniper Blvd S10003+NY75th St+10003|NY75th St10003'
-73.8818,40.6583,0,5,'NYWortman Ave10003+NYSchenck Ave+10003'
-73.8818,40.7269,0,10,'NY58th Ave10003+NY79th St+10003'
-73.8818,40.9071,0,3,'NYForest Ave10003|NYForest Ave10003+NYHancock Ave+10003|NYHancock Ave10003'
-73.8818,40.5840,0,1,'NYForrestal Rd10003|NYForrestal Rd10003+NYEnterprise Ave+10003|NYEnterprise Ave10003'
-73.8818,40.8575,1,1,'NYUS Hwy 110002+NYCrotona Ave+10002|NYCrotona Ave10003+NYE Fordham Rd+10003'
-73.8818,40.8458,0,1,'NYE 181st St10003+NYHoneywell Ave+10003'
-73.8818,40.8801,0,4,'NYKossuth Ave10003+NYE 210th St+10003'
-73.8818,40.8723,0,3,'NYMosholu Pkwy10003+NYBainbridge Ave+10003'
-73.8817,40.8696,0,1,'NYDecatur Ave10003|NYDecatur Ave10003+NYE Mosholu Pkwy S+10003|NYDecatur Ave10003+NYMosholu Pkwy S+10003'
-73.8817,40.8313,0,9,'NYBronx River Ave10003+NYE 172nd St+10003|NYBronx River Ave10003+NYEvergreen Ave+10003|NYEvergreen Ave10003'
-73.8817,40.6538,0,6,'NYVandalia Ave10003|NYVandalia Ave10003+NYVan Siclen Ave+10003'
-73.8817,40.7321,0,14,'NY54th Ave10003|NY54th Ave10003+NY84th St+10003'
-73.8817,40.7013,0,20,'NY69th Pl10003+NYCooper Ave+10003'
-73.8817,40.6624,0,6,'NYWarwick St10003|NYWarwick St10003+NYLinden Blvd+10003'
-73.8817,40.6850,0,1,'NYEtna St10003+NYForce Tube Ave+10003'
-73.8817,40.8533,1,5,'NYSouthern Blvd10003+NYE 187th St+10003|NYE 187th St10003|NYE 187th St10003+NYDr Theodore Kazimiroff Blvd+10003'
-73.8817,40.8446,1,11,'NYE 180th St10003+NYDaly Ave+10003'
-73.8817,40.7440,2,25,'NYKetcham St10003|NYKetcham St10003+NYBritton Ave+10003'
-73.8817,40.6668,1,3,'NYNew Lots Ave10003+NYElton St+10003'
-73.8816,40.6833,0,5,'NYHighland Pl10003+NYRidgewood Ave+10003'
-73.8816,40.7333,0,3,'NY53rd Ave10003'
-73.8816,40.7376,8,32,'NYSimonson St10003|NYSimonson St10003+NYState Hwy 25+10003|NYSimonson St10003+NYQueens Blvd+10003'
-73.8816,40.7239,1,42,'NYEliot Ave10003+NY77th Pl+10003'
-73.8816,40.6566,0,3,'NYHendrix St10003|NYHendrix St10003+NYCozine Ave+10003'
-73.8816,40.6391,0,3,'NYE 108th St10003|NYE 108th St10003+NYSeaview Ave+10003'
-73.8815,40.6698,0,5,'NYBlake Ave10003+NYLinwood St+10003'
-73.8815,40.8407,0,5,'NYBryant Ave10003+NYE Tremont Ave+10003|NYW Farms Square Plz10003|NYW Farms Square Plz10003+NYE Tremont Ave+10003'
-73.8815,40.8461,0,1,'NYHornaday Pl10003|NYHornaday Pl10003+NYHoneywell Ave+10003'
-73.8815,40.8397,0,12,'NYBoston Rd10003+NYLongfellow Ave+10003|NYLongfellow Ave10003'
-73.8815,40.7655,0,12,'NY24th Ave10003|NY24th Ave10003+NY88th St+10003'
-73.8815,40.6476,0,10,'NYPennsylvania Ave10003+NYSchroeders Ave+10003|NYSchroeders Ave10003'
-73.8815,40.8748,1,15,'NYE 206th St10003|NYE 206th St10003+NYE Mosholu Pkwy N+10003'
-73.8815,40.8678,0,2,'NYBotanical Sq10003|NYBotanical Sq10003+NYBotanical Sq N+10003|NYBotanical Sq N10003'
-73.8815,40.8686,0,1,'NYE Mosholu Pkwy S10003|NYE Mosholu Pkwy S10003+NYWebster Ave+10003|NYMosholu Pkwy S10003|NYMosholu Pkwy S10003+NYWebster Ave+10003'
-73.8815,40.7344,0,18,'NYHaspel St10003+NY52nd Ave+10003'
-73.8815,40.7399,1,44,'NYCornish Ave10003+NYPoyer St+10003'
-73.8814,40.7353,1,5,'NYKneeland Ave10003|NYKneeland Ave10003+NYGrand Ave+10003|NYKneeland Ave10003+NYVan Kleeck St+10003|NYGrand Ave10003+NYVan Kleeck St+10003|NYVan Kleeck St10003'
-73.8814,40.8782,0,9,'NYE 208th St10003+NYSteuben Ave+10003'
-73.8814,40.7410,3,0,'NY83rd St10003|NY83rd St10003+NYWhitney Ave+10003|NYWhitney Ave10003'
-73.8814,40.6766,1,14,'NYShepherd Ave10003+NYLiberty Ave+10003'
-73.8814,40.8428,0,8,'NYE 179th St10003+NYVyse Ave+10003'
-73.8814,40.7597,12,200,'NY87th St10003+NY31st Ave+10003'
-73.8814,40.8212,0,2,'NYStory Ave10003+NYClose Ave+10003|NYClose Ave10003'
-73.8814,40.8814,0,13,'NYKossuth Ave10003|NYKossuth Ave10003+NYDekalb Ave+10003'
-73.8813,40.8147,0,28,'NY3rd St10003|NY3rd St10003+NYAve A+10003'
-73.8813,40.6858,4,5,'NYJamaica Ave10003+NYHale Ave+10003|NYHale Ave10003'
-73.8813,40.7214,0,1,'NYJuniper Blvd N10003|NYJuniper Blvd N10003+NYJuniper Blvd N+10003'
-73.8813,40.7479,6,213,'NYForley St10003|NYForley St10003+NYRoosevelt Ave+10003'
-73.8813,40.7004,0,2,'NYLuther Rd10003|NYLuther Rd10003+NY69th Pl+10003'
-73.8813,40.7318,0,5,'NY84th St10003+NY55th Ave+10003|NY55th Ave10003'
-73.8813,40.7379,20,25,'NY51st Ave10003+NYSt James Ave+10003|NYSt James Ave10003'
-73.8813,40.8726,0,1,'NYMosholu Pkwy10003+NYBainbridge Ave+10003'
-73.8813,40.7000,0,4,'NY69th Pl10003|NY69th Pl10003+NYIndiana Ave+10003|NYIndiana Ave10003'
-73.8812,40.8827,2,22,'NYW Gun Hill Rd10003|NYW Gun Hill Rd10003+NYJerome Ave+10003|NYW Gun Hill Rd10003+NYE Gun Hill Rd+10003|NYJerome Ave10003+NYE Gun Hill Rd+10003|NYE Gun Hill Rd10003'
-73.8812,40.7640,9,25,'NYAstoria Blvd10003+NY88th St+10003'
-73.8812,40.7446,9,68,'NYBritton Ave10003+NYJudge St+10003'
-73.8812,40.8101,0,1,'NYDrake Park S10003|NYDrake Park S10003+NYHunts Point Ave+10003'
-73.8812,40.7046,4,10,'NYCentral Ave10003+NY71st St+10003'
-73.8811,40.7636,3,36,'NY88th St10003+NY25th Ave+10003'
-73.8811,40.7164,0,16,'NY74th St10003+NYPenelope Ave+10003'
-73.8811,40.8708,1,5,'NYMosholu Pkwy10003+NYMarion Ave+10003|NYMarion Ave10003'
-73.8811,40.7479,5,92,'NY85th St10003|NY85th St10003+NYRoosevelt Ave+10003'
-73.8811,40.8386,0,1,'NYRodman Pl10003|NYRodman Pl10003+NYW Farms Rd+10003'
-73.8811,40.7356,1,37,'NYSimonson St10003|NYSimonson St10003+NYGrand Ave+10003'
-73.8811,40.6811,0,11,'NYFulton St10003+NYHighland Pl+10003'
-73.8811,40.8454,0,4,'NYE 181st St10003+NYDaly Ave+10003'
-73.8811,40.6790,1,1,'NYBerriman St10003'
-73.8811,40.8466,0,1,'NYBronx Park S10003+NYHoneywell Ave+10003|NYHoneywell Ave10003'
-73.8810,40.7295,1,11,'NY82nd St10003'
-73.8810,40.8284,0,30,'NYWestchester Ave10003+NYEvergreen Ave+10003'
-73.8810,40.6645,0,5,'NYCleveland St10003+NYHegeman Ave+10003'
-73.8810,40.8243,1,8,'NYColgate Ave10003'
-73.8810,40.7190,0,7,'NYJuniper Blvd S10003+NY75th Pl+10003|NY75th Pl10003'
-73.8810,40.7418,28,105,'NY45th Ave10003|NY45th Ave10003+NYElmhurst Ave+10003|NY45th Ave10003+NYBroadway+10003|NYElmhurst Ave10003|NYElmhurst Ave10003+NYBroadway+10003'
-73.8810,40.6587,0,4,'NYWortman Ave10003+NYBarbey St+10003|NYBarbey St10003'
-73.8810,40.8322,0,9,'NYBronx River Ave10003+NYWheeler Ave+10003|NYWheeler Ave10003'
-73.8810,40.6395,3,2,'NYSeaview Ave10003'
-73.8810,40.7676,3,23,'NY89th St10003|NY89th St10003+NY23rd Ave+10003'
-73.8809,40.7320,0,4,'NYMadison St10003|NYMadison St10003+NY55th Ave+10003'
-73.8809,40.9099,0,11,'NYHancock Ave10003|NYHancock Ave10003+NYLawton St+10003'
-73.8809,40.9068,0,1,'NYSherman Ave10003|NYSherman Ave10003+NYForest Ave+10003'
-73.8809,40.7216,0,7,'NY62nd Ave10003|NY62nd Ave10003+NYJuniper Blvd N+10003|NY62nd Ave10003+NY77th St+10003|NYJuniper Blvd N10003|NYJuniper Blvd N10003+NY77th St+10003|NY77th St10003'
-73.8809,40.7017,1,15,'NYCooper Ave10003+NY70th St+10003'
-73.8809,40.8131,0,6,'NYAve A10003+NY2nd St+10003|NY2nd St10003'
-73.8809,40.7062,0,2,'NY71st Pl10003|NY71st Pl10003+NYEdsall Ave+10003|NY71st Pl10003+NY70th Ave+10003|NYEdsall Ave10003'
-73.8809,40.7339,1,17,'NYHaspel St10003+NY53rd Ave+10003'
-73.8809,40.8710,1,3,'NYHull Ave10003'
-73.8809,40.6672,0,1,'NYNew Lots Ave10003+NYLinwood St+10003'
-73.8809,40.6628,1,12,'NYAshford St10003+NYLinden Blvd+10003'
-73.8809,40.8799,1,2,'NYSteuben Ave10003|NYSteuben Ave10003+NYE 210th St+10003'
-73.8808,40.9351,0,1,'NYAshburton Ave10003|NYAshburton Ave10003+NYYonkers Ave+10003'
-73.8808,40.7243,0,34,'NYEliot Ave10003+NY78th St+10003'
-73.8808,40.7330,0,2,'NY54th Ave10003'
-73.8808,40.8375,4,14,'NYSheridan Expy10001|NYSheridan Expy10001+NYCross Bronx Expy+10001|NYI 89510001|NYI 89510001+NYCross Bronx Expy+10001'
-73.8808,40.7270,0,22,'NY80th St10003+NY58th Ave+10003'
-73.8808,40.7394,1,25,'NYDongan Ave10003+NYPoyer St+10003'
-73.8808,40.8571,2,6,'NYUS Hwy 110002+NYSouthern Blvd+10002|NYUS Hwy 110002+NYDr Theodore Kazimiroff Blvd+10002|NYSouthern Blvd10003+NYE Fordham Rd+10003|NYE Fordham Rd10002+NYDr Theodore Kazimiroff Blvd+10002'
-73.8808,40.7284,9,10,'NY81st St10003'
-73.8808,40.8231,0,1,'NYBruckner Blvd10003+NYColgate Ave+10003|NYColgate Ave10003'
-73.8807,40.6469,1,7,'NYFreeport Loop10003'
-73.8807,40.6834,2,9,'NYHale Ave10003+NYRidgewood Ave+10003'
-73.8807,40.8415,1,12,'NYBryant Ave10003+NYE 178th St+10003|NYW Farms Square Plz10003+NYE 178th St+10003'
-73.8807,40.8310,1,26,'NYWheeler Ave10003+NYE 172nd St+10003'
-73.8807,40.6699,0,2,'NYBlake Ave10003+NYEssex St+10003'
-73.8807,40.8729,1,10,'NYBainbridge Ave10003+NYE Mosholu Pkwy N+10003'
-73.8807,40.7312,0,14,'NY55th Rd10003|NY55th Rd10003+NY84th St+10003'
-73.8807,40.7357,0,14,'NYVan Horn St10003|NYVan Horn St10003+NYGrand Ave+10003'
-73.8806,40.8605,2,8,'NYSouthern Blvd10003|NYSouthern Blvd10003+NYDr Theodore Kazimiroff Blvd+10003|NYDr Theodore Kazimiroff Blvd10003|NYDr Theodore Kazimiroff Blvd10003+NYDr Theodore Kazimiroff Blvd+10003'
-73.8806,40.6791,1,4,'NYAtlantic Ave10003+NYHighland Pl+10003|NYHighland Pl10003'
-73.8806,40.6552,0,1,'NYHendrix St10003|NYHendrix St10003+NYFlatlands Ave+10003'
-73.8806,40.7143,0,42,'NY73rd Pl10003+NY66th Rd+10003|NY66th Rd10003'
-73.8805,40.8780,0,4,'NYRochambeau Ave10003+NYE 208th St+10003'
-73.8805,40.7358,0,48,'NYGoldsmith St10003|NYGoldsmith St10003+NYGrand Ave+10003'
-73.8805,40.6768,0,2,'NYBerriman St10003+NYLiberty Ave+10003'
-73.8805,40.7020,1,4,'NYMyrtle Ave10003+NYCooper Ave+10003'
-73.8805,40.9697,1,13,'NYOdell Plz10003|NYOdell Plz10003+NYOdell Ave+10003|NYOdell Ave10003'
-73.8805,40.8462,0,6,'NYBronx Park S10003+NYDaly Ave+10003|NYDaly Ave10003'
-73.8805,40.8721,0,8,'NYPerry Ave10003|NYPerry Ave10003+NYE Mosholu Pkwy N+10003'
-73.8805,40.8439,0,7,'NYE 180th St10003+NYVyse Ave+10003'
-73.8805,40.7003,0,1,'NY70th St10003|NY70th St10003+NYIndiana Ave+10003'
-73.8805,40.7598,21,195,'NY88th St10003+NY31st Ave+10003'
-73.8805,40.8822,1,12,'NYDekalb Ave10003+NYE Gun Hill Rd+10003'
-73.8804,40.7443,4,42,'NYVietor Ave10003|NYVietor Ave10003+NYJudge St+10003'
-73.8804,40.8094,1,2,'NYFood Center Dr10003|NYFood Center Dr10003+NYE Bay Ave+10003|NYFood Center Dr10003+NYHalleck St+10003|NYFood Center Dr10003+NYHunts Point Ave+10003|NYE Bay Ave10003|NYE Bay Ave10003+NYHalleck St+10003|NYE Bay Ave10003+NYHunts Point Ave+10003|NYHalleck St10003+NYHunts Point Ave+10003'
-73.8804,40.8692,0,1,'NYMosholu Pkwy10003+NYWebster Ave+10003'
-73.8803,40.7168,0,5,'NYPenelope Ave10003+NY75th St+10003'
-73.8803,40.7425,1,69,'NYElmhurst Ave10003+NYMacnish St+10003|NYMacnish St10003'
-73.8803,40.7373,19,38,'NYGoldsmith St10003|NYGoldsmith St10003+NYState Hwy 25+10003|NYGoldsmith St10003+NYQueens Blvd+10003'
-73.8803,40.8213,1,21,'NYStory Ave10003+NYColgate Ave+10003'
-73.8803,40.6684,0,1,'NYEssex St10003+NYDumont Ave+10003'
-73.8803,40.7315,1,7,'NYMadison St10003+NY55th Rd+10003'
-73.8803,40.7694,127,441,'NY90th St10003|NY90th St10003+NYDitmars Blvd+10003'
-73.8803,40.7048,0,5,'NYCentral Ave10003+NY71st Pl+10003'
-73.8803,40.7413,19,17,'NYBroadway10003+NYWhitney Ave+10003'
-73.8803,40.6863,0,33,'NYJamaica Ave10003+NYNorwood Ave+10003|NYNorwood Ave10003'
-73.8803,40.8055,1,2,'NYDrake St10003|NYDrake St10003+NYRyawa Ave+10003'
-73.8803,40.7334,0,16,'NYHaspel St10003+NY54th Ave+10003'
-73.8802,40.8332,0,5,'NYBronx River Ave10003+NYElder Ave+10003|NYElder Ave10003'
-73.8802,40.9416,0,1,'NYFairmount Ave10003'
-73.8802,40.6815,0,4,'NYHale Ave10003+NYArlington Ave+10003'
-73.8802,40.8713,0,10,'NYMosholu Pkwy N10003|NYMosholu Pkwy N10003+NYHull Ave+10003|NYMosholu Pkwy N10003+NYE Mosholu Pkwy N+10003|NYHull Ave10003+NYE Mosholu Pkwy N+10003|NYE Mosholu Pkwy N10003'
-73.8802,40.6814,0,3,'NYHale Ave10003+NYFulton St+10003'
-73.8802,40.7480,7,217,'NY86th St10003|NY86th St10003+NYRoosevelt Ave+10003'
-73.8802,40.6590,0,5,'NYWortman Ave10003+NYJerome St+10003|NYJerome St10003'
-73.8802,40.9096,0,1,'NYMcLean Ave10003+NYSherman Ave+10003|NYSherman Ave10003|NYSherman Ave10003+NYLawton St+10003|NYLawton St10003'
-73.8802,40.7353,1,13,'NY52nd Ave10003|NY52nd Ave10003+NYVan Horn St+10003'
-73.8802,40.7022,1,7,'NY71st St10003+NYCooper Ave+10003'
-73.8801,40.6484,0,3,'NYElmira Loop10003'
-73.8801,40.6464,0,13,'NYFreeport Loop10003'
-73.8801,40.8422,1,0,'NYBryant Ave10003|NYBryant Ave10003+NYE 179th St+10003|NYW Farms Square Plz10003|NYW Farms Square Plz10003+NYE 179th St+10003'
-73.8801,40.7193,0,3,'NY76th St10003|NY76th St10003+NYJuniper Blvd S+10003'
-73.8801,40.7389,0,13,'NYPoyer St10003+NYSt James Ave+10003'
-73.8801,40.8285,1,29,'NYWheeler Ave10003+NYWestchester Ave+10003'
-73.8801,40.8952,4,15,'NYMajor Deegan Serv Rd10003|NYMajor Deegan Serv Rd10003+NYE 233rd St+10003|NYMajor Deegan Serv Rd10003+NYJerome Ave+10003|NYE 233rd St10003|NYE 233rd St10003+NYJerome Ave+10003|NYJerome Ave10003'
-73.8801,40.7220,0,6,'NY62nd Ave10003+NY77th Pl+10003'
-73.8801,40.8953,0,5,'NYMajor Deegan Serv Rd10003|NYMajor Deegan Serv Rd10003+NYMajor Deegan Expy+10003|NYMajor Deegan Expy10003'
-73.8801,40.7297,0,19,'NY57th Ave10003+NY83rd St+10003|NY83rd St10003'
-73.8801,40.9418,0,1,'NYHomesite Pkwy10003|NYHomesite Pkwy10003+NYFairmount Ave+10003'
-73.8801,40.6675,0,5,'NYEssex St10003+NYNew Lots Ave+10003'
-73.8801,40.7307,0,31,'NY84th St10003+NY56th Ave+10003|NY56th Ave10003'
-73.8801,40.7638,5,38,'NYAstoria Blvd10003+NY89th St+10003|NYAstoria Blvd10003+NY25th Ave+10003|NY89th St10003+NY25th Ave+10003|NY25th Ave10003'
-73.8800,40.8402,1,14,'NYW Farms Rd10003'
-73.8800,40.7137,0,31,'NY66th Dr10003|NY66th Dr10003+NY73rd Pl+10003'
-73.8800,40.7246,0,14,'NYEliot Ave10003+NY79th St+10003'
-73.8800,40.6631,0,4,'NYCleveland St10003+NYLinden Blvd+10003'
-73.8800,40.6852,0,3,'NYEtna St10003+NYNorwood Ave+10003'
-73.8800,40.8705,0,26,'NYMosholu Pkwy N10003+NYDecatur Ave+10003|NYDecatur Ave10003'
-73.8800,40.7327,0,1,'NY55th Ave10003'
-73.8800,40.6573,0,6,'NYBarbey St10003+NYCozine Ave+10003'
-73.8800,40.7411,12,30,'NYCornish Ave10003|NYCornish Ave10003+NYBroadway+10003'
-73.8800,40.8733,0,5,'NYBainbridge Ave10003+NYRochambeau Ave+10003|NYRochambeau Ave10003'
-73.8800,40.9108,0,2,'NYMcLean Ave10003+NYSanford St+10003'
-73.8800,40.7677,1,27,'NY90th St10003|NY90th St10003+NY23rd Ave+10003'
-73.8800,40.8844,1,2,'NYE 212th St10003'
-73.8799,40.7274,0,12,'NY81st St10003+NY58th Ave+10003'
-73.8799,40.8798,1,6,'NYRochambeau Ave10003|NYRochambeau Ave10003+NYE 210th St+10003'
-73.8799,40.8236,0,3,'NYBruckner Blvd10003+NYEvergreen Ave+10003|NYEvergreen Ave10003'
-73.8799,40.6462,1,11,'NYGeneva Loop10003'
-73.8799,40.7285,4,3,'NY82nd St10003'
-73.8798,40.7481,1,63,'NYElbertson St10003|NYElbertson St10003+NYRoosevelt Ave+10003'
-73.8798,40.8337,0,1,'NYBronx River Ave10003+NYE 173rd St+10003|NYE 173rd St10003'
-73.8798,40.8232,0,4,'NYBruckner Blvd10003+NYEvergreen Ave+10003|NYEvergreen Ave10003'
-73.8798,40.7464,4,55,'NYGleane St10003+NYBritton Ave+10003'
-73.8798,40.7431,1,67,'NYKetcham St10003|NYKetcham St10003+NYElmhurst Ave+10003|NYKetcham St10003+NYKetcham Pl+10003|NYElmhurst Ave10003+NYKetcham Pl+10003|NYKetcham Pl10003'
-73.8798,40.6701,0,8,'NYBlake Ave10003+NYShepherd Ave+10003'
-73.8798,40.8192,0,7,'NYColgate Ave10003|NYColgate Ave10003+NYLafayette Ave+10003'
-73.8798,40.8447,0,7,'NYE 181st St10003+NYVyse Ave+10003'
-73.8798,40.7702,104,93,'NY92nd St Exd10003'
-73.8797,40.6415,1,6,'NYSea View Ave10003|NYSea View Ave10003+NYLouisiana Ave+10003|NYLouisiana Ave10003'
-73.8797,40.7215,0,4,'NY77th Pl10003|NY77th Pl10003+NYJuniper Blvd N+10003'
-73.8797,40.6556,0,2,'NYSchenck Ave10003+NYFlatlands Ave+10003'
-73.8797,40.8769,0,9,'NYVan Cortlandt Ave E10003+NYBainbridge Ave+10003'
-73.8797,40.8695,0,5,'NYMosholu Pkwy N10003|NYMosholu Pkwy N10003+NYWebster Ave+10003'
-73.8797,40.8970,0,3,'NYI 8710001|NYI 8710001+NYMajor Deegan Expy+10001|NYMajor Deegan Expy10001|NYMajor Deegan Expy10001+NYMajor Deegan Expy+10001|NYMajor Deegan Expy10003'
-73.8797,40.6794,2,3,'NYHale Ave10003|NYHale Ave10003+NYAtlantic Ave+10003'
-73.8797,40.7310,0,10,'NYMadison St10003+NY56th Ave+10003'
-73.8797,40.6612,0,3,'NYStanley Ave10003+NYAshford St+10003'
-73.8797,40.9120,0,3,'NYMcLean Ave10003+NYMidland Ave+10003|NYMidland Ave10003'
-73.8797,40.9131,0,1,'NYMidland Ave10003+NYHall Pl+10003|NYHall Pl10003'
-73.8797,40.7329,2,17,'NYHaspel St10003+NY55th Ave+10003'
-73.8796,40.7256,0,9,'NY80th St10003+NYCaldwell Ave+10003'
-73.8796,40.8975,0,5,'NYMajor Deegan Serv Rd10006|NYMajor Deegan Serv Rd10006+NYMajor Deegan Expy+10006|NYMajor Deegan Serv Rd10006+NYI 87+10006'
-73.8796,40.6837,0,12,'NYNorwood Ave10003+NYRidgewood Ave+10003'
-73.8796,40.9094,0,3,'NYMcLean Ave10003+NYLee Ave+10003'
-73.8796,40.7286,6,4,'NYQueens Midtown Expy10003'
-73.8796,40.7006,0,3,'NY71st St10003|NY71st St10003+NYIndiana Ave+10003'
-73.8796,40.8778,0,11,'NYBainbridge Ave10003+NYE 208th St+10003'
-73.8796,40.7320,0,5,'NY55th Rd10003|NY55th Rd10003+NY85th St+10003'
-73.8796,40.8757,1,20,'NYBainbridge Ave10003+NYE 207th St+10003|NYE 207th St10003'
-73.8796,40.7171,0,5,'NYPenelope Ave10003+NY75th Pl+10003'
-73.8796,40.7349,0,27,'NYVan Horn St10003+NY53rd Ave+10003'
-73.8795,40.8677,0,1,'NYMosholu Pkwy10003'
-73.8795,40.7282,0,11,'NY82nd St10003+NY58th Ave+10003|NY58th Ave10003'
-73.8795,40.9623,0,1,'NYGerri Ln10003'
-73.8795,40.7599,17,210,'NY89th St10003+NY31st Ave+10003'
-73.8795,40.8999,1,1,'NYMajor Deegan Serv Rd10006'
-73.8795,40.7360,1,79,'NYVan Loon St10003|NYVan Loon St10003+NYGrand Ave+10003'
-73.8795,40.6912,2,4,'NYFresh Pond Rd10003|NYFresh Pond Rd10003+NYCypress Hills St+10003|NYCypress Hills St10003'
-73.8795,40.8750,1,9,'NYE 206th St10003+NYBainbridge Ave+10003'
-73.8795,40.9339,0,1,'NYRumsey Rd10003'
-73.8794,40.7302,0,14,'NY57th Ave10003+NY84th St+10003|NY84th St10003'
-73.8794,40.7050,0,4,'NYCentral Ave10003+NY72nd St+10003'
-73.8794,40.8769,0,3,'NYVan Cortlandt Ave E10003|NYVan Cortlandt Ave E10003+NYReservoir Oval W+10003|NYVan Cortlandt Ave E10003+NYReservoir Oval E+10003|NYReservoir Oval W10003|NYReservoir Oval E10003'
-73.8794,40.6685,0,1,'NYShepherd Ave10003+NYDumont Ave+10003'
-73.8794,40.6489,0,1,'NYElmira Loop10003'
-73.8794,40.6652,0,6,'NYLinwood St10003+NYHegeman Ave+10003'
-73.8794,40.7372,20,62,'NYVan Loon St10003+NYState Hwy 25+10003|NYVan Loon St10003+NYQueens Blvd+10003'
-73.8794,40.8214,0,31,'NYStory Ave10003+NYEvergreen Ave+10003|NYEvergreen Ave10003'
-73.8794,40.7026,0,17,'NY71st Pl10003+NYCooper Ave+10003'
-73.8794,40.7637,2,15,'NYAstoria Blvd10003+NY25th Ave+10003|NY25th Ave10003'
-73.8794,40.8410,2,3,'NYBoston Rd10003+NYE 178th St+10003|NYE 178th St10003'
-73.8794,40.6594,0,1,'NYWortman Ave10003+NYWarwick St+10003|NYWarwick St10003'
-73.8794,40.8335,0,4,'NYBoynton Ave10003'
-73.8794,40.7470,1,7,'NYForley St10003+NYBritton Ave+10003'
-73.8794,40.8852,0,3,'NYE 213th St10003'
-73.8794,40.8815,1,24,'NYRochambeau Ave10003|NYRochambeau Ave10003+NYE Gun Hill Rd+10003'
-73.8793,40.7412,0,3,'NYClaremont Ter10003'
-73.8793,40.7406,6,35,'NYDongan Ave10003|NYDongan Ave10003+NYBroadway+10003'
-73.8793,40.7223,1,11,'NY62nd Ave10003+NY78th St+10003'
-73.8793,40.6795,0,5,'NYMontauk Ave10003'
-73.8793,40.7481,10,116,'NY87th St10003|NY87th St10003+NYRoosevelt Ave+10003'
-73.8793,40.7383,0,39,'NYVan Loon St10003|NYVan Loon St10003+NYCorona Ave+10003|NYVan Loon St10003+NY51st Ave+10003|NYVan Loon St10003+NYPoyer St+10003|NYCorona Ave10003|NYCorona Ave10003+NY51st Ave+10003|NYCorona Ave10003+NYPoyer St+10003|NY51st Ave10003+NYPoyer St+10003|NYPoyer St10003'
-73.8793,40.6456,0,12,'NYGeneva Loop10003'
-73.8793,40.7637,1,3,'NYAstoria Blvd10003+NY90th St+10003|NY90th St10003'
-73.8792,40.7438,0,45,'NYElmhurst Ave10003+NYJudge St+10003'
-73.8792,40.8737,1,1,'NYE 205th St10003|NYE 205th St10003+NYE 204th St+10003|NYE 205th St10003+NYBainbridge Ave+10003|NYE 204th St10003|NYE 204th St10003+NYBainbridge Ave+10003'
-73.8792,40.6679,0,5,'NYNew Lots Ave10003+NYShepherd Ave+10003'
-73.8792,40.7120,0,36,'NY67th Rd10003|NY67th Rd10003+NY73rd Pl+10003'
-73.8792,40.6635,0,3,'NYElton St10003+NYLinden Blvd+10003'
-73.8792,40.7250,0,38,'NYEliot Ave10003+NY80th St+10003'
-73.8792,40.8453,0,2,'NYBronx Park S10003+NYVyse Ave+10003|NYVyse Ave10003'
-73.8792,40.7416,0,31,'NYMacnish St10003|NYMacnish St10003+NYWhitney Ave+10003'
-73.8792,40.8286,4,53,'NYElder Ave10003+NYWestchester Ave+10003'
-73.8792,40.7194,0,5,'NYJuniper Blvd S10003+NY77th St+10003|NY77th St10003'
-73.8792,40.6577,0,2,'NYCozine Ave10003+NYJerome St+10003'
-73.8791,40.7277,0,10,'NY82nd St10003+NY58th Ave+10003|NY58th Ave10003'
-73.8791,40.9005,0,1,'NYMajor Deegan Serv Rd10006'
-73.8791,40.7170,0,4,'NYFurmanville Ave10003|NYFurmanville Ave10003+NY75th Pl+10003'
-73.8791,40.6817,0,1,'NYNorwood Ave10003+NYFulton St+10003|NYNorwood Ave10003+NYArlington Ave+10003|NYFulton St10003+NYArlington Ave+10003|NYArlington Ave10003'
-73.8791,40.9024,1,1,'NYMajor Deegan Serv Rd10003|NYMajor Deegan Serv Rd10003+NYMajor Deegan Serv Rd+10003|NYMajor Deegan Serv Rd10006'
-73.8791,40.8680,0,1,'NYMosholu Pkwy10003'
-73.8791,40.7404,3,13,'NYDongan Ave10003|NYDongan Ave10003+NYBroadway+10003'
-73.8791,40.7155,1,12,'NYJuniper Valley Rd10003+NY75th Pl+10003|NY75th Pl10003'
-73.8791,40.8840,0,5,'NYE 212th St10003+NYDekalb Ave+10003'
-73.8791,40.6869,0,3,'NYJamaica Ave10003+NYLogan St+10003|NYLogan St10003'
-73.8791,40.7163,0,5,'NY65th Dr10003'
-73.8791,40.7678,2,55,'NY91st St10003|NY91st St10003+NY23rd Ave+10003'
-73.8791,40.7112,0,7,'NY67th Dr10003|NY67th Dr10003+NY73rd Pl+10003'
-73.8790,40.7305,0,6,'NYMadison St10003|NYMadison St10003+NY84th St+10003|NYMadison St10003+NY57th Ave+10003|NY84th St10003|NY84th St10003+NY57th Ave+10003'
-73.8790,40.7285,3,10,'NY58th Ave10003+NY83rd St+10003|NY83rd St10003'
-73.8790,40.8796,0,9,'NYBainbridge Ave10003+NYE 210th St+10003'
-73.8790,40.8237,1,13,'NYWheeler Ave10003|NYWheeler Ave10003+NYBruckner Blvd+10003'
-73.8790,40.7648,1,12,'NY24th Rd10003'
-73.8790,40.7638,1,1,'NY90th St10003|NY90th St10003+NY25th Ave+10003|NY90th St10003+NY90th Pl+10003|NY25th Ave10003+NY90th Pl+10003|NY90th Pl10003'
-73.8790,40.7636,1,12,'NY90th St10003|NY90th St10003+NYAstoria Blvd+10003'
-73.8790,40.6453,0,12,'NYHornell Loop10003'
-73.8790,40.7344,0,15,'NYVan Horn St10003+NY54th Ave+10003'
-73.8789,40.7657,0,5,'NY90th Pl10003|NY90th Pl10003+NY24th Ave+10003|NY24th Ave10003'
-73.8789,40.7105,0,5,'NY68th Ave10003|NY68th Ave10003+NY73rd Pl+10003'
-73.8789,40.8234,0,2,'NYBruckner Blvd10003+NYWheeler Ave+10003|NYWheeler Ave10003'
-73.8789,40.7476,0,24,'NYElbertson St10003+NYBritton Ave+10003'
-73.8789,40.6702,0,4,'NYBlake Ave10003+NYBerriman St+10003'
-73.8788,40.8415,0,2,'NYBoston Rd10003+NYE 179th St+10003'
-73.8788,40.6615,0,4,'NYStanley Ave10003+NYCleveland St+10003'
-73.8788,40.9438,0,1,'NYCoolidge Ave10003|NYCoolidge Ave10003+NYArbor St+10003'
-73.8788,40.8379,2,4,'NYDevoe Ave10003'
-73.8788,40.7444,1,27,'NYIthaca St10003+NYElmhurst Ave+10003'
-73.8788,40.9091,0,1,'NYMcLean Ave10003+NYS Devoe Ave+10003|NYS Devoe Ave10003'
-73.8787,40.6856,0,5,'NYLogan St10003+NYEtna St+10003'
-73.8787,40.7175,0,9,'NY76th St10003|NY76th St10003+NYPenelope Ave+10003'
-73.8787,40.7407,0,5,'NYDongan Ave10003+NYClaremont Ter+10003|NYClaremont Ter10003'
-73.8787,40.7008,0,1,'NYIndiana Ave10003|NYIndiana Ave10003+NY71st Pl+10003|NYIndiana Ave10003+NY77th Ave+10003|NY71st Pl10003+NY77th Ave+10003|NY77th Ave10003'
-73.8787,40.7317,0,2,'NY56th Ave10003|NY56th Ave10003+NY85th St+10003'
-73.8787,40.7658,1,22,'NY91st St10003|NY91st St10003+NY24th Ave+10003'
-73.8787,40.7327,0,1,'NY55th Rd10003'
-73.8787,40.7216,0,8,'NY78th St10003|NY78th St10003+NYJuniper Blvd N+10003'
-73.8787,40.9519,0,1,'NYTorre Pl10003|NYTorre Pl10003+NYMontague St+10003|NYMontague St10003'
-73.8787,40.7362,4,16,'NYSeabury St10003|NYSeabury St10003+NYGrand Ave+10003'
-73.8787,40.8400,0,3,'NYBronx St10003|NYBronx St10003+NYE Tremont Ave+10003'
-73.8786,40.8731,1,19,'NYE 204th St10003+NYPerry Ave+10003'
-73.8786,40.7401,4,24,'NYBroadway10003+NYSt James Ave+10003|NYSt James Ave10003'
-73.8786,40.7031,1,3,'NY72nd St10003+NYCooper Ave+10003'
-73.8786,40.6797,1,1,'NYNorwood Ave10003|NYNorwood Ave10003+NYAtlantic Ave+10003'
-73.8786,40.7600,9,102,'NY31st Ave10003+NY90th St+10003'
-73.8786,40.6597,0,2,'NYWortman Ave10003+NYAshford St+10003'
-73.8786,40.6656,1,8,'NYEssex St10003+NYHegeman Ave+10003'
-73.8786,40.7132,2,14,'NY66th Dr10003|NY66th Dr10003+NY74th St+10003'
-73.8786,40.8838,0,3,'NYE 212th St10003+NYRochambeau Ave+10003|NYRochambeau Ave10003'
-73.8786,40.7052,0,3,'NYCentral Ave10003+NY72nd Pl+10003'
-73.8786,40.8342,0,9,'NYWard Ave10003'
-73.8785,40.7270,1,13,'NY82nd St10003+NY60th Ave+10003|NY60th Ave10003'
-73.8785,40.7290,6,2,'NYQueens Midtown Expy10003|NYQueens Midtown Expy10003+NYQn Midtown Expressway en Eb+10003'
-73.8785,40.7098,0,2,'NY68th Rd10003|NY68th Rd10003+NY73rd Pl+10003'
-73.8785,40.7700,73,49,'NY92nd St Exd10003|NY92nd St Exd10003+NY92nd St+10003|NY92nd St10003'
-73.8785,40.8440,1,7,'NYE 181st St10003|NYE 181st St10003+NYBryant Ave+10003|NYBryant Ave10003'
-73.8785,40.7227,0,17,'NY62nd Ave10003+NY79th St+10003'
-73.8785,40.6687,0,2,'NYBerriman St10003+NYDumont Ave+10003'
-73.8785,40.7399,3,22,'NYSt James Ave10003|NYSt James Ave10003+NYBroadway+10003'
-73.8785,40.8811,1,26,'NYBainbridge Ave10003+NYE Gun Hill Rd+10003'
-73.8785,40.8216,1,2,'NYStory Ave10003+NYWheeler Ave+10003|NYWheeler Ave10003'
-73.8785,40.7422,0,15,'NYWhitney Ave10003|NYWhitney Ave10003+NYWhitney Ave+10003|NYWhitney Ave10003+NY43rd Ave+10003|NY43rd Ave10003|NY43rd Ave10003+NYWhitney Ave+10003'
-73.8785,40.7420,1,11,'NYWhitney Ave10003'
-73.8784,40.6493,0,1,'NYVan Siclen Ave10003+NYSchroeders Ave+10003'
-73.8784,40.7370,16,30,'NYState Hwy 2510002+NYReeder St+10002|NYQueens Blvd10002+NYReeder St+10002|NYReeder St10003'
-73.8784,40.7482,8,314,'NY88th St10003|NY88th St10003+NYBritton Ave+10003|NY88th St10003+NYRoosevelt Ave+10003|NYBritton Ave10003|NYBritton Ave10003+NYRoosevelt Ave+10003'
-73.8784,40.6638,0,2,'NYLinwood St10003+NYLinden Blvd+10003'
-73.8784,40.8703,0,14,'NYE 202nd St10003|NYE 202nd St10003+NYWebster Ave+10003|NYE 202nd St10003+NYE 202 St+10003|NYWebster Ave10003+NYE 202 St+10003|NYE 202 St10003'
-73.8784,40.7290,0,2,'NY83rd Pl10003|NY83rd Pl10003+NY58th Ave+10003'
-73.8784,40.6797,1,3,'NYMilford St10003'
-73.8784,40.6682,0,1,'NYNew Lots Ave10003+NYBerriman St+10003'
-73.8784,40.7254,1,33,'NYEliot Ave10003+NY81st St+10003'
-73.8784,40.6580,0,5,'NYCozine Ave10003+NYWarwick St+10003|NYWarwick St10003'
-73.8784,40.6448,0,8,'NYHornell Loop10003'
-73.8783,40.7339,0,15,'NYVan Horn St10003+NY55th Ave+10003'
-73.8783,40.7450,3,46,'NYElmhurst Ave10003+NYHampton St+10003'
-73.8783,40.7295,5,0,'NYQn Midtown Expressway en Eb10003'
-73.8783,40.7128,0,25,'NY74th St10003|NY74th St10003+NYMetropolitan Ave+10003'
-73.8783,40.7635,8,13,'NY91st St10003+NYAstoria Blvd+10003'
-73.8783,40.9063,0,1,'NYCentral Park Ave10003+NYForest Ave+10003|NYForest Ave10003'
-73.8783,40.7092,0,4,'NY69th Ave10003|NY69th Ave10003+NY73rd Pl+10003'
-73.8783,40.7156,0,11,'NYGray St10003|NYGray St10003+NYJuniper Valley Rd+10003'
-73.8783,40.9039,0,2,'NYI 8710001+NYCentral Park Ave+10001|NYMajor Deegan Expy10001+NYCentral Park Ave+10001|NYCentral Park Ave10003'
-73.8782,40.7411,0,7,'NYDongan Ave10003'
-73.8782,40.7424,1,16,'NYKetcham St10003|NYKetcham St10003+NYWhitney Ave+10003|NYKetcham St10003+NYKetcham Pl+10003|NYWhitney Ave10003+NYKetcham Pl+10003|NYKetcham Pl10003'
-73.8782,40.7384,6,43,'NY51st Ave10003+NYReeder St+10003|NYReeder St10003'
-73.8782,40.7321,0,3,'NY56th Ave10003|NY56th Ave10003+NYHaspel St+10003|NYHaspel St10003'
-73.8782,40.7196,0,4,'NY77th Pl10003|NY77th Pl10003+NYJuniper Blvd S+10003'
-73.8782,40.9060,0,1,'NYMajor Deegan Expy10001|NYI 8710001'
-73.8782,40.7359,0,15,'NYSeabury St10003+NY53rd Ave+10003|NY53rd Ave10003'
-73.8782,40.8426,1,13,'NYBoston Rd10003+NYE 180th St+10003'
-73.8781,40.9104,0,1,'NYSanford St10003+NYDevoe Ave+10003'
-73.8781,40.8822,0,15,'NYE 211th St10003|NYE 211th St10003+NYBainbridge Ave+10003'
-73.8781,40.6563,0,6,'NYFlatlands Ave10003+NYJerome St+10003|NYJerome St10003'
-73.8781,40.8389,1,14,'NYDevoe Ave10003+NYE 177th St+10003'
-73.8781,40.7649,1,9,'NY24th Rd10003'
-73.8781,40.8238,2,21,'NYElder Ave10003|NYElder Ave10003+NYBruckner Blvd+10003'
-73.8781,40.8725,0,21,'NYE 204th St10003+NYHull Ave+10003'
-73.8781,40.8413,0,3,'NYE 179th St10003+NYBronx St+10003'
-73.8781,40.7264,0,10,'NY60th Rd10003|NY60th Rd10003+NY82nd St+10003'
-73.8780,40.6745,0,27,'NYPitkin Ave10003+NYMontauk Ave+10003'
-73.8780,40.8794,0,36,'NYE 210th St10003'
-73.8780,40.7086,0,4,'NY73rd Pl10003+NYCook Ave+10003|NYCook Ave10003'
-73.8780,40.8871,1,16,'NYBainbridge Ave10003|NYBainbridge Ave10003+NYJerome Ave+10003'
-73.8780,40.6619,0,2,'NYStanley Ave10003+NYElton St+10003'
-73.8780,40.9158,0,2,'NYLee Ave10003+NYWendover Rd+10003'
-73.8780,40.8445,0,4,'NYBronx Park S10003+NYBryant Ave+10003|NYBryant Ave10003'
-73.8780,40.8235,2,3,'NYBruckner Blvd10003+NYElder Ave+10003|NYElder Ave10003'
-73.8780,40.8396,1,0,'NYWyatt St10003'
-73.8780,40.7418,0,10,'NY88th St10003'
-73.8779,40.6703,0,5,'NYBlake Ave10003+NYAtkins Ave+10003'
-73.8779,40.7296,2,2,'NYPedestrian Opas10003|NYPedestrian Opas10003+NYFoot Branch+10003|NYFoot Branch10003'
-73.8779,40.7179,0,11,'NYPenelope Ave10003+NY77th St+10003'
-73.8779,40.6823,0,7,'NYLogan St10003+NYForce Tube Ave+10003'
-73.8779,40.7013,0,4,'NY72nd St10003+NYIndiana Ave+10003|NYIndiana Ave10003'
-73.8779,40.8314,0,42,'NYWard Ave10003'
-73.8779,40.7394,7,28,'NYCorona Ave10003+NYBroadway+10003'
-73.8779,40.8400,0,2,'NYE 177th St10003'
-73.8779,40.7456,2,43,'NYElmhurst Ave10003+NYGleane St+10003'
-73.8779,40.9088,0,14,'NYMcLean Ave10003+NYCentral Park Ave+10003'
-73.8779,40.6875,0,3,'NYJamaica Ave10003+NYRichmond St+10003|NYRichmond St10003'
-73.8779,40.7296,1,3,'NYFoot Branch10003+NYQueens Midtown Expy+10003'
-73.8779,40.7035,0,11,'NY72nd Pl10003+NYCooper Ave+10003'
-73.8779,40.7012,0,1,'NYIndiana Ave10003|NYIndiana Ave10003+NY72nd St+10003|NYIndiana Ave10003+NY77th Ave+10003|NY72nd St10003+NY77th Ave+10003|NY77th Ave10003'
-73.8778,40.7314,2,8,'NY57th Ave10003+NY85th St+10003'
-73.8778,40.9064,0,1,'NYW Delano Ave10003|NYW Delano Ave10003+NYCentral Park Ave+10003'
-73.8778,40.7136,0,6,'NY66th Dr10003+NY75th St+10003|NY75th St10003'
-73.8778,40.7275,0,7,'NY60th Ave10003+NY83rd St+10003'
-73.8778,40.7080,0,1,'NY69th Rd10003|NY69th Rd10003+NY73rd Pl+10003'
-73.8778,40.6659,0,7,'NYShepherd Ave10003+NYHegeman Ave+10003'
-73.8777,40.8395,0,8,'NYDevoe Ave10003+NYWyatt St+10003'
-73.8777,40.7294,0,6,'NY84th St10003|NY84th St10003+NYFoot Branch+10003|NY84th St10003+NY58th Ave+10003|NYFoot Branch10003|NYFoot Branch10003+NY58th Ave+10003|NY58th Ave10003'
-73.8777,40.6601,0,3,'NYWortman Ave10003+NYCleveland St+10003'
-73.8777,40.8835,0,2,'NYE 212th St10003|NYE 212th St10003+NYBainbridge Ave+10003'
-73.8777,40.7334,0,10,'NYVan Horn St10003+NY55th Rd+10003|NY55th Rd10003'
-73.8777,40.7129,0,19,'NY75th St10003|NY75th St10003+NYMetropolitan Ave+10003'
-73.8777,40.7355,0,4,'NYSeabury St10003+NY54th Ave+10003|NY54th Ave10003'
-73.8777,40.7054,0,3,'NYCentral Ave10003+NY73rd St+10003'
-73.8777,40.8790,0,15,'NYWayne Ave10003'
-73.8777,40.7431,1,10,'NYWhitney Ave10003+NYJudge St+10003'
-73.8777,40.6821,0,3,'NYForce Tube Ave10003+NYFulton St+10003'
-73.8777,40.7231,0,22,'NY62nd Ave10003+NY80th St+10003'
-73.8777,40.7479,0,11,'NYDenman St10003'
-73.8777,40.7601,3,76,'NY91st St10003+NY31st Ave+10003'
-73.8777,40.8412,0,1,'NYE 179th St10003'
-73.8777,40.7368,106,120,'NYGrand Ave10003|NYGrand Ave10003+NYState Hwy 25+10003|NYGrand Ave10003+NYBroadway+10003|NYGrand Ave10003+NYQueens Blvd+10003|NYState Hwy 2510002+NYBroadway+10002|NYBroadway10003|NYBroadway10003+NYQueens Blvd+10003'
-73.8777,40.8541,3,2,'NYBronx Park Rd10003|NYBronx Park Rd10003+NYBronx Park Rd+10003'
-73.8776,40.6811,0,2,'NYLogan St10003+NYDinsmore Pl+10003|NYDinsmore Pl10003'
-73.8776,40.9103,0,1,'NYSanford St10003'
-73.8776,40.8807,2,140,'NYWayne Ave10003+NYE Gun Hill Rd+10003'
-73.8776,40.8707,0,7,'NYE 203rd St10003|NYE 203rd St10003+NYWebster Ave+10003'
-73.8776,40.8845,0,5,'NYE 213th St10003|NYE 213th St10003+NYBainbridge Ave+10003'
-73.8776,40.7702,50,29,'NY93rd St10003'
-73.8776,40.7216,0,4,'NYJuniper Blvd N10003+NY79th St+10003|NY79th St10003'
-73.8776,40.7354,0,5,'NYSeabury St10003+NY54th Ave+10003|NY54th Ave10003'
-73.8776,40.6583,0,4,'NYAshford St10003|NYAshford St10003+NYCozine Ave+10003'
-73.8776,40.6642,0,9,'NYEssex St10003+NYLinden Blvd+10003'
-73.8776,40.6688,0,4,'NYAtkins Ave10003+NYDumont Ave+10003'
-73.8776,40.8217,0,4,'NYStory Ave10003+NYElder Ave+10003|NYElder Ave10003'
-73.8776,40.7258,2,47,'NYEliot Ave10003+NY82nd St+10003|NYEliot Ave10003+NYCaldwell Ave+10003'
-73.8775,40.7462,1,36,'NYForley St10003+NYElmhurst Ave+10003'
-73.8775,40.6440,1,7,'NYSea View Ave10003+NYPennsylvania Ave+10003'
-73.8775,40.8741,1,15,'NYE 205th St10003+NYPerry Ave+10003'
-73.8775,40.8718,1,73,'NYE 204th St10003+NYDecatur Ave+10003'
-73.8775,40.6859,0,11,'NYEtna St10003+NYRichmond St+10003'
-73.8775,40.7293,0,23,'NY84th St10003+NY58th Ave+10003|NY58th Ave10003'
-73.8775,40.9452,0,1,'NYHarty St10003|NYHarty St10003+NYCoolidge Ave+10003'
-73.8775,40.8424,0,4,'NYE 180th St10003+NYBronx St+10003|NYBronx St10003'
-73.8774,40.8338,0,11,'NYManor Ave10003|NYManor Ave10003+NYE 173rd St+10003|NYE 173rd St10003'
-73.8774,40.7386,4,50,'NY51st Ave10003+NYBroadway+10003'
-73.8774,40.6800,5,2,'NYLogan St10003+NYAtlantic Ave+10003'
-73.8774,40.7145,0,2,'NYGray St10003+NY66th Rd+10003|NY66th Rd10003'
-73.8774,40.8554,0,4,'NYUS Hwy 110002+NYBronx Park Rd+10002|NYE Fordham Rd10002+NYBronx Park Rd+10002'
-73.8774,40.7483,5,84,'NY89th St10003|NY89th St10003+NYRoosevelt Ave+10003'
-73.8774,40.8400,6,7,'NYDevoe Ave10003+NYE Tremont Ave+10003'
-73.8774,40.6720,2,18,'NYMontauk Ave10003+NYSutter Ave+10003'
-73.8774,40.9087,0,4,'NYMcLean Ave10003+NYCentral Park Ave+10003'
-73.8774,40.7172,0,3,'NYFurmanville Ave10003+NY77th St+10003|NY77th St10003'
-73.8774,40.8079,0,1,'NYViele Ave10003'
-73.8773,40.7022,0,11,'NY72nd Pl10003'
-73.8773,40.9347,0,3,'NYQueens Dr10003'
-73.8773,40.8440,1,1,'NYBoston Rd10003+NYBronx Park S+10003|NYBronx Park S10003'
-73.8773,40.7633,13,36,'NYAstoria Blvd10003+NY92nd St+10003'
-73.8773,40.8287,4,51,'NYWard Ave10003+NYWestchester Ave+10003'
-73.8773,40.7198,0,5,'NY78th St10003|NY78th St10003+NYJuniper Blvd S+10003'
-73.8773,40.7318,0,34,'NY57th Ave10003+NYHaspel St+10003'
-73.8772,40.7172,0,1,'NY77th St10003|NY77th St10003+NYFurmanville Ave+10003'
-73.8772,40.7437,0,40,'NYIthaca St10003+NYWhitney Ave+10003'
-73.8772,40.7377,22,62,'NYJustice Ave10003'
-73.8772,40.7165,0,10,'NY77th St10003+NY65th Dr+10003|NY65th Dr10003'
-73.8772,40.8820,0,2,'NYWayne Ave10003|NYWayne Ave10003+NYE 211th St+10003'
-73.8772,40.7379,4,40,'NYJustice Ave10003'
-73.8772,40.7469,2,39,'NYElmhurst Ave10003+NYElbertson St+10003'
-73.8771,40.8792,0,2,'NYTryon Ave10003'
-73.8771,40.7183,0,15,'NY77th Pl10003+NYPenelope Ave+10003'
-73.8771,40.8240,3,26,'NYBoynton Ave10003|NYBoynton Ave10003+NYBruckner Blvd+10003'
-73.8771,40.7270,0,2,'NY60th Rd10003|NY60th Rd10003+NY83rd St+10003'
-73.8771,40.7280,1,28,'NY83rd Pl10003+NY60th Ave+10003'
-73.8771,40.8955,0,41,'NYVan Cortlandt Park E10003'
-73.8771,40.7400,4,12,'NYCorona Ave10003+NY87th St+10003|NY87th St10003'
-73.8771,40.7309,1,8,'NY57th Rd10003|NY57th Rd10003+NY85th St+10003|NY85th St10003'
-73.8771,40.7040,0,4,'NY73rd St10003+NYCooper Ave+10003'
-73.8771,40.7329,0,31,'NY56th Ave10003+NYVan Horn St+10003'
-73.8770,40.7101,0,13,'NY75th St10003+NY68th Rd+10003|NY68th Rd10003'
-73.8770,40.7142,0,2,'NYGray St10003|NYGray St10003+NY77th St+10003|NY77th St10003|NY77th St10003+NY77th St+10003'
-73.8770,40.7082,0,2,'NY69th Rd10003+NY74th St+10003|NY74th St10003'
-73.8770,40.6705,0,1,'NYBlake Ave10003+NYMontauk Ave+10003'
-73.8770,40.7420,0,2,'NY45th Ave10003'
-73.8770,40.8748,0,9,'NYE 206th St10003|NYE 206th St10003+NYPerry Ave+10003'
-73.8770,40.9086,0,2,'NYMcLean Ave10003+NYLongmeadow Rd+10003|NYLongmeadow Rd10003'
-73.8770,40.8237,0,2,'NYBruckner Blvd10003+NYBoynton Ave+10003|NYBoynton Ave10003'
-73.8770,40.7349,0,9,'NYSeabury St10003+NY55th Ave+10003'
-73.8770,40.7410,0,36,'NYSt James Ave10003+NY88th St+10003'
-73.8770,40.6663,0,3,'NYBerriman St10003+NYHegeman Ave+10003'
-73.8769,40.7139,0,9,'NY66th Dr10003+NY77th St+10003|NYGray St10003+NY77th St+10003|NY77th St10003'
-73.8769,40.8361,1,12,'NYCross Bronx Exwy Svc Rd10006|NYCross Bronx Exwy Svc Rd10006+NYBronx River Ave+10006|NYBronx River Ave10003+NYCross Bronx Expy+10003|NYCross Bronx Expy10006'
-73.8769,40.7484,3,27,'NYCase St10003|NYCase St10003+NYRoosevelt Ave+10003'
-73.8769,40.6802,2,1,'NYS Conduit Blvd10003'
-73.8769,40.8408,0,3,'NYDevoe Ave10003+NYE 179th St+10003|NYE 179th St10003'
-73.8768,40.7235,0,22,'NY62nd Ave10003+NY81st St+10003'
-73.8768,40.8711,5,11,'NYE 204th St10003+NYWebster Ave+10003'
-73.8768,40.7361,30,32,'NY54th Ave10003|NY54th Ave10003+NYState Hwy 25+10003|NY54th Ave10003+NYQueens Blvd+10003'
-73.8768,40.7096,0,12,'NY75th St10003+NY69th Ave+10003|NY69th Ave10003'
-73.8768,40.7297,6,13,'NY84th Pl10003|NY84th Pl10003+NY58th Ave+10003'
-73.8768,40.7475,2,42,'NYDenman St10003+NYElmhurst Ave+10003'
-73.8768,40.8803,2,24,'NYTryon Ave10003+NYE Gun Hill Rd+10003'
-73.8768,40.6689,0,1,'NYNew Lots Ave10003+NYMontauk Ave+10003|NYMontauk Ave10003|NYMontauk Ave10003+NYDumont Ave+10003'
-73.8768,40.7056,0,2,'NYCentral Ave10003+NY73rd Pl+10003'
-73.8768,40.7426,0,7,'NY43rd Ave10003+NYJudge St+10003|NYJudge St10003'
-73.8768,40.9138,0,1,'NYKneeland Ave10003'
-73.8767,40.7443,1,40,'NYWhitney Ave10003+NYHampton St+10003'
-73.8767,40.9112,0,20,'NYCentral Park Ave10003+NYHighview Ter+10003'
-73.8767,40.8143,3,2,'NYAve F10003'
-73.8767,40.6587,0,1,'NYCozine Ave10003+NYCleveland St+10003|NYCleveland St10003'
-73.8767,40.8738,0,12,'NYE 205th St10003+NYHull Ave+10003'
-73.8767,40.6881,0,1,'NYJamaica Ave10003+NYChestnut St+10003|NYChestnut St10003'
-73.8767,40.8382,1,1,'NYBronx Park Ave10003|NYBronx Park Ave10003+NYE 177th St+10003'
-73.8766,40.6689,0,3,'NYMontauk Ave10003|NYMontauk Ave10003+NYDumont Ave+10003'
-73.8766,40.8218,4,30,'NYStory Ave10003+NYBoynton Ave+10003'
-73.8766,40.9104,0,3,'NYSanford St10003|NYSanford St10003+NYCentral Park Ave+10003'
-73.8766,40.7074,0,2,'NY70th Ave10003|NY70th Ave10003+NY74th St+10003'
-73.8766,40.7722,1431,130,'NY94th St10003'
-73.8766,40.6824,0,13,'NYFulton St10003+NYRichmond St+10003'
-73.8766,40.8339,1,17,'NYStratford Ave10003'
-73.8766,40.6813,0,1,'NYForce Tube Ave10003|NYForce Tube Ave10003+NYDinsmore Pl+10003'
-73.8766,40.6802,0,4,'NYFountain Ave10003|NYFountain Ave10003+NYS Conduit Blvd+10003'
-73.8765,40.8766,0,5,'NYHolt Pl10003'
-73.8765,40.7376,2,73,'NYJustice Ave10003|NYJustice Ave10003+NYJustice Ave+10003|NYJustice Ave10003+NY52nd Ave+10003|NY52nd Ave10003|NY52nd Ave10003+NYJustice Ave+10003'
-73.8765,40.7051,0,6,'NY73rd Pl10003+NYCooper Ave+10003|NYCooper Ave10003'
-73.8765,40.9177,0,1,'NYDevoe Ave10003+NYCrawford St+10003'
-73.8765,40.8414,0,2,'NYDevoe Ave10003+NYLebanon St+10003|NYLebanon St10003'
-73.8765,40.8755,0,15,'NYPerry Ave10003+NYE 207th St+10003'
-73.8765,40.7285,0,16,'NY84th St10003+NY60th Ave+10003'
-73.8765,40.7484,3,75,'NYRoosevelt Ave10003+NY90th St+10003|NY90th St10003'
-73.8765,40.7389,0,48,'NY87th St10003|NY87th St10003+NY51st Ave+10003'
-73.8765,40.7089,0,11,'NY75th St10003+NYCook Ave+10003|NYCook Ave10003'
-73.8765,40.7715,63,21,'NYGrand Ctrl Pkwy S Rd10003|NYGrand Ctrl Pkwy S Rd10003+NYGrnd Cntrl Parkway Entrance Wb+10003|NYGrnd Cntrl Parkway Entrance Wb10003'
-73.8765,40.7216,1,35,'NY80th St10003+NYJuniper Blvd N+10003'
-73.8765,40.9055,0,2,'NYAgawam S10003|NYAgawam S10003+NYParkway N+10003'
-73.8764,40.7058,0,2,'NYCentral Ave10003|NYCentral Ave10003+NYCooper Ave+10003'
-73.8764,40.8969,0,14,'NYE 235th St10003|NYE 235th St10003+NYVan Cortlandt Park E+10003'
-73.8764,40.7324,0,56,'NY57th Ave10003+NYVan Horn St+10003'
-73.8764,40.7481,3,15,'NYCase St10003+NYElmhurst Ave+10003'
-73.8764,40.8290,1,13,'NYManor Ave10003+NYWestchester Ave+10003'
-73.8764,40.7315,0,1,'NY57th Rd10003|NY57th Rd10003+NYHaspel St+10003|NYHaspel St10003'
-73.8764,40.7023,0,5,'NY73rd St10003|NY73rd St10003+NY72nd Ln+10003|NY72nd Ln10003'
-73.8764,40.6626,0,1,'NYEssex St10003+NYStanley Ave+10003'
-73.8764,40.7173,0,6,'NY77th Pl10003|NY77th Pl10003+NYFurmanville Ave+10003'
-73.8764,40.9184,0,1,'NYWilcox Ave10003'
-73.8764,40.7344,0,19,'NYSeabury St10003+NY55th Rd+10003'
-73.8763,40.7405,2,14,'NYCorona Ave10003+NY88th St+10003'
-73.8763,40.7256,0,3,'NY82nd Pl10003|NY82nd Pl10003+NYCaldwell Ave+10003'
-73.8763,40.7186,0,10,'NY78th St10003+NYPenelope Ave+10003'
-73.8763,40.7632,8,51,'NYAstoria Blvd10003+NY93rd St+10003'
-73.8763,40.7200,0,2,'NY79th St10003|NY79th St10003+NYJuniper Blvd S+10003'
-73.8763,40.7044,0,3,'NYCooper Ave10003|NYCooper Ave10003+NY73rd Pl+10003'
-73.8763,40.7109,1,56,'NY76th St10003|NY76th St10003+NY68th Ave+10003'
-73.8763,40.7264,0,24,'NYEliot Ave10003+NY83rd St+10003|NY83rd St10003'
-73.8763,40.8705,0,2,'NYE 204th St10003'
-73.8763,40.7449,2,42,'NYWhitney Ave10003+NYGleane St+10003'
-73.8763,40.7173,0,9,'NY77th Pl10003|NY77th Pl10003+NYFurmanville Ave+10003'
-73.8763,40.7017,4,5,'NY72nd Ln10003|NY72nd Ln10003+NYIndiana Ave+10003|NYIndiana Ave10003'
-73.8763,40.8818,1,6,'NYE 211th St10003+NYTryon Ave+10003|NYTryon Ave10003'
-73.8763,40.7484,8,12,'NYElmhurst Ave10003+NYRoosevelt Ave+10003'
-73.8762,40.7255,0,14,'NY61st Rd10003|NY61st Rd10003+NY82nd Pl+10003'
-73.8762,40.6433,2,2,'NYShore Pkwy10002+NYPennsylvania Ave+10002|NYPennsylvania Ave10003'
-73.8762,40.7146,0,18,'NY77th Pl10003|NY77th Pl10003+NY66th Rd+10003'
-73.8762,40.8389,3,7,'NYBronx Park Ave10003+NYWyatt St+10003'
-73.8762,40.6862,0,5,'NYEtna St10003+NYChestnut St+10003'
-73.8762,40.8241,0,11,'NYBruckner Blvd10003+NYWard Ave+10003|NYWard Ave10003'
-73.8762,40.7718,101,30,'NY94th St10003+NYGrnd Cntrl Parkway Entrance Wb+10003'
-73.8762,40.7042,0,6,'NY73rd Pl10003+NY78th Ave+10003|NY78th Ave10003'
-73.8762,40.8365,0,6,'NYBronx River Ave10003+NYCross Bronx Expy+10003'
-73.8761,40.7677,130,197,'NYJackson Mill Rd10003|NYJackson Mill Rd10003+NY94th St+10003'
-73.8761,40.6666,0,5,'NYAtkins Ave10003+NYHegeman Ave+10003'
-73.8761,40.8196,0,30,'NYLafayette Ave10003+NYBoynton Ave+10003|NYBoynton Ave10003'
-73.8761,40.6706,0,4,'NYBlake Ave10003+NYMilford St+10003'
-73.8761,40.6462,0,1,'NYSea View Ave10003|NYSea View Ave10003+NYVan Siclen Ave+10003'
-73.8761,40.6782,0,5,'NYWells St10003|NYWells St10003+NYFountain Ave+10003'
-73.8761,40.6805,0,1,'NYN Conduit Blvd10003'
-73.8761,40.8421,1,1,'NYDevoe Ave10003|NYDevoe Ave10003+NYE 180th St+10003'
-73.8761,40.7302,13,19,'NYQueens Midtown Expy10003'
-73.8761,40.7709,277,55,'NY94th St10003+NYGrand Ctrl Pkwy S Rd+10003|NYGrand Ctrl Pkwy S Rd10003'
-73.8760,40.7239,0,9,'NY62nd Ave10003+NY82nd St+10003'
-73.8760,40.7356,41,51,'NY55th Ave10003+NYState Hwy 25+10003|NY55th Ave10003+NYQueens Blvd+10003'
-73.8760,40.8790,0,1,'NYPutnam Pl10003'
-73.8760,40.7423,0,1,'NY90th St10003|NY90th St10003+NY45th Ave+10003|NY45th Ave10003'
-73.8760,40.7398,0,5,'NY88th St10003+NY50th Ave+10003|NY50th Ave10003'
-73.8760,40.9316,0,1,'NYCross County Pkwy10002'
-73.8760,40.8379,5,7,'NYMorris Park Ave10003|NYMorris Park Ave10003+NYE 177th St+10003'
-73.8760,40.8799,1,11,'NYKings College Pl10003|NYKings College Pl10003+NYE Gun Hill Rd+10003'
-73.8759,40.6649,1,3,'NYBerriman St10003+NYLinden Blvd+10003'
-73.8759,40.7061,0,2,'NY74th St10003|NY74th St10003+NYCooper Ave+10003'
-73.8759,40.9687,2,13,'NYBellevue Ave N10003'
-73.8759,40.6774,0,9,'NYFountain Ave10003+NYLiberty Ave+10003'
-73.8759,40.8763,0,6,'NYHolt Pl10003|NYHolt Pl10003+NYPerry Ave+10003'
-73.8759,40.8976,1,12,'NYE 236th St10003|NYE 236th St10003+NYVan Cortlandt Park E+10003'
-73.8759,40.8734,1,10,'NYE 205th St10003+NYDecatur Ave+10003'
-73.8759,40.7395,1,31,'NY88th St10003'
-73.8758,40.7280,0,38,'NY84th St10003+NY60th Rd+10003|NY60th Rd10003'
-73.8758,40.7290,0,21,'NY84th Pl10003|NY84th Pl10003+NY60th Ave+10003'
-73.8758,40.8396,1,6,'NYBronx Park Ave10003+NYE 178th St+10003|NYE 178th St10003'
-73.8758,40.7299,0,42,'NY58th Ave10003|NY58th Ave10003+NY85th St+10003|NY85th St10003'
-73.8758,40.7319,2,34,'NY57th Rd10003+NYVan Horn St+10003'
-73.8758,40.7249,0,9,'NY82nd Pl10003+NY61st Dr+10003|NY61st Dr10003'
-73.8758,40.6690,0,4,'NYMilford St10003+NYDumont Ave+10003'
-73.8757,40.9065,0,1,'NYCricklewood Rd N10003|NYCricklewood Rd N10003+NYCricklewood Rd S+10003|NYCricklewood Rd S10003'
-73.8757,40.8969,0,1,'NYHerkimer Pl10003'
-73.8757,40.7494,8,170,'NY91st St10003+NYElmhurst Ave+10003'
-73.8757,40.8956,0,11,'NYHerkimer Pl10003'
-73.8757,40.7339,0,7,'NYSeabury St10003+NY56th Ave+10003'
-73.8757,40.6886,0,2,'NYJamaica Ave10003+NYFresh Pond Rd+10003|NYJamaica Ave10003+NYEuclid Ave+10003|NYFresh Pond Rd10003|NYFresh Pond Rd10003+NYEuclid Ave+10003|NYEuclid Ave10003'
-73.8757,40.7372,1,60,'NY53rd Ave10003|NY53rd Ave10003+NYJustice Ave+10003'
-73.8757,40.7430,1,27,'NYIthaca St10003|NYIthaca St10003+NY43rd Ave+10003'
-73.8757,40.8340,0,12,'NYMorrison Ave10003'
-73.8756,40.8787,0,3,'NYReservoir Oval W10003|NYReservoir Oval W10003+NYReservoir Pl+10003|NYReservoir Oval E10003|NYReservoir Oval E10003+NYReservoir Pl+10003|NYReservoir Pl10003'
-73.8756,40.7420,0,6,'NY90th St10003+NYSt James Ave+10003|NYSt James Ave10003'
-73.8756,40.8104,0,1,'NYFood Center Dr10003+NYAve F+10003|NYAve F10003|NYAve F10003+NYFood Center Rd+10003|NYAve F10003+NYFood Dr+10003|NYAve F10003+NYLoop Rd+10003|NYAve F10003+NYMarket St+10003'
-73.8756,40.9175,0,1,'NYKneeland Ave10003+NYCrawford St+10003'
-73.8756,40.7311,3,4,'NY58th Ave10003'
-73.8756,40.8753,0,28,'NYHull Ave10003+NYE 207th St+10003'
-73.8756,40.6762,0,5,'NYFountain Ave10003+NYGlenmore Ave+10003'
-73.8756,40.7272,0,11,'NY60th Dr10003'
-73.8756,40.7704,129,295,'NY95th St10003'
-73.8756,40.6629,0,1,'NYStanley Ave10003+NYShepherd Ave+10003'
-73.8756,40.9052,0,1,'NYParkway N10003+NYCricklewood Rd S+10003|NYCricklewood Rd S10003'
-73.8755,40.7190,0,16,'NY79th St10003+NYPenelope Ave+10003'
-73.8755,40.7661,14,67,'NYJackson Mill Rd10003+NY24th Ave+10003'
-73.8755,40.7587,47,310,'NY32nd Ave10003+NYJackson Mill Rd+10003|NY93rd St10003+NYJackson Mill Rd+10003|NYJackson Mill Rd10003'
-73.8755,40.7411,0,5,'NY48th Ave10003'
-73.8755,40.8292,0,13,'NYStratford Ave10003+NYWestchester Ave+10003'
-73.8755,40.7267,0,31,'NYEliot Ave10003+NY83rd Pl+10003|NY83rd Pl10003'
-73.8755,40.7485,3,9,'NY91st St10003|NY91st St10003+NYBenham St+10003|NY91st St10003+NYRoosevelt Ave+10003|NYBenham St10003|NYBenham St10003+NYRoosevelt Ave+10003'
-73.8755,40.7131,0,39,'NY78th St10003|NY78th St10003+NYMetropolitan Ave+10003'
-73.8754,40.7218,0,4,'NY81st St10003|NY81st St10003+NYJuniper Blvd N+10003'
-73.8754,40.7024,0,7,'NY73rd Pl10003'
-73.8754,40.8402,0,5,'NYBronx Park Ave10003+NYE 179th St+10003|NYE 179th St10003'
-73.8754,40.7069,0,3,'NY75th St10003|NY75th St10003+NY71st Ave+10003'
-73.8754,40.8556,0,1,'NYE Fordham Rd10002|NYE Fordham Rd10002+NYBronx and Pelham Pkwy+10002|NYBronx and Pelham Pkwy10002'
-73.8754,40.9124,0,1,'NYCentral Park Ave10003+NYHall Pl+10003'
-73.8754,40.7175,0,11,'NY78th St10003+NYFurmanville Ave+10003'
-73.8754,40.8796,0,8,'NYPutnam Pl10003+NYE Gun Hill Rd+10003'
-73.8754,40.6827,0,4,'NYFulton St10003+NYChestnut St+10003'
-73.8753,40.7352,21,14,'NY55th Rd10003|NY55th Rd10003+NYState Hwy 25+10003|NY55th Rd10003+NYQueens Blvd+10003'
-73.8753,40.8817,0,7,'NYE 211th St10003+NYKings College Pl+10003|NYKings College Pl10003'
-73.8753,40.6670,0,3,'NYMontauk Ave10003+NYHegeman Ave+10003'
-73.8753,40.7630,59,55,'NYAstoria Blvd10003+NY94th St+10003'
-73.8753,40.7202,0,11,'NY80th St10003+NYJuniper Blvd S+10003'
-73.8753,40.8242,0,12,'NYManor Ave10003|NYManor Ave10003+NYBruckner Blvd+10003'
-73.8753,40.7139,0,8,'NY66th Dr10003|NY66th Dr10003+NY78th St+10003'
-73.8753,40.6749,1,3,'NYPitkin Ave10003+NYFountain Ave+10003'
-73.8753,40.7131,0,7,'NY78th St10003|NY78th St10003+NYMetropolitan Ave+10003'
-73.8753,40.8771,0,5,'NYE 209th St10003|NYE 209th St10003+NYPerry Ave+10003'
-73.8753,40.7044,0,6,'NY74th St10003+NY78th Ave+10003'
-73.8752,40.7370,4,25,'NYJustice Ave10003+NY54th Ave+10003|NY54th Ave10003'
-73.8752,40.7103,0,46,'NY78th St10003+NY68th Rd+10003|NY68th Rd10003'
-73.8752,40.7242,0,8,'NY62nd Ave10003+NY82nd Pl+10003'
-73.8752,40.7275,0,13,'NY60th Dr10003+NY84th St+10003'
-73.8752,40.6784,0,5,'NYCrystal St10003'
-73.8752,40.7294,0,34,'NY60th Ave10003+NY85th St+10003'
-73.8752,40.6707,0,1,'NYBlake Ave10003+NYLogan St+10003'
-73.8752,40.7400,0,15,'NYOconnell Ct10003|NYOconnell Ct10003+NY50th Ave+10003'
-73.8752,40.7065,0,3,'NYEdsall Ave10003|NYEdsall Ave10003+NY75th St+10003|NYEdsall Ave10003+NYCooper Ave+10003|NY75th St10003|NY75th St10003+NYCooper Ave+10003'
-73.8751,40.7314,0,26,'NYVan Horn St10003+NY58th Ave+10003'
-73.8751,40.6652,0,1,'NYLinden Blvd10002+NYAtkins Ave+10002'
-73.8751,40.8364,0,3,'NYHarrod Ave10003|NYHarrod Ave10003+NYCross Bronx Expy+10003'
-73.8751,40.7334,0,23,'NYSeabury St10003+NY57th Ave+10003'
-73.8751,40.6452,1,2,'NYVan Siclen Ave10003|NYVan Siclen Ave10003+NYShore Pkwy+10003'
-73.8750,40.5694,0,1,'NYBeach Channel Dr10003|NYBeach Channel Dr10003+NYBeach Channel Dr+10003'
-73.8750,40.7406,0,2,'NYOconnell Ct10003'
-73.8750,40.9443,0,1,'NYStratton St10003|NYStratton St10003+NYStratton St S+10003|NYStratton St S10003'
-73.8750,40.7303,5,12,'NY86th St10003'
-73.8750,40.8409,0,1,'NYBronx Park Ave10003+NYLebanon St+10003'
-73.8750,40.6776,0,1,'NYCrystal St10003+NYLiberty Ave+10003'
-73.8750,40.7705,96,43,'NY96th St10003|NY96th St10003+NYDitmars Blvd+10003'
-73.8750,40.6737,0,5,'NYFountain Ave10003+NYBelmont Ave+10003'
-73.8749,40.8799,0,3,'NYPutnam Pl10003'
-73.8749,40.8730,0,7,'NYE 205th St10003+NYWebster Ave+10003'
-73.8749,40.6697,0,1,'NYLogan St10003+NYNew Lots Ave+10003|NYNew Lots Ave10003'
-73.8749,40.7501,9,131,'NYElmhurst Ave10003+NY92nd St+10003'
-73.8749,40.6576,0,3,'NYElton St10003+NYFlatlands Ave+10003'
-73.8749,40.7097,0,39,'NY78th St10003+NY69th Ave+10003|NY69th Ave10003'
-73.8749,40.7467,6,67,'NYWhitney Ave10003+NYDenman St+10003'
-73.8749,40.6808,0,1,'NYAtlantic Ave10003+NYChestnut St+10003|NYChestnut St10003'
-73.8748,40.8984,0,2,'NYNapier Ave10003|NYNapier Ave10003+NYVan Cortlandt Park E+10003'
-73.8748,40.8975,0,10,'NYE 236th St10003+NYNapier Ave+10003'
-73.8748,40.8982,0,10,'NYNapier Ave10003+NYE 237th St+10003|NYE 237th St10003'
-73.8748,40.8957,1,10,'NYNapier Ave10003'
-73.8748,40.7413,1,25,'NY48th Ave10003+NY90th St+10003'
-73.8748,40.6692,0,2,'NYLogan St10003+NYDumont Ave+10003'
-73.8748,40.8732,1,0,'NYParkside Pl10003'
-73.8748,40.6633,1,0,'NYStanley Ave10003+NYBerriman St+10003'
-73.8747,40.8341,3,10,'NYHarrod Ave10003+NYE 174th St+10003'
-73.8747,40.7311,3,7,'NY59th Ave10003|NY59th Ave10003+NYVan Horn St+10003|NYVan Horn St10003'
-73.8747,40.7271,2,42,'NYEliot Ave10003+NY84th St+10003'
-73.8747,40.8750,0,7,'NYDecatur Ave10003+NYE 207th St+10003'
-73.8747,40.7433,2,9,'NYLamont Ave10003|NYLamont Ave10003+NYHampton St+10003'
-73.8747,40.6875,0,13,'NYCox Pl10003'
-73.8747,40.6882,0,2,'NYWharton Pl10003'
-73.8747,40.6763,5,7,'NYCrystal St10003+NYGlenmore Ave+10003'
-73.8747,40.7433,0,4,'NY43rd Ave10003+NYHampton St+10003|NYHampton St10003'
-73.8746,40.9491,0,1,'NYAgar St10003+NYColin St+10003'
-73.8746,40.7486,2,18,'NY92nd St10003|NY92nd St10003+NYRoosevelt Ave+10003'
-73.8746,40.6724,0,11,'NYFountain Ave10003+NYSutter Ave+10003'
-73.8746,40.7349,55,25,'NYState Hwy 2510002+NY56th Ave+10002|NYQueens Blvd10002+NY56th Ave+10002|NY56th Ave10003'
-73.8746,40.8415,0,3,'NYBronx Park Ave10003|NYBronx Park Ave10003+NYE 180th St+10003'
-73.8746,40.8372,0,3,'NYBronx River Ave10003+NYE 177th St+10003'
-73.8746,40.7590,7,24,'NY94th St10003+NYJackson Mill Rd+10003'
-73.8746,40.7220,0,9,'NY82nd St10003|NY82nd St10003+NYJuniper Blvd N+10003'
-73.8745,40.8295,2,30,'NYMorrison Ave10003+NYWestchester Ave+10003'
-73.8745,40.7289,1,37,'NY60th Rd10003+NY85th St+10003'
-73.8745,40.7648,4,48,'NY95th St10003+NYJackson Mill Rd+10003|NYJackson Mill Rd10003'
-73.8745,40.7299,0,16,'NY86th St10003|NY86th St10003+NY60th Ave+10003'
-73.8745,40.7309,7,26,'NYQn Midtown Expressway Exit Eb10003'
-73.8745,40.7586,2,7,'NY32nd Ave10003+NYJunction Blvd+10003|NY32nd Ave10003+NY94th St+10003|NYJunction Blvd10003|NYJunction Blvd10003+NY94th St+10003|NY94th St10003'
-73.8745,40.7433,0,13,'NY91st Pl10003|NY91st Pl10003+NY43rd Ave+10003'
-73.8745,40.6673,0,2,'NYMilford St10003+NYHegeman Ave+10003'
-73.8745,40.9135,1,0,'NYSt Johns Ave10003|NYSt Johns Ave10003+NYCentral Park Ave+10003'
-73.8745,40.7025,1,3,'NY74th St10003'
-73.8744,40.7347,10,14,'NY56th Ave10003|NY56th Ave10003+NYState Hwy 25+10003|NY56th Ave10003+NYQueens Blvd+10003'
-73.8744,40.8768,0,6,'NYE 209th St10003+NYHull Ave+10003'
-73.8744,40.7473,2,76,'NYCase St10003+NYWhitney Ave+10003'
-73.8744,40.7246,0,13,'NY62nd Ave10003+NY83rd St+10003|NY83rd St10003'
-73.8744,40.8290,2,22,'NYHarrod Pl10003|NYHarrod Pl10003+NYMorrison Ave+10003'
-73.8744,40.9132,1,0,'NYSt Johns Ave10003'
-73.8744,40.7071,0,3,'NY76th St10003|NY76th St10003+NYCooper Ave+10003'
-73.8744,40.7329,0,9,'NY57th Rd10003+NYSeabury St+10003'
-73.8744,40.9607,0,1,'NYRosehill Ter10003|NYRosehill Ter10003+NYLewis St+10003|NYLewis St10003'
-73.8744,40.7176,0,13,'NY79th St10003+NYFurmanville Ave+10003'
-73.8744,40.8791,2,10,'NYReservoir Pl10003|NYReservoir Pl10003+NYPerry Ave+10003|NYReservoir Pl10003+NYE Gun Hill Rd+10003|NYPerry Ave10003+NYE Gun Hill Rd+10003'
-73.8744,40.8243,2,10,'NYStratford Ave10003|NYStratford Ave10003+NYBruckner Blvd+10003'
-73.8744,40.8390,0,1,'NYMorris Park Ave10003+NYE 178th St+10003'
-73.8744,40.7402,4,58,'NY90th St10003+NY50th Ave+10003'
-73.8744,40.7146,0,22,'NY79th St10003+NY66th Rd+10003|NY66th Rd10003'
-73.8744,40.6751,1,3,'NYCrystal St10003+NYPitkin Ave+10003'
-73.8743,40.7687,0,7,'NY96th St10003'
-73.8743,40.7132,0,10,'NY79th St10003|NY79th St10003+NYMetropolitan Ave+10003'
-73.8743,40.7231,1,8,'NYDry Harbor Rd10003+NY82nd Pl+10003'
-73.8743,40.7203,0,8,'NY81st St10003|NY81st St10003+NYJuniper Blvd S+10003'
-73.8743,40.6656,1,3,'NYMontauk Ave10003+NYState Rte 27+10003|NYMontauk Ave10003+NYLinden Blvd+10003'
-73.8743,40.7045,0,7,'NY75th St10003+NY78th Ave+10003'
-73.8743,40.7301,0,14,'NY86th St10003|NY86th St10003+NY60th Ave+10003|NY60th Ave10003'
-73.8743,40.7683,1,23,'NY96th St10003|NY96th St10003+NY23rd Ave+10003'
-73.8743,40.7722,48817,384,'NYGrnd Cntrl Parkway Entrance Wb10003'
-73.8743,40.7365,4,33,'NY55th Ave10003+NYJustice Ave+10003'
-73.8742,40.7346,21,31,'NYQueens Blvd10003|NYQueens Blvd10003+NYState Hwy 25+10003|NYQueens Blvd10003+NYQueens Blvd+10003'
-73.8742,40.6709,0,4,'NYBlake Ave10003|NYBlake Ave10003+NYFountain Ave+10003'
-73.8742,40.7440,1,16,'NYGleane St10003+NYLamont Ave+10003'
-73.8742,40.7188,0,15,'NY80th St10003+NYCowles Ct+10003|NYCowles Ct10003'
-73.8742,40.9083,0,1,'NYCumberland Dr10003|NYCumberland Dr10003+NYMcLean Ave+10003'
-73.8742,40.7567,54,230,'NY94th St10003|NY94th St10003+NYState Hwy 25 Alt+10003|NY94th St10003+NYNorthern Blvd+10003'
-73.8742,40.7628,2,20,'NYAstoria Blvd10003+NY95th St+10003'
-73.8742,40.8370,0,1,'NYE 177th St10003'
-73.8742,40.7222,0,13,'NYDry Harbor Rd10003+NY63rd Ave+10003|NY63rd Ave10003|NY63rd Ave10003+NYJuniper Blvd N+10003|NYJuniper Blvd N10003'
-73.8741,40.7311,8,51,'NYQn Midtown Expressway Exit Eb10006'
-73.8741,40.6831,0,8,'NYEuclid Ave10003+NYFulton St+10003'
-73.8741,40.9665,0,1,'NYEtville Ave10003'
-73.8741,40.7063,0,2,'NY77th Ave10003|NY77th Ave10003+NY76th St+10003'
-73.8741,40.7242,0,2,'NY83rd St10003'
-73.8741,40.6893,0,2,'NYJamaica Ave10003+NYCrescent St+10003|NYCrescent St10003'
-73.8740,40.6867,0,9,'NYEtna St10003+NYPine St+10003|NYPine St10003'
-73.8740,40.6738,0,2,'NYCrystal St10003+NYBelmont Ave+10003'
-73.8740,40.6777,0,2,'NYChestnut St10003+NYLiberty Ave+10003'
-73.8740,40.7265,0,8,'NY61st Rd10003|NY61st Rd10003+NY84th St+10003'
-73.8740,40.7504,2,36,'NYElmhurst Ave10003+NY93rd St+10003'
-73.8740,40.7342,6,28,'NYQueens Blvd10003|NYQueens Blvd10003+NY57th Ave+10003|NYQueens Blvd10003+NYHoffman Dr+10003|NY57th Ave10003+NYHoffman Dr+10003|NYHoffman Dr10003'
-73.8740,40.7487,0,1,'NYAske St10003|NYAske St10003+NYRoosevelt Ave+10003'
-73.8740,40.7479,0,12,'NYWhitney Ave10003+NYBenham St+10003'
-73.8739,40.6636,0,1,'NYStanley Ave10003+NYAtkins Ave+10003'
-73.8739,40.6805,0,1,'NYGlen St10003'
-73.8739,40.7415,3,20,'NY48th Ave10003+NY91st St+10003|NY91st St10003'
-73.8739,40.7284,0,20,'NY60th Dr10003+NY85th St+10003'
-73.8739,40.8990,0,8,'NYE 238th St10003|NYE 238th St10003+NYVan Cortlandt Park E+10003'
-73.8739,40.7549,13,408,'NY94th St10003+NY34th Ave+10003'
-73.8739,40.7198,0,30,'NYPenelope Ave10003+NY81st St+10003|NY81st St10003'
-73.8739,40.7264,1,2,'NY84th St10003+NY61st Rd+10003|NY61st Rd10003'
-73.8739,40.8748,0,12,'NYParkside Pl10003+NYE 207th St+10003|NYE 207th St10003'
-73.8738,40.7076,0,1,'NY78th St10003|NY78th St10003+NYCooper Ave+10003'
-73.8738,40.6693,0,3,'NYFountain Ave10003+NYDumont Ave+10003|NYDumont Ave10003'
-73.8738,40.7238,1,10,'NY83rd St10003'
-73.8738,40.7324,0,13,'NYSeabury St10003+NY58th Ave+10003'
-73.8738,40.6564,1,3,'NYOld Vandalia St10003|NYOld Vandalia St10003+NYElton St+10003'
-73.8738,40.7445,0,13,'NYForley St10003+NYLamont Ave+10003'
-73.8738,40.7707,33,20,'NY97th St10003'
-73.8738,40.6799,0,3,'NYWeldon St10003'
-73.8738,40.7224,2,10,'NY82nd Pl10003+NY63rd Ave+10003'
-73.8737,40.6765,0,2,'NYChestnut St10003+NYGlenmore Ave+10003'
-73.8737,40.8298,0,14,'NYHarrod Ave10003|NYHarrod Ave10003+NYHarrod Pl+10003|NYHarrod Ave10003+NYWestchester Ave+10003|NYHarrod Pl10003|NYHarrod Pl10003+NYWestchester Ave+10003'
-73.8737,40.6725,0,3,'NYCrystal St10003|NYCrystal St10003+NYSutter Ave+10003'
-73.8737,40.6884,0,1,'NYCrescent St10003+NYWharton Pl+10003|NYWharton Pl10003'
-73.8737,40.7487,3,8,'NY93rd St10003|NY93rd St10003+NYRoosevelt Ave+10003'
-73.8737,40.7311,11,50,'NYQn Midtown Expressway Exit Eb10006+NYQn Midtown Expressway Exit Eb+10006'
-73.8737,40.8764,0,6,'NYDecatur Ave10003+NYE 209th St+10003|NYE 209th St10003'
-73.8737,40.6677,0,4,'NYLogan St10003+NYHegeman Ave+10003'
-73.8737,40.7305,9,159,'NYVanhorn St10003|NYVanhorn St10003+NY60th Ave+10003|NY60th Ave10003'
-73.8737,40.7568,23,58,'NYJunction Blvd10003+NYNorthern Blvd+10003'
-73.8737,40.6852,0,16,'NYPine St10003+NYRidgewood Ave+10003'
-73.8737,40.7537,9,161,'NY94th St10003+NY34th Rd+10003|NY34th Rd10003'
-73.8736,40.8343,1,2,'NYMetcalf Ave10003'
-73.8736,40.8764,0,16,'NYE 209th St10003|NYE 209th St10003+NYDecatur Ave+10003'
-73.8736,40.6812,0,1,'NYEuclid Ave10003+NYAtlantic Ave+10003'
-73.8736,40.8244,2,4,'NYMorrison Ave10003|NYMorrison Ave10003+NYBruckner Blvd+10003'
-73.8736,40.7132,0,12,'NYMetropolitan Ave10003+NY79th St+10003|NY79th St10003'
-73.8736,40.7205,0,10,'NYJuniper Blvd S10003'
-73.8736,40.7381,4,122,'NY90th St10003+NY53rd Ave+10003'
-73.8736,40.7594,0,10,'NY95th St10003+NYJackson Mill Rd+10003'
-73.8735,40.6470,0,4,'NYSchenck Ave10003|NYSchenck Ave10003+NYShore Pkwy+10003'
-73.8735,40.7182,0,3,'NY80th St10003+NY64th Rd+10003|NY64th Rd10003'
-73.8735,40.8387,0,1,'NYVan Nest Ave10003+NYE 178th St+10003|NYE 178th St10003'
-73.8735,40.7485,1,6,'NYWhitney Ave10003+NYAske St+10003'
-73.8735,40.7025,0,1,'NY75th St10003'
-73.8735,40.6659,0,2,'NYMilford St10003+NYLinden Blvd+10003'
-73.8735,40.7436,0,8,'NYGleane St10003|NYGleane St10003+NY43rd Ave+10003'
-73.8735,40.6877,0,2,'NYCrescent St10003+NYCox Pl+10003|NYCrescent St10003+NYCrescent Ter+10003|NYCox Pl10003|NYCox Pl10003+NYCrescent Ter+10003|NYCrescent Ter10003'
-73.8735,40.8789,0,11,'NYHull Ave10003+NYE Gun Hill Rd+10003'
-73.8735,40.7404,0,24,'NY50th Ave10003+NY91st St+10003|NY91st St10003'
-73.8735,40.7336,4,12,'NY57th Rd10003|NY57th Rd10003+NYHoffman Dr+10003'
-73.8734,40.6876,0,1,'NYCypress Ct10003|NYCypress Ct10003+NYCrescent St+10003|NYCypress Ct10003+NYCrescent Ter+10003|NYCrescent St10003+NYCrescent Ter+10003|NYCrescent Ter10003'
-73.8734,40.7587,3,7,'NY32nd Ave10003+NY95th St+10003'
-73.8734,40.6806,0,1,'NYGlen St10003+NYEuclid Ave+10003'
-73.8734,40.8368,0,2,'NYCross Bronx Svc Rd N10006'
-73.8734,40.6752,1,3,'NYPitkin Ave10003+NYChestnut St+10003'
-73.8734,40.9107,0,2,'NYRex Pl10003|NYRex Pl10003+NYJost Pl+10003|NYRex Pl10003+NYKing Ave+10003|NYJost Pl10003|NYJost Pl10003+NYKing Ave+10003|NYKing Ave10003'
-73.8734,40.7298,0,26,'NY86th St10003+NY60th Rd+10003|NY60th Rd10003'
-73.8734,40.7200,0,14,'NYDry Harbor Rd10003+NYPenelope Ave+10003'
-73.8734,40.7260,0,21,'NY84th St10003+NY61st Dr+10003|NY61st Dr10003'
-73.8734,40.7046,1,9,'NY76th St10003+NY78th Ave+10003'
-73.8733,40.7345,25,19,'NY57th Ave10003+NYState Hwy 25+10003|NY57th Ave10003+NYQueens Blvd+10003'
-73.8733,40.7631,0,20,'NY96th St10003+NY97th St+10003|NY96th St10003+NYJackson Mill Rd+10003|NY97th St10003|NYJackson Mill Rd10003'
-73.8733,40.9150,0,4,'NYWendover Rd10003'
-73.8733,40.8242,0,2,'NYMorrison Ave10003|NYMorrison Ave10003+NYBruckner Blvd+10003'
-73.8733,40.7452,0,50,'NYLamont Ave10003+NYElbertson St+10003'
-73.8733,40.7488,4,7,'NYWhitney Ave10003|NYWhitney Ave10003+NYRoosevelt Ave+10003'
-73.8733,40.6778,0,3,'NYWells St10003|NYWells St10003+NYDoscher St+10003|NYWells St10003+NYLiberty Ave+10003|NYDoscher St10003|NYDoscher St10003+NYLiberty Ave+10003'
-73.8733,40.7245,0,8,'NY83rd Pl10003'
-73.8733,40.7374,0,126,'NY90th St10003+NY54th Ave+10003'
-73.8733,40.7251,0,3,'NY62nd Ave10003'
-73.8733,40.8378,1,1,'NYBronx River Ave10003'
-73.8733,40.8402,1,6,'NYMorris Park Ave10003+NYLebanon St+10003|NYLebanon St10003'
-73.8733,40.8375,0,10,'NYBronx River Ave10003'
-73.8733,40.7627,0,12,'NYAstoria Blvd10003+NY96th St+10003'
-73.8732,40.7279,1,28,'NYEliot Ave10003+NY85th St+10003'
-73.8732,40.7084,0,8,'NY69th Dr10003|NY69th Dr10003+NY79th St+10003'
-73.8732,40.7065,1,2,'NY77th Ave10003+NY78th St+10003|NY78th St10003'
-73.8732,40.7159,0,28,'NY79th Pl10003|NY79th Pl10003+NYJuniper Valley Rd+10003'
-73.8732,40.7269,0,6,'NY84th Pl10003|NY84th Pl10003+NY61st Rd+10003'
-73.8732,40.7177,0,9,'NY79th Pl10003|NY79th Pl10003+NYFurmanville Ave+10003'
-73.8732,40.9525,0,1,'NYBurhans Ave10003+NYLane St+10003'
-73.8732,40.7079,0,2,'NY79th St10003|NY79th St10003+NYCooper Ave+10003'
-73.8732,40.8359,0,1,'NYCross Bronx Exwy Svc Rd10006+NYFteley Ave+10006|NYFteley Ave10003|NYFteley Ave10003+NYCross Bronx Expy+10003'
-73.8732,40.7319,5,8,'NY59th Ave10003|NY59th Ave10003+NYSeabury St+10003|NYSeabury St10003'
-73.8731,40.9082,0,3,'NYMcLean Ave10003+NYMcCollum Pl+10003|NYMcCollum Pl10003'
-73.8731,40.6640,0,1,'NYStanley Ave10003+NYMontauk Ave+10003'
-73.8731,40.7507,5,39,'NY94th St10003+NYElmhurst Ave+10003'
-73.8731,40.7248,0,3,'NYDry Harbor Rd10003|NYDry Harbor Rd10003+NYDry Harbor Rd+10003|NYDry Harbor Rd10003+NYCaldwell Ave+10003|NYCaldwell Ave10003|NYCaldwell Ave10003+NYDry Harbor Rd+10003'
-73.8731,40.6739,0,1,'NYBelmont Ave10003+NYChestnut St+10003'
-73.8731,40.6866,0,2,'NYDanforth St10003|NYDanforth St10003+NYCrescent St+10003'
-73.8731,40.7569,6,33,'NY95th St10003|NY95th St10003+NYState Hwy 25 Alt+10003|NY95th St10003+NYNorthern Blvd+10003'
-73.8731,40.6792,0,3,'NYMcKinley Ave10003|NYMcKinley Ave10003+NYEuclid Ave+10003'
-73.8731,40.7159,0,12,'NY79th Pl10003|NY79th Pl10003+NYJuniper Valley Rd+10003'
-73.8731,40.6567,0,1,'NYOld Vandalia St10003+NYLinwood St+10003|NYLinwood St10003'
-73.8731,40.8801,0,3,'NYHull Ave10003'
-73.8731,40.7718,30394,295,'NYla Guardia Arpt Entrance10006'
-73.8731,40.7334,0,10,'NY58th Ave10003|NY58th Ave10003+NYHoffman Dr+10003'
-73.8730,40.6782,0,2,'NYEuclid Ave10003|NYEuclid Ave10003+NYS Conduit Blvd+10003'
-73.8730,40.9674,0,1,'NYGladstone Pl10003'
-73.8730,40.7367,1,57,'NY90th St10003+NY55th Ave+10003'
-73.8730,40.6556,0,5,'NYElton St10003'
-73.8730,40.6834,0,5,'NYPine St10003|NYPine St10003+NYFulton St+10003'
-73.8730,40.7133,0,25,'NY79th Pl10003|NY79th Pl10003+NYMetropolitan Ave+10003'
-73.8730,40.8994,0,1,'NY261st St Exd10003|NY261st St Exd10003+NYOneida Ave+10003|NY261st St Exd10003+NYVan Cortlandt Park E+10003|NYOneida Ave10003|NYOneida Ave10003+NYVan Cortlandt Park E+10003'
-73.8730,40.8223,2,20,'NYStory Ave10003+NYMorrison Ave+10003'
-73.8730,40.6766,0,4,'NYDoscher St10003+NYGlenmore Ave+10003'
-73.8730,40.7228,0,26,'NY63rd Ave10003+NY83rd St+10003'
-73.8730,40.8576,0,2,'NYBronx River Pkwy10002|NYBronx River Pkwy10002+NYBronx River Pkwy+10002'
-73.8729,40.8991,0,5,'NYE 238th St10003+NYOneida Ave+10003'
-73.8729,40.7609,3,17,'NY30th Ave10003+NY96th St+10003'
-73.8729,40.6786,0,2,'NYHill St10003'
-73.8729,40.6860,0,2,'NYCrescent St10003+NYKiely Pl+10003|NYKiely Pl10003'
-73.8729,40.8760,0,8,'NYParkside Pl10003+NYE 209th St+10003|NYE 209th St10003'
-73.8729,40.7302,0,5,'NYVanhorn St10003|NYVanhorn St10003+NY60th Rd+10003|NY60th Rd10003'
-73.8729,40.9479,0,1,'NYGordon St10003|NYGordon St10003+NYLockwood Ave+10003'
-73.8729,40.7606,0,17,'NY96th St10003+NY31st Ave+10003'
-73.8729,40.7626,0,6,'NYAstoria Blvd10003+NY97th St+10003|NYAstoria Blvd10003+NYJackson Mill Rd+10003'
-73.8728,40.6680,1,5,'NYFountain Ave10003+NYHegeman Ave+10003|NYHegeman Ave10003'
-73.8728,40.7458,0,13,'NYDenman St10003+NYLamont Ave+10003'
-73.8728,40.8984,0,13,'NYOneida Ave10003+NYE 237th St+10003'
-73.8728,40.8409,4,15,'NYMorris Park Ave10003+NYE 180th St+10003'
-73.8728,40.6726,0,5,'NYChestnut St10003|NYChestnut St10003+NYSutter Ave+10003'
-73.8728,40.7253,1,90,'NYDry Harbor Rd10003|NYDry Harbor Rd10003+NYDry Harbor Rd+10003|NYDry Harbor Rd10003+NY84th St+10003|NY84th St10003+NYDry Harbor Rd+10003'
-73.8728,40.7702,5,8,'NY22nd Dr10003|NY22nd Dr10003+NY98th St+10003|NY98th St10003'
-73.8728,40.7488,2,22,'NY94th St10003|NY94th St10003+NYRoosevelt Ave+10003'
-73.8728,40.7360,0,14,'NY90th St10003+NYJustice Ave+10003'
-73.8728,40.9110,1,0,'NYHillview Ave10003+NYJost Pl+10003|NYJost Pl10003'
-73.8727,40.8344,1,15,'NYFteley Ave10003+NYE 174th St+10003'
-73.8727,40.7597,0,8,'NY96th St10003+NYJackson Mill Rd+10003'
-73.8727,40.6753,1,9,'NYPitkin Ave10003+NYDoscher St+10003'
-73.8727,40.6663,0,7,'NYLogan St10003+NYLinden Blvd+10003'
-73.8727,40.7357,0,34,'NY90th St10003+NY56th Ave+10003'
-73.8726,40.8561,0,8,'NYUS Hwy 110002+NYBronx River Pkwy+10002'
-73.8726,40.7405,2,30,'NY91st Pl10003|NY91st Pl10003+NY50th Ave+10003'
-73.8726,40.7531,9,41,'NY35th Ave10003+NY95th St+10003|NY95th St10003'
-73.8726,40.6899,0,2,'NYJamaica Ave10003+NYHemlock St+10003|NYHemlock St10003'
-73.8726,40.6779,2,4,'NYEuclid Ave10003|NYEuclid Ave10003+NYLiberty Ave+10003|NYEuclid Ave10003+NYS Conduit Blvd+10003|NYLiberty Ave10003+NYS Conduit Blvd+10003'
-73.8726,40.7274,2,8,'NY61st Rd10003+NY85th St+10003'
-73.8726,40.7026,1,17,'NY76th St10003'
-73.8726,40.6848,0,7,'NYCrescent St10003+NYAdler Pl+10003|NYAdler Pl10003'
-73.8725,40.8787,1,20,'NYDecatur Ave10003+NYE Gun Hill Rd+10003'
-73.8725,40.6814,1,13,'NYPine St10003|NYPine St10003+NYAtlantic Ave+10003'
-73.8725,40.8290,2,3,'NYMetcalf Ave10003+NYGleason Ave+10003|NYGleason Ave10003'
-73.8725,40.6878,0,5,'NYCypress Ct10003'
-73.8725,40.9051,0,2,'NYAqueduct Ave10003+NYCox Ave+10003'
-73.8725,40.7295,0,17,'NY60th Dr10003|NY60th Dr10003+NY86th St+10003'
-73.8725,40.8245,0,2,'NYBruckner Expy10001+NYBronx River Pkwy+10001|NYBronx River Pkwy10002+NYI 278+10002'
-73.8725,40.8247,0,2,'NYBronx River Pkwy10002+NYBruckner Blvd+10002'
-73.8725,40.7685,4,44,'NY98th St10003+NY23rd Ave+10003'
-73.8725,40.8202,1,20,'NYMorrison Ave10003|NYMorrison Ave10003+NYLafayette Ave+10003|NYLafayette Ave10003'
-73.8725,40.7621,0,5,'NY97th St10003|NY97th St10003+NY97th St+10003|NY97th St10003+NYJackson Mill Rd+10003|NYJackson Mill Rd10003|NYJackson Mill Rd10003+NY97th St+10003'
-73.8725,40.8243,0,6,'NYBruckner Blvd10003+NYBronx River Pkwy+10003'
-73.8724,40.7046,1,12,'NY78th St10003+NY78th Ave+10003'
-73.8724,40.7439,1,15,'NYForley St10003|NYForley St10003+NY43rd Ave+10003'
-73.8724,40.8962,0,42,'NYOneida Ave10003'
-73.8724,40.7178,2,17,'NYDry Harbor Rd10003|NYDry Harbor Rd10003+NY80th St+10003|NYDry Harbor Rd10003+NYFurmanville Ave+10003|NY80th St10003+NYFurmanville Ave+10003'
-73.8724,40.7463,1,16,'NYCase St10003+NYLamont Ave+10003'
-73.8724,40.6843,0,3,'NYCampus Pl10003|NYCampus Pl10003+NYCrescent St+10003'
-73.8724,40.7425,6,10,'NY92nd St10003'
-73.8724,40.7489,2,8,'NY94th St10003|NY94th St10003+NYRoosevelt Ave+10003'
-73.8724,40.6740,0,12,'NYBelmont Ave10003+NYDoscher St+10003'
-73.8724,40.7717,43491,1086,'NYla Guardia Arpt Entrance10006'
-73.8723,40.7625,0,11,'NYAstoria Blvd10003+NY97th St+10003|NY97th St10003'
-73.8723,40.8236,0,2,'NYBronx River Pkwy10002'
-73.8723,40.7066,0,1,'NY77th Ave10003|NY77th Ave10003+NY79th St+10003'
-73.8723,40.6570,0,9,'NYEssex St10003|NYEssex St10003+NYOld Vandalia St+10003|NYOld Vandalia St10003'
-73.8723,40.7205,0,8,'NYPenelope Ave10003+NY82nd Pl+10003'
-73.8723,40.7347,6,15,'NY57th Ave10003+NY90th St+10003'
-73.8723,40.9091,0,3,'NYMcCollum Pl10003+NYKing Ave+10003'
-73.8722,40.7261,0,44,'NY84th Pl10003|NY84th Pl10003+NYDry Harbor Rd+10003'
-73.8722,40.6767,1,5,'NYEuclid Ave10003+NYGlenmore Ave+10003'
-73.8722,40.7482,0,4,'NY94th St10003+NY40th Rd+10003|NY40th Rd10003'
-73.8722,40.7569,5,26,'NY96th St10003+NYState Hwy 25 Alt+10003|NY96th St10003+NYNorthern Blvd+10003'
-73.8722,40.7510,5,35,'NY37th Ave10003+NY95th St+10003|NY95th St10003+NYElmhurst Ave+10003|NYElmhurst Ave10003'
-73.8722,40.6836,0,11,'NYCrescent St10003+NYFulton St+10003'
-73.8722,40.7083,0,9,'NY69th Dr10003|NY69th Dr10003+NYCooper Ave+10003'
-73.8722,40.7419,0,18,'NY48th Ave10003+NY92nd St+10003'
-73.8722,40.7479,0,5,'NY94th St10003+NYAske St+10003|NYAske St10003'
-73.8722,40.7231,1,14,'NY83rd Pl10003+NY63rd Ave+10003'
-73.8721,40.7540,3,15,'NYJunction Blvd10003+NY34th Rd+10003|NY34th Rd10003'
-73.8721,40.8416,1,6,'NYAdams St10003|NYAdams St10003+NYMorris Park Ave+10003'
-73.8721,40.8359,0,6,'NYCross Bronx Exwy Svc Rd10006+NYCroes Ave+10006|NYCroes Ave10003|NYCroes Ave10003+NYCross Bronx Expy+10003'
-73.8721,40.8770,1,3,'NYParkside Pl10003'
-73.8721,40.6780,0,1,'NYN Conduit Blvd10003+NYLiberty Ave+10003'
-73.8721,40.7664,2,35,'NY98th St10003+NY24th Ave+10003'
-73.8721,40.7360,0,19,'NYJustice Ave10003|NYJustice Ave10003+NY56th Ave+10003'
-73.8721,40.7189,0,22,'NY64th Rd10003+NY82nd St+10003|NY82nd St10003'
-73.8721,40.7298,0,2,'NY60th Dr10003'
-73.8721,40.7160,0,8,'NY80th St10003+NYJuniper Valley Rd+10003|NYJuniper Valley Rd10003'
-73.8721,40.7607,0,6,'NY97th St10003+NY30th Ave+10003|NY97th St10003+NY31st Ave+10003|NY30th Ave10003'
-73.8721,40.7539,1,3,'NYJunction Blvd10003+NY34th Rd+10003|NY34th Rd10003'
-73.8721,40.7475,0,7,'NY94th St10003+NY40th Dr+10003|NY40th Dr10003'
-73.8721,40.7080,0,1,'NY79th Pl10003'
-73.8720,40.6728,2,8,'NYSutter Ave10003+NYDoscher St+10003|NYDoscher St10003'
-73.8720,40.8046,3,3,'NYMarket St10003'
-73.8720,40.7624,0,1,'NYAstoria Blvd10003+NY97th St+10003|NY97th St10003'
-73.8720,40.7340,21,16,'NY90th St10003|NY90th St10003+NYState Hwy 25+10003|NY90th St10003+NYQueens Blvd+10003|NYState Hwy 2510002'
-73.8720,40.8269,0,10,'NYWatson Ave10003+NYSound View Ave+10003|NYMetcalf Ave10003+NYSound View Ave+10003|NYSound View Ave10003'
-73.8720,40.8662,0,2,'NYDr Theodore Kazimiroff Blvd10003'
-73.8720,40.7470,0,8,'NY94th St10003+NYBenham St+10003|NYBenham St10003'
-73.8719,40.7468,0,12,'NY41st Ave10003|NY41st Ave10003+NY94th St+10003|NY41st Ave10003+NYLamont Ave+10003|NY94th St10003+NYLamont Ave+10003|NYLamont Ave10003'
-73.8719,40.8802,0,6,'NYDecatur Ave10003'
-73.8719,40.7600,2,29,'NY97th St10003+NYJackson Mill Rd+10003|NYJackson Mill Rd10003'
-73.8719,40.8541,1,3,'NYBoston Post Rd10003|NYBoston Post Rd10003+NYBoston Rd+10003'
-73.8719,40.7551,9,37,'NY34th Ave10003+NY96th St+10003'
-73.8719,40.6869,0,4,'NYDanforth St10003+NYHemlock St+10003'
-73.8719,40.7703,2,11,'NY99th St10003|NY99th St10003+NY22nd Dr+10003|NY22nd Dr10003'
-73.8718,40.7489,0,7,'NY95th St10003|NY95th St10003+NYRoosevelt Ave+10003'
-73.8718,40.8345,0,18,'NYCroes Ave10003+NYE 174th St+10003'
-73.8718,40.8643,1,2,'NYBronx River Pkwy10003'
-73.8718,40.7268,0,31,'NYDry Harbor Rd10003+NY85th St+10003|NY85th St10003'
-73.8718,40.8659,1,1,'NYS Southern Blvd10003|NYS Southern Blvd10003+NYDr Theodore Kazimiroff Blvd+10003|NYDr Theodore Kazimiroff Blvd10003'
-73.8718,40.8303,0,20,'NYFteley Ave10003+NYWestchester Ave+10003'
-73.8718,40.7533,11,50,'NY35th Ave10003+NYJunction Blvd+10003'
-73.8718,40.7199,0,3,'NY82nd Pl10003+NYCowles Ct+10003|NYCowles Ct10003'
-73.8718,40.7461,1,5,'NYCase St10003|NYCase St10003+NY41st Rd+10003|NYCase St10003+NY94th St+10003|NY41st Rd10003|NY41st Rd10003+NY94th St+10003'
-73.8717,40.6666,0,6,'NYFountain Ave10003+NYLoring Ave+10003|NYFountain Ave10003+NYLinden Blvd+10003|NYState Rte 2710002+NYLoring Ave+10002|NYLoring Ave10003|NYLoring Ave10003+NYLinden Blvd+10003'
-73.8717,40.6863,0,3,'NYKiely Pl10003|NYKiely Pl10003+NYHemlock St+10003'
-73.8717,40.6903,0,9,'NYJamaica Ave10003+NYAutumn Ave+10003|NYAutumn Ave10003'
-73.8717,40.7407,0,31,'NY92nd St10003+NY50th Ave+10003'
-73.8717,40.7540,0,20,'NY96th St10003|NY96th St10003+NY34th Rd+10003|NY34th Rd10003'
-73.8717,40.7309,9,45,'NY60th Rd10003|NY60th Rd10003+NY60th Ave+10003|NY60th Ave10003'
-73.8717,40.8379,0,11,'NYMansion St10003|NYMansion St10003+NYNoble Ave+10003'
-73.8717,40.7513,13,115,'NYWarren St10003'
-73.8716,40.7027,0,5,'NY78th St10003'
-73.8716,40.7311,3,26,'NYQn Midtown Expressway Exit Eb10006'
-73.8716,40.7133,2,35,'NY80th St10003+NYMetropolitan Ave+10003'
-73.8716,40.7312,0,8,'NYWetherole St10003|NYWetherole St10003+NYWoodhaven Blvd+10003'
-73.8716,40.7291,5,63,'NYEliot Ave10003+NY86th St+10003|NY86th St10003'
-73.8716,40.8786,2,2,'NYWebster Ave10003+NYE Gun Hill Rd+10003'
-73.8716,40.7453,0,5,'NY42nd Ave10003|NY42nd Ave10003+NY94th St+10003'
-73.8716,40.8523,7,10,'NYBx River Pkwy Rd10003'
-73.8716,40.6817,0,5,'NYCrescent St10003+NYAtlantic Ave+10003'
-73.8716,40.7686,0,21,'NY99th St10003+NY23rd Ave+10003'
-73.8716,40.7452,0,4,'NYDenman St10003|NYDenman St10003+NY94th St+10003'
-73.8716,40.7300,4,42,'NY60th Dr10003'
-73.8716,40.9185,0,1,'NYHilltop Acres10003|NYHilltop Acres10003+NYMidland Ter+10003'
-73.8715,40.7126,0,5,'NY67th Rd10003|NY67th Rd10003+NY80th St+10003'
-73.8715,40.8248,4,4,'NYMetcalf Ave10003+NYBruckner Blvd+10003'
-73.8715,40.8425,0,8,'NYMorris Park Ave10003+NYVan Buren St+10003|NYVan Buren St10003'
-73.8715,40.7313,6,17,'NYWoodhaven Blvd10003+NYBooth St+10003|NYBooth St10003'
-73.8715,40.8292,0,18,'NYFteley Ave10003+NYGleason Ave+10003'
-73.8715,40.7047,0,9,'NY79th St10003+NY78th Ave+10003'
-73.8715,40.9094,0,2,'NYHillview Ave10003+NYMcCollum Pl+10003|NYMcCollum Pl10003'
-73.8715,40.9444,0,1,'NYGlenhill Ave10003'
-73.8715,40.6647,2,1,'NYStanley Ave10003+NYLogan St+10003'
-73.8715,40.6775,0,1,'NYPine St10003|NYPine St10003+NYS Conduit Blvd+10003'
-73.8715,40.7209,0,32,'NYPenelope Ave10003+NY83rd St+10003'
-73.8714,40.7296,3,22,'NYWoodhaven Blvd10003+NYEliot Ave+10003|NYEliot Ave10003'
-73.8714,40.7068,0,1,'NY77th Ave10003|NY77th Ave10003+NY79th Pl+10003|NY79th Pl10003|NY79th Pl10003+NY79th Pl+10003'
-73.8714,40.6850,0,4,'NYAdler Pl10003|NYAdler Pl10003+NYHemlock St+10003'
-73.8714,40.7180,0,5,'NYFurmanville Ave10003+NY82nd St+10003|NY82nd St10003'
-73.8714,40.7292,5,19,'NYEliot Ave10003'
-73.8714,40.7424,0,4,'NY93rd St10003'
-73.8714,40.8244,2,13,'NYBruckner Blvd10003+NYMetcalf Ave+10003'
-73.8714,40.9066,0,5,'NYAqueduct Ave10003+NYMcLean Ave+10003'
-73.8714,40.6809,1,0,'NYGlen St10003+NYCrescent St+10003'
-73.8714,40.9000,0,5,'NY261st St Exd10003|NY261st St Exd10003+NYVan Cortlandt Park E+10003|NY261st St Exd10003+NYE 239th St+10003|NYVan Cortlandt Park E10003+NYE 239th St+10003|NYE 239th St10003'
-73.8714,40.7443,1,9,'NY94th St10003|NY94th St10003+NY43rd Ave+10003|NY94th St10003+NYElbertson St+10003|NY43rd Ave10003+NYElbertson St+10003|NYElbertson St10003'
-73.8714,40.7490,2,10,'NY95th St10003|NY95th St10003+NYRoosevelt Ave+10003'
-73.8714,40.7623,1,23,'NYAstoria Blvd10003+NY98th St+10003'
-73.8714,40.7235,1,51,'NY63rd Ave10003+NY84th St+10003'
-73.8713,40.8366,0,13,'NYCross Bronx Svc Rd N10006+NYNoble Ave+10006|NYNoble Ave10003'
-73.8713,40.7570,17,62,'NY97th St10003+NYNorthern Blvd+10003'
-73.8713,40.8656,0,2,'NYS Southern Blvd10003|NYS Southern Blvd10003+NYDr Theodore Kazimiroff Blvd+10003|NYDr Theodore Kazimiroff Blvd10003'
-73.8713,40.6768,2,12,'NYPine St10003+NYGlenmore Ave+10003'
-73.8713,40.6844,0,2,'NYCampus Pl10003|NYCampus Pl10003+NYHemlock St+10003'
-73.8713,40.7193,0,10,'NY82nd Pl10003+NY64th Rd+10003'
-73.8713,40.7421,1,5,'NY48th Ave10003|NY48th Ave10003+NY93rd St+10003'
-73.8713,40.8543,0,1,'NYBoston Post Rd10003|NYBoston Post Rd10003+NYBoston Rd+10003'
-73.8713,40.7119,0,8,'NY80th St10003+NY67th Dr+10003|NY67th Dr10003'
-73.8712,40.7063,0,5,'NY79th Pl10003+NY77th Ave+10003|NY77th Ave10003'
-73.8712,40.7318,21,16,'NYQn Midtown Expressway Exit Eb10003|NYQn Midtown Expressway Exit Eb10003+NYHor Harding Expressway en Eb+10003|NYHor Harding Expressway en Eb10003'
-73.8712,40.8397,0,4,'NYVan Nest Ave10003+NYE Tremont Ave+10003'
-73.8712,40.7285,9,38,'NY61st Rd10003|NY61st Rd10003+NYAlderton St+10003|NYWoodhaven Blvd10003+NYAlderton St+10003|NYAlderton St10003'
-73.8712,40.6802,0,3,'NYWeldon St10003+NYCrescent St+10003'
-73.8712,40.6629,1,1,'NYWortman Ave10003+NYMilford St+10003|NYMilford St10003'
-73.8712,40.7665,3,7,'NY99th St10003+NY24th Ave+10003'
-73.8712,40.6839,0,8,'NYFulton St10003+NYHemlock St+10003'
-73.8711,40.9665,0,2,'NYSaw Mill River Pkwy10002+NYOdell Ave+10002'
-73.8711,40.7662,1,0,'NY99th St10003'
-73.8711,40.8999,1,5,'NYKepler Ave10003'
-73.8711,40.7415,0,5,'NY93rd St10003+NY49th Ave+10003|NY49th Ave10003'
-73.8711,40.8357,0,5,'NYCross Bronx Exwy Svc Rd10006+NYNoble Ave+10006|NYCross Bronx Expy10006+NYNoble Ave+10006|NYNoble Ave10003'
-73.8711,40.8574,1,12,'NYBronx Park E10003|NYBronx Park E10003+NYPelham Pkwy N+10003|NYPelham Pkwy N10003'
-73.8711,40.7245,0,7,'NY62nd Dr10003|NY62nd Dr10003+NY84th Pl+10003|NY84th Pl10003'
-73.8710,40.6795,0,5,'NYMcKinley Ave10003+NYCrescent St+10003'
-73.8710,40.8271,0,10,'NYWatson Ave10003+NYFteley Ave+10003|NYFteley Ave10003'
-73.8710,40.7483,0,1,'NY95th St10003+NY40th Rd+10003|NY40th Rd10003'
-73.8710,40.7280,12,58,'NYDry Harbor Rd10003'
-73.8710,40.8431,1,6,'NYMorris Park Ave10003+NYMelville St+10003|NYMelville St10003'
-73.8710,40.8544,0,1,'NYBoston Rd10003+NYLydig Ave+10003|NYLydig Ave10003'
-73.8710,40.6871,0,9,'NYAutumn Ave10003+NYDanforth St+10003|NYDanforth St10003'
-73.8710,40.8582,0,8,'NYBronx Park E10003+NYReiss Pl+10003|NYReiss Pl10003'
-73.8710,40.8993,0,46,'NYE 238th St10003+NYKepler Ave+10003'
-73.8710,40.7482,0,1,'NY95th St10003+NY40th Rd+10003|NY40th Rd10003'
-73.8710,40.8401,0,2,'NYVan Nest Ave10003+NYE 180th St+10003'
-73.8709,40.6905,0,5,'NYJamaica Ave10003+NYLincoln Ave+10003|NYLincoln Ave10003'
-73.8709,40.7112,0,6,'NY80th St10003+NY68th Ave+10003|NY68th Ave10003'
-73.8709,40.6713,0,3,'NYEuclid Ave10003+NYBlake Ave+10003|NYBlake Ave10003'
-73.8709,40.7056,0,3,'NY79th Pl10003+NY77th Rd+10003|NY77th Rd10003'
-73.8709,40.8803,0,1,'NYE 211th St10003|NYE 211th St10003+NYWebster Ave+10003'
-73.8709,40.8306,2,22,'NYCroes Ave10003+NYWestchester Ave+10003'
-73.8709,40.8346,1,19,'NYE 174th St10003+NYNoble Ave+10003'
-73.8709,40.8589,1,13,'NYBronx Park E10003+NYThwaites Pl+10003|NYThwaites Pl10003'
-73.8709,40.6674,3,2,'NYState Rte 2710002+NYHolly St+10002|NYHolly St10003|NYHolly St10003+NYLinden Blvd+10003'
-73.8709,40.9325,0,1,'NYCross County Pkwy10002+NYYonkers Ave+10002'
-73.8709,40.7706,1157,263,'NY208th Ave10003'
-73.8709,40.6789,0,3,'NYCrescent St10003+NYHill St+10003'
-73.8709,40.7647,3,25,'NY25th Ave10003+NY99th St+10003|NY99th St10003'
-73.8709,40.7409,0,4,'NY50th Ave10003+NY93rd St+10003'
-73.8708,40.7704,25,129,'NY208th Ave10003|NY208th Ave10003+NY100th St+10003|NYDitmars Blvd10003+NY100th St+10003|NY100th St10003'
-73.8708,40.7446,0,4,'NY94th St10003|NY94th St10003+NY43rd Ave+10003'
-73.8708,40.6864,0,5,'NYAutumn Ave10003+NYObrien Pl+10003|NYObrien Pl10003'
-73.8708,40.7298,0,11,'NYAustin St10003|NYAustin St10003+NYEliot Ave+10003'
-73.8708,40.9073,0,1,'NYAqueduct Ave10003+NYKing Ave+10003'
-73.8707,40.7028,0,8,'NY79th St10003'
-73.8707,40.6819,0,18,'NYAtlantic Ave10003+NYHemlock St+10003|NYHemlock St10003'
-73.8707,40.7477,2,6,'NY95th St10003+NY40th Dr+10003|NY40th Dr10003'
-73.8707,40.6782,1,0,'NYCrescent St10003+NYLiberty Ave+10003'
-73.8707,40.6666,0,1,'NYHolly St10003+NYLoring Ave+10003'
-73.8707,40.7331,45,47,'NYHoffman Dr10003'
-73.8707,40.7213,0,15,'NY83rd Pl10003+NYPenelope Ave+10003'
-73.8707,40.7049,0,3,'NY79th Pl10003+NY78th Ave+10003'
-73.8707,40.9331,1,0,'NYValentine St10003+NYBennett Ave+10003|NYBennett Ave10003|NYBennett Ave10003+NYMidland Ave+10003'
-73.8706,40.8257,0,1,'NYFteley Ave10003|NYFteley Ave10003+NYSound View Ave+10003'
-73.8706,40.7439,0,1,'NY45th Ave10003|NY45th Ave10003+NY94th St+10003|NY94th St10003'
-73.8706,40.7403,0,64,'NY93rd St10003|NY93rd St10003+NY51st Ave+10003'
-73.8706,40.7090,1,8,'NYValentine Pl10003|NYValentine Pl10003+NY79th St+10003|NYValentine Pl10003+NYCooper Ave+10003|NY79th St10003|NY79th St10003+NYCooper Ave+10003'
-73.8706,40.7106,0,9,'NY80th St10003+NY68th Rd+10003|NY68th Rd10003'
-73.8706,40.7271,9,46,'NYWoodhaven Blvd10003+NY62nd Ave+10003|NY62nd Ave10003'
-73.8706,40.9285,1,1,'NYSweetfield Cir10003|NYSweetfield Cir10003+NYYonkers Ave+10003'
-73.8706,40.9045,0,3,'NYCox Ave10003+NYHarding Ave+10003'
-73.8706,40.6651,1,0,'NYStanley Ave10003+NYFountain Ave+10003'
-73.8706,40.7424,1,6,'NYAlstyne Ave10003'
-73.8706,40.8614,0,40,'NYBronx Park E10003+NYWaring Ave+10003|NYWaring Ave10003'
-73.8706,40.9315,0,1,'NYMidland Ave10003+NYYonkers Ave+10003'
-73.8706,40.6698,1,5,'NYEuclid Ave10003+NYDumont Ave+10003|NYDumont Ave10003'
-73.8706,40.8715,1,9,'NYBronx Park E10003|NYBronx Park E10003+NYBurke Ave+10003|NYBronx Park E10003+NYBronx Blvd+10003|NYBurke Ave10003|NYBurke Ave10003+NYBronx Blvd+10003|NYBronx Blvd10003'
-73.8706,40.7239,0,9,'NY63rd Ave10003+NY84th Pl+10003'
-73.8706,40.7687,3,16,'NY100th St10003+NY23rd Ave+10003'
-73.8705,40.7336,107,79,'NY59th Ave10003|NY59th Ave10003+NYState Hwy 25+10003|NY59th Ave10003+NYWoodhaven Blvd+10003|NY59th Ave10003+NYQueens Blvd+10003|NYState Hwy 2510002|NYState Hwy 2510002+NYWoodhaven Blvd+10002|NYWoodhaven Blvd10003|NYWoodhaven Blvd10003+NYQueens Blvd+10003'
-73.8705,40.8697,1,11,'NYAdee Ave10003'
-73.8705,40.7182,0,6,'NY82nd Pl10003|NY82nd Pl10003+NYFurmanville Ave+10003'
-73.8705,40.7432,0,7,'NY46th Ave10003|NY46th Ave10003+NY94th St+10003'
-73.8705,40.8248,0,2,'NYFteley Ave10003|NYFteley Ave10003+NYBruckner Blvd+10003'
-73.8705,40.8204,0,2,'NYMetcalf Ave10003+NYLafayette Ave+10003|NYLafayette Ave10003'
-73.8705,40.8680,0,4,'NYArnow Ave10003'
-73.8705,40.7197,1,13,'NY83rd St10003+NY64th Rd+10003'
-73.8705,40.8966,0,18,'NYKepler Ave10003'
-73.8705,40.8753,0,1,'NYMagenta St10003'
-73.8705,40.8633,0,36,'NYMace Ave10003'
-73.8705,40.8666,0,4,'NYBritton St10003'
-73.8704,40.6772,0,1,'NYCrescent St10003|NYCrescent St10003+NYS Conduit Blvd+10003'
-73.8704,40.8654,0,37,'NYAllerton Ave10003'
-73.8704,40.7373,2,135,'NY92nd St10003+NY55th Ave+10003'
-73.8704,40.7622,2,17,'NYAstoria Blvd10003+NY99th St+10003|NYAstoria Blvd10003+NY27th Ave+10003|NY99th St10003+NY27th Ave+10003|NY27th Ave10003'
-73.8704,40.6769,0,1,'NYCrescent St10003+NYGlenmore Ave+10003'
-73.8704,40.7491,1,18,'NYWarren St10003+NYRoosevelt Ave+10003'
-73.8704,40.8733,0,5,'NYRosewood St10003|NYRosewood St10003+NYBronx Blvd+10003'
-73.8704,40.7425,0,3,'NYAlstyne Ave10003+NY94th St+10003|NY94th St10003'
-73.8704,40.9697,0,1,'NYExecutive Blvd10003'
-73.8703,40.8241,1,5,'NYBanyer Pl10003|NYBanyer Pl10003+NYFteley Ave+10003'
-73.8703,40.7099,0,7,'NY80th St10003+NY69th Ave+10003|NY69th Ave10003'
-73.8703,40.8753,0,4,'NYMagenta St10003+NYBronx Blvd+10003'
-73.8703,40.8435,0,2,'NYMorris Park Ave10003+NYTaylor Ave+10003|NYTaylor Ave10003'
-73.8703,40.6842,0,7,'NYAutumn Ave10003+NYFulton St+10003'
-73.8703,40.6651,0,1,'NYStanley Ave10003+NYHolly St+10003|NYHolly St10003'
-73.8703,40.9080,1,0,'NYAqueduct Ave10003|NYAqueduct Ave10003+NYHillview Ave+10003'
-73.8703,40.9052,0,6,'NYDelano Ave10003|NYDelano Ave10003+NYHarding Ave+10003'
-73.8703,40.8756,0,1,'NYDuncomb Ave10003|NYDuncomb Ave10003+NYBronx Blvd+10003'
-73.8702,40.7262,19,94,'NY62nd Rd10003|NY62nd Rd10003+NYWoodhaven Blvd+10003'
-73.8702,40.7666,1,6,'NY100th St10003+NY24th Ave+10003'
-73.8702,40.7609,1,25,'NY99th St10003+NY31st Ave+10003'
-73.8701,40.8783,1,4,'NYBronx River Pkwy10003+NYE Gun Hill Rd+10003'
-73.8701,40.6907,0,3,'NYJamaica Ave10003+NYNichols Ave+10003|NYNichols Ave10003'
-73.8701,40.8272,0,21,'NYWatson Ave10003+NYCroes Ave+10003'
-73.8701,40.9054,1,4,'NYMcLean Ave10003+NYHarding Ave+10003'
-73.8701,40.9007,0,36,'NYE 240th St10003|NYE 240th St10003+NYVan Cortlandt Park E+10003'
-73.8701,40.8392,5,6,'NYBronx River Ave10003+NYE 180th St+10003|NYBronx River Ave10003+NYRosedale Ave+10003|NYE 180th St10003|NYE 180th St10003+NYRosedale Ave+10003|NYRosedale Ave10003'
-73.8701,40.8412,0,5,'NYVan Nest Ave10003+NYVan Buren St+10003'
-73.8701,40.6680,1,7,'NYEuclid Ave10003+NYLinden Blvd+10003'
-73.8701,40.8966,0,26,'NYE 234th St10003'
-73.8701,40.7660,1,1,'NYHumphrey St10003|NYHumphrey St10003+NY100th St+10003'
-73.8700,40.7463,1,12,'NY41st Rd10003|NY41st Rd10003+NY95th St+10003'
-73.8700,40.7232,0,13,'NY63rd Rd10003|NY63rd Rd10003+NY84th Pl+10003'
-73.8700,40.8380,1,6,'NYMansion St10003+NYRosedale Ave+10003'
-73.8700,40.7485,0,14,'NYWarren St10003+NY40th Rd+10003'
-73.8700,40.8308,0,17,'NYNoble Ave10003+NYWestchester Ave+10003'
-73.8700,40.8227,0,5,'NYStory Ave10003+NYFteley Ave+10003'
-73.8700,40.6865,0,10,'NYLincoln Ave10003+NYObrien Pl+10003'
-73.8700,40.8360,1,13,'NYCross Bronx Expy10002+NYRosedale Ave+10002'
-73.8700,40.8367,1,7,'NYMerrill St10003|NYMerrill St10003+NYRosedale Ave+10003'
-73.8700,40.6715,0,3,'NYPine St10003+NYBlake Ave+10003'
-73.8700,40.8266,0,1,'NYCroes Ave10003'
-73.8700,40.8183,0,3,'NYSeward Ave10003|NYSeward Ave10003+NYMetcalf Ave+10003'
-73.8700,40.8224,0,3,'NYFteley Ave10003'
-73.8699,40.7424,1,10,'NY94th St10003'
-73.8699,40.7093,3,17,'NY69th Rd10003|NY69th Rd10003+NY80th St+10003|NY69th Rd10003+NYCooper Ave+10003|NY80th St10003+NYCooper Ave+10003'
-73.8699,40.8348,0,9,'NYE 174th St10003+NYRosedale Ave+10003'
-73.8699,40.7315,1,8,'NYHor Harding Expressway en Eb10003'
-73.8699,40.8560,0,10,'NYBoston Rd10003|NYBoston Rd10003+NYBronx Park E+10003|NYBronx Park E10003'
-73.8699,40.7216,0,18,'NYPenelope Ave10003+NY84th St+10003'
-73.8698,40.8249,0,2,'NYBruckner Blvd10003+NYSound View Ave+10003'
-73.8698,40.7028,1,12,'NY79th Pl10003'
-73.8698,40.7459,0,4,'NY42nd Ave10003+NY95th St+10003|NY95th St10003'
-73.8698,40.7252,4,50,'NYWoodhaven Blvd10003+NY62nd Dr+10003'
-73.8698,40.8555,1,20,'NYBoston Rd10003|NYBoston Rd10003+NYBronx Park E+10003'
-73.8698,40.6822,0,2,'NYAutumn Ave10003+NYAtlantic Ave+10003'
-73.8698,40.6783,0,1,'NYHemlock St10003|NYHemlock St10003+NYLiberty Ave+10003'
-73.8698,40.7305,0,20,'NYWetherole St10003+NYEliot Ave+10003'
-73.8698,40.7085,1,11,'NY80th St10003+NY71st Ave+10003|NY71st Ave10003'
-73.8698,40.7645,1,7,'NYMcIntosh St10003|NYMcIntosh St10003+NY100th St+10003'
-73.8698,40.6667,0,1,'NYEuclid Ave10003+NYLoring Ave+10003'
-73.8697,40.7418,1,8,'NY49th Ave10003|NY49th Ave10003+NY94th St+10003'
-73.8697,40.9248,0,2,'NYAlida St10003|NYAlida St10003+NYSweetfield Cir+10003'
-73.8697,40.7355,6,26,'NY57th Ave10003+NY92nd St+10003'
-73.8697,40.7201,0,6,'NY83rd Pl10003+NY64th Rd+10003'
-73.8697,40.7496,10,94,'NY38th Ave10003|NY38th Ave10003+NYJunction Blvd+10003'
-73.8697,40.8394,1,1,'NYBronx River Ave10003'
-73.8697,40.7696,71,243,'NYDitmars Blvd10003'
-73.8696,40.8248,0,1,'NYBruckner Expy10001+NYSound View Ave+10001|NYI 27810001+NYSound View Ave+10001'
-73.8696,40.7279,1,34,'NY62nd Ave10003|NY62nd Ave10003+NYAlderton St+10003'
-73.8696,40.7459,0,3,'NY95th St10003|NY95th St10003+NY42nd Ave+10003'
-73.8696,40.7078,0,1,'NY80th St10003+NY71st Ave+10003|NY71st Ave10003'
-73.8696,40.6699,0,7,'NYPine St10003+NYDumont Ave+10003'
-73.8696,40.7688,10,27,'NY101st St10003|NY101st St10003+NYDitmars Blvd Sq+10003|NY101st St10003+NY23rd Ave+10003|NYDitmars Blvd Sq10003'
-73.8696,40.7667,2,5,'NYGilmore St10003|NYGilmore St10003+NY24th Ave+10003'
-73.8696,40.8440,0,6,'NYMorris Park Ave10003+NYGarfield St+10003|NYGarfield St10003'
-73.8696,40.7185,0,3,'NY83rd St10003|NY83rd St10003+NYFurmanville Ave+10003'
-73.8696,40.7323,13,6,'NYHor Harding Expressway en Eb10003|NYHor Harding Expressway en Eb10003+NYHor Harding Expressway en Eb+10003'
-73.8696,40.6812,0,4,'NYGlen St10003|NYGlen St10003+NYAutumn Ave+10003'
-73.8696,40.7226,0,7,'NYDana Ct10003|NYDana Ct10003+NY84th Pl+10003'
-73.8695,40.8577,0,8,'NYBarker Ave10003'
-73.8695,40.8161,1,6,'NYMetcalf Ave10003|NYMetcalf Ave10003+NYRandall Ave+10003|NYRandall Ave10003'
-73.8695,40.7631,0,11,'NYKearney St10003|NYKearney St10003+NY100th St+10003'
-73.8695,40.8583,0,3,'NYBarker Ave10003+NYReiss Pl+10003|NYReiss Pl10003'
-73.8695,40.9060,0,2,'NYHarding Ave10003+NYKing Ave+10003'
-73.8695,40.9350,0,1,'NYSummerfield St10003|NYSummerfield St10003+NYCook Ave+10003'
-73.8695,40.6844,0,18,'NYLincoln Ave10003+NYFulton St+10003'
-73.8695,40.7412,0,4,'NY50th Ave10003+NY94th St+10003'
-73.8695,40.8246,0,4,'NYBruckner Blvd10003+NYCroes Ave+10003|NYBruckner Blvd10003+NYSound View Ave+10003|NYCroes Ave10003|NYCroes Ave10003+NYSound View Ave+10003'
-73.8695,40.7627,0,4,'NY100th St10003+NY27th Ave+10003'
-73.8694,40.7048,0,2,'NY79th Ln10003'
-73.8694,40.8781,0,3,'NYBronx Blvd10003+NYE Gun Hill Rd+10003'
-73.8694,40.7492,9,40,'NYJunction Blvd10003+NYRoosevelt Ave+10003'
-73.8694,40.6769,0,4,'NYHemlock St10003|NYHemlock St10003+NYS Conduit Blvd+10003'
-73.8694,40.8326,1,28,'NYE 172nd St10003+NYRosedale Ave+10003'
-73.8694,40.8242,0,2,'NYCroes Ave10003+NYBanyer Pl+10003'
-73.8694,40.6805,0,2,'NYAutumn Ave10003+NYWeldon St+10003|NYWeldon St10003'
-73.8694,40.8416,2,4,'NYVan Nest Ave10003+NYMelville St+10003'
-73.8694,40.7045,0,6,'NY79th Ln10003+NY78th Rd+10003|NY78th Rd10003'
-73.8694,40.6652,1,3,'NYEuclid Ave10003+NYStanley Ave+10003'
-73.8694,40.7311,0,11,'NYBooth St10003+NYEliot Ave+10003'
-73.8693,40.8395,2,4,'NYAdams St10003'
-73.8693,40.7620,0,7,'NYAstoria Blvd10003+NY100th St+10003'
-73.8693,40.8706,0,6,'NYLester St10003'
-73.8693,40.8566,2,22,'NYBoston Rd10003+NYPelham Pkwy S+10003|NYPelham Pkwy S10003'
-73.8693,40.7244,3,41,'NY63rd Ave10003+NYWoodhaven Blvd+10003'
-73.8693,40.7452,0,6,'NY95th St10003|NY95th St10003+NY43rd Ave+10003'
-73.8693,40.8697,0,6,'NYBarker Ave10003'
-73.8693,40.6798,1,0,'NYAutumn Ave10003+NYMcKinley Ave+10003|NYMcKinley Ave10003'
-73.8692,40.7406,0,15,'NY51st Ave10003+NY94th St+10003'
-73.8692,40.8679,0,16,'NYBarker Ave10003|NYBarker Ave10003+NYArnow Ave+10003'
-73.8692,40.6685,1,3,'NYPine St10003+NYLinden Blvd+10003'
-73.8692,40.7278,0,6,'NY62nd Ave10003|NY62nd Ave10003+NYAlderton St+10003'
-73.8692,40.9190,0,1,'NYCentral Park Ave10003+NYHolly St+10003|NYHolly St10003'
-73.8692,40.7667,0,14,'NY101st St10003|NY101st St10003+NY24th Ave+10003'
-73.8692,40.7629,0,6,'NYKearney St10003+NY27th Ave+10003'
-73.8692,40.8484,0,2,'NYBirchall Ave10003|NYBirchall Ave10003+NYUnionport Rd+10003|NYUnionport Rd10003'
-73.8692,40.8492,0,10,'NYUnionport Rd10003+NYSagamore St+10003|NYSagamore St10003'
-73.8692,40.8396,0,3,'NYCommonwealth Ave10003'
-73.8692,40.7488,2,17,'NYJunction Blvd10003+NY40th Rd+10003|NY40th Rd10003'
-73.8692,40.8763,0,2,'NYBarker Ave10003|NYBarker Ave10003+NYDuncomb Ave+10003'
-73.8692,40.8273,0,16,'NYWatson Ave10003+NYNoble Ave+10003|NYNoble Ave10003'
-73.8692,40.7341,7,29,'NY59th Ave10003+NY92nd St+10003'
-73.8692,40.8537,0,34,'NYBronx Park E10003+NYMaran Pl+10003|NYMaran Pl10003'
-73.8692,40.7029,0,2,'NY79th Ln10003'
-73.8692,40.6758,1,10,'NYHemlock St10003+NYPitkin Ave+10003'
-73.8691,40.8242,0,4,'NYBanyer Pl10003|NYBanyer Pl10003+NYSound View Ave+10003'
-73.8691,40.6791,0,4,'NYAutumn Ave10003+NYHill St+10003|NYHill St10003'
-73.8691,40.8228,0,2,'NYStory Ave10003+NYCroes Ave+10003|NYCroes Ave10003'
-73.8691,40.6863,0,9,'NYNichols Ave10003+NYRidgewood Ave+10003'
-73.8691,40.7280,0,1,'NY62nd Ave10003'
-73.8691,40.8361,2,8,'NYCross Bronx Svc Rd N10006+NYCommonwealth Ave+10006|NYCommonwealth Ave10003'
-73.8691,40.7220,0,13,'NYPenelope Ave10003+NY84th Pl+10003'
-73.8691,40.9065,0,6,'NYHillview Ave10003+NYHarding Ave+10003|NYHarding Ave10003'
-73.8691,40.6716,0,9,'NYCrescent St10003+NYBlake Ave+10003'
-73.8691,40.7245,2,7,'NYFitchett St10003|NYFitchett St10003+NY63rd Ave+10003'
-73.8691,40.7069,0,3,'NY81st St10003|NY81st St10003+NY80th St+10003|NY81st St10003+NY77th Ave+10003|NY80th St10003+NY77th Ave+10003|NY77th Ave10003'
-73.8690,40.7029,1,6,'NYMyrtle Ave10003+NYForest Pkwy+10003|NYForest Pkwy10002'
-73.8690,40.8355,0,13,'NYCross Bronx Exwy Svc Rd10006+NYCommonwealth Ave+10006|NYCommonwealth Ave10003|NYCommonwealth Ave10003+NYCross Bronx Expy+10003'
-73.8690,40.6910,0,5,'NYJamaica Ave10003+NYGrant Ave+10003|NYGrant Ave10003'
-73.8690,40.6636,1,3,'NYEuclid Ave10003|NYEuclid Ave10003+NYWortman Ave+10003'
-73.8690,40.9016,0,62,'NYE 241st St10003|NYE 241st St10003+NYVan Cortlandt Park E+10003'
-73.8690,40.8348,0,1,'NYE 174th St10003+NYCommonwealth Ave+10003'
-73.8690,40.7399,1,29,'NY52nd Ave10003+NY94th St+10003'
-73.8690,40.8184,0,3,'NYCroes Pl10003|NYCroes Pl10003+NYSeward Ave+10003'
-73.8690,40.7649,2,10,'NY25th Ave10003+NYHumphrey St+10003'
-73.8690,40.7336,11,26,'NY92nd St10003'
-73.8690,40.6824,0,5,'NYLincoln Ave10003+NYAtlantic Ave+10003'
-73.8689,40.8469,0,3,'NYUnionport Rd10003|NYUnionport Rd10003+NYRhinelander Ave+10003|NYRhinelander Ave10003'
-73.8689,40.7484,8,19,'NYJunction Blvd10003+NY40th Rd+10003|NY40th Rd10003'
-73.8689,40.7318,2,53,'NYSaunders St10003|NYSaunders St10003+NYEliot Ave+10003'
-73.8689,40.8444,2,8,'NYMorris Park Ave10003+NYFillmore St+10003|NYFillmore St10003'
-73.8689,40.7204,0,10,'NY84th St10003+NY64th Rd+10003'
-73.8689,40.8206,0,2,'NYClason Point Ln10003|NYClason Point Ln10003+NYLafayette Ave+10003'
-73.8689,40.8572,5,2,'NYBoston Rd10003|NYBoston Rd10003+NYUS Hwy 1+10003|NYBoston Rd10003+NYBronx and Pelham Pkwy+10003|NYBoston Rd10003+NYBoston Rd+10003|NYUS Hwy 110002+NYBronx and Pelham Pkwy+10002|NYBronx and Pelham Pkwy10003|NYBronx and Pelham Pkwy10003+NYBoston Rd+10003|NYBronx and Pelham Pkwy10003+NYBronx and Pelham Pkwy+10003|NYBoston Rd10002|NYBoston Rd10002+NYBronx and Pelham Pkwy+10002|NYBronx and Pelham Pkwy10002'
-73.8689,40.6784,1,3,'NYAutumn Ave10003+NYLiberty Ave+10003'
-73.8688,40.8786,0,4,'NYE 211th St10003|NYE 211th St10003+NYBronx Blvd+10003'
-73.8688,40.7329,12,21,'NYI 49510001+NYQueens Blvd+10001|NYLong Island Expy10001+NYQueens Blvd+10001'
-73.8688,40.7499,1,41,'NY97th St10003+NY38th Ave+10003'
-73.8688,40.7061,0,4,'NY80th St10003+NY77th Rd+10003|NY77th Rd10003'
-73.8688,40.7276,0,28,'NY62nd Rd10003|NY62nd Rd10003+NYAlderton St+10003'
-73.8688,40.7189,0,8,'NY83rd Pl10003|NY83rd Pl10003+NYFurmanville Ave+10003'
-73.8688,40.7238,2,25,'NYWoodhaven Blvd10003+NY63rd Rd+10003|NY63rd Rd10003'
-73.8688,40.7286,0,18,'NY62nd Ave10003'
-73.8688,40.7696,383,48,'NYla Guardia Arpt Entrance10006'
-73.8687,40.6948,4,2,'NYPark Ln S10003'
-73.8687,40.8524,1,16,'NYBronx Park E10003+NYBrady Ave+10003|NYBrady Ave10003'
-73.8687,40.7392,2,41,'NY53rd Ave10003+NY94th St+10003'
-73.8687,40.8544,1,20,'NYBolton St10003'
-73.8687,40.8421,0,5,'NYTaylor Ave10003+NYVan Nest Ave+10003'
-73.8687,40.6846,0,18,'NYNichols Ave10003+NYFulton St+10003'
-73.8687,40.6701,0,6,'NYDumont Ave10003+NYCrescent St+10003'
-73.8687,40.7462,0,6,'NY42nd Ave10003+NYWarren St+10003|NYWarren St10003'
-73.8687,40.6771,0,1,'NYAutumn Ave10003|NYAutumn Ave10003+NYN Conduit Blvd+10003'
-73.8687,40.7689,13,36,'NY102nd St10003|NY102nd St10003+NY23rd Ave+10003'
-73.8687,40.6998,1,4,'NYInterborough Pkwy10002+NYForest Park Dr+10002|NYInterborough Pkwy10002+NYForest Pkwy+10002|NYForest Park Dr10003|NYForest Park Dr10003+NYForest Pkwy+10003|NYForest Pkwy10002'
-73.8686,40.7066,0,5,'NY81st St10003+NY77th Ave+10003|NY77th Ave10003'
-73.8686,40.8566,1,44,'NYBolton St10003|NYBolton St10003+NYPelham Pkwy S+10003'
-73.8686,40.8578,3,5,'NYOlinville Ave10003'
-73.8686,40.8521,1,4,'NYBronx Park E10003+NYBronxdale Ave+10003|NYBronxdale Ave10003'
-73.8686,40.7054,0,5,'NY80th St10003+NY78th Ave+10003'
-73.8686,40.6577,0,6,'NYVandalia Ave10003|NYVandalia Ave10003+NYVandalia Ave+10003|NYVandalia Ave10003+NYOld Vandalia Ave+10003|NYVandalia Ave10003+NYErskine Loop+10003|NYVandalia Ave10003+NYErskine St+10003|NYOld Vandalia Ave10003|NYOld Vandalia Ave10003+NYErskine Loop+10003|NYOld Vandalia Ave10003+NYErskine St+10003|NYErskine Loop10003|NYErskine St10003'
-73.8686,40.6937,0,2,'NYDexter Ct10003|NYDexter Ct10003+NY85th Rd+10003|NY85th Rd10003'
-73.8686,40.7214,0,10,'NY84th Pl10003+NYFleet Ct+10003|NYFleet Ct10003'
-73.8686,40.8206,0,3,'NYCroes Ave10003|NYCroes Ave10003+NYLafayette Ave+10003'
-73.8686,40.8588,1,58,'NYOlinville Ave10003+NYThwaites Pl+10003'
-73.8686,40.7377,0,16,'NY55th Ave10003+NY94th St+10003|NY94th St10003'
-73.8685,40.7689,96,48,'NYDitmars Blvd10003|NYDitmars Blvd10003+NYDitmars Blvd Sq+10003|NYDitmars Blvd10003+NY23rd Ave+10003|NYDitmars Blvd Sq10003|NY23rd Ave10003'
-73.8685,40.6772,0,1,'NYAutumn Ave10003+NYGlenmore Ave+10003'
-73.8685,40.7476,2,12,'NY41st Ave10003|NY41st Ave10003+NYJunction Blvd+10003'
-73.8685,40.6733,1,19,'NYHemlock St10003+NYSutter Ave+10003'
-73.8685,40.7633,5,20,'NYMcIntosh St10003+NY27th Ave+10003'
-73.8685,40.7290,0,74,'NYAustin St10003+NY62nd Ave+10003'
-73.8685,40.7679,3,7,'NY23rd Rd10003|NY23rd Rd10003+NY102nd St+10003'
-73.8685,40.9195,0,2,'NYCentral Park Ave10003+NYBorcher Ave+10003|NYBorcher Ave10003'
-73.8685,40.7046,0,8,'NY80th St10003+NY78th Rd+10003'
-73.8685,40.7385,0,28,'NY94th St10003+NY54th Ave+10003'
-73.8685,40.7493,0,21,'NY97th St10003+NYRoosevelt Ave+10003'
-73.8685,40.6653,0,1,'NYStanley Ave10003+NYPine St+10003'
-73.8684,40.8200,0,1,'NYCroes Ave10003+NYCroes Pl+10003|NYCroes Pl10003'
-73.8684,40.7470,0,13,'NYJunction Blvd10003+NY41st Ave+10003|NY41st Ave10003'
-73.8684,40.6803,0,6,'NYMcKinley Ave10003+NYLincoln Ave+10003'
-73.8684,40.7327,5,18,'NYState Hwy 2510002+NYHor Harding Expressway en Eb+10002|NYQueens Blvd10002+NYHor Harding Expressway en Eb+10002'
-73.8684,40.7233,2,20,'NYEverton St10003|NYEverton St10003+NYWoodhaven Blvd+10003'
-73.8684,40.8706,0,2,'NYLester St10003'
-73.8684,40.8578,3,17,'NYUS Hwy 110002+NYPelham Pkwy N+10002|NYBoston Rd10002+NYPelham Pkwy N+10002'
-73.8684,40.8490,0,4,'NYBirchall Ave10003+NYSagamore St+10003'
-73.8684,40.6620,0,1,'NYFountain Ave10003+NYCozine Ave+10003'
-73.8684,40.6882,1,6,'NYEtna St10003+NYGrant Ave+10003'
-73.8684,40.9470,0,1,'NYRamsey Ave10003+NYJessamine Ave+10003'
-73.8683,40.8666,0,25,'NYOlinville Ave10003+NYBritton St+10003'
-73.8683,40.6687,0,3,'NYLinden Blvd10002+NYCrescent St+10002'
-73.8683,40.7331,1,2,'NYQn Midtown Expressway en Wb10001'
-73.8683,40.8400,0,3,'NYSaint Lawrence Ave10003'
-73.8683,40.7669,0,4,'NY102nd St10003|NY102nd St10003+NY24th Ave+10003'
-73.8683,40.6933,0,5,'NYDexter Ct10003+NY85th Dr+10003|NY85th Dr10003'
-73.8683,40.7250,0,6,'NYCarlton St10003|NYCarlton St10003+NY63rd Ave+10003'
-73.8683,40.8234,1,2,'NYNoble Ave10003|NYNoble Ave10003+NYSound View Ave+10003'
-73.8683,40.7463,1,14,'NY42nd Ave10003+NYJunction Blvd+10003'
-73.8683,40.7618,0,4,'NYKearney St10003|NYKearney St10003+NYAstoria Blvd+10003|NYKearney St10003+NY101st St+10003|NYAstoria Blvd10003+NY101st St+10003|NY101st St10003'
-73.8682,40.8706,0,6,'NYOlinville Ave10003+NYLester St+10003|NYLester St10003'
-73.8682,40.7030,2,4,'NY80th St10003'
-73.8682,40.8405,0,2,'NYMelville St10003'
-73.8682,40.8509,0,10,'NYBronx Park E10003+NYUnionport Rd+10003|NYUnionport Rd10003'
-73.8682,40.6759,2,3,'NYPitkin Ave10003+NYAutumn Ave+10003'
-73.8682,40.7368,1,24,'NY94th St10003|NY94th St10003+NY56th Ave+10003'
-73.8682,40.9328,0,1,'NYHayward St10003|NYHayward St10003+NYValentine St+10003'
-73.8682,40.7653,1,9,'NYGilmore St10003+NY25th Ave+10003'
-73.8682,40.8732,1,17,'NYOlinville Ave10003+NYRosewood St+10003'
-73.8682,40.7231,6,24,'NYWoodhaven Blvd10003+NYDana Ct+10003|NYDana Ct10003'
-73.8682,40.7378,1,11,'NY55th Ave10003+NY94th St+10003|NY94th St10003'
-73.8682,40.8229,0,5,'NYStory Ave10003+NYNoble Ave+10003'
-73.8682,40.6617,0,2,'NYFountain Ave10003+NYOld Mill Rd+10003|NYOld Mill Rd10003'
-73.8682,40.9280,0,1,'NYHayward St10003+NYCalmet Pl+10003|NYCalmet Pl10003'
-73.8682,40.8361,0,4,'NYGuion Pl10003'
-73.8681,40.8314,0,24,'NYCommonwealth Ave10003+NYWestchester Ave+10003'
-73.8681,40.9698,0,2,'NYMayfair Rd10003'
-73.8681,40.7326,5,61,'NYHorace Harding Blvd10003|NYHorace Harding Blvd10003+NYState Hwy 25+10003|NYHorace Harding Blvd10003+NYEliot Ave+10003|NYHorace Harding Blvd10003+NYQueens Blvd+10003|NYState Hwy 2510002+NYEliot Ave+10002|NYEliot Ave10003|NYEliot Ave10003+NYQueens Blvd+10003'
-73.8681,40.6827,1,5,'NYNichols Ave10003|NYNichols Ave10003+NYSheridan Ave+10003|NYNichols Ave10003+NYAtlantic Ave+10003|NYSheridan Ave10003'
-73.8681,40.7611,3,17,'NY101st St10003+NY31st Ave+10003'
-73.8681,40.8801,0,1,'NYE 213th St10003|NYE 213th St10003+NYBronx Blvd+10003'
-73.8681,40.8448,0,6,'NYMorris Park Ave10003+NYUnionport Rd+10003|NYUnionport Rd10003'
-73.8681,40.8185,0,6,'NYCroes Ave10003|NYCroes Ave10003+NYSeward Ave+10003'
-73.8681,40.7486,0,3,'NY97th St10003+NY40th Rd+10003'
-73.8681,40.7208,0,9,'NY64th Rd10003+NY84th Pl+10003'
-73.8681,40.9023,0,28,'NYE 242nd St10003|NYE 242nd St10003+NYKatonah Ave+10003'
-73.8681,40.8771,0,6,'NYOlinville Ave10003+NYDuncomb Ave+10003|NYDuncomb Ave10003'
-73.8681,40.8774,0,1,'NYOlinville Ave10003+NYDuncomb Ave+10003|NYDuncomb Ave10003'
-73.8681,40.6912,0,1,'NYJamaica Ave10003|NYJamaica Ave10003+NYJamaica Ave+10003|NYJamaica Ave10003+NYEldert Ln+10003|NYEldert Ln10003'
-73.8680,40.8784,0,8,'NYOlinville Ave10003+NYE 211th St+10003|NYE 211th St10003'
-73.8680,40.9026,0,8,'NYKatonah Ave10003|NYKatonah Ave10003+NYVan Cortlandt Park E+10003'
-73.8680,40.6786,0,2,'NYLincoln Ave10003|NYLincoln Ave10003+NYLiberty Ave+10003'
-73.8680,40.7297,0,19,'NYWetherole St10003+NY62nd Ave+10003'
-73.8680,40.8348,1,4,'NYSaint Lawrence Ave10003+NYE 174th St+10003'
-73.8680,40.8425,1,4,'NYVan Nest Ave10003+NYGarfield St+10003'
-73.8680,40.6866,0,5,'NYGrant Ave10003+NYRidgewood Ave+10003'
-73.8680,40.7502,1,28,'NY38th Ave10003+NY98th St+10003'
-73.8680,40.7193,0,2,'NY84th St10003|NY84th St10003+NYFurmanville Ave+10003'
-73.8680,40.7662,0,4,'NYEricsson St10003+NY24th Rd+10003|NY24th Rd10003'
-73.8679,40.7273,1,16,'NY62nd Dr10003|NY62nd Dr10003+NYAlderton St+10003'
-73.8679,40.6786,0,2,'NYLincoln Ave10003|NYLincoln Ave10003+NYLiberty Ave+10003'
-73.8679,40.9447,0,1,'NYBriggs Ave10003+NYFortfield Ave+10003'
-73.8679,40.7449,1,6,'NYJunction Blvd10003+NY44th Ave+10003'
-73.8679,40.6905,1,3,'NYEldert Ln10003+NY87th Ave+10003|NY87th Ave10003'
-73.8679,40.8217,0,1,'NYClason Point Ln10003|NYClason Point Ln10003+NYNoble Ave+10003'
-73.8679,40.7257,0,35,'NYBourton St10003|NYBourton St10003+NY63rd Ave+10003'
-73.8679,40.9030,0,1,'NYKimball Ave10003|NYKimball Ave10003+NYParkway N+10003|NYKimball Ave10003+NYVan Cortlandt Park E+10003|NYParkway N10003|NYParkway N10003+NYVan Cortlandt Park E+10003|NYVan Cortlandt Park E10003'
-73.8678,40.9200,0,2,'NYCrotty Ave10003|NYCrotty Ave10003+NYCentral Park Ave+10003'
-73.8678,40.7447,1,6,'NYJunction Blvd10003+NY45th Ave+10003'
-73.8678,40.8585,5,10,'NYUS Hwy 110002+NYThwaites Pl+10002|NYBoston Rd10002+NYThwaites Pl+10002|NYThwaites Pl10003'
-73.8678,40.7369,0,19,'NY94th St10003|NY94th St10003+NY56th Ave+10003'
-73.8678,40.9559,0,1,'NYRockne Rd10003'
-73.8678,40.8499,0,2,'NYBronx Park E10003|NYBronx Park E10003+NYBirchall Ave+10003|NYBirchall Ave10003'
-73.8678,40.8516,3,28,'NYBronxdale Ave10003+NYWhite Plains Rd+10003'
-73.8678,40.8449,1,12,'NYAmethyst St10003|NYAmethyst St10003+NYMorris Park Ave+10003|NYAmethyst St10003+NYUnionport Rd+10003|NYMorris Park Ave10003+NYUnionport Rd+10003|NYUnionport Rd10003'
-73.8678,40.9032,0,13,'NYSt Marks Pl10003|NYSt Marks Pl10003+NYKimball Ave+10003'
-73.8678,40.6898,0,3,'NY87th Rd10003|NY87th Rd10003+NYEldert Ln+10003'
-73.8678,40.7054,0,11,'NY81st St10003+NY78th Ave+10003'
-73.8678,40.7673,7,271,'NYCurtis St10003|NYCurtis St10003+NY24th Ave+10003'
-73.8677,40.8473,0,2,'NYVictor St10003|NYVictor St10003+NYRhinelander Ave+10003'
-73.8677,40.8252,0,13,'NYBruckner Blvd10003+NYRosedale Ave+10003'
-73.8677,40.7440,0,8,'NYJunction Blvd10003+NY46th Ave+10003'
-73.8677,40.8251,0,1,'NYBruckner Expy10001+NYRosedale Ave+10001|NYI 27810001+NYRosedale Ave+10001'
-73.8677,40.7227,14,55,'NYPenelope Ave10003+NYWoodhaven Blvd+10003'
-73.8677,40.6621,0,6,'NYPine St10003|NYPine St10003+NYCozine Ave+10003'
-73.8677,40.8208,0,6,'NYNoble Ave10003+NYLafayette Ave+10003'
-73.8677,40.8777,0,16,'NYDuncomb Ave10003|NYDuncomb Ave10003+NYE Gun Hill Rd+10003'
-73.8676,40.7684,357,1245,'NYDitmars Blvd10003+NY23rd Rd+10003|NY23rd Rd10003'
-73.8676,40.6891,0,2,'NYEldert Ln10003+NY88th Ave+10003|NY88th Ave10003'
-73.8676,40.6773,0,3,'NYLincoln Ave10003+NYGlenmore Ave+10003'
-73.8676,40.7303,1,39,'NYBooth St10003+NY62nd Ave+10003'
-73.8676,40.9036,2,22,'NYKimball Ave10003+NYCox Ave+10003|NYCox Ave10003'
-73.8676,40.7327,13,31,'NYHorace Harding Blvd10003+NYQn Midtown Expressway en Wb+10003|NYQn Midtown Expressway en Wb10003'
-73.8676,40.8248,0,23,'NYBruckner Blvd10003+NYRosedale Ave+10003'
-73.8676,40.7202,0,4,'NYGoldington Ct10003|NYGoldington Ct10003+NY84th Pl+10003'
-73.8676,40.6850,1,6,'NYGrant Ave10003+NYFulton St+10003'
-73.8676,40.7409,4,22,'NYJunction Blvd10003+NY51st Ave+10003|NY51st Ave10003'
-73.8676,40.6921,0,4,'NYDexter Ct10003+NY86th Rd+10003|NY86th Rd10003'
-73.8675,40.7362,5,78,'NY57th Ave10003+NY94th St+10003'
-73.8675,40.8328,0,11,'NYSaint Lawrence Ave10003+NYE 172nd St+10003'
-73.8675,40.8596,0,8,'NYAstor Ave10003'
-73.8675,40.9040,1,5,'NYMcLean Ave10003+NYKimball Ave+10003'
-73.8675,40.6655,1,15,'NYStanley Ave10003+NYCrescent St+10003'
-73.8675,40.7494,3,12,'NY39th Ave10003|NY39th Ave10003+NY98th St+10003|NY39th Ave10003+NYRoosevelt Ave+10003|NY98th St10003+NYRoosevelt Ave+10003'
-73.8675,40.7657,2,14,'NY25th Ave10003+NYEricsson St+10003'
-73.8675,40.7433,4,16,'NYJunction Blvd10003+NYAlstyne Ave+10003'
-73.8675,40.9167,1,3,'NYKimball Ter10003'
-73.8675,40.9048,0,6,'NYKimball Ave10003+NYKing Ave+10003|NYKing Ave10003'
-73.8675,40.7263,1,21,'NY63rd Ave10003+NYHaring St+10003|NYHaring St10003'
-73.8675,40.6767,0,2,'NYLincoln Ave10003|NYLincoln Ave10003+NYN Conduit Blvd+10003'
-73.8675,40.7574,8,93,'NYNorthern Blvd10002+NY101st St+10002'
-73.8675,40.6884,0,5,'NYEtna St10003|NYEtna St10003+NYEldert Ln+10003|NYEtna St10003+NY88th Rd+10003|NYEldert Ln10003+NY88th Rd+10003|NY88th Rd10003'
-73.8674,40.8420,0,1,'NYMead St10003|NYMead St10003+NYGarfield St+10003'
-73.8674,40.8488,0,5,'NYSagamore St10003'
-73.8674,40.6688,0,2,'NYHemlock St10003|NYHemlock St10003+NYState Rte 27+10003|NYHemlock St10003+NYLinden Blvd+10003'
-73.8674,40.8403,0,7,'NYBeach Ave10003'
-73.8674,40.8408,0,2,'NYTaylor Ave10003'
-73.8674,40.7333,5,4,'NYQn Midtown Expressway en Wb10001'
-73.8674,40.8776,0,10,'NYWillett Ave10003|NYWillett Ave10003+NYE Gun Hill Rd+10003'
-73.8674,40.6940,0,7,'NY75th St10003|NY75th St10003+NY85th Rd+10003|NY85th Rd10003'
-73.8674,40.8487,0,19,'NYSagamore St10003'
-73.8674,40.8390,0,3,'NYGuerlain St10003|NYGuerlain St10003+NYBeach Ave+10003'
-73.8674,40.7474,0,5,'NY97th St10003|NY97th St10003+NY41st Ave+10003'
-73.8673,40.7223,5,12,'NY63rd Dr10003|NY63rd Dr10003+NYWoodhaven Blvd+10003'
-73.8673,40.8596,0,10,'NYUS Hwy 110002+NYAstor Ave+10002|NYBoston Rd10002+NYAstor Ave+10002'
-73.8673,40.7403,0,8,'NYJunction Blvd10003+NY52nd Ave+10003|NY52nd Ave10003'
-73.8673,40.8666,1,19,'NYBritton St10003'
-73.8673,40.8380,0,2,'NYMansion St10003|NYMansion St10003+NYBeach Ave+10003'
-73.8673,40.9202,1,4,'NYCentral Park Ave S10003|NYCentral Park Ave S10003+NYCentral Park Ave+10003|NYCentral Park Ave S10003+NYChamberlain Ave+10003|NYCentral Park Ave10003|NYCentral Park Ave10003+NYChamberlain Ave+10003|NYChamberlain Ave10003'
-73.8673,40.8429,1,4,'NYVan Nest Ave10003+NYFillmore St+10003|NYFillmore St10003'
-73.8673,40.7617,0,5,'NYAstoria Blvd10003+NY102nd St+10003|NY102nd St10003'
-73.8673,40.8679,1,14,'NYWhite Plains Rd10003+NYArnow Ave+10003'
-73.8673,40.8276,0,18,'NYWatson Ave10003+NYCommonwealth Ave+10003|NYCommonwealth Ave10003'
-73.8673,40.8798,0,48,'NYOlinville Ave10003+NYE 213th St+10003'
-73.8673,40.8375,0,11,'NYArcher St10003|NYArcher St10003+NYBeach Ave+10003'
-73.8673,40.6761,3,3,'NYPitkin Ave10003+NYLincoln Ave+10003|NYPitkin Ave10003+NYS Conduit Blvd+10003|NYLincoln Ave10003|NYLincoln Ave10003+NYS Conduit Blvd+10003'
-73.8673,40.8316,0,10,'NYSaint Lawrence Ave10003+NYWestchester Ave+10003'
-73.8673,40.7489,1,4,'NY40th Rd10003|NY40th Rd10003+NY98th St+10003'
-73.8672,40.7031,1,2,'NY81st St10003'
-73.8672,40.9059,0,7,'NYKimball Ave10003+NYHillview Ave+10003|NYHillview Ave10003'
-73.8672,40.7667,2,12,'NY24th Rd10003|NY24th Rd10003+NYCurtis St+10003'
-73.8672,40.7612,1,10,'NY102nd St10003+NY31st Ave+10003'
-73.8672,40.6719,0,7,'NYBlake Ave10003+NYAutumn Ave+10003'
-73.8672,40.7310,0,97,'NYSaunders St10003+NY62nd Ave+10003'
-73.8672,40.6913,0,1,'NYJamaica Ave10003+NYDexter Ct+10003|NYDexter Ct10003'
-73.8672,40.8705,0,8,'NYLester St10003'
-73.8672,40.7355,0,31,'NY94th St10003+NY58th Ave+10003|NY58th Ave10003'
-73.8672,40.6935,0,5,'NY75th St10003+NY85th Dr+10003|NY85th Dr10003'
-73.8672,40.6605,0,1,'NYFountain Ave10003+NYFlatlands Ave+10003'
-73.8672,40.7196,0,2,'NYFurmanville Ave10003+NY84th Pl+10003|NY84th Pl10003'
-73.8672,40.8186,0,1,'NYSeward Ave10003+NYNoble Ave+10003|NYNoble Ave10003'
-73.8672,40.6829,0,9,'NYGrant Ave10003+NYAtlantic Ave+10003'
-73.8672,40.6787,0,3,'NYSheridan Ave10003|NYSheridan Ave10003+NYLiberty Ave+10003'
-73.8671,40.6639,0,2,'NYWortman Ave10003+NYCrescent St+10003'
-73.8671,40.7398,0,5,'NYJunction Blvd10003+NYChristie Ave+10003|NYChristie Ave10003'
-73.8671,40.7505,1,14,'NY38th Ave10003+NY99th St+10003'
-73.8671,40.8367,0,12,'NYMerrill St10003|NYMerrill St10003+NYBeach Ave+10003'
-73.8671,40.7221,2,27,'NYWoodhaven Blvd10003+NYFleet Ct+10003|NYFleet Ct10003'
-73.8671,40.7474,0,4,'NY97th Pl10003|NY97th Pl10003+NY41st Ave+10003'
-73.8671,40.8743,0,4,'NYBartholdi St10003'
-73.8671,40.7270,1,28,'NY63rd Ave10003+NYAlderton St+10003'
-73.8671,40.8823,1,3,'NYE 216th St10003|NYE 216th St10003+NYBronx Blvd+10003'
-73.8670,40.9442,0,1,'NYFortfield Ave10003'
-73.8670,40.7396,1,11,'NYJunction Blvd10003+NY53rd Ave+10003|NY53rd Ave10003'
-73.8670,40.7066,0,10,'NY82nd St10003|NY82nd St10003+NY77th Ave+10003'
-73.8670,40.8223,0,18,'NYRosedale Ave10003+NYSound View Ave+10003'
-73.8670,40.6868,0,4,'NYEldert Ln10003+NYRockaway Blvd+10003|NYEldert Ln10003+NY90th Ave+10003|NYEldert Ln10003+NYRidgewood Ave+10003|NYRockaway Blvd10003|NYRockaway Blvd10003+NY90th Ave+10003|NYRockaway Blvd10003+NYRidgewood Ave+10003|NY90th Ave10003|NY90th Ave10003+NYRidgewood Ave+10003|NYRidgewood Ave10003'
-73.8670,40.8761,0,9,'NYWillett Ave10003'
-73.8670,40.8361,0,5,'NYGuion Pl10003|NYGuion Pl10003+NYBeach Ave+10003'
-73.8670,40.9025,0,4,'NYE 242 St10003|NYE 242 St10003+NYE 242nd St+10003|NYE 242 St10003+NY242nd St+10003|NYE 242nd St10003|NYE 242nd St10003+NY242nd St+10003|NY242nd St10003'
-73.8669,40.7230,0,20,'NY63rd Dr10003+NYEverton St+10003|NY63rd Dr10003+NYPenelope Ave+10003|NYEverton St10003|NYEverton St10003+NYPenelope Ave+10003|NYPenelope Ave10003'
-73.8669,40.7418,5,35,'NY50th Ave10003+NY96th St+10003|NY96th St10003'
-73.8669,40.7319,6,32,'NYState Hwy 2510002+NYQn Midtown Expressway en Wb+10002|NYQn Midtown Expressway en Wb10003|NYQn Midtown Expressway en Wb10003+NYQueens Blvd+10003'
-73.8669,40.9036,0,7,'NYMcLean Ave10003+NYAlexander Ave+10003|NYAlexander Ave10003'
-73.8669,40.8961,8,209,'NYKatonah Ave10003'
-73.8669,40.7544,4,103,'NY35th Ave10003+NY101st St+10003'
-73.8669,40.8451,2,27,'NYMorris Park Ave10003+NYVictor St+10003'
-73.8669,40.7055,0,21,'NY82nd St10003+NY78th Ave+10003'
-73.8669,40.8775,1,6,'NYDuncomb Ave10003|NYDuncomb Ave10003+NYWillett Ave+10003|NYDuncomb Ave10003+NYE Gun Hill Rd+10003|NYWillett Ave10003|NYWillett Ave10003+NYE Gun Hill Rd+10003'
-73.8669,40.6863,0,1,'NYRockaway Blvd10003|NYRockaway Blvd10003+NYEldert Ln+10003'
-73.8669,40.8414,0,3,'NYGarfield St10003+NYBaker Ave+10003|NYBaker Ave10003'
-73.8669,40.7616,0,1,'NY29th Ave10003|NY29th Ave10003+NYAstoria Blvd+10003|NY29th Ave10003+NYMcIntosh St+10003|NYAstoria Blvd10003+NYMcIntosh St+10003|NYMcIntosh St10003'
-73.8669,40.7348,6,108,'NY59th Ave10003+NY94th St+10003'
-73.8668,40.6703,0,3,'NYDumont Ave10003+NYAutumn Ave+10003'
-73.8668,40.7679,596,775,'NYDitmars Blvd10003+NY24th Ave+10003|NY24th Ave10003'
-73.8668,40.7712,39486,655,'NYla Guardia Arpt Entrance10006'
-73.8668,40.9512,0,2,'NYAlbemarle Pl10003|NYAlbemarle Pl10003+NYShelley Ave+10003'
-73.8668,40.6951,0,9,'NY76th St10003|NY76th St10003+NYPark Ln S+10003'
-73.8668,40.8348,0,4,'NYCross Bronx Exwy Svc Rd10006+NYE 174th St+10006|NYCross Bronx Exwy Svc Rd10006+NYBeach Ave+10006|NYE 174th St10003+NYCross Bronx Expy+10003|NYCross Bronx Expy10006+NYBeach Ave+10006|NYBeach Ave10003'
-73.8668,40.8509,0,15,'NYBronxdale Ave10003+NYCruger Ave+10003'
-73.8668,40.8613,2,11,'NYUS Hwy 110002+NYWaring Ave+10002|NYBoston Rd10002+NYWaring Ave+10002'
-73.8668,40.7389,3,40,'NYJunction Blvd10003+NY54th Ave+10003|NY54th Ave10003'
-73.8668,40.7468,0,4,'NY42nd Ave10003+NY97th Pl+10003'
-73.8668,40.7661,4,4,'NY25th Ave10003+NYCurtis St+10003'
-73.8667,40.8340,0,3,'NYMcGraw Ave10003|NYMcGraw Ave10003+NYBeach Ave+10003'
-73.8667,40.8536,4,92,'NYMaran Pl10003|NYMaran Pl10003+NYCruger Ave+10003'
-73.8667,40.6922,0,6,'NY75th St10003|NY75th St10003+NY86th Rd+10003'
-73.8667,40.6775,0,3,'NYSheridan Ave10003+NYGlenmore Ave+10003'
-73.8667,40.6529,0,7,'NYSeaview Ave10003|NYSeaview Ave10003+NYErskine Loop+10003|NYSeaview Ave10003+NYGateway Dr+10003|NYSeaview Ave10003+NYErskine St+10003|NYErskine Loop10003+NYGateway Dr+10003|NYGateway Dr10003|NYGateway Dr10003+NYErskine St+10003'
-73.8667,40.9073,0,1,'NYKimball Ave10003+NYWakefield Ave+10003|NYWakefield Ave10003'
-73.8667,40.8392,0,23,'NYTaylor Ave10003+NYGuerlain St+10003'
-73.8667,40.7318,4,24,'NYState Hwy 2510002+NY62nd Ave+10002|NY62nd Ave10003|NY62nd Ave10003+NYQueens Blvd+10003'
-73.8667,40.6735,0,15,'NYSutter Ave10003+NYLincoln Ave+10003'
-73.8667,40.7329,2,16,'NYHorace Harding Blvd10003+NY93rd St+10003|NY93rd St10003'
-73.8666,40.7496,0,7,'NY39th Ave10003+NY99th St+10003'
-73.8666,40.8566,2,50,'NYPelham Pkwy S10003+NYCruger Ave+10003|NYCruger Ave10003'
-73.8666,40.8412,0,1,'NYGarfield St10003'
-73.8666,40.7104,1,3,'NY83rd St10003|NY83rd St10003+NYCooper Ave+10003'
-73.8666,40.6656,0,1,'NYStanley Ave10003+NYHemlock St+10003|NYHemlock St10003'
-73.8666,40.6853,0,1,'NYEldert Ln10003+NYFulton St+10003|NYEldert Ln10003+NY91st Ave+10003|NYFulton St10003|NYFulton St10003+NY91st Ave+10003|NY91st Ave10003'
-73.8666,40.8579,0,24,'NYCruger Ave10003'
-73.8666,40.7443,1,2,'NY97th St10003'
-73.8666,40.6944,0,11,'NY85th Rd10003|NY85th Rd10003+NY76th St+10003'
-73.8666,40.9205,0,14,'NYLoring Ave10003|NYLoring Ave10003+NYCentral Park Ave S+10003'
-73.8666,40.7410,0,4,'NY51st Ave10003|NY51st Ave10003+NY96th St+10003'
-73.8666,40.7215,2,34,'NY64th Rd10003+NYWoodhaven Blvd+10003'
-73.8666,40.7575,7,41,'NYNorthern Blvd10002+NY102nd St+10002'
-73.8666,40.7495,1,9,'NY99th St10003+NYRoosevelt Ave+10003'
-73.8665,40.8329,0,5,'NYE 172nd St10003|NYE 172nd St10003+NYBeach Ave+10003'
-73.8665,40.7031,0,7,'NY82nd St10003'
-73.8665,40.8596,0,51,'NYCruger Ave10003'
-73.8665,40.7342,1,49,'NY60th Ave10003|NY60th Ave10003+NY94th St+10003'
-73.8665,40.6914,0,7,'NYJamaica Ave10003+NY75th St+10003|NY75th St10003'
-73.8665,40.9025,0,4,'NYE 242 St10003|NYE 242 St10003+NYSt Marks Pl+10003|NYE 242 St10003+NYE 242nd St+10003|NYE 242 St10003+NY242nd St+10003|NYSt Marks Pl10003|NYSt Marks Pl10003+NYE 242nd St+10003|NYSt Marks Pl10003+NY242nd St+10003|NYE 242nd St10003|NYE 242nd St10003+NY242nd St+10003|NY242nd St10003'
-73.8665,40.7236,1,37,'NY63rd Dr10003+NYFitchett St+10003'
-73.8665,40.6845,0,3,'NY93rd Ave10003|NY93rd Ave10003+NYEldert Ln+10003'
-73.8665,40.8697,0,2,'NYAdee Ave10003+NYWilliamsbridge Rd+10003|NYWilliamsbridge Rd10003'
-73.8665,40.6689,0,3,'NYLinden Blvd10002+NYAutumn Ave+10002'
-73.8665,40.7476,0,3,'NY41st Ave10003+NY98th St+10003|NY98th St10003'
-73.8665,40.9485,0,1,'NYBriggs Ave10003|NYBriggs Ave10003+NYLockwood Ave+10003'
-73.8664,40.8622,3,17,'NYUS Hwy 110002+NYCruger Ave+10002|NYBoston Rd10002+NYCruger Ave+10002|NYCruger Ave10003'
-73.8664,40.9053,0,1,'NYScott Ave10003+NYAlexander Ave+10003'
-73.8664,40.6764,0,1,'NYSheridan Ave10003|NYSheridan Ave10003+NYN Conduit Blvd+10003'
-73.8664,40.8435,0,2,'NYVan Nest Ave10003+NYUnionport Rd+10003'
-73.8664,40.8796,0,6,'NYE 213th St10003+NYWillett Ave+10003'
-73.8664,40.7461,0,4,'NY97th Pl10003+NY43rd Ave+10003'
-73.8664,40.8780,1,6,'NYDuncomb Ave10003+NYE 211th St+10003|NYE 211th St10003'
-73.8664,40.9141,1,0,'NYHalstead Ave10003'
-73.8664,40.7428,0,6,'NY97th St10003'
-73.8664,40.8406,0,25,'NYThieriot Ave10003'
-73.8664,40.8319,0,13,'NYBeach Ave10003+NYWestchester Ave+10003'
-73.8664,40.6937,0,2,'NY85th Dr10003|NY85th Dr10003+NY76th St+10003'
-73.8663,40.7613,3,8,'NY103rd St10003'
-73.8663,40.8277,1,18,'NYWatson Ave10003+NYSaint Lawrence Ave+10003|NYSaint Lawrence Ave10003'
-73.8663,40.8476,0,6,'NYHunt Ave10003|NYHunt Ave10003+NYRhinelander Ave+10003'
-73.8663,40.6871,0,3,'NY74th Pl10003|NY74th Pl10003+NY90th Ave+10003'
-73.8663,40.6907,0,3,'NY75th St10003+NY87th Ave+10003|NY87th Ave10003'
-73.8663,40.8350,0,1,'NYE 174th St10003+NYCross Bronx Expy+10003'
-73.8663,40.7645,4,19,'NYEricsson St10003+NY27th Ave+10003'
-73.8663,40.7338,10,13,'NY94th St10003|NY94th St10003+NYHorace Harding Expy+10003|NY94th St10003+NYHorace Harding Blvd+10003|NYHorace Harding Expy10003|NYHorace Harding Blvd10003'
-73.8663,40.8436,0,8,'NYVan Nest Ave10003+NYVictor St+10003'
-73.8663,40.7282,0,38,'NY63rd Ave10003+NYAustin St+10003'
-73.8663,40.8732,0,6,'NYRosewood St10003|NYRosewood St10003+NYCruger Ave+10003'
-73.8663,40.6832,1,8,'NYEldert Ln10003+NYAtlantic Ave+10003|NYAtlantic Ave10003|NYAtlantic Ave10003+NYAtlantic Ave+10003'
-73.8663,40.7508,1,15,'NY38th Ave10003|NY38th Ave10003+NY100th St+10003'
-73.8663,40.6720,0,6,'NYBlake Ave10003|NYBlake Ave10003+NYLincoln Ave+10003'
-73.8663,40.7621,0,3,'NY29th Ave10003+NYHumphrey St+10003'
-73.8663,40.6758,3,3,'NYSheridan Ave10003|NYSheridan Ave10003+NYS Conduit Blvd+10003'
-73.8663,40.6788,0,2,'NYGrant Ave10003|NYGrant Ave10003+NYLiberty Ave+10003'
-73.8662,40.6640,0,1,'NYHemlock St10003+NYWortman Ave+10003'
-73.8662,40.7667,6,11,'NYButler St10003'
-73.8662,40.7401,0,4,'NYChristie Ave10003+NY96th St+10003'
-73.8662,40.8695,0,2,'NYCruger Ave10003+NYWilliamsbridge Rd+10003'
-73.8662,40.8820,0,5,'NYOlinville Ave10003+NYE 216th St+10003'
-73.8662,40.8187,0,4,'NYSeward Ave10003+NYRosedale Ave+10003'
-73.8662,40.7316,6,50,'NYState Hwy 2510002+NY62nd Ave+10002|NY62nd Ave10003|NY62nd Ave10003+NYQueens Blvd+10003'
-73.8662,40.6900,0,5,'NY87th Rd10003|NY87th Rd10003+NY75th St+10003'
-73.8662,40.8733,0,1,'NYCruger Ave10003+NYN Oak Dr+10003|NYN Oak Dr10003'
-73.8661,40.8505,0,2,'NYBronxdale Ave10003+NYAntin Pl+10003|NYBronxdale Ave10003+NYMercy College Pl+10003|NYAntin Pl10003|NYMercy College Pl10003'
-73.8661,40.8729,0,4,'NYCruger Ave10003+NYS Oak Dr+10003|NYS Oak Dr10003'
-73.8661,40.6931,0,4,'NY76th St10003+NY86th Ave+10003|NY86th Ave10003'
-73.8661,40.7067,0,7,'NY83rd St10003|NY83rd St10003+NY77th Ave+10003'
-73.8661,40.8485,0,4,'NYSagamore St10003|NYSagamore St10003+NYHunt Ave+10003'
-73.8661,40.9032,0,1,'NYMcLean Ave10003+NYGlover Ave+10003|NYGlover Ave10003'
-73.8661,40.7373,2,19,'NYJunction Blvd10003+NY56th Ave+10003|NY56th Ave10003'
-73.8661,40.7455,1,0,'NY97th Pl10003|NY97th Pl10003+NY44th Ave+10003'
-73.8661,40.6788,0,1,'NYGrant Ave10003|NYGrant Ave10003+NYLiberty Ave+10003'
-73.8661,40.6749,12,8,'NYSheridan Ave10003+NYBelmont Ave+10003'
-73.8660,40.6862,0,1,'NYRockaway Blvd10003|NYRockaway Blvd10003+NYRockaway Blvd+10003'
-73.8660,40.7209,1,9,'NYGoldington Ct10003|NYGoldington Ct10003+NYWoodhaven Blvd+10003'
-73.8660,40.7420,0,7,'NY50th Ave10003+NY97th St+10003'
-73.8660,40.6894,0,5,'NY88th Ave10003+NY75th St+10003'
-73.8660,40.7545,5,35,'NY35th Ave10003+NY102nd St+10003'
-73.8660,40.6819,0,5,'NYEldert Ln10003|NYEldert Ln10003+NY95th Ave+10003|NYEldert Ln10003+NYEldert Ln+10003|NY95th Ave10003|NY95th Ave10003+NYEldert Ln+10003'
-73.8660,40.7665,0,3,'NYButler St10003+NY25th Ave+10003'
-73.8660,40.8476,0,1,'NYHunt Ave10003|NYHunt Ave10003+NYRhinelander Ave+10003'
-73.8660,40.7056,0,6,'NY83rd St10003+NY78th Ave+10003'
-73.8660,40.8844,0,10,'NYBronx Blvd10003|NYBronx Blvd10003+NYBronx Blvd+10003'
-73.8660,40.8352,0,12,'NYCross Bronx Svc Rd N10006+NYE 174th St+10006|NYCross Bronx Svc Rd N10006+NYWood Ave+10006|NYCross Bronx Svc Rd N10006+NYTaylor Ave+10006|NYE 174th St10003|NYE 174th St10003+NYWood Ave+10003|NYE 174th St10003+NYTaylor Ave+10003|NYWood Ave10003|NYWood Ave10003+NYTaylor Ave+10003|NYTaylor Ave10003'
-73.8659,40.7087,0,1,'NY83rd St10003|NY83rd St10003+NYDoran Ave+10003|NYDoran Ave10003'
-73.8659,40.8751,0,4,'NYMagenta St10003+NYCruger Ave+10003|NYCruger Ave10003'
-73.8659,40.5725,0,2,'NYNewport Ave10003+NYBeach 149th St+10003|NYBeach 149th St10003'
-73.8659,40.7502,0,7,'NY100th St10003'
-73.8659,40.8432,0,2,'NYUnionport Rd10003+NYVictor St+10003|NYVictor St10003'
-73.8659,40.7438,0,4,'NY46th Ave10003'
-73.8659,40.6924,0,7,'NY76th St10003+NY86th Rd+10003|NY86th Rd10003'
-73.8659,40.7288,1,37,'NYWetherole St10003+NY63rd Ave+10003'
-73.8659,40.6705,0,15,'NYDumont Ave10003|NYDumont Ave10003+NYLincoln Ave+10003'
-73.8659,40.6887,0,7,'NY88th Rd10003|NY88th Rd10003+NY75th St+10003'
-73.8659,40.7048,0,5,'NY83rd St10003+NY78th Rd+10003|NY78th Rd10003'
-73.8659,40.9031,0,2,'NYMcLean Ave10003+NYMartha Ave+10003|NYMartha Ave10003'
-73.8659,40.8346,0,2,'NYCross Bronx Exwy Svc Rd10006+NYTaylor Ave+10006|NYTaylor Ave10003|NYTaylor Ave10003+NYCross Bronx Expy+10003'
-73.8659,40.8508,0,9,'NYHolland Ave10003|NYHolland Ave10003+NYAntin Pl+10003|NYHolland Ave10003+NYMercy College Pl+10003'
-73.8658,40.7366,12,100,'NY57th Ave10003+NYJunction Blvd+10003'
-73.8658,40.8497,0,7,'NYHunt Ave10003'
-73.8658,40.8341,1,0,'NYTaylor Ave10003+NYMcGraw Ave+10003'
-73.8658,40.9071,0,1,'NYWakefield Ave10003+NYAlexander Ave+10003'
-73.8658,40.6776,0,6,'NYGrant Ave10003+NYGlenmore Ave+10003'
-73.8658,40.6737,0,3,'NYSheridan Ave10003|NYSheridan Ave10003+NYSutter Ave+10003'
-73.8657,40.6807,0,2,'NYEldert Ln10003|NYEldert Ln10003+NYMcKinley Ave+10003|NYEldert Ln10003+NYElderts Ln+10003|NYEldert Ln10003+NYEldert Ln+10003|NYMcKinley Ave10003+NYElderts Ln+10003|NYMcKinley Ave10003+NYEldert Ln+10003|NYElderts Ln10003|NYElderts Ln10003+NYEldert Ln+10003'
-73.8657,40.6516,0,4,'NYErskine St10003|NYErskine St10003+NYShore Pkwy+10003|NYErskine St10003+NYErskine Loop+10003|NYErskine St10003+NYErskine St+10003|NYShore Pkwy10002+NYErskine Loop+10002|NYShore Pkwy10002+NYErskine St+10002|NYErskine Loop10003'
-73.8657,40.8210,0,9,'NYCommonwealth Ave10003|NYCommonwealth Ave10003+NYLafayette Ave+10003|NYCommonwealth Ave10003+NYSound View Ave+10003|NYLafayette Ave10003+NYSound View Ave+10003'
-73.8657,40.9026,0,6,'NYSt Barnabas Pl10003|NYSt Barnabas Pl10003+NYE 242nd St+10003|NYSt Barnabas Pl10003+NYMartha Ave+10003|NYE 242nd St10003|NYE 242nd St10003+NYMartha Ave+10003'
-73.8657,40.9278,0,1,'NYSoundview Ave10003+NYDurst Pl+10003'
-73.8657,40.8786,1,1,'NYDuncomb Ave10003|NYDuncomb Ave10003+NYE 212th St+10003|NYE 212th St10003'
-73.8657,40.7614,0,5,'NYAstoria Blvd10003+NY31st Ave+10003|NY31st Ave10003'
-73.8657,40.8430,1,3,'NYMead St10003+NYUnionport Rd+10003'
-73.8657,40.8501,0,1,'NYBronxdale Ave10003|NYBronxdale Ave10003+NYHolland Ave+10003|NYBronxdale Ave10003+NYNeill Ave+10003|NYBronxdale Ave10003+NYNiell Ave+10003|NYHolland Ave10003+NYNeill Ave+10003|NYHolland Ave10003+NYNiell Ave+10003|NYNeill Ave10003|NYNeill Ave10003+NYNiell Ave+10003|NYNiell Ave10003'
-73.8657,40.9574,0,1,'NYRidgeview Ave10003|NYRidgeview Ave10003+NYChelsea Pl+10003|NYChelsea Pl10003'
-73.8657,40.6844,0,2,'NY93rd Ave10003+NY74th Pl+10003|NY74th Pl10003'
-73.8657,40.9208,1,2,'NYCentral Park Ave S10003+NYClark St+10003'
-73.8657,40.8166,2,20,'NYRandall Ave10003+NYRosedale Ave+10003'
-73.8657,40.7249,1,75,'NY63rd Dr10003+NYBourton St+10003|NYBourton St10003'
-73.8657,40.6657,0,1,'NYStanley Ave10003+NYAutumn Ave+10003'
-73.8657,40.8567,0,66,'NYHolland Ave10003'
-73.8657,40.7576,3,21,'NY103rd St10003+NYNorthern Blvd+10003'
-73.8657,40.7411,0,2,'NY51st Ave10003|NY51st Ave10003+NY97th St+10003'
-73.8657,40.8845,1,0,'NYBronx Blvd10003|NYBronx Blvd10003+NYCarpenter Ave+10003|NYBronx Blvd10003+NYE 219th St+10003|NYCarpenter Ave10003|NYCarpenter Ave10003+NYE 219th St+10003|NYE 219th St10003'
-73.8657,40.8503,0,1,'NYHolland Ave10003|NYHolland Ave10003+NYBronxdale Ave+10003'
-73.8656,40.8579,0,6,'NYHolland Ave10003'
-73.8656,40.7032,1,5,'NY83rd St10003'
-73.8656,40.7479,0,11,'NY41st Ave10003+NY99th St+10003'
-73.8656,40.6916,0,11,'NY76th St10003+NYJamaica Ave+10003'
-73.8656,40.7443,0,5,'NY97th Pl10003'
-73.8656,40.9019,0,40,'NYMartha Ave10003+NYE 241st St+10003'
-73.8656,40.7649,0,6,'NYCurtis St10003+NY27th Ave+10003'
-73.8656,40.9223,0,1,'NYBoone St10003+NYBelmont Ave+10003'
-73.8656,40.8632,1,24,'NYMace Ave10003+NYUS Hwy 1+10003|NYMace Ave10003+NYBoston Rd+10003'
-73.8655,40.7384,0,6,'NY55th Ave10003+NY96th St+10003'
-73.8655,40.7625,0,10,'NYGilmore St10003+NY29th Ave+10003'
-73.8655,40.6691,0,5,'NYState Rte 2710002+NYLincoln Ave+10002|NYLinden Blvd10002+NYLincoln Ave+10002|NYLincoln Ave10003'
-73.8655,40.9485,1,1,'NYRockne Rd10003|NYRockne Rd10003+NYThomas Pl+10003|NYRockne Rd10003+NYLockwood Ave+10003|NYThomas Pl10003|NYThomas Pl10003+NYLockwood Ave+10003'
-73.8655,40.7323,1,2,'NY62nd Ave10003+NY93rd St+10003|NY93rd St10003'
-73.8655,40.7360,3,65,'NYJunction Blvd10003+NY58th Ave+10003|NY58th Ave10003'
-73.8655,40.9051,0,7,'NYScott Ave10003+NYGlover Ave+10003'
-73.8655,40.7295,0,21,'NY63rd Ave10003+NYBooth St+10003'
-73.8655,40.9204,4,21,'NYClark St10003|NYClark St10003+NYCentral Park Ave+10003'
-73.8655,40.8632,0,13,'NYUS Hwy 110002+NYHolland Ave+10002|NYHolland Ave10003+NYBoston Rd+10003'
-73.8655,40.7203,0,7,'NYFurmanville Ave10003|NYFurmanville Ave10003+NYWoodhaven Blvd+10003'
-73.8655,40.8409,4,21,'NYLeland Ave10003'
-73.8655,40.6763,0,11,'NYPitkin Ave10003+NYGrant Ave+10003'
-73.8655,40.8321,1,20,'NYTaylor Ave10003+NYWestchester Ave+10003'
-73.8654,40.8793,0,1,'NYDonofrio Sq10003|NYDonofrio Sq10003+NYE 213th St+10003'
-73.8654,40.6834,0,2,'NYAtlantic Ave10003+NY74th Pl+10003|NY74th Pl10003'
-73.8654,40.8432,1,7,'NYMead St10003'
-73.8654,40.8869,0,14,'NYBronx Blvd10003+NYE 222nd St+10003|NYE 222nd St10003'
-73.8654,40.7492,1,9,'NYSpruce St10003|NYSpruce St10003+NY100th St+10003|NY100th St10003'
-73.8654,40.6789,0,1,'NYEldert Ln10003|NYEldert Ln10003+NYEldert Ln+10003|NYEldert Ln10003+NYElderts Ln+10003|NYEldert Ln10003+NYLiberty Ave+10003|NYElderts Ln10003|NYElderts Ln10003+NYLiberty Ave+10003'
-73.8653,40.8818,0,1,'NYWillett Ave10003+NYE 216th St+10003'
-73.8653,40.9234,0,1,'NYYonkers Ave10003+NYPage Ave+10003|NYPage Ave10003'
-73.8653,40.7403,0,21,'NYChristie Ave10003+NY97th St+10003'
-73.8653,40.8733,0,1,'NYHolland Ave10003|NYHolland Ave10003+NYN Oak Dr+10003'
-73.8653,40.7255,0,54,'NY63rd Dr10003+NYHaring St+10003|NYHaring St10003'
-73.8653,40.8691,0,7,'NYHolland Ave10003+NYWilliamsbridge Rd+10003'
-73.8653,40.8793,0,1,'NYE 213th St10003'
-73.8653,40.8852,0,8,'NYE 220th St10003|NYE 220th St10003+NYCarpenter Ave+10003'
-73.8653,40.7669,54607,390,'NY25th Ave10003|NY25th Ave10003+NYDitmars Blvd+10003'
-73.8653,40.9029,0,3,'NYMcLean Ave10003+NYSterling Ave+10003|NYSterling Ave10003'
-73.8653,40.9020,0,17,'NYE 241st St10003|NYE 241st St10003+NYE 241st St+10003'
-73.8653,40.7613,1,7,'NYAstoria Blvd10003+NY104th St+10003|NY104th St10003'
-73.8652,40.7472,0,2,'NY42nd Ave10003+NY99th St+10003'
-73.8652,40.8798,1,0,'NYDonofrio Sq10003+NYE 214th St+10003|NYE 214th St10003'
-73.8652,40.7455,0,4,'NY45th Ave10003+NY98th St+10003|NY98th St10003'
-73.8652,40.7200,0,3,'NY65th Ave10003|NY65th Ave10003+NYWoodhaven Blvd+10003'
-73.8652,40.8189,0,3,'NYSeward Ave10003+NYCommonwealth Ave+10003'
-73.8652,40.6859,1,7,'NYRockaway Blvd10003+NY75th St+10003|NYRockaway Blvd10003+NY91st Ave+10003'
-73.8652,40.6930,0,1,'NY77th St10003'
-73.8652,40.8502,0,1,'NYBronxdale Ave10003|NYBronxdale Ave10003+NYBronxdale Ave+10003|NYBronxdale Ave10003+NYNeill Ave+10003|NYBronxdale Ave10003+NYNiell Ave+10003|NYNeill Ave10003+NYNiell Ave+10003|NYNiell Ave10003'
-73.8652,40.8145,0,16,'NYLacombe Ave10003+NYRosedale Ave+10003'
-73.8652,40.6754,1,3,'NYGrant Ave10003|NYGrant Ave10003+NYS Conduit Blvd+10003'
-73.8652,40.8714,0,10,'NYBurke Ave10003+NYHolland Ave+10003'
-73.8652,40.7067,0,15,'NY77th Ave10003+NY84th St+10003|NY84th St10003'
-73.8652,40.8454,0,10,'NYHunt Ave10003+NYMorris Park Ave+10003'
-73.8652,40.7339,11,16,'NYHor Harding Expressway en Eb10003'
-73.8652,40.8723,0,1,'NYHolland Ave10003|NYHolland Ave10003+NYS Oak Dr+10003'
-73.8652,40.8425,2,5,'NYUnionport Rd10003+NYBaker Ave+10003'
-73.8652,40.7353,4,62,'NY59th Ave10003|NY59th Ave10003+NYJunction Blvd+10003'
-73.8652,40.6790,0,1,'NYEldert Ln10003|NYEldert Ln10003+NYLiberty Ave+10003'
-73.8651,40.7091,0,2,'NY84th St10003|NY84th St10003+NYDoran Ave+10003'
-73.8651,40.7422,0,2,'NY97th Pl10003|NY97th Pl10003+NY50th Ave+10003'
-73.8651,40.7547,4,11,'NY103rd St10003+NY35th Ave+10003'
-73.8651,40.8478,0,6,'NYHolland Ave10003+NYRhinelander Ave+10003'
-73.8651,40.7446,0,3,'NY98th St10003'
-73.8651,40.6777,0,1,'NYEldert Ln10003|NYEldert Ln10003+NYGlenmore Ave+10003'
-73.8651,40.5728,0,1,'NYNewport Ave10003+NYBeach 148th St+10003|NYBeach 148th St10003'
-73.8651,40.7328,1,2,'NY62nd Ave10003'
-73.8651,40.7301,2,62,'NY63rd Ave10003+NYSaunders St+10003'
-73.8651,40.8353,2,31,'NYThieriot Ave10003+NYWood Ave+10003'
-73.8651,40.7505,0,17,'NY101st St10003'
-73.8651,40.7057,0,8,'NY84th St10003+NY78th Ave+10003'
-73.8650,40.7486,0,1,'NY40th Rd10003|NY40th Rd10003+NY100th St+10003'
-73.8650,40.7108,0,7,'NY88th St10003|NY88th St10003+NYCooper Ave+10003'
-73.8650,40.8501,0,16,'NYBronxdale Ave10003+NYWallace Ave+10003|NYWallace Ave10003'
-73.8650,40.6821,0,6,'NYForbell St10003|NYForbell St10003+NY95th Ave+10003|NYForbell St10003+NYForbell St+10003|NY95th Ave10003+NYForbell St+10003'
-73.8650,40.8137,1,2,'NYRosedale Ave10003'
-73.8650,40.7239,0,11,'NYEllwell Cres10003+NYCarlton St+10003'
-73.8650,40.8985,5,99,'NYMartha Ave10003+NYE 236th St+10003'
-73.8650,40.7596,0,30,'NY32nd Ave10003+NY104th St+10003'
-73.8649,40.7369,9,123,'NY57th Ave10003+NY96th St+10003|NY96th St10003'
-73.8649,40.8798,0,2,'NYWhite Plains Rd10003+NYE 214th St+10003'
-73.8649,40.8957,1,5,'NYVireo Ave10003'
-73.8649,40.8256,5,24,'NYBeach Ave10003|NYBeach Ave10003+NYBruckner Blvd+10003'
-73.8649,40.6844,0,5,'NY93rd Ave10003+NY75th St+10003'
-73.8649,40.7465,0,2,'NY43rd Ave10003+NY99th St+10003|NY99th St10003'
-73.8649,40.9211,0,1,'NYBoone St10003|NYBoone St10003+NYCentral Park Ave S+10003'
-73.8649,40.8859,0,5,'NYE 221st St10003|NYE 221st St10003+NYCarpenter Ave+10003'
-73.8649,40.8515,0,72,'NYAntin Pl10003+NYWallace Ave+10003|NYMercy College Pl10003+NYWallace Ave+10003|NYWallace Ave10003'
-73.8649,40.7262,2,19,'NY63rd Dr10003+NYAlderton St+10003'
-73.8649,40.8342,1,1,'NYCross Bronx Exwy Svc Rd10006+NYMcGraw Ave+10006|NYCross Bronx Exwy Svc Rd10006+NYThieriot Ave+10006|NYCross Bronx Expy10006+NYMcGraw Ave+10006|NYCross Bronx Expy10006+NYThieriot Ave+10006|NYMcGraw Ave10003|NYMcGraw Ave10003+NYThieriot Ave+10003|NYThieriot Ave10003'
-73.8649,40.7447,1,2,'NY98th St10003'
-73.8649,40.9564,0,1,'NYPatmore Ave10003'
-73.8649,40.9257,0,1,'NYHayward St10003+NYCatskill Ave+10003'
-73.8649,40.7653,1,5,'NYButler St10003+NY27th Ave+10003'
-73.8649,40.6777,0,3,'NYEldert Ln10003+NYGlenmore Ave+10003'
-73.8648,40.8978,0,36,'NYMartha Ave10003|NYMartha Ave10003+NYE 235th St+10003'
-73.8648,40.7629,0,5,'NY29th Ave10003+NYEricsson St+10003'
-73.8648,40.7347,9,28,'NYJunction Blvd10003+NY60th Ave+10003|NY60th Ave10003'
-73.8648,40.6917,0,5,'NY77th St10003+NYJamaica Ave+10003'
-73.8648,40.6659,0,4,'NYStanley Ave10003+NYLincoln Ave+10003|NYLincoln Ave10003'
-73.8647,40.9116,0,3,'NYShipman Ave10003'
-73.8647,40.8567,0,26,'NYWallace Ave10003'
-73.8647,40.7481,0,12,'NY100th St10003|NY100th St10003+NY41st Ave+10003'
-73.8647,40.9292,0,1,'NYSoundview Ave10003|NYSoundview Ave10003+NYValentine St+10003'
-73.8647,40.7033,0,4,'NY84th St10003'
-73.8647,40.6836,0,1,'NY75th St10003|NY75th St10003+NYAtlantic Ave+10003'
-73.8647,40.8768,1,2,'NYHolland Ave10003|NYHolland Ave10003+NYTilden St+10003|NYHolland Ave10003+NYE Gun Hill Rd+10003|NYTilden St10003|NYTilden St10003+NYE Gun Hill Rd+10003'
-73.8647,40.7194,0,3,'NYWoodhaven Blvd10003+NY65th Rd+10003|NY65th Rd10003'
-73.8647,40.6809,0,5,'NYForbell St10003+NYMcKinley Ave+10003'
-73.8647,40.8440,0,4,'NYHunt Ave10003+NYVan Nest Ave+10003'
-73.8647,40.8579,0,5,'NYWallace Ave10003'
-73.8647,40.7386,0,26,'NY55th Ave10003+NY97th St+10003'
-73.8646,40.6934,0,2,'NY78th St10003|NY78th St10003+NY86th Ave+10003'
-73.8646,40.9696,0,2,'NYLaramere Rd10003|NYLarrimore Rd10003'
-73.8646,40.9028,1,3,'NYMcLean Ave10003+NYSt Barnabas Pl+10003|NYSt Barnabas Pl10003'
-73.8646,40.7262,0,9,'NYAlderton St10003'
-73.8646,40.7577,3,21,'NY104th St10003+NYState Hwy 25 Alt+10003|NY104th St10003+NYNorthern Blvd+10003'
-73.8646,40.8768,0,1,'NYHolland Ave10003|NYHolland Ave10003+NYE Gun Hill Rd+10003'
-73.8646,40.7343,2,28,'NYJunction Blvd10003+NYHorace Harding Expy+10003|NYJunction Blvd10003+NYHorace Harding Blvd+10003'
-73.8646,40.8883,0,5,'NYE 224th St10003|NYE 224th St10003+NYBronx Blvd+10003'
-73.8646,40.7221,0,46,'NYEllwell Cres10003+NY64th Rd+10003'
-73.8646,40.9462,0,1,'NYRamsey Ave10003+NYHalladay Ave+10003'
-73.8646,40.7309,64,153,'NY63rd Ave10003|NY63rd Ave10003+NYState Hwy 25+10003|NY63rd Ave10003+NY62nd Dr+10003|NY63rd Ave10003+NYQueens Blvd+10003|NYState Hwy 2510002+NY62nd Dr+10002|NY62nd Dr10003|NY62nd Dr10003+NYQueens Blvd+10003'
-73.8646,40.8324,0,33,'NYThieriot Ave10003+NYWestchester Ave+10003'
-73.8646,40.6955,0,1,'NY79th St10003|NY79th St10003+NYPark Ln S+10003'
-73.8646,40.6752,10,8,'NYBelmont Ave10003|NYBelmont Ave10003+NYS Conduit Blvd+10003'
-73.8645,40.6764,0,4,'NYPitkin Ave10003+NYEldert Ln+10003'
-73.8645,40.6790,0,1,'NYJerome Ave10003|NYJerome Ave10003+NYLiberty Ave+10003|NY101st Ave10003|NY101st Ave10003+NYLiberty Ave+10003'
-73.8645,40.8198,0,3,'NYSaint Lawrence Ave10003+NYSound View Ave+10003'
-73.8645,40.8639,1,18,'NYUS Hwy 110002+NYWallace Ave+10002|NYBoston Rd10002+NYWallace Ave+10002'
-73.8645,40.8866,0,5,'NYCarpenter Ave10003+NYE 222nd St+10003'
-73.8645,40.8279,1,13,'NYTaylor Ave10003|NYTaylor Ave10003+NYWatson Ave+10003'
-73.8645,40.7340,13,17,'NYJunction Blvd10003+NYI 495+10003|NYJunction Blvd10003+NYLong Island Expy+10003'
-73.8645,40.8805,0,3,'NYE 215th St10003+NYWhite Plains Rd+10003'
-73.8644,40.7101,0,12,'NYAubrey Ave10003|NYAubrey Ave10003+NY88th St+10003'
-73.8644,40.7405,0,3,'NY97th Pl10003+NYChristie Ave+10003'
-73.8644,40.6862,1,13,'NY76th St10003+NY91st Ave+10003'
-73.8644,40.6643,0,1,'NYWortman Ave10003+NYLincoln Ave+10003'
-73.8644,40.9548,0,5,'NYPatmore Ave10003|NYPatmore Ave10003+NYBushey Ave+10003'
-73.8644,40.8688,0,19,'NYWilliamsbridge Rd10003+NYWallace Ave+10003'
-73.8643,40.6757,2,2,'NYEldert Ln10003|NYEldert Ln10003+NYN Conduit Blvd+10003'
-73.8643,40.7337,26,45,'NYJunction Blvd10003+NYHorace Harding Blvd+10003'
-73.8643,40.7611,1,5,'NY105th St10003|NY105th St10003+NY31st Ave+10003|NY105th St10003+NYGilmore St+10003|NY105th St10003+NYAstoria Blvd+10003|NY31st Ave10003|NY31st Ave10003+NYGilmore St+10003|NY31st Ave10003+NYAstoria Blvd+10003|NYGilmore St10003|NYGilmore St10003+NYAstoria Blvd+10003'
-73.8643,40.8456,0,19,'NYHolland Ave10003+NYMorris Park Ave+10003'
-73.8643,40.6948,0,9,'NY85th Rd10003|NY85th Rd10003+NY79th St+10003'
-73.8643,40.9027,0,24,'NYMcLean Ave10003+NYWoodlawn Ave+10003|NYWoodlawn Ave10003'
-73.8643,40.8190,0,4,'NYSeward Ave10003+NYSaint Lawrence Ave+10003'
-73.8643,40.8728,0,1,'NYCapuchin Way10003|NYCapuchin Way10003+NYN Oak Dr+10003|NYWallace Ave10003|NYWallace Ave10003+NYN Oak Dr+10003'
-73.8643,40.8429,1,1,'NYHunt Ave10003|NYHunt Ave10003+NYBaker Ave+10003'
-73.8643,40.7559,2,17,'NY104th St10003|NY104th St10003+NY34th Ave+10003'
-73.8643,40.6838,0,2,'NYAtlantic Ave10003+NY75th St+10003|NY75th St10003'
-73.8643,40.7451,0,12,'NYNational St10003|NYNational St10003+NY98th Pl+10003|NY98th Pl10003'
-73.8643,40.7067,0,3,'NY85th St10003|NY85th St10003+NY77th Ave+10003'
-73.8643,40.6857,0,2,'NYRockaway Blvd10003+NY76th St+10003'
-73.8643,40.8714,0,4,'NYBurke Ave10003+NYWallace Ave+10003'
-73.8643,40.8815,0,2,'NYDonofrio Sq10003+NYE 216th St+10003'
-73.8643,40.7549,0,9,'NY35th Ave10003+NY104th St+10003|NY104th St10003'
-73.8643,40.8840,0,2,'NYWillett Ave10003|NYWillett Ave10003+NYE 219th St+10003'
-73.8642,40.7206,0,15,'NYFitchett St10003+NY65th Ave+10003|NY65th Ave10003'
-73.8642,40.8722,0,1,'NYWallace Ave10003|NYWallace Ave10003+NYS Oak Dr+10003'
-73.8642,40.6791,0,1,'NYForbell St10003+NYJerome Ave+10003|NYForbell St10003+NY101st Ave+10003'
-73.8642,40.8480,0,8,'NYRhinelander Ave10003+NYWallace Ave+10003'
-73.8642,40.7425,0,3,'NY50th Ave10003+NY98th St+10003'
-73.8642,40.9101,1,1,'NYKimball Ave10003+NYChurchill Ave+10003|NYChurchill Ave10003'
-73.8642,40.8767,0,1,'NYTilden St10003|NYTilden St10003+NYE Gun Hill Rd+10003'
-73.8642,40.6790,2,1,'NYForbell St10003+NYLiberty Ave+10003'
-73.8642,40.7458,2,4,'NYNational St10003+NY45th Ave+10003'
-73.8642,40.6918,0,5,'NYJamaica Ave10003+NY78th St+10003|NY78th St10003'
-73.8642,40.7497,0,31,'NYSpruce St10003|NYSpruce St10003+NY102nd St+10003|NYSpruce St10003+NYRoosevelt Ave+10003|NY102nd St10003|NY102nd St10003+NYRoosevelt Ave+10003'
-73.8642,40.8782,0,4,'NYHolland Ave10003+NYE 212th St+10003|NYE 212th St10003'
-73.8641,40.7057,0,4,'NY85th St10003+NY78th Ave+10003'
-73.8641,40.6750,0,2,'NYEldert Ln10003|NYEldert Ln10003+NYS Conduit Blvd+10003'
-73.8641,40.7188,0,3,'NYWoodhaven Blvd10003+NY65th Dr+10003|NY65th Dr10003'
-73.8641,40.8873,0,3,'NYE 223rd St10003|NYE 223rd St10003+NYCarpenter Ave+10003'
-73.8641,40.6824,1,1,'NY95th Ave10003|NY95th Ave10003+NYDrew St+10003|NY95th Ave10003+NY95th Ave+10003|NYDrew St10003|NYDrew St10003+NY95th Ave+10003'
-73.8641,40.7633,0,4,'NY29th Ave10003+NYCurtis St+10003'
-73.8641,40.6942,0,2,'NY85th Dr10003|NY85th Dr10003+NY79th St+10003'
-73.8641,40.7096,0,1,'NYDoran Ave10003|NYDoran Ave10003+NY88th St+10003'
-73.8641,40.7657,504,590,'NYDitmars Blvd10003+NY27th Ave+10003|NY27th Ave10003'
-73.8641,40.7461,1,14,'NYNational St10003+NY44th Ave+10003'
-73.8641,40.5693,0,1,'NYRockaway Beach Blvd10003|NYRockaway Beach Blvd10003+NYBeach 149th St+10003'
-73.8641,40.5728,0,2,'NYNewport Ave10003|NYNewport Ave10003+NYBeach 147th St+10003'
-73.8640,40.7372,4,68,'NY57th Ave10003+NY97th St+10003|NY97th St10003'
-73.8640,40.7238,0,9,'NYDieterle Cres10003+NYCarlton St+10003'
-73.8640,40.8955,2,1,'NYPeters Pl10003'
-73.8640,40.9214,0,1,'NYCentral Park Ave S10003+NYAllen St+10003|NYAllen St10003'
-73.8640,40.7259,1,49,'NYEllwell Cres10003|NYEllwell Cres10003+NYAlderton St+10003|NYAlderton St10003|NYAlderton St10003+NYAlderton St+10003'
-73.8640,40.8898,0,3,'NYE 226th St10003|NYE 226th St10003+NYBronx Blvd+10003'
-73.8640,40.7504,0,25,'NY39th Ave10003+NY102nd St+10003|NY102nd St10003'
-73.8640,40.9648,0,1,'NYBerkshire Rd10003|NYBerkshire Rd10003+NYMiddleboro Dr+10003|NYBerkshire Rd10003+NYMiddleboro Rd+10003'
-73.8640,40.6844,0,5,'NY93rd Ave10003|NY93rd Ave10003+NY76th St+10003'
-73.8640,40.8346,0,6,'NYCross Bronx Svc Rd N10006+NYLeland Ave+10006|NYLeland Ave10003'
-73.8640,40.8814,0,2,'NYWhite Plains Rd10003+NYE 216th St+10003'
-73.8639,40.7459,0,7,'NYNicolls Ave10003|NYNicolls Ave10003+NY45th Ave+10003'
-73.8639,40.8523,1,91,'NYBarnes Ave10003|NYBarnes Ave10003+NYAntin Pl+10003|NYBarnes Ave10003+NYMercy College Pl+10003|NYBarnes Ave10003+NYBrady Ave+10003|NYAntin Pl10003|NYAntin Pl10003+NYBrady Ave+10003|NYMercy College Pl10003|NYMercy College Pl10003+NYBrady Ave+10003'
-73.8639,40.8497,0,15,'NYBronxdale Ave10003+NYBarnes Ave+10003|NYBarnes Ave10003'
-73.8639,40.6739,0,1,'NYEldert Ln10003+NYSutter Ave+10003'
-73.8639,40.6778,0,1,'NYForbell St10003+NYGlenmore Ave+10003'
-73.8639,40.6919,0,4,'NYJamaica Ave10003+NY78th St+10003|NY78th St10003'
-73.8639,40.8213,0,11,'NYLafayette Ave10003+NYBeach Ave+10003|NYBeach Ave10003'
-73.8639,40.8252,0,12,'NYBruckner Blvd10003+NYTaylor Ave+10003|NYTaylor Ave10003'
-73.8639,40.6839,1,3,'NY76th St10003|NY76th St10003+NYAtlantic Ave+10003'
-73.8639,40.8723,0,1,'NYN Oak Dr10003|NYN Oak Dr10003+NYS Oak Dr+10003'
-73.8639,40.6935,0,1,'NY79th St10003+NY86th Ave+10003|NY86th Ave10003'
-73.8639,40.8340,2,3,'NYCross Bronx Exwy Svc Rd10006+NYLeland Ave+10006|NYCross Bronx Expy10006+NYLeland Ave+10006|NYLeland Ave10003'
-73.8639,40.8130,0,5,'NYCommonwealth Ave10003|NYCommonwealth Ave10003+NYBronx River Ave+10003|NYBronx River Ave10003'
-73.8638,40.6660,0,3,'NYStanley Ave10003+NYLincoln Ave+10003|NYLincoln Ave10003'
-73.8638,40.9694,0,9,'NYCrestvale Ter10003'
-73.8638,40.7093,0,7,'NY73rd Ave10003|NY73rd Ave10003+NY88th St+10003'
-73.8638,40.7490,0,5,'NY40th Rd10003|NY40th Rd10003+NY102nd St+10003'
-73.8638,40.8441,0,5,'NYHolland Ave10003+NYVan Nest Ave+10003'
-73.8638,40.8567,0,27,'NYBarnes Ave10003'
-73.8638,40.7033,0,4,'NY85th St10003'
-73.8638,40.6811,0,6,'NYDrew St10003+NY97th Ave+10003|NYDrew St10003+NYMcKinley Ave+10003|NY97th Ave10003|NY97th Ave10003+NYMcKinley Ave+10003|NYMcKinley Ave10003'
-73.8638,40.9575,0,1,'NYCharlotte St10003'
-73.8638,40.7388,0,8,'NY97th Pl10003+NY55th Ave+10003'
-73.8637,40.8880,0,5,'NYE 224th St10003+NYCarpenter Ave+10003'
-73.8637,40.7577,6,16,'NY105th St10003+NYNorthern Blvd+10003'
-73.8637,40.8191,0,1,'NYSeward Ave10003+NYSound View Ave+10003'
-73.8637,40.8596,0,21,'NYBarnes Ave10003'
-73.8637,40.6825,0,1,'NY95th Ave10003+NY75th St+10003'
-73.8637,40.7469,1,6,'NYNational St10003+NY43rd Ave+10003'
-73.8637,40.7434,1,9,'NY98th Pl10003'
-73.8637,40.6912,0,34,'NY87th Ave10003|NY87th Ave10003+NY78th St+10003'
-73.8637,40.7223,0,12,'NYDieterle Cres10003+NY64th Rd+10003'
-73.8637,40.7280,3,86,'NY63rd Dr10003+NYWetherole St+10003'
-73.8637,40.8327,2,27,'NYLeland Ave10003+NYWestchester Ave+10003'
-73.8636,40.9022,0,4,'NYMcLean Ave10003+NYE 241st St+10003|NYE 241st St10003'
-73.8636,40.6954,0,8,'NY80th St10003+NY85th Ave+10003|NY85th Ave10003'
-73.8636,40.6765,0,2,'NYForbell St10003+NYPitkin Ave+10003'
-73.8636,40.8822,2,3,'NYDonofrio Sq10003|NYDonofrio Sq10003+NYE 217th St+10003|NYWhite Plains Rd10003+NYE 217th St+10003|NYE 217th St10003'
-73.8636,40.7535,1,34,'NY37th Ave10003+NY104th St+10003'
-73.8636,40.8413,5,22,'NYUnionport Rd10003+NYE Tremont Ave+10003'
-73.8636,40.8280,0,7,'NYWatson Ave10003+NYThieriot Ave+10003'
-73.8636,40.7183,3,12,'NYWoodhaven Blvd10003+NY66th Ave+10003|NY66th Ave10003'
-73.8636,40.8954,3,15,'NYE 233rd St10003+NYWebster Ave+10003'
-73.8636,40.6724,0,1,'NYBlake Ave10003|NYBlake Ave10003+NYEldert Ln+10003'
-73.8636,40.8647,1,15,'NYUS Hwy 110002+NYBarnes Ave+10002|NYBoston Rd10002+NYBarnes Ave+10002'
-73.8635,40.7485,0,5,'NY102nd St10003+NY41st Ave+10003'
-73.8635,40.6905,0,15,'NY87th Rd10003|NY87th Rd10003+NY78th St+10003'
-73.8635,40.7089,0,2,'NYRutledge Ave10003|NYRutledge Ave10003+NY88th St+10003'
-73.8635,40.8236,0,15,'NYStory Ave10003+NYTaylor Ave+10003'
-73.8635,40.7475,1,3,'NYNational St10003+NY42nd Ave+10003|NY42nd Ave10003'
-73.8635,40.7201,1,10,'NYFitchett St10003+NY65th Rd+10003|NY65th Rd10003'
-73.8635,40.7616,0,2,'NY31st Ave10003+NYEricsson St+10003|NYEricsson St10003'
-73.8635,40.9020,0,11,'NYMcLean Ave10003+NYHyatt Ave+10003|NYHyatt Ave10003'
-73.8635,40.9650,0,1,'NYMiddleboro Dr10003+NYShelburne Rd+10003|NYMiddleboro Rd10003+NYShelburne Rd+10003|NYShelburne Rd10003'
-73.8635,40.8994,0,7,'NYVireo Ave10003+NYE 237th St+10003|NYE 237th St10003'
-73.8635,40.8433,1,1,'NYHolland Ave10003|NYHolland Ave10003+NYBaker Ave+10003'
-73.8635,40.9134,0,1,'NYLarkspur Ln10003'
-73.8635,40.9544,0,1,'NYHoward Pl10003'
-73.8635,40.6645,0,1,'NYWortman Ave10003+NYLincoln Ave+10003'
-73.8635,40.7477,0,1,'NYNational St10003+NY42nd Ave+10003|NY42nd Ave10003'
-73.8635,40.8458,0,16,'NYMorris Park Ave10003+NYWallace Ave+10003'
-73.8634,40.7320,13,20,'NYJunction Blvd10003+NY62nd Dr+10003'
-73.8634,40.6840,0,9,'NYAtlantic Ave10003+NY76th St+10003|NY76th St10003'
-73.8634,40.8973,0,27,'NYPeters Pl10003|NYPeters Pl10003+NYE 234th St+10003'
-73.8634,40.8689,0,34,'NYWilliamsbridge Rd10003+NYBarnes Ave+10003'
-73.8634,40.9429,0,1,'NYGreenwood Rd10003'
-73.8634,40.7560,1,14,'NY105th St10003+NY34th Ave+10003'
-73.8634,40.7610,2,3,'NY106th St10003|NY106th St10003+NYAstoria Blvd+10003'
-73.8634,40.8191,0,1,'NYSeward Ave10003+NYBeach Ave+10003'
-73.8634,40.8764,0,2,'NYCapuchin Way10003|NYCapuchin Way10003+NYE Gun Hill Rd+10003|NYWallace Ave10003|NYWallace Ave10003+NYE Gun Hill Rd+10003'
-73.8634,40.8482,0,1,'NYBarnes Ave10003+NYRhinelander Ave+10003'
-73.8634,40.8188,0,4,'NYBeach Ave10003+NYSound View Ave+10003'
-73.8634,40.7637,0,5,'NYButler St10003+NY29th Ave+10003'
-73.8634,40.6948,0,8,'NY80th St10003+NY85th Rd+10003|NY85th Rd10003'
-73.8634,40.6898,0,2,'NY88th Ave10003+NY78th St+10003'
-73.8634,40.9104,0,1,'NYKimball Ave10003+NYShipman Ave+10003'
-73.8633,40.7448,1,14,'NY99th St10003'
-73.8633,40.6794,0,6,'NY101st Ave10003|NY101st Ave10003+NYDrew St+10003|NY101st Ave10003+NYJerome Ave+10003|NY101st Ave10003+NY101st Ave+10003|NYDrew St10003+NYJerome Ave+10003|NYDrew St10003+NY101st Ave+10003|NYJerome Ave10003'
-73.8633,40.8887,0,2,'NYE 225th St10003|NYE 225th St10003+NYCarpenter Ave+10003'
-73.8633,40.7067,0,4,'NY86th St10003|NY86th St10003+NY77th Ave+10003'
-73.8633,40.7481,1,2,'NYNational St10003+NY102nd St+10003'
-73.8633,40.9232,0,1,'NYCowles Ave10003+NYRobley St+10003|NYRobley St10003'
-73.8633,40.6920,1,5,'NY79th St10003|NY79th St10003+NYJamaica Ave+10003'
-73.8633,40.5697,0,1,'NYBeach 148th St10003+NYRockaway Beach Blvd+10003'
-73.8633,40.6854,0,6,'NYRockaway Blvd10003+NY77th St+10003'
-73.8633,40.6791,1,0,'NYDrew St10003|NYDrew St10003+NYDrew St+10003|NYDrew St10003+NYLiberty Ave+10003|NYLiberty Ave10003|NYLiberty Ave10003+NYLiberty Ave+10003'
-73.8633,40.7287,1,37,'NY63rd Dr10003+NYBooth St+10003'
-73.8633,40.7034,0,2,'NYUnion Trnpike10003|NYUnion Tpke10003'
-73.8632,40.8802,0,2,'NYE 215th St10003+NYHolland Ave+10003|NYHolland Ave10003'
-73.8632,40.7551,1,15,'NY105th St10003+NY35th Ave+10003|NY35th Ave10003'
-73.8632,40.8478,0,8,'NYBarnes Ave10003+NYBarnett Pl+10003|NYBarnett Pl10003'
-73.8632,40.6891,1,5,'NY78th St10003+NY88th Rd+10003|NY88th Rd10003'
-73.8632,40.7058,0,5,'NY86th St10003+NY78th Ave+10003'
-73.8632,40.9001,0,5,'NYE 238th St10003|NYE 238th St10003+NYVireo Ave+10003'
-73.8632,40.8829,0,4,'NYE 218th St10003|NYE 218th St10003+NYWhite Plains Rd+10003'
-73.8632,40.7528,1,9,'NY37th Rd10003|NY37th Rd10003+NY104th St+10003'
-73.8632,40.8722,0,2,'NYS Oak Dr10003+NYBarnes Ave+10003'
-73.8632,40.7374,2,67,'NY97th Pl10003|NY97th Pl10003+NY57th Ave+10003'
-73.8632,40.7617,0,1,'NY31st Ave10003+NYCouch Pl+10003|NYCouch Pl10003'
-73.8632,40.6709,0,7,'NYDumont Ave10003|NYDumont Ave10003+NYEldert Ln+10003'
-73.8632,40.7255,0,30,'NYDieterle Cres10003'
-73.8632,40.7486,0,4,'NYNational St10003+NY41st Ave+10003|NYNational St10003+NY103rd St+10003|NY41st Ave10003|NY41st Ave10003+NY103rd St+10003|NY103rd St10003'
-73.8631,40.6941,0,7,'NY80th St10003+NY85th Dr+10003|NY85th Dr10003'
-73.8631,40.6786,3,2,'NYDrew St10003'
-73.8631,40.6813,0,4,'NY97th Ave10003+NY75th St+10003'
-73.8631,40.6746,0,7,'NYForbell St10003|NYForbell St10003+NYS Conduit Blvd+10003'
-73.8631,40.7476,0,1,'NY42nd Ave10003+NY102nd St+10003'
-73.8631,40.7507,1,7,'NY103rd St10003+NY39th Ave+10003'
-73.8631,40.8408,0,28,'NYUnionport Rd10003+NYArcher Rd+10003|NYArcher Rd10003'
-73.8631,40.7488,0,11,'NYNational St10003+NY41st Ave+10003|NY41st Ave10003'
-73.8631,40.6885,0,3,'NY78th St10003+NY89th Ave+10003|NY89th Ave10003'
-73.8631,40.7454,1,10,'NYNicolls Ave10003+NY46th Ave+10003|NY46th Ave10003'
-73.8630,40.8729,1,3,'NYN Chestnut Dr10003|NYN Chestnut Dr10003+NYChestnut St+10003|NYN Chestnut Dr10003+NYBarnes Ave+10003|NYChestnut St10003|NYChestnut St10003+NYBarnes Ave+10003'
-73.8630,40.8911,0,2,'NYE 228th St10003|NYE 228th St10003+NYBronx Blvd+10003'
-73.8630,40.9047,0,4,'NYScott Ave10003+NYHyatt Pl+10003|NYHyatt Pl10003'
-73.8630,40.7083,0,1,'NY74th Ave10003|NY74th Ave10003+NY88th St+10003'
-73.8630,40.8506,0,7,'NYMatthews Ave10003+NYNeill Ave+10003'
-73.8630,40.9094,0,1,'NYChurchill Ave10003+NYGlover Ave+10003|NYGlover Ave10003'
-73.8630,40.7177,1,5,'NY66th Rd10003|NY66th Rd10003+NYWoodhaven Blvd+10003'
-73.8630,40.8786,0,1,'NYCarlisle Pl10003|NYCarlisle Pl10003+NYE 213th St+10003'
-73.8630,40.6841,1,4,'NY77th St10003|NY77th St10003+NYAtlantic Ave+10003'
-73.8630,40.6741,0,5,'NYForbell St10003+NYSutter Ave+10003'
-73.8630,40.6778,5,16,'NYDrew St10003+NYGlenmore Ave+10003'
-73.8630,40.7537,1,6,'NY105th St10003|NY105th St10003+NY37th Ave+10003'
-73.8630,40.8344,6,36,'NYMcGraw Ave10003'
-73.8629,40.6661,0,1,'NYStanley Ave10003+NYSheridan Ave+10003|NYSheridan Ave10003'
-73.8629,40.8894,0,1,'NYE 226th St10003+NYCarpenter Ave+10003'
-73.8629,40.6556,0,1,'NYFountain Ave10003+NYSeaview Ave+10003|NYSeaview Ave10003'
-73.8629,40.8443,1,3,'NYVan Nest Ave10003+NYWallace Ave+10003'
-73.8629,40.8379,4,80,'NYArcher St10003|NYArcher St10003+NYArcher Rd+10003|NYArcher Rd10003'
-73.8629,40.7522,2,25,'NY37th Dr10003|NY37th Dr10003+NY104th St+10003'
-73.8629,40.9008,0,3,'NYVireo Ave10003+NYE 239th St+10003|NYE 239th St10003'
-73.8629,40.8252,0,19,'NYBruckner Blvd10003+NYThieriot Ave+10003|NYThieriot Ave10003'
-73.8629,40.6934,0,3,'NY80th St10003+NY86th Ave+10003|NY86th Ave10003'
-73.8629,40.7036,0,11,'NYUnion Trnpike10003+NY86th St+10003|NYUnion Tpke10003+NY86th St+10003|NY86th St10003'
-73.8629,40.7495,0,33,'NYNational St10003+NY41st Ave+10003|NY41st Ave10003'
-73.8629,40.9015,1,1,'NYE 240th St10003|NYE 240th St10003+NYE 240th St+10003'
-73.8629,40.7391,0,15,'NY55th Ave10003+NY98th St+10003'
-73.8629,40.7472,0,6,'NY102nd St10003+NY43rd Ave+10003'
-73.8629,40.8568,2,27,'NYMatthews Ave10003'
-73.8629,40.8738,0,11,'NYBartholdi St10003+NYBarnes Ave+10003'
-73.8628,40.7293,7,79,'NY63rd Dr10003+NYSaunders St+10003'
-73.8628,40.8127,0,1,'NYPatterson Ave10003|NYPatterson Ave10003+NYSaint Lawrence Ave+10003'
-73.8628,40.6695,0,6,'NYEldert Ln10003+NYLinden Blvd+10003'
-73.8628,40.6827,0,11,'NY95th Ave10003+NY76th St+10003'
-73.8628,40.7578,2,28,'NY106th St10003+NYState Hwy 25 Alt+10003|NY106th St10003+NYNorthern Blvd+10003'
-73.8628,40.8836,2,4,'NYWhite Plains Rd10003+NYE 219th St+10003'
-73.8628,40.7226,0,13,'NYCromwell Cres10003+NY64th Rd+10003'
-73.8628,40.8492,0,4,'NYMatthews Ave10003+NYBronxdale Ave+10003'
-73.8628,40.8479,0,1,'NYBarnett Pl10003'
-73.8628,40.7028,0,1,'NYInterborough Pkwy10002+NYForest Park Dr+10002|NYForest Park Dr10003'
-73.8628,40.7620,0,2,'NY31st Ave10003+NYCurtis St+10003|NYCurtis St10003'
-73.8628,40.6956,0,2,'NY85th Ave10003'
-73.8628,40.8596,0,13,'NYMatthews Ave10003'
-73.8628,40.6871,1,11,'NY90th Rd10003|NY90th Rd10003+NY78th St+10003'
-73.8627,40.7499,5,30,'NYNational St10003|NYNational St10003+NY103rd St+10003|NYNational St10003+NYRoosevelt Ave+10003|NY103rd St10003|NY103rd St10003+NYRoosevelt Ave+10003'
-73.8627,40.8747,1,2,'NYMagenta St10003+NYBarnes Ave+10003'
-73.8627,40.8404,1,14,'NYUnionport Rd10003+NYGuerlain St+10003|NYGuerlain St10003'
-73.8627,40.6928,0,5,'NY86th Rd10003|NY86th Rd10003+NY80th St+10003'
-73.8626,40.8328,6,33,'NYWestchester Ave10003'
-73.8626,40.6647,0,1,'NYWortman Ave10003+NYSheridan Ave+10003'
-73.8626,40.9015,0,5,'NYMcLean Ave10003|NYMcLean Ave10003+NY1st St+10003|NYMcLean Ave10003+NYMc Lean Ave+10003|NYMcLean Ave10003+NYVireo Ave+10003|NYMcLean Ave10003+NYMcLean Ave+10003|NY1st St10003|NY1st St10003+NYMc Lean Ave+10003|NY1st St10003+NYVireo Ave+10003|NY1st St10003+NYMcLean Ave+10003|NYMc Lean Ave10003|NYMc Lean Ave10003+NYVireo Ave+10003|NYVireo Ave10003|NYVireo Ave10003+NYMcLean Ave+10003'
-73.8626,40.8282,0,7,'NYWatson Ave10003+NYLeland Ave+10003'
-73.8626,40.8974,0,18,'NYE 234th St10003|NYE 234th St10003+NYWebster Ave+10003'
-73.8626,40.7433,0,8,'NY101st St10003|NY101st St10003+NY99th St+10003'
-73.8626,40.9084,0,1,'NYSterling Ave10003+NYGlen Rd+10003|NYSterling Ave10003+NYWoodlawn Ave+10003|NYGlen Rd10003|NYGlen Rd10003+NYWoodlawn Ave+10003|NYWoodlawn Ave10003'
-73.8626,40.7197,1,9,'NYFitchett St10003+NY65th Dr+10003'
-73.8626,40.7343,12,159,'NYHor Harding Expressway en Eb10003|NYHor Harding Expressway en Eb10003+NYHorace Harding Blvd+10003|NYHor Harding Expressway en Eb10003+NY97th St+10003|NYHorace Harding Blvd10003+NY97th St+10003|NY97th St10003'
-73.8626,40.8460,0,4,'NYBarnes Ave10003+NYMorris Park Ave+10003'
-73.8626,40.9108,1,2,'NYKimball Ave10003+NYHalstead Ave+10003|NYHalstead Ave10003'
-73.8626,40.8654,1,8,'NYMatthews Ave10003+NYUS Hwy 1+10003|NYMatthews Ave10003+NYBoston Rd+10003'
-73.8626,40.9352,0,2,'NYMile Square Rd10003+NYMidland Ave+10003'
-73.8626,40.7077,0,4,'NY75th Ave10003|NY75th Ave10003+NY88th St+10003'
-73.8626,40.7642,25,26,'NY29th Ave10003|NY29th Ave10003+NYDitmars Blvd+10003'
-73.8626,40.9542,0,1,'NYSprain Pl10003'
-73.8626,40.6842,0,3,'NY77th St10003|NY77th St10003+NYAtlantic Ave+10003'
-73.8626,40.8901,0,5,'NYCarpenter Ave10003+NYE 227th St+10003|NYE 227th St10003'
-73.8625,40.8237,1,15,'NYStory Ave10003+NYThieriot Ave+10003'
-73.8625,40.7465,0,6,'NY102nd St10003+NY44th Ave+10003'
-73.8625,40.7514,0,7,'NY38th Ave10003|NY38th Ave10003+NY104th St+10003'
-73.8625,40.5755,0,1,'NYCronston Ave10003+NYBeach 144th St+10003'
-73.8625,40.7561,0,15,'NY106th St10003+NY34th Ave+10003'
-73.8625,40.6949,0,1,'NY85th Rd10003'
-73.8625,40.8687,0,6,'NYMatthews Ave10003+NYWilliamsbridge Rd+10003'
-73.8625,40.7302,101,123,'NYJunction Blvd10003|NYJunction Blvd10003+NYState Hwy 25+10003|NYJunction Blvd10003+NYQueens Blvd+10003'
-73.8625,40.5700,0,2,'NYRockaway Beach Blvd10003+NYBeach 147th St+10003'
-73.8625,40.6960,0,5,'NYForest Pkwy10003|NYForest Pkwy10003+NYPark Ln S+10003'
-73.8624,40.7621,0,2,'NY31st Ave10003+NYBuell St+10003|NYBuell St10003'
-73.8624,40.6921,2,7,'NYJamaica Ave10003+NY80th St+10003|NY80th St10003'
-73.8624,40.8402,0,15,'NYUnionport Rd10003+NYLaurel Dr+10003|NYLaurel Dr10003'
-73.8624,40.7345,12,31,'NYHor Harding Expressway en Wb10003'
-73.8624,40.7478,0,2,'NY42nd Ave10003+NY103rd St+10003|NY103rd St10003'
-73.8624,40.8981,0,18,'NYE 235th St10003|NYE 235th St10003+NYWebster Ave+10003'
-73.8624,40.7171,0,7,'NY67th Ave10003|NY67th Ave10003+NYWoodhaven Blvd+10003'
-73.8624,40.7608,1,6,'NYAstoria Blvd10003+NYCouch Pl+10003|NYAstoria Blvd10003+NY107th St+10003|NYCouch Pl10003|NYCouch Pl10003+NY107th St+10003|NY107th St10003'
-73.8624,40.8843,1,22,'NYWhite Plains Rd10003+NYE 220th St+10003'
-73.8624,40.7429,0,5,'NY99th St10003+NY50th Ave+10003|NY50th Ave10003'
-73.8624,40.8714,0,5,'NYMatthews Ave10003'
-73.8624,40.7067,0,3,'NY77th Ave10003+NY87th St+10003|NY87th St10003'
-73.8624,40.8655,0,9,'NYAllerton Ave10003+NYUS Hwy 1+10003|NYAllerton Ave10003+NYBoston Rd+10003'
-73.8624,40.9490,0,1,'NYLarry Pl10003'
-73.8624,40.7301,131,80,'NY63rd Dr10003|NY63rd Dr10003+NYState Hwy 25+10003|NY63rd Dr10003+NY63rd Rd+10003|NY63rd Dr10003+NYQueens Blvd+10003|NYState Hwy 2510002+NY63rd Rd+10002|NY63rd Rd10003|NY63rd Rd10003+NYQueens Blvd+10003'
-73.8623,40.6792,5,9,'NYLiberty Ave10003|NYLiberty Ave10003+NYRuby St+10003|NYLiberty Ave10003+NY75th St+10003|NYLiberty Ave10003+NYLiberty Ave+10003|NYRuby St10003|NYRuby St10003+NYLiberty Ave+10003|NY75th St10003|NY75th St10003+NYLiberty Ave+10003'
-73.8623,40.9064,0,3,'NYWakefield Ave10003+NYHyatt Pl+10003|NYHyatt Pl10003'
-73.8623,40.6852,0,14,'NYRockaway Blvd10003+NY78th St+10003'
-73.8623,40.7377,1,65,'NY57th Ave10003+NY98th St+10003|NY98th St10003'
-73.8623,40.6796,0,7,'NY101st Ave10003+NY75th St+10003|NY75th St10003'
-73.8623,40.8356,3,32,'NYWood Rd10003'
-73.8623,40.7074,0,1,'NY88th St10003+NY76th Ave+10003|NY76th Ave10003'
-73.8623,40.7599,0,13,'NY32nd Ave10003+NY107th St+10003'
-73.8623,40.7204,0,5,'NYEllwell Cres10003+NY65th Dr+10003'
-73.8623,40.5734,0,1,'NYBeach 145th St10003|NYBeach 145th St10003+NYNewport Ave+10003'
-73.8623,40.7058,0,1,'NY87th St10003+NY78th Ave+10003'
-73.8622,40.6816,2,10,'NY97th Ave10003+NY76th St+10003'
-73.8622,40.7509,0,5,'NY39th Ave10003|NY39th Ave10003+NY104th St+10003'
-73.8622,40.6710,0,6,'NYDumont Ave10003+NYForbell St+10003|NYForbell St10003'
-73.8622,40.8988,0,13,'NYE 236th St10003|NYE 236th St10003+NYWebster Ave+10003'
-73.8622,40.6956,0,17,'NYForest Pkwy10003+NY85th Ave+10003|NY85th Ave10003'
-73.8622,40.8304,5,29,'NYGleason Ave10003+NYUnderhill Ave+10003|NYUnderhill Ave10003'
-73.8622,40.7104,0,23,'NY89th St10003|NY89th St10003+NYDoran Ave+10003'
-73.8622,40.7236,0,6,'NYCarlton St10003'
-73.8622,40.8260,1,7,'NYLeland Ave10003|NYLeland Ave10003+NYBruckner Blvd+10003'
-73.8622,40.8908,0,5,'NYE 228th St10003+NYCarpenter Ave+10003'
-73.8621,40.6921,1,11,'NYJamaica Ave10003+NY80th St+10003|NY80th St10003'
-73.8621,40.6844,0,3,'NYAtlantic Ave10003+NY78th St+10003|NY78th St10003'
-73.8621,40.7457,0,7,'NY102nd St10003+NY46th Ave+10003'
-73.8621,40.8508,0,4,'NYNeill Ave10003+NYMuliner Ave+10003'
-73.8621,40.7048,0,5,'NY79th Ave10003|NY79th Ave10003+NY87th St+10003'
-73.8621,40.7251,0,16,'NYCromwell Cres10003'
-73.8621,40.7507,0,10,'NY39th Ave10003|NY39th Ave10003+NY104th St+10003'
-73.8621,40.7539,0,8,'NY37th Ave10003+NY106th St+10003|NY106th St10003'
-73.8621,40.7122,0,9,'NYMetropolitan Ave10003+NYCooper Ave+10003'
-73.8621,40.8175,0,11,'NYTaylor Ave10003+NYSound View Ave+10003'
-73.8621,40.6742,1,3,'NYSutters Ave10003|NYSutters Ave10003+NYSutter Ave+10003|NYSutters Ave10003+NYDrew St+10003|NYSutter Ave10003+NYDrew St+10003|NYDrew St10003'
-73.8621,40.8445,1,2,'NYBarnes Ave10003+NYVan Nest Ave+10003'
-73.8620,40.7624,0,6,'NY31st Ave10003+NYButler St+10003|NYButler St10003'
-73.8620,40.6663,0,1,'NYStanley Ave10003+NYEldert Ln+10003|NYStanley Ave10003+NYElderts Ln+10003|NYEldert Ln10003+NYElderts Ln+10003|NYElderts Ln10003'
-73.8620,40.6779,0,6,'NYRuby St10003+NYGlenmore Ave+10003|NYGlenmore Ave10003|NYGlenmore Ave10003+NY75th St+10003|NYGlenmore Ave10003+NYGlenmore Ave+10003|NY75th St10003+NYGlenmore Ave+10003'
-73.8620,40.8356,0,4,'NYVirginia Ave10003|NYVirginia Ave10003+NYWood Ave+10003'
-73.8620,40.9221,0,1,'NYHuber Pl10003'
-73.8620,40.8544,0,36,'NYLydig Ave10003+NYMuliner Ave+10003'
-73.8620,40.7040,0,4,'NYUnion Trnpike10003+NY87th St+10003|NYUnion Tpke10003+NY87th St+10003|NY87th St10003'
-73.8620,40.9135,0,1,'NYCanterbury Rd10003'
-73.8620,40.7229,0,1,'NY64th Rd10003+NYBoelsen Cres+10003'
-73.8619,40.6830,0,5,'NY95th Ave10003+NY77th St+10003'
-73.8619,40.6949,0,18,'NYForest Pkwy10003+NY85th Rd+10003|NY85th Rd10003'
-73.8619,40.8568,0,19,'NYMuliner Ave10003'
-73.8619,40.8128,0,6,'NYPatterson Ave10003+NYBeach Ave+10003'
-73.8619,40.7578,2,9,'NYState Hwy 25 Alt10002+NY107th St+10002|NYNorthern Blvd10002+NY107th St+10002'
-73.8619,40.7211,0,1,'NYDieterle Cres10003+NY65th Dr+10003'
-73.8619,40.8405,0,5,'NYLaurel Dr10003'
-73.8619,40.8345,2,46,'NYVirginia Ave10003+NYMcGraw Ave+10003'
-73.8618,40.6612,0,1,'NYGrant Ave10003+NYFlatlands Ave+10003|NYGrant Ave10003+NYSheridan Ave+10003|NYGrant Ave10003+NYFlatland Ave+10003|NYFlatlands Ave10003|NYFlatlands Ave10003+NYFlatlands Ave+10003|NYFlatlands Ave10003+NYSheridan Ave+10003|NYFlatlands Ave10003+NYFlatland Ave+10003|NYSheridan Ave10003|NYSheridan Ave10003+NYFlatland Ave+10003|NYFlatland Ave10003'
-73.8618,40.8355,0,14,'NYWest Ave10003'
-73.8618,40.7166,1,14,'NYWoodhaven Blvd10003+NY67th Rd+10003|NY67th Rd10003'
-73.8618,40.6696,0,6,'NYState Rte 2710002+NYForbell St+10002|NYLinden Blvd10002+NYForbell St+10002|NYForbell St10003'
-73.8618,40.8916,0,2,'NYE 229th St10003+NYCarpenter Ave+10003'
-73.8618,40.8574,0,3,'NYBronxwood Ave10003'
-73.8618,40.7451,0,3,'NY102nd St10003+NY47th Ave+10003|NY47th Ave10003'
-73.8618,40.7443,0,12,'NYCorona Ave10003+NY102nd St+10003'
-73.8618,40.6742,2,1,'NYSutters Ave10003|NYSutters Ave10003+NYSutter Ave+10003|NYSutters Ave10003+NYS Conduit Blvd+10003|NYSutter Ave10003+NYS Conduit Blvd+10003'
-73.8618,40.7269,2,39,'NY64th Rd10003|NY64th Rd10003+NYAustin St+10003'
-73.8618,40.8415,0,32,'NYDogwood Dr10003'
-73.8618,40.7500,2,21,'NY104th St10003+NYRoosevelt Ave+10003'
-73.8618,40.7067,0,4,'NY88th St10003+NY77th Ave+10003|NY77th Ave10003'
-73.8617,40.8509,0,4,'NYNeill Ave10003+NYFowler Ave+10003|NYFowler Ave10003'
-73.8617,40.6866,1,43,'NY79th St10003|NY79th St10003+NY91st Ave+10003'
-73.8617,40.8338,0,2,'NYVirginia Ave10003+NYCross Bronx Svc Rd N+10003'
-73.8617,40.6944,0,10,'NYForest Pkwy10003+NY85th Dr+10003|NY85th Dr10003'
-73.8617,40.7450,0,9,'NYNicolls Ave10003+NY102nd St+10003'
-73.8617,40.8283,0,7,'NYWatson Ave10003+NYUnderhill Ave+10003'
-73.8617,40.8172,0,6,'NYRandall Ave10003+NYSound View Ave+10003'
-73.8617,40.6766,0,2,'NYPitkin Ave10003|NYPitkin Ave10003+NYRuby St+10003|NYPitkin Ave10003+NY75th St+10003|NYPitkin Ave10003+NYOld South Rd+10003|NYPitkin Ave10003+NYPitkin Ave+10003|NYRuby St10003+NYOld South Rd+10003|NYRuby St10003+NYPitkin Ave+10003|NY75th St10003+NYOld South Rd+10003|NY75th St10003+NYPitkin Ave+10003|NYOld South Rd10003'
-73.8617,40.8461,0,4,'NYMatthews Ave10003+NYMorris Park Ave+10003'
-73.8617,40.8488,0,1,'NYBronxdale Ave10003+NYMuliner Ave+10003'
-73.8617,40.7345,10,150,'NY97th Pl10003|NY97th Pl10003+NYHorace Harding Blvd+10003'
-73.8617,40.8678,0,6,'NYArnow Ave10003+NYWilliamsbridge Rd+10003'
-73.8617,40.6727,0,3,'NYBlake Ave10003+NYDrew St+10003'
-73.8617,40.6943,0,11,'NYForest Pkwy10003+NY85th Dr+10003|NY85th Dr10003'
-73.8617,40.6845,0,1,'NY78th St10003|NY78th St10003+NYAtlantic Ave+10003'
-73.8617,40.7099,0,10,'NY89th St10003+NYRutledge Ave+10003'
-73.8617,40.7498,0,13,'NY41st Ave10003|NY41st Ave10003+NY104th St+10003'
-73.8617,40.7325,3,103,'NY62nd Dr10003+NY97th St+10003'
-73.8617,40.6900,3,25,'NY88th Ave10003+NY80th St+10003'
-73.8616,40.8769,1,7,'NYTilden St10003+NYBarnes Ave+10003'
-73.8616,40.8785,0,2,'NYE 213th St10003|NYE 213th St10003+NYBarnes Ave+10003'
-73.8616,40.5704,0,3,'NYRockaway Beach Blvd10003+NYBeach 146th St+10003'
-73.8616,40.8238,0,7,'NYStory Ave10003+NYLeland Ave+10003|NYLeland Ave10003'
-73.8616,40.8783,0,2,'NYE 213th St10003|NYE 213th St10003+NYBarnes Ave+10003'
-73.8616,40.7539,0,2,'NY107th St10003|NY107th St10003+NY37th Ave+10003'
-73.8616,40.8305,5,50,'NYWhite Plains Rd10003+NYGleason Ave+10003'
-73.8616,40.7606,1,1,'NYAstoria Blvd10003+NY108th St+10003|NY108th St10003'
-73.8616,40.7562,0,7,'NY34th Ave10003+NY107th St+10003'
-73.8616,40.8114,0,1,'NYBeach Ave10003'
-73.8616,40.8791,1,3,'NYE 214th St10003+NYBarnes Ave+10003'
-73.8616,40.9011,1,4,'NYNereid Ave10003|NYNereid Ave10003+NYBronx River Rd+10003|NYNereid Ave10003+NYMc Lean Ave+10003|NYNereid Ave10003+NYWebster Ave+10003|NYNereid Ave10003+NYMcLean Ave+10003|NYBronx River Rd10003|NYBronx River Rd10003+NYMc Lean Ave+10003|NYBronx River Rd10003+NYWebster Ave+10003|NYBronx River Rd10003+NYMcLean Ave+10003|NYMc Lean Ave10003|NYMc Lean Ave10003+NYWebster Ave+10003|NYWebster Ave10003|NYWebster Ave10003+NYMcLean Ave+10003|NYMcLean Ave10003'
-73.8616,40.7272,0,50,'NYWetherole St10003+NY64th Rd+10003'
-73.8616,40.8330,0,11,'NYHugh J Grant Cir10003|NYHugh J Grant Cir10003+NYWestchester Ave+10003|NYVirginia Ave10003+NYWestchester Ave+10003|NYWestchester Ave10003'
-73.8616,40.7626,12,13,'NY31st Ave10003|NY31st Ave10003+NYDitmars Blvd+10003'
-73.8615,40.7217,0,10,'NYCromwell Cres10003+NY65th Dr+10003'
-73.8615,40.8662,0,5,'NYUS Hwy 110002+NYBronxwood Ave+10002|NYBronxwood Ave10003+NYBoston Rd+10003'
-73.8615,40.7065,0,2,'NY77th Ave10003|NY77th Ave10003+NY88th St+10003'
-73.8615,40.8676,0,2,'NYBronxwood Ave10003+NYWilliamsbridge Rd+10003'
-73.8615,40.9440,0,1,'NYRamsey Ave10003'
-73.8615,40.6799,0,10,'NY101st Ave10003+NY76th St+10003'
-73.8615,40.5737,0,1,'NYBeach 144th St10003+NYNewport Ave+10003'
-73.8615,40.9290,0,1,'NYSumner Ave10003|NYSumner Ave10003+NYStaunton St+10003'
-73.8615,40.8798,1,4,'NYE 215th St10003+NYBarnes Ave+10003'
-73.8615,40.5683,0,1,'NYBeach 147th St10003'
-73.8615,40.6679,1,18,'NYForbell St10003|NYForbell St10003+NYLoring Ave+10003'
-73.8614,40.8454,0,1,'NYMatthews Ave10003+NYKinsella St+10003|NYKinsella St10003'
-73.8614,40.7380,2,104,'NY57th Ave10003+NY98th Pl+10003|NY98th Pl10003'
-73.8614,40.8467,0,2,'NYGraham St10003|NYGraham St10003+NYGraham Pl+10003|NYGraham Pl10003'
-73.8614,40.7033,0,5,'NY81st Ave10003'
-73.8614,40.7298,80,75,'NYState Hwy 2510002+NY63rd Dr+10002|NY63rd Dr10003|NY63rd Dr10003+NYQueens Blvd+10003'
-73.8614,40.6936,0,28,'NYForest Pkwy10003+NY86th Ave+10003|NY86th Ave10003'
-73.8614,40.8996,0,15,'NYBronx River Pkwy10003'
-73.8614,40.7493,0,7,'NY104th St10003+NY41st Ave+10003|NY41st Ave10003'
-73.8614,40.6792,0,3,'NYLiberty Ave10003+NY76th St+10003'
-73.8614,40.6753,0,2,'NYBelmont Ave10003|NYBelmont Ave10003+NYRuby St+10003|NYBelmont Ave10003+NY75th St+10003'
-73.8614,40.8923,0,2,'NYE 230th St10003|NYE 230th St10003+NYCarpenter Ave+10003'
-73.8614,40.7605,2,5,'NYAstoria Blvd10003+NY31st Dr+10003|NY31st Dr10003'
-73.8614,40.7600,2,8,'NY32nd Ave10003|NY32nd Ave10003+NY108th St+10003'
-73.8614,40.6849,0,2,'NYRockaway Blvd10003+NY79th St+10003'
-73.8614,40.8718,0,5,'NYBronxwood Ave10003+NYS Oak Dr+10003|NYS Oak Dr10003'
-73.8614,40.6818,0,8,'NY97th Ave10003+NY77th St+10003'
-73.8614,40.7246,0,16,'NYBoelsen Cres10003'
-73.8614,40.9214,0,1,'NYUpper Mall Walk10003|NYUpper Mall Walk10003+NYHuber Pl+10003'
-73.8614,40.6846,0,1,'NYAtlantic Ave10003+NY79th St+10003|NY79th St10003'
-73.8613,40.7533,0,5,'NY107th St10003+NY37th Rd+10003|NY37th Rd10003'
-73.8613,40.7491,0,2,'NY104th St10003+NY41st Ave+10003|NY41st Ave10003'
-73.8613,40.8731,0,1,'NYDuncan St10003|NYDuncan St10003+NYBronxwood Ave+10003'
-73.8613,40.6711,0,5,'NYDumont Ave10003+NYDrew St+10003'
-73.8613,40.8737,0,7,'NYBartholdi St10003|NYBartholdi St10003+NYBronxwood Ave+10003'
-73.8613,40.7410,2,10,'NY100th St10003|NY100th St10003+NYRadcliff Ave+10003|NYRadcliff Ave10003'
-73.8613,40.8462,0,2,'NYMorris Park Ave10003+NYGraham St+10003|NYMorris Park Ave10003+NYGraham Pl+10003|NYGraham St10003|NYGraham St10003+NYGraham Pl+10003|NYGraham Pl10003'
-73.8613,40.7192,0,17,'NYFitchett St10003+NY66th Ave+10003'
-73.8612,40.8864,1,15,'NYE 223rd St10003+NYWhite Plains Rd+10003'
-73.8612,40.7160,3,9,'NY67th Dr10003|NY67th Dr10003+NYWoodhaven Blvd+10003'
-73.8612,40.7539,0,1,'NY37th Ave10003+NY107th St+10003|NY107th St10003'
-73.8612,40.8261,1,6,'NYBruckner Blvd10003+NYUnderhill Ave+10003|NYUnderhill Ave10003'
-73.8612,40.9112,1,0,'NYSterling Ave10003+NYHunts Bridge Rd+10003'
-73.8612,40.8320,1,10,'NYVirginia Ave10003+NYNewbold Ave+10003|NYNewbold Ave10003'
-73.8612,40.8486,0,3,'NYBronxdale Ave10003+NYRhinelander Ave+10003'
-73.8612,40.7420,0,5,'NY101st St10003+NYChristie Ave+10003'
-73.8612,40.7224,0,3,'NY65th Dr10003'
-73.8612,40.7093,0,6,'NY89th St10003+NY74th Ave+10003'
-73.8612,40.7279,2,130,'NY64th Rd10003+NYBooth St+10003'
-73.8611,40.6930,0,4,'NYForest Pkwy10003+NY86th Rd+10003|NY86th Rd10003'
-73.8611,40.7233,1,4,'NYAsquith Cres10003+NY64th Rd+10003'
-73.8611,40.8473,0,2,'NYDelancey Pl10003|NYDelancey Pl10003+NYMuliner Ave+10003'
-73.8611,40.8745,1,4,'NYMagenta St10003+NYBronxwood Ave+10003'
-73.8611,40.8512,0,1,'NYBogart Ave10003|NYBogart Ave10003+NYNeill Ave+10003'
-73.8611,40.7608,2,21,'NYBuell St10003|NYBuell St10003+NY31st Dr+10003'
-73.8611,40.8376,1,4,'NYWest Ave10003'
-73.8611,40.8355,1,28,'NYParkchester Rd10003|NYParkchester Rd10003+NYWood Ave+10003|NYWood Ave10003'
-73.8611,40.8216,0,16,'NYLeland Ave10003|NYLeland Ave10003+NYLafayette Ave+10003'
-73.8611,40.8336,1,1,'NYCross Bronx Svc Rd N10006'
-73.8611,40.8805,0,1,'NYE 216th St10003+NYBarnes Ave+10003'
-73.8611,40.6779,0,4,'NYGlenmore Ave10003+NY76th St+10003'
-73.8611,40.8888,0,7,'NYE 226th St10003+NYLowerre Pl+10003|NYLowerre Pl10003'
-73.8611,40.7059,0,1,'NY88th St10003+NY78th Ave+10003'
-73.8611,40.6664,0,1,'NYStanley Ave10003+NYForbell St+10003'
-73.8611,40.6832,3,8,'NY95th Ave10003+NY78th St+10003'
-73.8611,40.6743,2,4,'NYSutter Ave10003|NYSutter Ave10003+NYSutter Ave+10003'
-73.8611,40.8444,0,1,'NYMatthews Ave10003|NYMatthews Ave10003+NYBaker Ave+10003|NYBaker Ave10003'
-73.8611,40.8542,0,2,'NYBogart Ave10003+NYColden Ave+10003|NYColden Ave10003'
-73.8611,40.8544,0,1,'NYBogart Ave10003+NYLydig Ave+10003|NYLydig Ave10003'
-73.8611,40.7528,0,37,'NY107th St10003|NY107th St10003+NY37th Dr+10003'
-73.8610,40.8254,0,25,'NYBruckner Blvd10003+NYUnderhill Ave+10003|NYUnderhill Ave10003'
-73.8610,40.8549,0,6,'NYBogart Ave10003+NYWoodmansten Pl+10003|NYWoodmansten Pl10003'
-73.8610,40.6740,0,1,'NYS Conduit Ave10003|NYS Conduit Ave10003+NYRuby St+10003|NYS Conduit Ave10003+NY75th St+10003|NYS Conduit Ave10003+NYS Conduit Blvd+10003|NYRuby St10003|NYRuby St10003+NYS Conduit Blvd+10003|NY75th St10003|NY75th St10003+NYS Conduit Blvd+10003|NYS Conduit Blvd10003'
-73.8610,40.8930,0,11,'NYCarpenter Ave10003+NYE 231st St+10003|NYE 231st St10003'
-73.8610,40.7578,3,28,'NYState Hwy 25 Alt10002+NY108th St+10002|NYNorthern Blvd10002+NY108th St+10002'
-73.8610,40.8129,0,5,'NYTaylor Ave10003+NYPatterson Ave+10003'
-73.8610,40.7485,0,2,'NY104th St10003+NY42nd Ave+10003|NY42nd Ave10003'
-73.8610,40.8565,0,1,'NYBogart Ave10003+NYPaulding Ave+10003|NYPaulding Ave10003'
-73.8610,40.8568,1,27,'NYBogart Ave10003'
-73.8610,40.8406,1,15,'NYDogwood Dr10003'
-73.8610,40.6697,0,7,'NYLinden Blvd10002+NYDrew St+10002'
-73.8610,40.7185,0,17,'NYFitchett St10003+NY66th Rd+10003'
-73.8609,40.9009,0,1,'NYNereid Ave10003+NYBronx River Pkwy+10003'
-73.8609,40.8389,2,37,'NYUnionport Rd10003|NYUnionport Rd10003+NYUnionport Rd+10003'
-73.8609,40.8365,3,29,'NYYankee Mall10003'
-73.8609,40.7090,0,7,'NY89th St10003'
-73.8609,40.8513,0,9,'NYBogart Ave10003|NYBogart Ave10003+NYNeill Ave+10003'
-73.8609,40.9144,1,0,'NYBainton St10003|NYBainton St10003+NYEmpire St+10003'
-73.8609,40.8340,5,52,'NYBenedict Ave10003'
-73.8609,40.6923,0,10,'NYForest Pkwy10003|NYForest Pkwy10003+NYJamaica Ave+10003'
-73.8609,40.6771,0,3,'NYSouth Rd10003|NYSouth Rd10003+NY76th St+10003|NYOld South Rd10003|NYOld South Rd10003+NY76th St+10003'
-73.8609,40.8313,1,9,'NYVirginia Ave10003+NYEllis Ave+10003|NYEllis Ave10003'
-73.8609,40.7483,0,8,'NY42nd Ave10003|NY42nd Ave10003+NY104th St+10003'
-73.8609,40.5761,0,1,'NYCronston Ave10003+NYBeach 142nd St+10003|NYBeach 142nd St10003'
-73.8609,40.8871,0,5,'NYE 224th St10003+NYWhite Plains Rd+10003'
-73.8609,40.8336,1,3,'NYMetropolitan Ave10003'
-73.8608,40.8163,3,7,'NYThieriot Ave10003+NYSound View Ave+10003'
-73.8608,40.7309,5,72,'NY63rd Rd10003+NY97th St+10003'
-73.8608,40.5707,2,5,'NYRockaway Beach Blvd10003+NYBeach 145th St+10003'
-73.8608,40.7348,22,142,'NY98th St10003|NY98th St10003+NYHorace Harding Blvd+10003'
-73.8608,40.6847,1,9,'NYRockaway Blvd10003+NYAtlantic Ave+10003|NYRockaway Blvd10003+NY80th St+10003|NYAtlantic Ave10003+NY80th St+10003|NY80th St10003'
-73.8608,40.7327,2,81,'NY97th Pl10003|NY97th Pl10003+NY62nd Dr+10003'
-73.8608,40.6767,0,5,'NYOld South Rd10003+NY76th St+10003|NY76th St10003+NYPitkin Ave+10003'
-73.8608,40.7296,15,50,'NY64th Ave10003|NY64th Ave10003+NYState Hwy 25+10003|NY64th Ave10003+NYQueens Blvd+10003'
-73.8608,40.7285,2,121,'NY64th Rd10003+NYSaunders St+10003'
-73.8607,40.9102,0,1,'NYBlackford Ave10003+NYWoodbine St+10003|NYWoodbine St10003'
-73.8607,40.7120,0,10,'NYAubrey Ave10003|NYAubrey Ave10003+NYMetropolitan Ave+10003'
-73.8607,40.9430,0,4,'NYMile Square Rd10003+NYGreenwood Rd+10003|NYGreenwood Rd10003'
-73.8607,40.6613,0,2,'NYFlatlands Ave10003+NYEldert Ln+10003|NYEldert Ln10003+NYFlatland Ave+10003'
-73.8607,40.7563,3,16,'NY34th Ave10003+NY108th St+10003'
-73.8607,40.7396,0,6,'NYLewis Ave10003|NYLewis Ave10003+NY99th St+10003|NYLewis Ave10003+NY55th Ave+10003|NY99th St10003+NY55th Ave+10003'
-73.8607,40.8954,1,5,'NYE 234th St10003|NYE 234th St10003+NYBronx Blvd+10003'
-73.8607,40.7241,0,12,'NYAsquith Cres10003'
-73.8607,40.8240,1,14,'NYStory Ave10003+NYUnderhill Ave+10003'
-73.8607,40.8812,0,6,'NYE 217th St10003+NYBarnes Ave+10003'
-73.8607,40.8385,1,8,'NYUnionport Rd10003'
-73.8607,40.8895,0,2,'NYE 227th St10003|NYE 227th St10003+NYLowerre Pl+10003'
-73.8607,40.6648,0,1,'NYWortman Ave10003+NYForbell St+10003'
-73.8607,40.9083,0,2,'NYGlen Rd10003+NYHyatt Ave+10003|NYHyatt Ave10003'
-73.8607,40.8284,5,15,'NYWatson Ave10003+NYWhite Plains Rd+10003'
-73.8607,40.5739,0,5,'NYBeach 143rd St10003+NYNewport Ave+10003'
-73.8606,40.7178,0,6,'NYFitchett St10003+NY67th Ave+10003'
-73.8606,40.7478,0,21,'NY104th St10003+NY43rd Ave+10003'
-73.8606,40.8631,0,5,'NYMace Ave10003+NYRadcliff Ave+10003|NYRadcliff Ave10003'
-73.8606,40.7155,1,7,'NY68th Ave10003|NY68th Ave10003+NYWoodhaven Blvd+10003'
-73.8606,40.8937,0,11,'NYE 232nd St10003|NYE 232nd St10003+NYCarpenter Ave+10003'
-73.8606,40.8195,1,10,'NYLeland Ave10003|NYLeland Ave10003+NYSeward Ave+10003'
-73.8606,40.9260,0,1,'NYPage Ave10003+NYOnondaga St+10003'
-73.8606,40.6801,0,4,'NY101st Ave10003+NY77th St+10003'
-73.8606,40.7304,0,17,'NY63rd Dr10003+NY97th St+10003|NY97th St10003'
-73.8606,40.6548,1,0,'NYFountain Ave10003'
-73.8606,40.8536,0,3,'NYLydig Ave10003|NYLydig Ave10003+NYColden Ave+10003'
-73.8606,40.7554,1,10,'NY35th Ave10003|NY35th Ave10003+NY108th St+10003'
-73.8605,40.8381,0,5,'NYMetropolitan Ave10003'
-73.8605,40.8374,2,22,'NYParkchester Rd10003|NYParkchester Rd10003+NYWood Rd+10003|NYParkchester Rd10003+NYMetropolitan Ave+10003|NYMetropolitan Ave10003|NYMetropolitan Ave10003+NYWood Rd+10003|NYMetropolitan Ave10003+NYMetropolitan Ave+10003|NYWood Rd10003|NYWood Rd10003+NYMetropolitan Ave+10003'
-73.8605,40.7614,3,16,'NYDitmars Blvd10003+NY31st Dr+10003'
-73.8605,40.8664,0,1,'NYRadcliff Ave10003+NYWilliamsbridge Rd+10003'
-73.8605,40.9109,0,1,'NYStevens Ave10003|NYStevens Ave10003+NYHunts Bridge Rd+10003'
-73.8605,40.8669,0,1,'NYUS Hwy 110002+NYRadcliff Ave+10002|NYBoston Rd10002+NYRadcliff Ave+10002'
-73.8605,40.8355,0,50,'NYEast Ave10003'
-73.8605,40.6547,0,1,'NYShore Pkwy10002|NYShore Pkwy10002+NYShore Pkwy+10002'
-73.8605,40.6821,0,7,'NY97th Ave10003+NY78th St+10003'
-73.8605,40.6848,0,10,'NYAtlantic Ave10003+NY80th St+10003|NY80th St10003'
-73.8605,40.6793,0,3,'NY77th St10003+NYLiberty Ave+10003'
-73.8605,40.7350,7,42,'NYHor Harding Expressway en Eb10003'
-73.8605,40.7578,4,11,'NY109th St10003|NY109th St10003+NYState Hwy 25 Alt+10003|NY109th St10003+NYNorthern Blvd+10003'
-73.8605,40.7424,0,4,'NYChristie Ave10003+NY102nd St+10003'
-73.8604,40.7546,0,14,'NY108th St10003+NY36th Ave+10003|NY36th Ave10003'
-73.8604,40.7539,0,4,'NY108th St10003|NY108th St10003+NY37th Ave+10003'
-73.8604,40.6713,0,1,'NYDumont Ave10003|NYDumont Ave10003+NYDumont Ave+10003|NYDumont Ave10003+NY135th Ave+10003|NYDumont Ave10003+NYRuby St+10003|NYDumont Ave10003+NY75th St+10003|NY135th Ave10003|NY135th Ave10003+NYRuby St+10003|NY135th Ave10003+NY75th St+10003|NYRuby St10003|NYRuby St10003+NYRuby St+10003|NY75th St10003|NY75th St10003+NYRuby St+10003'
-73.8604,40.8329,0,10,'NYCross Bronx Expy10006'
-73.8604,40.7603,1,13,'NYAstoria Blvd10003+NY110th St+10003|NY110th St10003'
-73.8603,40.8333,3,13,'NYWestchester Ave10003'
-73.8603,40.7172,0,16,'NYFitchett St10003|NYFitchett St10003+NY67th Rd+10003'
-73.8603,40.8464,0,5,'NYDelancey Pl10003|NYDelancey Pl10003+NYMorris Park Ave+10003'
-73.8603,40.8820,0,22,'NYE 218th St10003+NYBarnes Ave+10003'
-73.8603,40.8364,3,77,'NYEast Ave10003+NYYankee Mall+10003|NYYankee Mall10003'
-73.8603,40.9459,1,1,'NYCalvi Ln10003|NYCalvi Ln10003+NYBryn Mawr Ter+10003'
-73.8603,40.7236,0,4,'NYAlderton St10003+NY64th Rd+10003'
-73.8603,40.8388,2,13,'NYUnionport Rd10003'
-73.8603,40.8902,0,3,'NYE 228th St10003+NYLowerre Pl+10003'
-73.8603,40.6748,0,1,'NYN Conduit Ave10003+NY76th St+10003|NY76th St10003'
-73.8603,40.7539,1,12,'NY37th Ave10003+NY108th St+10003|NY108th St10003'
-73.8603,40.7354,23,162,'NYHorace Harding Expy10003+NYHor Harding Expressway en Wb+10003|NYHor Harding Expressway en Wb10003|NYHor Harding Expressway en Wb10003+NYHorace Harding Blvd+10003'
-73.8603,40.8744,0,2,'NYMagenta St10003+NYRadcliff Ave+10003|NYRadcliff Ave10003'
-73.8603,40.8299,0,27,'NYVirginia Ave10003+NYPowell Ave+10003|NYPowell Ave10003'
-73.8602,40.7399,1,4,'NYLewis Ave10003|NYLewis Ave10003+NY55th Ave+10003|NYLewis Ave10003+NY100th St+10003|NYLewis Ave10003+NYLewis Ave+10003|NY55th Ave10003|NY55th Ave10003+NY100th St+10003|NY55th Ave10003+NYLewis Ave+10003|NY100th St10003|NY100th St10003+NYLewis Ave+10003'
-73.8602,40.8490,0,8,'NYFowler Ave10003+NYRhinelander Ave+10003'
-73.8602,40.8549,0,4,'NYWoodmansten Pl10003|NYWoodmansten Pl10003+NYPaulding Ave+10003'
-73.8602,40.7294,30,75,'NY64th Rd10003|NY64th Rd10003+NYState Hwy 25+10003|NY64th Rd10003+NYQueens Blvd+10003'
-73.8602,40.8218,0,3,'NYUnderhill Ave10003|NYUnderhill Ave10003+NYLafayette Ave+10003'
-73.8602,40.6835,1,10,'NY95th Ave10003+NY80th St+10003'
-73.8602,40.8523,0,4,'NYBrady Ave10003'
-73.8602,40.9121,0,1,'NYKimball Ave10003+NYHildreth Pl+10003|NYHildreth Pl10003'
-73.8602,40.6964,0,9,'NY85th St10003|NY85th St10003+NYPark Ln S+10003'
-73.8602,40.7047,1,18,'NYUnion Trnpike10003+NY88th St+10003|NYUnion Tpke10003+NY88th St+10003'
-73.8601,40.6780,0,10,'NY77th St10003+NYGlenmore Ave+10003'
-73.8601,40.8530,0,3,'NYColden Ave10003+NYRadcliff Ave+10003|NYRadcliff Ave10003'
-73.8601,40.8568,0,7,'NYHone Ave10003'
-73.8601,40.8174,0,2,'NYLeland Ave10003+NYRandall Ave+10003'
-73.8601,40.8516,0,10,'NYNeill Ave10003+NYRadcliff Ave+10003'
-73.8601,40.8255,0,15,'NYBruckner Blvd10003+NYBolton Ave+10003|NYBolton Ave10003'
-73.8601,40.6935,2,6,'NY86th Rd10003'
-73.8601,40.6665,0,5,'NYStanley Ave10003+NYDrew St+10003'
-73.8601,40.8547,0,8,'NYEsplanade Ave10003|NYEsplanade Ave10003+NYPaulding Ave+10003'
-73.8601,40.8885,0,3,'NYE 226th St10003+NYWhite Plains Rd+10003'
-73.8601,40.8763,0,17,'NYBronxwood Ave10003+NYE 211th St+10003|NYE 211th St10003'
-73.8601,40.7384,3,49,'NY57th Ave10003+NY99th St+10003'
-73.8601,40.8130,0,2,'NYPatterson Ave10003+NYThieriot Ave+10003'
-73.8601,40.6960,0,3,'NY85th St10003+NY85th Ave+10003|NY85th Ave10003'
-73.8600,40.6699,1,3,'NYLinden Blvd10002+NYRuby St+10002'
-73.8600,40.7149,9,12,'NY68th Rd10003|NY68th Rd10003+NYWoodhaven Blvd+10003'
-73.8600,40.5710,0,1,'NYRockaway Beach Blvd10003+NYBeach 144th St+10003'
-73.8600,40.7618,7,8,'NY31st Dr10003'
-73.8600,40.7232,0,5,'NYAsquith Cres10003'
-73.8600,40.7531,0,14,'NY108th St10003+NY37th Dr+10003'
-73.8600,40.6868,0,12,'NY81st St10003|NY81st St10003+NY91st Ave+10003'
-73.8600,40.7031,0,6,'NY81st Rd10003'
-73.8600,40.8378,0,11,'NYMetropolitan Ave10003'
-73.8599,40.8372,0,46,'NYEast Ave10003'
-73.8599,40.8827,0,4,'NYE 219th St10003+NYBarnes Ave+10003'
-73.8599,40.8292,0,11,'NYVirginia Ave10003+NYHaviland Ave+10003|NYHaviland Ave10003'
-73.8599,40.6850,0,4,'NYAtlantic Ave10003+NY81st St+10003|NY81st St10003'
-73.8599,40.7579,1,2,'NYState Hwy 25 Alt10002+NY110th St+10002|NYNorthern Blvd10002+NY110th St+10002|NY110th St10003'
-73.8599,40.8909,0,1,'NYE 229th St10003+NYLowerre Pl+10003'
-73.8599,40.7464,0,38,'NY46th Ave10003+NY104th St+10003'
-73.8599,40.6770,0,3,'NYSouth Rd10003|NYSouth Rd10003+NY77th St+10003|NY77th St10003+NYOld South Rd+10003|NYOld South Rd10003'
-73.8599,40.7330,2,107,'NY98th St10003|NY98th St10003+NY62nd Dr+10003'
-73.8599,40.7419,0,1,'NY102nd St10003+NYRadcliff Ave+10003'
-73.8599,40.7434,0,10,'NYAlstyne Ave10003+NY103rd St+10003'
-73.8599,40.9031,0,6,'NYBronx River Rd10003+NYScott Ave+10003|NYScott Ave10003'
-73.8599,40.8968,0,7,'NYE 236th St10003+NYBronx Blvd+10003'
-73.8599,40.7441,0,10,'NY103rd St10003'
-73.8599,40.7257,0,37,'NY65th Rd10003'
-73.8598,40.6952,0,11,'NY85th St10003+NY85th Rd+10003'
-73.8598,40.8951,2,17,'NYE 234th St10003+NYCarpenter Ave+10003'
-73.8598,40.6767,0,5,'NY77th St10003+NYOld South Rd+10003|NY77th St10003+NYPitkin Ave+10003'
-73.8598,40.8388,1,13,'NYMetropolitan Ave10003'
-73.8598,40.7237,0,3,'NY64th Rd10003'
-73.8598,40.9263,0,1,'NYPage Ave10003+NYStaunton St+10003'
-73.8598,40.8597,0,1,'NYColden Ave10003'
-73.8598,40.5689,0,2,'NYBeach 145th St10003'
-73.8598,40.8241,1,14,'NYStory Ave10003+NYBolton Ave+10003'
-73.8598,40.7116,15,19,'NYWoodhaven Blvd10003+NYDoran Ave+10003|NYDoran Ave10003'
-73.8598,40.7259,1,31,'NYAustin St10003+NY65th Rd+10003'
-73.8598,40.7098,0,4,'NY74th Ave10003|NY74th Ave10003+NYWoodhaven Blvd+10003'
-73.8598,40.8769,0,2,'NYBronxwood Ave10003+NYTilden St+10003'
-73.8597,40.8378,0,15,'NYMetropolitan Oval10003'
-73.8597,40.8400,0,23,'NYHawthorne Dr10003'
-73.8597,40.7377,0,27,'NY58th Ave10003|NY58th Ave10003+NY99th St+10003'
-73.8597,40.6804,2,3,'NY101st Ave10003+NY78th St+10003'
-73.8597,40.7564,0,10,'NY109th St10003+NY34th Ave+10003'
-73.8597,40.8153,0,3,'NYLacombe Ave10003+NYSound View Ave+10003'
-73.8597,40.7126,5,11,'NYWoodhaven Blvd10003+NYPolo Pl+10003|NYPolo Pl10003'
-73.8597,40.8263,5,8,'NYWhite Plains Rd10003+NYBruckner Blvd+10003'
-73.8597,40.6947,0,16,'NY85th St10003+NY85th Dr+10003|NY85th Dr10003'
-73.8597,40.8892,0,5,'NYE 227th St10003'
-73.8597,40.7291,12,84,'NYState Hwy 2510002+NY64th Rd+10002|NYQueens Blvd10002+NY64th Rd+10002|NY64th Rd10003'
-73.8597,40.7092,0,3,'NYWoodhaven Blvd10003+NY75th Ave+10003|NY75th Ave10003'
-73.8597,40.7105,0,1,'NY73rd Ave10003|NY73rd Ave10003+NYWoodhaven Blvd+10003'
-73.8597,40.8196,0,5,'NYSeward Ave10003+NYUnderhill Ave+10003|NYUnderhill Ave10003'
-73.8597,40.7106,0,5,'NYRutledge Ave10003|NYRutledge Ave10003+NYWoodhaven Blvd+10003'
-73.8596,40.6845,0,9,'NYRockaway Blvd10003+NY81st St+10003'
-73.8596,40.7225,1,9,'NYBoelsen Cres10003'
-73.8596,40.7136,4,15,'NYYellowstone Blvd10003|NYYellowstone Blvd10003+NYWoodhaven Blvd+10003|NYYellowstone Blvd10003+NYCooper Ave+10003|NYWoodhaven Blvd10003+NYCooper Ave+10003|NYCooper Ave10003'
-73.8596,40.8285,4,13,'NYVirginia Ave10003+NYWatson Ave+10003'
-73.8596,40.7041,0,5,'NY81st Ave10003+NY88th St+10003'
-73.8596,40.8655,0,4,'NYWilliamsbridge Rd10003+NYColden Ave+10003'
-73.8596,40.9106,0,4,'NYHyatt Ave10003'
-73.8596,40.6823,0,10,'NY97th Ave10003+NY80th St+10003'
-73.8596,40.6746,0,2,'NYN Conduit Ave10003+NYSutter Ave+10003'
-73.8596,40.6851,0,7,'NY81st St10003|NY81st St10003+NYAtlantic Ave+10003'
-73.8596,40.9327,0,2,'NYMc Kinley Ave10003+NYMansion Ave+10003|NYMansion Ave10003'
-73.8596,40.8110,0,1,'NYObrien Ave10003|NYObrien Ave10003+NYObrien Ave+10003|NYObrien Ave10003+NYThieriot Ave+10003|NYObrien Ave10004|NYObrien Ave10004+NYThieriot Ave+10004|NYThieriot Ave10003'
-73.8596,40.7523,1,36,'NY108th St10003+NY38th Ave+10003'
-73.8596,40.8260,1,7,'NYBruckner Expy10001+NYWhite Plains Rd+10001|NYWhite Plains Rd10003+NYI 278+10003'
-73.8596,40.7085,2,3,'NYWoodhaven Blvd10003+NY76th Ave+10003|NY76th Ave10003'
-73.8596,40.7457,0,13,'NY104th St10003+NY47th Ave+10003'
-73.8596,40.8834,0,19,'NYE 220th St10003+NYBarnes Ave+10003'
-73.8596,40.7134,1,2,'NYTrotting Course Ln10003|NYTrotting Course Ln10003+NYWoodhaven Blvd+10003|NYTrotting Course Ln10003+NYNansen St+10003|NYWoodhaven Blvd10003+NYNansen St+10003|NYNansen St10003'
-73.8595,40.8677,0,3,'NYUS Hwy 110002+NYArnow Ave+10002|NYUS Hwy 110002+NYColden Ave+10002|NYArnow Ave10003+NYBoston Rd+10003|NYBoston Rd10002+NYColden Ave+10002'
-73.8595,40.6793,0,4,'NY78th St10003+NYLiberty Ave+10003'
-73.8595,40.8917,0,17,'NYE 230th St10003+NYLowerre Pl+10003|NYLowerre Pl10003'
-73.8595,40.6755,0,1,'NYBelmont Ave10003|NYBelmont Ave10003+NY77th St+10003'
-73.8595,40.9061,0,1,'NYHart Ave10003|NYHart Ave10003+NYNew Ave+10003|NYNew Ave10003'
-73.8595,40.7579,1,4,'NYState Hwy 25 Alt10002+NY110th St+10002|NYNorthern Blvd10002+NY110th St+10002|NY110th St10003'
-73.8595,40.9246,1,1,'NYCentral Park Ave S10003+NYOnondaga St+10003|NYOnondaga St10003'
-73.8595,40.8536,0,5,'NYLydig Ave10003+NYPaulding Ave+10003'
-73.8595,40.6714,1,0,'NYEmerald St10003|NYEmerald St10003+NYDumont Ave+10003|NYEmerald St10003+NYEmerald St+10003|NYEmerald St10003+NY135th Ave+10003|NYDumont Ave10003+NYEmerald St+10003|NYDumont Ave10003+NY76th St+10003|NYEmerald St10003+NY76th St+10003|NY135th Ave10003+NY76th St+10003|NY76th St10003'
-73.8594,40.7430,0,4,'NYChristie Ave10003+NY103rd St+10003'
-73.8594,40.8958,0,2,'NYCarpenter Ave10003+NYE 235th St+10003|NYE 235th St10003'
-73.8594,40.8467,0,9,'NYBronxdale Ave10003+NYMorris Park Ave+10003'
-73.8594,40.8493,0,8,'NYBogart Ave10003+NYRhinelander Ave+10003'
-73.8594,40.7265,0,124,'NYWetherole St10003+NY65th Rd+10003'
-73.8594,40.7218,0,8,'NYCromwell Cres10003'
-73.8594,40.6937,0,7,'NY85th St10003+NY86th Ave+10003'
-73.8594,40.8256,3,10,'NYBruckner Blvd10003+NYWhite Plains Rd+10003'
-73.8594,40.8378,0,20,'NYUnionport Rd10003'
-73.8594,40.7370,2,22,'NY59th Ave10003|NY59th Ave10003+NY99th St+10003'
-73.8594,40.7614,11,8,'NYGrand Central Pkwy10002|NYGrand Central Pkwy10002+NYGrand Central Pkwy+10002'
-73.8594,40.8553,0,15,'NYEsplanade Ave10003+NYHone Ave+10003'
-73.8594,40.7214,0,3,'NYAlderton St10003+NYDartmouth St+10003|NYDartmouth St10003'
-73.8593,40.7413,0,4,'NY102nd St10003+NYStrong Ave+10003|NYStrong Ave10003'
-73.8593,40.8520,0,12,'NYColden Ave10003+NYNeill Ave+10003'
-73.8593,40.7210,0,18,'NYDieterle Cres10003'
-73.8593,40.6837,0,3,'NY95th Ave10003+NY81st St+10003'
-73.8593,40.8278,0,9,'NYVirginia Ave10003+NYBlackrock Ave+10003|NYBlackrock Ave10003'
-73.8593,40.6746,0,4,'NY77th St10003+NYSutter Ave+10003'
-73.8593,40.7556,1,6,'NY35th Ave10003|NY35th Ave10003+NY109th St+10003'
-73.8593,40.6966,0,27,'NYPark Ln S10003+NY86th St+10003|NY86th St10003'
-73.8593,40.6745,0,2,'NY77th St10003|NY77th St10003+NYN Conduit Ave+10003'
-73.8593,40.8777,1,16,'NYBronxwood Ave10003+NYE 213th St+10003'
-73.8593,40.7318,2,67,'NY98th St10003|NY98th St10003+NY63rd Rd+10003'
-73.8593,40.8219,0,28,'NYBolton Ave10003|NYBolton Ave10003+NYLafayette Ave+10003'
-73.8592,40.5713,1,1,'NYRockaway Beach Blvd10003+NYBeach 143rd St+10003'
-73.8592,40.8769,0,2,'NYE 212th St10003|NYE 212th St10003+NYTilden St+10003'
-73.8592,40.5767,0,1,'NYCronston Ave10003+NYBeach 140th St+10003'
-73.8592,40.8385,2,34,'NYMetropolitan Ave10003'
-73.8592,40.7203,0,14,'NYEllwell Cres10003'
-73.8592,40.7451,0,6,'NY104th St10003+NY48th Ave+10003|NY48th Ave10003'
-73.8592,40.7600,0,14,'NYAstoria Blvd10003+NYDitmars Blvd+10003|NYAstoria Blvd10003+NY111th St+10003|NYDitmars Blvd10003|NYDitmars Blvd10003+NY111th St+10003|NY111th St10003'
-73.8592,40.8175,1,2,'NYUnderhill Ave10003+NYRandall Ave+10003'
-73.8592,40.7067,0,3,'NYWoodhaven Blvd10003+NY78th Ave+10003'
-73.8592,40.7515,1,26,'NY108th St10003+NY39th Ave+10003'
-73.8592,40.6667,0,2,'NYStanley Ave10003+NYRuby St+10003'
-73.8591,40.8568,1,3,'NYLurting Ave10003'
-73.8591,40.7035,0,8,'NY81st Rd10003+NY88th St+10003'
-73.8591,40.7195,0,21,'NYFleet St10003|NYFleet St10003+NYAlderton St+10003|NYFleet St10003+NY66th Ave+10003|NYAlderton St10003+NY66th Ave+10003|NY66th Ave10003'
-73.8591,40.6925,3,17,'NY85th St10003+NYJamaica Ave+10003'
-73.8591,40.6869,0,4,'NY82nd St10003|NY82nd St10003+NY91st Ave+10003'
-73.8591,40.7364,0,26,'NY99th St10003+NY60th Ave+10003|NY60th Ave10003'
-73.8591,40.7448,0,1,'NYNicolls Ave10003|NYNicolls Ave10003+NY104th St+10003'
-73.8591,40.8381,0,15,'NYUnionport Rd10003'
-73.8591,40.8334,1,4,'NYCross Bronx Expy10006|NYCross Bronx Expy10006+NYWestchester Ave+10006|NYWestchester Ave10003+NYCross Bronx Svc Rd N+10003|NYCross Bronx Svc Rd N10006'
-73.8590,40.7188,0,4,'NYAlderton St10003+NY66th Rd+10003|NY66th Rd10003'
-73.8590,40.8965,1,4,'NYE 236th St10003+NYCarpenter Ave+10003'
-73.8590,40.7271,2,115,'NYBooth St10003+NY65th Rd+10003'
-73.8590,40.8459,0,3,'NYBronxdale Ave10003+NYKinsella St+10003|NYKinsella St10003'
-73.8590,40.7062,0,4,'NY79th Ave10003|NY79th Ave10003+NYWoodhaven Blvd+10003'
-73.8590,40.7125,0,12,'NYTrotting Course Ln10003+NYPolo Pl+10003|NYPolo Pl10003'
-73.8590,40.8271,0,6,'NYVirginia Ave10003+NYChatterton Ave+10003|NYChatterton Ave10003'
-73.8590,40.7387,0,45,'NY57th Ave10003|NY57th Ave10003+NYCalloway St+10003|NY57th Ave10003+NY100th St+10003|NY57th Ave10003+NYMartense Ave+10003|NYCalloway St10003|NYCalloway St10003+NY100th St+10003|NYCalloway St10003+NYMartense Ave+10003|NY100th St10003|NY100th St10003+NYMartense Ave+10003|NYMartense Ave10003'
-73.8590,40.9144,0,1,'NYAbner Pl10003|NYAbner Pl10003+NYYonkers Ave+10003'
-73.8590,40.8391,1,22,'NYMetropolitan Ave10003|NYMetropolitan Ave10003+NYHawthorne Dr+10003|NYMetropolitan Ave10003+NYMetropolitan Ave+10003|NYHawthorne Dr10003|NYHawthorne Dr10003+NYMetropolitan Ave+10003'
-73.8590,40.6953,0,18,'NY86th St10003+NY85th Rd+10003'
-73.8590,40.7181,0,8,'NY67th Ave10003|NY67th Ave10003+NYAlderton St+10003'
-73.8589,40.9266,0,1,'NYMcMahon10003|NYMcMahon10003+NYMile Square Rd+10003|NYMcMahon10003+NYMurray Ave+10003|NYMcMahon10003+NYPage Ave+10003|NYMile Square Rd10003+NYMurray Ave+10003|NYMile Square Rd10003+NYPage Ave+10003|NYMurray Ave10003|NYMurray Ave10003+NYPage Ave+10003|NYPage Ave10003'
-73.8589,40.6734,1,1,'NYAmber St10003|NYAmber St10003+NYS Conduit Ave+10003|NYS Conduit Ave10003+NY77th St+10003|NY77th St10003'
-73.8589,40.8750,0,3,'NYColden Ave10003|NYColden Ave10003+NYE Gun Hill Rd+10003'
-73.8589,40.5726,0,1,'NYNeponsit Ave10003|NYNeponsit Ave10003+NYBeach 142nd St+10003'
-73.8589,40.7548,0,41,'NY109th St10003+NY36th Ave+10003|NY36th Ave10003'
-73.8589,40.6860,0,3,'NYClemente Ct10003|NYClemente Ct10003+NY82nd St+10003'
-73.8589,40.7579,1,4,'NYState Hwy 25 Alt10002+NY111th St+10002|NYNorthern Blvd10002+NY111th St+10002|NY111th St10003'
-73.8589,40.7359,17,46,'NY99th St10003|NY99th St10003+NYHorace Harding Expy+10003|NY99th St10003+NYHorace Harding Blvd+10003'
-73.8589,40.7425,0,2,'NY103rd St10003+NYRadcliff Ave+10003|NYRadcliff Ave10003'
-73.8589,40.7444,5,15,'NY104th St10003+NY49th Ave+10003|NY49th Ave10003'
-73.8589,40.7174,0,15,'NYAlderton St10003+NY67th Rd+10003|NY67th Rd10003'
-73.8589,40.8377,0,69,'NYUnionport Rd10003|NYUnionport Rd10003+NYUnionport Rd+10003'
-73.8589,40.7310,0,30,'NY98th St10003+NY63rd Dr+10003'
-73.8588,40.9320,0,1,'NYCross County Pkwy10002+NYMurray Ave+10002'
-73.8588,40.6919,1,1,'NY85th St10003+NY87th Ave+10003|NY87th Ave10003'
-73.8588,40.7565,1,6,'NY34th Ave10003+NY110th St+10003'
-73.8588,40.7070,0,2,'NY78th Ave10003'
-73.8588,40.6806,2,15,'NY101st Ave10003+NY80th St+10003'
-73.8588,40.7167,0,7,'NY67th Dr10003|NY67th Dr10003+NYAlderton St+10003'
-73.8588,40.8612,0,1,'NYPaulding Ave10003'
-73.8588,40.7433,0,13,'NYChristie Ave10003|NYChristie Ave10003+NY104th St+10003|NY104th St10003'
-73.8588,40.7408,0,9,'NY102nd St10003+NYLewis Ave+10003'
-73.8588,40.7507,4,40,'NY108th St10003+NYRoosevelt Ave+10003'
-73.8588,40.8630,2,3,'NYMace Ave10003+NYPaulding Ave+10003|NYPaulding Ave10003'
-73.8587,40.6890,0,10,'NY89th Ave10003+NY84th St+10003|NY84th St10003'
-73.8587,40.6826,0,3,'NY97th Ave10003+NY81st St+10003'
-73.8587,40.9327,0,1,'NYMc Kinley Ave10003|NYMc Kinley Ave10003+NYMurray Ave+10003'
-73.8587,40.8643,1,7,'NYPaulding Ave10003+NYWilliamsbridge Rd+10003'
-73.8587,40.8470,0,11,'NYMorris Park Ave10003+NYFowler Ave+10003'
-73.8587,40.8400,0,22,'NYPine Dr10003'
-73.8587,40.7160,0,4,'NY68th Ave10003|NY68th Ave10003+NYAlderton St+10003'
-73.8587,40.6853,0,1,'NY82nd Pl10003|NY82nd Pl10003+NYAtlantic Ave+10003|NY82nd Pl10003+NY82nd St+10003|NYAtlantic Ave10003+NY82nd St+10003|NY82nd St10003'
-73.8587,40.8264,1,3,'NYVirginia Ave10003|NYVirginia Ave10003+NYBruckner Blvd+10003'
-73.8587,40.9331,0,1,'NYMurray Ave10003+NYTaft Ave+10003|NYTaft Ave10003'
-73.8587,40.8558,0,1,'NYLurting Ave10003+NYEsplanade Ave+10003'
-73.8587,40.7423,0,3,'NY103rd St10003+NY51st Ave+10003|NY51st Ave10003'
-73.8587,40.8453,2,8,'NYBronxdale Ave10003+NYVan Nest Ave+10003'
-73.8587,40.8111,0,2,'NYObrien Ave10003+NYLeland Ave+10003'
-73.8587,40.8986,0,1,'NYE 237th St10003+NYBronx Blvd+10003'
-73.8586,40.9050,0,4,'NYBronx River Rd10003+NYNew Pl+10003|NYNew Pl10003'
-73.8586,40.7288,6,57,'NY65th Ave10003|NY65th Ave10003+NYState Hwy 25+10003|NY65th Ave10003+NYQueens Blvd+10003'
-73.8586,40.7349,0,21,'NY62nd Ave10011'
-73.8586,40.7030,0,12,'NY88th St10003|NY88th St10003+NY82nd Ave+10003|NY82nd Ave10003'
-73.8586,40.8497,0,6,'NYRadcliff Ave10003+NYRhinelander Ave+10003'
-73.8586,40.7278,2,111,'NYSaunders St10003+NY65th Rd+10003'
-73.8586,40.8677,0,3,'NYPaulding Ave10003+NYArnow Ave+10003'
-73.8586,40.6794,0,4,'NY79th St10003|NY79th St10003+NYLiberty Ave+10003'
-73.8586,40.6912,0,7,'NY85th St10003+NY87th Rd+10003|NY87th Rd10003'
-73.8586,40.9258,1,1,'NYCentral Park Ave S10003+NYMile Square Rd+10003'
-73.8586,40.8324,0,40,'NYCross Bronx Expy10006+NYNewbold Ave+10006|NYNewbold Ave10003'
-73.8586,40.6755,0,4,'NYBelmont Ave10003|NYBelmont Ave10003+NY78th St+10003'
-73.8586,40.6842,0,2,'NYRockaway Blvd10003+NY82nd St+10003'
-73.8586,40.8686,0,14,'NYUS Hwy 110002+NYPaulding Ave+10002|NYPaulding Ave10003+NYBoston Rd+10003'
-73.8586,40.7579,1,13,'NY111th St10003|NY111th St10003+NYState Hwy 25 Alt+10003|NY111th St10003+NYNorthern Blvd+10003'
-73.8586,40.7353,10,15,'NYHorace Harding Blvd10003+NY99th St+10003|NY99th St10003'
-73.8585,40.9178,0,1,'NYThurton Pl10003'
-73.8585,40.6938,0,6,'NY86th Ave10003+NY86th St+10003'
-73.8585,40.7152,6,53,'NYYellowstone Blvd10003+NY68th Rd+10003|NYYellowstone Blvd10003+NYAlderton St+10003|NY68th Rd10003|NY68th Rd10003+NYAlderton St+10003'
-73.8585,40.8524,0,3,'NYPaulding Ave10003+NYNeill Ave+10003'
-73.8585,40.7303,1,51,'NY64th Ave10003+NY98th St+10003'
-73.8585,40.6884,0,11,'NY90th Ave10003|NY90th Ave10003+NY84th St+10003'
-73.8585,40.8104,0,2,'NYLeland Ave10003|NYLeland Ave10003+NYHarding Park+10003|NYLeland Ave10003+NYA St+10003|NYHarding Park10003|NYHarding Park10003+NYA St+10003|NYA St10003'
-73.8585,40.7342,0,92,'NY62nd Rd10003'
-73.8584,40.7539,0,15,'NY37th Ave10003+NY109th St+10003|NY109th St10003'
-73.8584,40.8228,1,13,'NYTurnbull Ave10003'
-73.8584,40.7389,0,2,'NYXenia St10003|NYXenia St10003+NYMartense Ave+10003'
-73.8584,40.8731,0,7,'NYDuncan St10003+NYPaulding Ave+10003'
-73.8584,40.5769,0,1,'NYCronston Ave10003+NYBeach 139th St+10003'
-73.8584,40.7500,0,21,'NY108th St10003+NY41st Ave+10003'
-73.8584,40.7136,0,11,'NYAlderton St10003+NYNansen St+10003|NYNansen St10003'
-73.8584,40.6747,14,21,'NY78th St10003+NYSutter Ave+10003'
-73.8584,40.8855,0,10,'NYE 223rd St10003+NYBarnes Ave+10003'
-73.8584,40.7381,0,46,'NY58th Ave10003|NY58th Ave10003+NYCalloway St+10003'
-73.8584,40.8395,0,49,'NYMetropolitan Ave10003+NYPine Dr+10003|NYPine Dr10003'
-73.8583,40.9541,0,1,'NYHerrmann Pl10003|NYHerrmann Pl10003+NYTuckahoe Rd+10003'
-73.8583,40.7350,0,23,'NY62nd Ave10011|NY62nd Ave10011+NY62nd Ave+10011|NY62nd Ave10011+NY99th St+10011|NY62nd Ave10003|NY62nd Ave10003+NY99th St+10003'
-73.8583,40.6967,0,11,'NY87th St10003|NY87th St10003+NYPark Ln S+10003'
-73.8583,40.7419,0,6,'NY103rd St10003+NYStrong Ave+10003|NYStrong Ave10003'
-73.8583,40.9082,0,1,'NYGlen Rd10003+NYHart Ave+10003|NYHart Ave10003'
-73.8583,40.6877,0,1,'NY90th Rd10003|NY90th Rd10003+NY84th St+10003'
-73.8583,40.7030,0,16,'NYMyrtle Ave10003+NYInterborough Pkwy+10003'
-73.8583,40.8066,2,3,'NYP St10003|NYP St10003+NYHarding Park+10003|NYHarding Park10003'
-73.8583,40.8176,0,9,'NYRandall Ave10003+NYBolton Ave+10003'
-73.8583,40.6781,2,6,'NY79th St10003+NYGlenmore Ave+10003'
-73.8583,40.7323,3,69,'NY98th Pl10003|NY98th Pl10003+NY63rd Rd+10003'
-73.8583,40.6875,0,1,'NY91st Ave10003|NY91st Ave10003+NY84th St+10003'
-73.8583,40.6741,0,2,'NYN Conduit Ave10003+NY78th St+10003|NY78th St10003'
-73.8582,40.7196,0,11,'NYFleet St10003+NYGroton St+10003|NYGroton St10003'
-73.8582,40.7238,0,15,'NYBurns St10003'
-73.8582,40.7056,1,10,'NYUnion Trnpike10003+NYWoodhaven Blvd+10003|NYUnion Tpke10003+NYWoodhaven Blvd+10003'
-73.8582,40.8962,0,3,'NYE 236th St10003+NYMatilda Ave+10003|NYMatilda Ave10003'
-73.8582,40.6855,0,4,'NYAtlantic Ave10003+NY83rd St+10003|NY83rd St10003'
-73.8582,40.6794,1,6,'NYLiberty Ave10003+NY80th St+10003|NY80th St10003'
-73.8582,40.7010,0,4,'NY88th Pl10003'
-73.8582,40.5695,0,4,'NYBeach 143rd St10003|NYBeach 143rd St10003+NYOcean Promenade+10003|NYOcean Promenade10003'
-73.8582,40.6701,1,1,'NYAmber St10003+NYState Rte 27+10003|NYAmber St10003+NYLinden Blvd+10003'
-73.8582,40.7116,1,9,'NYTrotting Course Ln10003+NYAlderton St+10003|NYTrotting Course Ln10003+NYMetropolitan Ave+10003|NYAlderton St10003|NYAlderton St10003+NYMetropolitan Ave+10003'
-73.8582,40.6926,2,21,'NYJamaica Ave10003+NY86th St+10003'
-73.8582,40.7296,1,45,'NY98th St10003+NY64th Rd+10003'
-73.8582,40.9348,1,1,'NYMidland Ave10003+NYMidland Ave Byp+10003|NYMidland Ave Byp10003'
-73.8582,40.7596,11,10,'NYAstoria Blvd10003+NY112th St+10003|NY112th St10003'
-73.8582,40.8090,0,1,'NYHarding Park10003|NYHarding Park10003+NYBronx River Ave+10003|NYHarding Park10003+NYGildersleeve Ave+10003|NYBronx River Ave10003|NYBronx River Ave10003+NYGildersleeve Ave+10003|NYGildersleeve Ave10003'
-73.8581,40.5748,0,2,'NYBeach 140th St10003+NYNewport Ave+10003'
-73.8581,40.8569,0,5,'NYHaight Ave10003'
-73.8581,40.9650,0,2,'NYRidge Hill Rd10003'
-73.8581,40.8350,4,40,'NYPugsley Ave10003|NYPugsley Ave10003+NYMcGraw Ave+10003'
-73.8581,40.6939,0,5,'NY86th Ave10003'
-73.8581,40.6899,0,4,'NY85th St10003+NY88th Rd+10003|NY88th Rd10003'
-73.8581,40.7417,0,3,'NY52nd Ave10003|NY52nd Ave10003+NY103rd St+10003'
-73.8581,40.7237,0,54,'NYBurns St10003+NYThornton Pl+10003|NYThornton Pl10003'
-73.8581,40.7286,12,82,'NYState Hwy 2510002+NY65th Rd+10002|NY65th Rd10003|NY65th Rd10003+NYQueens Blvd+10003'
-73.8581,40.7245,0,3,'NY66th Ave10003'
-73.8581,40.7855,0,3,'NY14th Ave10003'
-73.8581,40.7494,0,18,'NY108th St10003+NY42nd Ave+10003'
-73.8580,40.8105,0,1,'NYHarding Park Camp10003|NYHarding Park Camp10003+NYA St+10003|NYHarding Camp10003|NYHarding Camp10003+NYA St+10003'
-73.8580,40.6871,0,3,'NY91st Ave10003|NY91st Ave10003+NY84th St+10003'
-73.8580,40.8747,0,1,'NYPaulding Ave10003+NYE Gun Hill Rd+10003'
-73.8580,40.6862,0,1,'NYClemente Ct10003'
-73.8580,40.7343,1,35,'NY62nd Rd10003+NY99th St+10003'
-73.8580,40.9081,0,1,'NYGlen Rd10003+NYHart Ave+10003|NYHart Ave10003'
-73.8580,40.7029,0,4,'NY88th Pl10003'
-73.8580,40.7401,0,7,'NYLarue Ave10003|NYLarue Ave10003+NY102nd St+10003'
-73.8580,40.7392,0,6,'NY101st St10003|NY101st St10003+NYMartense Ave+10003'
-73.8580,40.8081,0,1,'NYC St10003|NYC St10003+NYBronx River Ave+10003'
-73.8579,40.8564,0,2,'NYEsplanade Ave10003+NYHaight Ave+10003'
-73.8579,40.8408,0,5,'NYRedwood Oak Dr10003|NYRedwood Oak Dr10003+NYRed Oak Dr+10003|NYRed Oak Dr10003'
-73.8579,40.7567,1,13,'NY111th St10003+NY34th Ave+10003'
-73.8579,40.6894,0,1,'NY85th St10003+NY89th Ave+10003|NY89th Ave10003'
-73.8579,40.6809,0,10,'NY101st Ave10003+NY81st St+10003'
-73.8579,40.8474,1,12,'NYBogart Ave10003+NYMorris Park Ave+10003'
-73.8579,40.8543,0,17,'NYLurting Ave10003+NYLydig Ave+10003'
-73.8579,40.6616,0,3,'NY75th St10003|NY75th St10003+NYFlatlands Ave+10003|NY75th St10003+NY156th Ave+10003|NY75th St10003+NY75th St+10003|NY75th St10003+NYFlatland Ave+10003|NYFlatlands Ave10003|NYFlatlands Ave10003+NY156th Ave+10003|NYFlatlands Ave10003+NY75th St+10003|NYFlatlands Ave10003+NYRuby St+10003|NY156th Ave10003|NY156th Ave10003+NY75th St+10003|NY156th Ave10003+NYRuby St+10003|NY156th Ave10003+NYFlatland Ave+10003|NY75th St10003+NYRuby St+10003|NYRuby St10003|NYRuby St10003+NYFlatland Ave+10003|NYFlatland Ave10003'
-73.8579,40.9109,0,2,'NY1st St10003+NYAltamont Pl+10003|NYAltamont Pl10003'
-73.8579,40.6892,0,5,'NY85th St10003+NY89th Ave+10003|NY89th Ave10003'
-73.8579,40.6828,0,2,'NY97th Ave10003+NY82nd St+10003'
-73.8578,40.8983,0,3,'NYE 237th St10003+NYCarpenter Ave+10003'
-73.8578,40.7290,1,35,'NY98th St10003+NY65th Ave+10003'
-73.8578,40.7540,0,4,'NY37th Ave10003+NY37th Dr+10003|NY37th Dr10003'
-73.8578,40.8056,1,0,'NYHarding Park10003|NYHarding Park10003+NYU St+10003|NYU St10003'
-73.8578,40.8501,0,36,'NYColden Ave10003+NYRhinelander Ave+10003'
-73.8578,40.6828,0,2,'NY97th Ave10003+NYCulloden Pl+10003|NYCulloden Pl10003'
-73.8578,40.8998,0,3,'NYNereid Ave10003+NYBronx Blvd+10003'
-73.8578,40.6795,0,3,'NY80th St10003|NY80th St10003+NYLiberty Ave+10003'
-73.8578,40.6685,0,5,'NYAmber St10003+NYLoring Ave+10003'
-73.8578,40.7414,0,12,'NYLewis Ave10003|NYLewis Ave10003+NY103rd St+10003'
-73.8578,40.7249,1,87,'NYAustin St10003+NY66th Ave+10003'
-73.8578,40.7580,2,85,'NY112th St10003+NYNorthern Blvd+10003'
-73.8577,40.7228,0,72,'NYClyde St10003|NYClyde St10003+NYThornton Pl+10003'
-73.8577,40.9065,0,1,'NYBronx River Rd10003+NYCourtney Pl+10003|NYCourtney Pl10003'
-73.8577,40.7313,3,111,'NY98th Pl10003|NY98th Pl10003+NY63rd Dr+10003'
-73.8577,40.8336,1,23,'NYWestchester Ave10003+NYPugsley Ave+10003'
-73.8577,40.8112,0,12,'NYObrien Ave10003+NYHarding Park+10003|NYObrien Ave10003+NYUnderhill Ave+10003|NYHarding Park10003|NYHarding Park10003+NYUnderhill Ave+10003|NYUnderhill Ave10003'
-73.8577,40.8134,0,1,'NYPatterson Ave10003+NYSound View Ave+10003'
-73.8577,40.7487,1,16,'NY108th St10003+NY43rd Ave+10003'
-73.8577,40.8623,0,12,'NYHone Ave10003|NYHone Ave10003+NYWilliamsbridge Rd+10003'
-73.8577,40.8527,0,4,'NYNeill Ave10003+NYHone Ave+10003'
-73.8577,40.7164,0,26,'NYYellowstone Blvd10003+NYKessel St+10003|NYKessel St10003'
-73.8577,40.8090,0,1,'NYB St10003|NYB St10003+NYHarding Park Camp+10003|NYB St10003+NYHarding Camp+10003|NYB St10003+NYGildersleeve Ave+10003|NYB St10003+NYA St+10003|NYB St10003+NYHarding Park+10003|NYHarding Park Camp10003+NYA St+10003|NYHarding Park Camp10003+NYHarding Park+10003|NYHarding Camp10003+NYA St+10003|NYHarding Camp10003+NYHarding Park+10003|NYGildersleeve Ave10003+NYA St+10003|NYGildersleeve Ave10003+NYHarding Park+10003|NYA St10003|NYA St10003+NYHarding Park+10003|NYHarding Park10003'
-73.8577,40.7394,0,6,'NYGranger St10003|NYGranger St10003+NYMartense Ave+10003'
-73.8577,40.8457,1,7,'NYVan Nest Ave10003+NYFowler Ave+10003'
-73.8577,40.8399,0,14,'NYMetropolitan Ave10003+NYMaple Dr+10003|NYMaple Dr10003'
-73.8577,40.9339,1,0,'NYLoomis Ave10003'
-73.8577,40.7337,0,102,'NY62nd Dr10003+NY99th St+10003'
-73.8576,40.7440,0,7,'NY50th Ave10003'
-73.8576,40.8694,0,8,'NYHone Ave10003+NYUS Hwy 1+10003|NYHone Ave10003+NYBoston Rd+10003'
-73.8576,40.6842,0,3,'NY95th Ave10003+NY83rd St+10003'
-73.8576,40.8869,0,6,'NYE 225th St10003+NYBarnes Ave+10003'
-73.8576,40.5772,0,1,'NYCronston Ave10003+NYBeach 138th St+10003'
-73.8576,40.8755,0,4,'NYPaulding Ave10003+NYE 211th St+10003'
-73.8576,40.6802,0,4,'NY102nd Ave10003|NY102nd Ave10003+NY81st St+10003'
-73.8576,40.8139,0,8,'NYMurray Ct10003'
-73.8575,40.5720,0,3,'NYRockaway Beach Blvd10003+NYBeach 141st St+10003'
-73.8575,40.7108,1,6,'NY73rd Ave10003|NY73rd Ave10003+NYTrotting Course Ln+10003|NYTrotting Course Ln10003'
-73.8575,40.7541,0,3,'NY37th Ave10003+NY110th St+10003|NY110th St10003'
-73.8575,40.7412,0,3,'NY53rd Ave10003|NY53rd Ave10003+NY103rd St+10003'
-73.8575,40.6908,0,7,'NY88th Ave10003+NY86th St+10003'
-73.8575,40.8326,0,4,'NYCross Bronx Expy10006+NYPugsley Ave+10006|NYPugsley Ave10003|NYPugsley Ave10003+NYCross Bronx Svc Rd N+10003'
-73.8575,40.7060,0,7,'NYMargaret Pl10003|NYMargaret Pl10003+NYUnion Trnpike+10003|NYMargaret Pl10003+NYUnion Tpke+10003'
-73.8575,40.8409,3,13,'NYRedwood Oak Dr10003|NYRedwood Oak Dr10003+NYRedwood Oak Dr+10003|NYRedwood Oak Dr10003+NYRed Oak Dr+10003|NYRed Oak Dr10003|NYRed Oak Dr10003+NYRed Oak Dr+10003|NYRed Oak Dr10003+NYRedwood Oak Dr+10003'
-73.8575,40.6600,0,1,'NY75th St10003|NY75th St10003+NY157th Ave+10003|NY157th Ave10003'
-73.8575,40.6782,0,3,'NY80th St10003+NYGlenmore Ave+10003|NYGlenmore Ave10003'
-73.8575,40.7197,0,23,'NYSelfridge St10003'
-73.8575,40.8604,0,15,'NYStell Pl10003|NYStell Pl10003+NYWilliamsbridge Rd+10003'
-73.8575,40.9080,0,2,'NYGlen Rd10003+NYLaurel Pl+10003'
-73.8575,40.8695,0,8,'NYAdee Ave10003+NYUS Hwy 1+10003|NYAdee Ave10003+NYBoston Rd+10003'
-73.8574,40.6969,0,12,'NYPark Ln S10003+NY88th St+10003|NY88th St10003'
-73.8574,40.8384,1,30,'NYMaple Dr10003'
-73.8574,40.8745,0,1,'NYHone Ave10003|NYHone Ave10003+NYE Gun Hill Rd+10003'
-73.8574,40.7050,0,14,'NY81st Ave10003|NY81st Ave10003+NYWoodhaven Blvd+10003'
-73.8574,40.9262,0,1,'NYSouth Dr10003|NYSouth Dr10003+NYCentral Park Ave+10003'
-73.8574,40.7283,8,42,'NY98th St10003|NY98th St10003+NYState Hwy 25+10003|NY98th St10003+NY65th Rd+10003|NY98th St10003+NYQueens Blvd+10003|NYState Hwy 2510002+NY65th Rd+10002|NY65th Rd10003|NY65th Rd10003+NYQueens Blvd+10003'
-73.8574,40.7481,0,9,'NY108th St10003+NY44th Ave+10003'
-73.8574,40.8320,0,3,'NYPugsley Ave10003|NYPugsley Ave10003+NYCross Bronx Expy+10003'
-73.8574,40.6857,1,10,'NYAtlantic Ave10003+NY84th St+10003'
-73.8574,40.8960,0,3,'NYRichardson Ave10003|NYRichardson Ave10003+NYE 236th St+10003'
-73.8574,40.6878,0,4,'NY85th St10003+NY91st Ave+10003'
-73.8574,40.7217,0,12,'NYDartmouth St10003+NYThornton Pl+10003'
-73.8573,40.7440,1,4,'NY106th St10003|NY106th St10003+NY50th Ave+10003'
-73.8573,40.8326,0,1,'NYCross Bronx Expy10006+NYNewbold Ave+10006|NYNewbold Ave10003|NYNewbold Ave10003+NYCross Bronx Svc Rd N+10003'
-73.8573,40.6839,0,1,'NYRockaway Blvd10003+NYCulloden Pl+10003|NYCulloden Pl10003'
-73.8573,40.5699,0,1,'NYBeach 142nd St10003|NYBeach 142nd St10003+NYBeach 141st St+10003|NYBeach 142nd St10003+NYOcean Promenade+10003|NYBeach 141st St10003|NYBeach 141st St10003+NYOcean Promenade+10003|NYOcean Promenade10003'
-73.8573,40.8318,0,23,'NYPugsley Ave10003+NYEllis Ave+10003'
-73.8573,40.5750,0,1,'NYBeach 139th St10003+NYNewport Ave+10003'
-73.8573,40.6926,0,15,'NY87th St10003+NYJamaica Ave+10003'
-73.8573,40.7330,1,131,'NY99th St10003+NY63rd Ave+10003|NY63rd Ave10003'
-73.8573,40.7397,0,3,'NY102nd St10003|NY102nd St10003+NYMartense Ave+10003'
-73.8573,40.7479,0,8,'NY108th St10003+NY45th Ave+10003'
-73.8573,40.7011,0,1,'NY88th Ln10003'
-73.8573,40.7257,3,188,'NYWetherole St10003+NY66th Ave+10003'
-73.8573,40.7215,1,28,'NY67th Ave10003|NY67th Ave10003+NYThornton Pl+10003'
-73.8573,40.8569,1,7,'NYEsplanade Ave10003+NYTomlinson Ave+10003|NYTomlinson Ave10003'
-73.8573,40.6703,1,4,'NYSapphire St10003+NYState Rte 27+10003|NYSapphire St10003+NYLinden Blvd+10003|NYState Rte 2710002|NYState Rte 2710002+NYState Rte 27+10002|NYState Rte 2710002+NY78th St+10002|NYState Rte 2710002+NYLinden Blvd+10002|NY78th St10003+NYLinden Blvd+10003|NYLinden Blvd10002|NYLinden Blvd10002+NYLinden Blvd+10002'
-73.8573,40.6796,0,2,'NY102nd Rd10003|NY102nd Rd10003+NY81st St+10003'
-73.8572,40.6795,0,4,'NY81st St10003|NY81st St10003+NYLiberty Ave+10003'
-73.8572,40.8222,1,27,'NYStickball Blvd10003|NYStickball Blvd10003+NYLafayette Ave+10003'
-73.8572,40.7377,0,59,'NY59th Ave10003|NY59th Ave10003+NYCalloway St+10003'
-73.8572,40.7174,0,21,'NYYellowstone Blvd10003+NYSelfridge St+10003'
-73.8572,40.7449,1,23,'NY106th St10003|NY106th St10003+NY49th Ave+10003'
-73.8572,40.8762,0,4,'NYPaulding Ave10003+NYE 212th St+10003'
-73.8572,40.6956,0,13,'NY85th Rd10003+NY88th St+10003'
-73.8572,40.8311,1,42,'NYPugsley Ave10003+NYGleason Ave+10003'
-73.8572,40.8128,0,2,'NYBolton Ave10003+NYSound View Ave+10003'
-73.8572,40.7541,0,8,'NY37th Ave10003+NY111th St+10003|NY111th St10003'
-73.8571,40.7170,1,38,'NYSelfridge St10003+NYJuno St+10003|NYJuno St10003'
-73.8571,40.7218,0,32,'NYDartmouth St10003+NY67th Ave+10003'
-73.8571,40.7408,0,7,'NYLarue Ave10003|NYLarue Ave10003+NY103rd St+10003'
-73.8571,40.8477,0,11,'NYMorris Park Ave10003+NYRadcliff Ave+10003'
-73.8571,40.7209,0,17,'NYExeter St10003|NYExeter St10003+NYThornton Pl+10003'
-73.8571,40.8547,0,5,'NYLydig Ave10003+NYHaight Ave+10003'
-73.8571,40.6896,0,5,'NY89th Ave10003+NY86th St+10003'
-73.8571,40.7569,2,15,'NY112th St10003+NY34th Ave+10003'
-73.8571,40.7399,0,3,'NYPenrod St10003|NYPenrod St10003+NYMartense Ave+10003'
-73.8571,40.7162,0,20,'NYSelfridge St10003+NYKessel St+10003'
-73.8570,40.7325,5,184,'NY63rd Rd10003+NY99th St+10003'
-73.8570,40.8979,0,2,'NYE 237th St10003+NYMatilda Ave+10003'
-73.8570,40.6811,0,6,'NY101st Ave10003+NY82nd St+10003|NY82nd St10003'
-73.8570,40.6830,0,1,'NY83rd St10003|NY83rd St10003+NY97th Ave+10003'
-73.8570,40.9315,0,1,'NYCentral Park Ave S10003+NYCross County Pkwy+10003'
-73.8570,40.8995,0,5,'NYNereid Ave10003+NYCarpenter Ave+10003'
-73.8570,40.8401,1,53,'NYMetropolitan Ave10003+NYRedwood Oak Dr+10003|NYMetropolitan Ave10003+NYRed Oak Dr+10003|NYRedwood Oak Dr10003|NYRedwood Oak Dr10003+NYRed Oak Dr+10003|NYRed Oak Dr10003'
-73.8570,40.7473,0,12,'NY108th St10003+NY46th Ave+10003'
-73.8570,40.7177,0,24,'NYYellowstone Blvd10003+NYIngram St+10003|NYIngram St10003'
-73.8570,40.7246,3,79,'NYAustin St10003'
-73.8570,40.8942,3,28,'NYWhite Plains Rd10003+NYE 234th St+10003'
-73.8570,40.7581,4,144,'NYState Hwy 25 Alt10002+NY112th Pl+10002|NYNorthern Blvd10002+NY112th Pl+10002|NY112th Pl10003'
-73.8569,40.7154,0,5,'NYSelfridge St10003+NYLoubet St+10003|NYLoubet St10003'
-73.8569,40.7032,1,10,'NY88th Ln10003|NY88th Ln10003+NY83rd Ave+10003|NY83rd Ave10003'
-73.8569,40.6734,1,4,'NY79th St10003|NY79th St10003+NYN Conduit Ave+10003|NYN Conduit Ave10003|NYN Conduit Ave10003+NYN Conduit Ave+10003'
-73.8569,40.8612,0,10,'NYLurting Ave10003'
-73.8569,40.7432,0,14,'NYAlstyne Ave10003|NYAlstyne Ave10003+NY51st Ave+10003'
-73.8569,40.9127,0,1,'NYStevens Ave10003'
-73.8569,40.8531,0,9,'NYLurting Ave10003+NYNeill Ave+10003'
-73.8569,40.8461,0,5,'NYBogart Ave10003+NYVan Nest Ave+10003'
-73.8569,40.7263,0,84,'NY66th Ave10003+NYBooth St+10003'
-73.8569,40.8435,0,2,'NYPierce Ave10003|NYPierce Ave10003+NYBronxdale Ave+10003'
-73.8568,40.6686,0,3,'NYSapphire St10003+NY149th Ave+10003|NYSapphire St10003+NYLoring Ave+10003|NY149th Ave10003|NY149th Ave10003+NY78th St+10003|NY149th Ave10003+NYLoring Ave+10003|NY78th St10003+NYLoring Ave+10003|NYLoring Ave10003'
-73.8568,40.7145,0,5,'NYSelfridge St10003+NYManse St+10003|NYManse St10003'
-73.8568,40.8412,0,6,'NYRed Oak Dr10003|NYRedwood Oak Dr10003'
-73.8568,40.8319,1,10,'NYCross Bronx Expy10006+NYEllis Ave+10006|NYEllis Ave10003'
-73.8568,40.7845,0,6,'NY14th Rd10003|NY14th Rd10003+NY110th St+10003'
-73.8568,40.8883,1,5,'NYE 227th St10003+NYBarnes Ave+10003'
-73.8568,40.8113,0,2,'NYObrien Ave10003+NYBolton Ave+10003'
-73.8568,40.8769,0,1,'NYPaulding Ave10003+NYE 213th St+10003'
-73.8568,40.7416,0,5,'NY53rd Ave10003+NY104th St+10003|NY104th St10003'
-73.8568,40.5775,0,3,'NYCronston Ave10003+NYBeach 137th St+10003'
-73.8567,40.7138,0,7,'NYSelfridge St10003+NYBaldwin Ave+10003|NYSelfridge St10003+NY68th Ave+10003|NYSelfridge St10003+NYNansen St+10003|NYBaldwin Ave10003|NYBaldwin Ave10003+NYNansen St+10003|NY68th Ave10003|NY68th Ave10003+NYNansen St+10003|NYNansen St10003'
-73.8567,40.7046,3,13,'NY81st Rd10003+NYWoodhaven Blvd+10003'
-73.8567,40.6600,0,3,'NY76th St10003|NY76th St10003+NY157th Ave+10003'
-73.8567,40.6831,0,2,'NYDigby Pl10003|NYDigby Pl10003+NY97th Ave+10003'
-73.8567,40.8062,0,1,'NYHarding Park10003|NYHarding Park10003+NYR St+10003|NYR St10003'
-73.8567,40.7224,1,37,'NYClyde St10003+NY67th Ave+10003'
-73.8567,40.7542,0,13,'NY111th St10003|NY111th St10003+NY37th Ave+10003'
-73.8567,40.7532,0,7,'NY38th Ave10003+NY111th St+10003'
-73.8567,40.7199,0,50,'NYThornton Pl10003'
-73.8566,40.8092,0,1,'NYG St10003|NYG St10003+NYGildersleeve Ave+10003'
-73.8566,40.7466,0,13,'NY108th St10003+NY47th Ave+10003'
-73.8566,40.7129,2,41,'NYSelfridge St10003+NYOlcott St+10003|NYOlcott St10003'
-73.8566,40.9175,0,1,'NYSherwood Ave10003+NYRidgewood Ave+10003'
-73.8566,40.6971,0,3,'NYPark Ln S10003+NY89th St+10003|NY89th St10003'
-73.8566,40.9078,1,4,'NYBronx River Rd10003+NYGlen Rd+10003|NYGlen Rd10003'
-73.8566,40.8949,1,0,'NYWhite Plains Rd10003+NYE 235th St+10003'
-73.8566,40.7603,10,15,'NYGrand Central Pkwy N10003|NYGrand Central Pkwy N10003+NYGrand Central Pkwy+10003'
-73.8565,40.7184,0,25,'NYYellowstone Blvd10003+NYHarrow St+10003|NYHarrow St10003'
-73.8565,40.9348,1,0,'NYCentral Park Ave S10003|NYCentral Park Ave S10003+NYCentral Park Ave S+10003|NYCentral Park Ave S10003+NYMidland Ave+10003|NYCentral Park Ave S10003+NYMidland Ave Byp+10003|NYCentral Park Ave S10002|NYCentral Park Ave S10002+NYMidland Ave+10002|NYCentral Park Ave S10002+NYMidland Ave Byp+10002|NYMidland Ave10003|NYMidland Ave10003+NYMidland Ave Byp+10003|NYMidland Ave Byp10003'
-73.8565,40.6880,0,18,'NY86th St10003+NY91st Ave+10003'
-73.8565,40.8742,0,2,'NYLurting Ave10003|NYLurting Ave10003+NYE Gun Hill Rd+10003'
-73.8565,40.9090,1,5,'NYLaurel Pl10003'
-73.8565,40.5753,0,1,'NYBeach 138th St10003+NYNewport Ave+10003'
-73.8565,40.6734,0,3,'NY80th St10003|NY80th St10003+NYN Conduit Ave+10003'
-73.8565,40.7270,2,164,'NYSaunders St10003+NY66th Ave+10003'
-73.8565,40.6672,0,2,'NYStanley Ave10003|NYStanley Ave10003+NYSapphire St+10003|NYStanley Ave10003+NY78th St+10003'
-73.8565,40.7404,0,3,'NY103rd St10003|NY103rd St10003+NYMartense Ave+10003'
-73.8565,40.9357,0,2,'NYMidland Ave10003|NYMidland Ave10003+NYCentral Park Ave S+10003'
-73.8564,40.7113,0,16,'NYSelfridge St10003|NYSelfridge St10003+NYMetropolitan Ave+10003'
-73.8564,40.9315,0,1,'NYCross County Pkwy10002+NYCentral Park Ave+10002'
-73.8564,40.8776,0,2,'NYPaulding Ave10003+NYE 214th St+10003'
-73.8564,40.6670,0,3,'NYSapphire St10003+NY151st Ave+10003|NY151st Ave10003|NY151st Ave10003+NY78th St+10003'
-73.8564,40.9016,0,3,'NYE 239th St10003+NYBronx Blvd+10003'
-73.8564,40.6837,0,2,'NYRockaway Blvd10003+NYDigby Pl+10003|NYRockaway Blvd10003+NY84th St+10003|NYDigby Pl10003|NYDigby Pl10003+NY84th St+10003'
-73.8564,40.8890,0,4,'NYE 228th St10003+NYBarnes Ave+10003'
-73.8564,40.6927,0,9,'NYJamaica Ave10003+NY88th St+10003'
-73.8564,40.7144,0,7,'NYManse St10003+NYBaldwin Ave+10003|NYManse St10003+NY68th Ave+10003'
-73.8564,40.7404,1,7,'NYWaldron St10003|NYWaldron St10003+NYMartense Ave+10003'
-73.8564,40.7199,0,13,'NYDane Pl10003'
-73.8564,40.8576,3,5,'NYEsplanade Ave10003+NYWilliamsbridge Rd+10003'
-73.8563,40.9062,0,1,'NYWakefield Ave10003+NYBronx River Pkwy+10003'
-73.8563,40.7279,3,49,'NYState Hwy 2510002+NY66th Ave+10002|NY66th Ave10003|NY66th Ave10003+NYQueens Blvd+10003'
-73.8563,40.7367,8,29,'NYOtis Ave10003+NYHorace Harding Expy+10003|NYOtis Ave10003+NYHorace Harding Blvd+10003'
-73.8563,40.7018,1,4,'NY89th St10003'
-73.8563,40.7230,1,26,'NYBurns St10003+NY67th Ave+10003'
-73.8563,40.7459,0,16,'NY108th St10003+NY48th Ave+10003'
-73.8563,40.8136,1,4,'NYCompton Ave10003|NYCompton Ave10003+NYPatterson Ave+10003|NYCompton Ave10003+NYWhite Plains Rd+10003|NYPatterson Ave10003'
-73.8563,40.8481,0,8,'NYColden Ave10003+NYMorris Park Ave+10003'
-73.8563,40.6957,0,8,'NY89th St10003+NY85th Rd+10003'
-73.8563,40.7363,18,20,'NYOtis Ave10003|NYOtis Ave10003+NYI 495+10003|NYOtis Ave10003+NYLong Island Expy+10003'
-73.8563,40.7524,0,5,'NY39th Ave10003+NY111th St+10003'
-73.8562,40.8976,0,3,'NYRichardson Ave10003+NYE 237th St+10003'
-73.8562,40.8550,1,9,'NYLydig Ave10003+NYTomlinson Ave+10003'
-73.8562,40.9453,0,1,'NYPalmer Rd10003|NYPalmer Rd10003+NYPalmer Rd+10003'
-73.8562,40.6814,0,2,'NY101st Ave10003+NY83rd St+10003|NY83rd St10003'
-73.8562,40.6898,1,31,'NY87th St10003+NY89th Ave+10003'
-73.8562,40.8438,0,1,'NYPierce Ave10003+NYFowler Ave+10003|NYFowler Ave10003'
-73.8562,40.8421,1,7,'NYElm Dr10003|NYElm Dr10003+NYE Tremont Ave+10003'
-73.8562,40.6833,0,1,'NY97th Ave10003+NY84th St+10003'
-73.8562,40.8956,0,3,'NYWhite Plains Rd10003+NYE 236th St+10003'
-73.8562,40.7360,1,1,'NYHorace Harding Blvd10003+NY102nd St+10003|NY102nd St10003'
-73.8562,40.7356,1,24,'NY62nd Ave10003+NY102nd St+10003'
-73.8562,40.8268,0,14,'NYPugsley Ave10003+NYBruckner Blvd+10003'
-73.8561,40.7190,1,44,'NYYellowstone Blvd10003+NYGroton St+10003'
-73.8561,40.7027,3,9,'NY89th St10003'
-73.8561,40.8114,0,6,'NYObrien Ave10003+NYSound View Ave+10003'
-73.8561,40.7591,2,7,'NY114th St10003|NY114th St10003+NYAstoria Blvd+10003|NYAstoria Blvd10003|NYAstoria Blvd10003+NYAstoria Blvd+10003'
-73.8561,40.8569,2,19,'NYWilliamsbridge Rd10003+NYLaconia Ave+10003|NYLaconia Ave10003'
-73.8561,40.8416,0,7,'NYElm Dr10003'
-73.8561,40.8782,1,8,'NYE 215th St10003+NYPaulding Ave+10003'
-73.8561,40.8464,1,9,'NYRadcliff Ave10003+NYVan Nest Ave+10003'
-73.8561,40.6655,0,6,'NYWortman Ave10003|NYWortman Ave10003+NYSapphire St+10003|NYWortman Ave10003+NY78th St+10003|NYWortman Ave10003+NY153rd Ave+10003|NYSapphire St10003+NY153rd Ave+10003|NY78th St10003+NY153rd Ave+10003|NY153rd Ave10003'
-73.8560,40.8712,0,4,'NYUS Hwy 110002+NYBurke Ave+10002|NYBurke Ave10003+NYBoston Rd+10003'
-73.8560,40.8897,0,3,'NYE 229th St10003+NYBarnes Ave+10003'
-73.8560,40.8265,0,14,'NYPugsley Ave10003+NYBruckner Expy+10003|NYPugsley Ave10003+NYI 278+10003'
-73.8560,40.9336,2,1,'NYShaefer Ave10003|NYShaefer Ave10003+NYCentral Park Ave+10003'
-73.8560,40.7571,0,16,'NY113th St10003|NY113th St10003+NY34th Ave+10003'
-73.8560,40.5796,0,1,'NYBeach 135th St10003|NYBeach 135th St10003+NYBeach Channel Dr+10003'
-73.8560,40.7150,0,23,'NYLoubet St10003+NYBaldwin Ave+10003|NYLoubet St10003+NY68th Ave+10003'
-73.8560,40.9014,1,2,'NYE 239th St10003'
-73.8560,40.7420,0,3,'NY53rd Ave10003+NY105th St+10003|NY105th St10003'
-73.8560,40.8261,0,19,'NYPugsley Ave10003+NYBruckner Blvd+10003|NYPugsley Ave10003+NYHoughton Ave+10003|NYHoughton Ave10003'
-73.8560,40.6944,0,10,'NY89th St10003+NY86th Rd+10003|NY86th Rd10003'
-73.8560,40.8576,0,4,'NYBronx and Pelham Pkwy10003+NYLaconia Ave+10003'
-73.8560,40.7052,0,5,'NY81st Rd10003+NYMargaret Pl+10003'
-73.8560,40.5727,0,5,'NYBeach 139th St10003+NYRockaway Beach Blvd+10003'
-73.8560,40.7861,0,1,'NY13rd Ave10003+NY111th St+10003|NY111th St10003'
-73.8560,40.7453,0,9,'NY108th St10003+NY49th Ave+10003'
-73.8559,40.7278,10,69,'NYState Hwy 2510002+NY66th Ave+10002|NY66th Ave10003|NY66th Ave10003+NYQueens Blvd+10003'
-73.8559,40.8604,0,11,'NYStell Pl10003|NYStell Pl10003+NYLaconia Ave+10003'
-73.8559,40.7373,8,48,'NYOtis Ave10003+NYCalloway St+10003|NYOtis Ave10003+NY60th Ave+10003|NYCalloway St10003+NY60th Ave+10003|NY60th Ave10003'
-73.8559,40.7097,0,15,'NY69th Ave10003|NY69th Ave10003+NYSybilla St+10003|NYSybilla St10003'
-73.8559,40.8397,1,40,'NYLinden Dr10003'
-73.8559,40.7845,0,4,'NY14th Rd10003+NY111th St+10003|NY111th St10003'
-73.8559,40.8582,1,19,'NYEsplanade Ave10003+NYLaconia Ave+10003'
-73.8559,40.7040,0,4,'NYWoodhaven Blvd10003+NY82nd Ave+10003'
-73.8559,40.8359,0,50,'NYStarling Ave10003|NYStarling Ave10003+NYUnionport Rd+10003'
-73.8559,40.9348,0,1,'NYMidland Ave10003+NYCentral Park Ave+10003|NYCentral Park Ave10003'
-73.8558,40.7516,4,37,'NY111th St10003+NYRoosevelt Ave+10003'
-73.8558,40.7197,2,41,'NYFleet St10003+NYYellowstone Blvd+10003'
-73.8558,40.7350,0,16,'NY62nd Rd10003+NY102nd St+10003'
-73.8558,40.7544,0,6,'NY37th Ave10003+NY112th St+10003'
-73.8558,40.6912,0,10,'NY88th Ave10003+NY88th St+10003'
-73.8558,40.6757,1,10,'NY81st St10003'
-73.8558,40.8115,0,3,'NYObrien Ave10003+NYWhite Plains Rd+10003'
-73.8558,40.6604,0,8,'NY77th St10003|NY77th St10003+NY157th Ave+10003|NYAmber St10003|NYAmber St10003+NY157th Ave+10003'
-73.8558,40.9104,0,1,'NYHart Ave10003'
-73.8558,40.7409,0,7,'NYVan Doren St10003|NYVan Doren St10003+NY104th St+10003|NYVan Doren St10003+NYMartense Ave+10003|NY104th St10003|NY104th St10003+NYMartense Ave+10003'
-73.8558,40.9117,0,1,'NYRaybrook Pl10003|NYRaybrook Pl10003+NYRaybrook Rd+10003'
-73.8558,40.8376,1,12,'NYSycamore Dr10003'
-73.8557,40.8431,0,1,'NYSackett Ave10003|NYSackett Ave10003+NYBronxdale Ave+10003'
-73.8557,40.7205,1,26,'NYExeter St10003+NYDane Pl+10003'
-73.8557,40.8789,0,12,'NYPaulding Ave10003+NYE 216th St+10003'
-73.8557,40.8677,1,21,'NYArnow Ave10003+NYLaconia Ave+10003'
-73.8557,40.6882,1,57,'NY87th St10003+NY91st Ave+10003'
-73.8557,40.6972,0,10,'NY90th St10003|NY90th St10003+NYPark Ln S+10003'
-73.8557,40.5756,0,2,'NYBeach 137th St10003+NYNewport Ave+10003'
-73.8557,40.8929,0,3,'NYByron Ave10003|NYByron Ave10003+NYE 233rd St+10003'
-73.8557,40.6638,0,3,'NYSapphire St10003|NYSapphire St10003+NY155th Ave+10003|NYSapphire St10003+NYCozine Ave+10003|NYSapphire St10003+NY78th St+10003|NYSapphire St10003+NYSapphire St+10003|NY155th Ave10003|NY155th Ave10003+NYCozine Ave+10003|NY155th Ave10003+NY78th St+10003|NY155th Ave10003+NY155th Ave+10003|NY155th Ave10003+NYSapphire St+10003|NYCozine Ave10003|NYCozine Ave10003+NY78th St+10003|NYCozine Ave10003+NY155th Ave+10003|NYCozine Ave10003+NYSapphire St+10003|NY78th St10003|NY78th St10003+NY155th Ave+10003|NY78th St10003+NY78th St+10003|NY78th St10003+NYSapphire St+10003'
-73.8556,40.7112,0,11,'NY69th Ave10003+NYMetropolitan Ave+10003'
-73.8556,40.8695,0,2,'NYAdee Ave10003+NYLaconia Ave+10003'
-73.8556,40.8357,4,24,'NYMcGraw Ave10003|NYMcGraw Ave10003+NYUnionport Rd+10003'
-73.8556,40.8904,0,2,'NYE 230th St10003+NYBarnes Ave+10003'
-73.8556,40.8320,0,6,'NYEllis Ave10003|NYEllis Ave10003+NYCross Bronx Expy+10003|NYEllis Ave10003+NYCross Bronx Svc Rd N+10003'
-73.8556,40.8106,0,12,'NYWhite Plains Rd10003|NYWhite Plains Rd10003+NYSound View Ave+10003'
-73.8556,40.7446,1,20,'NY108th St10003+NY50th Ave+10003'
-73.8556,40.7157,0,17,'NYKessel St10003+NYBaldwin Ave+10003|NYKessel St10003+NY68th Ave+10003'
-73.8556,40.7241,2,298,'NYAustin St10003|NYAustin St10003+NY67th Ave+10003'
-73.8556,40.7379,1,24,'NYOtis Ave10003+NYXenia St+10003'
-73.8556,40.6927,1,12,'NYJamaica Ave10003+NY89th St+10003'
-73.8556,40.9528,0,1,'NYTuckahoe Rd10003+NYHillwood Pl+10003|NYHillwood Pl10003'
-73.8556,40.6751,0,4,'NY81st St10003+NYSutter Ave+10003'
-73.8555,40.8718,0,2,'NYUS Hwy 110002+NYLaconia Ave+10002|NYBoston Rd10002+NYLaconia Ave+10002'
-73.8555,40.8730,0,1,'NYDuncan St10003|NYDuncan St10003+NYLaconia Ave+10003'
-73.8555,40.7055,0,4,'NY81st Rd10003'
-73.8555,40.8158,0,2,'NYStickball Blvd10003|NYStickball Blvd10003+NYLacombe Ave+10003'
-73.8555,40.7204,0,33,'NYYellowstone Blvd10003+NYExeter St+10003'
-73.8555,40.7477,0,9,'NY46th Ave10003+NY109th St+10003|NY109th St10003'
-73.8555,40.8239,0,28,'NYPugsley Ave10003+NYHermany Ave+10003|NYHermany Ave10003'
-73.8555,40.7509,0,17,'NY111th St10003+NY41st Ave+10003'
-73.8555,40.6672,0,26,'NY151st Ave10003+NY79th St+10003'
-73.8555,40.8485,1,12,'NYPaulding Ave10003+NYMorris Park Ave+10003'
-73.8555,40.7343,0,48,'NY62nd Dr10003+NY102nd St+10003'
-73.8554,40.8375,0,10,'NYSaint Raymonds Ave10003|NYSaint Raymonds Ave10003+NYOlmstead Ave+10003|NYSaint Raymonds Ave10003+NYSycamore Dr+10003|NYOlmstead Ave10003|NYOlmstead Ave10003+NYSycamore Dr+10003|NYSycamore Dr10003'
-73.8554,40.7035,3,26,'NY82nd Rd10003|NY82nd Rd10003+NYWoodhaven Blvd+10003'
-73.8554,40.8099,0,3,'NYStanton Ct10003|NYStanton Ct10003+NYSound View Ave+10003'
-73.8554,40.6707,0,1,'NYLinden Blvd10003|NYLinden Blvd10003+NYLinden Blvd+10003|NYLinden Blvd10003+NYS Conduit Ave+10003|NYLinden Blvd10002+NYS Conduit Ave+10002|NYS Conduit Ave10003'
-73.8554,40.7581,0,21,'NY114th St10003|NY114th St10003+NYState Hwy 25 Alt+10003|NY114th St10003+NYNorthern Blvd+10003|NY114th St10003+NYAstoria Blvd+10003|NYState Hwy 25 Alt10002+NYAstoria Blvd+10002|NYNorthern Blvd10002+NYAstoria Blvd+10002|NYAstoria Blvd10003'
-73.8554,40.7536,1,4,'NY112th St10003+NY38th Ave+10003'
-73.8554,40.7033,9,54,'NY83rd Ave10003+NYWoodhaven Blvd+10003'
-73.8554,40.6816,0,6,'NY101st Ave10003+NY84th St+10003'
-73.8554,40.8554,0,4,'NYLydig Ave10003+NYWilliamsbridge Rd+10003'
-73.8553,40.6835,0,7,'NY85th St10003+NY97th Ave+10003'
-73.8553,40.8795,0,5,'NYPaulding Ave10003+NYE 217th St+10003'
-73.8553,40.8093,0,5,'NYGildersleeve Ave10003+NYWhite Plains Rd+10003|NYGildersleeve Ave10003+NYSound View Ave+10003|NYWhite Plains Rd10003|NYWhite Plains Rd10003+NYSound View Ave+10003'
-73.8553,40.9180,0,2,'NYKimball Ave10003+NYCrestmont Ave+10003|NYCrestmont Ave10003'
-73.8553,40.8538,0,18,'NYTomlinson Ave10003+NYNeill Ave+10003'
-73.8553,40.7439,7,48,'NY108th St10003+NY51st Ave+10003'
-73.8553,40.8911,0,10,'NYBarnes Ave10003+NYE 231st St+10003'
-73.8553,40.8953,0,5,'NYE 236th St10003+NYFurman Ave+10003|NYFurman Ave10003'
-73.8553,40.7424,0,7,'NY53rd Ave10003+NY106th St+10003|NY106th St10003'
-73.8553,40.8468,1,5,'NYColden Ave10003+NYVan Nest Ave+10003'
-73.8553,40.8120,0,2,'NYRudd Pl10003'
-73.8553,40.8927,0,1,'NYE 233rd St10003+NYOld White Plains Rd+10003|NYOld White Plains Rd10003'
-73.8552,40.8973,1,6,'NYWhite Plains Rd10003+NYE 237th St+10003'
-73.8552,40.5800,0,1,'NYBeach 134th St10003|NYBeach 134th St10003+NYBeach Channel Dr+10003'
-73.8552,40.8747,0,1,'NYE 211th St10003+NYLaconia Ave+10003'
-73.8552,40.8936,0,5,'NYByron Ave10003+NYE 234th St+10003'
-73.8552,40.7581,2,34,'NYState Hwy 25 Alt10002+NYNorthern Bl State Rte S+10002|NYNorthern Bl State Rte S10002|NYNorthern Bl State Rte S10002+NYNorthern Blvd+10002'
-73.8552,40.7290,2,190,'NY65th Rd10003+NY99th St+10003'
-73.8552,40.6701,0,5,'NY80th St10003'
-73.8552,40.8423,0,12,'NYPurdy St10003|NYPurdy St10003+NYE Tremont Ave+10003'
-73.8552,40.7414,0,1,'NY105th St10003+NYMartense Ave+10003'
-73.8552,40.7211,2,103,'NYYellowstone Blvd10003+NYDartmouth St+10003|NYYellowstone Blvd10003+NYDane Pl+10003|NYDartmouth St10003+NYDane Pl+10003|NYDane Pl10003'
-73.8552,40.7163,0,56,'NYJuno St10003+NYBaldwin Ave+10003|NYJuno St10003+NY68th Ave+10003'
-73.8552,40.7040,0,3,'NYMargaret Pl10003|NYMargaret Pl10003+NYTrotting Course Ln+10003|NYMargaret Pl10003+NY82nd Ave+10003|NYTrotting Course Ln10003|NYTrotting Course Ln10003+NY82nd Ave+10003'
-73.8552,40.8088,0,2,'NYDune Ct10003|NYDune Ct10003+NYWhite Plains Rd+10003'
-73.8552,40.8115,0,2,'NYObrien Ave10003+NYRudd Pl+10003|NYRudd Pl10003'
-73.8552,40.6833,0,3,'NYRockaway Blvd10003+NY85th St+10003'
-73.8552,40.7470,1,14,'NY47th Ave10003+NY109th St+10003|NY109th St10003'
-73.8551,40.8919,0,1,'NYE 232nd St10003+NYOld White Plains Rd+10003'
-73.8551,40.8405,1,31,'NYLinden Dr10003|NYLinden Dr10003+NYMetropolitan Ave+10003'
-73.8551,40.6621,0,9,'NY78th St10003+NYSapphire St+10003|NY156th Ave10003+NYSapphire St+10003|NYSapphire St10003'
-73.8551,40.7502,0,9,'NY111th St10003+NY42nd Ave+10003'
-73.8551,40.7863,0,1,'NY13rd Ave10003|NY13rd Ave10003+NY112th St+10003|NY112th St10003'
-73.8551,40.8314,1,17,'NYCross Bronx Expy10006+NYGleason Ave+10006|NYGleason Ave10003'
-73.8551,40.7092,0,13,'NY69th Rd10003|NY69th Rd10003+NYSybilla St+10003'
-73.8551,40.8134,0,3,'NYNewman Ave10003|NYNewman Ave10003+NYCompton Ave+10003'
-73.8551,40.7249,1,56,'NYWetherole St10003|NYWetherole St10003+NY67th Ave+10003'
-73.8551,40.7337,0,19,'NY102nd St10003+NY63rd Ave+10003'
-73.8551,40.6736,0,17,'NY81st St10003|NY81st St10003+NY133rd Ave+10003|NY133rd Ave10003'
-73.8551,40.7275,8,45,'NYState Hwy 2510002+NY66th Rd+10002|NY66th Rd10003|NY66th Rd10003+NYQueens Blvd+10003'
-73.8551,40.6656,0,5,'NY79th St10003+NY153rd Ave+10003'
-73.8551,40.8083,0,7,'NYBanes Ct10003|NYBanes Ct10003+NYWhite Plains Rd+10003'
-73.8551,40.9391,1,1,'NYAllen Ave N10003|NYAllen Ave N10003+NYCentral Park Ave+10003'
-73.8551,40.7046,0,1,'NYMargaret Pl10003+NYTrotting Course Ln+10003|NYTrotting Course Ln10003|NYTrotting Course Ln10003+NYTrotting Course Ln+10003'
-73.8551,40.7123,0,33,'NY69th Ave10003+NYOlcott St+10003'
-73.8550,40.6914,1,13,'NY88th Ave10003+NY89th St+10003'
-73.8550,40.8441,0,1,'NYPierce Ave10003|NYPierce Ave10003+NYBogart Ave+10003'
-73.8550,40.6809,0,4,'NY102nd Ave10003+NY84th St+10003'
-73.8550,40.7590,7,7,'NYGrand Central Pkwy10002+NYAstoria Blvd+10002|NYAstoria Blvd10003'
-73.8550,40.7528,0,8,'NY112th St10003+NY39th Ave+10003'
-73.8550,40.8352,0,8,'NYOlmstead Ave10003+NYUnionport Rd+10003'
-73.8550,40.8217,0,13,'NYPugsley Ave10003+NYVirgil Pl+10003|NYVirgil Pl10003'
-73.8550,40.7433,1,17,'NY108th St10003+NYCorona Ave+10003|NY108th St10003+NY52nd Ave+10003'
-73.8549,40.8597,1,14,'NYYates Ave10003'
-73.8549,40.8802,0,25,'NYE 218th St10003+NYPaulding Ave+10003'
-73.8549,40.7571,2,14,'NY114th St10003+NY34th Ave+10003|NY114th St10003+NYGrnd Cntrl Parkway Entrance Eb+10003|NY34th Ave10003|NY34th Ave10003+NYGrnd Cntrl Parkway Entrance Eb+10003|NYGrnd Cntrl Parkway Entrance Eb10003'
-73.8549,40.8076,0,9,'NYStarboard Ct10003|NYStarboard Ct10003+NYWhite Plains Rd+10003'
-73.8549,40.7835,0,4,'NY112th St10003'
-73.8549,40.7283,1,48,'NY66th Ave10003+NY99th St+10003'
-73.8549,40.7392,1,15,'NYOtis Ave10003+NYPenrod St+10003'
-73.8549,40.7583,0,1,'NYGrnd Cntrl Parkway Exit Wb10003|NYGrnd Cntrl Parkway Exit Wb10003+NYState Hwy 25 Alt+10003|NYGrnd Cntrl Parkway Exit Wb10003+NYNorthern Blvd+10003'
-73.8549,40.9009,0,3,'NYMatilda Ave10003+NYE 239th St+10003'
-73.8549,40.5708,0,1,'NYBeach 139th St10003|NYBeach 139th St10003+NYOcean Promenade+10003'
-73.8549,40.8918,0,2,'NYE 232nd St10003+NYBarnes Ave+10003'
-73.8549,40.9365,0,1,'NYAllen Ave N10003|NYAllen Ave N10003+NYHackett Ave+10003|NYHackett Ave10003'
-73.8549,40.6605,0,9,'NY78th St10003|NY78th St10003+NY157th Ave+10003'
-73.8548,40.5759,0,2,'NYBeach 136th St10003+NYNewport Ave+10003'
-73.8548,40.8943,0,4,'NYByron Ave10003+NYE 235th St+10003'
-73.8548,40.8755,0,7,'NYE 212th St10003+NYLaconia Ave+10003'
-73.8548,40.9108,0,1,'NYHuntsbridge Rd10003|NYHuntsbridge Rd10003+NYRaybrook Rd+10003'
-73.8548,40.8346,0,4,'NYOlmstead Ave10003+NYBenedict Ave+10003'
-73.8548,40.9036,0,3,'NYE 240th St10003+NYBronx Blvd+10003'
-73.8548,40.9392,1,0,'NYRutland Rd10003'
-73.8548,40.8210,1,48,'NYPugsley Ave10003+NYHomer Ave+10003|NYHomer Ave10003'
-73.8548,40.7050,0,1,'NYTrotting Course Ln10003'
-73.8548,40.7496,0,11,'NY111th St10003+NY43rd Ave+10003'
-73.8548,40.6973,0,7,'NY91st St10003|NY91st St10003+NYPark Ln S+10003'
-73.8548,40.7169,0,85,'NYIngram St10003+NYBaldwin Ave+10003|NYIngram St10003+NY68th Ave+10003'
-73.8548,40.7547,0,1,'NY37th Ave10003+NY113th St+10003|NY37th Ave10003+NYPell Ave+10003|NY113th St10003|NY113th St10003+NYPell Ave+10003|NYPell Ave10003'
-73.8547,40.7068,1,31,'NYUnion Trnpike10003+NYTrotting Course Ln+10003|NYUnion Tpke10003+NYTrotting Course Ln+10003|NYTrotting Course Ln10003'
-73.8547,40.7052,0,1,'NYTrotting Course Ln10003'
-73.8547,40.7111,1,17,'NYMetropolitan Ave10003+NY69th Rd+10003'
-73.8547,40.8159,0,1,'NYBarrett Ave10003|NYBarrett Ave10003+NYLacombe Ave+10003'
-73.8547,40.6803,0,6,'NY102nd Rd10003+NY84th St+10003'
-73.8547,40.9119,0,1,'NYSecor Pl10003'
-73.8547,40.7328,2,154,'NY63rd Rd10003+NY102nd St+10003|NY102nd St10003'
-73.8547,40.8571,0,9,'NYYates Ave10003'
-73.8547,40.8389,1,30,'NYOdell St10003'
-73.8547,40.6928,2,13,'NYJamaica Ave10003+NY90th St+10003'
-73.8547,40.6640,0,7,'NY155th Ave10003+NY79th St+10003'
-73.8547,40.8488,1,27,'NYMorris Park Ave10003+NYHone Ave+10003'
-73.8547,40.8339,0,19,'NYOlmstead Ave10003+NYWestchester Ave+10003'
-73.8546,40.9346,0,1,'NYSlocum Ave10003|NYSlocum Ave10003+NYMidland Ave+10003'
-73.8546,40.7585,1,0,'NYGrand Central Pkwy10002+NYState Hwy 25 Alt+10002|NYGrand Central Pkwy10002+NYNorthern Blvd+10002'
-73.8546,40.8067,0,1,'NYDavit Ct10003|NYDavit Ct10003+NYBronx River Ave+10003|NYDavit Ct10003+NYWhite Plains Rd+10003|NYBronx River Ave10003|NYBronx River Ave10003+NYWhite Plains Rd+10003'
-73.8546,40.6966,0,4,'NY91st St10003+NY85th Ave+10003|NY85th Ave10003'
-73.8546,40.7257,2,51,'NYBooth St10003+NY67th Ave+10003'
-73.8546,40.7427,2,12,'NY108th St10003+NY53rd Ave+10003'
-73.8546,40.8446,0,6,'NYPierce Ave10003+NYRadcliff Ave+10003'
-73.8546,40.7584,0,1,'NYGrnd Cntrl Parkway Exit Wb10003+NYGrand Central Pkwy+10003'
-73.8546,40.7216,2,89,'NYClyde St10003+NYYellowstone Blvd+10003'
-73.8546,40.7006,0,10,'NYWoodhaven Blvd10003+NYForest Park Dr+10003'
-73.8546,40.7276,11,11,'NY66th Rd10003+NY99th St+10003'
-73.8546,40.8256,1,40,'NYQuimby Ave10003'
-73.8546,40.7520,1,7,'NY112th St10003|NY112th St10003+NYRoosevelt Ave+10003'
-73.8546,40.8809,0,6,'NYPaulding Ave10003+NYE 219th St+10003'
-73.8545,40.8726,0,3,'NYUS Hwy 110002+NYYates Ave+10002|NYYates Ave10003+NYBoston Rd+10003'
-73.8545,40.7237,1,114,'NY67th Rd10003|NY67th Rd10003+NYAustin St+10003'
-73.8545,40.8736,0,4,'NYYates Ave10003|NYYates Ave10003+NYE Gun Hill Rd+10003'
-73.8545,40.8558,0,1,'NYLydig Ave10003+NYYates Ave+10003'
-73.8545,40.6753,0,2,'NYSutter Ave10003+NY82nd St+10003|NY82nd St10003'
-73.8545,40.5804,0,5,'NYBeach Channel Dr10003+NYBeach 133rd St+10003|NYBeach 133rd St10003'
-73.8545,40.6819,1,6,'NY85th St10003|NY85th St10003+NY101st Ave+10003'
-73.8545,40.7490,0,3,'NY111th St10003+NY44th Ave+10003'
-73.8545,40.8376,0,12,'NYSaint Raymonds Ave10003+NYOdell St+10003|NYOdell St10003'
-73.8545,40.8917,0,3,'NYE 232nd St10003+NYBussing Ave+10003'
-73.8544,40.8471,0,4,'NYPaulding Ave10003+NYVan Nest Ave+10003'
-73.8544,40.8762,0,7,'NYE 213th St10003+NYLaconia Ave+10003'
-73.8544,40.7371,13,18,'NYCalloway St10003|NYCalloway St10003+NYWestside Ave+10003|NYCalloway St10003+NYHorace Harding Expy+10003|NYCalloway St10003+NYHorace Harding Blvd+10003|NYWestside Ave10003|NYWestside Ave10003+NYHorace Harding Expy+10003|NYWestside Ave10003+NYHorace Harding Blvd+10003'
-73.8544,40.8951,0,1,'NYE 236th St10003+NYByron Ave+10003'
-73.8544,40.9105,0,1,'NYBronx River Rd10003+NYRaybrook Rd+10003|NYRaybrook Rd10003'
-73.8544,40.8348,0,1,'NYBenedict Ave10003|NYBenedict Ave10003+NYUnionport Rd+10003'
-73.8544,40.8058,0,1,'NYX St10003|NYX St10003+NYHarding Park+10003|NYX St10003+NYWhite Plains Rd+10003|NYHarding Park10003|NYHarding Park10003+NYWhite Plains Rd+10003'
-73.8544,40.7581,2,3,'NYGrand Central Pkwy10002+NYNorthern Bl State Rte S+10002'
-73.8544,40.8542,0,12,'NYNeill Ave10003+NYWilliamsbridge Rd+10003'
-73.8544,40.8055,0,3,'NYSunset Blvd10003|NYSunset Blvd10003+NYSurf Dr+10003|NYSurf Dr10003'
-73.8544,40.6797,0,3,'NYLiberty Ave10003+NY84th St+10003|NY84th St10003'
-73.8544,40.7176,1,115,'NYHarrow St10003+NYBaldwin Ave+10003|NYHarrow St10003+NY68th Ave+10003'
-73.8544,40.8371,1,21,'NYOdell St10003'
-73.8544,40.5733,0,2,'NYRockaway Beach Blvd10003+NYBeach 137th St+10003'
-73.8544,40.7487,0,1,'NY45th Ave10003|NY45th Ave10003+NY111th St+10003'
-73.8544,40.6586,0,2,'NYSapphire Ave10003|NYSapphire Ave10003+NY78th St+10003|NYSapphire Ave10003+NY157th Ave+10003|NY78th St10003|NY78th St10003+NY157th Ave+10003|NY157th Ave10003'
-73.8544,40.7272,10,65,'NYState Hwy 2510002+NY99th St+10002|NY99th St10003|NY99th St10003+NYQueens Blvd+10003'
-73.8543,40.8970,0,14,'NYE 237th St10003+NYFurman Ave+10003'
-73.8543,40.7330,0,31,'NY102nd St10003|NY102nd St10003+NY63rd Rd+10003'
-73.8543,40.6953,1,15,'NY91st St10003+NY86th Ave+10003|NY86th Ave10003'
-73.8543,40.7421,3,19,'NY108th St10003+NYMartense Ave+10003'
-73.8543,40.7262,0,17,'NYSaunders St10003|NYSaunders St10003+NY67th Ave+10003'
-73.8543,40.7084,0,6,'NY70th Ave10003|NY70th Ave10003+NYUrsula Pl+10003|NYUrsula Pl10003'
-73.8543,40.8427,0,1,'NYBronxdale Ave10003+NYPoplar St+10003|NYPoplar St10003'
-73.8543,40.7568,5,8,'NYGrnd Cntrl Parkway Entrance Eb10003'
-73.8543,40.9578,0,2,'NYLakeview Ave10003'
-73.8542,40.6580,0,1,'NYSapphire Ave10003|NYSapphire Ave10003+NY78th St+10003'
-73.8542,40.7120,0,23,'NY69th Rd10003|NY69th Rd10003+NYOlcott St+10003'
-73.8542,40.7857,0,1,'NY14th Ave10003+NY113th St+10003|NY113th St10003'
-73.8542,40.7405,0,11,'NYOtis Ave10003+NYVan Doren St+10003'
-73.8542,40.8080,0,3,'NYMermaid Ln10003|NYAdmiral Ln10003'
-73.8542,40.7006,1,2,'NYForest Park Dr10003'
-73.8542,40.8406,0,27,'NYMetropolitan Ave10003+NYPurdy St+10003'
-73.8541,40.6831,0,1,'NYRockaway Blvd10003+NY86th St+10003'
-73.8541,40.6738,1,3,'NY133rd Ave10003+NY82nd St+10003|NY82nd St10003'
-73.8541,40.8316,3,12,'NYOlmstead Ave10003|NYOlmstead Ave10003+NYCross Bronx Expy+10003|NYOlmstead Ave10003+NYCross Bronx Svc Rd N+10003|NYOlmstead Ave10003+NYGleason Ave+10003|NYCross Bronx Expy10006+NYGleason Ave+10006|NYCross Bronx Svc Rd N10006+NYGleason Ave+10006|NYGleason Ave10003'
-73.8541,40.8816,0,14,'NYPaulding Ave10003+NYE 220th St+10003'
-73.8541,40.9005,0,6,'NYRichardson Ave10003+NYE 239th St+10003'
-73.8541,40.8768,0,1,'NYE 214th St10003+NYLaconia Ave+10003'
-73.8541,40.7374,0,7,'NYXenia St10003+NYWestside Ave+10003'
-73.8541,40.7039,0,2,'NY82nd Rd10003'
-73.8541,40.8932,0,2,'NYE 234th St10003+NYBarnes Ave+10003'
-73.8541,40.8131,0,1,'NYStephens Ave10003|NYStephens Ave10003+NYCompton Ave+10003|NYCompton Ave10003'
-73.8541,40.8583,0,5,'NYHering Ave10003'
-73.8541,40.9032,0,3,'NYE 240th St10003+NYCarpenter Ave+10003'
-73.8541,40.8086,0,5,'NYNewman Ave10003|NYNewman Ave10003+NYSound View Ave+10003'
-73.8540,40.7366,2,15,'NYYellowstone Blvd10003'
-73.8540,40.7896,1,6,'NYDalian Ct10003'
-73.8540,40.9138,0,1,'NYBronx Ter10003|NYBronx Ter10003+NYYonkers Ave+10003|NYYonkers Ave10003+NYSan Calandra Cir+10003|NYSan Calandra Cir10003'
-73.8540,40.6939,0,3,'NY91st St10003+NY86th Dr+10003|NY86th Dr10003'
-73.8540,40.7482,0,7,'NY111th St10003+NY46th Ave+10003|NY46th Ave10003'
-73.8540,40.6571,0,10,'NY78th St10003+NY159th Ave+10003|NY159th Ave10003'
-73.8540,40.8436,0,1,'NYSackett Ave10003+NYRadcliff Ave+10003|NYRadcliff Ave10003'
-73.8540,40.8598,0,12,'NYHering Ave10003'
-73.8540,40.7553,1,12,'NYPell Ave10003|NYPell Ave10003+NY114th St+10003'
-73.8540,40.8310,0,2,'NYCross Bronx Expy10006+NYOlmstead Ave+10006|NYOlmstead Ave10003'
-73.8540,40.6690,0,6,'NY81st St10003+NY149th Ave+10003'
-73.8540,40.8611,0,14,'NYHering Ave10003'
-73.8540,40.7585,0,1,'NYAstoria Blvd10003|NYAstoria Blvd10003+NYState Hwy 25 Alt+10003|NYAstoria Blvd10003+NYNorthern Blvd+10003|NYState Hwy 25 Alt10002|NYState Hwy 25 Alt10002+NYAstoria Blvd S+10002|NYNorthern Blvd10002+NYAstoria Blvd S+10002|NYAstoria Blvd S10003'
-73.8540,40.8959,0,3,'NYByron Ave10003+NYWhitehall Pl+10003|NYWhitehall Pl10003'
-73.8539,40.8175,0,14,'NYPugsley Ave10003+NYCaesar Pl+10003|NYCaesar Pl10003'
-73.8539,40.8874,0,14,'NYE 227th St10003+NYBronxwood Ave+10003'
-73.8539,40.7423,0,2,'NYCorona Ave10003+NYMartense Ave+10003|NYMartense Ave10003'
-73.8539,40.8308,0,7,'NYPowell Ave10003+NYOlmstead Ave+10003'
-73.8539,40.6797,0,1,'NY103rd Ave10003'
-73.8539,40.7270,12,129,'NYState Hwy 2510002+NY67th Ave+10002|NY67th Ave10003|NY67th Ave10003+NYQueens Blvd+10003'
-73.8539,40.8061,0,3,'NYSunset Blvd10003+NYBeacon Ln+10003|NYBeacon Ln10003'
-73.8539,40.7363,0,16,'NYYellowstone Blvd10003+NY62nd Ave+10003'
-73.8539,40.7000,2,46,'NYWoodhaven Blvd10003+NY98th St+10003|NY98th St10003'
-73.8539,40.7324,1,37,'NY102nd St10003+NY63rd Dr+10003'
-73.8539,40.6606,0,5,'NY79th St10003|NY79th St10003+NY157th Ave+10003'
-73.8539,40.8397,0,2,'NYPurdy St10003+NYParker St+10003|NYParker St10003'
-73.8539,40.8344,0,4,'NYOdell St10003|NYOdell St10003+NYUnionport Rd+10003'
-73.8539,40.8492,0,6,'NYLurting Ave10003+NYMorris Park Ave+10003'
-73.8538,40.8075,0,5,'NYAdmiral Ln10003|NYAdmiral Ln10003+NYMermaid Ln+10003|NYAdmiral Ln10003+NYAdmiral Ln+10003|NYMermaid Ln10003|NYMermaid Ln10003+NYAdmiral Ln+10003'
-73.8538,40.9377,0,1,'NYRutland Rd10003|NYRutland Rd10003+NYRutland Rd+10003'
-73.8538,40.6931,0,4,'NY91st St10003|NY91st St10003+NYJamaica Ave+10003'
-73.8538,40.7594,3,5,'NYGrand Central Pkwy N10003'
-73.8538,40.7550,3,25,'NY37th Ave10003|NY37th Ave10003+NY114th St+10003'
-73.8538,40.7409,0,5,'NY108th St10003+NYOtis Ave+10003'
-73.8538,40.8449,0,7,'NYPierce Ave10003+NYColden Ave+10003'
-73.8538,40.6713,0,1,'NYLinden Blvd10003'
-73.8538,40.8168,0,4,'NYPugsley Ave10003+NYCicero Ave+10003|NYCicero Ave10003'
-73.8538,40.9345,0,2,'NYTunis Ave10003|NYTunis Ave10003+NYMidland Ave+10003'
-73.8538,40.8571,0,3,'NYHering Ave10003'
-73.8537,40.8775,0,1,'NYE 215th St10003+NYLaconia Ave+10003'
-73.8537,40.6641,0,2,'NY155th Ave10003+NY80th St+10003|NY80th St10003'
-73.8537,40.7109,2,19,'NY70th Ave10003|NY70th Ave10003+NYMetropolitan Ave+10003'
-73.8537,40.7270,46,302,'NYState Hwy 2510002+NY67th Ave+10002|NY67th Ave10003|NY67th Ave10003+NYQueens Blvd+10003'
-73.8537,40.7381,0,13,'NYGranger St10003+NYWestside Ave+10003'
-73.8537,40.8695,1,1,'NYAdee Ave10003+NYHering Ave+10003|NYHering Ave10003'
-73.8537,40.9050,1,2,'NYE 241st St10003+NYBronx Blvd+10003'
-73.8537,40.7373,0,4,'NYXenia St10003+NYHorace Harding Expy+10003|NYXenia St10003+NYHorace Harding Blvd+10003'
-73.8537,40.7421,0,1,'NY54th Ave10003'
-73.8537,40.6840,0,14,'NY87th St10003+NY97th Ave+10003'
-73.8536,40.8712,0,10,'NYHering Ave10003'
-73.8536,40.8733,0,1,'NYUS Hwy 110002+NYE Gun Hill Rd+10002|NYBoston Rd10002+NYE Gun Hill Rd+10002'
-73.8536,40.8475,0,3,'NYVan Nest Ave10003+NYHone Ave+10003'
-73.8536,40.7411,2,15,'NYOtis Ave10003+NYVan Cleef St+10003|NYVan Cleef St10003'
-73.8536,40.8161,0,1,'NYPugsley Ave10003|NYPugsley Ave10003+NYLacombe Ave+10003'
-73.8536,40.7475,1,8,'NY111th St10003+NY47th Ave+10003|NY47th Ave10003'
-73.8536,40.8294,2,23,'NYWatson Ave10003+NYOlmstead Ave+10003'
-73.8536,40.7318,1,55,'NY64th Ave10003+NY102nd St+10003'
-73.8536,40.6754,0,1,'NYSutter Ave10003+NY83rd St+10003|NY83rd St10003'
-73.8536,40.7356,0,57,'NYYellowstone Blvd10003+NY62nd Rd+10003'
-73.8536,40.8733,0,1,'NYHering Ave10003|NYHering Ave10003+NYE Gun Hill Rd+10003'
-73.8536,40.5737,0,2,'NYBeach 136th St10003+NYRockaway Beach Blvd+10003'
-73.8536,40.7079,0,16,'NYUrsula Pl10003|NYUrsula Pl10003+NY70th Rd+10003|NY70th Rd10003'
-73.8536,40.8074,0,2,'NYNeptune Ct10003|NYNeptune Ct10003+NYAdmiral Ln+10003|NYNeptune Ct10003+NYNeptune Ln+10003|NYAdmiral Ln10003|NYAdmiral Ln10003+NYNeptune Ln+10003|NYNeptune Ln10003'
-73.8535,40.8559,0,3,'NYLydig Ave10003+NYHering Ave+10003'
-73.8535,40.8546,0,2,'NYNeill Ave10003+NYYates Ave+10003'
-73.8535,40.7254,1,221,'NY67th Rd10003+NYBooth St+10003'
-73.8535,40.8967,0,3,'NYE 237th St10003+NYByron Ave+10003'
-73.8535,40.6593,0,1,'NY157th Ave10003+NY79th St+10003|NY79th St10003'
-73.8535,40.7220,8,129,'NYYellowstone Blvd10003+NYBurns St+10003'
-73.8535,40.8340,0,3,'NYWestchester Ave10003+NYUnionport Rd+10003|NYUnionport Rd10003'
-73.8535,40.8079,1,1,'NYNeptune Ct10003'
-73.8534,40.8066,0,2,'NYSunset Blvd10003+NYAdmiral Ct+10003|NYSunset Blvd10003+NYAdmiral Ln+10003|NYAdmiral Ct10003|NYAdmiral Ct10003+NYAdmiral Ln+10003|NYAdmiral Ln10003'
-73.8534,40.7233,0,18,'NY67th Dr10003|NY67th Dr10003+NYAustin St+10003'
-73.8534,40.7542,2,0,'NY114th St10003+NY38th Ave+10003|NY38th Ave10003'
-73.8534,40.8921,0,3,'NYE 233rd St10003+NYBussing Ave+10003'
-73.8534,40.7369,12,4,'NYXenia St10003|NYXenia St10003+NYI 495+10003|NYXenia St10003+NYLong Island Expy+10003'
-73.8534,40.7387,1,3,'NYPenrod St10003|NYPenrod St10003+NYWestside Ave+10003'
-73.8534,40.8781,0,1,'NYE 216th St10003+NYLaconia Ave+10003'
-73.8534,40.6624,0,8,'NY156th Ave10003+NY80th St+10003|NY80th St10003'
-73.8534,40.7031,0,2,'NY83rd Ave10003'
-73.8533,40.7402,1,4,'NY108th St10003+NYVan Doren St+10003'
-73.8533,40.8425,0,8,'NYBronxdale Ave10003|NYBronxdale Ave10003+NYCastle Hill Ave+10003|NYBronxdale Ave10003+NYE Tremont Ave+10003|NYCastle Hill Ave10003|NYCastle Hill Ave10003+NYE Tremont Ave+10003'
-73.8533,40.6814,0,2,'NY102nd Ave10003+NY86th St+10003'
-73.8533,40.7109,2,18,'NY70th Ave10003|NY70th Ave10003+NYMetropolitan Ave+10003'
-73.8533,40.7857,0,3,'NY14th Ave10003+NY114th St+10003|NY114th St10003'
-73.8533,40.9028,0,1,'NYE 240th St10003+NYMatilda Ave+10003'
-73.8533,40.8279,0,13,'NYOlmstead Ave10003+NYChatterton Ave+10003'
-73.8533,40.8309,0,8,'NYPowell Ave10003|NYPowell Ave10003+NYCross Bronx Expy+10003'
-73.8533,40.7468,0,2,'NY111th St10003+NY48th Ave+10003|NY48th Ave10003'
-73.8533,40.7311,2,76,'NY102nd St10003+NY64th Rd+10003'
-73.8533,40.6797,0,4,'NY84th St10003|NY84th St10003+NYLiberty Ave+10003'
-73.8532,40.7350,0,36,'NYYellowstone Blvd10003+NY62nd Dr+10003'
-73.8532,40.9246,0,1,'NYXavier Dr10003|NYXavier Dr10003+NYVredenburgh Ave+10003'
-73.8532,40.6933,2,1,'NYJamaica Ave10003+NY92nd St+10003|NY92nd St10003'
-73.8532,40.6754,0,5,'NYSutter Ave10003+NYPitkin Ave+10003'
-73.8532,40.6739,1,29,'NY133rd Ave10003+NY83rd St+10003'
-73.8532,40.6538,2,4,'NY78th St10003|NY78th St10003+NY161st Ave+10003|NY161st Ave10003'
-73.8532,40.7423,0,6,'NYOtis Ave10003|NYOtis Ave10003+NY54th Ave+10003'
-73.8532,40.7839,0,1,'NY15th Ave10003+NY114th St+10003|NY114th St10003'
-73.8531,40.8949,0,2,'NYPitman Ave10003|NYPitman Ave10003+NYBarnes Ave+10003|NYBronxwood Ave10003+NYBarnes Ave+10003'
-73.8531,40.8584,0,11,'NYTenbroeck Ave10003'
-73.8531,40.7365,0,15,'NY62nd Ave10003+NYHorace Harding Blvd+10003|NYHorace Harding Blvd10003|NYHorace Harding Blvd10003+NYHorace Harding Blvd+10003'
-73.8531,40.8410,0,9,'NYZerega Ave10003'
-73.8531,40.8272,0,12,'NYOlmstead Ave10003|NYOlmstead Ave10003+NYBruckner Blvd+10003'
-73.8531,40.7397,1,14,'NY108th St10003+NYWestside Ave+10003'
-73.8531,40.6828,0,2,'NYRockaway Blvd10003+NY87th St+10003'
-73.8530,40.8495,1,14,'NYMorris Park Ave10003+NYHaight Ave+10003'
-73.8530,40.6907,0,21,'NY91st St10003|NY91st St10003+NY89th Ave+10003'
-73.8530,40.8407,0,18,'NYMetropolitan Ave10003|NYMetropolitan Ave10003+NYCastle Hill Ave+10003'
-73.8530,40.8611,0,18,'NYTenbroeck Ave10003'
-73.8530,40.8749,0,3,'NYE 212th St10003+NYMsgr Cahill Pl+10003|NYMsgr Cahill Pl10003'
-73.8530,40.6808,0,18,'NY102nd Rd10003+NY86th St+10003'
-73.8530,40.8453,1,7,'NYPaulding Ave10003+NYPierce Ave+10003'
-73.8530,40.5812,0,2,'NYBeach Channel Dr10003+NYBeach 131st St+10003|NYBeach 131st St10003'
-73.8530,40.6783,0,2,'NY84th St10003+NY106th Ave+10003|NY106th Ave10003'
-73.8530,40.6691,0,4,'NY149th Ave10003+NY82nd St+10003'
-73.8530,40.6609,0,1,'NYShore Pkwy10006|NYShore Pkwy10006+NY157th Ave+10006|NYShore Pkwy10006+NY80th St+10006|NYShore Pkwy Svc Rd10006|NYShore Pkwy Svc Rd10006+NY157th Ave+10006|NYShore Pkwy Svc Rd10006+NY80th St+10006|NY157th Ave10003|NY157th Ave10003+NY80th St+10003|NY80th St10003'
-73.8530,40.8071,0,4,'NYSunset Blvd10003+NYNeptune Ln+10003'
-73.8530,40.8946,0,1,'NYE 236th St10003'
-73.8530,40.8629,0,14,'NYMace Ave10003+NYTenbroeck Ave+10003|NYTenbroeck Ave10003'
-73.8529,40.8788,0,3,'NYE 217th St10003|NYE 217th St10003+NYLaconia Ave+10003'
-73.8529,40.8265,0,7,'NYBruckner Blvd10003+NYOlmstead Ave+10003|NYHoughton Ave10003+NYOlmstead Ave+10003|NYOlmstead Ave10003'
-73.8529,40.9046,0,1,'NYE 241st St10003+NYCarpenter Ave+10003'
-73.8529,40.7115,2,7,'NY70th Ave10003+NYOlcott St+10003'
-73.8529,40.7462,0,4,'NY111th St10003+NY49th Ave+10003|NY49th Ave10003'
-73.8529,40.7343,0,12,'NYYellowstone Blvd10003+NY63rd Ave+10003'
-73.8529,40.8411,0,6,'NYLyvere St10003'
-73.8529,40.8523,0,17,'NYWilliamsbridge Rd10003+NYRhinelander Ave+10003'
-73.8529,40.7304,2,67,'NY65th Ave10003+NY102nd St+10003'
-73.8529,40.7393,0,22,'NY108th St10003+NYWaldron St+10003'
-73.8529,40.7416,1,21,'NY55th Ave10003'
-73.8529,40.8399,0,7,'NYCastle Hill Ave10003+NYParker St+10003'
-73.8529,40.6776,0,1,'NY84th St10003+NY107th Ave+10003|NY107th Ave10003'
-73.8528,40.6723,0,4,'NYN Conduit Ave10003+NYDumont Ave+10003|NYN Conduit Ave10003+NY83rd St+10003|NYDumont Ave10003|NYDumont Ave10003+NY83rd St+10003|NY83rd St10003'
-73.8528,40.8079,1,10,'NYStephens Ave10003|NYStephens Ave10003+NYSound View Ave+10003'
-73.8528,40.7335,5,133,'NYApex Pl10003|NYApex Pl10003+NY63rd Rd+10003'
-73.8528,40.7583,4,4,'NYGrand Central Pkwy10002+NYNorthern Blvd+10002|NYGrand Central Pkwy10002+NYState Hwy 25 Alt+10002|NYState Hwy 25 Alt10002'
-73.8528,40.6961,0,7,'NYWoodhaven Blvd10003+NY85th Rd+10003'
-73.8528,40.8479,0,3,'NYLurting Ave10003+NYVan Nest Ave+10003'
-73.8528,40.9344,0,1,'NYMcGeory Ave10003|NYMcGeory Ave10003+NYMidland Ave+10003'
-73.8528,40.6921,0,5,'NY88th Ave10003+NY92nd St+10003|NY92nd St10003'
-73.8528,40.7377,10,9,'NYGranger St10003'
-73.8528,40.6823,0,3,'NY87th St10003|NY87th St10003+NY101st Ave+10003'
-73.8528,40.8341,1,5,'NYPurdy St10003|NYPurdy St10003+NYWestchester Ave+10003'
-73.8528,40.6968,0,9,'NYWoodhaven Blvd10003+NY85th Ave+10003'
-73.8528,40.8837,0,12,'NYE 223rd St10003+NYPaulding Ave+10003'
-73.8528,40.7108,2,28,'NYMetropolitan Ave10003+NY70th Rd+10003|NY70th Rd10003'
-73.8528,40.9416,0,3,'NYCentral Park Ave10003|NYCentral Park Ave10003+NYCentral Park Ave+10003'
-73.8528,40.5740,0,4,'NYBeach 135th St10003+NYRockaway Beach Blvd+10003'
-73.8528,40.8740,0,4,'NYUS Hwy 110002+NYE 211th St+10002|NYBoston Rd10002+NYE 211th St+10002|NYE 211th St10003'
-73.8528,40.6976,0,35,'NYPark Ln S10003+NYWoodhaven Blvd+10003'
-73.8528,40.8895,0,4,'NYE 230th St10003+NYBronxwood Ave+10003'
-73.8528,40.8258,0,21,'NYQuimby Ave10003+NYOlmstead Ave+10003'
-73.8528,40.7202,1,103,'NYDartmouth St10003+NYBaldwin Ave+10003|NYDartmouth St10003+NY68th Ave+10003'
-73.8527,40.8550,0,3,'NYNeill Ave10003+NYHering Ave+10003'
-73.8527,40.8572,1,11,'NYTenbroeck Ave10003'
-73.8527,40.6769,1,2,'NY84th St10003+NY108th Ave+10003|NY108th Ave10003'
-73.8527,40.7266,37,246,'NY67th Rd10003+NYState Hwy 25+10003|NY67th Rd10003+NYQueens Blvd+10003'
-73.8527,40.7575,1,0,'NYGrnd Cntrl Parkway Exit Wb10003+NYNorthern Bl State Rte S+10003'
-73.8527,40.8712,0,1,'NYTenbroeck Ave10003|NYTenbroeck Ave10003+NYBurke Ave+10003'
-73.8527,40.6955,3,15,'NYWoodhaven Blvd10003+NY86th Ave+10003'
-73.8527,40.7582,1,1,'NYAstoria Blvd10003+NYGrand Central Pkwy+10003|NYGrand Central Pkwy10002+NYAstoria Blvd S+10002'
-73.8527,40.6801,0,2,'NY86th St10003+NY103rd Ave+10003'
-73.8527,40.8388,0,4,'NYGlover St10003|NYGlover St10003+NYCastle Hill Ave+10003'
-73.8527,40.7584,1,1,'NYGrand Central Pkwy N10003'
-73.8527,40.8730,0,2,'NYTenbroeck Ave10003|NYTenbroeck Ave10003+NYE Gun Hill Rd+10003'
-73.8526,40.5789,0,4,'NYCronston Ave10003+NYBeach 132nd St+10003'
-73.8526,40.7407,1,8,'NYVan Cleef St10003+NYWestside Ave+10003'
-73.8526,40.9155,0,1,'NYVernon Pl10003+NYLeonard Pl+10003|NYLeonard Pl10003'
-73.8526,40.8756,0,4,'NYE 213th St10003+NYMsgr Cahill Pl+10003'
-73.8526,40.8779,0,2,'NYNeedham Ave10003|NYNeedham Ave10003+NYWilson Ave+10003|NYNeedham Ave10003+NYE 216th St+10003|NYWilson Ave10003|NYWilson Ave10003+NYE 216th St+10003|NYE 216th St10003'
-73.8526,40.6763,0,2,'NY84th St10003+NY109th Ave+10003|NY109th Ave10003'
-73.8526,40.7080,0,17,'NY70th Dr10003+NYWalnut St+10003|NYWalnut St10003'
-73.8526,40.8936,0,5,'NYBronxwood Ave10003+NYE 235th St+10003|NYE 235th St10003'
-73.8526,40.9182,0,1,'NYVernon Ave10003+NYWinfred Ave+10003'
-73.8526,40.6554,0,7,'NY79th St10003+NY160th Ave+10003'
-73.8526,40.7455,0,10,'NY50th Ave10003|NY50th Ave10003+NY111th St+10003'
-73.8526,40.6948,1,16,'NYWoodhaven Blvd10003+NY86th Rd+10003'
-73.8526,40.7230,2,38,'NY68th Ave10003|NY68th Ave10003+NYAustin St+10003'
-73.8526,40.6798,1,3,'NY86th St10003+NYLiberty Ave+10003'
-73.8526,40.8928,0,1,'NYBussing Ave10003+NYE 234th St+10003'
-73.8525,40.6591,0,4,'NY80th St10003+NY158th Ave+10003'
-73.8525,40.8560,0,3,'NYLydig Ave10003+NYTenbroeck Ave+10003'
-73.8525,40.7122,1,13,'NY70th Ave10003+NYNansen St+10003'
-73.8525,40.9025,0,1,'NYRichardson Ave10003+NYE 240th St+10003'
-73.8525,40.7478,1,2,'NYAve of Science10003'
-73.8525,40.8795,0,1,'NYE 218th St10003+NYLaconia Ave+10003'
-73.8525,40.8378,0,8,'NYSaint Raymonds Ave10003+NYCastle Hill Ave+10003'
-73.8525,40.8109,0,4,'NYPugsley Ave10003'
-73.8525,40.7345,0,3,'NYApex Pl10003+NY63rd Ave+10003'
-73.8524,40.7384,6,40,'NY108th St10003+NYPenrod St+10003|NYPenrod St10003'
-73.8524,40.9131,0,6,'NYBronx Ter10003|NYSan Calandra Cir10003'
-73.8524,40.9067,0,3,'NYE 242nd St10003+NYBronx Blvd+10003|NYBronx Blvd10003'
-73.8524,40.7250,3,109,'NY67th Dr10003+NYBooth St+10003'
-73.8524,40.7575,1,0,'NYGrand Central Pkwy10002+NYNorthern Bl State Rte S+10002'
-73.8524,40.9449,0,1,'NYPalmer Rd10003+NYWalnut Ave+10003|NYWalnut Ave10003'
-73.8524,40.6626,0,6,'NY81st St10003'
-73.8524,40.8068,0,1,'NYNeptune Ln10003+NYFleet Ct+10003|NYFleet Ct10003'
-73.8524,40.5767,0,2,'NYNewport Ave10003+NYBeach 133rd St+10003'
-73.8524,40.8844,0,2,'NYE 224th St10003+NYPaulding Ave+10003'
-73.8524,40.6941,0,36,'NYWoodhaven Blvd10003+NY86th Dr+10003'
-73.8524,40.7414,0,18,'NYWestside Ave10003'
-73.8524,40.8060,0,1,'NYAdmiral Ct10003'
-73.8524,40.8076,0,8,'NYSunset Blvd10003|NYSunset Blvd10003+NYCornell Ave+10003|NYSunset Blvd10003+NYSound View Ave+10003|NYCornell Ave10003|NYCornell Ave10003+NYSound View Ave+10003'
-73.8523,40.8930,0,1,'NYBronxwood Ave10003+NYBussing Ave+10003'
-73.8523,40.7208,1,36,'NYClyde St10003+NYBaldwin Ave+10003|NYClyde St10003+NY68th Ave+10003'
-73.8523,40.8370,0,3,'NYManning St10003|NYManning St10003+NYCastle Hill Ave+10003'
-73.8523,40.6892,0,25,'NY91st St10003+NY91st Ave+10003'
-73.8523,40.8426,3,8,'NYLyvere St10003|NYLyvere St10003+NYE Tremont Ave+10003'
-73.8523,40.6872,1,13,'NY90th St10003|NY90th St10003+NYAtlantic Ave+10003'
-73.8523,40.8072,0,1,'NYFleet Ct10003'
-73.8523,40.7847,0,4,'NY14th Rd10003+NY115th St+10003|NY115th St10003'
-73.8523,40.7569,2,1,'NYGrnd Cntrl Parkway Exit Wb10003|NYGrnd Cntrl Parkway Exit Wb10003+NYGrand Central Pkwy+10003'
-73.8523,40.8762,0,1,'NYE 214th St10003+NYMsgr Cahill Pl+10003|NYMsgr Cahill Pl10003'
-73.8523,40.7518,1,2,'NY114th St10003+NY41st Ave+10003|NY41st Ave10003'
-73.8523,40.8310,1,14,'NYPowell Ave10003|NYPowell Ave10003+NYCross Bronx Expy+10003|NYPowell Ave10003+NYCross Bronx Svc Rd N+10003'
-73.8522,40.8499,0,9,'NYTomlinson Ave10003+NYMorris Park Ave+10003'
-73.8522,40.7448,0,11,'NY111th St10003+NY51st Ave+10003|NY51st Ave10003'
-73.8522,40.7912,0,3,'NY115th St10003|NY115th St10003+NY5th Ave+10003|NY115th St10003+NYPoppenhusen Ave+10003|NY5th Ave10003|NYPoppenhusen Ave10003'
-73.8522,40.8406,0,10,'NYZerega Ave10003+NYFuller St+10003|NYFuller St10003'
-73.8522,40.8996,0,2,'NYFurman Ave10003+NYE 239th St+10003'
-73.8522,40.6540,1,0,'NY161st Ave10003+NY79th St+10003|NY79th St10003'
-73.8522,40.8055,0,7,'NYBeacon Ln10003|NYBeacon Ln10003+NYBeacon Cir+10003|NYBeacon Cir10003'
-73.8522,40.7527,0,1,'NYGrand Central Pkwy10002+NYRoosevelt Ave+10002'
-73.8522,40.8927,0,1,'NYBronxwood Ave10003+NYE 234th St+10003|NYE 234th St10003'
-73.8522,40.8363,5,24,'NYStarling Ave10003+NYCastle Hill Ave+10003'
-73.8522,40.7576,0,2,'NYNorthern Bl State Rte S10002+NYGrand Central Pkwy N+10002'
-73.8522,40.8457,0,3,'NYPierce Ave10003+NYHone Ave+10003'
-73.8522,40.8585,0,9,'NYPearsall Ave10003'
-73.8522,40.6909,0,5,'NY89th Ave10003+NY92nd St+10003|NY92nd St10003'
-73.8522,40.6937,8,40,'NYJamaica Ave10003+NYWoodhaven Blvd+10003'
-73.8522,40.7543,4,5,'NYNorthern Blvd10003+NYGrnd Cntrl Parkway Entrance Eb+10003|NYGrnd Cntrl Parkway Entrance Eb10003'
-73.8522,40.9042,0,11,'NYE 241st St10003+NYMatilda Ave+10003'
-73.8522,40.8744,0,2,'NYUS Hwy 110002+NYPearsall Ave+10002|NYPearsall Ave10003|NYPearsall Ave10003+NYBoston Rd+10003'
-73.8522,40.8951,0,9,'NYPitman Ave10003+NYDigney Ave+10003'
-73.8522,40.7353,0,10,'NYApex Pl10003|NYApex Pl10003+NY62nd Dr+10003'
-73.8521,40.7574,1,1,'NYGrand Central Pkwy N10003|NYGrand Central Pkwy N10003+NYGrand Central Pkwy N+10003'
-73.8521,40.7886,0,5,'NY10th Ave10003'
-73.8521,40.8384,0,2,'NYGlover St10003+NYStearns St+10003|NYStearns St10003'
-73.8521,40.7128,1,36,'NYManse St10003+NY70th Ave+10003'
-73.8521,40.8356,1,16,'NYLyon Ave10003|NYLyon Ave10003+NYCastle Hill Ave+10003'
-73.8521,40.6693,0,1,'NY149th Ave10003+NY83rd St+10003|NY83rd St10003'
-73.8521,40.7534,33,21,'NYGrand Central Pkwy N10003'
-73.8520,40.7377,11,23,'NY108th St10003+NYHorace Harding Expy+10003|NY108th St10003+NYHorace Harding Blvd+10003'
-73.8520,40.7527,1,1,'NYGrand Central Pkwy10002+NYRoosevelt Ave+10002'
-73.8520,40.8801,0,3,'NYE 219th St10003+NYLaconia Ave+10003'
-73.8520,40.8629,0,5,'NYEsplanade Ave10003|NYEsplanade Ave10003+NYMace Ave+10003|NYEsplanade Ave10003+NYPearsall Ave+10003'
-73.8520,40.7888,1,1,'NYTaipei Ct10003'
-73.8520,40.8482,0,6,'NYVan Nest Ave10003+NYHaight Ave+10003'
-73.8520,40.8526,0,5,'NYYates Ave10003+NYRhinelander Ave+10003'
-73.8520,40.7538,3,3,'NYNorthern Blvd10003'
-73.8520,40.8640,0,9,'NYStedman Pl10003|NYStedman Pl10003+NYPearsall Ave+10003'
-73.8520,40.7269,18,55,'NY67th Rd10003+NY102nd St+10003'
-73.8520,40.9341,0,2,'NYNoble Ave10003|NYNoble Ave10003+NYMidland Ave+10003'
-73.8520,40.5743,0,1,'NYRockaway Beach Blvd10003+NYBeach 134th St+10003'
-73.8520,40.9137,0,2,'NYOverhill Pl10003'
-73.8520,40.8054,0,3,'NYBeacon Cir10003'
-73.8520,40.6826,1,3,'NYRockaway Blvd10003+NY101st Ave+10003|NYRockaway Blvd10003+NY88th St+10003'
-73.8520,40.8971,0,4,'NYBoyd Ave10003|NYBoyd Ave10003+NYBarnes Ave+10003'
-73.8519,40.7214,2,115,'NYBurns St10003+NYBaldwin Ave+10003|NYBurns St10003+NY68th Ave+10003|NYBaldwin Ave10003|NY68th Ave10003'
-73.8519,40.8433,0,1,'NYPaulding Ave10003+NYPoplar St+10003|NYPoplar St10003'
-73.8519,40.8065,0,3,'NYSurf Dr10003|NYSurf Dr10003+NYNeptune Ln+10003|NYNeptune Ln10003'
-73.8519,40.8553,0,3,'NYNeill Ave10003+NYTenbroeck Ave+10003'
-73.8519,40.7512,2,2,'NY114th St10003+NY42nd Ave+10003|NY42nd Ave10003'
-73.8519,40.7442,1,11,'NY52nd Ave10003|NY52nd Ave10003+NY111th St+10003'
-73.8519,40.7106,0,40,'NY70th Dr10003|NY70th Dr10003+NYMetropolitan Ave+10003'
-73.8519,40.6605,1,1,'NY157th Ave10003+NY81st St+10003|NY81st St10003'
-73.8519,40.6784,0,3,'NY106th Ave10003|NY106th Ave10003+NY86th St+10003'
-73.8519,40.8791,0,2,'NYE 218th St10003|NYE 218th St10003+NYOakley St+10003|NYE 218th St10003+NYFish Ave+10003|NYOakley St10003+NYFish Ave+10003|NYFish Ave10003'
-73.8519,40.7592,1,1,'NYGrnd Cntrl Parkway Entrance Wb10003'
-73.8519,40.6725,0,4,'NY84th St10003+NYDumont Ave+10003'
-73.8518,40.6977,0,20,'NY94th St10003+NYPark Ln S+10003'
-73.8518,40.8916,0,6,'NYBronxwood Ave10003+NYE 233rd St+10003'
-73.8518,40.6983,0,22,'NY94th St10003'
-73.8518,40.7373,4,17,'NY108th St10003+NYI 495+10003|NY108th St10003+NYLong Island Expy+10003'
-73.8518,40.8694,0,2,'NYAdee Ave10003+NYPearsall Ave+10003|NYPearsall Ave10003'
-73.8518,40.5791,0,5,'NYCronston Ave10003+NYBeach 131st St+10003'
-73.8518,40.7893,0,5,'NY9th Ave10003'
-73.8518,40.6644,0,7,'NY155th Ave10003+NY82nd St+10003|NY82nd St10003'
-73.8518,40.8426,0,2,'NYPaulding Ave10003|NYPaulding Ave10003+NYE Tremont Ave+10003'
-73.8518,40.9319,0,1,'NYDewey Ave10003'
-73.8518,40.7277,11,399,'NY67th Ave10003+NY102nd St+10003'
-73.8518,40.7561,2,3,'NYNorthern Blvd10003+NYGrand Central Pkwy N+10003|NYGrand Central Pkwy N10003'
-73.8518,40.8712,0,4,'NYPearsall Ave10003|NYPearsall Ave10003+NYBurke Ave+10003'
-73.8517,40.7896,0,6,'NYDalian Ct10003'
-73.8517,40.7261,7,89,'NYState Hwy 2510002+NY102nd St+10002|NY102nd St10003|NY102nd St10003+NYQueens Blvd+10003'
-73.8517,40.8403,1,4,'NYZerega Ave10003+NYBuck St+10003|NYBuck St10003'
-73.8517,40.7412,0,24,'NY56th Ave10003'
-73.8517,40.6859,0,6,'NY95th Ave10003+NY90th St+10003|NY90th St10003'
-73.8517,40.7370,7,23,'NY108th St10003+NY62nd Ave+10003|NY108th St10003+NYHorace Harding Blvd+10003'
-73.8517,40.8342,18,64,'NYWestchester Ave10003+NYCastle Hill Ave+10003'
-73.8517,40.7567,0,1,'NYNorthern Blvd10003+NYShea Rd+10003|NYShea Rd10003'
-73.8517,40.6677,0,13,'NY83rd St10003'
-73.8517,40.8727,0,2,'NYPearsall Ave10003|NYPearsall Ave10003+NYGivan Ave+10003|NYPearsall Ave10003+NYE Gun Hill Rd+10003|NYGivan Ave10003|NYGivan Ave10003+NYE Gun Hill Rd+10003'
-73.8517,40.8304,1,10,'NYCross Bronx Expy10006+NYHaviland Ave+10006|NYHaviland Ave10003'
-73.8517,40.9064,0,4,'NYE 242nd St10003+NYCarpenter Ave+10003'
-73.8516,40.5720,0,1,'NYBeach 135th St10003|NYBeach 135th St10003+NYOcean Promenade+10003'
-73.8516,40.7543,2,0,'NYGrnd Cntrl Parkway Entrance Eb10003'
-73.8516,40.6819,0,4,'NY102nd Ave10003+NY88th St+10003'
-73.8516,40.6719,0,2,'NY84th St10003|NY84th St10003+NYN Conduit Ave+10003'
-73.8516,40.8164,0,8,'NYLacombe Ave10003+NYScrevin Ave+10003|NYScrevin Ave10003'
-73.8516,40.8573,0,1,'NYNarragansett Ave10003'
-73.8516,40.6798,0,7,'NY87th St10003|NY87th St10003+NYLiberty Ave+10003'
-73.8516,40.6757,0,5,'NY85th St10003|NY85th St10003+NYSutter Ave+10003'
-73.8516,40.7003,0,44,'NYForest Park Dr10003'
-73.8516,40.5770,0,4,'NYBeach 132nd St10003+NYNewport Ave+10003'
-73.8516,40.7435,0,11,'NY53rd Ave10003|NY53rd Ave10003+NY111th St+10003'
-73.8516,40.6592,0,9,'NY158th Ave10003+NY81st St+10003'
-73.8515,40.7915,0,1,'NY117th St10003|NY117th St10003+NY5th Ave+10003|NY117th St10003+NYPoppenhusen Ave+10003'
-73.8515,40.7261,4,68,'NY67th Dr10003+NYState Hwy 25+10003|NY67th Dr10003+NYQueens Blvd+10003'
-73.8515,40.6777,0,6,'NY107th Ave10003+NY86th St+10003'
-73.8515,40.7246,0,46,'NY68th Ave10003|NY68th Ave10003+NYBooth St+10003'
-73.8515,40.6712,1,3,'NYS Conduit Ave10003|NYS Conduit Ave10003+NYLinden Blvd+10003|NYS Conduit Ave10003+NYS Conduit Ave+10003|NYLinden Blvd10002|NYLinden Blvd10002+NYS Conduit Ave+10002|NYS Conduit Ave10002'
-73.8515,40.6924,1,8,'NY88th Ave10003|NY88th Ave10003+NYWoodhaven Blvd+10003'
-73.8515,40.7366,0,13,'NY108th St10003+NYApex Pl+10003|NYApex Pl10003'
-73.8515,40.8858,0,8,'NYE 226th St10003+NYPaulding Ave+10003'
-73.8515,40.7884,0,1,'NY116th St10003'
-73.8515,40.6751,0,10,'NY85th St10003+NYPitkin Ave+10003'
-73.8515,40.8561,0,1,'NYLydig Ave10003+NYNarragansett Ave+10003'
-73.8514,40.6874,0,6,'NY91st St10003|NY91st St10003+NYAtlantic Ave+10003'
-73.8514,40.8380,0,8,'NYSaint Raymonds Ave10003+NYGlover St+10003'
-73.8514,40.8111,0,2,'NYHusson Ave10003'
-73.8514,40.7086,0,12,'NYContinental Ave10003|NYContinental Ave10003+NYSybilla St+10003|NYSybilla St10003'
-73.8514,40.8750,0,1,'NYUS Hwy 110002+NYBouck Ave+10002|NYBoston Rd10002+NYBouck Ave+10002|NYBouck Ave10003'
-73.8514,40.7467,0,1,'NYUnited Nations Ave N10003'
-73.8514,40.7873,0,3,'NY12nd Ave10003|NY12nd Ave10003+NY116th St+10003'
-73.8514,40.7375,3,2,'NYHor Harding Expressway Exit Eb10003|NYHor Harding Expressway Exit Eb10003+NYI 495+10003'
-73.8514,40.8460,0,3,'NYLurting Ave10003+NYPierce Ave+10003'
-73.8514,40.8785,0,2,'NYNeedham Ave10003+NYFish Ave+10003'
-73.8514,40.9039,0,9,'NYRichardson Ave10003+NYE 241st St+10003'
-73.8514,40.7084,0,8,'NYWalnut St10003'
-73.8514,40.8503,0,12,'NYMorris Park Ave10003+NYWilliamsbridge Rd+10003'
-73.8514,40.7226,6,64,'NYYellowstone Blvd10003+NYAustin St+10003'
-73.8513,40.6940,0,15,'NYJamaica Ave10003+NY94th St+10003|NY94th St10003'
-73.8513,40.9247,0,1,'NYTurner St10003|NYTurner St10003+NYKimball Ave+10003'
-73.8513,40.8980,0,14,'NYGunther Ave10003|NYGunther Ave10003+NYBarnes Ave+10003'
-73.8513,40.7363,1,20,'NY108th St10003+NY62nd Rd+10003|NY62nd Rd10003'
-73.8513,40.7296,2,35,'NY103rd St10003|NY103rd St10003+NY66th Ave+10003'
-73.8513,40.6812,1,5,'NY102nd Rd10003+NY88th St+10003'
-73.8513,40.7500,2,2,'NY114th St10003|NY114th St10003+NY44th Ave+10003|NY44th Ave10003'
-73.8513,40.6541,0,3,'NY80th St10003|NY80th St10003+NY161st Ave+10003'
-73.8513,40.6742,0,16,'NY133rd Ave10003+NY85th St+10003'
-73.8513,40.7141,0,45,'NYKessel St10003+NY70th Ave+10003'
-73.8513,40.6662,0,6,'NY83rd St10003|NY83rd St10003+NY153rd Ave+10003'
-73.8513,40.8953,0,7,'NYPitman Ave10003+NYBoyd Ave+10003'
-73.8513,40.7371,4,2,'NYApex Pl10003|NYApex Pl10003+NY62nd Ave+10003|NYApex Pl10003+NYHorace Harding Blvd+10003'
-73.8513,40.8728,0,1,'NYPearsall Ave10003|NYPearsall Ave10003+NYGivan Ave+10003'
-73.8512,40.7847,0,12,'NY14th Rd10003+NY116th St+10003|NY116th St10003'
-73.8512,40.8586,0,4,'NYThroop Ave10003'
-73.8512,40.9062,0,3,'NYE 242nd St10003+NYRobertson St+10003|NYRobertson St10003'
-73.8512,40.6771,1,1,'NY86th St10003+NY108th Ave+10003|NY108th Ave10003'
-73.8512,40.5816,0,1,'NYBeach 129th St10003|NYBeach 129th St10003+NYBeach Channel Dr+10003'
-73.8512,40.8486,0,3,'NYTomlinson Ave10003+NYVan Nest Ave+10003'
-73.8512,40.8530,0,3,'NYHering Ave10003+NYRhinelander Ave+10003'
-73.8512,40.7428,0,2,'NY111th St10003+NY54th Ave+10003|NY54th Ave10003'
-73.8512,40.8427,0,1,'NYSeddon St10003|NYSeddon St10003+NYE Tremont Ave+10003'
-73.8512,40.8752,0,1,'NYUS Hwy 110002+NYE 213th St+10002|NYBoston Rd10002+NYE 213th St+10002|NYE 213th St10003'
-73.8512,40.8794,0,4,'NYOakley St10003+NYE 219th St+10003|NYE 219th St10003'
-73.8512,40.7530,11,8,'NYRoosevelt Ave10003+NYShea Rd+10003'
-73.8512,40.5746,0,3,'NYRockaway Beach Blvd10003+NYBeach 133rd St+10003'
-73.8512,40.7379,3,3,'NYPenrod St10003|NYPenrod St10003+NYHorace Harding Expy+10003|NYPenrod St10003+NYHorace Harding Blvd+10003'
-73.8512,40.6918,1,12,'NY88th Rd10003|NY88th Rd10003+NYWoodhaven Blvd+10003'
-73.8512,40.8443,1,2,'NYSackett Ave10003+NYHone Ave+10003'
-73.8511,40.8144,1,2,'NYNorton Ave10003|NYNorton Ave10003+NYScrevin Ave+10003|NYScrevin Ave10003'
-73.8511,40.7310,3,224,'NYYellowstone Blvd10003+NY65th Ave+10003'
-73.8511,40.6847,0,21,'NY97th Ave10003+NY90th St+10003'
-73.8511,40.8815,0,3,'NYE 221st St10003+NYLaconia Ave+10003'
-73.8511,40.7079,0,2,'NY71st Ave10003|NY71st Ave10003+NYUnion Trnpike+10003|NY71st Ave10003+NYUnion Tpke+10003'
-73.8511,40.6694,0,3,'NY149th Ave10003+NY84th St+10003|NY84th St10003'
-73.8511,40.6943,0,8,'NY94th St10003+NY86th Dr+10003|NY86th Dr10003'
-73.8511,40.6887,0,4,'NY92nd Ave10003|NY92nd Ave10003+NY92nd St+10003'
-73.8511,40.8629,0,1,'NYMace Ave10003+NYThroop Ave+10003|NYThroop Ave10003'
-73.8511,40.7585,0,1,'NYNorthern Blvd10002+NYAstoria Blvd+10002|NYNorthern Blvd10002+NYAstoria Blvd N+10002|NYAstoria Blvd10003|NYAstoria Blvd10003+NYState Hwy 25 Alt+10003|NYAstoria Blvd N10003|NYAstoria Blvd N10003+NYState Hwy 25 Alt+10003'
-73.8511,40.8398,0,1,'NYMaclay Ave10003+NYZerega Ave+10003'
-73.8510,40.6941,0,6,'NYJamaica Ave10003+NY94th St+10003|NY94th St10003'
-73.8510,40.7256,10,128,'NYState Hwy 2510002+NY68th Ave+10002|NYQueens Blvd10002+NY68th Ave+10002|NY68th Ave10003'
-73.8510,40.8653,0,8,'NYAllerton Ave10003+NYThroop Ave+10003|NYThroop Ave10003'
-73.8510,40.7187,1,100,'NY69th Ave10003+NYExeter St+10003'
-73.8510,40.7357,9,88,'NY108th St10003+NY62nd Dr+10003'
-73.8510,40.6806,0,4,'NY103rd Ave10003+NY88th St+10003'
-73.8510,40.7566,0,2,'NYShea Rd10003|NYShea Rd10003+NYShea Rd+10003'
-73.8510,40.7380,3,42,'NYHorace Harding Expy10003+NYSaultell Ave+10003|NYSaultell Ave10003|NYSaultell Ave10003+NYHorace Harding Blvd+10003'
-73.8510,40.6610,1,1,'NY157th Ave10003|NY157th Ave10003+NY157th Ave+10003'
-73.8510,40.6717,0,1,'NYState Hwy 2710002|NYState Hwy 2710002+NYN Conduit Ave+10002|NYN Conduit Ave10003|NYN Conduit Ave10003+NYN Conduit Ave+10003|NYN Conduit Ave10002'
-73.8509,40.8758,0,2,'NYWilson Ave10003+NYE 214th St+10003|NYE 214th St10003'
-73.8509,40.6765,0,7,'NY109th Ave10003|NY109th Ave10003+NY86th St+10003'
-73.8509,40.8779,0,3,'NYHicks St10003+NYFish Ave+10003'
-73.8509,40.8179,0,32,'NYCaesar Pl10003|NYCaesar Pl10003+NYOlmstead Ave+10003'
-73.8509,40.7105,3,26,'NY71st Ave10003+NYMetropolitan Ave+10003|NYContinental Ave10003+NYMetropolitan Ave+10003'
-73.8509,40.6726,0,3,'NY85th St10003|NY85th St10003+NYDumont Ave+10003'
-73.8509,40.7239,0,354,'NYBooth St10003|NYBooth St10003+NY68th Dr+10003|NY68th Dr10003'
-73.8509,40.8372,89,90,'NYGlebe Ave10003+NYManning St+10003|NYManning St10003'
-73.8509,40.8428,0,2,'NYHone Ave10003|NYHone Ave10003+NYE Tremont Ave+10003'
-73.8509,40.8694,0,4,'NYAdee Ave10003+NYThroop Ave+10003|NYThroop Ave10003'
-73.8509,40.6645,0,5,'NY155th Ave10003+NY83rd St+10003|NY83rd St10003'
-73.8509,40.7287,2,222,'NY103rd St10003|NY103rd St10003+NY66th Rd+10003'
-73.8509,40.8312,10,44,'NYPowell Ave10003+NYCastle Hill Ave+10003'
-73.8509,40.7422,0,6,'NY111th St10003+NY55th Ave+10003|NY55th Ave10003'
-73.8509,40.6912,0,6,'NY89th Ave10003+NYWoodhaven Blvd+10003'
-73.8508,40.8420,0,4,'NYSeddon St10003+NYFuller St+10003|NYFuller St10003'
-73.8508,40.8712,0,2,'NYBurke Ave10003+NYThroop Ave+10003|NYThroop Ave10003'
-73.8508,40.6862,0,1,'NY95th Ave10003+NY91st St+10003|NY91st St10003'
-73.8508,40.7303,1,50,'NYYellowstone Blvd10003+NY65th Rd+10003'
-73.8508,40.9256,0,1,'NYKimball Ave10003+NYVredenburgh Ave+10003|NYVredenburgh Ave10003'
-73.8508,40.6881,0,4,'NY92nd St10003+NY93rd Ave+10003|NY93rd Ave10003'
-73.8508,40.8375,0,1,'NYGlover St10003+NYGlebe Ave+10003|NYGlebe Ave10003'
-73.8508,40.9061,0,3,'NYE 242nd St10003+NYMatilda Ave+10003|NYMatilda Ave10003'
-73.8508,40.8172,1,13,'NYCicero Ave10003|NYCicero Ave10003+NYOlmstead Ave+10003'
-73.8508,40.8629,0,9,'NYMace Ave10003+NYGabriel Dr+10003|NYGabriel Dr10003'
-73.8507,40.7107,8,14,'NY71st Ave10003+NYOlcott St+10003|NYContinental Ave10003+NYOlcott St+10003|NYOlcott St10003'
-73.8507,40.6822,1,6,'NYRockaway Blvd10003+NY102nd Ave+10003|NYRockaway Blvd10003+NY89th St+10003|NY102nd Ave10003|NY102nd Ave10003+NY89th St+10003'
-73.8507,40.7919,0,2,'NY5th Ave10003+NY119th St+10003|NY119th St10003|NY119th St10003+NYPoppenhusen Ave+10003'
-73.8507,40.5773,0,2,'NYBeach 131st St10003+NYNewport Ave+10003'
-73.8507,40.8365,0,5,'NYStarling Ave10003|NYStarling Ave10003+NYGlebe Ave+10003|NYStarling Ave10003+NYDoris St+10003|NYGlebe Ave10003+NYDoris St+10003|NYDoris St10003'
-73.8507,40.8306,1,16,'NYHaviland Ave10003|NYHaviland Ave10003+NYCross Bronx Expy+10003|NYHaviland Ave10003+NYCastle Hill Ave+10003|NYHaviland Ave10003+NYCross Bronx Svc Rd N+10003'
-73.8507,40.8574,0,2,'NYVan Hoesen Ave10003'
-73.8507,40.9142,0,2,'NYBronx River Rd10003+NYYonkers Ave+10003'
-73.8507,40.8913,0,8,'NYEdenwald Ave10003|NYEdenwald Ave10003+NYE 233rd St+10003|NYEdenwald Ave10003+NYDigney Ave+10003|NYE 233rd St10003+NYDigney Ave+10003|NYDigney Ave10003'
-73.8507,40.8386,0,5,'NYSaint Raymonds Ave10003+NYParker St+10003'
-73.8507,40.8872,0,3,'NYE 228th St10003+NYPaulding Ave+10003'
-73.8507,40.6799,0,1,'NYLiberty Ave10003+NY88th St+10003'
-73.8507,40.7512,9,6,'NYShea Rd10003|NYShea Rd10003+NYShea Rd+10003'
-73.8507,40.7350,1,33,'NY108th St10003+NY63rd Ave+10003'
-73.8507,40.8067,0,2,'NYHusson Ave10003|NYHusson Ave10003+NYSound View Ave+10003'
-73.8506,40.8989,0,2,'NYWickham Ave10003|NYWickham Ave10003+NYE 239th St+10003|NYWickham Ave10003+NYBarnes Ave+10003|NYE 239th St10003|NYE 239th St10003+NYBarnes Ave+10003'
-73.8506,40.7469,0,2,'NYAve of Science10003|NYAve of Science10003+NYAve of Transportation+10003|NYAve of Science10003+NYUnited Nations Ave N+10003|NYAve of Transportation10003|NYAve of Transportation10003+NYUnited Nations Ave N+10003'
-73.8506,40.7514,0,1,'NYShea Rd10003|NYShea Rd10003+NYShea Rd+10003'
-73.8506,40.8551,0,1,'NYChoctaw Pl10003|NYChoctaw Pl10003+NYNarragansett Ave+10003'
-73.8506,40.8936,0,19,'NYBussing Ave10003+NYBoyd Ave+10003'
-73.8506,40.8302,0,5,'NYCastle Hill Ave10003+NYCross Bronx Expy+10003'
-73.8506,40.7194,0,30,'NY69th Ave10003+NYDartmouth St+10003'
-73.8506,40.7887,0,4,'NY117th St10003+NY10th Ave+10003|NY10th Ave10003'
-73.8506,40.8301,0,2,'NYCross Bronx Expy10006+NYCastle Hill Ave+10006'
-73.8506,40.8464,0,8,'NYPierce Ave10003+NYHaight Ave+10003'
-73.8506,40.6877,0,3,'NYAtlantic Ave10003+NY92nd St+10003'
-73.8506,40.6594,0,9,'NY82nd St10003+NY158th Ave+10003'
-73.8505,40.8298,0,1,'NYWatson Ave10003+NYCastle Hill Ave+10003'
-73.8505,40.8358,1,2,'NYGlebe Ave10003+NYLyon Ave+10003'
-73.8505,40.7081,0,9,'NY71st Rd10003|NY71st Rd10003+NYUnion Trnpike+10003|NY71st Rd10003+NYUnion Tpke+10003'
-73.8505,40.7876,0,1,'NY117th St10003+NY12th Ave+10003|NY12th Ave10003'
-73.8505,40.7393,3,9,'NYVan Doren St10003+NYSaultell Ave+10003'
-73.8505,40.7415,0,10,'NY56th Ave10003|NY56th Ave10003+NY111th St+10003'
-73.8505,40.8428,0,2,'NYSaint Peters Ave10003|NYSaint Peters Ave10003+NYE Tremont Ave+10003'
-73.8505,40.7873,0,1,'NY117th St10003+NY12nd Ave+10003|NY12nd Ave10003'
-73.8505,40.9450,0,1,'NYPalmer Rd10003+NYCentral Park Ave+10003'
-73.8505,40.8507,0,13,'NYMorris Park Ave10003+NYYates Ave+10003'
-73.8505,40.7154,0,46,'NYIngram St10003+NYHerrick Ave+10003|NYHerrick Ave10003'
-73.8505,40.6942,1,17,'NY95th St10003|NY95th St10003+NYJamaica Ave+10003'
-73.8505,40.8394,0,2,'NYZerega Ave10003+NYDorsey St+10003|NYDorsey St10003'
-73.8505,40.6815,0,2,'NY102nd Rd10003+NY89th St+10003'
-73.8505,40.6748,0,2,'NY86th St10003+NYPitkin Ave+10003'
-73.8504,40.8798,0,3,'NYOakley St10003+NYFenton Ave+10003|NYFenton Ave10003'
-73.8504,40.7201,0,8,'NYClyde St10003|NYClyde St10003+NY69th Ave+10003'
-73.8504,40.8112,0,2,'NYBetts Ave10003'
-73.8504,40.7914,0,3,'NY6th Ave10003|NY6th Ave10003+NY119th St+10003'
-73.8504,40.7250,7,148,'NYState Hwy 2510002+NY68th Rd+10002|NYQueens Blvd10002+NY68th Rd+10002|NY68th Rd10003'
-73.8504,40.8534,0,2,'NYTenbroeck Ave10003+NYRhinelander Ave+10003'
-73.8504,40.9060,0,5,'NYOsgood St10003|NYOsgood St10003+NYE 242nd St+10003'
-73.8504,40.5750,0,2,'NYRockaway Beach Blvd10003+NYBeach 132nd St+10003'
-73.8504,40.7513,1,1,'NYShea Rd10003|NYShea Rd10003+NYShea Rd+10003'
-73.8504,40.6743,0,4,'NY133rd Ave10003+NY86th St+10003'
-73.8504,40.8291,1,4,'NYBlackrock Ave10003+NYCastle Hill Ave+10003'
-73.8503,40.8490,0,6,'NYVan Nest Ave10003+NYWilliamsbridge Rd+10003'
-73.8503,40.7114,1,20,'NY71st Ave10003+NYNansen St+10003|NYContinental Ave10003+NYNansen St+10003'
-73.8503,40.6542,0,4,'NY161st Ave10003+NY81st St+10003|NY81st St10003'
-73.8503,40.7840,1,0,'NY117th St10003|NY117th St10003+NY15th Ave+10003'
-73.8503,40.7343,11,43,'NY108th St10003+NY63rd Rd+10003'
-73.8503,40.6906,1,5,'NY90th Ave10003'
-73.8503,40.6830,1,11,'NY101st Ave10003+NY90th St+10003'
-73.8503,40.8587,0,4,'NYBouck Ave10003'
-73.8503,40.8416,1,1,'NYSeddon St10003+NYBuck St+10003|NYBuck St10003'
-73.8503,40.8879,0,2,'NYPaulding Ave10003+NYE 229th St+10003'
-73.8503,40.7399,0,8,'NYVan Cleef St10003+NYSaultell Ave+10003'
-73.8503,40.7508,7,4,'NYShea Rd10003|NYShea Rd10003+NYShea Rd+10003'
-73.8503,40.7297,2,82,'NYYellowstone Blvd10003+NY66th Ave+10003'
-73.8503,40.8598,2,30,'NYBouck Ave10003+NYAstor Ave+10003'
-73.8502,40.6850,0,3,'NY97th Ave10003+NY91st St+10003'
-73.8502,40.7408,0,5,'NY111th St10003'
-73.8502,40.9322,0,1,'NYLawrence Park Ter10003'
-73.8502,40.8283,1,20,'NYCastle Hill Ave10003+NYChatterton Ave+10003'
-73.8502,40.9316,0,6,'NYLawrence Park Cres10003'
-73.8502,40.8829,0,3,'NYE 223rd St10003|NYE 223rd St10003+NYLaconia Ave+10003'
-73.8502,40.8439,0,2,'NYLurting Ave10003+NYPoplar St+10003|NYPoplar St10003'
-73.8502,40.8100,0,2,'NYGildersleeve Ave10003|NYGildersleeve Ave10003+NYBetts Ave+10003|NYBetts Ave10003'
-73.8502,40.8545,0,1,'NYPawnee Pl10003|NYPawnee Pl10003+NYNarragansett Ave+10003'
-73.8502,40.8344,0,8,'NYGlebe Ave10003|NYGlebe Ave10003+NYWestchester Ave+10003'
-73.8502,40.8783,0,2,'NYHicks St10003+NYSeymour Ave+10003|NYSeymour Ave10003'
-73.8502,40.8406,0,7,'NYHubbell St10003|NYHubbell St10003+NYMaclay Ave+10003'
-73.8501,40.6808,0,6,'NY89th St10003+NY103rd Ave+10003'
-73.8501,40.7594,0,2,'NYShea Rd10003'
-73.8501,40.8361,0,6,'NYDoris St10003+NYLyon Ave+10003'
-73.8501,40.8640,0,7,'NYBouck Ave10003+NYGabriel Dr+10003|NYGabriel Dr10003'
-73.8501,40.6696,0,7,'NY85th St10003|NY85th St10003+NY149th Ave+10003'
-73.8501,40.6915,0,11,'NY89th Ave10003+NY94th St+10003|NY94th St10003'
-73.8501,40.8144,0,10,'NYNorton Ave10003+NYOlmstead Ave+10003'
-73.8501,40.8516,0,5,'NYHering Ave10003+NYLakewood Pl+10003|NYLakewood Pl10003'
-73.8501,40.9033,0,4,'NYCranford Ave10003|NYCranford Ave10003+NYE 241st St+10003|NYCranford Ave10003+NYGarden Pl+10003|NYE 241st St10003+NYGarden Pl+10003|NYGarden Pl10003'
-73.8501,40.8563,0,1,'NYNeill Ave10003+NYSeminole Ave+10003|NYSeminole Ave10003'
-73.8501,40.7160,1,39,'NYHarrow St10003+NYHerrick Ave+10003'
-73.8501,40.6898,1,7,'NYWoodhaven Blvd10003+NY91st Ave+10003'
-73.8501,40.8657,0,1,'NYBouck Ave10003+NYStedman Pl+10003'
-73.8501,40.6612,2,4,'NY157th Ave10003+NY83rd St+10003|NY83rd St10003'
-73.8500,40.8996,0,1,'NYBruner Ave10003|NYBruner Ave10003+NYBarnes Ave+10003|NYBarnes Ave10003'
-73.8500,40.7900,0,7,'NY8th Ave10003'
-73.8500,40.8391,1,0,'NYSaint Raymonds Ave10003|NYSaint Raymonds Ave10003+NYZerega Ave+10003'
-73.8500,40.7208,1,74,'NY69th Ave10003|NY69th Ave10003+NYBurns St+10003'
-73.8500,40.6627,0,5,'NYShore Pkwy10006+NY156th Ave+10006|NY156th Ave10003+NYShore Pkwy Svc Rd+10003'
-73.8500,40.7427,0,1,'NYUnited Nations Ave S10003|NYAve of Transportation10003'
-73.8500,40.8276,2,12,'NYCastle Hill Ave10003+NYBruckner Blvd+10003'
-73.8500,40.8381,0,5,'NYParker St10003+NYGlebe Ave+10003'
-73.8500,40.6728,0,9,'NYDumont Ave10003+NY86th St+10003|NY86th St10003'
-73.8500,40.7406,0,2,'NYSaultell Ave10003'
-73.8500,40.8429,0,2,'NYLurting Ave10003|NYLurting Ave10003+NYE Tremont Ave+10003'
-73.8500,40.7103,1,24,'NY71st Rd10003|NY71st Rd10003+NYMetropolitan Ave+10003'
-73.8500,40.9312,0,1,'NYLawrence Park Cres10003'
-73.8499,40.6864,2,16,'NY92nd St10003|NY92nd St10003+NY95th Ave+10003'
-73.8499,40.7336,4,41,'NY108th St10003+NY63rd Dr+10003'
-73.8499,40.6981,1,16,'NY96th St10003|NY96th St10003+NYPark Ln S+10003'
-73.8499,40.9335,0,1,'NYSunnybrook Rd10003'
-73.8499,40.7120,1,7,'NY71st Ave10003+NYManse St+10003|NYManse St10003+NYContinental Ave+10003'
-73.8499,40.9059,0,8,'NYRichardson Ave10003|NYRichardson Ave10003+NYE 242nd St+10003'
-73.8499,40.8271,0,5,'NYBruckner Expy10001+NYCastle Hill Ave+10001|NYI 27810001+NYCastle Hill Ave+10001'
-73.8499,40.5775,0,1,'NYBeach 130th St10003+NYNewport Ave+10003'
-73.8499,40.8299,1,2,'NYWatson Ave10003|NYWatson Ave10003+NYCross Bronx Expy+10003'
-73.8499,40.7383,12,16,'NYWaldron St10003|NYWaldron St10003+NYHorace Harding Expy+10003|NYWaldron St10003+NYHorace Harding Blvd+10003'
-73.8499,40.8759,0,5,'NYUS Hwy 110002+NYFish Ave+10002|NYBoston Rd10002+NYFish Ave+10002'
-73.8499,40.7907,1,2,'NY7th Ave10003|NY7th Ave10003+NY119th St+10003'
-73.8499,40.8886,0,4,'NYPaulding Ave10003+NYE 230th St+10003'
-73.8499,40.8721,1,1,'NYBouck Ave10003+NYE Gun Hill Rd+10003'
-73.8499,40.8269,2,42,'NYBruckner Blvd10003+NYCastle Hill Ave+10003'
-73.8499,40.9041,0,1,'NYSaint Ouen St10003|NYSaint Ouen St10003+NYWhite Plains Rd+10003'
-73.8498,40.8915,0,3,'NYEdenwald Ave10003+NYBoyd Ave+10003|NYBoyd Ave10003'
-73.8498,40.8809,0,2,'NYStickney Pl10003|NYStickney Pl10003+NYE 221st St+10003'
-73.8498,40.7244,30,304,'NYState Hwy 2510002+NY68th Dr+10002|NY68th Dr10003+NYQueens Blvd+10003'
-73.8498,40.9436,0,1,'NYRockledge Pl10003'
-73.8498,40.6629,0,2,'NYShore Pkwy10006+NY84th St+10006|NYShore Pkwy Svc Rd10006+NY84th St+10006|NY84th St10003'
-73.8498,40.8467,0,8,'NYTomlinson Ave10003+NYPierce Ave+10003'
-73.8498,40.8661,0,4,'NYDewitt Pl10003|NYDewitt Pl10003+NYStedman Pl+10003'
-73.8498,40.6820,1,3,'NYRockaway Blvd10003+NY90th St+10003'
-73.8498,40.7893,0,7,'NY118th St10003'
-73.8497,40.6891,0,4,'NYWoodhaven Blvd10003+NY92nd Ave+10003|NY92nd Ave10003'
-73.8497,40.6972,0,8,'NY96th St10003+NY85th Ave+10003|NY85th Ave10003'
-73.8497,40.6780,0,13,'NY107th Ave10003+NY88th St+10003'
-73.8497,40.6799,0,10,'NY89th St10003+NYLiberty Ave+10003'
-73.8497,40.6681,0,23,'NY85th St10003'
-73.8497,40.6879,0,3,'NYAtlantic Ave10003+NY93rd St+10003|NY93rd St10003'
-73.8497,40.8511,0,4,'NYMorris Park Ave10003+NYHering Ave+10003'
-73.8497,40.7588,0,1,'NYShea Rd10003+NYNorthern Blvd+10003|NYShea Rd10003+NYState Hwy 25 Alt+10003'
-73.8497,40.7167,1,27,'NYGroton St10003+NY70th Ave+10003|NYGroton St10003+NYHerrick Ave+10003'
-73.8497,40.8538,0,1,'NYNarragansett Ave10003+NYRhinelander Ave+10003'
-73.8497,40.9069,0,1,'NYOsgood St10003|NYOsgood St10003+NYE 243rd St+10003'
-73.8496,40.9275,0,2,'NYKimball Ave10003+NYFox Ave+10003|NYFox Ave10003'
-73.8496,40.7876,0,5,'NY118th St10003|NY118th St10003+NY12th Ave+10003'
-73.8496,40.6625,0,2,'NYBelt Pkwy10002+NY156th Ave+10002|NYBelt Pkwy10002+NY84th St+10002|NY156th Ave10003|NY156th Ave10003+NY84th St+10003|NY156th Ave10003+NYShore Pkwy+10003|NY84th St10003+NYShore Pkwy+10003'
-73.8496,40.6817,0,6,'NY102nd Rd10003+NY90th St+10003'
-73.8496,40.7587,1,0,'NYShea Rd10003+NYAstoria Blvd+10003|NYShea Rd10003+NYAstoria Blvd N+10003'
-73.8496,40.8411,1,12,'NYSeddon St10003+NYMaclay Ave+10003'
-73.8496,40.7329,1,51,'NY64th Ave10003+NY108th St+10003'
-73.8496,40.7870,2,10,'NY118th St10003'
-73.8496,40.5753,0,1,'NYRockaway Beach Blvd10003+NYBeach 131st St+10003'
-73.8496,40.6966,2,18,'NY96th St10003+NY85th Rd+10003|NY85th Rd10003'
-73.8496,40.8833,0,2,'NYE 224th St10003|NYE 224th St10003+NYEastchester Rd+10003'
-73.8496,40.9050,0,6,'NYPenfield St10003|NYPenfield St10003+NYWhite Plains Rd+10003'
-73.8496,40.8166,0,11,'NYTorry Ave10003|NYTorry Ave10003+NYLacombe Ave+10003'
-73.8496,40.6944,1,4,'NYJamaica Ave10003+NY96th St+10003|NY96th St10003'
-73.8496,40.8344,1,8,'NYWaterbury Ave10003|NYWaterbury Ave10003+NYWestchester Ave+10003'
-73.8496,40.6889,0,1,'NY92nd Ave10003|NY92nd Ave10003+NYWoodhaven Blvd+10003'
-73.8495,40.9030,0,1,'NYE 241st St10003+NYFurman Ave+10003|NYFurman Ave10003'
-73.8495,40.8366,0,11,'NYLyon Ave10003+NYGlover St+10003'
-73.8495,40.8733,0,3,'NYGivan Ave10003+NYWilson Ave+10003'
-73.8495,40.7127,1,29,'NY71st Ave10003+NYLoubet St+10003|NYContinental Ave10003+NYLoubet St+10003'
-73.8495,40.8653,0,12,'NYAllerton Ave10003+NYDewitt Pl+10003|NYDewitt Pl10003'
-73.8495,40.8403,0,2,'NYHubbell St10003|NYHubbell St10003+NYDorsey St+10003'
-73.8495,40.7084,0,4,'NYUnion Trnpike10003+NY71st Dr+10003|NYUnion Tpke10003+NY71st Dr+10003|NY71st Dr10003'
-73.8495,40.8893,0,3,'NYPaulding Ave10003+NYE 231st St+10003'
-73.8495,40.6982,0,6,'NYPark Ln S10003+NY98th St+10003'
-73.8495,40.8786,0,1,'NYFenton Ave10003+NYHicks St+10003'
-73.8494,40.7292,4,272,'NYYellowstone Blvd10003+NY66th Rd+10003'
-73.8494,40.6959,0,12,'NY96th St10003+NY86th Ave+10003|NY86th Ave10003'
-73.8494,40.8493,0,1,'NYYates Ave10003+NYVan Nest Ave+10003'
-73.8494,40.7841,1,13,'NY15th Ave10003+NY118th St+10003|NY118th St10003'
-73.8494,40.6833,0,9,'NY101st Ave10003+NY91st St+10003'
-73.8494,40.8521,0,2,'NYTenbroeck Ave10003+NYLakewood Pl+10003'
-73.8494,40.6745,0,5,'NY133rd Ave10003+NYPitkin Ave+10003'
-73.8494,40.7584,1,1,'NYShea Rd10003+NYNorthern Blvd+10003|NYShea Rd10003+NYNorthern Bl State Rte S+10003|NYNorthern Blvd10003|NYNorthern Blvd10003+NYNorthern Bl State Rte S+10003'
-73.8494,40.8429,0,2,'NYMontgomery Pl10003|NYMontgomery Pl10003+NYE Tremont Ave+10003'
-73.8494,40.9057,0,2,'NYWhite Plains Rd10003+NYE 242nd St+10003'
-73.8494,40.8569,0,4,'NYNeill Ave10003|NYNeill Ave10003+NYWilson Ave+10003|NYWilson Ave10003'
-73.8494,40.8060,0,2,'NYBronx River Ave10003|NYBronx River Ave10003+NYBetts Ave+10003|NYBronx River Ave10003+NYSound View Ave+10003|NYBetts Ave10003|NYBetts Ave10003+NYSound View Ave+10003|NYSound View Ave10003'
-73.8494,40.8386,0,1,'NYZerega Ave10003+NYGlebe Ave+10003|NYGlebe Ave10003'
-73.8494,40.6852,0,6,'NY92nd St10003+NY97th Ave+10003'
-73.8493,40.6544,0,14,'NY82nd St10003|NY82nd St10003+NY161st Ave+10003'
-73.8493,40.9405,0,2,'NYEssex Pl10003'
-73.8493,40.6810,0,9,'NY90th St10003+NY103rd Ave+10003'
-73.8493,40.7380,8,7,'NYHor Harding Expressway Exit Eb10003|NYHor Harding Expressway Exit Eb10003+NYHor Harding Expressway en Eb+10003|NYHor Harding Expressway en Eb10003'
-73.8493,40.5818,0,1,'NYBeach 127th St10003|NYBeach 127th St10003+NYBeach Channel Dr+10003'
-73.8493,40.7173,1,46,'NYFleet St10003+NY70th Ave+10003|NYFleet St10003+NYHerrick Ave+10003'
-73.8493,40.7323,1,61,'NY108th St10003+NY64th Rd+10003'
-73.8493,40.9309,0,5,'NYWrexham Rd10003|NYWrexham Rd10003+NYMidland Ave+10003'
-73.8492,40.6886,0,4,'NYWoodhaven Blvd10003+NY93rd Ave+10003'
-73.8492,40.6917,0,22,'NY95th St10003|NY95th St10003+NY89th Ave+10003'
-73.8492,40.5730,0,2,'NYBeach 132nd St10003|NYBeach 132nd St10003+NYOcean Promenade+10003'
-73.8492,40.6818,0,1,'NYRockaway Blvd10003+NY102nd Rd+10003|NY102nd Rd10003'
-73.8492,40.8825,0,8,'NYE 223rd St10003|NYE 223rd St10003+NYEastchester Rd+10003'
-73.8492,40.7582,0,1,'NYShea Rd10003|NYShea Rd10003+NYShea Rd+10003'
-73.8492,40.8666,0,1,'NYDewitt Pl10003|NYDewitt Pl10003+NYStedman Pl+10003|NYDewitt Pl10003+NYWilson Ave+10003|NYde Witt Pl10003|NYde Witt Pl10003+NYStedman Pl+10003|NYde Witt Pl10003+NYWilson Ave+10003|NYStedman Pl10003|NYStedman Pl10003+NYWilson Ave+10003'
-73.8491,40.7239,25,560,'NY69th Ave10003|NY69th Ave10003+NYState Hwy 25+10003|NY69th Ave10003+NYQueens Blvd+10003'
-73.8491,40.7226,14,573,'NYGerard Pl10003'
-73.8491,40.6945,0,5,'NYJamaica Ave10003+NY96th St+10003|NY96th St10003'
-73.8491,40.7277,8,666,'NY67th Rd10003+NYYellowstone Blvd+10003'
-73.8491,40.7133,0,16,'NY71st Ave10003+NYKessel St+10003'
-73.8491,40.6632,0,3,'NYShore Pkwy10006+NY84th St+10006|NYShore Pkwy Svc Rd10006+NY84th St+10006|NY84th St10003'
-73.8491,40.7474,1,0,'NYHall of Science Brg10003|NYHall of Science Brg10003+NYUnited Nations Ave N+10003|NYUnited Nations Ave N10003'
-73.8491,40.8900,0,5,'NYPaulding Ave10003+NYE 232nd St+10003'
-73.8491,40.6613,0,3,'NY157th Ave10003+NY84th St+10003'
-73.8491,40.8996,0,2,'NYEly Ave10003'
-73.8491,40.6729,0,7,'NY87th St10003|NY87th St10003+NYDumont Ave+10003'
-73.8491,40.8471,0,12,'NYPierce Ave10003+NYWilliamsbridge Rd+10003'
-73.8491,40.7436,1,0,'NYAve of Transportation10003|NYAve of Transportation10003+NYAve of Transportation+10003'
-73.8491,40.6866,0,5,'NY95th Ave10003+NY93rd St+10003'
-73.8491,40.5778,0,5,'NYBeach 129th St10003+NYNewport Ave+10003'
-73.8491,40.8407,0,2,'NYSeddon St10003+NYDorsey St+10003|NYDorsey St10003'
-73.8491,40.7102,3,68,'NYMetropolitan Ave10003+NY71st Dr+10003|NY71st Dr10003'
-73.8491,40.9285,1,1,'NYKimball Ave10003+NYNorth Dr+10003|NYNorth Dr10003'
-73.8491,40.7486,6,5,'NYPerimeter Rd10003|NYPerimeter Rd10003+NYPerimeter Rd+10003'
-73.8490,40.8805,0,6,'NYOakley St10003+NYE 221st St+10003'
-73.8490,40.7574,8,1,'NYShea Rd10003|NYShea Rd10003+NYShea Rd+10003'
-73.8490,40.9190,0,1,'NYMile Square Rd10003+NYCrescent Pl+10003'
-73.8490,40.8676,0,13,'NYArnow Ave10003|NYArnow Ave10003+NYSexton Pl+10003|NYArnow Ave10003+NYWilson Ave+10003|NYSexton Pl10003|NYSexton Pl10003+NYWilson Ave+10003'
-73.8490,40.8762,0,4,'NYUS Hwy 110002+NYSeymour Ave+10002|NYBoston Rd10002+NYSeymour Ave+10002'
-73.8490,40.8416,0,5,'NYMaclay Ave10003+NYSaint Peters Ave+10003'
-73.8490,40.9507,0,1,'NYBurbank St10003+NYWainwright Ave+10003|NYWainwright Ave10003'
-73.8490,40.8917,1,3,'NYEdenwald Ave10003+NYGunther Ave+10003'
-73.8489,40.7316,2,52,'NY108th St10003+NY65th Ave+10003'
-73.8489,40.8716,0,1,'NYBurke Ave10003+NYWilson Ave+10003|NYWilson Ave10003'
-73.8489,40.8553,0,2,'NYPawnee Pl10003|NYPawnee Pl10003+NYSeminole Ave+10003'
-73.8489,40.7474,2,1,'NYGrand Central Pkwy10002|NYGrand Central Pkwy10002+NYGrand Central Pkwy+10002|NYGrand Central Pkwy10002+NYHall of Science Brg+10002'
-73.8489,40.7502,4,1,'NYGreat Lakes Ct10003|NYGreat Lakes Ct10003+NYPerimeter Rd+10003|NYGreat Lakes Ct10003+NYShea Rd+10003|NYPerimeter Rd10003+NYShea Rd+10003|NYShea Rd10003'
-73.8489,40.7717,0,1,'NY119th St10003|NY119th St10003+NY30th Ave+10003|NY30th Ave10003'
-73.8489,40.7180,0,6,'NYExeter St10003+NY70th Ave+10003|NYExeter St10003+NYHerrick Ave+10003'
-73.8489,40.7583,0,1,'NYShea Rd10003|NYShea Rd10003+NYShea Rd+10003'
-73.8489,40.8300,1,6,'NYWatson Ave10003|NYWatson Ave10003+NYCross Bronx Expy+10003|NYWatson Ave10003+NYCross Bronx Svc Rd N+10003'
-73.8488,40.8134,0,7,'NYTorry Ave10003|NYTorry Ave10003+NYBarrett Ave+10003'
-73.8488,40.7786,0,3,'NY23rd Ave10003+NY119th St+10003'
-73.8488,40.6781,0,26,'NY107th Ave10003+NY89th St+10003'
-73.8488,40.6881,2,1,'NYWoodhaven Blvd10003+NYAtlantic Ave+10003'
-73.8488,40.7781,1,0,'NY119th St10003'
-73.8488,40.6902,0,5,'NY95th St10003|NY95th St10003+NY91st Ave+10003'
-73.8488,40.8849,0,2,'NYE 226th St10003|NYE 226th St10003+NYLaconia Ave+10003'
-73.8488,40.9128,0,1,'NYS Mac Questen Pkwy10003|NYS Mac Questen Pkwy10003+NYN Macquesten Pkwy+10003|NYS Mac Questen Pkwy10003+NYMount Vernon Ave+10003|NYN Macquesten Pkwy10003|NYN Macquesten Pkwy10003+NYMount Vernon Ave+10003'
-73.8488,40.5756,0,1,'NYRockaway Beach Blvd10003+NYBeach 130th St+10003'
-73.8488,40.9680,0,1,'NYWinchester Dr10003'
-73.8488,40.7901,0,1,'NY8th Ave10003'
-73.8488,40.8399,0,1,'NYRowland St10003|NYRowland St10003+NYSaint Raymonds Ave+10003'
-73.8488,40.6800,0,2,'NY90th St10003+NYLiberty Ave+10003'
-73.8488,40.7387,7,97,'NYVan Doren St10003|NYVan Doren St10003+NYHorace Harding Expy+10003|NYVan Doren St10003+NYHorace Harding Blvd+10003'
-73.8488,40.7481,3,2,'NYPerimeter Rd10003|NYPerimeter Rd10003+NYPerimeter Rd+10003'
-73.8488,40.8662,0,2,'NYDewitt Pl10003|NYDewitt Pl10003+NYDewitt Pl+10003|NYDewitt Pl10003+NYde Witt Pl+10003|NYde Witt Pl10003'
-73.8488,40.8373,0,7,'NYLyon Ave10003+NYParker St+10003'
-73.8488,40.7876,0,5,'NY12th Ave10003+NY119th St+10003'
-73.8488,40.7364,0,31,'NY110th St10003|NY110th St10003+NY62nd Dr+10003'
-73.8488,40.7801,0,8,'NY22nd Ave10003+NY119th St+10003'
-73.8487,40.8814,0,2,'NYEastchester Rd10003+NYE 222nd St+10003'
-73.8487,40.8526,0,1,'NYLakewood Pl10003|NYLakewood Pl10003+NYNarragansett Ave+10003'
-73.8487,40.8906,1,2,'NYPaulding Ave10003|NYPaulding Ave10003+NYE 233rd St+10003|NYPaulding Ave10003+NYGunther Ave+10003|NYE 233rd St10003+NYGunther Ave+10003|NYGunther Ave10003'
-73.8487,40.7139,1,21,'NY71st Ave10003+NYJuno St+10003'
-73.8487,40.8351,1,6,'NYDoris St10003|NYDoris St10003+NYWestchester Ave+10003|NYDoris St10003+NYHavemeyer Ave+10003|NYWestchester Ave10003+NYHavemeyer Ave+10003|NYHavemeyer Ave10003'
-73.8487,40.9067,0,1,'NYW 1st St10003|NYW 1st St10003+NYWhite Plains Rd+10003|NYWhite Plains Rd10003'
-73.8487,40.9396,0,1,'NYWarwick Rd10003'
-73.8487,40.7817,0,3,'NY20th Ave10003+NY119th St+10003'
-73.8487,40.7602,0,5,'NYGrnd Cntrl Parkway Entrance Wb10003'
-73.8487,40.8736,0,9,'NYGivan Ave10003+NYFish Ave+10003'
-73.8487,40.8840,0,2,'NY226th Dr S10003|NY226th Dr S10003+NYE 225th St+10003'
-73.8487,40.6946,0,7,'NY97th St10003|NY97th St10003+NYJamaica Ave+10003'
-73.8486,40.7475,2,0,'NYHall of Science Brg10003|NYHall of Science Brg10003+NYUnited Nations Ave N+10003|NYUnited Nations Ave N10003'
-73.8486,40.6879,1,8,'NY94th St10003|NY94th St10003+NYWoodhaven Blvd+10003'
-73.8486,40.8453,0,1,'NYTomlinson Ave10003|NYTomlinson Ave10003+NYSackett Ave+10003'
-73.8486,40.8790,0,2,'NYCorsa Ave10003|NYCorsa Ave10003+NYHicks St+10003'
-73.8486,40.8717,0,1,'NYBurke Ave10003+NYWilson Ave+10003|NYBurke Ave10003+NYE Gun Hill Rd+10003|NYWilson Ave10003|NYWilson Ave10003+NYE Gun Hill Rd+10003'
-73.8486,40.7581,3,1,'NYShea Rd10003|NYShea Rd10003+NYShea Rd+10003'
-73.8486,40.8168,0,11,'NYHowe Ave10003|NYHowe Ave10003+NYLacombe Ave+10003'
-73.8486,40.8496,0,4,'NYVan Nest Ave10003+NYHering Ave+10003'
-73.8486,40.7832,0,4,'NY18th Ave10003'
-73.8486,40.7309,1,39,'NY108th St10003+NY65th Rd+10003'
-73.8486,40.6650,1,15,'NY155th Ave10003+NY86th St+10003|NY86th St10003'
-73.8486,40.7085,1,2,'NY72nd Ave10003|NY72nd Ave10003+NYUnion Trnpike+10003|NY72nd Ave10003+NYUnion Tpke+10003'
-73.8485,40.9293,0,4,'NYMidland Ave10003|NYMidland Ave10003+NYKimball Ave+10003'
-73.8485,40.8430,2,1,'NYOvering St10003|NYOvering St10003+NYE Tremont Ave+10003'
-73.8485,40.6835,0,4,'NY92nd St10003+NY101st Ave+10003'
-73.8485,40.9496,0,2,'NYArlington St10003+NYBurbank St+10003|NYBurbank St10003'
-73.8485,40.7389,4,28,'NYHor Harding Expressway Exit Wb10003|NYHor Harding Expressway Exit Wb10003+NYHorace Harding Expy+10003|NYHor Harding Expressway Exit Wb10003+NYHorace Harding Blvd+10003|NYHorace Harding Expy10003|NYHorace Harding Blvd10003'
-73.8485,40.6855,0,2,'NY97th Ave10003+NY93rd St+10003'
-73.8485,40.8345,1,11,'NYWaterbury Ave10003+NYHavemeyer Ave+10003'
-73.8485,40.7101,3,10,'NY72nd Ave10003|NY72nd Ave10003+NYMetropolitan Ave+10003'
-73.8485,40.7186,0,6,'NY70th Ave10003|NYHerrick Ave10003'
-73.8484,40.7932,0,1,'NYPark Cres10003'
-73.8484,40.6813,0,1,'NY91st St10003+NY103rd Ave+10003'
-73.8484,40.5733,0,3,'NYBeach 131st St10003|NYBeach 131st St10003+NYOcean Promenade+10003|NYBeach 131st St10003+NYOcean Pr+10003|NYOcean Promenade10003|NYOcean Promenade10003+NYOcean Pr+10003|NYOcean Pr10003'
-73.8484,40.6746,0,7,'NY133rd Ave10003+NY88th St+10003'
-73.8484,40.8402,0,3,'NYSeddon St10003|NYSeddon St10003+NYSaint Raymonds Ave+10003'
-73.8484,40.7382,1,10,'NY62nd Ave10003+NYColonial Ave+10003|NYHorace Harding Blvd10003'
-73.8484,40.7364,0,12,'NYColonial Ave10003|NYColonial Ave10003+NY62nd Dr+10003'
-73.8484,40.6626,0,1,'NY156th Ave10003|NY156th Ave10003+NY85th St+10003|NY85th St10003'
-73.8484,40.7928,0,3,'NYCollege Pl10003|NYCollege Pl10003+NYPoppenhusen Ave+10003|NYPoppenhusen Ave10003'
-73.8484,40.7357,0,13,'NY110th St10003+NY63rd Ave+10003'
-73.8484,40.8808,0,1,'NYOakley St10003|NYOakley St10003+NYEastchester Rd+10003'
-73.8484,40.6741,0,4,'NYPitkin Ave10003+NY88th St+10003|NY88th St10003'
-73.8484,40.9071,0,1,'NYVista Pl10003|NYVista Pl10003+NYW 1st St+10003|NYVista Pl10003+NYSouth St+10003|NYW 1st St10003+NYSouth St+10003|NYSouth St10003'
-73.8484,40.8856,0,1,'NYE 227th St10003|NYE 227th St10003+NYLaconia Ave+10003'
-73.8484,40.7592,0,2,'NYNorthern Blvd10003+NYAstoria Blvd+10003|NYNorthern Blvd10003+NYAstoria Blvd S+10003|NYAstoria Blvd10003|NYAstoria Blvd S10003'
-73.8484,40.7583,2,0,'NYShea Rd10003|NYShea Rd10003+NYShea Rd+10003'
-73.8484,40.6920,0,10,'NY89th Ave10003+NY96th St+10003'
-73.8483,40.8204,8,72,'NYCastle Hill Ave10003+NYCincinnatus Ave+10003|NYCincinnatus Ave10003'
-73.8483,40.8587,0,4,'NYYoung Ave10003'
-73.8483,40.7474,5,4,'NYPerimeter Rd10003+NYUnited Nations Ave N+10003'
-73.8483,40.7146,0,15,'NY71st Ave10003+NYIngram St+10003|NYIngram St10003+NYContinental Ave+10003'
-73.8483,40.8598,0,13,'NYYoung Ave10003+NYAstor Ave+10003'
-73.8483,40.7234,8,72,'NYState Hwy 2510002+NY69th Rd+10002|NY69th Rd10003|NY69th Rd10003+NYQueens Blvd+10003'
-73.8483,40.8293,0,6,'NYCross Bronx Expy10006|NYCross Bronx Expy10006+NYBlackrock Ave+10006|NYCross Bronx Expy10006+NYCross Bronx Expy+10006|NYBlackrock Ave10003|NYBlackrock Ave10003+NYCross Bronx Expy+10003|NYCross Bronx Expy10003'
-73.8483,40.8547,1,4,'NYRhinelander Ave10003|NYRhinelander Ave10003+NYSeminole Ave+10003'
-73.8482,40.8443,0,2,'NYPoplar St10003+NYRoselle St+10003|NYRoselle St10003'
-73.8482,40.7385,3,8,'NYColonial Ave10003+NYHor Harding Expressway en Eb+10003'
-73.8482,40.7018,0,3,'NYFreedom Dr10003'
-73.8482,40.6730,0,1,'NYSpritz Rd10003|NYSpritz Rd10003+NYDumont Ave+10003|NYDumont Ave10003'
-73.8482,40.7303,4,106,'NY108th St10003+NY66th Ave+10003'
-73.8482,40.7393,0,15,'NYVan Cleef St10003|NYVan Cleef St10003+NYPedestrian Opas+10003|NYPedestrian Opas10003'
-73.8482,40.6890,0,1,'NY95th St10003+NY93rd Ave+10003|NY93rd Ave10003'
-73.8482,40.6985,0,19,'NYPark Ln S10003|NYPark Ln S10003+NYPark Ln S+10003|NYPark Ln S10003+NY101st St+10003|NY101st St10003'
-73.8482,40.8998,1,8,'NYGrace Ave10003'
-73.8482,40.8511,0,2,'NYSeminole Ave10003'
-73.8482,40.7745,0,2,'NY119th St10003|NY119th St10003+NY120th St+10003|NY119th St10003+NY26th Ave+10003|NY120th St10003|NY120th St10003+NY26th Ave+10003|NY26th Ave10003'
-73.8482,40.5781,0,2,'NYBeach 128th St10003+NYNewport Ave+10003'
-73.8482,40.7751,0,1,'NY119th St10003|NY119th St10003+NYGraham Ct+10003|NY119th St10003+NY120th St+10003|NYGraham Ct10003+NY120th St+10003|NY120th St10003'
-73.8482,40.8765,1,6,'NYUS Hwy 110002+NYFenton Ave+10002|NYFenton Ave10003+NYBoston Rd+10003'
-73.8482,40.7106,0,11,'NY72nd Ave10003+NYNansen St+10003|NYNansen St10003'
-73.8481,40.6615,0,4,'NY157th Ave10003+NY85th St+10003'
-73.8481,40.7100,1,10,'NY72nd Ave10003|NY72nd Ave10003+NYMetropolitan Ave+10003'
-73.8481,40.7177,6,17,'NYTennis Pl10003|NYTennis Pl10003+NYExeter St+10003|NYTennis Pl10003+NYSlocum Cres+10003|NYExeter St10003+NYSlocum Cres+10003|NYSlocum Cres10003'
-73.8481,40.7765,0,3,'NY25th Ave10003'
-73.8481,40.8394,0,2,'NYGlebe Ave10003+NYRowland St+10003'
-73.8481,40.8526,0,4,'NYNarragansett Ave10003|NYNarragansett Ave10003+NYSeminole Ave+10003'
-73.8481,40.7233,31,114,'NYState Hwy 2510002|NYState Hwy 2510002+NYState Hwy 25+10002|NYState Hwy 2510002+NYQueens Blvd+10002|NYQueens Blvd10002|NYQueens Blvd10002+NYQueens Blvd+10002'
-73.8481,40.9024,1,0,'NYBarnes Ave10003'
-73.8481,40.8665,0,7,'NYDewitt Pl10003+NYYoung Ave+10003|NYYoung Ave10003'
-73.8481,40.9180,0,1,'NYBronx River Rd10003+NYEdgewood Ave+10003|NYEdgewood Ave10003'
-73.8481,40.7214,1,14,'NYAustin St10003+NY69th Rd+10003|NY69th Rd10003'
-73.8481,40.8431,1,2,'NYSilver St10003|NYSilver St10003+NYE Tremont Ave+10003'
-73.8481,40.8802,1,0,'NYNeedham Ave10003+NYEastchester Rd+10003'
-73.8481,40.8356,1,3,'NYGlover St10003|NYGlover St10003+NYWestchester Ave+10003'
-73.8481,40.8532,0,3,'NYWilkinson Ave10003'
-73.8480,40.7350,0,23,'NY110th St10003+NY63rd Rd+10003'
-73.8480,40.7943,0,3,'NYSoundview Ln10003'
-73.8480,40.9370,0,1,'NYSunnybrook Rd10003|NYSunnybrook Rd10003+NYHampshire Rd+10003'
-73.8480,40.6668,0,30,'NY153rd Ave10003'
-73.8480,40.8475,0,6,'NYPierce Ave10003+NYYates Ave+10003'
-73.8480,40.8540,0,4,'NYPinchot Pl10003|NYPinchot Pl10003+NYSeminole Ave+10003'
-73.8480,40.7758,0,3,'NY25th Rd10003+NY120th St+10003|NY120th St10003'
-73.8480,40.6912,0,4,'NY90th Ave10003|NY90th Ave10003+NY96th St+10003'
-73.8480,40.8687,0,4,'NYYoung Ave10003|NYYoung Ave10003+NYSexton Pl+10003'
-73.8480,40.5760,0,1,'NYRockaway Beach Blvd10003+NYBeach 129th St+10003'
-73.8480,40.6724,1,6,'NYAlbert Rd10003'
-73.8480,40.7894,0,5,'NY120th St10003'
-73.8480,40.9302,0,2,'NYKimball Ave10003+NYNevada Pl+10003|NYNevada Pl10003'
-73.8480,40.8408,0,1,'NYSaint Peters Ave10003+NYSaint Raymonds Ave+10003|NYSaint Raymonds Ave10003'
-73.8480,40.6904,0,4,'NY96th St10003|NY96th St10003+NY91st Ave+10003'
-73.8479,40.7400,3,10,'NYCorona Ave10003'
-73.8479,40.6700,0,2,'NYState Rte 2710002+NY149th Ave+10002|NY149th Ave10003|NY149th Ave10003+NYS Conduit Ave+10003'
-73.8479,40.6884,0,6,'NY95th St10003+NYAtlantic Ave+10003'
-73.8479,40.8713,0,3,'NYYoung Ave10003|NYYoung Ave10003+NYE Gun Hill Rd+10003'
-73.8479,40.6762,0,8,'NYSutter Ave10003+NY89th St+10003'
-73.8479,40.7710,0,1,'NY120th St10003'
-73.8479,40.6986,1,2,'NYPark Ln S10003+NY101st St+10003|NY101st St10003'
-73.8479,40.8863,0,2,'NYE 228th St10003|NYE 228th St10003+NYLaconia Ave+10003'
-73.8479,40.7152,0,32,'NY71st Ave10003+NYHarrow St+10003|NYHarrow St10003+NYContinental Ave+10003'
-73.8479,40.7296,6,64,'NY108th St10003+NY66th Rd+10003'
-73.8479,40.9124,0,1,'NYS Terrace Ave10003|NYS Terrace Ave10003+NYN Terrace Ave+10003|NYS Terrace Ave10003+NYMount Vernon Ave+10003|NYN Terrace Ave10003|NYN Terrace Ave10003+NYMount Vernon Ave+10003'
-73.8479,40.8460,0,10,'NYSackett Ave10003|NYSackett Ave10003+NYWilliamsbridge Rd+10003'
-73.8479,40.7732,0,5,'NY28th Ave10003+NY120th St+10003|NY120th St10003'
-73.8479,40.7393,1,3,'NYPedestrian Opas10003+NYHor Harding Expressway Exit Wb+10003'
-73.8479,40.6815,0,1,'NYRockaway Blvd10003+NY103rd Ave+10003'
-73.8479,40.8425,0,4,'NYMaclay Ave10003+NYOvering St+10003'
-73.8478,40.6801,0,13,'NY91st St10003+NYLiberty Ave+10003'
-73.8478,40.7500,0,2,'NYNew York Ave10003|NYNew York Ave10003+NYGreat Lakes Ct+10003|NYNew York Ave10003+NYKennedy Cir+10003|NYGreat Lakes Ct10003|NYGreat Lakes Ct10003+NYKennedy Cir+10003|NYKennedy Cir10003'
-73.8478,40.9304,0,1,'NYKimball Ave10003+NYMidland Ave+10003|NYMidland Ave10003'
-73.8478,40.6716,0,1,'NYArion Rd10003|NYArion Rd10003+NY88th St+10003'
-73.8478,40.9185,0,1,'NYBronx River Rd10003+NYMile Square Rd+10003|NYMile Square Rd10003'
-73.8478,40.7867,0,4,'NY120th St10003'
-73.8478,40.6747,0,2,'NYDesarc Rd10003|NYDesarc Rd10003+NY133rd Ave+10003'
-73.8478,40.7112,1,6,'NYRoman Ave10003|NYRoman Ave10003+NYManse St+10003|NYManse St10003+NY72nd Ave+10003'
-73.8477,40.6948,0,28,'NYJamaica Ave10003+NY98th St+10003'
-73.8477,40.8500,0,5,'NYTenbroeck Ave10003+NYVan Nest Ave+10003'
-73.8477,40.9473,0,1,'NYBirch Brook Rd10003+NYDellwood Cir+10003|NYDellwood Cir10003'
-73.8477,40.6639,0,3,'NYShore Pkwy10006+NY86th St+10006|NYShore Pkwy Svc Rd10006+NY86th St+10006|NY86th St10003'
-73.8477,40.7343,0,9,'NY110th St10003+NY63rd Dr+10003'
-73.8477,40.6899,0,1,'NY96th St10003+NY91st Rd+10003|NY91st Rd10003'
-73.8477,40.6754,0,2,'NYGold Rd10003|NYGold Rd10003+NY89th St+10003|NY89th St10003'
-73.8477,40.7220,0,3,'NY69th Rd10003+NYGerard Pl+10003|NYGerard Pl10003'
-73.8477,40.6838,0,15,'NY101st Ave10003+NY93rd St+10003'
-73.8477,40.7392,7,1,'NYPedestrian Opas10003+NYHor Harding Expressway en Wb+10003|NYHor Harding Expressway en Wb10003'
-73.8477,40.6905,0,8,'NY96th St10003|NY96th St10003+NY91st Ave+10003'
-73.8476,40.5736,0,1,'NYBeach 130th St10003|NYBeach 130th St10003+NYOcean Pr+10003|NYOcean Pr10003'
-73.8476,40.6515,0,1,'NY163rd Ave10003|NY163rd Ave10003+NY83rd St+10003'
-73.8476,40.7710,0,4,'NY121st St10003'
-73.8476,40.7084,1,4,'NYUnion Trnpike10003+NY72nd Rd+10003|NYUnion Tpke10003+NY72nd Rd+10003|NY72nd Rd10003'
-73.8476,40.7927,0,9,'NYSoundview Ln10003'
-73.8476,40.9272,0,1,'NYVredenburgh Ave10003'
-73.8476,40.6972,0,1,'NY85th Rd10003|NY85th Rd10003+NY101st St+10003|NY101st St10003'
-73.8476,40.6857,0,3,'NY97th Ave10003+NY94th St+10003'
-73.8476,40.8532,0,1,'NYWilkinson Ave10003'
-73.8476,40.8374,2,2,'NYZerega Ave10003+NYTratman Ave+10003|NYTratman Ave10003'
-73.8476,40.6816,0,1,'NY92nd St10003+NY103rd Ave+10003'
-73.8476,40.5806,0,1,'NYCronston Ave10003+NYBeach 126th St+10003'
-73.8476,40.7290,2,76,'NY108th St10003+NY67th Ave+10003'
-73.8475,40.8809,0,1,'NYMickle Ave10003|NYMickle Ave10003+NYSchieffelin Ave+10003|NYMickle Ave10003+NYE 222nd St+10003|NYSchieffelin Ave10003|NYSchieffelin Ave10003+NYE 222nd St+10003'
-73.8475,40.7222,6,10,'NYState Hwy 2510002+NY69th Rd+10002|NY69th Rd10003|NY69th Rd10003+NYQueens Blvd+10003'
-73.8475,40.6871,0,3,'NY95th Ave10003+NY95th St+10003|NY95th Ave10003+NYWoodhaven Blvd+10003|NY95th St10003'
-73.8475,40.9052,0,3,'NYBarnes Ave10003+NYE 242nd St+10003'
-73.8475,40.7159,0,45,'NY71st Ave10003+NYGroton St+10003|NYGroton St10003+NYContinental Ave+10003'
-73.8475,40.8436,0,1,'NYSilver St10003+NYRoselle St+10003|NYRoselle St10003'
-73.8475,40.6922,0,3,'NY97th St10003+NY89th Ave+10003|NY89th Ave10003'
-73.8475,40.7391,1,0,'NYColonial Ave10003|NYColonial Ave10003+NYPedestrian Opas+10003|NYColonial Ave10003+NYI 495+10003|NYColonial Ave10003+NYLong Island Expy+10003|NYPedestrian Opas10003+NYI 495+10003|NYPedestrian Opas10003+NYLong Island Expy+10003'
-73.8475,40.9032,0,2,'NYOsman Pl10003'
-73.8475,40.6814,0,4,'NYRockaway Blvd10003+NY92nd St+10003'
-73.8475,40.8302,0,25,'NYWatson Ave10003|NYWatson Ave10003+NYHavemeyer Ave+10003'
-73.8474,40.8870,0,1,'NYE 229th St10003+NYLaconia Ave+10003'
-73.8474,40.7952,0,2,'NYRiviera Ct10003'
-73.8474,40.8693,0,2,'NYAdee Ave10003|NYAdee Ave10003+NYSexton Pl+10003'
-73.8474,40.8390,0,11,'NYFrisby Ave10003+NYRowland St+10003'
-73.8474,40.6706,0,1,'NYState Hwy 2710002+NYWhitelaw St+10002|NYWhitelaw St10003|NYWhitelaw St10003+NYN Conduit Ave+10003'
-73.8474,40.8902,0,9,'NYWickham Ave10003|NYWickham Ave10003+NYE 233rd St+10003'
-73.8474,40.8790,0,6,'NYChester St10003|NYChester St10003+NYEastchester Rd+10003'
-73.8474,40.7504,0,2,'NYKennedy Cir10003|NYKennedy Cir10003+NYKennedy Cir+10003'
-73.8474,40.6699,1,9,'NY88th St10003|NY88th St10003+NYState Rte 27+10003|NY88th St10003+NYS Conduit Ave+10003'
-73.8474,40.8413,0,1,'NYMarvin Pl10003|NYMarvin Pl10003+NYSaint Raymonds Ave+10003'
-73.8474,40.8587,0,6,'NYFish Ave10003'
-73.8474,40.6973,0,7,'NY85th Rd10003+NY101st St+10003'
-73.8474,40.8598,0,5,'NYFish Ave10003+NYAstor Ave+10003'
-73.8474,40.7336,0,16,'NY64th Ave10003+NY110th St+10003'
-73.8473,40.7119,0,11,'NYRoman Ave10003+NYLoubet St+10003|NY72nd Ave10003+NYLoubet St+10003'
-73.8473,40.8292,0,1,'NYCross Bronx Expy10002+NYHavemeyer Ave+10002'
-73.8473,40.8363,0,4,'NYWestchester Ave10003+NYParker St+10003'
-73.8473,40.7390,2,4,'NYPedestrian Opas10003+NYHor Harding Expressway en Eb+10003'
-73.8473,40.8511,1,13,'NYNewport Ave10003|NYNewport Ave10003+NYMorris Park Ave+10003'
-73.8473,40.8767,0,16,'NYCorsa Ave10003+NYUS Hwy 1+10003|NYCorsa Ave10003+NYBoston Rd+10003'
-73.8473,40.6872,0,1,'NY95th St10003|NY95th St10003+NY95th Ave+10003'
-73.8473,40.5818,0,2,'NYBeach 125th St10003|NYBeach 125th St10003+NYBeach Channel Dr+10003'
-73.8473,40.8288,0,2,'NYHavemeyer Ave10003|NYHavemeyer Ave10003+NYCross Bronx Expy+10003|NYCross Bronx Expy10003'
-73.8473,40.8710,0,2,'NYFish Ave10003|NYFish Ave10003+NYE Gun Hill Rd+10003'
-73.8472,40.7099,2,10,'NY72nd Rd10003+NYMetropolitan Ave+10003'
-73.8472,40.8430,0,4,'NYMaclay Ave10003+NYBenson St+10003'
-73.8472,40.6616,0,14,'NY157th Ave10003+NY86th St+10003'
-73.8472,40.9250,0,1,'NYLincoln Ave10003+NYSpringer Ave+10003'
-73.8472,40.7283,1,124,'NY108th St10003+NY67th Rd+10003'
-73.8472,40.8465,0,3,'NYSackett Ave10003+NYYates Ave+10003|NYYates Ave10003'
-73.8472,40.9059,0,5,'NYBarnes Ave10003+NYE 243rd St+10003|NYE 243rd St10003'
-73.8472,40.7757,0,6,'NY121st St10003|NY121st St10003+NY25th Rd+10003'
-73.8472,40.8676,0,10,'NYDewitt Pl10003+NYArnow Ave+10003|NYDewitt Pl10003+NYFish Ave+10003|NYArnow Ave10003|NYArnow Ave10003+NYFish Ave+10003|NYFish Ave10003'
-73.8472,40.5763,0,1,'NYRockaway Beach Blvd10003+NYBeach 128th St+10003'
-73.8471,40.6656,0,6,'NY155th Ave10003+NY88th St+10003|NY88th St10003'
-73.8471,40.7437,1,5,'NYUnited Nations Ave S10003|NYUnited Nations Ave S10003+NYZoo Brg+10003|NYZoo Brg10003'
-73.8471,40.8453,0,1,'NYPoplar St10003|NYPoplar St10003+NYWilliamsbridge Rd+10003'
-73.8471,40.7165,0,12,'NYOlive Pl10003|NYOlive Pl10003+NYFleet St+10003|NYOlive Pl10003+NY71st Ave+10003|NYOlive Pl10003+NYContinental Ave+10003|NYFleet St10003|NYFleet St10003+NY71st Ave+10003|NYFleet St10003+NYContinental Ave+10003'
-73.8471,40.6494,0,1,'NY164th Ave10003|NY164th Ave10003+NY83rd St+10003'
-73.8471,40.7396,10,7,'NYHor Harding Expressway Exit Wb10003|NYHor Harding Expressway Exit Wb10003+NYHor Harding Expressway en Wb+10003'
-73.8471,40.6886,0,2,'NY96th St10003+NYAtlantic Ave+10003|NYAtlantic Ave10003'
-73.8471,40.7595,1,2,'NYNorthern Bl State Rte S10002|NYNorthern Bl State Rte S10002+NYNorthern Bl State Rte S+10002'
-73.8471,40.8419,0,1,'NYOvering St10003+NYSaint Raymonds Ave+10003|NYSaint Raymonds Ave10003'
-73.8471,40.8148,0,10,'NYNorton Ave10003+NYCastle Hill Ave+10003'
-73.8470,40.8877,0,1,'NYGrenada Pl10003|NYGrenada Pl10003+NYE 230th St+10003|NYGrenada Pl10003+NYLaconia Ave+10003|NYE 230th St10003|NYE 230th St10003+NYLaconia Ave+10003'
-73.8470,40.8698,0,3,'NYSexton Pl10003+NYFish Ave+10003|NYFish Ave10003'
-73.8470,40.7388,4,58,'NY112th St10003|NY112th St10003+NY62nd Ave+10003|NY112th St10003+NYPedestrian Opas+10003|NY112th St10003+NYGrnd Cntrl Parkway Entrance Eb+10003|NY62nd Ave10003|NY62nd Ave10003+NYPedestrian Opas+10003|NY62nd Ave10003+NYGrand Central Pkwy+10003|NY62nd Ave10003+NYGrnd Cntrl Parkway Entrance Eb+10003|NY62nd Ave10003+NYPeartree Ave+10003|NYPedestrian Opas10003|NYPedestrian Opas10003+NYGrand Central Pkwy+10003|NYPedestrian Opas10003+NYGrnd Cntrl Parkway Entrance Eb+10003|NYPedestrian Opas10003+NYPeartree Ave+10003|NYGrand Central Pkwy10003|NYGrand Central Pkwy10003+NYGrnd Cntrl Parkway Entrance Eb+10003|NYGrnd Cntrl Parkway Entrance Eb10003|NYGrnd Cntrl Parkway Entrance Eb10003+NYPeartree Ave+10003|NYPeartree Ave10003'
-73.8470,40.6530,0,2,'NY84th St10003+NY162nd Ave+10003'
-73.8470,40.6988,0,2,'NYPark Ln S10003+NY102nd St+10003|NY102nd St10003'
-73.8470,40.7329,0,15,'NY110th St10003+NY64th Rd+10003'
-73.8470,40.7230,34,434,'NYJewel Ave10003'
-73.8470,40.6764,0,11,'NY90th St10003+NYSutter Ave+10003'
-73.8470,40.6712,0,1,'NYArion Rd10003+NYWhitelaw St+10003'
-73.8470,40.8280,0,3,'NYHavemeyer Ave10003+NYBruckner Blvd+10003|NYBruckner Blvd10003'
-73.8470,40.7210,1,18,'NYAustin St10003+NY70th Ave+10003|NY70th Ave10003'
-73.8469,40.7125,0,14,'NYRoman Ave10003+NYKessel St+10003|NYKessel St10003+NY72nd Ave+10003'
-73.8469,40.8503,0,1,'NYNewport Ave10003|NYNewport Ave10003+NYVan Nest Ave+10003|NYVan Nest Ave10003'
-73.8469,40.9015,0,2,'NYBaychester Ave10003|NYBaychester Ave10003+NYBissel Ave+10003|NYBissel Ave10003'
-73.8469,40.7871,0,6,'NY121st St10003'
-73.8469,40.9288,0,1,'NYBronxville Glen Dr10003'
-73.8469,40.7276,2,159,'NY108th St10003+NY67th Dr+10003'
-73.8469,40.6801,0,6,'NY92nd St10003+NYLiberty Ave+10003'
-73.8469,40.6859,0,4,'NY97th Ave10003+NYWoodhaven Blvd+10003'
-73.8469,40.7860,0,6,'NY14th Ave10003+NY121st St+10003|NY121st St10003'
-73.8469,40.6960,0,4,'NY86th Ave10003|NY86th Ave10003+NY101st St+10003'
-73.8468,40.8417,0,1,'NYOvering St10003+NYSaint Raymonds Ave+10003|NYSaint Raymonds Ave10003'
-73.8468,40.9066,0,1,'NYVista Pl10003+NYBarnes Ave+10003|NYBarnes Ave10003'
-73.8468,40.6910,0,5,'NY91st Ave10003|NY91st Ave10003+NY97th St+10003'
-73.8468,40.5739,0,2,'NYBeach 129th St10003'
-73.8468,40.7438,1,3,'NYGrand Central Pkwy10002+NYZoo Brg+10002'
-73.8468,40.8273,0,15,'NYBruckner Blvd10003+NYHavemeyer Ave+10003|NYHavemeyer Ave10003|NYHavemeyer Ave10003+NYHoughton Ave+10003'
-73.8468,40.9016,0,1,'NYHoxie St10003|NYHoxie St10003+NYE 241st St+10003'
-73.8468,40.6478,1,2,'NY165th Ave10003|NY165th Ave10003+NY83rd St+10003|NY83rd St10003'
-73.8468,40.6840,0,5,'NY101st Ave10003+NY94th St+10003'
-73.8468,40.6908,0,4,'NY97th St10003+NY91st Ave+10003|NY91st Ave10003'
-73.8467,40.9451,0,1,'NYMillard Ave10003|NYMillard Ave10003+NYEllison Ave+10003|NYMillard Ave10003+NYBirch Brook Rd+10003|NYEllison Ave10003|NYEllison Ave10003+NYBirch Brook Rd+10003|NYBirch Brook Rd10003'
-73.8467,40.7863,0,1,'NYBeech Ct10003|NYBeech Ct10003+NY121st St+10003|NYBeech Ct Cir10003|NYBeech Ct Cir10003+NY121st St+10003|NY121st St10003'
-73.8467,40.7679,0,1,'NY122nd St10003|NY122nd St10003+NY31st Rd+10003|NY31st Rd10003'
-73.8467,40.6819,0,11,'NY93rd St10003+NY103rd Ave+10003'
-73.8467,40.6732,0,3,'NYLinden Blvd10003'
-73.8467,40.7603,0,1,'NYGrnd Cntrl Parkway Entrance Wb10003+NYAstoria Blvd+10003|NYGrnd Cntrl Parkway Entrance Wb10003+NYAstoria Blvd N+10003'
-73.8467,40.6982,0,7,'NY85th Ave10003|NY85th Ave10003+NY102nd St+10003'
-73.8467,40.6633,0,2,'NY156th Ave10003|NY156th Ave10003+NY156th Ave+10003|NY156th Ave10003+NY87th St+10003|NY156th Ave10003+NYShore Pkwy+10003|NY87th St10003|NY87th St10003+NYShore Pkwy+10003'
-73.8467,40.6516,0,1,'NY163rd Ave10003+NY84th St+10003'
-73.8467,40.7172,0,11,'NYSlocumcrescent10003|NYSlocumcrescent10003+NY71st Ave+10003|NYSlocumcrescent10003+NYExeter St+10003|NYSlocumcrescent10003+NYContinental Ave+10003|NY71st Ave10003+NYExeter St+10003|NY71st Ave10003+NYSlocum Cres+10003|NYExeter St10003|NYExeter St10003+NYExeter St+10003|NYExeter St10003+NYContinental Ave+10003|NYExeter St10003+NYSlocum Cres+10003|NYSlocum Cres10003+NYContinental Ave+10003'
-73.8467,40.7108,0,18,'NY72nd Rd10003|NY72nd Rd10003+NYManse St+10003'
-73.8467,40.7439,2,1,'NYUnited Nations Ave S10003|NYUnited Nations Ave S10003+NYZoo Brg+10003|NYZoo Brg10003'
-73.8467,40.8368,0,10,'NYZerega Ave10003+NYWestchester Ave+10003'
-73.8467,40.7323,0,36,'NY65th Ave10003+NY110th St+10003'
-73.8467,40.7745,0,6,'NYCollege Point Blvd10003+NY26th Ave+10003'
-73.8467,40.9050,0,1,'NYWilder Ave10003|NYWilder Ave10003+NYE 242nd St+10003'
-73.8467,40.8884,0,4,'NYLaconia Ave10003+NYE 231st St+10003'
-73.8466,40.7471,5,0,'NYAve of the States10003|NYAve of the States10003+NYAve of the States+10003'
-73.8466,40.7084,0,2,'NY72nd Dr10003|NY72nd Dr10003+NYUnion Trnpike+10003|NY72nd Dr10003+NYUnion Tpke+10003'
-73.8466,40.8130,0,18,'NYBarrett Ave10003+NYCastle Hill Ave+10003'
-73.8466,40.6925,0,3,'NY89th Ave10003|NY89th Ave10003+NY98th St+10003'
-73.8466,40.7751,0,6,'NYGraham Ct10003'
-73.8466,40.6866,0,4,'NY95th St10003+NYWoodhaven Ct+10003|NYWoodhaven Ct10003'
-73.8466,40.7189,2,29,'NYTennis Pl10003+NYDartmouth St+10003'
-73.8466,40.7199,0,27,'NYTennis Pl10003|NYTennis Pl10003+NYBurns St+10003'
-73.8466,40.8822,0,3,'NYE 224th St10003+NYSchieffelin Ave+10003'
-73.8466,40.8792,1,1,'NYChester St10003+NYMickle Ave+10003|NYMickle Ave10003'
-73.8465,40.7131,0,25,'NYRoman Ave10003+NYJuno St+10003|NYRoman Ave10003+NYWhitson St+10003|NYJuno St10003+NY72nd Ave+10003|NYWhitson St10003|NYWhitson St10003+NY72nd Ave+10003'
-73.8465,40.7927,0,13,'NY121st St10003'
-73.8465,40.7270,0,103,'NY108th St10003+NY68th Ave+10003'
-73.8465,40.7890,0,1,'NY9th Rd10003|NY9th Rd10003+NYCollege Pl+10003'
-73.8465,40.9336,0,1,'NYKimball Ave10003+NYLedgewood Rd+10003|NYLedgewood Rd10003'
-73.8465,40.9253,0,4,'NYCenter Knolls Rd10003|NYCenter Knolls Rd10003+NYCenter Knls+10003|NYCenter Knolls Rd10003+NYCenter Knolls+10003|NYCenter Knls10003|NYCenter Knolls10003'
-73.8465,40.6902,0,3,'NY97th St10003+NY91st Rd+10003|NY91st Rd10003'
-73.8465,40.9374,0,1,'NYHereford Rd10003+NYHampshire Rd+10003|NYHampshire Rd10003'
-73.8465,40.5787,0,2,'NYBeach 126th St10003+NYNewport Ave+10003'
-73.8465,40.8383,1,8,'NYRowland St10003+NYTratman Ave+10003'
-73.8465,40.7719,0,2,'NY122nd St10003+NY29th Ave+10003|NY29th Ave10003'
-73.8465,40.6710,0,1,'NYArion Rd10003'
-73.8465,40.8398,4,13,'NYFrisby Ave10003+NYSaint Peters Ave+10003'
-73.8465,40.8170,2,5,'NYTurneur Ave10003|NYTurneur Ave10003+NYLacombe Ave+10003'
-73.8465,40.7936,0,3,'NYKeel Ct10003|NYKeel Ct10003+NYKetch Ct+10003|NYKeel Ct10003+NY121st St+10003|NYKetch Ct10003|NYKetch Ct10003+NY121st St+10003'
-73.8465,40.8123,0,5,'NYZerega Ave10003'
-73.8465,40.7754,0,9,'NYCollege Point Blvd10003|NYCollege Point Blvd10003+NYCollege Point Blvd+10003|NYCollege Point Blvd10003+NY122nd St+10003|NY122nd St10003'
-73.8465,40.6874,0,2,'NY95th Ave10003+NY96th St+10003|NY96th St10003'
-73.8465,40.8586,0,8,'NYSeymour Ave10003'
-73.8464,40.7941,0,1,'NYCapstan Ct10003|NYCapstan Ct10003+NY121st St+10003|NY121st St10003'
-73.8464,40.6950,0,3,'NYJamaica Ave10003+NY101st St+10003|NY101st St10003'
-73.8464,40.9506,0,1,'NYStokes Rd10003|NYStokes Rd10003+NY4th St+10003|NYStokes Rd10003+NYCentral Park Ave+10003|NY4th St10002|NY4th St10002+NYCentral Park Ave+10002|NYCentral Park Ave10002|NYCentral Park Ave10002+NYCentral Park Ave+10002'
-73.8464,40.7603,0,3,'NYNorthern Blvd10003+NYGrnd Cntrl Parkway Entrance Wb+10003|NYGrnd Cntrl Parkway Entrance Wb10003'
-73.8464,40.7951,0,1,'NYCapstan Ct10003|NYCapstan Ct10003+NYRiviera Ct+10003|NYRiviera Ct10003'
-73.8464,40.7944,0,1,'NYCove Ct10003|NYCove Ct10003+NYPowell Cove Blvd+10003|NYPowell Cove Blvd10003'
-73.8464,40.6975,0,4,'NY85th Rd10003+NY102nd St+10003'
-73.8464,40.8424,0,1,'NYSaint Raymonds Ave10003+NYBenson St+10003'
-73.8464,40.8598,0,6,'NYSeymour Ave10003+NYAstor Ave+10003'
-73.8464,40.7438,1,3,'NYPerimeter Rd10003+NYUnited Nations Ave S+10003'
-73.8464,40.8706,0,3,'NYSexton Pl10003|NYSexton Pl10003+NYE Gun Hill Rd+10003'
-73.8464,40.8483,2,8,'NYPierce Ave10003|NYPierce Ave10003+NYTenbroeck Ave+10003|NYTenbroeck Ave10003'
-73.8464,40.6733,2,3,'NYSitka St10003|NYSitka St10003+NYLinden Blvd+10003|NYSitka St10003+NYPitkin Ave+10003|NYLinden Blvd10003+NYPitkin Ave+10003'
-73.8464,40.7219,1,18,'NYState Hwy 2510002+NY70th Ave+10002|NY70th Ave10003|NY70th Ave10003+NYQueens Blvd+10003'
-73.8464,40.7738,0,9,'NYCollege Point Blvd10003+NY27th Ave+10003|NY27th Ave10003'
-73.8464,40.8770,0,5,'NYUS Hwy 110002+NYEastchester Rd+10002|NYBoston Rd10002+NYEastchester Rd+10002'
-73.8464,40.9403,0,1,'NYCarlton Rd10003'
-73.8464,40.6749,0,3,'NY133rd Ave10003+NYGold Rd+10003'
-73.8463,40.5766,0,4,'NYRockaway Beach Blvd10003+NYBeach 127th St+10003'
-73.8463,40.6811,0,1,'NYRockaway Blvd10003+NY93rd St+10003'
-73.8463,40.6696,0,7,'NYS Conduit Entrance Eb10003|NYS Conduit Entrance Eb10003+NY89th St+10003|NYS Conduit Entrance Eb10003+NYState Rte 27+10003|NYS Conduit Entrance Eb10003+NYS Conduit Ave+10003|NY89th St10003|NY89th St10003+NYState Rte 27+10003|NY89th St10003+NYS Conduit Ave+10003'
-73.8463,40.7316,0,8,'NY110th St10003+NY65th Rd+10003'
-73.8463,40.8899,1,0,'NYBruner Ave10003|NYBruner Ave10003+NYE 233rd St+10003'
-73.8463,40.9288,0,3,'NYCenter Knolls Rd10003+NYBronxville Glen Dr+10003|NYBronxville Glen Dr10003'
-73.8463,40.7097,0,10,'NY72nd Dr10003|NY72nd Dr10003+NYMetropolitan Ave+10003'
-73.8463,40.6617,0,2,'NY157th Ave10003+NY87th St+10003'
-73.8463,40.8866,1,1,'NY229th Dr N10003|NYE 229th Dr N10003'
-73.8463,40.6991,0,1,'NYFreedom Dr10003+NYPark Ln S+10003'
-73.8463,40.6940,0,3,'NY87th Ave10003'
-73.8463,40.7225,21,46,'NY70th Ave10003|NY70th Ave10003+NYState Hwy 25+10003|NY70th Ave10003+NYQueens Blvd+10003'
-73.8463,40.9290,0,2,'NYCenter Knolls Rd10003'
-73.8463,40.9058,0,1,'NYWilder Ave10003|NYWilder Ave10003+NYWilder Ave+10003'
-73.8463,40.6897,0,2,'NY97th St10003+NY91st Dr+10003|NY91st Dr10003'
-73.8463,40.7767,1,2,'NYCollege Point Blvd10003+NY25th Ave+10003|NY122nd St10003+NY25th Ave+10003|NY25th Ave10003'
-73.8462,40.8445,0,4,'NYEastchester Rd10003|NYEastchester Rd10003+NYSilver St+10003|NYEastchester Rd10003+NYWilliamsbridge Rd+10003|NYSilver St10003|NYSilver St10003+NYWilliamsbridge Rd+10003'
-73.8462,40.7179,2,16,'NY71st Ave10003+NYBow St+10003|NYContinental Ave10003+NYBow St+10003|NYBow St10003'
-73.8462,40.7769,0,33,'NY25th Ave10003|NY25th Ave10003+NYCollege Point Blvd+10003|NY25th Ave10003+NY122nd St+10003'
-73.8462,40.6496,0,2,'NY164th Ave10003+NY84th St+10003'
-73.8462,40.7263,2,204,'NY108th St10003+NY68th Rd+10003'
-73.8462,40.8675,1,20,'NYSeymour Ave10003+NYArnow Ave+10003'
-73.8462,40.9233,1,3,'NYBronx River Rd10003+NYReyer Ave+10003|NYReyer Ave10003'
-73.8461,40.8688,0,2,'NYDewitt Pl10003+NYSeymour Ave+10003|NYSeymour Ave10003'
-73.8461,40.6969,0,3,'NY85th Dr10003|NY85th Dr10003+NY102nd St+10003'
-73.8461,40.8803,0,1,'NYKingsland Ave10003|NYKingsland Ave10003+NYE 222nd St+10003'
-73.8461,40.7138,0,14,'NYRoman Ave10003+NYIngram St+10003|NYIngram St10003+NY72nd Ave+10003'
-73.8461,40.7384,11,108,'NYGrnd Cntrl Parkway Entrance Eb10003'
-73.8461,40.8131,0,1,'NYZerega Ave10003+NYBarrett Ave+10003|NYBarrett Ave10003'
-73.8461,40.8704,0,5,'NYSeymour Ave10003|NYSeymour Ave10003+NYE Gun Hill Rd+10003'
-73.8461,40.8412,0,4,'NYOvering St10003+NYGlebe Ave+10003|NYGlebe Ave10003'
-73.8461,40.6765,0,2,'NY91st St10003|NY91st St10003+NYSutter Ave+10003|NY91st St10003+NYChicot Ct+10003|NY91st St10003+NYChicot Rd+10003|NYSutter Ave10003+NYChicot Ct+10003|NYSutter Ave10003+NYChicot Rd+10003|NYChicot Ct10003|NYChicot Rd10003'
-73.8461,40.8992,0,24,'NYBaychester Ave10003+NYNereid Ave+10003'
-73.8461,40.9038,0,1,'NYSaint Ouen St10003'
-73.8461,40.7880,0,3,'NY11th Ave10003|NY11th Ave10003+NYCollege Pl+10003'
-73.8461,40.6531,0,26,'NY85th St10003+NY162nd Ave+10003'
-73.8461,40.6755,0,2,'NYRico Pl10003|NYRico Pl10003+NYSilver Rd+10003'
-73.8461,40.8829,0,2,'NYE 225th St10003+NYSchieffelin Ave+10003'
-73.8461,40.6933,0,1,'NY88th Ave10003'
-73.8461,40.8282,0,1,'NYBruckner Blvd10003+NYCross Bronx Expy+10003'
-73.8461,40.7371,8,16,'NY112th St10003+NY62nd Dr+10003|NYGrand Central Pkwy10003+NY62nd Dr+10003|NY62nd Dr10003|NY62nd Dr10003+NYPeartree Ave+10003'
-73.8461,40.8744,0,7,'NYCorsa Ave10003+NYGivan Ave+10003'
-73.8460,40.6843,0,7,'NY101st Ave10003+NYWoodhaven Blvd+10003'
-73.8460,40.7097,0,5,'NYAscan Ave10003|NYAscan Ave10003+NYMetropolitan Ave+10003'
-73.8460,40.6682,0,15,'NY89th St10003'
-73.8460,40.8764,0,3,'NYTillotson Ave10003|NYTillotson Ave10003+NYEastchester Rd+10003'
-73.8460,40.7310,0,16,'NY110th St10003+NY66th Ave+10003|NY66th Ave10003'
-73.8460,40.7809,5,29,'NYCollege Point Blvd10003+NY21st Ave+10003|NY122nd St10003+NY21st Ave+10003|NY21st Ave10003'
-73.8460,40.9032,0,2,'NYWilder Ave10003+NYCranford Ave+10003'
-73.8460,40.5742,0,2,'NYBeach 128th St10003'
-73.8460,40.6739,0,5,'NYDesarc Rd10003+NYSitka St+10003'
-73.8460,40.7421,5,2,'NYGrand Central Pkwy10002+NYGrnd Cntrl Parkway Entrance Wb+10002|NYGrnd Cntrl Parkway Entrance Wb10003'
-73.8460,40.6912,0,1,'NY91st Ave10003+NY98th St+10003'
-73.8459,40.6891,0,1,'NY97th St10003+NYAtlantic Ave+10003'
-73.8459,40.7605,2,7,'NYNorthern Blvd10003|NYNorthern Blvd10003+NYNorthern Blvd+10003'
-73.8459,40.7668,0,1,'NYTallman Blvd10003+NY123rd St+10003|NY123rd St10003'
-73.8459,40.8428,0,2,'NYSaint Raymonds Ave10003+NYE Tremont Ave+10003'
-73.8459,40.9251,1,7,'NYCrescent Pl10003'
-73.8459,40.5811,0,1,'NYCronston Ave10003+NYBeach 124th St+10003'
-73.8459,40.7364,10,16,'NY112th St10003+NY63rd Ave+10003|NYGrand Central Pkwy10003+NY63rd Ave+10003|NYPeartree Ave10003+NY63rd Ave+10003|NY63rd Ave10003'
-73.8459,40.7877,0,1,'NY12th Ave10003|NY12th Ave10003+NYCollege Pl+10003'
-73.8459,40.8897,0,1,'NYE 233rd St10003+NYLaconia Ave+10003|NYLaconia Ave10003'
-73.8459,40.8363,0,5,'NYButler Pl10003'
-73.8459,40.7184,0,36,'NY71st Ave10003+NYArchway Pl+10003|NYArchway Pl10003|NYArchway Pl10003+NYContinental Ave+10003'
-73.8459,40.7206,7,25,'NY70th Rd10003|NY70th Rd10003+NYAustin St+10003'
-73.8459,40.7317,0,5,'NY65th Rd10003'
-73.8459,40.6802,0,5,'NY93rd St10003+NYLiberty Ave+10003'
-73.8459,40.6962,0,9,'NY86th Ave10003+NY102nd St+10003'
-73.8458,40.7256,3,199,'NY108th St10003+NY68th Dr+10003'
-73.8458,40.7600,2,6,'NYNorthern Blvd10003|NYNorthern Blvd10003+NYNorthern Bl State Rte S+10003|NYNorthern Blvd10003+NY126th St+10003|NYNorthern Bl State Rte S10002|NYNorthern Bl State Rte S10002+NY126th St+10002|NY126th St10003'
-73.8458,40.6821,0,7,'NY94th St10003+NY103rd Ave+10003'
-73.8458,40.9285,0,2,'NYBronxville Glen Dr10003'
-73.8458,40.8375,0,9,'NYHerschell St10003|NYHerschell St10003+NYWestchester Ave+10003'
-73.8458,40.6886,0,1,'NY97th St10003+NYAtlantic Ave+10003|NYAtlantic Ave10003'
-73.8458,40.8229,2,24,'NYHavemeyer Ave10003+NYVirgil Pl+10003|NYVirgil Pl10003'
-73.8458,40.6635,0,3,'NY88th St10003'
-73.8458,40.7849,4,15,'NY14th Rd10003|NY14th Rd10003+NYCollege Point Blvd+10003|NY14th Rd10003+NY122nd St+10003'
-73.8458,40.7303,0,7,'NY66th Rd10003+NY110th St+10003'
-73.8458,40.7854,0,1,'NYCollege Point Blvd10003+NY14th Ave+10003|NY122nd St10003+NY14th Ave+10003|NY14th Ave10003'
-73.8457,40.7860,0,4,'NY14th Ave10003|NY14th Ave10003+NYCollege Point Blvd+10003|NY14th Ave10003+NY122nd St+10003'
-73.8457,40.6517,0,13,'NY163rd Ave10003+NY85th St+10003'
-73.8457,40.7144,0,10,'NY72nd Rd10003|NY72nd Rd10003+NYRoman Ave+10003|NY72nd Rd10003+NYHarrow St+10003|NY72nd Rd10003+NY72nd Ave+10003|NYRoman Ave10003+NYHarrow St+10003|NYHarrow St10003|NYHarrow St10003+NYHarrow St+10003|NYHarrow St10003+NY72nd Ave+10003'
-73.8457,40.6663,0,13,'NY89th St10003|NY89th St10003+NY155th Ave+10003'
-73.8457,40.6927,0,1,'NY89th Ave10003'
-73.8457,40.7295,0,5,'NY110th St10003+NY67th Ave+10003|NY67th Ave10003'
-73.8457,40.7868,0,1,'NYCollege Point Blvd10003+NY13th Ave+10003|NY13th Ave10003|NY13th Ave10003+NY122nd St+10003'
-73.8457,40.9512,0,1,'NYCurran Ct10003|NYCurran Ct10003+NY4th St+10003|NYCurran Ct10003+NYCentral Park Ave+10003'
-73.8457,40.7357,8,9,'NY112th St10003+NY63rd Rd+10003|NYGrand Central Pkwy10003+NY63rd Rd+10003|NY63rd Rd10003|NY63rd Rd10003+NYPeartree Ave+10003'
-73.8457,40.7602,1,1,'NYNorthern Bl State Rte S10002|NYNorthern Bl State Rte S10002+NY126th St+10002|NY126th St10003'
-73.8457,40.7873,0,2,'NYCollege Point Blvd10003+NYCollege Pl+10003|NY122nd St10003+NYCollege Pl+10003|NYCollege Pl10003'
-73.8457,40.7085,0,2,'NYUnion Trnpike10003+NY74th Ave+10003|NYUnion Tpke10003+NY74th Ave+10003|NY74th Ave10003'
-73.8457,40.7880,0,5,'NYCollege Point Blvd10003+NY11th Ave+10003|NY11th Ave10003+NY122nd St+10003'
-73.8457,40.5790,0,3,'NYBeach 125th St10003+NYNewport Ave+10003'
-73.8456,40.7731,0,3,'NY28th Ave10003+NYCollege Point Blvd+10003'
-73.8456,40.9314,0,1,'NYWilgarth Rd10003|NYWilgarth Rd10003+NYBoulder Trl+10003'
-73.8456,40.7402,22,10,'NYGrand Central Pkwy10002+NYHor Harding Expressway en Wb+10002'
-73.8456,40.8357,0,2,'NYHalsey St10003'
-73.8456,40.7167,0,7,'NYSlocumcrescent10003+NY71st Rd+10003|NYSlocumcrescent10003+NYBow St+10003|NY71st Rd10003|NY71st Rd10003+NYExeter St+10003|NY71st Rd10003+NYBow St+10003|NYExeter St10003+NYBow St+10003|NYBow St10003'
-73.8456,40.7104,1,22,'NYAscan Ave10003+NYManse St+10003|NYManse St10003'
-73.8456,40.6956,0,24,'NY86th Rd10003|NY86th Rd10003+NY102nd St+10003'
-73.8456,40.8716,0,1,'NYFenton Ave10003+NYDeyo St+10003|NYDeyo St10003'
-73.8456,40.8377,0,4,'NYRowland St10003|NYRowland St10003+NYWestchester Ave+10003'
-73.8456,40.6746,0,2,'NYSitka St10003+NYGold Rd+10003'
-73.8455,40.7724,0,3,'NY123rd St10003'
-73.8455,40.8450,0,1,'NYEastchester Rd10003+NYJarrett Pl+10003|NYJarrett Pl10003'
-73.8455,40.8864,0,4,'NYE 229th Dr S10003|NY229th Street Dr S10003'
-73.8455,40.7901,1,12,'NYCollege Point Blvd10003+NY8th Ave+10003|NY122nd St10003+NY8th Ave+10003|NY8th Ave10003'
-73.8455,40.8392,0,11,'NYSaint Peters Ave10003+NYTratman Ave+10003'
-73.8455,40.8585,0,1,'NYMorgan Ave10003'
-73.8455,40.7400,21,34,'NYGrand Central Pkwy10002+NYI 495+10002|NYGrand Central Pkwy10002+NYLong Island Expy+10002'
-73.8455,40.5770,0,3,'NYRockaway Beach Blvd10003+NYBeach 126th St+10003'
-73.8455,40.7425,0,1,'NYPerimeter Rd10003|NYPerimeter Rd10003+NYPerimeter Rd+10003'
-73.8455,40.7250,3,161,'NY108th St10003+NY69th Ave+10003'
-73.8455,40.7412,23,8,'NYGrnd Cntrl Parkway Entrance Wb10003'
-73.8455,40.7729,0,9,'NY123rd St10003+NYCollege Point Blvd+10003'
-73.8455,40.8172,0,1,'NYEffingham Ave10003|NYEffingham Ave10003+NYLacombe Ave+10003'
-73.8455,40.6877,0,1,'NY95th Ave10003+NY97th St+10003|NY97th St10003'
-73.8455,40.6702,0,2,'NYLafayette St10003|NYLafayette St10003+NY149th Ave+10003'
-73.8455,40.7713,0,2,'NY123rd St10003|NY123rd St10003+NY30th Ave+10003'
-73.8455,40.9018,0,2,'NYWilder Ave10003+NYE 241st St+10003'
-73.8455,40.7191,2,37,'NY71st Ave10003+NYDartmouth St+10003|NYDartmouth St10003|NYDartmouth St10003+NYContinental Ave+10003'
-73.8455,40.9095,0,1,'NYS 13th Ave10003|NYS 13th Ave10003+NYW 1st St+10003'
-73.8455,40.8773,0,11,'NYUS Hwy 110002+NYMickle Ave+10002|NYBoston Rd10002+NYMickle Ave+10002'
-73.8454,40.8407,4,16,'NYFrisby Ave10003+NYOvering St+10003'
-73.8454,40.7597,5,1,'NY126th St10003|NY126th St10003+NYShea Rd+10003|NY126th St10003+NY126th St+10003|NY126th St10003+NY34th Ave+10003|NYShea Rd10003|NYShea Rd10003+NY126th St+10003|NYShea Rd10003+NY34th Ave+10003|NY34th Ave10003'
-73.8454,40.8349,0,7,'NYWaterbury Ave10003+NYZerega Ave+10003'
-73.8454,40.6855,0,3,'NY95th St10003+NY99th Ave+10003|NY99th Ave10003'
-73.8454,40.7349,4,20,'NY112th St10003+NY63rd Dr+10003|NYGrand Central Pkwy10003+NY63rd Dr+10003|NY63rd Dr10003|NY63rd Dr10003+NYPeartree Ave+10003'
-73.8454,40.7927,0,3,'NYCollege Point Blvd10003|NY122nd St10003'
-73.8454,40.9484,0,4,'NYBeechmont Ave10003'
-73.8454,40.8280,0,8,'NYBruckner Expy10001+NYCross Bronx Expy+10001|NYI 27810001+NYCross Bronx Expy+10001'
-73.8454,40.7923,0,6,'NYLax Ave10003'
-73.8454,40.6920,0,1,'NY90th Ave10003'
-73.8454,40.6952,0,13,'NYJamaica Ave10003+NY102nd St+10003'
-73.8454,40.7096,0,7,'NY74th Ave10003|NY74th Ave10003+NYMetropolitan Ave+10003'
-73.8454,40.6619,0,2,'NY157th Ave10003+NY88th St+10003'
-73.8454,40.9239,0,2,'NYSpringer Ave10003'
-73.8453,40.7150,0,6,'NYRoman Ave10003|NYRoman Ave10003+NYRoman Ave+10003|NYRoman Ave10003+NYGroton St+10003|NYRoman Ave10003+NY72nd Ave+10003|NYGroton St10003|NYGroton St10003+NY72nd Ave+10003|NY72nd Ave10003'
-73.8453,40.6877,2,6,'NY95th Ave10003+NY97th St+10003|NY97th St10003'
-73.8453,40.7193,6,23,'NY71st Ave10003+NYStation Sq+10003|NYStation Sq10003|NYStation Sq10003+NYContinental Ave+10003'
-73.8453,40.7175,0,20,'NYBow St10003|NYBow St10003+NYBow St+10003'
-73.8453,40.8835,0,1,'NY226th Dr S10003|NY226th Dr S10003+NYSchieffelin Ave+10003'
-73.8453,40.8208,0,2,'NYHavemeyer Ave10003+NYCincinnatus Ave+10003|NYCincinnatus Ave10003'
-73.8453,40.7194,9,39,'NY71st Ave10003+NYBurns St+10003|NYContinental Ave10003+NYBurns St+10003'
-73.8452,40.9352,0,4,'NYGlen Washington Rd10003+NYKimball Ave+10003'
-73.8452,40.8150,0,2,'NYNorton Ave10003+NYZerega Ave+10003'
-73.8452,40.6497,0,3,'NY164th Ave10003+NY85th St+10003'
-73.8452,40.8896,0,1,'NYStrang Ave10003|NYStrang Ave10003+NYE 233rd St+10003|NYStrang Ave10003+NYEly Ave+10003|NYE 233rd St10003+NYEly Ave+10003'
-73.8452,40.6750,0,1,'NY133rd Ave10003+NYSitka St+10003|NYSitka St10003'
-73.8452,40.7216,12,137,'NY70th Rd10003'
-73.8452,40.7173,0,4,'NYMiddlemay Pl10003|NYMiddlemay Pl10003+NY71st Rd+10003|NYMiddlemay Pl10003+NYBow St+10003|NY71st Rd10003|NY71st Rd10003+NYBow St+10003|NYBow St10003|NYBow St10003+NYBow St+10003'
-73.8452,40.6808,0,9,'NYRockaway Blvd10003+NY94th St+10003'
-73.8452,40.8434,0,2,'NYSaint Raymonds Ave10003+NYWilliamsbridge Rd+10003'
-73.8452,40.8699,0,2,'NYDewitt Pl10003|NYDewitt Pl10003+NYMorgan Ave+10003|NYDewitt Pl10003+NYE Gun Hill Rd+10003|NYMorgan Ave10003|NYMorgan Ave10003+NYE Gun Hill Rd+10003'
-73.8452,40.7111,0,23,'NYAscan Ave10003+NYLoubet St+10003|NYLoubet St10003'
-73.8452,40.7243,0,180,'NY108th St10003+NY69th Rd+10003'
-73.8452,40.7289,0,3,'NY67th Rd10003+NY110th St+10003'
-73.8452,40.6766,0,6,'NY92nd St10003|NY92nd St10003+NYSutter Ave+10003'
-73.8452,40.7313,1,33,'NY66th Ave10003|NY66th Ave10003+NY111th St+10003|NY111th St10003'
-73.8452,40.8728,0,3,'NYCorsa Ave10003|NYCorsa Ave10003+NYBurke Ave+10003'
-73.8451,40.6787,0,8,'NY107th Ave10003+NY93rd St+10003'
-73.8451,40.9012,0,1,'NYWilder Ave10003+NYCamp St+10003|NYCamp St10003'
-73.8451,40.5746,1,1,'NYBeach 127th St10003'
-73.8451,40.7591,5,3,'NY35th Ave10003|NY35th Ave10003+NY126th St+10003'
-73.8451,40.7174,0,2,'NYMiddlemay Pl10003|NYMiddlemay Pl10003+NYMiddlemay Pl+10003|NYMiddlemay Pl10003+NYMiddlemay Cir+10003|NYMiddlemay Pl10003+NYBow St+10003|NYMiddlemay Cir10003'
-73.8451,40.7343,5,11,'NY64th Ave10003|NY64th Ave10003+NY112th St+10003|NY64th Ave10003+NYGrand Central Pkwy+10003|NY64th Ave10003+NYPeartree Ave+10003|NY112th St10003|NY112th St10003+NY112th St+10003|NY112th St10003+NYGrand Central Pkwy+10003|NYGrand Central Pkwy10003'
-73.8451,40.8767,0,1,'NYTillotson Ave10003+NYMickle Ave+10003'
-73.8451,40.8967,0,11,'NYPitman Ave10003+NYBaychester Ave+10003'
-73.8451,40.7868,0,1,'NY13th Ave10003|NY13th Ave10003+NY13th Ave+10003'
-73.8451,40.9034,0,1,'NYCranford Ave10003+NYMurdock Ave+10003'
-73.8451,40.8154,0,2,'NYEffingham Ave10003'
-73.8451,40.6714,0,3,'NYLafayette St10003+NYAlbert Rd+10003|NYAlbert Rd10003'
-73.8451,40.8305,0,1,'NYWatson Ave10003'
-73.8450,40.5815,0,5,'NYCronston Ave10003|NYCronston Ave10003+NYBeach 123rd St+10003|NYBeach Channel Dr10003+NYBeach 123rd St+10003|NYBeach 123rd St10003'
-73.8450,40.7615,3,2,'NYAstoria Blvd10003|NYAstoria Blvd10003+NYAstoria Blvd+10003|NYAstoria Blvd10002|NYAstoria Blvd10002+NYAstoria Blvd N+10002|NYAstoria Blvd N10003'
-73.8450,40.6892,0,2,'NYAtlantic Ave10003+NY98th St+10003|NY98th St10003'
-73.8450,40.7219,39,23,'NY70th Rd10003|NY70th Rd10003+NYState Hwy 25+10003|NY70th Rd10003+NYQueens Blvd+10003'
-73.8450,40.6673,0,19,'NY155th Ave10003|NY155th Ave10003+NY151st Ave+10003|NY155th Ave10003+NY153rd Ave+10003|NY151st Ave10003|NY151st Ave10003+NY153rd Ave+10003|NY153rd Ave10003'
-73.8450,40.8194,0,5,'NYHavemeyer Ave10003+NYRandall Ave+10003'
-73.8450,40.9410,0,1,'NYHereford Rd10003'
-73.8449,40.6823,0,5,'NYWoodhaven Blvd10003+NY103rd Ave+10003'
-73.8449,40.8371,0,3,'NYButler Pl10003|NYButler Pl10003+NYHerschell St+10003'
-73.8449,40.7095,0,4,'NY74th Ave10003|NY74th Ave10003+NYMetropolitan Ave+10003'
-73.8449,40.8501,0,9,'NYEastchester Rd10003+NYSackett Ave+10003|NYSackett Ave10003'
-73.8449,40.6865,0,3,'NY97th Ave10003+NY97th St+10003'
-73.8449,40.6846,0,15,'NY101st Ave10003+NY95th St+10003'
-73.8449,40.8454,0,3,'NYEastchester Rd10003+NYBlondell Ave+10003'
-73.8449,40.6719,0,12,'NYSpritz Rd10003|NYSpritz Rd10003+NYLafayette St+10003'
-73.8449,40.6637,0,3,'NY89th St10003'
-73.8449,40.6735,0,1,'NYDesarc Rd10003+NYLinden Blvd+10003|NYLinden Blvd10003'
-73.8449,40.6651,1,2,'NY89th St10003|NY89th St10003+NYShore Pkwy+10003|NY89th St10003+NYShore Pkwy Svc Rd+10003'
-73.8448,40.7151,0,7,'NYRoman Ave10003'
-73.8448,40.8412,1,3,'NYFrisby Ave10003+NYBenson St+10003'
-73.8448,40.5792,0,2,'NYNewport Ave10003+NYBeach 124th St+10003'
-73.8448,40.7191,1,38,'NYStation Sq10003'
-73.8448,40.6481,0,2,'NY165th Ave10003+NY85th St+10003|NY85th St10003'
-73.8448,40.6803,12,11,'NY94th St10003|NY94th St10003+NYCrossbay Blvd+10003|NY94th St10003+NYLiberty Ave+10003|NYCrossbay Blvd10002|NYCrossbay Blvd10002+NYLiberty Ave+10002'
-73.8448,40.7236,16,151,'NY108th St10003+NYJewel Ave+10003'
-73.8448,40.7192,4,7,'NYGreenway Ter10003|NYGreenway Ter10003+NYBurns St+10003'
-73.8448,40.7854,0,10,'NY123rd St10003+NY14th Ave+10003'
-73.8448,40.7519,136,30,'NYPerimeter Rd10003|NYPerimeter Rd10003+NYPerimeter Rd+10003|NYPerimeter Rd10003+NYFlushing Meadows Corona Park Rd+10003|NYFlushing Meadows Corona Park Rd10003'
-73.8448,40.7306,0,20,'NY66th Rd10003+NY111th St+10003|NY111th St10003'
-73.8448,40.7584,9,7,'NY36th Ave10003|NY36th Ave10003+NY126th St+10003'
-73.8448,40.7202,94,121,'NYAustin St10003+NY71st Ave+10003|NYAustin St10003+NYContinental Ave+10003'
-73.8448,40.8798,0,2,'NYTiemann Ave10003|NYTiemann Ave10003+NYNeedham Ave+10003|NYTiemann Ave10003+NYE 222nd St+10003|NYNeedham Ave10003|NYNeedham Ave10003+NYE 222nd St+10003'
-73.8448,40.6979,0,1,'NY85th Rd10003'
-73.8448,40.7117,1,41,'NYAscan Ave10003+NYKessel St+10003'
-73.8448,40.7926,0,5,'NYLax Ave10003+NY5th Ave+10003|NYLax Ave10003+NYEndeavor Pl+10003|NYEndeavor Pl10003'
-73.8448,40.8505,0,20,'NYEastchester Rd10003+NYLoomis St+10003|NYLoomis St10003'
-73.8448,40.7336,3,12,'NYGrand Central Pkwy10003|NYGrand Central Pkwy10003+NY112th St+10003|NYGrand Central Pkwy10003+NY64th Rd+10003|NY112th St10003|NY112th St10003+NY112th St+10003|NY112th St10003+NY64th Rd+10003|NYPeartree Ave10003+NY64th Rd+10003|NY64th Rd10003'
-73.8448,40.8320,0,7,'NYPowell Ave10003|NYPowell Ave10003+NYZerega Ave+10003'
-73.8447,40.7157,0,9,'NYOlive Pl10003'
-73.8447,40.7866,0,3,'NY123rd St10003'
-73.8447,40.9047,0,1,'NYW 3rd St10003|NYW 3rd St10003+NYE 242nd St+10003|NYE 242nd St10003'
-73.8447,40.7870,0,1,'NY123rd St10003'
-73.8447,40.8719,0,2,'NYDeyo St10003'
-73.8447,40.8796,0,2,'NYChester St10003|NYChester St10003+NYTiemann Ave+10003'
-73.8447,40.6937,0,2,'NY88th Ave10003+NY102nd St+10003'
-73.8447,40.5773,0,2,'NYRockaway Beach Blvd10003+NYBeach 125th St+10003'
-73.8447,40.8356,0,1,'NYHalsey St10003'
-73.8447,40.6987,0,5,'NY85th Ave10003+NY104th St+10003'
-73.8447,40.7940,0,9,'NYEndeavor Pl10003'
-73.8447,40.8428,1,14,'NYHalperin Ave10003|NYHalperin Ave10003+NYWilliamsbridge Rd+10003'
-73.8447,40.8880,0,1,'NYGrenada Pl10003+NYEly Ave+10003|NYEly Ave10003'
-73.8447,40.7187,0,9,'NYGreenway Ter10003|NYGreenway Ter10003+NYGreenway Ter+10003'
-73.8446,40.6817,0,2,'NY95th St10003'
-73.8446,40.7695,2,1,'NY124th St10003|NY124th St10003+NY31st Ave+10003'
-73.8446,40.6908,0,14,'NY92nd Ave10003'
-73.8446,40.7428,22,3,'NYAve of the States10003|NYAve of the States10003+NYAve of Peace+10003|NYAve of the States10003+NYPerimeter Rd+10003|NYAve of Peace10003|NYAve of Peace10003+NYPerimeter Rd+10003|NYPerimeter Rd10003'
-73.8446,40.7727,0,20,'NY124th St10003'
-73.8446,40.8954,0,9,'NYBaychester Ave10003+NYBussing Ave+10003'
-73.8446,40.8464,0,5,'NYEastchester Rd10003+NYWaters Pl+10003|NYWaters Pl10003'
-73.8446,40.7283,0,17,'NY67th Dr10003+NY110th St+10003'
-73.8446,40.6703,0,1,'NY149th Ave10003+NYRedding St+10003|NYRedding St10003'
-73.8446,40.9448,0,1,'NYEllison Ave10003+NYEllison Pl+10003|NYEllison Pl10003'
-73.8446,40.6857,0,2,'NY99th Ave10003+NY97th St+10003'
-73.8446,40.7183,0,12,'NYArchway Pl10003|NYArchway Pl10003+NYGreenway Ter+10003'
-73.8446,40.8698,0,5,'NYKnapp St10003|NYKnapp St10003+NYFenton Ave+10003'
-73.8446,40.8584,2,22,'NYFenton Ave10003'
-73.8446,40.7217,74,41,'NYState Hwy 2510002|NYState Hwy 2510002+NYState Hwy 25+10002|NYState Hwy 2510002+NYQueens Blvd+10002|NYQueens Blvd10002|NYQueens Blvd10002+NYState Hwy 25+10002|NYQueens Blvd10002+NYQueens Blvd+10002'
-73.8446,40.8385,1,7,'NYSaint Peters Ave10003|NYSaint Peters Ave10003+NYWestchester Ave+10003'
-73.8446,40.8823,0,13,'NYSchieffelin Pl10003|NYSchieffelin Pl10003+NYE 225th St+10003|NYE 225th St10003'
-73.8445,40.7613,0,2,'NY126th Pl10003|NY126th Pl10003+NYNorthern Blvd+10003'
-73.8445,40.9098,0,1,'NYS 12th Ave10003|NYS 12th Ave10003+NYW 1st St+10003'
-73.8445,40.8400,6,12,'NYOvering St10003+NYTratman Ave+10003'
-73.8445,40.7143,0,9,'NY72nd Rd10003|NY72nd Rd10003+NYCranford St+10003|NYHarrow St10003|NYHarrow St10003+NYCranford St+10003|NYCranford St10003|NYCranford St10003+NYGreenway S+10003'
-73.8445,40.6824,0,3,'NY95th St10003+NY103rd Ave+10003'
-73.8445,40.7162,1,38,'NYSlocumcrescent10003+NYGreenway Cir+10003|NYExeter St10003+NYGreenway Ter+10003|NYExeter St10003+NYGreenway Cir+10003|NYExeter St10003+NYGreenway S+10003|NYGreenway Cir10003|NYGreenway Cir10003+NYGreenway S+10003|NYGreenway S10003'
-73.8445,40.6973,0,10,'NY85th Dr10003'
-73.8445,40.8173,0,5,'NYLacombe Ave10003|NYLacombe Ave10003+NYHavemeyer Ave+10003|NYLacombe Ave10003+NYLacombe Ave+10003|NYHavemeyer Ave10003|NYHavemeyer Ave10003+NYLacombe Ave+10003'
-73.8445,40.7230,6,67,'NY108th St10003+NY70th Ave+10003'
-73.8445,40.6726,0,3,'NYLafayette St10003'
-73.8445,40.9566,0,1,'NYSadore Ln10003'
-73.8445,40.7926,0,2,'NY123rd St10003'
-73.8445,40.6620,1,7,'NY157th Ave10003+NY89th St+10003'
-73.8445,40.6803,1,2,'NYCross Bay Blvd10003+NYLiberty Ave+10003'
-73.8445,40.8859,0,8,'NYE 229th Dr S10003|NY229th Street Dr S10003'
-73.8445,40.9152,0,1,'NYN High St10003+NYElm St+10003'
-73.8444,40.7577,10,7,'NY126th St10003+NY37th Ave+10003|NY37th Ave10003'
-73.8444,40.6807,4,12,'NYRockaway Blvd10003+NYCross Bay Blvd+10003|NYRockaway Blvd10003+NYWoodhaven Blvd+10003|NYCross Bay Blvd10003|NYCross Bay Blvd10003+NYWoodhaven Blvd+10003|NYWoodhaven Blvd10003'
-73.8444,40.9380,0,5,'NYMoore Rd10003|NYMoore Rd10003+NYHampshire Cir+10003|NYHampshire Cir10003'
-73.8444,40.8695,1,3,'NYFenton Ave10003|NYFenton Ave10003+NYE Gun Hill Rd+10003'
-73.8444,40.6931,0,5,'NY102nd St10003+NY89th Ave+10003'
-73.8444,40.8898,0,2,'NYStrang Ave10003+NYGrace Ave+10003'
-73.8444,40.8511,1,38,'NYEastchester Rd10003+NYMorris Park Ave+10003'
-73.8444,40.7124,0,22,'NYAscan Ave10003+NYJuno St+10003|NYAscan Ave10003+NYWhitson St+10003'
-73.8444,40.7176,0,15,'NYMiddlemay Pl10003|NYMiddlemay Pl10003+NYMiddlemay Cir+10003|NYMiddlemay Pl10003+NYGreenway Ter+10003|NYMiddlemay Cir10003|NYMiddlemay Cir10003+NYMiddlemay Cir+10003|NYMiddlemay Cir10003+NYGreenway Ter+10003'
-73.8443,40.6710,0,14,'NYRedding St10003+NYAlbert Rd+10003|NYAlbert Rd10003'
-73.8443,40.7330,8,22,'NY65th Ave10003|NY65th Ave10003+NYGrand Central Pkwy+10003|NY65th Ave10003+NY112th St+10003|NY65th Ave10003+NYPeartree Ave+10003'
-73.8443,40.6499,0,17,'NY164th Ave10003+NY86th St+10003'
-73.8443,40.6748,0,8,'NYDoxsey Pl10003|NYDoxsey Pl10003+NYSilver Rd+10003'
-73.8443,40.9331,0,1,'NYHighland Cir10003'
-73.8443,40.9293,0,1,'NYMontana Ave10003'
-73.8443,40.5749,0,1,'NYBeach 126th St10003'
-73.8443,40.8675,0,12,'NYFenton Ave10003+NYArnow Ave+10003'
-73.8443,40.8447,0,1,'NYChesbrough Ave10003+NYBlondell Ave+10003'
-73.8443,40.8769,0,1,'NYTillotson Ave10003+NYKingsland Ave+10003'
-73.8443,40.6998,0,4,'NYPark Ln S10003+NY105th St+10003|NY105th St10003'
-73.8443,40.6788,0,2,'NY107th Ave10003'
-73.8443,40.8804,0,5,'NYNeedham Ave10003+NYE 223rd St+10003'
-73.8442,40.8750,0,3,'NYGivan Ave10003+NYMickle Ave+10003'
-73.8442,40.8694,0,4,'NYFenton Ave10003|NYFenton Ave10003+NYE Gun Hill Rd+10003'
-73.8442,40.8731,0,1,'NYBurke Ave10003+NYEastchester Rd+10003'
-73.8442,40.6848,1,10,'NY101st Ave10003+NY97th St+10003'
-73.8442,40.6867,0,2,'NY97th Ave10003+NY98th St+10003'
-73.8442,40.7809,2,39,'NY124th St10003+NY21st Ave+10003|NY21st Ave10003'
-73.8442,40.8422,0,2,'NYRoberts Ave10003|NYRoberts Ave10003+NYWilliamsbridge Rd+10003'
-73.8442,40.8892,0,2,'NYE 233rd St10003+NYGrace Ave+10003'
-73.8441,40.5815,0,1,'NYBeach Channel Dr10003+NYBeach 122nd St+10003|NYBeach 122nd St10003'
-73.8441,40.6790,0,5,'NYCross Bay Blvd10003|NYCross Bay Blvd10003+NYCrossbay Blvd+10003|NYCross Bay Blvd10003+NYCross Bay Blvd+10003|NYCrossbay Blvd10003|NYCrossbay Blvd10003+NYCrossbay Blvd+10003|NYCrossbay Blvd10003+NYCross Bay Blvd+10003|NYCrossbay Blvd10002|NYCrossbay Blvd10002+NYCross Bay Blvd+10002'
-73.8441,40.7223,17,141,'NY108th St10003+NY70th Rd+10003'
-73.8441,40.7094,1,18,'NY75th Ave10003|NY75th Ave10003+NYMetropolitan Ave+10003'
-73.8441,40.6780,1,3,'NYCrossbay Blvd10003+NY108th Ave+10003|NY108th Ave10003'
-73.8441,40.7384,18,2,'NYMeadow Lake Promenade10003|NYMeadow Lake Promenade10003+NYMeadow Lake Rd W+10003|NYMeadow Lake Rd W10003'
-73.8441,40.6825,0,1,'NY96th St10003|NY96th St10003+NY103rd Ave+10003'
-73.8441,40.8727,0,1,'NYFox Ter10003|NYFox Ter10003+NYEastchester Rd+10003'
-73.8441,40.9452,0,1,'NYDellwood Rd10003+NYEllison Pl+10003|NYEllison Pl10003'
-73.8441,40.6804,0,2,'NYCross Bay Blvd10003+NYLiberty Ave+10003'
-73.8441,40.7509,0,2,'NYNew York Ave10003'
-73.8441,40.6924,0,5,'NY102nd St10003+NY90th Ave+10003'
-73.8441,40.6647,0,1,'NY90th St10003|NY90th St10003+NYShore Pkwy+10003'
-73.8441,40.6487,0,5,'NY86th St10003'
-73.8440,40.7569,6,7,'NY126th St10003+NY38th Ave+10003|NY38th Ave10003'
-73.8440,40.7177,0,7,'NY72nd Ave10003|NY72nd Ave10003+NYGreenway Ter+10003|NY72nd Ave10003+NYMiddle May Cir+10003|NY72nd Ave10003+NYGreenway N+10003|NYGreenway Ter10003|NYGreenway Ter10003+NYMiddle May Cir+10003|NYGreenway Ter10003+NYGreenway N+10003|NYGreenway Ter10003+NYGreenway Ter+10003|NYGreenway Ter10003+NYBye St+10003|NYMiddle May Cir10003|NYMiddle May Cir10003+NYGreenway N+10003|NYMiddle May Cir10003+NYGreenway Ter+10003|NYMiddle May Cir10003+NYBye St+10003|NYGreenway N10003|NYGreenway N10003+NYGreenway Ter+10003|NYGreenway N10003+NYBye St+10003|NYBye St10003'
-73.8440,40.5795,0,3,'NYBeach 123rd St10003+NYNewport Ave+10003'
-73.8440,40.7215,734,349,'NY108th St10003|NY108th St10003+NYState Hwy 25+10003|NY108th St10003+NY71st Ave+10003|NY108th St10003+NYQueens Blvd+10003|NY108th St10003+NYContinental Ave+10003|NYState Hwy 2510002+NY71st Ave+10002|NYState Hwy 2510002+NYContinental Ave+10002|NY71st Ave10003+NYQueens Blvd+10003|NYQueens Blvd10002+NYContinental Ave+10002'
-73.8440,40.7602,0,2,'NY126th Pl10003|NY126th Pl10003+NY34th Ave+10003'
-73.8440,40.8375,0,3,'NYRowe St10003|NYRowe St10003+NYButler Pl+10003|NYButler Pl10003'
-73.8440,40.7114,0,4,'NYKessel St10003+NY74th Ave+10003|NY74th Ave10003'
-73.8440,40.8962,0,3,'NYde Reimer Ave10003+NYBussing Pl+10003|NYBussing Pl10003'
-73.8439,40.7130,0,12,'NYAscan Ave10003+NYIngram St+10003'
-73.8439,40.8561,1,25,'NYEastchester Rd10003+NYRhinelander Ave+10003|NYRhinelander Ave10003'
-73.8439,40.8405,0,3,'NYBenson St10003+NYTratman Ave+10003|NYTratman Ave10003'
-73.8439,40.6774,0,1,'NYCrossbay Blvd10003+NY109th Ave+10003|NY109th Ave10003'
-73.8439,40.8391,1,3,'NYWestchester Ave10003+NYSeabury Ave+10003|NYSeabury Ave10003'
-73.8439,40.8420,0,1,'NYFrisby Ave10003|NYFrisby Ave10003+NYWilliamsbridge Rd+10003|NYFrisby Ave10003+NYE Tremont Ave+10003|NYWilliamsbridge Rd10003+NYE Tremont Ave+10003|NYE Tremont Ave10003'
-73.8439,40.6804,0,3,'NY95th St10003|NY95th St10003+NYLiberty Ave+10003'
-73.8439,40.8287,0,1,'NYCross Bronx Expy10002'
-73.8439,40.8174,0,1,'NYLacombe Ave10003'
-73.8439,40.8554,0,14,'NYEastchester Rd10003+NYMc Donald St+10003|NYMc Donald St10003'
-73.8438,40.9524,0,1,'NYCentral Park Ave10003+NYBarrington Rd+10003|NYBarrington Rd10003'
-73.8438,40.6970,0,2,'NY86th Ave10003|NY86th Ave10003+NY104th St+10003'
-73.8438,40.6989,0,14,'NY85th Ave10003+NY105th St+10003'
-73.8438,40.7868,0,4,'NY124th St10003+NY13th Ave+10003'
-73.8438,40.6960,1,8,'NY86th Rd10003'
-73.8438,40.9437,0,1,'NYLongvale Rd10003|NYLongvale Rd10003+NYEllison Ave+10003'
-73.8438,40.6723,2,102,'NYRedding St10003+NYVan Wicklen Rd+10003|NYVan Wicklen Rd10003'
-73.8438,40.8810,0,3,'NYE 224th St10003+NYNeedham Ave+10003'
-73.8438,40.6859,1,2,'NY99th Ave10003|NY99th Ave10003+NY98th St+10003'
-73.8438,40.8284,0,3,'NYBruckner Expy10001+NYZerega Ave+10001|NYBruckner Expy10001+NYBruckner Blvd+10001|NYZerega Ave10003+NYI 278+10003|NYI 27810001+NYBruckner Blvd+10001'
-73.8438,40.8441,1,7,'NYSaint Raymonds Ave10003+NYBlondell Ave+10003'
-73.8438,40.8882,0,1,'NYGrenada Pl10003+NYGrace Ave+10003|NYGrace Ave10003'
-73.8438,40.6918,0,1,'NY91st Ave10003+NY102nd St+10003'
-73.8437,40.6768,1,10,'NYCrossbay Blvd10003+NYSutter Ave+10003|NYCrossbay Blvd10003+NY93rd St+10003|NYSutter Ave10003+NY93rd St+10003|NY93rd St10003'
-73.8437,40.8855,0,3,'NY229th Dr N10003|NYE 229th Dr N10003'
-73.8437,40.6967,0,1,'NY86th Ave10003|NY86th Ave10003+NY104th St+10003'
-73.8437,40.7617,3,4,'NYNorthern Blvd10003+NY127th St+10003|NY127th St10003'
-73.8437,40.7712,1,141,'NY30th Ave10003|NY30th Ave10003+NYCollege Point Blvd+10003|NY30th Ave10003+NY125th St+10003|NYCollege Point Blvd10003+NY125th St+10003|NY125th St10003'
-73.8437,40.7940,0,2,'NYWeatherly Pl10003'
-73.8437,40.7198,4,46,'NYAustin St10003+NY71st Rd+10003|NY71st Rd10003'
-73.8437,40.7151,1,2,'NYRussell Pl10003+NYCranford St+10003|NYCranford St10003'
-73.8437,40.8278,0,2,'NYZerega Ave10003+NYCross Bronx Expy+10003'
-73.8437,40.9022,0,1,'NYE 241st St10003+NYHill Ave+10003'
-73.8437,40.8929,1,26,'NYEdenwald Ave10003+NYBaychester Ave+10003'
-73.8437,40.8547,0,8,'NYEastchester Rd10003+NYSeminole St+10003|NYSeminole St10003'
-73.8436,40.8277,0,2,'NYBruckner Blvd10003|NYBruckner Blvd10003+NYZerega Ave+10003|NYHoughton Ave10003'
-73.8436,40.7562,27,15,'NY39th Ave10003|NY39th Ave10003+NY126th St+10003'
-73.8436,40.7160,0,19,'NYExeter St10003|NYExeter St10003+NY72nd Rd+10003|NYExeter St10003+NYRussel Pl+10003|NY72nd Rd10003+NYRussel Pl+10003|NYRussel Pl10003'
-73.8436,40.7744,0,5,'NY125th St10003'
-73.8436,40.8393,0,1,'NYOvering St10003|NYOvering St10003+NYWestchester Ave+10003'
-73.8436,40.7002,0,1,'NYPark Ln S10003+NY106th St+10003|NY106th St10003'
-73.8436,40.8501,0,1,'NYLoomis St10003'
-73.8436,40.9434,0,1,'NYBrooke Ave10003|NYBrooke Ave10003+NYEllison Ave+10003'
-73.8436,40.7926,0,10,'NY124th St10003'
-73.8435,40.8713,0,1,'NYEastchester Rd10003+NYHammersley Ave+10003'
-73.8435,40.7137,0,8,'NYAscan Ave10003+NYGreenway S+10003'
-73.8435,40.6760,1,5,'NYCrossbay Blvd10003+NYPlattwood Ave+10003|NYCrossbay Blvd10003+NYChicot Ct+10003|NYCrossbay Blvd10003+NYChicot Rd+10003|NYPlattwood Ave10003|NYPlattwood Ave10003+NYChicot Ct+10003|NYPlattwood Ave10003+NYChicot Rd+10003|NYChicot Ct10003|NYChicot Rd10003'
-73.8435,40.9343,1,2,'NYMead Way10003|NYMead Way10003+NYGlen Washington Rd+10003'
-73.8435,40.6730,0,2,'NYDesarc Rd10003'
-73.8435,40.7318,15,23,'NY66th Ave10003|NY66th Ave10003+NYGrand Central Pkwy+10003|NY66th Ave10003+NY112th St+10003|NY66th Ave10003+NYPeartree Ave+10003'
-73.8435,40.8900,0,2,'NYStrang Ave10003+NYEdson Ave+10003|NYEdson Ave10003'
-73.8435,40.8998,1,2,'NYNereid Ave10003+NYMurdock Ave+10003'
-73.8435,40.7514,1,1,'NYNew York Ave10003|NYNew York Ave10003+NYNew York Ave+10003'
-73.8434,40.8416,0,3,'NYLane Ave10003|NYLane Ave10003+NYE Tremont Ave+10003|NYLane Ave10003+NYWilliamsbridge Rd+10003|NYLane Ave10003+NYWestchester Sq+10003|NYLane Ave10003+NYPonton Ave+10003|NYE Tremont Ave10003|NYE Tremont Ave10003+NYWilliamsbridge Rd+10003|NYE Tremont Ave10003+NYPonton Ave+10003|NYWilliamsbridge Rd10003|NYWilliamsbridge Rd10003+NYWestchester Sq+10003|NYWilliamsbridge Rd10003+NYPonton Ave+10003|NYWestchester Sq10003|NYWestchester Sq10003+NYPonton Ave+10003|NYPonton Ave10003'
-73.8434,40.6952,0,16,'NYJamaica Ave10003+NY104th St+10003|NY104th St10003'
-73.8434,40.6912,0,6,'NY92nd Ave10003+NY102nd St+10003'
-73.8434,40.8790,0,2,'NYUS Hwy 110002+NYGunther Ave+10002|NYGunther Ave10003|NYGunther Ave10003+NYBoston Rd+10003'
-73.8434,40.8263,0,3,'NYStory Ave10003'
-73.8434,40.8636,0,24,'NYEastchester Rd10003+NYFielding St+10003|NYFielding St10003'
-73.8434,40.7410,10,5,'NYHor Harding Expressway en Wb10003'
-73.8434,40.5751,0,1,'NYBeach 125th St10003'
-73.8434,40.6657,0,4,'NYShore Pkwy10006|NYShore Pkwy10006+NYShore Pkwy+10006|NYShore Pkwy Svc Rd10006|NYShore Pkwy Svc Rd10006+NYShore Pkwy+10006|NYShore Pkwy10003'
-73.8434,40.8643,0,2,'NYEastchester Rd10003+NYHawthorne St+10003|NYHawthorne St10003'
-73.8434,40.6850,1,10,'NY101st Ave10003+NY98th St+10003'
-73.8433,40.8396,0,1,'NYLane Ave10003|NYLane Ave10003+NYWestchester Ave+10003'
-73.8433,40.7694,1,4,'NY126th St10003|NY126th St10003+NY31st Ave+10003'
-73.8433,40.8405,1,1,'NYLane Ave10003+NYBenson St+10003'
-73.8433,40.6753,0,3,'NY133rd Ave10003+NYCrossbay Blvd+10003'
-73.8433,40.7150,0,2,'NYRussell Pl10003+NYChildrens Ln+10003|NYChildrens Ln10003'
-73.8433,40.7553,245,43,'NY126th St10003+NYWillets Point Blvd+10003|NY126th St10003+NYRoosevelt Ave+10003|NYWillets Point Blvd10003|NYWillets Point Blvd10003+NYRoosevelt Ave+10003'
-73.8433,40.6949,0,2,'NY87th Ave10003|NY87th Ave10003+NY104th St+10003'
-73.8433,40.7179,0,1,'NY72nd Ave10003+NYMiddle May Cir+10003|NY72nd Ave10003+NYHolder Pl+10003|NYMiddle May Cir10003|NYMiddle May Cir10003+NYHolder Pl+10003|NYMiddle May Cir10003+NYBye St+10003|NYHolder Pl10003|NYHolder Pl10003+NYBye St+10003'
-73.8433,40.7112,0,9,'NY75th Ave10003|NY75th Ave10003+NYKessel St+10003'
-73.8433,40.6751,0,5,'NYDoxsey Pl10003|NYDoxsey Pl10003+NYCrossbay Blvd+10003'
-73.8433,40.6729,0,1,'NYRedding St10003|NYRedding St10003+NYCrossbay Blvd+10003'
-73.8432,40.8663,0,6,'NYEastchester Rd10003+NYBantam Pl+10003|NYBantam Pl10003'
-73.8432,40.6737,0,3,'NYLinden Blvd10003|NYLinden Blvd10003+NYCrossbay Blvd+10003|NYLinden Blvd10003+NYGold Rd+10003|NYCrossbay Blvd10003+NYGold Rd+10003|NYGold Rd10003'
-73.8432,40.6828,0,5,'NY103rd Ave10003+NY97th St+10003'
-73.8432,40.8674,0,4,'NYOneill Pl10003|NYOneill Pl10003+NYArnow Ave+10003'
-73.8432,40.7093,0,16,'NYPuritan Ave10003|NYPuritan Ave10003+NYMetropolitan Ave+10003|NY75th Rd10003|NY75th Rd10003+NYMetropolitan Ave+10003'
-73.8432,40.7004,0,2,'NY107th St10003|NY107th St10003+NYPark Ln S+10003|NYPark Ln S10003'
-73.8432,40.6746,0,8,'NY134th Ave10003|NY134th Ave10003+NYCrossbay Blvd+10003'
-73.8432,40.6744,0,5,'NYSilver Rd10003|NYSilver Rd10003+NYCrossbay Blvd+10003'
-73.8432,40.8530,0,94,'NYEastchester Rd10003+NYWilkinson Ave+10003|NYEastchester Rd10003+NYStillwell Ave+10003|NYWilkinson Ave10003|NYWilkinson Ave10003+NYStillwell Ave+10003|NYStillwell Ave10003'
-73.8432,40.5798,0,5,'NYNewport Ave10003+NYBeach 122nd St+10003'
-73.8432,40.6721,3,6,'NYCrossbay Blvd10003+NYPitkin Ave+10003'
-73.8432,40.8703,0,4,'NYKnapp St10003|NYKnapp St10003+NYEastchester Rd+10003'
-73.8432,40.8689,0,1,'NYOneill Pl10003|NYOneill Pl10003+NYE Gun Hill Rd+10003'
-73.8431,40.6806,1,2,'NY96th St10003+NYLiberty Ave+10003'
-73.8431,40.8850,0,3,'NYE 229th St10003+NYSchieffelin Ave+10003'
-73.8431,40.6905,0,4,'NY93rd Ave10003+NY102nd St+10003'
-73.8431,40.6783,0,2,'NY95th St10003|NY95th St10003+NY108th Ave+10003'
-73.8431,40.7161,0,1,'NY72nd Rd10003+NYStandish Rd+10003|NYStandish Rd10003'
-73.8431,40.7181,0,3,'NY72nd Ave10003+NYBye St+10003|NYMiddlemay Cir10003|NYMiddlemay Cir10003+NYBye St+10003|NYBye St10003|NYBye St10003+NYBye St+10003'
-73.8431,40.9480,0,1,'NYPondfield Rd W10003+NYBrassie Ln+10003|NYBrassie Ln10003'
-73.8431,40.6805,2,5,'NYRockaway Blvd10003+NY96th St+10003'
-73.8431,40.7168,0,8,'NYGreenway N10003|NYGreenway N10003+NYGreenway Ter+10003|NYGreenway N10003+NYGreenway Cir+10003|NYGreenway Ter10003+NYGreenway Ter+10003|NYGreenway Ter10003|NYGreenway Ter10003+NYGreenway Cir+10003|NYGreenway Cir10003'
-73.8431,40.8398,0,2,'NYCommerce Ave10003|NYCommerce Ave10003+NYWestchester Ave+10003'
-73.8430,40.5779,0,4,'NYRockaway Beach Blvd10003+NYBeach 123rd St+10003'
-73.8430,40.8888,0,1,'NYEdson Ave10003|NYEdson Ave10003+NYE 233rd St+10003'
-73.8430,40.6639,0,10,'NY91st St10003'
-73.8430,40.6715,0,4,'NYCrossbay Blvd10003+NYVan Wicklen Rd+10003|NYVan Wicklen Rd10003'
-73.8430,40.7092,0,3,'NYUnion Trnpike10003+NYMetropolitan Ave+10003|NYUnion Tpke10003+NYMetropolitan Ave+10003'
-73.8430,40.6884,0,1,'NY101st St10003|NY101st St10003+NY95th Ave+10003'
-73.8430,40.7179,0,4,'NYHolder Pl10003|NYHolder Pl10003+NYHolder Pl+10003'
-73.8430,40.6972,0,21,'NY86th Ave10003+NY105th St+10003'
-73.8430,40.6483,2,5,'NY165th Ave10003+NY87th St+10003|NY87th St10003'
-73.8430,40.8745,0,1,'NYKingsland Ave10003+NYSexton Pl+10003|NYSexton Pl10003'
-73.8430,40.7145,0,7,'NYAscan Ave10003+NYWinter St+10003|NYWinter St10003'
-73.8430,40.8671,0,1,'NYSchorr Pl10003|NYSchorr Pl10003+NYEastchester Rd+10003'
-73.8430,40.6942,0,9,'NY88th Ave10003+NY104th St+10003'
-73.8430,40.9471,0,1,'NYBeechmont Ave10003+NYAdele Ln+10003|NYAdele Ln10003'
-73.8429,40.6952,0,6,'NYJamaica Ave10003+NY104th St+10003|NY104th St10003'
-73.8429,40.7006,0,6,'NYPark Ln S10003'
-73.8429,40.8278,0,1,'NYBruckner Blvd10003'
-73.8429,40.7250,0,27,'NY110th St10003+NY69th Rd+10003'
-73.8429,40.8285,1,0,'NYBruckner Expy10001+NYCross Bronx Expy+10001|NYI 27810001+NYCross Bronx Expy+10001|NYCross Bronx Expy10002'
-73.8429,40.9153,0,1,'NYN 10th Ave10003|NYN 10th Ave10003+NYW Lincoln Ave+10003'
-73.8429,40.8241,2,4,'NYLafayette Ave10003'
-73.8429,40.7210,81,163,'NYState Hwy 2510002+NY71st Rd+10002|NYQueens Blvd10002+NY71st Rd+10002'
-73.8429,40.8958,0,13,'NYWilder Ave10003+NYBussing Pl+10003|NYBussing Pl10003'
-73.8429,40.9532,0,2,'NYTuckahoe Rd10003+NYCentral Park Ave+10003'
-73.8429,40.7424,0,1,'NYAmphitheatre Brg10003'
-73.8429,40.7311,0,5,'NYGrand Central Pkwy10003|NYGrand Central Pkwy10003+NY112th St+10003|NYGrand Central Pkwy10003+NY66th Rd+10003|NY112th St10003|NY112th St10003+NY66th Rd+10003|NY112th St10003+NY112th St+10003|NY112th St10003+NYPeartree Ave+10003|NY66th Rd10003|NY66th Rd10003+NY112th St+10003|NY66th Rd10003+NYPeartree Ave+10003'
-73.8428,40.7886,0,12,'NY125th St10003+NY10th Ave+10003|NY10th Ave10003'
-73.8428,40.8429,0,1,'NYRoberts Ave10003|NYRoberts Ave10003+NYBlondell Ave+10003'
-73.8428,40.8675,0,1,'NYEastchester Rd10003+NYArnow Ave+10003'
-73.8428,40.7621,0,1,'NYNorthern Blvd10003+NY127th Pl+10003|NY127th Pl10003'
-73.8428,40.7148,0,7,'NYRussell Pl10003|NYRussell Pl10003+NYAscan Ave+10003'
-73.8428,40.7564,1,1,'NY39th Ave10003|NY39th Ave10003+NYWillets Point Blvd+10003'
-73.8428,40.7185,0,16,'NY72nd Ave10003|NY72nd Ave10003+NYBurns St+10003|NY72nd Ave10003+NYBye St+10003|NYBurns St10003+NYBye St+10003|NYBye St10003'
-73.8428,40.6706,1,11,'NY149th Ave10003+NYAlbert Rd+10003|NY149th Ave10003+NYCrossbay Blvd+10003|NYAlbert Rd10003+NYCrossbay Blvd+10003'
-73.8428,40.7158,0,2,'NYChildrens Ln10003|NYChildrens Ln10003+NYStandish Rd+10003'
-73.8428,40.7627,1,2,'NYWhitestone Expy10003'
-73.8427,40.7166,0,13,'NYSlocumcrescent10003|NYSlocumcrescent10003+NY72nd Rd+10003|NYSlocumcrescent10003+NYGreenway N+10003|NY72nd Rd10003|NY72nd Rd10003+NY72nd Rd+10003|NY72nd Rd10003+NYGreenway Ter+10003|NY72nd Rd10003+NYGreenway N+10003|NYGreenway Ter10003|NYGreenway Ter10003+NYGreenway N+10003|NYGreenway N10003'
-73.8427,40.8794,0,1,'NYUS Hwy 110002+NYWickham Ave+10002|NYUS Hwy 110002+NYE 223rd St+10002|NYWickham Ave10003|NYWickham Ave10003+NYE 223rd St+10003|NYWickham Ave10003+NYBoston Rd+10003|NYE 223rd St10003|NYE 223rd St10003+NYBoston Rd+10003'
-73.8427,40.9024,0,3,'NYE 241st St10003+NYMonticello Ave+10003'
-73.8427,40.7482,0,1,'NYAstronaut Ct10003|NYAstronaut Ct10003+NYUnited Nations Ave N+10003'
-73.8427,40.7133,0,12,'NYFairway Close10003|NYFairway Close10003+NYGreenway S+10003'
-73.8427,40.7296,0,2,'NY67th Rd10003+NY112th St+10003|NY112th St10003'
-73.8427,40.6936,0,7,'NY104th St10003+NY89th Ave+10003'
-73.8427,40.7756,0,14,'NY25th Rd10003+NY126th St+10003'
-73.8426,40.8694,0,6,'NYEastchester Rd10003+NYAdee Ave+10003'
-73.8426,40.7193,4,51,'NYAustin St10003+NY72nd Ave+10003|NY72nd Ave10003'
-73.8426,40.8902,0,5,'NYStrang Ave10003+NYBaychester Ave+10003'
-73.8426,40.7647,3,3,'NYHarper St10003'
-73.8426,40.7929,0,4,'NY125th St10003'
-73.8426,40.8755,0,2,'NYTiemann Ave10003+NYGivan Ave+10003'
-73.8426,40.5753,0,3,'NYBeach 124th St10003'
-73.8426,40.7135,0,12,'NYFairway Close10003'
-73.8426,40.7243,4,34,'NY110th St10003+NYJewel Ave+10003'
-73.8426,40.9000,0,2,'NYHill Ave10003'
-73.8426,40.7109,0,16,'NYPuritan Ave10003+NYKessel St+10003|NYKessel St10003+NY75th Rd+10003'
-73.8425,40.7939,0,1,'NY125th St10003|NY125th St10003+NYLax Ave+10003|NY125th St10003+NYPowell Cove Blvd+10003|NYLax Ave10003+NYPowell Cove Blvd+10003|NYPowell Cove Blvd10003'
-73.8425,40.8368,0,1,'NYRowe St10003|NYRowe St10003+NYSeabury Ave+10003'
-73.8425,40.8973,0,2,'NYPitman Ave10003+NYMurdock Ave+10003'
-73.8425,40.6853,0,4,'NY101st Ave10003+NY99th St+10003'
-73.8425,40.6892,0,1,'NY102nd St10003+NY94th Ave+10003'
-73.8425,40.8735,0,4,'NYKingsland Ave10003'
-73.8425,40.7625,0,1,'NYAstoria Blvd N10003|NYAstoria Blvd N10003+NYAstoria Blvd+10003|NYAstoria Blvd10003|NYAstoria Blvd10003+NYAstoria Blvd+10003|NYAstoria Blvd10002'
-73.8425,40.8716,0,2,'NYMickle Ave10003+NYHammersley Ave+10003'
-73.8424,40.7410,3,2,'NYI 49510001+NYAmphitheatre Brg+10001|NYLong Island Expy10001+NYAmphitheatre Brg+10001'
-73.8424,40.6872,0,4,'NY97th Ave10003+NY101st St+10003'
-73.8424,40.8685,1,0,'NYEastchester Rd10003|NYEastchester Rd10003+NYE Gun Hill Rd+10003'
-73.8424,40.8403,1,0,'NYBenson St10003|NYBenson St10003+NYWestchester Ave+10003'
-73.8424,40.7290,0,5,'NY67th Dr10003|NY67th Dr10003+NY112th St+10003'
-73.8424,40.8788,0,1,'NYWickham Ave10003+NYE 222nd St+10003'
-73.8424,40.8423,1,1,'NYBlondell Ave10003+NYPonton Ave+10003'
-73.8424,40.6695,0,3,'NYSouthern Parkway Entrance Wb10003|NYSouthern Parkway Entrance Wb10003+NYCrossbay Blvd+10003'
-73.8424,40.6830,0,3,'NY98th St10003+NY103rd Ave+10003'
-73.8424,40.9283,0,19,'NYBronx River Rd10003|NYBronx River Rd10003+NYBroad St+10003|NYBroad St10003'
-73.8424,40.8752,0,2,'NYTiemann Ave10003+NYSexton Pl+10003|NYSexton Pl10003'
-73.8424,40.5801,0,2,'NYNewport Ave10003+NYBeach 121st St+10003'
-73.8424,40.7408,0,1,'NYHor Harding Expressway en Eb10003+NYAmphitheatre Brg+10003'
-73.8423,40.6929,0,6,'NY104th St10003+NY90th Ave+10003'
-73.8423,40.7156,0,14,'NYAscan Ave10003+NYSeasongood Rd+10003|NYAscan Ave10003+NYStandish Rd+10003|NYSeasongood Rd10003|NYSeasongood Rd10003+NYStandish Rd+10003|NYStandish Rd10003'
-73.8423,40.9388,0,1,'NYKimball Ave10003+NYBronxville Rd+10003|NYBronxville Rd10003'
-73.8423,40.7574,5,5,'NY38th Ave10003|NY38th Ave10003+NYWillets Point Blvd+10003'
-73.8423,40.7454,46,4,'NYAve of Africa10003+NYUnited Nations Ave S+10003'
-73.8423,40.9480,0,1,'NYBayberry St10003'
-73.8423,40.7091,0,22,'NYJ Robinson Parkway Exit Wb10003+NYMetropolitan Ave+10003'
-73.8423,40.6687,3,17,'NYCrossbay Blvd10003+NYSouthern Pkwy+10003|NYSouthern Pkwy10003'
-73.8423,40.6748,0,3,'NY94th Pl10003|NY94th Pl10003+NY134th Ave+10003'
-73.8422,40.9342,0,1,'NYHighland Cir10003'
-73.8422,40.6807,1,22,'NYLiberty Ave10003+NY97th St+10003|NY97th St10003'
-73.8422,40.8750,0,6,'NYTiemann Ave10003'
-73.8422,40.6686,0,4,'NYS Conduit Entrance Eb10003|NYS Conduit Entrance Eb10003+NYCrossbay Blvd+10003'
-73.8422,40.7236,0,35,'NY70th Ave10003+NY110th St+10003'
-73.8422,40.5781,0,5,'NYRockaway Beach Blvd10003+NYBeach 122nd St+10003'
-73.8422,40.6606,0,31,'NY91st St10003+NY158th Ave+10003'
-73.8422,40.7142,0,8,'NYIvy Close10003|NYIvy Close10003+NYWinter St+10003'
-73.8422,40.7116,0,8,'NYPuritan Ave10003+NYJuno St+10003|NYPuritan Ave10003+NYWhitson St+10003|NYJuno St10003+NY75th Rd+10003|NY75th Rd10003+NYWhitson St+10003'
-73.8422,40.6854,0,1,'NY101st Ave10003+NY100th St+10003'
-73.8422,40.7206,10,78,'NYState Hwy 2510002+NY72nd Ave+10002|NYQueens Blvd10002+NY72nd Ave+10002|NY72nd Ave10003'
-73.8422,40.8840,0,4,'NYE 229th St10003+NYSchieffelin Pl+10003|NYSchieffelin Pl10003'
-73.8422,40.6886,0,2,'NY102nd St10003+NY95th Ave+10003'
-73.8422,40.9213,0,3,'NYBerg St10003|NYBerg St10003+NYLocust St+10003'
-73.8422,40.6786,0,5,'NY108th Ave10003|NY108th Ave10003+NY96th St+10003'
-73.8422,40.7176,0,3,'NY72nd Rd10003|NY72nd Rd10003+NYSlocum Cres+10003|NY72nd Rd10003+NY72nd Rd+10003|NY72nd Rd10003+NYHolder Pl+10003|NY72nd Rd10003+NYSlocumcrescent+10003|NYSlocum Cres10003+NYHolder Pl+10003|NYSlocum Cres10003+NYSlocumcrescent+10003|NYHolder Pl10003|NYHolder Pl10003+NYSlocumcrescent+10003|NYSlocumcrescent10003'
-73.8421,40.7607,0,1,'NY127th Pl10003|NY127th Pl10003+NY34th Ave+10003'
-73.8421,40.6641,0,7,'NY92nd St10003'
-73.8421,40.6723,0,1,'NY94th St10003+NYPitkin Ave+10003'
-73.8421,40.7316,8,6,'NYGrand Central Pkwy10002|NYGrand Central Pkwy10002+NYGrand Central Pkwy+10002'
-73.8421,40.7283,0,18,'NY112th St10003+NY68th Ave+10003'
-73.8421,40.6484,0,1,'NY165th Ave10003+NY88th St+10003|NY88th St10003'
-73.8420,40.8406,1,1,'NYE Tremont Ave10003+NYDock St+10003|NYE Tremont Ave10003+NYWestchester Ave+10003|NYDock St10003|NYDock St10003+NYWestchester Ave+10003|NYDock St10003+NYWestchester Sq+10003|NYWestchester Ave10003+NYWestchester Sq+10003|NYWestchester Sq10003'
-73.8420,40.6679,2,8,'NYCrossbay Blvd10003+NY153rd Ave+10003|NY153rd Ave10003'
-73.8420,40.7867,0,10,'NY13th Ave10003|NY13th Ave10003+NY126th St+10003'
-73.8420,40.6744,0,1,'NY94th Pl10003|NY94th Pl10003+NY134th Rd+10003|NY134th Rd10003'
-73.8420,40.6923,0,10,'NY91st Ave10003+NY104th St+10003'
-73.8420,40.6803,5,3,'NYRockaway Blvd10003+NY97th St+10003|NY97th St10003'
-73.8420,40.8799,0,5,'NYE 224th St10003|NYE 224th St10003+NYBruner Ave+10003|NYE 224th St10003+NYUS Hwy 1+10003|NYE 224th St10003+NYBoston Rd+10003|NYBruner Ave10003|NYBruner Ave10003+NYUS Hwy 1+10003|NYBruner Ave10003+NYBoston Rd+10003'
-73.8420,40.7009,0,27,'NY108th St10003|NY108th St10003+NYPark Ln S+10003'
-73.8420,40.6952,0,6,'NYJamaica Ave10003+NY105th St+10003|NY105th St10003'
-73.8419,40.8884,0,2,'NYBaychester Ave10003+NYGrenada Pl+10003|NYGrenada Pl10003'
-73.8419,40.8682,0,4,'NYEastchester Rd10003|NYEastchester Rd10003+NYE Gun Hill Rd+10003'
-73.8419,40.7885,0,19,'NY10th Ave10003|NY10th Ave10003+NY126th St+10003'
-73.8419,40.6675,0,5,'NYCrossbay Blvd10003+NYShore Pkwy+10003|NYShore Pkwy10003'
-73.8419,40.8581,0,26,'NYWoodhull Ave10003'
-73.8419,40.7162,2,19,'NYAscan Ave10003+NYGreenway N+10003'
-73.8419,40.9409,0,1,'NYEllison Ave10003|NYEllison Ave10003+NYPalmer Rd+10003'
-73.8419,40.7230,0,85,'NY70th Rd10003+NY110th St+10003'
-73.8419,40.8415,0,1,'NYFink Ave10003+NYBlondell Ave+10003'
-73.8419,40.7303,1,1,'NYPeartree Ave10003|NYPeartree Ave10003+NY113th Pl+10003|NYPeartree Ave10003+NYPeartree Ave+10003|NY113th Pl10003|NY113th Pl10003+NYPeartree Ave+10003|NY112th St10003+NYPeartree Ave+10003'
-73.8419,40.9561,0,2,'NYCentral Park Ave10003'
-73.8419,40.7205,12,122,'NYState Hwy 2510002+NY72nd Ave+10002|NYQueens Blvd10002+NY72nd Ave+10002|NY72nd Ave10003'
-73.8419,40.7130,0,8,'NYSummer St10003|NYSummer St10003+NYGreenway S+10003'
-73.8419,40.7637,1,1,'NYWhitestone Expy10003|NYWhitestone Expy10003+NYNorthern Bl State Rte N+10003|NYWhitestone Expy10003+NYHarper St+10003|NYNorthern Bl State Rte N10002|NYNorthern Bl State Rte N10002+NYHarper St+10002|NYHarper St10003'
-73.8418,40.7181,0,24,'NY72nd Rd10003|NY72nd Rd10003+NYSlocum Cres+10003|NY72nd Rd10003+NYBurns St+10003|NY72nd Rd10003+NYSlocumcrescent+10003|NYSlocum Cres10003|NYSlocum Cres10003+NYBurns St+10003|NYSlocum Cres10003+NYSlocumcrescent+10003|NYBurns St10003+NYSlocumcrescent+10003|NYSlocumcrescent10003'
-73.8418,40.6779,0,4,'NY96th St10003+NY109th Ave+10003'
-73.8418,40.8813,0,2,'NYEly Ave10003'
-73.8418,40.9374,0,2,'NYMead Way10003|NYMead Way10003+NYBronxville Rd+10003'
-73.8418,40.7743,0,2,'NY127th St10003'
-73.8418,40.9693,0,10,'NYRoundhill Dr10003'
-73.8418,40.9118,0,1,'NYValentine St10003+NYN 9th Ave+10003|NYN 9th Ave10003'
-73.8418,40.6589,0,10,'NY91st St10003+NY159th Ave+10003'
-73.8418,40.8777,0,2,'NYWickham Ave10003+NYTillotson Ave+10003'
-73.8418,40.7755,1,1,'NY127th St10003+NY25th Rd+10003|NY25th Rd10003'
-73.8418,40.5756,0,3,'NYBeach 123rd St10003'
-73.8418,40.7121,0,9,'NYPuritan Ave10003+NYIngram St+10003|NYIngram St10003|NYIngram St10003+NY75th Rd+10003'
-73.8417,40.8635,1,25,'NYWoodhull Ave10003+NYFielding St+10003|NYFielding St10003'
-73.8417,40.8758,1,0,'NYGivan Ave10003+NYGunther Ave+10003|NYGunther Ave10003'
-73.8417,40.8904,0,3,'NYde Reimer Ave10003+NYStrang Ave+10003'
-73.8417,40.9490,0,1,'NYWiltshire St10003+NYChatfield Rd+10003|NYChatfield Rd10003'
-73.8417,40.7693,1,0,'NYCollege Point Blvd10003+NY31st Ave+10003'
-73.8417,40.7276,0,1,'NY112th St10003+NY68th Rd+10003'
-73.8417,40.9433,0,4,'NYMerriam Pl10003'
-73.8417,40.6916,0,5,'NY92nd Ave10003+NY104th St+10003'
-73.8417,40.8643,0,7,'NYHawthorne St10003|NYHawthorne St10003+NYWoodhull Ave+10003'
-73.8417,40.9002,0,2,'NYMonticello Ave10003'
-73.8417,40.9423,0,4,'NYMerriam Pl10003'
-73.8416,40.8661,0,4,'NYBantam Pl10003|NYBantam Pl10003+NYWoodhull Ave+10003'
-73.8416,40.7937,0,1,'NYLax Ave10003+NY126th St+10003|NY126th St10003'
-73.8416,40.6703,0,2,'NY94th St10003|NY94th St10003+NYAlbert Rd+10003'
-73.8416,40.6855,0,9,'NY101st Ave10003+NY101st St+10003'
-73.8416,40.6661,1,8,'NYBelt Pkwy10002|NYBelt Pkwy10002+NYCrossbay Blvd+10002|NYBelt Pkwy10002+NYSouthern Pkwy+10002|NYCrossbay Blvd10003+NYSouthern Pkwy+10003|NYCrossbay Blvd10003+NYShore Pkwy+10003|NYSouthern Pkwy10003|NYSouthern Pkwy10003+NYShore Pkwy+10003|NYShore Pkwy10002'
-73.8416,40.8975,0,1,'NYPitman Ave10003+NYHill Ave+10003|NYHill Ave10003'
-73.8416,40.7189,8,81,'NYAustin St10003+NY72nd Rd+10003|NY72nd Rd10003'
-73.8416,40.8394,0,1,'NYFerris Pl10003+NYKirk St+10003|NYKirk St10003'
-73.8416,40.6740,0,6,'NYLinden Blvd10003+NY95th St+10003'
-73.8416,40.9600,0,1,'NYUnderhill St10003'
-73.8415,40.7223,1,171,'NY71st Ave10003+NY110th St+10003|NY110th St10003+NYContinental Ave+10003|NYContinental Ave10003'
-73.8415,40.7151,0,10,'NYSeasongood Rd10003+NYIvy Close+10003|NYIvy Close10003'
-73.8415,40.6773,0,1,'NYSutter Ave10003|NYSutter Ave10003+NY96th St+10003'
-73.8415,40.7629,1,1,'NYAstoria Blvd N10003|NYAstoria Blvd N10003+NYWhitestone Pkwy+10003|NYAstoria Blvd10003|NYAstoria Blvd10003+NYWhitestone Pkwy+10003|NYWhitestone Pkwy10003'
-73.8415,40.7626,2,4,'NYNorthern Blvd10003|NYNorthern Blvd10003+NYNorthern Blvd+10003|NYNorthern Blvd10003+NYState Hwy 25 Alt+10003'
-73.8415,40.6833,0,3,'NY99th St10003+NY103rd Ave+10003'
-73.8415,40.7411,2,2,'NYHor Harding Expressway Exit Eb10003|NYHor Harding Expressway Exit Eb10003+NYHor Harding Expressway en Eb+10003'
-73.8415,40.8748,1,0,'NYSexton Pl10003'
-73.8415,40.6996,0,14,'NY108th St10003+NY85th Ave+10003'
-73.8415,40.9309,0,1,'NYLouisiana Ave10003'
-73.8415,40.7300,0,3,'NYPeartree Ave10003+NY113th Pl+10003|NYPeartree Ave10003+NY67th Rd+10003|NY113th Pl10003|NY113th Pl10003+NY67th Rd+10003|NY113th Pl10003+NYGrand Central Pkwy+10003|NY113th Pl10003+NY113th Pl+10003|NY67th Rd10003|NY67th Rd10003+NYGrand Central Pkwy+10003|NY67th Rd10003+NY113th Pl+10003|NYGrand Central Pkwy10003'
-73.8415,40.8410,0,1,'NYBlondell Ave10003+NYWestchester Sq+10003|NYBlondell Ave10003+NYWestchester Ave+10003|NYWestchester Sq10003|NYWestchester Sq10003+NYWestchester Ave+10003'
-73.8414,40.9670,0,1,'NYHeights Dr10003|NYHeights Dr10003+NYHeights Dr+10003'
-73.8414,40.7139,0,23,'NYSummer St10003+NYWinter St+10003|NYWinter St10003'
-73.8414,40.9441,0,6,'NYMerriam Ave10003|NYMerriam Ave10003+NYPondfield Rd W+10003'
-73.8414,40.8772,0,2,'NYWickham Ave10003|NYWickham Ave10003+NYEly Ave+10003|NYEly Ave10003'
-73.8414,40.8550,0,28,'NYMc Donald St10003+NYStillwell Ave+10003'
-73.8414,40.6910,0,2,'NY93rd Ave10003+NY104th St+10003'
-73.8414,40.5784,0,1,'NYRockaway Beach Blvd10003|NYRockaway Beach Blvd10003+NYRockaway Beach Blvd+10003|NYRockaway Beach Blvd10003+NYBeach 121st St+10003|NYMemorial Cir10003+NYBeach 121st St+10003|NYBeach 121st St10003+NYRockaway Beach Blvd+10003'
-73.8414,40.7270,0,22,'NY112th St10003+NY68th Dr+10003'
-73.8413,40.6809,0,2,'NY98th St10003+NYLiberty Ave+10003'
-73.8413,40.8287,1,1,'NYBruckner Expy10001+NYBrush Ave+10001|NYBrush Ave10003+NYI 278+10003'
-73.8413,40.6889,0,1,'NY103rd St10003|NY103rd St10003+NY95th Ave+10003'
-73.8413,40.7832,4,43,'NY18th Ave10003|NY18th Ave10003+NY127th St+10003'
-73.8413,40.9321,0,1,'NYWildway10003+NYVincent Rd+10003|NYVincent Rd10003'
-73.8413,40.6607,0,9,'NY158th Ave10003+NY92nd St+10003'
-73.8413,40.7126,0,1,'NYPuritan Ave10003+NYGreenway S+10003|NY75th Rd10003+NYGreenway S+10003'
-73.8412,40.8406,1,1,'NYE Tremont Ave10003+NYBlondell Ave+10003|NYE Tremont Ave10003+NYWestchester Sq+10003|NYBlondell Ave10003|NYBlondell Ave10003+NYWestchester Sq+10003|NYWestchester Sq10003'
-73.8412,40.7159,0,7,'NYBorage Pl10003|NYBorage Pl10003+NYGreenway N+10003'
-73.8412,40.7422,22,12,'NYGrnd Cntrl Parkway Entrance Wb10003'
-73.8412,40.8679,0,8,'NYArnow Ave10003+NYE Gun Hill Rd+10003'
-73.8412,40.7128,0,4,'NYPuritan Ave10003+NYWinter St+10003|NYWinter St10003|NYWinter St10003+NY75th Rd+10003'
-73.8412,40.8289,2,0,'NYBrush Ave10003|NYBrush Ave10003+NYCross Bronx Expy+10003'
-73.8412,40.7010,1,20,'NY109th St10003'
-73.8412,40.9382,0,2,'NYMarquand Ave10003'
-73.8412,40.6766,0,2,'NYPlattwood Ave10003+NY96th St+10003'
-73.8412,40.7216,3,161,'NY110th St10003+NY71st Rd+10003'
-73.8412,40.6724,0,12,'NY95th St10003+NYPitkin Ave+10003'
-73.8412,40.8864,0,9,'NYBaychester Ave10003+NYSchieffelin Ave+10003|NYSchieffelin Ave10003'
-73.8412,40.7852,0,16,'NY15th Ave10003|NY15th Ave10003+NY127th St+10003'
-73.8412,40.7174,1,19,'NYBurns St10003|NYBurns St10003+NYAscan Ave+10003'
-73.8411,40.8782,0,1,'NYBruner Ave10003+NYTillotson Ave+10003|NYTillotson Ave10003|NYTillotson Ave10003+NYE 222nd St+10003'
-73.8411,40.6486,0,6,'NY165th Ave10003+NY89th St+10003|NY89th St10003'
-73.8411,40.6953,0,15,'NYJamaica Ave10003+NY106th St+10003|NY106th St10003'
-73.8411,40.9331,0,1,'NYWildway10003'
-73.8411,40.8962,0,2,'NYHill Ave10003+NYBussing Ave+10003'
-73.8411,40.6642,0,5,'NY156th Ave10003+NYCrossbay Blvd+10003'
-73.8411,40.7104,0,29,'NY77th Ave10003|NY77th Ave10003+NYWhitson St+10003|NY77th Ave10003+NYKessel St+10003|NYWhitson St10003|NYWhitson St10003+NYKessel St+10003'
-73.8411,40.7147,0,5,'NYSummer St10003|NYSummer St10003+NYSeasongood Rd+10003'
-73.8411,40.6904,3,4,'NYAtlantic Ave10003+NY104th St+10003'
-73.8411,40.7111,1,6,'NY77th Ave10003+NYJuno St+10003|NY77th Ave10003+NYNorden Rd+10003|NY77th Ave10003+NYWhitson St+10003|NYJuno St10003|NYJuno St10003+NYJuno St+10003|NYJuno St10003+NYNorden Rd+10003|NYJuno St10003+NYWhitson St+10003|NYNorden Rd10003|NYNorden Rd10003+NYWhitson St+10003|NYWhitson St10003'
-73.8411,40.8886,0,1,'NYde Reimer Ave10003|NYde Reimer Ave10003+NYE 233rd St+10003'
-73.8410,40.8412,0,1,'NYCooper Ave10003|NYCooper Ave10003+NYWestchester Ave+10003'
-73.8410,40.9298,0,3,'NYMidland Ave10003+NYLouisiana Ave+10003|NYLouisiana Ave10003'
-73.8410,40.7604,0,3,'NY35th Ave10003|NY35th Ave10003+NYWillets Point Blvd+10003'
-73.8410,40.7263,0,14,'NY112th St10003+NY69th Ave+10003'
-73.8410,40.7176,1,46,'NYAscan Ave10003+NYBurns St+10003|NYBurns St10003'
-73.8410,40.9028,0,1,'NYMundy Ln10003+NYW 4th St+10003|NYMundy Ln10003+NYE 241st St+10003|NYW 4th St10003|NYW 4th St10003+NYE 241st St+10003|NYE 241st St10003'
-73.8410,40.7729,0,1,'NY28th Ave10003+NY128th St+10003|NY128th St10003'
-73.8410,40.9233,0,1,'NYWilliam St10003+NYLocust St+10003'
-73.8410,40.8340,0,1,'NYEllis Ave10003'
-73.8410,40.6782,0,2,'NY97th St10003+NY109th Ave+10003'
-73.8410,40.8579,0,8,'NYMickle Ave10003'
-73.8410,40.9410,0,1,'NYKimball Ave10003|NYKimball Ave10003+NYBronxville Rd+10003|NYBronxville Rd10003'
-73.8409,40.6802,0,2,'NYRockaway Blvd10003+NY98th St+10003'
-73.8409,40.8513,2,2,'NYIndustrial St10003'
-73.8409,40.5759,0,8,'NYBeach 122nd St10003'
-73.8409,40.7107,0,2,'NY77th Ave10003+NYWhitson St+10003|NY77th Ave10003+NYJuno St+10003|NYWhitson St10003|NYWhitson St10003+NYJuno St+10003|NYJuno St10003'
-73.8409,40.9111,0,1,'NYN 8th Ave10003|NYN 8th Ave10003+NYStevens Ave+10003'
-73.8409,40.8905,0,3,'NYStrang Ave10003+NYWilder Ave+10003'
-73.8409,40.9318,0,2,'NYVincent Rd10003+NYLouisiana Ave+10003|NYLouisiana Ave10003'
-73.8409,40.6590,0,4,'NY159th Ave10003+NY92nd St+10003'
-73.8409,40.9417,0,3,'NYMerriam Ave10003|NYMerriam Ave10003+NYBronxville Rd+10003'
-73.8409,40.8741,0,1,'NYGunther Ave10003+NYBurke Ave+10003|NYBurke Ave10003'
-73.8409,40.7304,9,4,'NYGrand Central Pkwy10002+NYGrnd Cntrl Parkway Entrance Wb+10002|NYGrnd Cntrl Parkway Entrance Wb10003'
-73.8409,40.7210,2,76,'NY110th St10003+NY72nd Ave+10003'
-73.8409,40.7201,5,57,'NYState Hwy 2510002+NY72nd Rd+10002|NYQueens Blvd10002+NY72nd Rd+10002'
-73.8408,40.8291,0,1,'NYCross Bronx Expy10002|NYCross Bronx Expy10002+NYCross Bronx Expy+10002'
-73.8408,40.6919,0,1,'NY92nd Ave10003+NY105th St+10003|NY105th St10003'
-73.8408,40.9081,0,1,'NYS 9th Ave10003+NYW 2nd St+10003'
-73.8408,40.7765,0,12,'NY128th St10003'
-73.8408,40.6709,0,3,'NY149th Ave10003+NY95th St+10003'
-73.8408,40.8721,0,3,'NYTiemann Ave10003+NYHammersley Ave+10003'
-73.8408,40.6746,0,2,'NY134th Rd10003+NY96th St+10003|NY96th St10003'
-73.8408,40.6858,0,13,'NY101st Ave10003+NY102nd St+10003'
-73.8408,40.6897,1,7,'NY104th St10003+NY94th Ave+10003'
-73.8408,40.7164,0,10,'NYBorage Pl10003+NYBeechknoll Pl+10003|NYBeechknoll Pl10003'
-73.8407,40.7200,4,40,'NYState Hwy 2510002+NY110th St+10002|NYQueens Blvd10002+NY110th St+10002|NY110th St10003'
-73.8407,40.6877,0,8,'NY97th Ave10003+NY103rd St+10003'
-73.8407,40.8280,0,1,'NYBruckner Blvd10003'
-73.8407,40.9611,0,1,'NYSlater Ave10003'
-73.8407,40.8977,0,6,'NYPitman Ave10003+NYMonticello Ave+10003|NYMonticello Ave10003'
-73.8407,40.8757,0,1,'NYSexton Pl10003+NYWickham Ave+10003|NYWickham Ave10003'
-73.8407,40.6625,0,12,'NY157th Ave10003+NYCrossbay Blvd+10003'
-73.8407,40.8497,0,1,'NYIndustrial St10003'
-73.8407,40.7102,0,9,'NYUnion Trnpike10003|NYUnion Trnpike10003+NYKessel St+10003|NYUnion Tpke10003+NYKessel St+10003|NYKessel St10003'
-73.8407,40.7939,0,2,'NY127th St10003|NY127th St10003+NYPowells Cove Blvd+10003'
-73.8407,40.7120,0,4,'NYShorthill Rd10003|NYShorthill Rd10003+NYGreenway S+10003'
-73.8406,40.9014,0,1,'NYMundy Ln10003+NYBushnell Pl+10003|NYBushnell Pl10003'
-73.8406,40.8676,1,6,'NYMickle Ave10003+NYE Gun Hill Rd+10003'
-73.8406,40.9302,0,1,'NYGeorgia Ave10003|NYGeorgia Ave10003+NYMidland Ave+10003'
-73.8406,40.6835,0,3,'NY101st St10003+NY103rd Ave+10003'
-73.8406,40.6702,0,1,'NYAlbert Rd10003+NY95th St+10003|NY95th St10003'
-73.8406,40.6740,0,4,'NYLinden Blvd10003+NY96th St+10003'
-73.8406,40.6999,0,9,'NY85th Ave10003+NY109th St+10003'
-73.8406,40.7138,0,5,'NYPuritan Ave10003+NYShorthill Pl+10003|NYPuritan Ave10003+NYShorthill Rd+10003|NY75th Rd10003+NYShorthill Pl+10003|NY75th Rd10003+NYShorthill Rd+10003|NYShorthill Pl10003|NYShorthill Pl10003+NYShorthill Rd+10003|NYShorthill Rd10003'
-73.8406,40.9448,1,0,'NYBoyd Pl10003'
-73.8406,40.9359,0,1,'NYLangdon Ter10003|NYLangdon Ter10003+NYDewitt Ave+10003|NYLangdon Ter10003+NYBronxville Rd+10003|NYDewitt Ave10003|NYDewitt Ave10003+NYBronxville Rd+10003'
-73.8406,40.7184,7,117,'NYAustin St10003+NYAscan Ave+10003'
-73.8405,40.7303,7,2,'NYMeadow Lake Rd W10003+NYGrnd Cntrl Parkway Entrance Wb+10003|NYGrnd Cntrl Parkway Entrance Wb10003'
-73.8405,40.7203,6,99,'NY110th St10003+NY72nd Rd+10003'
-73.8405,40.6954,0,8,'NYJamaica Ave10003+NY107th St+10003|NY107th St10003'
-73.8405,40.6811,0,1,'NY99th St10003+NYLiberty Ave+10003'
-73.8405,40.9347,0,1,'NYWildway10003'
-73.8405,40.8806,0,4,'NYUS Hwy 110002+NYGrace Ave+10002|NYBoston Rd10002+NYGrace Ave+10002'
-73.8405,40.8556,0,5,'NYRhinelander Ave10003|NYRhinelander Ave10003+NYStillwell Ave+10003'
-73.8405,40.6694,0,15,'NYMagnolia Ct10003|NYMagnolia Ct10003+NY150th Rd+10003|NYMagnolia Ct10003+NY95th St+10003|NY150th Rd10003|NY150th Rd10003+NY95th St+10003|NY95th St10003'
-73.8405,40.6574,0,4,'NY160th Ave10003+NY92nd St+10003'
-73.8405,40.7432,6,4,'NYPerimeter Rd10003+NYPacific Ave+10003|NYPacific Ave10003'
-73.8404,40.7144,0,15,'NYPuritan Ave10003+NYSeasongood Rd+10003|NYSeasongood Rd10003|NYSeasongood Rd10003+NY75th Rd+10003'
-73.8404,40.7832,1,7,'NY128th St10003+NY18th Ave+10003|NY18th Ave10003'
-73.8404,40.8824,0,1,'NYEdson Ave10003|NYEdson Ave10003+NYCardinal Spellman Pl+10003'
-73.8404,40.7169,0,2,'NYBurns St10003+NYBorage Pl+10003|NYBorage Pl10003'
-73.8404,40.6954,0,2,'NY107th St10003|NY107th St10003+NYJamaica Ave+10003'
-73.8404,40.7250,3,9,'NY112th St10003+NYJewel Ave+10003'
-73.8403,40.6769,0,1,'NY97th St10003+NYPlattwood Ave+10003'
-73.8403,40.9411,0,5,'NYBrooklands10003'
-73.8403,40.6950,0,2,'NY88th Ave10003|NY88th Ave10003+NY107th St+10003'
-73.8403,40.7288,7,11,'NYPeartree Ave10003+NY68th Ave+10003|NYGrand Central Pkwy10003+NY68th Ave+10003|NY113th Pl10003+NY68th Ave+10003|NY68th Ave10003'
-73.8403,40.6701,0,3,'NYAlbert Rd10003+NY95th St+10003|NY95th St10003'
-73.8403,40.6608,2,4,'NY158th Ave10003+NYCrossbay Blvd+10003'
-73.8403,40.7009,1,4,'NY110th St10003'
-73.8403,40.6726,0,6,'NY96th St10003+NYPitkin Ave+10003'
-73.8402,40.6747,0,2,'NY134th Rd10003|NY134th Rd10003+NY96th St+10003|NY96th St10003'
-73.8402,40.9174,0,1,'NYN 7th Ave10003|NYN 7th Ave10003+NYW Lincoln Ave+10003'
-73.8402,40.6487,0,2,'NY165th Ave10003+NY90th St+10003|NY90th St10003'
-73.8402,40.6811,0,1,'NY100th St10003'
-73.8402,40.7114,1,6,'NY77th Ave10003|NY77th Ave10003+NYNorden Rd+10003|NY77th Ave10003+NYGreenway S+10003|NYNorden Rd10003|NYNorden Rd10003+NYGreenway S+10003'
-73.8402,40.7621,0,2,'NYWillets Point Blvd10003+NYNorthern Blvd+10003'
-73.8402,40.7009,0,2,'NY84th Ave10003'
-73.8402,40.8887,0,2,'NYWilder Ave10003|NYWilder Ave10003+NYE 233rd St+10003'
-73.8401,40.8937,1,4,'NYEdenwald Ave10003+NYHill Ave+10003'
-73.8401,40.6811,0,2,'NY100th St10003|NY100th St10003+NYLiberty Ave+10003'
-73.8401,40.9230,0,2,'NYN Terrace Ave10003+NYWilliam St+10003'
-73.8401,40.6914,0,1,'NY93rd Ave10003+NY105th St+10003|NY105th St10003'
-73.8401,40.6784,0,1,'NY98th St10003+NY109th Ave+10003|NY109th Ave10003'
-73.8401,40.7112,0,4,'NYRockrose Pl10003|NYRockrose Pl10003+NYGreenway S+10003|NY78th Ave10003|NY78th Ave10003+NYGreenway S+10003'
-73.8401,40.9623,0,4,'NYMelrose Ave10003'
-73.8401,40.9174,1,1,'NYN 7th Ave10003|NYN 7th Ave10003+NYW Lincoln Ave+10003'
-73.8401,40.7127,0,3,'NYShortcut Ln10003'
-73.8401,40.8763,0,6,'NYGivan Ave10003|NYGivan Ave10003+NYBruner Ave+10003|NYBruner Ave10003'
-73.8401,40.8959,0,4,'NYMonticello Ave10003+NYBussing Ave+10003'
-73.8401,40.6943,0,3,'NY89th Ave10003|NY89th Ave10003+NY107th St+10003'
-73.8401,40.9315,0,2,'NYGeorgia Ave10003+NYVincent Rd+10003|NYVincent Rd10003'
-73.8400,40.8578,0,13,'NYWestervelt Ave10003'
-73.8400,40.6557,1,21,'NY161st Ave10003+NY92nd St+10003'
-73.8400,40.8744,0,2,'NYWickham Ave10003|NYWickham Ave10003+NYBurke Ave+10003'
-73.8400,40.9006,0,1,'NYMundy Ln10003+NYNereid Ave+10003|NYMundy Ln10003+NYW 5th St+10003|NYNereid Ave10003|NYNereid Ave10003+NYW 5th St+10003|NYW 5th St10003'
-73.8400,40.8357,0,1,'NYWaterbury Ave10003'
-73.8400,40.6762,0,3,'NY97th St10003+NY133rd Ave+10003'
-73.8400,40.9503,0,1,'NYWitherell St10003'
-73.8400,40.7643,5,1,'NYWhitestone Expy10003|NYWhitestone Expy10003+NYWhitestone Expy+10003'
-73.8400,40.7159,0,26,'NY75th Ave10003|NY75th Ave10003+NYPark End Pl+10003|NY75th Ave10003+NYBeechknoll Rd+10003|NY75th Ave10003+NYBeechknoll Pl+10003|NYPark End Pl10003|NYPark End Pl10003+NYBeechknoll Rd+10003|NYPark End Pl10003+NYBeechknoll Pl+10003|NYBeechknoll Rd10003|NYBeechknoll Rd10003+NYBeechknoll Pl+10003|NYBeechknoll Pl10003'
-73.8400,40.7243,0,7,'NY70th Ave10003|NY70th Ave10003+NY112th St+10003'
-73.8400,40.7677,0,1,'NYCollege Point Blvd10003+NY31st Rd+10003'
-73.8400,40.8907,0,8,'NYStrang Ave10003+NYMurdock Ave+10003'
-73.8400,40.8293,0,3,'NYBruckner Blvd10003'
-73.8400,40.5762,0,4,'NYBeach 121st St10003'
-73.8400,40.6800,0,1,'NYRockaway Blvd10003+NY99th St+10003'
-73.8400,40.8724,0,3,'NYGunther Ave10003+NYHammersley Ave+10003'
-73.8399,40.6860,0,20,'NY101st Ave10003+NY103rd St+10003'
-73.8399,40.7148,0,24,'NYPuritan Ave10003+NYGreenway N+10003|NY75th Rd10003+NYGreenway N+10003'
-73.8399,40.7135,0,4,'NYWinter St10003|NYWinter St10003+NYGoodward Rd+10003|NYWinter St10003+NYShorthill Pl+10003|NYGoodward Rd10003|NYGoodward Rd10003+NYShorthill Pl+10003|NYShorthill Pl10003|NYShorthill Pl10003+NYShorthill Rd+10003'
-73.8399,40.7915,0,5,'NYJulius Rd10003'
-73.8399,40.6592,0,6,'NY159th Ave10003|NY159th Ave10003+NYCrossbay Blvd+10003'
-73.8399,40.7282,8,7,'NYPeartree Ave10003+NY113th Pl+10003|NYPeartree Ave10003+NY68th Rd+10003|NYGrand Central Pkwy10003|NYGrand Central Pkwy10003+NY113th Pl+10003|NYGrand Central Pkwy10003+NY68th Rd+10003|NY113th Pl10003|NY113th Pl10003+NY113th Pl+10003|NY113th Pl10003+NY68th Rd+10003|NY68th Rd10003'
-73.8398,40.9108,1,0,'NYW 1st St10003+NYS 7th Ave+10003|NYS 7th Ave10003'
-73.8398,40.7925,0,5,'NYPearl Rd10003|NYPearl Rd10003+NY128th St+10003|NYPearl Rd10003+NY5th Ave+10003|NYPearl Rd10003+NYJulius Rd+10003|NY5th Ave10003+NYJulius Rd+10003'
-73.8398,40.9692,0,2,'NYConcord Rd10003'
-73.8398,40.8776,0,5,'NYBruner Ave10003'
-73.8398,40.7647,0,1,'NYVan Wyck Expy10001|NYVan Wyck Expy10001+NYWhitestone Expy+10001|NYWhitestone Expy10001|NYWhitestone Expy10001+NYWhitestone Expy+10001|NYWhitestone Expy10003'
-73.8398,40.6937,0,3,'NY90th Ave10003|NY90th Ave10003+NY107th St+10003'
-73.8398,40.6838,0,6,'NY102nd St10003+NY103rd Ave+10003'
-73.8398,40.7934,0,1,'NYPowells Cove Blvd10003+NY128th St+10003|NYPowells Cove Blvd10003+NYJulius Rd+10003|NY128th St10003|NYJulius Rd10003'
-73.8398,40.7196,32,314,'NYState Hwy 2510002+NY72nd Dr+10002|NYState Hwy 2510002+NYAscan Ave+10002|NYQueens Blvd10002+NY72nd Dr+10002|NYQueens Blvd10002+NYAscan Ave+10002|NY72nd Dr10003|NY72nd Dr10003+NYAscan Ave+10003|NYAscan Ave10003'
-73.8398,40.7765,0,2,'NY129th St10003|NY129th St10003+NY25th Ave+10003'
-73.8398,40.7001,1,3,'NY85th Ave10003|NY85th Ave10003+NY110th St+10003'
-73.8398,40.5790,0,3,'NYRockaway Beach Blvd10003+NYBeach 119th St+10003'
-73.8397,40.8671,0,4,'NYWestervelt Ave10003|NYWestervelt Ave10003+NYE Gun Hill Rd+10003'
-73.8397,40.7104,0,8,'NYUnion Tpke10003|NYUnion Tpke10003+NYUnion Tpke+10003|NYUnion Tpke10003+NYGreenway S+10003|NYGreenway S10003'
-73.8397,40.6610,1,0,'NY158th Ave10003'
-73.8397,40.6627,0,5,'NY157th Ave10003+NY94th St+10003|NY94th St10003'
-73.8397,40.6756,0,3,'NY134th Ave10003+NY97th St+10003'
-73.8397,40.7423,12,4,'NYI 49510001+NYHor Harding Expressway en Eb+10001|NYHor Harding Expressway en Eb10003|NYHor Harding Expressway en Eb10003+NYLong Island Expy+10003'
-73.8397,40.7802,2,110,'NY129th St10003+NY22nd Ave+10003|NY22nd Ave10003'
-73.8397,40.9363,0,1,'NYDewitt Ave10003+NYMarquand Ave+10003'
-73.8397,40.7236,0,5,'NY70th Rd10003+NY112th St+10003'
-73.8397,40.9268,0,1,'NYN Macquesten Pkwy10003|NYN Macquesten Pkwy10003+NYN Macquesten Pkwy+10003'
-73.8397,40.8809,0,6,'NYUS Hwy 110002+NYEdson Ave+10002|NYEdson Ave10003+NYBoston Rd+10003'
-73.8396,40.8979,0,1,'NYPitman Ave10003|NYPitman Ave10003+NYMundy Ln+10003|NYPitman Ave10003+NYW Sandford Blvd+10003|NYPitman Ave10003+NYSeton Ave+10003|NYMundy Ln10003+NYW Sandford Blvd+10003|NYW Sandford Blvd10003|NYW Sandford Blvd10003+NYSeton Ave+10003|NYSeton Ave10003'
-73.8396,40.6955,0,4,'NYJamaica Ave10003+NY108th St+10003|NY108th St10003'
-73.8396,40.9454,0,1,'NYCassilis Ave10003+NYBeale Cir+10003|NYBeale Cir10003'
-73.8396,40.6699,0,5,'NYAlbert Rd10003+NY96th St+10003|NY96th St10003'
-73.8396,40.6894,0,9,'NY105th St10003|NY105th St10003+NY95th Ave+10003'
-73.8396,40.7178,4,243,'NYAustin St10003+NY73rd Rd+10003|NY73rd Rd10003'
-73.8395,40.6813,0,2,'NY101st St10003+NYLiberty Ave+10003'
-73.8395,40.6800,0,3,'NYRockaway Blvd10003+NY100th St+10003'
-73.8395,40.8826,1,3,'NYBaychester Ave10003+NYNeedham Ave+10003|NYBaychester Ave10003+NYCardinal Spellman Pl+10003|NYCardinal Spellman Pl10003'
-73.8395,40.9270,0,2,'NYW Broad St10003+NYN Macquesten Pkwy+10003'
-73.8395,40.7009,0,6,'NY85th Ave10003'
-73.8395,40.6956,0,7,'NY108th St10003|NY108th St10003+NYJamaica Ave+10003'
-73.8395,40.6771,0,1,'NYPlattwood Ave10003+NY98th St+10003|NY98th St10003'
-73.8395,40.7027,1,8,'NY112th St10003|NY112th St10003+NYPark Ln S+10003'
-73.8395,40.7163,1,30,'NY75th Ave10003|NY75th Ave10003+NYPark End Pl+10003|NY75th Ave10003+NYBurns St+10003|NYPark End Pl10003|NYPark End Pl10003+NYBurns St+10003'
-73.8394,40.6575,0,3,'NYCrossbay Blvd10003+NY160th Ave+10003'
-73.8394,40.7275,11,12,'NYPeartree Ave10003|NYPeartree Ave10003+NYGrand Central Pkwy+10003|NYPeartree Ave10003+NY68th Dr+10003|NYPeartree Ave10003+NY113th Pl+10003|NYGrand Central Pkwy10003|NYGrand Central Pkwy10003+NY68th Dr+10003|NYGrand Central Pkwy10003+NY113th Pl+10003|NY68th Dr10003|NY68th Dr10003+NY113th Pl+10003|NY113th Pl10003|NY113th Pl10003+NY113th Pl+10003'
-73.8394,40.7847,0,9,'NY129th St10003+NY15th Ave+10003|NY15th Ave10003'
-73.8394,40.6927,0,3,'NY91st Ave10003|NY91st Ave10003+NY107th St+10003'
-73.8394,40.5766,0,2,'NYBeach 120th St10003'
-73.8394,40.9490,0,2,'NYCross St10003+NYPerry Pl+10003'
-73.8394,40.6643,0,4,'NYKillarney St10003'
-73.8394,40.7123,0,6,'NYShortcut Ln10003'
-73.8394,40.7253,3,15,'NY113th St10003|NY113th St10003+NYJewel Ave+10003'
-73.8394,40.9270,0,1,'NYBroad St W10003|NYBroad St W10003+NYN Macquesten Pkwy+10003|NYBroad St W10003+NYW Broad St+10003|NYN Macquesten Pkwy10003+NYW Broad St+10003|NYW Broad St10003'
-73.8394,40.7624,0,2,'NYState Hwy 25 Alt10002|NYState Hwy 25 Alt10002+NYVan Wyck Expy+10002|NYVan Wyck Expy10001+NYNorthern Blvd+10001'
-73.8393,40.7230,1,44,'NY71st Ave10003+NY112th St+10003'
-73.8393,40.6727,0,4,'NY96th Pl10003+NYPitkin Ave+10003'
-73.8393,40.6909,0,1,'NY106th St10003|NY106th St10003+NYAtlantic Ave+10003'
-73.8393,40.7153,0,8,'NYPuritan Ave10003+NYBeechknoll Rd+10003|NY75th Rd10003+NYBeechknoll Rd+10003'
-73.8393,40.6488,0,1,'NY91st St10003|NY91st St10003+NY165th Ave+10003'
-73.8393,40.6682,1,0,'NYSouthern Parkway Exit Wb10003|NYSouthern Parkway Exit Wb10003+NYState Hwy 27+10003|NYSouthern Parkway Exit Wb10003+NYCenterville St+10003|NYSouthern Parkway Exit Wb10003+NYCentreville St+10003|NYSouthern Parkway Exit Wb10003+NYN Conduit Ave+10003|NYState Hwy 2710002+NYCenterville St+10002|NYState Hwy 2710002+NYCentreville St+10002|NYCenterville St10003|NYCenterville St10003+NYN Conduit Ave+10003|NYCentreville St10003|NYCentreville St10003+NYN Conduit Ave+10003'
-73.8393,40.8939,0,3,'NYEdenwald Ave10003+NYMonticello Ave+10003'
-73.8393,40.6786,0,1,'NY99th St10003'
-73.8393,40.7114,0,1,'NYRockrose Pl10003+NYWendover Rd+10003|NYWendover Rd10003|NYWendover Rd10003+NY78th Ave+10003'
-73.8392,40.8766,0,1,'NYGivan Ave10003+NYEly Ave+10003'
-73.8392,40.6923,0,1,'NY92nd Ave10003|NY92nd Ave10003+NY107th St+10003'
-73.8392,40.8784,1,3,'NYTillotson Ave10003|NYTillotson Ave10003+NYGrace Ave+10003'
-73.8392,40.8668,0,2,'NYKingsland Ave10003|NYKingsland Ave10003+NYE Gun Hill Rd+10003'
-73.8392,40.7140,2,13,'NYGoodward Rd10003|NYGoodward Rd10003+NYGreenway N+10003'
-73.8392,40.8887,0,2,'NYE 233rd St10003+NYMurdock Ave+10003|NYMurdock Ave10003'
-73.8392,40.7620,1,0,'NYNorthern Blvd10003+NYVan Wyck Expy+10003|NYNorthern Blvd10003+NYWillets Point Blvd+10003|NYVan Wyck Expy10001+NYWillets Point Blvd+10001|NYWillets Point Blvd10003'
-73.8392,40.8747,0,1,'NYBruner Ave10003|NYBruner Ave10003+NYBurke Ave+10003'
-73.8392,40.8247,1,2,'NYBrush Ave10003+NYLafayette Ave+10003|NYLafayette Ave10003'
-73.8392,40.8841,0,1,'NYde Reimer Ave10003'
-73.8392,40.6643,0,3,'NY95th St10003'
-73.8391,40.7766,1,5,'NY130th St10003|NY130th St10003+NYUlmer St+10003|NY130th St10003+NY25th Ave+10003|NYUlmer St10003|NYUlmer St10003+NY25th Ave+10003|NY25th Ave10003'
-73.8391,40.9127,0,1,'NYN 6th Ave10003|NYN 6th Ave10003+NYMonument Pl+10003|NYN 6th Ave10003+NYW Prospect Ave+10003|NYN 6th Ave10003+NYRoosevelt Sq N+10003|NYMonument Pl10003|NYMonument Pl10003+NYW Prospect Ave+10003|NYMonument Pl10003+NYRoosevelt Sq N+10003|NYRoosevelt Sq N10003'
-73.8391,40.8727,0,1,'NYWickham Ave10003|NYWickham Ave10003+NYHammersley Ave+10003'
-73.8391,40.7008,0,14,'NYMyrtle Ave10003+NY111th St+10003|NY111th St10003'
-73.8391,40.7442,2,0,'NYPerimeter Rd10003|NYPerimeter Rd10003+NYPerimeter Rd+10003|NYPerimeter Rd10003+NYAve of Africa+10003|NYAve of Africa10003|NYAve of Africa10003+NYPerimeter Rd+10003'
-73.8391,40.8577,0,4,'NYKingsland Ave10003'
-73.8391,40.7193,3,59,'NYState Hwy 2510002+NY73rd Ave+10002|NY73rd Ave10003|NY73rd Ave10003+NYQueens Blvd+10003'
-73.8391,40.7269,5,7,'NYGrand Central Pkwy10003+NY69th Ave+10003|NY69th Ave10003|NY69th Ave10003+NY113th Pl+10003'
-73.8391,40.5812,0,2,'NYBeach 117th St10003+NYNewport Ave+10003'
-73.8391,40.6862,0,9,'NY101st Ave10003+NY104th St+10003'
-73.8390,40.6558,1,1,'NY161st Ave10003+NYCrossbay Blvd+10003'
-73.8390,40.6689,0,2,'NY150th Rd10003|NY150th Rd10003+NYCenterville St+10003|NY150th Rd10003+NYCentreville St+10003'
-73.8390,40.7137,0,1,'NYOverhill Rd10003|NYOverhill Rd10003+NYGreenway N+10003'
-73.8390,40.7086,0,24,'NYForest Park Dr10003|NYForest Park Dr10003+NYMetropolitan Ave+10003'
-73.8390,40.6902,0,5,'NY106th St10003+NY94th Ave+10003|NY94th Ave10003'
-73.8390,40.8956,0,8,'NYMundy Ln10003|NYMundy Ln10003+NYW Kingsbridge Rd+10003|NYMundy Ln10003+NYBussing Ave+10003|NYW Kingsbridge Rd10003|NYW Kingsbridge Rd10003+NYSeton Ave+10003|NYW Kingsbridge Rd10003+NYBussing Ave+10003|NYSeton Ave10003+NYBussing Ave+10003|NYBussing Ave10003'
-73.8390,40.6882,0,4,'NY97th Ave10003+NY105th St+10003'
-73.8390,40.6917,0,4,'NY93rd Ave10003|NY93rd Ave10003+NY107th St+10003'
-73.8390,40.7223,0,147,'NY112th St10003+NY71st Rd+10003'
-73.8390,40.6576,1,0,'NY160th Ave10003'
-73.8390,40.8164,0,1,'NYBrush Ave10003|NYBrush Ave10003+NYSchley Ave+10003|NYSchley Ave10003'
-73.8390,40.7914,0,2,'NY129th St10003+NY6th Ave+10003|NY6th Ave10003|NY6th Ave10003+NYSchorr Dr+10003|NYSchorr Dr10003'
-73.8390,40.6712,0,2,'NY149th Ave10003+NY96th Pl+10003|NY96th Pl10003'
-73.8389,40.6840,0,15,'NY103rd St10003+NY103rd Ave+10003'
-73.8389,40.8432,0,1,'NYWaters Pl10003+NYHutchinson River Pkwy W+10003|NYWaters Pl10003+NYFink Ave+10003|NYHutchinson River Pkwy W10003|NYHutchinson River Pkwy W10003+NYFink Ave+10003|NYFink Ave10003'
-73.8389,40.5792,0,4,'NYBeach 118th St10003+NYRockaway Beach Blvd+10003'
-73.8389,40.6984,0,18,'NY86th Ave10003+NY110th St+10003'
-73.8389,40.9268,0,2,'NYBroad St W10003+NYLocust St+10003|NYLocust St10003'
-73.8389,40.8564,0,1,'NYPelham Pkwy S10003|NYPelham Pkwy S10003+NYStillwell Ave+10003'
-73.8389,40.7527,0,2,'NYPerimeter Rd10003|NYPerimeter Rd10003+NYAve of Enterprise+10003|NYPerimeter Rd10003+NYFlushing Meadows Corona Park Rd+10003|NYAve of Enterprise10003|NYAve of Enterprise10003+NYFlushing Meadows Corona Park Rd+10003|NYFlushing Meadows Corona Park Rd10003'
-73.8389,40.6669,1,12,'NYState Rte 2710002+NYSouthern Pkwy+10002|NYSouthern Pkwy10003+NYS Conduit Ave+10003'
-73.8389,40.7924,0,1,'NY129th St10003+NYPearl Rd+10003|NY129th St10003+NY5th Ave+10003|NYPearl Rd10003|NYPearl Rd10003+NYSchorr Dr+10003|NYPearl Rd10003+NY5th Ave+10003|NYSchorr Dr10003+NY5th Ave+10003|NY5th Ave10003'
-73.8388,40.6799,0,2,'NYRockaway Blvd10003+NY101st St+10003|NY101st St10003'
-73.8388,40.7446,0,1,'NYAve of Commerce10003'
-73.8388,40.6661,0,15,'NY155th Ave10003|NY155th Ave10003+NYKillarney St+10003|NYKillarney St10003'
-73.8388,40.6628,1,11,'NY95th St10003+NY157th Ave+10003'
-73.8388,40.7022,0,11,'NY112th St10003+NY84th Ave+10003'
-73.8388,40.8666,1,13,'NYBartow Ave10003|NYBartow Ave10003+NYKingsland Ave+10003|NYBartow Ave10003+NYE Gun Hill Rd+10003|NYKingsland Ave10003|NYKingsland Ave10003+NYE Gun Hill Rd+10003'
-73.8387,40.8813,1,10,'NYUS Hwy 110002+NYBaychester Ave+10002|NYBaychester Ave10003+NYBoston Rd+10003'
-73.8387,40.6625,0,1,'NY95th St10003'
-73.8387,40.8772,0,1,'NYGrace Ave10003+NYE 222nd St+10003'
-73.8387,40.7159,0,11,'NYPuritan Ave10003|NY75th Rd10003'
-73.8387,40.7191,6,132,'NYState Hwy 2510002+NY73rd Rd+10002|NYQueens Blvd10002+NY73rd Rd+10002|NY73rd Rd10003'
-73.8387,40.7101,0,1,'NYJ Robinson Parkway Exit Wb10003'
-73.8387,40.7158,2,41,'NYPuritan Ave10003+NYBurns St+10003|NYBurns St10003+NY75th Rd+10003'
-73.8387,40.6959,1,16,'NYJamaica Ave10003+NY109th St+10003'
-73.8387,40.8793,0,6,'NYEdson Ave10003'
-73.8387,40.7262,5,30,'NYGrand Central Pkwy10003|NYGrand Central Pkwy10003+NY113th Pl+10003|NYGrand Central Pkwy10003+NY69th Rd+10003|NY113th Pl10003|NY113th Pl10003+NY69th Rd+10003|NY113th Pl10003+NY113th Pl+10003|NY69th Rd10003+NY113th Pl+10003'
-73.8387,40.6696,0,4,'NYAlbert Rd10003+NYCenterville St+10003|NYAlbert Rd10003+NYCentreville St+10003'
-73.8387,40.6910,0,2,'NYAtlantic Ave10003+NY107th St+10003|NY107th St10003'
-73.8387,40.7132,0,4,'NYUnderwood Rd10003|NYUnderwood Rd10003+NYGreenway N+10003'
-73.8387,40.6734,0,3,'NY135th Rd10003|NY135th Rd10003+NY97th St+10003'
-73.8387,40.9384,0,3,'NYBronx River Pkwy10002|NYBronx River Pkwy10002+NYBronx River Pkwy+10002'
-73.8387,40.7239,0,1,'NY70th Rd10003|NY70th Rd10003+NY113th St+10003'
-73.8387,40.6814,0,12,'NY102nd St10003+NYLiberty Ave+10003'
-73.8387,40.7417,0,1,'NYMeadow Lake Rd W10003'
-73.8386,40.7216,2,151,'NY112th St10003+NY72nd Ave+10003'
-73.8386,40.6542,0,7,'NYCrossbay Blvd10003+NY162nd Ave+10003'
-73.8386,40.7172,1,72,'NYAustin St10003+NY75th Ave+10003|NY75th Ave10003'
-73.8386,40.9326,0,1,'NYBronxville Rd10003+NYTexas Ave+10003|NYTexas Ave10003'
-73.8386,40.9285,0,1,'NYN Macquesten Pkwy10003|NYN Macquesten Pkwy10003+NYN Macquesten Pkwy+10003'
-73.8386,40.7129,0,1,'NYGreenway N10003+NYMarkwood Rd+10003|NYMarkwood Rd10003'
-73.8386,40.7619,1,6,'NYNorthern Blvd10003|NYNorthern Blvd10003+NYWillets Point Blvd+10003|NYWillets Point Blvd10003'
-73.8385,40.7125,0,1,'NYWendover Rd10003|NYWendover Rd10003+NYGreenway N+10003'
-73.8385,40.7441,5,4,'NYMeadow Lake Promenade10003|NYMeadow Lake Promenade10003+NYMeadow Lake Promenade+10003'
-73.8385,40.7667,0,3,'NYCollege Point Blvd10003+NYWhitestone Expy+10003'
-73.8385,40.9207,0,1,'NYMelrose Ave10003'
-73.8385,40.6641,0,7,'NYLahn St10003'
-73.8385,40.9224,0,4,'NYWilliam St10003+NYLinden Ave+10003'
-73.8385,40.6798,0,1,'NYRockaway Blvd10003+NY101st St+10003|NY101st St10003'
-73.8384,40.7625,1,5,'NYState Hwy 25 Alt10002+NYNorthern Blvd+10002|NYNorthern Blvd10002+NYNorthern Blvd+10002|NYNorthern Blvd10003'
-73.8384,40.6911,0,2,'NY107th St10003|NY107th St10003+NYAtlantic Ave+10003'
-73.8384,40.8941,0,5,'NYEdenwald Ave10003|NYEdenwald Ave10003+NYEdenwald Ave+10003|NYEdenwald Ave10003+NYSeton Ave+10003|NYSeton Ave10003|NYSeton Ave10003+NYSeton Ave+10003'
-73.8384,40.6759,0,3,'NY134th Ave10003|NY134th Ave10003+NYHawtree St+10003|NY134th Ave10003+NY99th St+10003'
-73.8384,40.6930,0,8,'NY91st Ave10003+NY108th St+10003'
-73.8384,40.6611,0,9,'NY95th St10003|NY95th St10003+NY158th Ave+10003'
-73.8384,40.7117,0,8,'NYRockrose Pl10003+NYGreenway N+10003|NYGreenway N10003+NY78th Ave+10003'
-73.8384,40.7143,0,2,'NYOverhill Rd10003+NYBeechknoll Rd+10003|NYBeechknoll Rd10003'
-73.8384,40.8749,0,3,'NYEly Ave10003+NYBurke Ave+10003'
-73.8383,40.6680,1,3,'NYState Hwy 2710002+NYTahoe St+10002|NYTahoe St10003|NYTahoe St10003+NYN Conduit Ave+10003'
-73.8383,40.6706,0,1,'NYCenterville St10003+NYEckford Ave+10003|NYCentreville St10003+NYEckford Ave+10003|NYEckford Ave10003'
-73.8383,40.7233,4,29,'NY71st Ave10003|NY71st Ave10003+NY113th St+10003'
-73.8383,40.7012,0,4,'NY112th St10003+NY85th Ave+10003'
-73.8383,40.5818,0,1,'NYBeach 116th St10003|NYBeach 116th St10003+NYBeach Channel Dr+10003'
-73.8383,40.7210,1,152,'NY112th St10003+NY72nd Rd+10003'
-73.8383,40.7255,2,5,'NY113th Pl10003+NYJewel Ave+10003'
-73.8382,40.6736,0,4,'NY135th Rd10003+NYWaterhouse Ave+10003|NYWaterhouse Ave10003'
-73.8382,40.8337,1,0,'NYGraff Ave10003|NYGraff Ave10003+NYHutchinson River Pkwy+10003'
-73.8382,40.8886,0,3,'NYHill Ave10003|NYHill Ave10003+NYE 233rd St+10003'
-73.8382,40.7679,1,1,'NY31st Rd10003|NY31st Rd10003+NY131st St+10003|NY131st St10003'
-73.8382,40.6524,1,17,'NYCrossbay Blvd10003+NY163rd Ave+10003'
-73.8382,40.5815,0,1,'NYBeach 116th St10003|NYBeach 116th St10003+NYBeach 116th St+10003|NYBeach 116th St10003+NYNewport Ave+10003|NYNewport Ave10003'
-73.8382,40.8575,0,2,'NYTiemann Ave10003'
-73.8382,40.7621,0,2,'NYWillets Point Blvd10003'
-73.8382,40.6865,0,6,'NY101st Ave10003+NY105th St+10003'
-73.8381,40.8770,0,1,'NYGivan Ave10003+NYE 222nd St+10003'
-73.8381,40.8667,0,2,'NYBartow Ave10003+NYTiemann Ave+10003'
-73.8381,40.7711,0,2,'NY131st St10003'
-73.8381,40.9414,0,2,'NYPalmer Ave10003+NYPaxton Ave+10003|NYPaxton Ave10003'
-73.8381,40.7906,0,4,'NY130th St10003|NY130th St10003+NY7th Ave+10003'
-73.8381,40.6884,0,3,'NY106th St10003+NY97th Ave+10003'
-73.8381,40.5795,0,4,'NYBeach 117th St10003+NYRockaway Beach Blvd+10003'
-73.8381,40.9062,0,1,'NYS 7th Ave10003+NYW 3rd St+10003'
-73.8381,40.6753,0,4,'NY134th Rd10003|NY134th Rd10003+NYHawtree St+10003|NY134th Rd10003+NY99th St+10003'
-73.8381,40.7027,0,5,'NY113th St10003|NY113th St10003+NY84th Ave+10003'
-73.8381,40.7109,0,3,'NYUnion Tpke10003+NYGreenway N+10003|NYGreenway N10003'
-73.8381,40.7746,4,6,'NYUlmer St10003+NY26th Ave+10003|NY26th Ave10003'
-73.8381,40.9477,0,1,'NYCassilis Ave10003+NYBogert Pl+10003|NYCassilis Ave10003+NYGard Ave+10003|NYBogert Pl10003|NYBogert Pl10003+NYGard Ave+10003|NYGard Ave10003'
-73.8380,40.6987,0,18,'NY111th St10003+NY86th Ave+10003'
-73.8380,40.7007,0,14,'NYMyrtle Ave10003+NY112th St+10003'
-73.8380,40.7663,1,1,'NY32nd Ave10003|NY32nd Ave10003+NYCollege Point Blvd+10003'
-73.8380,40.9265,0,1,'NYN Terrace Ave10003|NYN Terrace Ave10003+NYBroad St W+10003'
-73.8380,40.8395,0,1,'NYBalcom Ave10003|NYBalcom Ave10003+NYEdwards Ave+10003|NYEdwards Ave10003'
-73.8380,40.6594,0,6,'NY95th St10003+NY159th Ave+10003'
-73.8380,40.9237,0,1,'NYFleetwood Ave10003|NYFleetwood Ave10003+NYFleetwood Ave+10003'
-73.8380,40.7167,0,56,'NYAustin St10003+NY75th Rd+10003'
-73.8380,40.7203,1,136,'NY112th St10003+NY72nd Dr+10003'
-73.8380,40.6963,0,4,'NYJamaica Ave10003+NY110th St+10003'
-73.8379,40.6768,0,3,'NY100th St10003|NY100th St10003+NYSutter Ave+10003|NY100th St10003+NY133rd Ave+10003|NYSutter Ave10003|NY133rd Ave10003'
-73.8379,40.7420,0,1,'NYHor Harding Expressway Exit Eb10003|NYHor Harding Expressway Exit Eb10003+NYMeadow Lake Rd W+10003|NYMeadow Lake Rd W10003'
-73.8379,40.7429,1,0,'NYMeadow Lake Promenade10003+NYI 495+10003|NYMeadow Lake Promenade10003+NYLong Island Expy+10003'
-73.8379,40.8366,0,1,'NYVreeland Ave10003'
-73.8379,40.6659,0,2,'NYLahn St10003|NYLahn St10003+NY155th Ave+10003'
-73.8379,40.6693,0,2,'NYAlbert Rd10003+NYTahoe St+10003|NYTahoe St10003'
-73.8379,40.6640,0,2,'NY156th Ave10003+NY96th St+10003|NY96th St10003'
-73.8379,40.7226,4,5,'NY113th St10003|NY113th St10003+NY71st Rd+10003|NY71st Rd10003'
-73.8379,40.8203,1,0,'NYJay Pl10003'
-73.8379,40.8225,0,1,'NYWenner Pl10003'
-73.8379,40.8211,0,1,'NYSenger Pl10003'
-73.8379,40.8218,0,1,'NYRohr Pl10003'
-73.8379,40.7106,1,2,'NYUnion Tpke10003+NYInterborough Pkwy+10003'
-73.8379,40.6859,0,2,'NY105th St10003+NY101st Rd+10003|NY101st Rd10003'
-73.8378,40.7056,0,7,'NYPark Ln S10003+NYMayfair Rd+10003|NYMayfair Rd10003'
-73.8378,40.8661,1,3,'NYTiemann Ave10003+NYE Gun Hill Rd+10003'
-73.8378,40.7070,0,3,'NYGrosvenor Rd10003|NYGrosvenor Rd10003+NYPark Ln S+10003'
-73.8378,40.8816,0,1,'NYUS Hwy 110002+NYde Reimer Ave+10002|NYde Reimer Ave10003+NYBoston Rd+10003'
-73.8378,40.6797,0,4,'NYRockaway Blvd10003+NY102nd St+10003|NY102nd St10003'
-73.8378,40.6817,0,13,'NY103rd St10003+NYLiberty Ave+10003'
-73.8378,40.6508,1,3,'NY164th Ave10003+NYCrossbay Blvd+10003'
-73.8378,40.7817,3,14,'NY131st St10003|NY131st St10003+NY20th Ave+10003'
-73.8378,40.9646,0,1,'NYHelena Ave10003+NYNorthrop Ave+10003'
-73.8378,40.9399,0,1,'NYStone Pl10003|NYStone Pl10003+NYPaxton Ave+10003'
-73.8378,40.8429,0,2,'NYWestchester Ave10003+NYHutchinson River Pkwy+10003'
-73.8377,40.5772,0,4,'NYBeach 118th St10003'
-73.8377,40.6745,0,3,'NYHawtree St10003|NYHawtree St10003+NYLinden Blvd+10003|NYHawtree St10003+NYHawtree St+10003|NYHawtree St10003+NY99th St+10003|NYLinden Blvd10003+NYHawtree St+10003|NYLinden Blvd10003+NY99th St+10003|NY99th St10003'
-73.8377,40.7832,0,2,'NY131st St10003+NY18th Ave+10003|NY18th Ave10003'
-73.8377,40.7187,13,77,'NYState Hwy 2510002+NY75th Ave+10002|NYQueens Blvd10002+NY75th Ave+10002'
-73.8377,40.7135,0,3,'NYUnderwood Rd10003+NYDeepdene Rd+10003|NYDeepdene Rd10003'
-73.8377,40.7258,9,14,'NYJewel Ave10003+NYGrand Central Pkwy+10003'
-73.8377,40.9676,1,0,'NYVerona Ave10003'
-73.8377,40.9522,0,1,'NYIroquois Rd10003+NYShawnee Ave+10003|NYShawnee Ave10003'
-73.8377,40.7030,0,2,'NYBabbage St10003|NYBabbage St10003+NY84th Ave+10003'
-73.8376,40.8564,0,2,'NYBassett Ave10003'
-73.8376,40.7197,0,118,'NY73rd Ave10003|NY73rd Ave10003+NY112th St+10003'
-73.8376,40.6679,1,1,'NYState Hwy 2710002+NYRaleigh St+10002|NYRaleigh St10003|NYRaleigh St10003+NYN Conduit Ave+10003'
-73.8376,40.7439,12,0,'NYVan Wyck Expy10001+NYGrnd Cntrl Parkway Entrance Wb+10001'
-73.8376,40.6640,0,6,'NYHuron St10003'
-73.8376,40.6578,0,4,'NY95th St10003+NY160th Ave+10003'
-73.8376,40.8299,0,1,'NYI 67810001|NYI 67810001+NYBruckner Blvd+10001|NYI 67810001+NYCross Bronx Expy+10001|NYI 67810001+NYHutchinson River Pkwy+10001|NYBruckner Blvd10003|NYBruckner Blvd10003+NYHutchinson River Pkwy+10003|NYCross Bronx Expy10002|NYCross Bronx Expy10002+NYHutchinson River Pkwy+10002|NYHutchinson River Pkwy10001|NYHutchinson River Pkwy10001+NYHutchinson River Pkwy+10001|NYHutchinson River Pkwy10002'
-73.8375,40.6914,1,7,'NY108th St10003+NYAtlantic Ave+10003'
-73.8375,40.7860,1,10,'NY131st St10003|NY131st St10003+NY14th Ave+10003'
-73.8375,40.8791,1,5,'NYBaychester Ave10003+NYTillotson Ave+10003|NYTillotson Ave10003'
-73.8375,40.8379,0,1,'NYBalcom Ave10003+NYLatting St+10003|NYLatting St10003'
-73.8375,40.8752,0,1,'NYGrace Ave10003+NYBurke Ave+10003'
-73.8375,40.6933,0,1,'NY91st Ave10003+NY109th St+10003'
-73.8375,40.7416,5,1,'NYMeadow Lake Rd E10003+NYVan Wyck Expy+10003'
-73.8375,40.6704,0,3,'NYTahoe St10003|NYTahoe St10003+NYEckford Ave+10003'
-73.8375,40.7892,0,2,'NY9th Ave10003'
-73.8375,40.8732,0,2,'NYEly Ave10003+NYHammersley Ave+10003'
-73.8375,40.9348,0,1,'NYRossmore Ave10003+NYBeecher Rd+10003|NYBeecher Rd10003'
-73.8375,40.7403,2,2,'NYMeadow Lake Rd E10003|NYMeadow Lake Rd E10003+NYMeadow Lake Rd E+10003'
-73.8374,40.8203,1,0,'NYJay Pl10003'
-73.8374,40.7861,0,3,'NY131st St10003|NY131st St10003+NY14th Ave+10003'
-73.8374,40.7015,0,2,'NY113th St10003+NY85th Ave+10003'
-73.8374,40.7657,0,6,'NYCollege Point Blvd10003+NY33rd Ave+10003|NY33rd Ave10003'
-73.8374,40.7147,0,23,'NYOverhill Rd10003|NYOverhill Rd10003+NYBurns St+10003'
-73.8374,40.8711,0,8,'NYBruner Ave10003+NYAdee Ave+10003'
-73.8374,40.7356,5,6,'NYE Meadow Lake Brg10003'
-73.8374,40.9144,0,2,'NYE Sydney Ave10003|NYE Sydney Ave10003+NYGramatan Ave+10003|NYE Sydney Ave10003+NYW Sidney Ave+10003|NYW Sidney Ave10003'
-73.8374,40.7259,1,2,'NYJewel Ave10003+NYGrand Central Pkwy+10003'
-73.8374,40.6491,0,27,'NY165th Ave10003+NYCrossbay Blvd+10003'
-73.8374,40.7878,0,11,'NY131st St10003'
-73.8373,40.7049,0,7,'NY83rd Dr10003|NY83rd Dr10003+NYCurzon Rd+10003|NY83rd Dr10003+NYPark Ln S+10003|NYCurzon Rd10003|NYCurzon Rd10003+NYPark Ln S+10003'
-73.8373,40.7163,0,68,'NYAustin St10003+NY76th Ave+10003|NY76th Ave10003'
-73.8373,40.8887,0,4,'NYMonticello Ave10003|NYMonticello Ave10003+NYE 233rd St+10003'
-73.8373,40.8670,0,5,'NYGunther Ave10003+NYBartow Ave+10003'
-73.8373,40.8807,0,1,'NYde Reimer Ave10003'
-73.8373,40.7190,2,117,'NY112th St10003+NY75th Ave+10003'
-73.8373,40.6867,0,5,'NY101st Ave10003+NY106th St+10003|NY106th St10003'
-73.8373,40.6770,0,2,'NYPeconic St10003|NYPeconic St10003+NY101st St+10003|NY101st St10003'
-73.8373,40.8766,0,1,'NYEdson Ave10003+NYE 222nd St+10003'
-73.8372,40.8356,0,3,'NYWaterbury Ave10003+NYVreeland Ave+10003|NYVreeland Ave10003'
-73.8372,40.8400,0,4,'NYE Tremont Ave10003+NYEricson Pl+10003|NYEricson Pl10003'
-73.8372,40.7256,15,16,'NYGrnd Cntrl Parkway Entrance Wb10003|NYGrnd Cntrl Parkway Entrance Wb10003+NYGrand Central Pkwy+10003'
-73.8372,40.6887,0,1,'NY107th St10003+NY97th Ave+10003'
-73.8372,40.8281,0,2,'NYI 67810001+NYCross Bronx Expy+10001|NYHutchinson River Pkwy10001+NYCross Bronx Expy+10001'
-73.8372,40.5798,0,7,'NYRockaway Beach Blvd10003+NYBeach 116th St+10003'
-73.8372,40.6508,0,1,'NY164th Ave10003'
-73.8372,40.6845,0,10,'NY105th St10003+NY103rd Ave+10003'
-73.8372,40.9223,0,1,'NYFleetwood Ave10003'
-73.8372,40.6969,4,11,'NY111th St10003+NYJamaica Ave+10003'
-73.8372,40.6989,0,2,'NY112th St10003+NY86th Ave+10003'
-73.8372,40.7259,0,1,'NYGrnd Cntrl Parkway Entrance Wb10003|NYGrnd Cntrl Parkway Entrance Wb10003+NYJewel Ave+10003|NYGrnd Cntrl Parkway Entrance Wb10003+NYJewell Ave+10003|NYJewel Ave10003|NYJewel Ave10003+NYJewell Ave+10003|NYJewell Ave10003'
-73.8372,40.8984,0,3,'NYW Sandford Blvd10003+NYS 9th Ave+10003'
-73.8371,40.8612,0,13,'NYLobovick Ave10003|NYLobovick Ave10003+NYLodovick Ave+10003|NYLodovick Ave10003'
-73.8371,40.7080,4,107,'NYPark Ln S10003+NYMetropolitan Ave+10003'
-73.8371,40.8279,0,1,'NYI 67810001+NYBruckner Blvd+10001|NYBruckner Blvd10003|NYBruckner Blvd10003+NYHutchinson River Pkwy+10003'
-73.8371,40.8427,1,13,'NYRoebling Ave10003|NYRoebling Ave10003+NYHutchinson River Pkwy E+10003|NYRoebling Ave10003+NYEricson Pl+10003|NYHutchinson River Pkwy E10003|NYHutchinson River Pkwy E10003+NYEricson Pl+10003'
-73.8371,40.7406,4,1,'NYVan Wyck Expy10001+NYMeadow Lake Rd E+10001'
-73.8371,40.6934,0,10,'NY91st Ave10003'
-73.8371,40.7422,5,14,'NYMeadow Lake Rd E10003|NYMeadow Lake Rd E10003+NYCollege Pt Blvd+10003|NYCollege Pt Blvd10003'
-73.8371,40.6561,0,2,'NY161st Ave10003+NY95th St+10003'
-73.8371,40.6689,0,1,'NYAlbert Rd10003+NYRaleigh St+10003|NYRaleigh St10003'
-73.8371,40.7440,4,3,'NYRodman St10003+NYGrnd Cntrl Parkway Entrance Wb+10003|NYGrnd Cntrl Parkway Entrance Wb10003+NYCollege Point Blvd+10003'
-73.8371,40.7424,5,3,'NYCollege Pt Blvd10003|NYCollege Pt Blvd10003+NYRodman St+10003|NYCollege Pt Blvd10003+NYCollege Point Blvd+10003|NYRodman St10003|NYCollege Point Blvd10003'
-73.8371,40.7728,0,2,'NY28th Ave10003|NY28th Ave10003+NYUlmer St+10003'
-73.8371,40.8287,1,1,'NYBruckner Expy10001+NYCross Bronx Expy+10001|NYI 27810001+NYCross Bronx Expy+10001'
-73.8371,40.7221,9,28,'NY72nd Ave10003'
-73.8371,40.8300,0,3,'NYBruckner Blvd10003'
-73.8371,40.8627,0,11,'NYLodovick Ave10003|NYLodovick Ave10003+NYLobovick Ave+10003|NYLobovick Ave10003'
-73.8371,40.7124,0,4,'NYRockrose Pl10003|NYRockrose Pl10003+NYMarkwood Rd+10003|NY78th Ave10003|NY78th Ave10003+NYMarkwood Rd+10003'
-73.8371,40.8413,0,3,'NYWellman Ave10003|NYWellman Ave10003+NYEricson Pl+10003'
-73.8371,40.6861,0,3,'NY101st Rd10003'
-73.8370,40.8407,1,9,'NYMaitland Ave10003|NYMaitland Ave10003+NYEricson Pl+10003'
-73.8370,40.7651,0,1,'NY34th Ave10003|NY34th Ave10003+NYCollege Point Blvd+10003'
-73.8370,40.7214,2,102,'NY113th St10003|NY113th St10003+NY72nd Rd+10003'
-73.8370,40.8420,0,11,'NYZulette Ave10003|NYZulette Ave10003+NYEricson Pl+10003'
-73.8370,40.8851,0,2,'NYMarolla Pl10003|NYMarolla Pl10003+NYMarolla Pl+10003'
-73.8370,40.9270,0,1,'NYFleetwood Ave10003'
-73.8370,40.9276,0,3,'NYCollins Ave10003'
-73.8370,40.6658,0,3,'NYHuron St10003|NYHuron St10003+NY155th Ave+10003'
-73.8370,40.8819,0,2,'NYUS Hwy 110002+NYPalmer Ave+10002|NYPalmer Ave10003|NYPalmer Ave10003+NYBoston Rd+10003'
-73.8370,40.6820,1,13,'NY104th St10003+NYLiberty Ave+10003'
-73.8370,40.8656,1,0,'NYLodovick Ave10003|NYLodovick Ave10003+NYE Gun Hill Rd+10003'
-73.8370,40.9459,0,3,'NYPark View Ave10003+NYHowe Pl+10003|NYHowe Pl10003'
-73.8370,40.7042,0,4,'NYPark Ln S10003+NY115th St+10003|NY115th St10003'
-73.8370,40.8163,8,21,'NYSchley Ave10003'
-73.8370,40.6688,0,1,'NYAlbert Rd10003+NYRaleigh St+10003|NYRaleigh St10003'
-73.8369,40.6868,0,1,'NY101st Ave10003+NY106th St+10003|NY106th St10003'
-73.8369,40.5775,0,8,'NYBeach 117th St10003'
-73.8369,40.6941,0,7,'NY110th St10003+NY91st Ave+10003|NY91st Ave10003'
-73.8369,40.7682,0,5,'NYHiggins St10003'
-73.8369,40.8801,0,7,'NYde Reimer Ave10003'
-73.8369,40.7693,0,2,'NYWhitestone Expy10003|NYWhitestone Expy10003+NY31st Ave+10003|NY31st Ave10003'
-73.8369,40.8434,1,11,'NYWestchester Ave10003+NYEricson Pl+10003|NYWestchester Ave10003+NYMiddletown Rd+10003|NYEricson Pl10003|NYEricson Pl10003+NYMiddletown Rd+10003|NYMiddletown Rd10003'
-73.8369,40.6631,0,4,'NY157th Ave10003+NYBridgeton St+10003|NY97th St10003+NYBridgeton St+10003|NYBridgeton St10003'
-73.8369,40.8385,0,8,'NYEdwards Ave10003+NYEllison Ave+10003|NYEllison Ave10003'
-73.8369,40.7368,1,1,'NYMeadow Lake Rd E10003+NYE Meadow Lake Brg+10003'
-73.8369,40.7183,14,72,'NYState Hwy 2510002+NY112th St+10002|NYState Hwy 2510002+NY75th Rd+10002|NY112th St10003|NY112th St10003+NYQueens Blvd+10003|NY112th St10003+NY75th Rd+10003|NYQueens Blvd10002+NY75th Rd+10002|NY75th Rd10003'
-73.8369,40.9408,0,6,'NYMilburn St10003+NYStone Pl+10003|NYStone Pl10003'
-73.8368,40.6760,0,2,'NYPeconic St10003+NYBoss St+10003|NYBoss St10003'
-73.8368,40.6838,0,2,'NY103rd Rd10003|NY103rd Rd10003+NY105th St+10003'
-73.8368,40.7142,0,30,'NYUnderwood Rd10003|NYUnderwood Rd10003+NYBurns St+10003'
-73.8368,40.8573,1,1,'NYPelham Pkwy N10003|NYPelham Pkwy N10003+NYStillwell Ave+10003'
-73.8368,40.6492,0,4,'NY165th Ave10003'
-73.8368,40.7405,3,1,'NYMeadow Lake Rd E10003'
-73.8368,40.6796,1,5,'NYRockaway Blvd10003+NY103rd St+10003|NY103rd St10003'
-73.8368,40.7710,1,2,'NYDowning St10003'
-73.8367,40.9282,0,1,'NYCollins Ave10003+NYE Birch St+10003'
-73.8367,40.7157,2,100,'NYAustin St10003+NY76th Rd+10003|NY76th Rd10003'
-73.8367,40.8382,0,5,'NYEllison Ave10003+NYLatting St+10003'
-73.8367,40.6544,0,1,'NY162nd Ave10003+NY95th St+10003'
-73.8367,40.7816,0,1,'NY132nd St10003|NY132nd St10003+NY20th Ave+10003'
-73.8367,40.8436,0,5,'NYHutchinson River Pkwy E10003|NYHutchinson River Pkwy E10003+NYWestchester Ave+10003'
-73.8367,40.8754,0,4,'NYEdson Ave10003+NYBurke Ave+10003'
-73.8367,40.7207,2,78,'NY113th St10003+NY72nd Dr+10003|NY72nd Dr10003'
-73.8367,40.6916,0,7,'NY109th St10003+NYAtlantic Ave+10003'
-73.8367,40.6638,0,11,'NY156th Ave10003+NY97th St+10003|NY97th St10003|NY97th St10003+NYBridgeton St+10003|NYBridgeton St10003|NYBridgeton St10003+NYBridgeton St+10003'
-73.8366,40.8735,0,1,'NYGrace Ave10003+NYHammersley Ave+10003'
-73.8366,40.7034,0,2,'NY115th St10003+NY84th Ave+10003'
-73.8366,40.7122,0,3,'NYUpshaw Rd10003|NYUpshaw Rd10003+NYMarkwood Rd+10003'
-73.8366,40.9464,0,1,'NYAmsterdam Ave10003|NYAmsterdam Ave10003+NYPark View Ave+10003'
-73.8366,40.8145,7,11,'NYHutchinson River Pkwy E10003'
-73.8366,40.8794,0,2,'NYde Reimer Ave10003+NYTillotson Ave+10003'
-73.8366,40.6702,0,2,'NYRaleigh St10003|NYRaleigh St10003+NYEckford Ave+10003'
-73.8366,40.8775,0,5,'NYBaychester Ave10003+NYGivan Ave+10003'
-73.8366,40.7432,6,3,'NYHorace Harding Expy10001|NYHorace Harding Expy10001+NYI 495+10001|NYHorace Harding Expy10001+NYLong Island Expy+10001'
-73.8366,40.8445,0,10,'NYLee St10003|NYLee St10003+NYHutchinson River Pkwy E+10003'
-73.8366,40.8714,0,6,'NYEly Ave10003+NYAdee Ave+10003'
-73.8366,40.8694,0,4,'NYArnow Ave10003+NYBruner Ave+10003'
-73.8365,40.8249,3,5,'NYI 67810001+NYLafayette Ave+10001|NYHutchinson River Pkwy10001+NYLafayette Ave+10001'
-73.8365,40.7017,0,37,'NY85th Ave10003+NY114th St+10003'
-73.8365,40.8383,0,5,'NYEdwards Ave10003+NYLatting St+10003'
-73.8365,40.7556,0,4,'NY40th Rd10003'
-73.8365,40.6832,0,5,'NY103rd Dr10003|NY103rd Dr10003+NY105th St+10003'
-73.8365,40.7068,1,24,'NYGrosvenor Rd10003+NY116th St+10003'
-73.8365,40.7428,6,0,'NYHor Harding Expressway Exit Eb10003'
-73.8365,40.8672,0,5,'NYBartow Ave10003+NYWickham Ave+10003'
-73.8365,40.8210,0,3,'NYSenger Pl10003'
-73.8365,40.7371,6,1,'NYVan Wyck Expy10001+NYE Meadow Lake Brg+10001'
-73.8365,40.7382,3,1,'NYVan Wyck Expy10001+NYVan Wyck Expressway Entrance Naval Base+10001|NYVan Wyck Expressway Entrance Naval Base10003'
-73.8364,40.9144,0,1,'NYE Sydney Ave10003|NYE Sydney Ave10003+NYE Sidney Ave+10003|NYE Sydney Ave10003+NYN 3rd Ave+10003|NYE Sidney Ave10003|NYE Sidney Ave10003+NYN 3rd Ave+10003'
-73.8364,40.8889,0,12,'NYSeton Ave10003+NYE 233rd St+10003'
-73.8364,40.7872,0,1,'NY132nd St10003'
-73.8364,40.8654,0,4,'NYGunther Ave10003|NYGunther Ave10003+NYE Gun Hill Rd+10003'
-73.8364,40.8285,0,2,'NYCross Bronx Expy10002'
-73.8364,40.6870,0,3,'NY101st Ave10003+NY107th St+10003|NY107th St10003'
-73.8364,40.7877,0,3,'NY132nd St10003'
-73.8364,40.6974,0,12,'NYJamaica Ave10003+NY112th St+10003'
-73.8364,40.8217,0,1,'NYRohr Pl10003'
-73.8364,40.8224,1,3,'NYWenner Pl10003'
-73.8364,40.6795,0,2,'NYRockaway Blvd10003+NY103rd St+10003|NY103rd St10003'
-73.8364,40.6724,2,4,'NY135th Dr10003'
-73.8363,40.6889,1,7,'NY97th Ave10003+NY108th St+10003'
-73.8363,40.7846,0,5,'NY132nd St10003+NY15th Ave+10003|NY15th Ave10003'
-73.8363,40.7785,1,2,'NYLinden Pl10003|NYLinden Pl10003+NY23rd Ave+10003|NY23rd Ave10003'
-73.8363,40.6749,0,2,'NYPeconic St10003|NYPeconic St10003+NYLinden Blvd+10003|NYPeconic St10003+NYCentreville St+10003|NYPeconic St10003+NYCenterville St+10003|NYLinden Blvd10003|NYLinden Blvd10003+NYCentreville St+10003|NYLinden Blvd10003+NYCenterville St+10003|NYCentreville St10003|NYCenterville St10003'
-73.8363,40.6807,0,6,'NY107th Ave10003|NY107th Ave10003+NY104th St+10003'
-73.8363,40.9387,0,1,'NYde Witt Ave10003+NYPaxton Ave+10003'
-73.8363,40.7863,0,1,'NY132nd St10003|NY132nd St10003+NY14th Ave+10003'
-73.8363,40.9121,0,1,'NYS 3rd Ave10003|NYS 3rd Ave10003+NYN 3rd Ave+10003|NYN 3rd Ave10003'
-73.8363,40.6528,0,3,'NY163rd Ave10003+NY95th St+10003'
-73.8363,40.8156,2,3,'NYHutchinson River Pkwy E10003|NYHutchinson River Pkwy E10003+NYI 678+10003|NYHutchinson River Pkwy E10003+NYHutchinson River Pkwy+10003'
-73.8363,40.6992,0,1,'NY113th St10003|NY113th St10003+NY86th Ave+10003'
-73.8363,40.6770,0,1,'NYBoss St10003'
-73.8363,40.8575,0,1,'NYGunther Ave10003|NYGunther Ave10003+NYStillwell Ave+10003'
-73.8363,40.8392,0,3,'NYE Tremont Ave10003+NYDudley Ave+10003|NYDudley Ave10003'
-73.8363,40.5801,0,2,'NYRockaway Beach Blvd10003+NYBeach 115th St+10003|NYBeach 115th St10003'
-73.8363,40.7688,0,1,'NYDowning St10003|NYDowning St10003+NYWhitestone Expy+10003|NYWhitestone Expy10003'
-73.8362,40.6682,0,1,'NYAlbert Rd10003+NYHuron St+10003'
-73.8362,40.9014,0,1,'NYS 7th Ave10003+NYW 5th St+10003'
-73.8362,40.8824,0,2,'NYUS Hwy 110002+NYBoller Ave+10002|NYBoller Ave10003|NYBoller Ave10003+NYBoston Rd+10003'
-73.8362,40.7060,0,29,'NYMayfair Rd10003'
-73.8362,40.6562,0,5,'NY161st Ave10003+NY96th St+10003'
-73.8362,40.7051,0,24,'NY83rd Dr10003|NY83rd Dr10003+NYCurzon Rd+10003|NYCurzon Rd10003'
-73.8362,40.8458,0,7,'NYRoberts Ave10003|NYRoberts Ave10003+NYHutchinson River Pkwy E+10003'
-73.8362,40.9066,0,1,'NYS 5th Ave10003+NYW 3rd St+10003'
-73.8362,40.7076,3,88,'NY116th St10003|NY116th St10003+NYAudley St+10003|NY116th St10003+NYMetropolitan Ave+10003|NYAudley St10003|NYAudley St10003+NYMetropolitan Ave+10003'
-73.8362,40.8459,0,4,'NYHutchinson River Pkwy E10003+NYLibby Pl+10003|NYLibby Pl10003'
-73.8362,40.6731,14,171,'NYPitkin Ave10003'
-73.8362,40.7433,0,1,'NYHorace Harding Expy10001|NYHorace Harding Expy10001+NYI 495+10001|NYHorace Harding Expy10001+NYLong Island Expy+10001'
-73.8362,40.6824,0,10,'NY105th St10003+NYLiberty Ave+10003'
-73.8361,40.8932,0,3,'NYNuvern Ave10003|NYNuvern Ave10003+NYDuryea Ave+10003'
-73.8361,40.7685,1,0,'NYDowning St10003+NY31st Rd+10003|NY31st Rd10003'
-73.8361,40.7152,0,17,'NY76th Dr10003|NY76th Dr10003+NYAustin St+10003'
-73.8361,40.7118,0,8,'NYPark Ln10003|NYPark Ln10003+NYUnion Tpke+10003|NYPark Ln10003+NYMarkwood Rd+10003|NYUnion Tpke10003+NYMarkwood Rd+10003|NYMarkwood Rd10003'
-73.8361,40.7385,4,1,'NYE Meadow Lake Brg10003'
-73.8361,40.7049,0,21,'NY116th St10003+NYCurzon Rd+10003|NYCurzon Rd10003'
-73.8361,40.6871,0,6,'NY101st Ave10003+NY107th St+10003|NY107th St10003'
-73.8361,40.6656,2,16,'NYBridgeton St10003|NYBridgeton St10003+NY155th Ave+10003'
-73.8361,40.6840,0,10,'NY103rd Rd10003|NY103rd Rd10003+NY105th Pl+10003|NY105th Pl10003'
-73.8361,40.8472,0,4,'NYHutchinson River Pkwy E10003+NYBuhre Ave+10003|NYBuhre Ave10003'
-73.8360,40.7117,0,6,'NYPark Ln10003+NYInterborough Pkwy+10003'
-73.8360,40.9505,0,1,'NYChippewa Rd10003'
-73.8360,40.7194,1,213,'NY113th St10003+NY75th Ave+10003'
-73.8360,40.7520,1,2,'NYAvery Ave10003|NYAvery Ave10003+NY131st St+10003|NY131st St10003'
-73.8360,40.6944,0,6,'NY111th St10003+NY91st Ave+10003'
-73.8360,40.7266,0,1,'NYJewell Ave10003|NYJewell Ave10003+NYJewell Ave+10003'
-73.8360,40.8836,0,3,'NYPratt Ave10003'
-73.8360,40.7217,3,121,'NYPedestrian Opas10003|NYPedestrian Opas10003+NYGrand Central Pkwy+10003|NYPedestrian Opas10003+NY113th Pl+10003|NYPedestrian Opas10003+NYGrnd Cntrl Parkway Entrance Eb+10003|NYPedestrian Opas10003+NY72nd Rd+10003|NYGrand Central Pkwy10003|NYGrand Central Pkwy10003+NY113th Pl+10003|NYGrand Central Pkwy10003+NYGrnd Cntrl Parkway Entrance Eb+10003|NYGrand Central Pkwy10003+NY72nd Rd+10003|NY113th Pl10003|NY113th Pl10003+NYGrnd Cntrl Parkway Entrance Eb+10003|NY113th Pl10003+NY113th Pl+10003|NY113th Pl10003+NY72nd Rd+10003|NYGrnd Cntrl Parkway Entrance Eb10003|NYGrnd Cntrl Parkway Entrance Eb10003+NY113th Pl+10003|NYGrnd Cntrl Parkway Entrance Eb10003+NY72nd Rd+10003|NY72nd Rd10003'
-73.8360,40.9438,0,3,'NYSouthgate10003'
-73.8360,40.6848,0,3,'NY106th St10003+NY103rd Ave+10003'
-73.8359,40.7437,1,0,'NYCollege Point Blvd10003+NYHorace Harding Blvd+10003|NYCollege Point Blvd10003+NYHorace Harding Expy+10003|NYHorace Harding Blvd10003|NYHorace Harding Blvd10003+NYRodman St+10003|NYHorace Harding Blvd10003+NYGrnd Cntrl Parkway Entrance Wb+10003|NYRodman St10003+NYHorace Harding Expy+10003|NYHorace Harding Expy10003|NYHorace Harding Expy10003+NYGrnd Cntrl Parkway Entrance Wb+10003|NYGrnd Cntrl Parkway Entrance Wb10003'
-73.8359,40.9386,0,2,'NYPaxton Ave10003|NYPaxton Ave10003+NYParkway Rd+10003'
-73.8359,40.8484,0,5,'NYLaurie Ave10003|NYLaurie Ave10003+NYHutchinson River Pkwy E+10003'
-73.8359,40.7005,0,5,'NYMyrtle Ave10003+NY114th St+10003'
-73.8359,40.8847,0,4,'NYMarolla Pl10003+NYPratt Ave+10003'
-73.8359,40.8651,1,1,'NYAllerton Ave10003|NYAllerton Ave10003+NYE Gun Hill Rd+10003'
-73.8359,40.7433,0,1,'NYCollege Point Blvd10003|NYCollege Point Blvd10003+NYCollege Point Blvd+10003|NYCollege Point Blvd10003+NYI 495+10003|NYCollege Point Blvd10003+NYLong Island Expy+10003|NYCollege Point Blvd10003+NYRodman St+10003|NYRodman St10003|NYRodman St10003+NYI 495+10003|NYRodman St10003+NYLong Island Expy+10003'
-73.8359,40.7116,0,28,'NYUnion Tpke10003+NYPark Ln+10003'
-73.8359,40.6632,0,24,'NYCohancy St10003|NYCohancy St10003+NY157th Ave+10003|NYCohancy St10003+NY98th St+10003|NY157th Ave10003+NY98th St+10003|NY98th St10003'
-73.8359,40.9392,0,1,'NYde Witt Ave10003|NYde Witt Ave10003+NYParkway Rd+10003'
-73.8359,40.6511,0,2,'NY95th St10003+NY164th Ave+10003'
-73.8359,40.7431,0,1,'NYHor Harding Expressway Exit Eb10003|NYHor Harding Expressway Exit Eb10003+NYHorace Harding Expy+10003|NYHor Harding Expressway Exit Eb10003+NYCollege Point Blvd+10003|NYHor Harding Expressway Exit Eb10003+NYHorace Harding Blvd+10003|NYHorace Harding Expy10003|NYHorace Harding Expy10003+NYCollege Point Blvd+10003|NYCollege Point Blvd10003|NYCollege Point Blvd10003+NYHorace Harding Blvd+10003|NYHorace Harding Blvd10003'
-73.8359,40.8283,0,1,'NYBruckner Blvd10003+NYSt Josephs Way+10003|NYSt Josephs Way10003'
-73.8359,40.9279,0,1,'NYHayward Ave10003+NYE Birch St+10003'
-73.8359,40.6669,0,2,'NYSouthern Parkway Exit Wb10003|NYSouthern Parkway Exit Wb10003+NYSouthern Pkwy+10003'
-73.8359,40.9424,0,1,'NYPondfield Rd W10003+NYSouthgate+10003|NYSouthgate10003'
-73.8359,40.8662,0,1,'NYWickham Ave10003'
-73.8358,40.7442,0,4,'NYCollege Point Blvd10003+NY60th Ave+10003|NYRodman St10003+NY60th Ave+10003|NY60th Ave10003'
-73.8358,40.7177,9,126,'NYState Hwy 2510002+NY76th Ave+10002|NY76th Ave10003|NY76th Ave10003+NYQueens Blvd+10003'
-73.8358,40.8435,0,9,'NYMulford Ave10003|NYMulford Ave10003+NYMiddletown Rd+10003'
-73.8358,40.8760,1,0,'NYBaychester Ave10003+NYE 222nd St+10003|NYE 222nd St10003'
-73.8358,40.8497,0,4,'NYHutchinson River Pkwy E10003+NYSaint Theresa Ave+10003|NYSaint Theresa Ave10003'
-73.8358,40.6546,0,6,'NY162nd Ave10003+NY96th St+10003'
-73.8358,40.7020,0,1,'NYBessemer St10003+NY115th St+10003'
-73.8358,40.6919,0,10,'NY110th St10003+NYAtlantic Ave+10003'
-73.8358,40.7508,0,2,'NYAve of Research10003'
-73.8358,40.9259,0,2,'NYBroad St W10003|NYBroad St W10003+NYBroad St E+10003|NYBroad St W10003+NYGramatan Ave+10003|NYBroad St E10003|NYBroad St E10003+NYGramatan Ave+10003'
-73.8358,40.8716,0,4,'NYGrace Ave10003+NYAdee Ave+10003'
-73.8358,40.6834,0,2,'NY103rd Dr10003|NY103rd Dr10003+NY105th Pl+10003|NY105th Pl10003'
-73.8358,40.9409,0,7,'NYMilburn St10003|NYMilburn St10003+NYStation Plz+10003|NYMilburn St10003+NYParkway Rd+10003|NYStation Plz10003|NYStation Plz10003+NYParkway Rd+10003'
-73.8357,40.6697,0,3,'NYHawtree St10003|NYHawtree St10003+NYEckford Ave+10003|NYHawtree St10003+NYHuron St+10003|NYEckford Ave10003|NYEckford Ave10003+NYHuron St+10003|NYHuron St10003'
-73.8357,40.8696,0,6,'NYEly Ave10003+NYArnow Ave+10003'
-73.8357,40.8797,0,3,'NYTillotson Ave10003+NYPalmer Ave+10003|NYPalmer Ave10003'
-73.8357,40.8387,1,6,'NYE Tremont Ave10003+NYLatting St+10003|NYE Tremont Ave10003+NYHarrington Ave+10003|NYLatting St10003|NYLatting St10003+NYHarrington Ave+10003|NYHarrington Ave10003'
-73.8357,40.7375,1,1,'NYE Meadow Lake Brg10003+NYVan Wyck Expressway Entrance Naval Base+10003|NYVan Wyck Expressway Entrance Naval Base10003'
-73.8357,40.8758,0,1,'NYBaychester Ave10003|NYBaychester Ave10003+NYBurke Ave+10003|NYBaychester Ave10003+NYHammersley Ave+10003|NYBurke Ave10003|NYBurke Ave10003+NYHammersley Ave+10003|NYHammersley Ave10003'
-73.8357,40.7693,1,3,'NYWhitestone Expy10003|NYWhitestone Expy10003+NYUlmer St+10003|NYUlmer St10003'
-73.8357,40.7449,0,5,'NYCollege Point Blvd10003|NYCollege Point Blvd10003+NYCollege Point Blvd+10003|NYCollege Point Blvd10003+NYRodman St+10003|NYCollege Point Blvd10003+NY59th Ave+10003|NYRodman St10003|NYRodman St10003+NYCollege Point Blvd+10003|NYRodman St10003+NYRodman St+10003|NYRodman St10003+NY59th Ave+10003|NY59th Ave10003|NY59th Ave10003+NYCollege Point Blvd+10003'
-73.8357,40.8279,0,1,'NYSt Josephs Way10003|NYSt Josephs Way10003+NYCross Bronx Expy+10003'
-73.8357,40.6793,0,7,'NYRockaway Blvd10003+NY104th St+10003|NY104th St10003'
-73.8356,40.6978,0,5,'NYJamaica Ave10003+NY113th St+10003|NY113th St10003'
-73.8356,40.8284,1,4,'NYBruckner Blvd10003'
-73.8356,40.9204,0,1,'NYWallace Ave10003+NYWestchester Ave+10003'
-73.8356,40.8444,0,8,'NYLee St10003|NYLee St10003+NYMulford Ave+10003|NYLee St10003+NYWestchester Ave+10003|NYMulford Ave10003+NYWestchester Ave+10003'
-73.8356,40.7219,9,9,'NYPedestrian Opas10003|NYPedestrian Opas10003+NYFoot Branch+10003|NYPedestrian Opas10003+NYGrand Central Pkwy+10003|NYFoot Branch10003|NYFoot Branch10003+NYGrand Central Pkwy+10003|NYGrand Central Pkwy10002|NYGrand Central Pkwy10002+NYGrand Central Pkwy+10002'
-73.8356,40.8520,0,2,'NYHutchinson River Pkwy E10003+NYWilkinson Ave+10003|NYWilkinson Ave10003'
-73.8356,40.7073,3,83,'NYGrosvenor Rd10003|NYGrosvenor Rd10003+NYMetropolitan Ave+10003'
-73.8355,40.8891,0,2,'NYAmundson Ave10003+NYE 233rd St+10003'
-73.8355,40.7514,1,0,'NYFowler Ave10003|NYFowler Ave10003+NY131st St+10003|NY131st St10003'
-73.8355,40.8361,0,3,'NYWaterbury Ave10003+NYEllison Ave+10003|NYEllison Ave10003'
-73.8355,40.7020,0,2,'NYBessemer St10003+NY85th Ave+10003'
-73.8355,40.6872,0,5,'NY101st Ave10003+NY108th St+10003|NY108th St10003'
-73.8355,40.7147,0,100,'NY77th Ave10003|NY77th Ave10003+NYAustin St+10003'
-73.8355,40.6676,1,1,'NY99th Pl10003+NYAlbert Rd+10003'
-73.8355,40.6775,0,2,'NY103rd St10003'
-73.8355,40.7037,2,28,'NY116th St10003+NY84th Ave+10003'
-73.8355,40.7130,0,23,'NYBurns St10003+NYUpshaw Rd+10003|NYUpshaw Rd10003'
-73.8355,40.7669,0,1,'NYDowning St10003+NY32nd Ave+10003'
-73.8355,40.6494,0,1,'NY165th Ave10003+NY95th St+10003|NY95th St10003'
-73.8355,40.6892,0,7,'NY97th Ave10003|NY97th Ave10003+NY109th St+10003'
-73.8354,40.8303,0,1,'NYGraff Ave10003|NYGraff Ave10003+NYBruckner Blvd+10003'
-73.8354,40.7455,0,16,'NYCollege Point Blvd10003+NY58th Rd+10003|NY58th Rd10003|NY58th Rd10003+NYRodman St+10003'
-73.8354,40.7432,0,2,'NYHor Harding Expressway en Eb10003'
-73.8354,40.6809,1,2,'NY105th St10003+NY107th Ave+10003'
-73.8354,40.6995,0,3,'NY86th Ave10003+NY114th St+10003'
-73.8354,40.8407,0,9,'NYMaitland Ave10003+NYWilliam Pl+10003|NYWilliam Pl10003'
-73.8354,40.5803,1,1,'NYRockaway Beach Blvd10003+NYBeach 114th St+10003|NYBeach 114th St10003'
-73.8354,40.7621,0,1,'NYCollege Point Blvd10003+NY36th Ave+10003|NY36th Ave10003'
-73.8354,40.9268,0,2,'NYCentre St10003|NYCentre St10003+NYGramatan Ave+10003'
-73.8354,40.6529,0,4,'NY163rd Ave10003+NY96th St+10003'
-73.8354,40.6828,0,7,'NY106th St10003|NY106th St10003+NYLiberty Ave+10003'
-73.8354,40.7687,1,1,'NY31st Rd10003+NYUlmer St+10003'
-73.8354,40.7588,1,0,'NY39th Ave10003|NY39th Ave10003+NYJanet Pl+10003|NYJanet Pl10003'
-73.8353,40.8578,0,1,'NYWickham Ave10003|NYWickham Ave10003+NYStillwell Ave+10003'
-73.8353,40.7704,6,9,'NYUlmer St10003'
-73.8353,40.9438,0,1,'NYLake Ave10003'
-73.8353,40.7554,0,8,'NY41st Ave10003+NYFuller Pl+10003|NYFuller Pl10003'
-73.8353,40.8457,0,6,'NYRoberts Ave10003|NYRoberts Ave10003+NYMulford Ave+10003'
-73.8352,40.6873,0,4,'NY101st Ave10003+NY108th St+10003|NY108th St10003'
-73.8352,40.7220,10,2,'NYFoot Branch10003'
-73.8352,40.7050,0,25,'NY117th St10003|NY117th St10003+NYCurzon Rd+10003'
-73.8352,40.7660,1,0,'NYDowning St10003+NY33rd Ave+10003|NY33rd Ave10003'
-73.8352,40.8932,0,2,'NYBell Ave10003|NYBell Ave10003+NYBell Ave+10003'
-73.8352,40.7610,0,3,'NY36th Rd10003|NY36th Rd10003+NYCollege Point Blvd+10003'
-73.8352,40.8626,0,3,'NYWickham Ave10003'
-73.8352,40.8471,1,32,'NYMulford Ave10003+NYLibby Pl+10003|NYLibby Pl10003'
-73.8352,40.7581,0,12,'NYJanet Pl10003|NYJanet Pl10003+NYRoosevelt Ave+10003'
-73.8352,40.6906,0,6,'NY110th St10003+NY95th Ave+10003'
-73.8351,40.7657,104,106,'NYDowning St10003|NYDowning St10003+NY34th Ave+10003|NY34th Ave10003'
-73.8351,40.9418,0,1,'NYPondfield Rd W10003|NYPondfield Rd W10003+NYStation Plz+10003|NYStation Plz10003'
-73.8351,40.6851,0,1,'NY107th St10003+NY103rd Ave+10003'
-73.8351,40.9317,0,1,'NYCollins Ave10003'
-73.8351,40.7462,0,3,'NYCollege Point Blvd10003+NY58th Ave+10003|NY58th Ave10003|NY58th Ave10003+NYRodman St+10003'
-73.8351,40.7637,0,1,'NY35th Ave10003+NYCollins Pl+10003'
-73.8351,40.7196,2,116,'NYGrand Central Pkwy10003+NY75th Ave+10003|NY113th Pl10003+NY75th Ave+10003|NY75th Ave10003'
-73.8351,40.6830,0,1,'NY106th St10003|NY106th St10003+NYLiberty Ave+10003'
-73.8350,40.6947,0,7,'NY112th St10003+NY91st Ave+10003'
-73.8350,40.8484,0,8,'NYLaurie Ave10003|NYLaurie Ave10003+NYMulford Ave+10003'
-73.8350,40.6659,0,4,'NYCohancy St10003+NYState Rte 27+10003|NYCohancy St10003+NYS Conduit Ave+10003'
-73.8350,40.8381,0,7,'NYE Tremont Ave10003+NYCoddington Ave+10003|NYCoddington Ave10003'
-73.8350,40.9276,0,1,'NYGramatan Ave10003+NYE Birch St+10003'
-73.8350,40.9515,0,1,'NYWinnebago Rd10003+NYShawnee Ave+10003'
-73.8350,40.8398,0,6,'NYDudley Ave10003+NYWilliam Pl+10003|NYWilliam Pl10003'
-73.8350,40.7484,0,1,'NYAve of Discovery10003|NYAve of Discovery10003+NYBotanical Grdn Brg+10003|NYBotanical Grdn Brg10003'
-73.8350,40.6903,0,3,'NY110th St10003+NY95th Ave+10003|NY95th Ave10003'
-73.8350,40.7071,0,160,'NYMetropolitan Ave10003+NY118th St+10003|NYMetropolitan Ave10003+NY83rd Ave+10003|NY118th St10003|NY118th St10003+NY83rd Ave+10003|NY83rd Ave10003'
-73.8350,40.6693,0,8,'NYCohancy St10003|NYCohancy St10003+NY99th Pl+10003|NYCohancy St10003+NYHawtree St+10003|NY99th Pl10003|NY99th Pl10003+NYHawtree St+10003|NYHawtree St10003'
-73.8350,40.9432,0,1,'NYStudio Arc10003'
-73.8350,40.7544,0,12,'NYFuller Pl10003+NYSanford Ave+10003'
-73.8350,40.7172,48,132,'NYState Hwy 2510002+NY76th Rd+10002|NYQueens Blvd10002+NY76th Rd+10002'
-73.8350,40.6672,0,3,'NYState Hwy 2710002+NYAlbert Rd+10002|NYAlbert Rd10003|NYAlbert Rd10003+NYN Conduit Ave+10003'
-73.8349,40.7122,0,40,'NYUnion Tpke10003+NYGrenfell St+10003|NYGrenfell St10003'
-73.8349,40.7125,0,74,'NYBurns St10003|NYBurns St10003+NYUnion Tpke+10003'
-73.8349,40.7603,0,10,'NY37th Ave10003|NY37th Ave10003+NYCollege Point Blvd+10003|NYCongressman Rosenthal Pl10003|NYCongressman Rosenthal Pl10003+NYCollege Point Blvd+10003'
-73.8349,40.8719,0,8,'NYEdson Ave10003+NYAdee Ave+10003|NYAdee Ave10003'
-73.8349,40.8496,0,11,'NYMulford Ave10003+NYSaint Theresa Ave+10003'
-73.8349,40.7700,2,3,'NYStratton St10003'
-73.8349,40.7630,0,2,'NYState Hwy 25 Alt10002+NYCollins Pl+10002|NYNorthern Blvd10002+NYCollins Pl+10002|NYCollins Pl10003'
-73.8349,40.9145,0,4,'NYCrary Ave10003|NYCrary Ave10003+NYE Sidney Ave+10003'
-73.8349,40.7107,1,1,'NYPark Ln10003+NY80th Rd+10003|NY80th Rd10003'
-73.8349,40.7141,0,54,'NYAustin St10003+NY77th Rd+10003|NY77th Rd10003'
-73.8349,40.7003,1,5,'NYMyrtle Ave10003+NY115th St+10003'
-73.8349,40.6665,2,3,'NYSouthern Pkwy10003|NYSouthern Pkwy10003+NYSouthern Pkwy+10003'
-73.8348,40.8845,0,1,'NYHarper Ct10003'
-73.8348,40.6983,0,13,'NYJamaica Ave10003+NY114th St+10003'
-73.8348,40.7540,3,2,'NYFuller Pl10003|NYFuller Pl10003+NYMaple Ave+10003'
-73.8348,40.8699,0,1,'NYArnow Ave10003|NYArnow Ave10003+NYGrace Ave+10003'
-73.8348,40.8781,1,5,'NYGivan Ave10003+NYPalmer Ave+10003'
-73.8348,40.8678,1,0,'NYBartow Ave10003+NYEly Ave+10003'
-73.8348,40.7096,0,10,'NYPark Ln S10003+NYAbingdon Rd+10003|NYAbingdon Rd10003'
-73.8348,40.7021,0,1,'NY116th St10003+NY85th Ave+10003'
-73.8348,40.9384,0,2,'NYCedar St10003'
-73.8348,40.8871,0,3,'NYAmundson Ave10003|NYAmundson Ave10003+NYConner St+10003|NYAmundson Ave10003+NYPratt Ave+10003|NYConner St10003|NYConner St10003+NYPratt Ave+10003'
-73.8348,40.7436,1,0,'NYHor Harding Expressway Exit Wb10003'
-73.8348,40.7039,0,1,'NY117th St10003|NY117th St10003+NY84th Ave+10003'
-73.8347,40.8435,0,3,'NYMayflower Ave10003+NYMiddletown Rd+10003'
-73.8347,40.8428,0,9,'NYRoebling Ave10003+NYMayflower Ave+10003'
-73.8347,40.6779,0,6,'NYCentreville St10003+NYRosita Rd+10003|NYCentreville St10003+NYRosita Pl+10003|NYRosita Rd10003|NYRosita Rd10003+NYCenterville St+10003|NYRosita Rd10003+NYRosita Pl+10003|NYCenterville St10003+NYRosita Pl+10003|NYRosita Pl10003'
-73.8347,40.8364,0,1,'NYWaterbury Ave10003+NYEdwards Ave+10003|NYEdwards Ave10003'
-73.8347,40.6763,0,1,'NY105th St10003'
-73.8347,40.7469,2,8,'NY57th Rd10003|NY57th Rd10003+NYCollege Point Blvd+10003|NY57th Rd10003+NYRodman St+10003'
-73.8347,40.8919,0,1,'NYStrang Ave10003+NYBell Ave+10003'
-73.8347,40.6959,0,17,'NY113th St10003+NY89th Ave+10003|NY89th Ave10003'
-73.8347,40.8414,1,13,'NYWellman Ave10003+NYMayflower Ave+10003'
-73.8347,40.7485,0,2,'NYVan Wyck Expy10001+NYBotanical Grdn Brg+10001'
-73.8347,40.9416,0,2,'NYDepot Plz10003|NYDepot Plz10003+NYSagamore Rd+10003|NYDepot Plz10003+NYPondfield Rd+10003|NYSagamore Rd10003|NYSagamore Rd10003+NYPondfield Rd+10003'
-73.8347,40.8543,0,1,'NYHutchinson River Pkwy E10003|NYHutchinson River Pkwy E10003+NYHutchinson River Pkwy+10003'
-73.8347,40.8407,0,1,'NYMaitland Ave10003'
-73.8347,40.9397,0,9,'NYPark Pl10003|NYPark Pl10003+NYKraft Ave+10003'
-73.8346,40.6671,2,10,'NYCohancy St10003+NYState Hwy 27+10003|NYCohancy St10003+NYN Conduit Ave+10003'
-73.8346,40.6875,0,3,'NY101st Ave10003+NY109th St+10003|NY109th St10003'
-73.8346,40.8658,0,1,'NYAllerton Ave10003|NYAllerton Ave10003+NYBruner Ave+10003'
-73.8346,40.8538,0,3,'NYHutchinson River Pkwy E10003|NYHutchinson River Pkwy E10003+NYHutchinson River Pkwy E+10003'
-73.8346,40.6634,0,9,'NY156th Ave10003|NY156th Ave10003+NY157th Ave+10003'
-73.8346,40.6938,0,2,'NY112th St10003+NY92nd Ave+10003|NY92nd Ave10003'
-73.8346,40.7039,0,3,'NY117th St10003|NY117th St10003+NY84th Ave+10003'
-73.8346,40.7671,1,1,'NY32nd Ave10003+NYBirds Aly+10003|NYBirds Aly10003'
-73.8346,40.6833,0,3,'NY107th St10003|NY107th St10003+NYLiberty Ave+10003'
-73.8346,40.5829,0,1,'NYBeach Channel Dr10003+NYWainwright Ct+10003|NYWainwright Ct10003'
-73.8346,40.7862,0,8,'NY14th Ave10003+NY133rd Pl+10003'
-73.8346,40.6495,0,2,'NY165th Ave10003+NY96th St+10003|NY96th St10003'
-73.8346,40.8453,0,6,'NYWestchester Ave10003+NYMayflower Ave+10003|NYMayflower Ave10003'
-73.8345,40.6812,0,2,'NY106th St10003+NY107th Ave+10003'
-73.8345,40.6997,0,3,'NY86th Ave10003|NY86th Ave10003+NY115th St+10003'
-73.8345,40.8837,0,1,'NYUS Hwy 110002+NYNeedham Ave+10002|NYBoston Rd10002+NYNeedham Ave+10002|NYNeedham Ave10003'
-73.8345,40.9076,0,1,'NYS 3rd Ave10003'
-73.8345,40.8775,0,1,'NYCurtiss Ave10003|NYCurtiss Ave10003+NYPalmer Ave+10003|NYPalmer Ave10003'
-73.8345,40.6648,0,12,'NY99th St10003+NY100th St+10003|NY100th St10003'
-73.8345,40.7590,1,6,'NY39th Ave10003+NYCollege Point Blvd+10003'
-73.8345,40.8376,1,3,'NYE Tremont Ave10003+NYLasalle Ave+10003|NYLasalle Ave10003'
-73.8345,40.8564,0,1,'NYBronx and Pelham Pkwy N10003'
-73.8345,40.7558,0,4,'NYHaight St10003|NYHaight St10003+NY41st Ave+10003'
-73.8345,40.6789,0,7,'NYRockaway Blvd10003+NY105th St+10003|NY105th St10003'
-73.8345,40.7689,1,1,'NY31st Rd10003+NYStratton St+10003|NYStratton St10003'
-73.8345,40.7312,17,5,'NYI 67810001+NYPark Dr E+10001|NYVan Wyck Expy10001+NYPark Dr E+10001|NYPark Dr E10003'
-73.8345,40.8855,0,2,'NYHarper Ct10003'
-73.8344,40.9496,0,1,'NYTuckahoe Rd10003+NYPark View Ave+10003'
-73.8344,40.9409,0,1,'NYDepot Plz10003'
-73.8344,40.8880,0,2,'NYLight St10003'
-73.8344,40.6876,0,6,'NY101st Ave10003+NY109th St+10003|NY109th St10003'
-73.8344,40.7014,0,1,'NYBessemer St10003+NY116th St+10003|NY116th St10003'
-73.8344,40.7155,0,44,'NY77th Ave10003+NYKew Forest Ln+10003|NYKew Forest Ln10003'
-73.8344,40.7626,1,3,'NYState Hwy 25 Alt10002+NYKing Rd+10002|NYNorthern Blvd10002+NYKing Rd+10002|NYKing Rd10003'
-73.8344,40.8582,0,1,'NYDelanoy Ave10003|NYDelanoy Ave10003+NYStillwell Ave+10003'
-73.8344,40.6565,0,2,'NY161st Ave10003+NY98th St+10003'
-73.8344,40.7289,1,1,'NYMeadow Lake Rd E10003|NYMeadow Lake Rd E10003+NYMeadow Lake Brg+10003|NYMeadow Lake Brg10003'
-73.8343,40.8839,0,3,'NYMarolla Pl10003|NYMarolla Pl10003+NYUS Hwy 1+10003|NYMarolla Pl10003+NYBoston Rd+10003|NYUS Hwy 110002+NYEden Ter+10002|NYBoston Rd10002+NYEden Ter+10002|NYEden Ter10003'
-73.8343,40.8309,0,2,'NYBalcom Ave10003+NYGifford Ave+10003|NYGifford Ave10003'
-73.8343,40.6653,0,1,'NY99th St10003|NY99th St10003+NY155th Ave+10003'
-73.8343,40.8991,0,1,'NYW Sandford Blvd10003+NYS 6th Ave+10003'
-73.8343,40.7877,0,2,'NY133rd Pl10003'
-73.8343,40.7583,7,63,'NYCollege Point Blvd10003+NYRoosevelt Ave+10003'
-73.8343,40.6834,0,5,'NY107th St10003|NY107th St10003+NYLiberty Ave+10003'
-73.8343,40.6931,1,11,'NY112th St10003+NY93rd Ave+10003|NY93rd Ave10003'
-73.8343,40.6853,0,4,'NY108th St10003+NY103rd Ave+10003'
-73.8343,40.6787,0,1,'NYPlattwood Ave10003|NYPlattwood Ave10003+NYCentreville St+10003|NYPlattwood Ave10003+NYCenterville St+10003'
-73.8343,40.9421,0,3,'NYKensington Rd10003|NYKensington Rd10003+NYSagamore Rd+10003'
-73.8342,40.8626,0,2,'NYDelanoy Ave10003'
-73.8342,40.7137,0,24,'NYAustin St10003+NY78th Ave+10003|NY78th Ave10003'
-73.8342,40.9375,1,0,'NYMeadow Ave10003'
-73.8342,40.7166,4,48,'NYState Hwy 2510002+NY76th Dr+10002|NY76th Dr10003|NY76th Dr10003+NYQueens Blvd+10003'
-73.8342,40.9294,0,1,'NYGramatan Ave10003+NYE Devonia Ave+10003|NYGramatan Ave10003+NYW Devonia Ave+10003|NYE Devonia Ave10003|NYE Devonia Ave10003+NYW Devonia Ave+10003|NYW Devonia Ave10003'
-73.8342,40.9692,0,1,'NYRosedale Rd10003'
-73.8342,40.9507,0,1,'NYShawnee Ave10003+NYCherokee Rd+10003'
-73.8342,40.6949,0,1,'NY113th St10003+NY91st Ave+10003|NY91st Ave10003'
-73.8342,40.7052,2,95,'NY118th St10003+NYCurzon Rd+10003|NYCurzon Rd10003'
-73.8342,40.8455,0,17,'NYMayflower Ave10003|NYMayflower Ave10003+NYWestchester Ave+10003|NYMayflower Ave10003+NYRoberts Ave+10003|NYWestchester Ave10003+NYRoberts Ave+10003|NYRoberts Ave10003'
-73.8342,40.7705,2,12,'NYFarrington St10003'
-73.8342,40.6789,1,0,'NYRockaway Blvd10003+NYCentreville St+10003|NYRockaway Blvd10003+NYCenterville St+10003|NYCentreville St10003|NYCenterville St10003'
-73.8342,40.7087,0,9,'NYAudley St10003+NYAbingdon Rd+10003'
-73.8342,40.8906,0,2,'NYBell Ave10003|NYBell Ave10003+NYPratt Ave+10003'
-73.8341,40.9413,0,1,'NYKraft Ave10003|NYKraft Ave10003+NYPondfield Rd+10003'
-73.8341,40.7474,1,15,'NYRodman St10003|NYRodman St10003+NYRodman St+10003'
-73.8341,40.7202,26,10,'NYGrnd Cntrl Parkway Entrance Eb10003'
-73.8341,40.6789,0,2,'NYRockaway Blvd10003+NY109th Ave+10003|NY109th Ave10003'
-73.8341,40.7099,0,13,'NYPark Ln10003|NYPark Ln10003+NYPark Ln S+10003|NYPark Ln10003+NYBeverly Rd+10003|NYPark Ln10003+NYOnslow Pl+10003|NYPark Ln S10003|NYPark Ln S10003+NYBeverly Rd+10003|NYPark Ln S10003+NYOnslow Pl+10003|NYBeverly Rd10003|NYBeverly Rd10003+NYOnslow Pl+10003|NYOnslow Pl10003'
-73.8341,40.7178,5,117,'NY113th St10003+NY76th Rd+10003'
-73.8341,40.9446,0,4,'NYKensington Rd10003+NYKensington Ter+10003|NYKensington Ter10003'
-73.8341,40.7545,0,2,'NYHaight St10003+NYSanford Ave+10003'
-73.8341,40.7622,0,2,'NYBud Pl10003|NYBud Pl10003+NY36th Ave+10003'
-73.8341,40.6987,0,14,'NYJamaica Ave10003+NY115th St+10003'
-73.8341,40.7673,2,2,'NY32nd Ave10003+NYMiller St+10003|NYMiller St10003'
-73.8341,40.9373,0,11,'NYKraft Ave10003+NYMidland Gardens+10003|NYMidland Gardens10003'
-73.8341,40.6513,0,4,'NY97th St10003+NY164th Ave+10003'
-73.8340,40.6906,0,6,'NY111th St10003+NY95th Ave+10003'
-73.8340,40.7656,1,1,'NYLineaus Pl10003|NYLineaus Pl10003+NYLinnaeus Pl+10003|NYLinnaeus Pl10003'
-73.8340,40.8803,1,2,'NYHunter Ave10003+NYTillotson Ave+10003'
-73.8340,40.7665,16,15,'NY33rd Ave10003|NY33rd Ave10003+NYMiller St+10003|NYMiller St10003'
-73.8340,40.9355,0,10,'NYMidland Ave10003+NYMidland Gardens+10003|NYMidland Gardens10003'
-73.8340,40.7113,0,27,'NY80th Rd10003+NYGrenfell St+10003'
-73.8340,40.7572,2,47,'NY40th Rd10003|NY40th Rd10003+NYCollege Point Blvd+10003'
-73.8339,40.8294,0,2,'NYBruckner Blvd10003'
-73.8339,40.7080,0,31,'NYAbingdon Rd10003+NY83rd Ave+10003'
-73.8339,40.7023,0,3,'NY117th St10003+NY85th Ave+10003'
-73.8339,40.8545,0,5,'NYMayflower Ave10003|NYMayflower Ave10003+NYHutchinson River Pkwy E+10003'
-73.8339,40.8870,0,5,'NYConner St10003+NYVarian Ave+10003|NYVarian Ave10003'
-73.8339,40.8852,0,1,'NYHarper Ave10003+NYHarper Ct+10003|NYHarper Ct10003'
-73.8339,40.8760,1,9,'NYDonizetti Pl10003'
-73.8338,40.8540,0,7,'NYE 196th St10003'
-73.8338,40.8435,0,8,'NYPilgrim Ave10003|NYPilgrim Ave10003+NYMiddletown Rd+10003'
-73.8338,40.8787,0,7,'NYBoller Ave10003|NYBoller Ave10003+NYGivan Ave+10003|NYGivan Ave10003'
-73.8338,40.8366,0,1,'NYWaterbury Ave10003+NYE Tremont Ave+10003'
-73.8338,40.7002,0,18,'NY116th St10003'
-73.8338,40.7614,0,2,'NY36th Rd10003+NYBud Pl+10003|NYBud Pl10003'
-73.8338,40.6961,0,3,'NY89th Ave10003+NY114th St+10003'
-73.8338,40.6837,0,3,'NY108th St10003|NY108th St10003+NYLiberty Ave+10003'
-73.8338,40.8409,0,1,'NYGeorge St10003'
-73.8338,40.8533,0,16,'NYE 195th St10003'
-73.8338,40.8396,0,3,'NYMayflower Ave10003+NYHarrington Ave+10003'
-73.8338,40.7131,1,66,'NYAustin St10003+NYUnion Tpke+10003'
-73.8337,40.7435,0,3,'NYHorace Harding Blvd10003+NYLawrence St+10003|NYHorace Harding Expy10003+NYLawrence St+10003|NYLawrence St10003'
-73.8337,40.8948,0,1,'NYS 7th Ave10003+NYW 8th St+10003|NYW 8th St10003'
-73.8337,40.5808,0,5,'NYRockaway Beach Blvd10003+NYBeach 112th St+10003|NYBeach 112th St10003'
-73.8337,40.6878,0,9,'NY101st Ave10003+NY110th St+10003|NY110th St10003'
-73.8337,40.8526,0,9,'NYE 194th St10003'
-73.8337,40.7149,1,7,'NYKew Forest Ln10003+NY77th Rd+10003|NY77th Rd10003'
-73.8337,40.7563,4,33,'NY41st Ave10003+NYCollege Point Blvd+10003'
-73.8337,40.6814,0,7,'NY107th Ave10003+NY107th St+10003'
-73.8337,40.7861,0,1,'NY14th Ave10003+NY135th St+10003'
-73.8337,40.7691,2,2,'NYFarrington St10003+NY31st Rd+10003'
-73.8337,40.7440,2,1,'NYLawrence St10003+NY60th Ave+10003'
-73.8336,40.6652,1,9,'NY155th Ave10003+NY101st St+10003|NY101st St10003'
-73.8336,40.8379,0,3,'NYPuritan Ave10003|NYPuritan Ave10003+NYLasalle Ave+10003'
-73.8336,40.8842,0,3,'NYUS Hwy 110002+NYBivona St+10002|NYBivona St10003|NYBivona St10003+NYBoston Rd+10003'
-73.8336,40.8296,0,1,'NYBalcom Ave10003|NYBalcom Ave10003+NYBruckner Blvd+10003|NYBruckner Blvd10003|NYBruckner Blvd10003+NYBruckner Blvd+10003'
-73.8336,40.8927,0,1,'NYPratt St10003|NYPratt St10003+NYPratt Ave+10003|NYPratt Ave10003'
-73.8336,40.6998,0,1,'NY116th St10003'
-73.8336,40.7129,0,49,'NYUnion Tpke10003+NYAustin St+10003'
-73.8336,40.7161,9,75,'NYState Hwy 2510002+NY77th Ave+10002|NY77th Ave10003+NYQueens Blvd+10003'
-73.8336,40.6878,0,20,'NY101st Ave10003+NY110th St+10003|NY110th St10003'
-73.8336,40.7130,0,14,'NYAustin St10003+NYInterborough Pkwy+10003'
-73.8335,40.7446,1,4,'NYLawrence St10003+NY59th Ave+10003'
-73.8335,40.7430,1,1,'NYHorace Harding Expy10003+NYLawrence St+10003|NYLawrence St10003|NYLawrence St10003+NYHorace Harding Blvd+10003'
-73.8335,40.6838,0,4,'NY108th St10003|NY108th St10003+NYLiberty Ave+10003'
-73.8335,40.8461,0,16,'NYPilgrim Ave10003+NYWestchester Ave+10003'
-73.8335,40.6790,0,7,'NY106th St10003+NY109th Ave+10003'
-73.8335,40.9424,0,1,'NYGramatan Ct10003'
-73.8335,40.7278,0,3,'NYJewell Ave10003|NYJewell Ave10003+NY69th Rd+10003'
-73.8335,40.8585,0,2,'NYBruner Ave10003|NYBruner Ave10003+NYStillwell Ave+10003'
-73.8335,40.7183,19,87,'NY76th Rd10003|NY76th Rd10003+NYGrand Central Pkwy+10003|NY76th Rd10003+NY113th Pl+10003'
-73.8335,40.8405,0,2,'NYGeorge St10003|NYGeorge St10003+NYDudley Ave+10003'
-73.8335,40.6566,0,5,'NY161st Ave10003+NY99th St+10003'
-73.8334,40.8859,0,1,'NYHarper Ave10003+NYVarian Ave+10003|NYVarian Ave10003'
-73.8334,40.9495,0,1,'NYTuckahoe Rd10003|NYTuckahoe Rd10003+NYGarrett Ave+10003|NYGarrett Ave10003'
-73.8334,40.7713,6,13,'NYLinden Pl10003+NYWhitestone Expy+10003'
-73.8334,40.7453,1,9,'NY58th Rd10003+NYLawrence St+10003'
-73.8334,40.9431,0,2,'NYSagamore Rd10003+NYPrescott Ave+10003|NYPrescott Ave10003'
-73.8334,40.6856,0,10,'NY109th St10003+NY103rd Ave+10003'
-73.8334,40.7012,0,2,'NYBabbage St10003+NY117th St+10003|NY117th St10003'
-73.8334,40.8547,2,12,'NYE 197th St10003|NYE 197th St10003+NYHutchinson River Pkwy E+10003'
-73.8334,40.8792,0,1,'NYHunter Ave10003'
-73.8334,40.7555,1,17,'NY41st Rd10003|NY41st Rd10003+NYCollege Point Blvd+10003'
-73.8334,40.7684,1,1,'NY31st Dr10003|NY31st Dr10003+NYFarrington St+10003'
-73.8334,40.7852,0,2,'NY135th St10003'
-73.8334,40.7654,0,3,'NYPrince St10003+NYLineaus Pl+10003|NYLineaus Pl10003'
-73.8334,40.8607,0,9,'NYBruner Ave10003'
-73.8333,40.7641,1,21,'NYPrince St10003+NY35th Ave+10003'
-73.8333,40.6776,0,5,'NYRosita Rd10003|NYRosita Rd10003+NY106th St+10003|NYRosita Rd10003+NYRosita Pl+10003|NY106th St10003+NYRosita Pl+10003|NYRosita Pl10003'
-73.8333,40.7460,1,17,'NY58th Ave10003+NYLawrence St+10003'
-73.8333,40.6991,1,22,'NYJamaica Ave10003+NY116th St+10003'
-73.8333,40.7628,7,15,'NYPrince St10003|NYPrince St10003+NYState Hwy 25 Alt+10003|NYPrince St10003+NYNorthern Blvd+10003'
-73.8333,40.9430,0,3,'NYGramatan Ct10003'
-73.8333,40.8879,0,1,'NYLight St10003+NYHarper Ave+10003'
-73.8332,40.7626,0,29,'NYState Hwy 25 Alt10002+NYPrince St+10002|NYNorthern Blvd10002+NYPrince St+10002|NYPrince St10003'
-73.8332,40.8627,1,2,'NYMace Ave10003'
-73.8332,40.8586,0,7,'NYStillwell Ave10003+NYAstor Ave+10003|NYAstor Ave10003'
-73.8332,40.9357,1,0,'NYMidland Ave10003+NYAlden Pl+10003|NYAlden Pl10003'
-73.8332,40.7623,0,2,'NYPrince St10003+NY36th Ave+10003|NY36th Ave10003'
-73.8332,40.8891,0,1,'NYHarper Ave10003'
-73.8332,40.8683,0,1,'NYEdson Ave10003|NYEdson Ave10003+NYBartow Ave+10003'
-73.8331,40.7144,0,11,'NY78th Ave10003|NY78th Ave10003+NYKew Forest Ln+10003'
-73.8331,40.8893,0,3,'NYE 233rd St10003+NYHarper Ave+10003|NYHarper Ave10003'
-73.8331,40.8272,0,3,'NYCross Bronx Expy10002'
-73.8331,40.9398,0,1,'NYPark Pl10003|NYPark Pl10003+NYPondfield Rd+10003'
-73.8331,40.9437,0,3,'NYSagamore Rd10003+NYLatimer Ln+10003|NYLatimer Ln10003'
-73.8331,40.6908,0,7,'NY95th Ave10003+NY112th St+10003'
-73.8331,40.7547,1,22,'NYCollege Point Blvd10003+NYSanford Ave+10003'
-73.8331,40.7878,1,3,'NY136th St10003'
-73.8331,40.7299,3,12,'NY136th St10003|NY136th St10003+NYPark Dr E+10003'
-73.8331,40.7474,0,4,'NYLawrence St10003+NY57th Ave+10003|NY57th Ave10003'
-73.8330,40.7104,0,6,'NYGrenfell St10003+NYOnslow Pl+10003|NYOnslow Pl10003'
-73.8330,40.8785,0,6,'NYDarrow Pl10003'
-73.8330,40.6550,0,1,'NY99th St10003+NY162nd Ave+10003'
-73.8330,40.7143,0,24,'NY78th Ave10003|NY78th Ave10003+NYKew Forest Ln+10003'
-73.8330,40.7026,0,40,'NY85th Ave10003+NY118th St+10003'
-73.8330,40.6926,0,3,'NY113th St10003|NY113th St10003+NYAtlantic Ave+10003'
-73.8330,40.6786,1,1,'NYRockaway Blvd10003+NY106th St+10003|NY106th St10003'
-73.8330,40.7426,3,3,'NYThompson Pl10003'
-73.8330,40.9357,0,1,'NYMidland Ave10003+NYKraft Ave+10003|NYKraft Ave10003'
-73.8330,40.7478,0,3,'NYBooth Memorial Ave10003|NYBooth Memorial Ave10003+NYCollege Point Blvd+10003|NYBooth Memorial Ave10003+NYLawrence St+10003|NYRodman St10003+NYLawrence St+10003|NYCollege Point Blvd10003+NYLawrence St+10003|NYLawrence St10003'
-73.8330,40.7609,5,60,'NYPrince St10003|NYPrince St10003+NY37th Ave+10003|NYPrince St10003+NYCongressman Rosenthal Pl+10003'
-73.8330,40.8507,0,10,'NYMildred Pl10003|NYMildred Pl10003+NYPilgrim Ave+10003|NYMildred Pl10003+NYSanto Danato Pl+10003|NYPilgrim Ave10003+NYSanto Danato Pl+10003|NYSanto Danato Pl10003'
-73.8330,40.9452,0,2,'NYBeverly Rd10003'
-73.8329,40.6840,0,3,'NY109th St10003|NY109th St10003+NYLiberty Ave+10003'
-73.8329,40.6584,0,12,'NY100th St10003+NY160th Ave+10003'
-73.8329,40.8561,0,2,'NYBronx and Pelham Pkwy10003+NYHutchinson River Pkwy+10003'
-73.8329,40.6964,0,11,'NY115th St10003+NY89th Ave+10003'
-73.8329,40.8428,0,4,'NYRoebling Ave10003+NYEdison Ave+10003'
-73.8329,40.7615,2,54,'NY36th Rd10003|NY36th Rd10003+NYPrince St+10003'
-73.8329,40.8369,0,25,'NYPuritan Ave10003+NYWaterbury Ave+10003'
-73.8329,40.8421,0,1,'NYZulette Ave10003+NYEdison Ave+10003'
-73.8329,40.6759,2,21,'NY107th St10003'
-73.8329,40.7432,0,2,'NYHor Harding Expressway Exit Wb10003|NYHor Harding Expressway Exit Wb10003+NYHor Harding Expressway en Eb+10003|NYHor Harding Expressway Exit Wb10003+NYI 495+10003|NYHor Harding Expressway Exit Wb10003+NYLong Island Expy+10003|NYHor Harding Expressway en Eb10003|NYHor Harding Expressway en Eb10003+NYI 495+10003|NYHor Harding Expressway en Eb10003+NYLong Island Expy+10003'
-73.8329,40.7279,7,8,'NYVan Wyck Expy10001+NY69th Rd+10001|NY69th Rd10003|NY69th Rd10003+NY69th Rd+10003'
-73.8329,40.8518,0,3,'NYPilgrim Ave10003|NYPilgrim Ave10003+NYWilkinson Ave+10003'
-73.8328,40.9447,0,1,'NYBeechtree Ln10003|NYBeechtree Ln10003+NYSagamore Rd+10003'
-73.8328,40.7044,2,54,'NYLefferts Blvd10003+NY84th Ave+10003'
-73.8328,40.9463,0,1,'NYBeverly Rd10003|NYBeverly Rd10003+NYKensington Rd+10003|NYKensington Rd10003+NYBacon Ct+10003|NYBacon Ct10003'
-73.8328,40.7537,2,11,'NYCollege Point Blvd10003+NYMaple Ave+10003'
-73.8328,40.6650,0,4,'NY102nd St10003|NY102nd St10003+NY155th Ave+10003|NY155th Ave10003'
-73.8328,40.7493,1,3,'NYBotanical Grdn Branch10003|NYBotanical Grdn Branch10003+NYRodman St+10003|NYBotanical Grdn Branch10003+NYCollege Point Blvd+10003|NYBotanical Grdn Branch10003+NYBotanical Grdn Brg+10003|NYRodman St10003+NYBotanical Grdn Brg+10003|NYCollege Point Blvd10003+NYBotanical Grdn Brg+10003|NYBotanical Grdn Brg10003'
-73.8328,40.6817,0,4,'NY107th Ave10003+NY108th St+10003'
-73.8328,40.8383,0,5,'NYMayflower Ave10003+NYLasalle Ave+10003'
-73.8328,40.8303,0,1,'NYBruckner Expy10001+NYHuntington Ave+10001|NYHuntington Ave10003|NYHuntington Ave10003+NYI 95+10003'
-73.8327,40.9490,0,1,'NYGarrett Ave10003+NYArmour Villa Ave+10003|NYArmour Villa Ave10003|NYArmour Villa Ave10003+NYGarrett St+10003|NYGarrett St10003'
-73.8327,40.7609,0,124,'NY37th Ave10003+NYPrince St+10003|NYCongressman Rosenthal Pl10003+NYPrince St+10003|NYPrince St10003'
-73.8327,40.9373,0,1,'NYBolton Gdns10003|NYBolton Gdns10003+NYBolton Gardens+10003|NYBolton Gardens10003'
-73.8327,40.7168,0,158,'NY77th Ave10003+NY113th St+10003'
-73.8327,40.9449,0,1,'NYBeverly Pl10003|NYBeverly Pl10003+NYSagamore Rd+10003'
-73.8327,40.6841,0,1,'NY109th St10003|NY109th St10003+NYLiberty Ave+10003'
-73.8327,40.6498,0,1,'NY165th Ave10003+NY98th St+10003|NY98th St10003'
-73.8327,40.8924,0,1,'NYGeorge Pl10003|NYGeorge Pl10003+NYHarper Ave+10003|NYHarper Ave10003'
-73.8327,40.9435,0,1,'NYLatimer Ln10003|NYLatimer Ln10003+NYPrescott Sq+10003|NYLatimer Ln10003+NYLatimer Ln+10003|NYPrescott Sq10003|NYPrescott Sq10003+NYLatimer Ln+10003'
-73.8327,40.7667,1,5,'NY33rd Ave10003|NY33rd Ave10003+NYFarrington St+10003'
-73.8327,40.8800,0,2,'NYCo Op City Blvd10003'
-73.8327,40.8454,0,7,'NYBuhre Ave10003|NYBuhre Ave10003+NYEdison Ave+10003|NYBuhre Ave10003+NYRoberts Ave+10003|NYEdison Ave10003|NYEdison Ave10003+NYEdison Ave+10003|NYEdison Ave10003+NYRoberts Ave+10003'
-73.8327,40.7001,0,6,'NYMyrtle Ave10003+NY117th St+10003|NYHillside Ave10003|NYHillside Ave10003+NY117th St+10003|NY117th St10003'
-73.8326,40.8302,0,1,'NYHuntington Ave10003+NYBruckner Blvd+10003'
-73.8326,40.5789,0,1,'NYBeach 112th St10003'
-73.8326,40.6533,0,4,'NY163rd Ave10003+NY99th St+10003'
-73.8326,40.7103,0,2,'NYGrenfell St10003+NY82nd Ave+10003|NY82nd Ave10003'
-73.8326,40.9451,0,3,'NYBeverly Rd10003|NYBeverly Rd10003+NYSagamore Rd+10003'
-73.8326,40.6793,0,5,'NY109th Ave10003+NY107th St+10003'
-73.8326,40.7090,0,11,'NYAudley St10003+NYBeverly Rd+10003'
-73.8326,40.9232,0,2,'NYE Cedar St10003+NYLivingston St+10003|NYLivingston St10003'
-73.8326,40.7602,1,29,'NYPrince St10003+NY38th Ave+10003|NY38th Ave10003'
-73.8326,40.7530,0,11,'NYCollege Point Blvd10003+NYPople Ave+10003|NYPople Ave10003'
-73.8326,40.6995,0,3,'NYJamaica Ave10003+NY117th St+10003|NY117th St10003'
-73.8326,40.7848,0,1,'NY136th St10003'
-73.8326,40.7694,0,10,'NYLinden Pl10003+NY31st Rd+10003'
-73.8326,40.6858,2,14,'NY110th St10003+NY103rd Ave+10003'
-73.8326,40.7122,0,19,'NYAustin St10003+NY80th Rd+10003'
-73.8326,40.7138,3,18,'NYUnion Tpke10003+NYKew Forest Ln+10003|NYKew Forest Ln10003'
-73.8325,40.6936,1,3,'NY93rd Ave10003|NY93rd Ave10003+NY114th St+10003'
-73.8325,40.6665,0,3,'NYSouthern Parkway Exit Wb10003|NYSouthern Parkway Exit Wb10003+NYN Conduit Ave+10003'
-73.8325,40.8409,0,1,'NYDudley Ave10003+NYEdison Ave+10003'
-73.8325,40.8932,0,1,'NYGeorge Pl10003|NYGeorge Pl10003+NYW Kingsbridge Rd+10003'
-73.8325,40.8468,0,19,'NYEdison Ave10003|NYEdison Ave10003+NYBuhre Ave+10003|NYEdison Ave10003+NYWestchester Ave+10003|NYEdison Ave10003+NYEdison Ave+10003|NYBuhre Ave10003|NYBuhre Ave10003+NYWestchester Ave+10003|NYBuhre Ave10003+NYEdison Ave+10003|NYWestchester Ave10003+NYEdison Ave+10003'
-73.8325,40.9022,0,1,'NYS 3rd Ave10003+NYE 5th St+10003|NYE 5th St10003+NYTrinity Pl E+10003|NYTrinity Pl E10003'
-73.8325,40.8428,0,1,'NYRoebling Ave10003'
-73.8325,40.8868,0,2,'NYConner St10003'
-73.8325,40.9430,0,1,'NYMerestone Ter10003'
-73.8325,40.6995,0,9,'NYJamaica Ave10003+NY117th St+10003|NY117th St10003'
-73.8324,40.7006,0,1,'NYBessemer St10003|NYBessemer St10003+NYHillside Ave+10003|NYHillside Ave10003'
-73.8324,40.8700,1,19,'NYAldrich St10003'
-73.8324,40.8276,0,1,'NYCross Bronx Exwy Svc Rd10006'
-73.8324,40.9047,0,1,'NYS 2nd Ave10003+NYE 4th St+10003'
-73.8324,40.7523,2,12,'NYAvery Ave10003+NYCollege Point Blvd+10003'
-73.8324,40.7083,0,21,'NYBeverly Rd10003+NY83rd Ave+10003'
-73.8324,40.8470,1,20,'NYCrosby Ave10003|NYCrosby Ave10003+NYWestchester Ave+10003|NYBuhre Ave10003+NYWestchester Ave+10003'
-73.8324,40.8757,0,12,'NYDonizetti Pl10003'
-73.8324,40.9133,0,1,'NYE Prospect Ave10003+NYTemple Pl+10003|NYE Prospect Ave10003+NYPortugal Pl+10003|NYTemple Pl10003|NYTemple Pl10003+NYPortugal Pl+10003|NYPortugal Pl10003'
-73.8323,40.6776,0,4,'NYMuriel Ct10003|NYMuriel Ct10003+NY107th St+10003'
-73.8323,40.7597,8,275,'NYPrince St10003+NY39th Ave+10003'
-73.8323,40.8845,2,1,'NYUS Hwy 110002+NYSecor Ave+10002|NYSecor Ave10003|NYSecor Ave10003+NYBoston Rd+10003'
-73.8323,40.6637,0,7,'NY102nd St10003+NY157th Ave+10003'
-73.8323,40.6560,0,1,'NYBroadway10003|NYBroadway10003+NYBayview Ave+10003|NYBayview Ave10003'
-73.8323,40.7009,0,8,'NYBabbage St10003+NYState Hwy 25+10003|NYBabbage St10003+NYHillside Ave+10003|NYBabbage St10003+NY118th St+10003|NY118th St10003'
-73.8323,40.7519,2,7,'NYCollege Point Blvd10003+NYFowler Ave+10003|NYFowler Ave10003'
-73.8323,40.7515,2,12,'NYBlossom Ave10003|NYBlossom Ave10003+NYRodman St+10003|NYBlossom Ave10003+NYCollege Point Blvd+10003|NYRodman St10003|NYRodman St10003+NYCollege Point Blvd+10003|NYCollege Point Blvd10003|NYCollege Point Blvd10003+NYCollege Point Blvd+10003'
-73.8322,40.8353,0,8,'NYWhittemore Ave10003|NYWhittemore Ave10003+NYPuritan Ave+10003|NYWhittemore Ave10003+NYE Tremont Ave+10003|NYPuritan Ave10003|NYPuritan Ave10003+NYE Tremont Ave+10003'
-73.8322,40.7151,42,88,'NYState Hwy 2510002+NY78th Ave+10002|NYQueens Blvd10002+NY78th Ave+10002'
-73.8322,40.8820,0,3,'NYBivona St10003'
-73.8322,40.9381,0,3,'NYMeadow Ave10003+NYPondfield Rd+10003'
-73.8322,40.6911,0,6,'NY95th Ave10003+NY113th St+10003'
-73.8322,40.8892,0,13,'NYSecor Ave10003+NYE 233rd St+10003'
-73.8322,40.6949,0,5,'NY91st Ave10003+NY115th St+10003'
-73.8322,40.6997,0,1,'NYJamaica Ave10003+NY117th St+10003|NY117th St10003'
-73.8322,40.9163,1,0,'NYArcher Ave10003+NYOakley Ave+10003|NYOakley Ave10003'
-73.8322,40.9455,0,1,'NYBacon Ct10003|NYBacon Ct10003+NYSagamore Rd+10003|NYBacon Ct10003+NYLassiter Ln+10003|NYSagamore Rd10003+NYLassiter Ln+10003|NYLassiter Ln10003'
-73.8321,40.8282,0,5,'NYBalcom Ave10003+NYBarkley Ave+10003|NYBarkley Ave10003'
-73.8321,40.7028,0,50,'NY119th St10003|NY119th St10003+NY85th Ave+10003|NY119th St10003+NYLefferts Blvd+10003|NY85th Ave10003+NYLefferts Blvd+10003|NYLefferts Blvd10003|NYLefferts Blvd10003+NYLefferts Blvd+10003'
-73.8321,40.8805,1,16,'NYReeds Mill Ln10003'
-73.8321,40.6844,0,5,'NY110th St10003|NY110th St10003+NYLiberty Ave+10003'
-73.8321,40.6784,0,5,'NYRockaway Blvd10003+NY107th St+10003|NY107th St10003'
-73.8321,40.9400,0,2,'NYE Aly10008'
-73.8321,40.8506,0,11,'NYEdison Ave10003+NYMildred Pl+10003|NYEdison Ave10003+NYSanto Danato Pl+10003|NYMildred Pl10003|NYMildred Pl10003+NYSanto Danato Pl+10003|NYSanto Danato Pl10003'
-73.8321,40.9252,0,1,'NYBroad St E10003|NYBroad St E10003+NYRich Ave+10003'
-73.8321,40.7173,14,59,'NY77th Ave10003|NY77th Ave10003+NYGrand Central Pkwy+10003|NY77th Ave10003+NY113th Pl+10003|NYGrand Central Pkwy10003|NYGrand Central Pkwy10003+NY113th Pl+10003|NY113th Pl10003|NY113th Pl10003+NY113th Pl+10003'
-73.8321,40.8404,0,6,'NYEdison Ave10003+NYHarrington Ave+10003'
-73.8321,40.8907,0,1,'NYLustre St10003|NYLustre St10003+NYSecor Ave+10003'
-73.8320,40.8664,2,5,'NYAllerton Ave10003'
-73.8320,40.6586,0,2,'NY101st St10003+NY160th Ave+10003'
-73.8320,40.9470,0,2,'NYAvon Rd10003|NYAvon Rd10003+NYKensington Rd+10003'
-73.8320,40.8436,0,9,'NYPlymouth Ave10003+NYMiddletown Rd+10003'
-73.8320,40.7428,0,4,'NYHorace Harding Expy10003+NY134th St+10003|NY134th St10003|NY134th St10003+NYHorace Harding Blvd+10003'
-73.8320,40.7717,1,1,'NY29th Rd10003'
-73.8320,40.9376,0,6,'NYBolton Gardens10003|NYBolton Gardens10003+NYPondfield Rd+10003'
-73.8320,40.7630,38,57,'NYState Hwy 25 Alt10002+NYMain St+10002|NYNorthern Blvd10002+NYMain St+10002|NYMain St10003'
-73.8320,40.7117,0,8,'NYAustin St10003+NY81st Ave+10003|NY81st Ave10003'
-73.8320,40.9401,0,3,'NYE Aly10008|NYE Aly10008+NYGarden Ave+10008'
-73.8320,40.8517,0,5,'NYEdison Ave10003|NYEdison Ave10003+NYWilkinson Ave+10003'
-73.8320,40.7046,2,40,'NY120th St10003|NY120th St10003+NY84th Ave+10003'
-73.8319,40.8386,1,2,'NYBradford Ave10003|NYBradford Ave10003+NYLasalle Ave+10003'
-73.8319,40.6620,0,15,'NY102nd St10003+NY158th Ave+10003'
-73.8319,40.8318,1,0,'NYSwinton Ave10003'
-73.8319,40.6819,0,18,'NY107th Ave10003+NY109th St+10003'
-73.8319,40.7589,4,35,'NYPrince St10003+NYRoosevelt Ave+10003'
-73.8319,40.8306,0,6,'NYBrinsmade Ave10003|NYBrinsmade Ave10003+NYBruckner Blvd+10003'
-73.8319,40.8591,0,2,'NYDemeyer St10003|NYDemeyer St10003+NYStillwell Ave+10003'
-73.8319,40.6844,0,8,'NY110th St10003|NY110th St10003+NYLiberty Ave+10003'
-73.8319,40.8444,0,2,'NYDaniel St10003|NYDaniel St10003+NYPlymouth Ave+10003'
-73.8319,40.6764,2,14,'NYSutter Ave10003|NYSutter Ave10003+NY108th St+10003|NY133rd Ave10003|NY133rd Ave10003+NY108th St+10003|NY108th St10003'
-73.8319,40.8922,0,1,'NYSecor Ave10003|NYSecor Ave10003+NYJohnson St+10003|NYJohnson St10003'
-73.8318,40.7861,0,2,'NY137th St10003+NY14th Ave+10003'
-73.8318,40.6499,0,1,'NY99th St10003|NY99th St10003+NY165th Ave+10003'
-73.8318,40.8315,0,3,'NYGifford Ave10003|NYGifford Ave10003+NYSwinton Ave+10003|NYGifford Ave10003+NYBruckner Blvd+10003|NYSwinton Ave10003|NYSwinton Ave10003+NYBruckner Blvd+10003'
-73.8318,40.6998,0,4,'NYJamaica Ave10003+NY118th St+10003|NY118th St10003'
-73.8318,40.8453,0,14,'NYPlymouth Ave10003'
-73.8318,40.7280,2,10,'NYJewel Ave10003|NYJewel Ave10003+NYPark Dr E+10003|NYJewel Ave10003+NY69th Rd+10003|NYPark Dr E10003+NY69th Rd+10003|NY69th Rd10003'
-73.8318,40.8930,0,1,'NYW Kingsbridge Rd10003+NYJohnson St+10003|NYJohnson St10003'
-73.8318,40.7061,9,172,'NYLefferts Blvd10003+NYMetropolitan Ave+10003'
-73.8317,40.6795,0,7,'NY109th Ave10003+NY108th St+10003'
-73.8317,40.6652,2,1,'NYS Conduit Ave10006'
-73.8316,40.9468,0,2,'NYAvon Rd10003+NYBeverly Gardens+10003|NYBeverly Gardens10003'
-73.8316,40.6517,0,2,'NY164th Ave10003'
-73.8315,40.7584,0,11,'NYPrince St10003|NYPrince St10003+NY40th Rd+10003|NY40th Rd10003'
-73.8315,40.8778,2,32,'NYDarrow Pl10003'
-73.8315,40.9297,1,1,'NYRidgeway St10003+NYWestchester Ave+10003'
-73.8315,40.7093,0,1,'NYGrenfell St10003+NYAudley St+10003'
-73.8315,40.7014,2,38,'NY119th St10003+NYState Hwy 25+10003|NY119th St10003+NYHillside Ave+10003|NYState Hwy 2510002+NYLefferts Blvd+10002|NYHillside Ave10002+NYLefferts Blvd+10002'
-73.8315,40.7717,0,19,'NY137th St10003+NY29th Rd+10003'
-73.8315,40.7277,12,34,'NYPark Dr E10003+NY69th Rd+10003|NY69th Rd10003'
-73.8315,40.8407,0,4,'NYCornell Pl10003|NYCornell Pl10003+NYHarrington Ave+10003'
-73.8315,40.8477,0,15,'NYHobart Ave10003+NYWestchester Ave+10003'
-73.8315,40.7146,39,86,'NYState Hwy 2510002+NY78th Cres+10002|NYQueens Blvd10002+NY78th Cres+10002|NY78th Cres10003'
-73.8315,40.6774,1,1,'NY108th St10003|NY108th St10003+NYMuriel Ct+10003|NYMuriel Ct10003'
-73.8314,40.8811,1,1,'NYTillotson Ave10003'
-73.8314,40.7666,0,13,'NYLatimer Pl10003|NYLatimer Pl10003+NYLinden Pl+10003|NYLatimer Pl10003+NY34th Ave+10003|NYLinden Pl10003+NY34th Ave+10003|NY34th Ave10003'
-73.8314,40.8573,0,3,'NYBronx and Pelham Pkwy N10003|NYBronx and Pelham Pkwy N10003+NYHutchinson River Pkwy+10003'
-73.8314,40.6600,1,14,'NY102nd St10003+NYArcade Pl+10003|NYArcade Pl10003'
-73.8314,40.7894,0,2,'NY9th Ave10003'
-73.8314,40.8415,0,1,'NYWellman Ave10003|NYWellman Ave10003+NYDudley Ave+10003'
-73.8314,40.7451,0,19,'NY134th St10003|NY134th St10003+NY58th Rd+10003'
-73.8314,40.7554,0,15,'NYSummit Ct10003|NYSummit Ct10003+NYSanford Ave+10003'
-73.8314,40.9364,1,0,'NYMidland Ave10003+NYPondfield Rd+10003'
-73.8314,40.6951,0,4,'NY91st Ave10003+NY116th St+10003'
-73.8314,40.6913,0,10,'NY95th Ave10003+NY114th St+10003'
-73.8314,40.6564,0,1,'NYBroadway10003+NYChurch+10003|NYChurch10003'
-73.8314,40.7158,3,86,'NY113th St10003|NY113th St10003+NY78th Ave+10003'
-73.8314,40.7111,0,11,'NYAustin St10003+NY82nd Ave+10003'
-73.8313,40.7565,0,25,'NYFrame Pl10003|NYFrame Pl10003+NY41st Rd+10003'
-73.8313,40.6621,3,7,'NY103rd St10003|NY103rd St10003+NY158th Ave+10003|NY158th Ave10003'
-73.8313,40.8286,0,2,'NYHuntington Ave10003+NYBarkley Ave+10003'
-73.8313,40.8493,0,15,'NYHobart Ave10003+NYSaint Theresa Ave+10003'
-73.8313,40.7458,0,29,'NY134th St10003+NY58th Ave+10003'
-73.8313,40.6968,0,7,'NY89th Ave10003+NY117th St+10003'
-73.8313,40.8847,0,1,'NYUS Hwy 110002+NYSteenwick Ave+10002|NYUS Hwy 110002+NYDyre Ave+10002|NYSteenwick Ave10003|NYSteenwick Ave10003+NYBoston Rd+10003|NYSteenwick Ave10003+NYDyre Ave+10003|NYBoston Rd10002+NYDyre Ave+10002|NYDyre Ave10003'
-73.8313,40.8892,0,2,'NYE 233rd St10003+NYDyre Ave+10003'
-73.8313,40.7481,0,3,'NYN Hempstead Ave10003'
-73.8313,40.7403,0,5,'NY63rd Ave10003'
-73.8312,40.7631,24,73,'NYState Hwy 25 Alt10002+NYFarrington St+10002|NYFarrington St10003|NYFarrington St10003+NYNorthern Blvd+10003'
-73.8312,40.6538,0,1,'NY102nd St10003|NY102nd St10003+NYRau Ct+10003'
-73.8312,40.7410,0,5,'NY62nd Rd10003'
-73.8312,40.8867,0,3,'NYConner St10003|NYConner St10003+NYDyre Ave+10003'
-73.8312,40.8546,0,8,'NYE 197th St10003|NYE 197th St10003+NYContinental Ave+10003'
-73.8312,40.8311,0,6,'NYBruckner Blvd10003+NYSwinton Ave+10003|NYSwinton Ave10003'
-73.8312,40.7416,4,5,'NY62nd Ave10003'
-73.8312,40.6999,0,1,'NYMyrtle Ave10003|NYMyrtle Ave10003+NYJamaica Ave+10003'
-73.8312,40.7077,0,35,'NYBeverly Rd10003+NYLefferts Blvd+10003'
-73.8312,40.7523,0,6,'NYCrommelin St10003|NYCrommelin Ave10003'
-73.8312,40.7488,0,1,'NY133rd St10003'
-73.8311,40.8374,0,7,'NYWaterbury Ave10003+NYBradford Ave+10003'
-73.8311,40.8453,0,28,'NYCrosby Ave10003+NYRoberts Ave+10003'
-73.8311,40.9698,0,1,'NYAvondale Rd10003'
-73.8311,40.6848,0,20,'NY111th St10003+NYLiberty Ave+10003'
-73.8311,40.7615,11,106,'NY37th Ave10003+NYMain St+10003|NYCongressman Rosenthal Pl10003+NYMain St+10003'
-73.8311,40.7427,1,3,'NYHorace Harding Expy10003+NY135th St+10003|NYHorace Harding Blvd10003+NY135th St+10003|NY135th St10003'
-73.8311,40.9384,0,1,'NYMeadow Ave10003+NYGarden Ave+10003|NYGarden Ave10003'
-73.8311,40.7423,0,3,'NY61st Rd10003|NY61st Rd10003+NY135th St+10003|NY135th St10003'
-73.8311,40.8437,0,9,'NYMiddletown Rd10003+NYGillespie Ave+10003|NYGillespie Ave10003'
-73.8311,40.6782,1,3,'NYRockaway Blvd10003+NY108th St+10003|NY108th St10003'
-73.8311,40.7296,0,53,'NY136th St10003+NY68th Dr+10003|NY68th Dr10003'
-73.8311,40.8517,0,12,'NYHobart Ave10003+NYWilkinson Ave+10003'
-73.8311,40.8389,0,2,'NYEdison Ave10003+NYLasalle Ave+10003'
-73.8310,40.7003,0,3,'NYBabbage St10003|NYBabbage St10003+NY119th St+10003|NYBabbage St10003+NYLefferts Blvd+10003'
-73.8310,40.6822,1,9,'NY110th St10003+NY107th Ave+10003'
-73.8310,40.7000,2,9,'NY119th St10003+NYJamaica Ave+10003|NYJamaica Ave10003+NYLefferts Blvd+10003'
-73.8310,40.6885,0,34,'NY101st Ave10003+NY113th St+10003'
-73.8310,40.7549,0,4,'NYSummit Ct10003'
-73.8310,40.7891,0,2,'NY9th Ave10003|NY9th Ave10003+NY138th Pl+10003|NY138th Pl10003'
-73.8310,40.8524,0,2,'NYE 194th St10003+NYHobart Ave+10003'
-73.8310,40.8702,0,4,'NYAldrich St10003'
-73.8309,40.9112,0,1,'NYFranklin Ave10003|NYFranklin Ave10003+NYE 1st St+10003'
-73.8309,40.5839,0,2,'NYBeach Channel Dr10003+NYBeach 108th St+10003|NYBeach 108th St10003'
-73.8309,40.7046,0,1,'NY121st St10003|NY121st St10003+NY84th Ave+10003'
-73.8309,40.8417,0,5,'NYDudley Ave10003+NYGillespie Ave+10003'
-73.8309,40.7890,0,1,'NY138th Pl10003+NY10th Ave+10003|NY10th Ave10003'
-73.8309,40.8622,0,8,'NYE Gun Hill Rd10003|NYE Gun Hill Rd10003+NYE Gun Hill Rd+10003'
-73.8309,40.8318,0,2,'NYQuincy Ave10003|NYQuincy Ave10003+NYBruckner Blvd+10003'
-73.8309,40.7862,0,1,'NY138th St10003+NY14th Ave+10003'
-73.8309,40.8531,0,5,'NYE 195th St10003'
-73.8309,40.8669,0,2,'NYBay Plz10003|NYThe Mall at Bay Plz10003'
-73.8309,40.6798,0,3,'NY109th Ave10003+NY109th St+10003'
-73.8309,40.7680,0,11,'NY137th St10003+NY32nd Ave+10003'
-73.8308,40.7105,0,14,'NYAustin St10003+NY82nd Rd+10003|NY82nd Rd10003'
-73.8308,40.8538,0,5,'NYHobart Ave10003|NYHobart Ave10003+NYContinental Ave+10003'
-73.8308,40.7481,0,4,'NYBooth Memorial Ave10003+NY134th St+10003|NY134th St10003+NYN Hempstead Ave+10003|NYN Hempstead Ave10003'
-73.8308,40.9667,0,1,'NYRidgeland Rd10003'
-73.8308,40.7087,1,6,'NYGrenfell St10003+NY83rd Ave+10003'
-73.8308,40.7884,0,2,'NY138th Pl10003|NY138th Pl10003+NY11th Ave+10003'
-73.8308,40.7145,3,8,'NYState Hwy 2510002+NYUnion Tpke+10002|NYQueens Blvd10002+NYUnion Tpke+10002'
-73.8308,40.7083,3,26,'NYLefferts Blvd10003+NYCuthbert Rd+10003|NYCuthbert Rd10003'
-73.8308,40.7608,15,85,'NY38th Ave10003+NYMain St+10003'
-73.8307,40.8410,1,2,'NYHarrington Ave10003|NYHarrington Ave10003+NYGillespie Ave+10003'
-73.8307,40.7557,0,17,'NYFrame Pl10003+NYSanford Ave+10003'
-73.8307,40.8350,0,2,'NYE Tremont Ave10003+NYMayflower Ave+10003|NYMayflower Ave10003'
-73.8307,40.7163,13,44,'NY78th Ave10003|NY78th Ave10003+NYGrand Central Pkwy+10003|NY78th Ave10003+NY113th Pl+10003|NYGrand Central Pkwy10003|NYGrand Central Pkwy10003+NY113th Pl+10003|NY113th Pl10003|NY113th Pl10003+NY113th Pl+10003'
-73.8307,40.8491,0,1,'NYWillow Ln10003|NYWillow Ln10003+NYWestchester Ave+10003'
-73.8307,40.7140,21,40,'NYUnion Tpke10003|NYUnion Tpke10003+NYKew Gardens Rd+10003|NYUnion Tpke10003+NY80th Ave+10003|NYUnion Tpke10003+NYUnion Tpke+10003|NYKew Gardens Rd10003|NYKew Gardens Rd10003+NY80th Ave+10003|NYKew Gardens Rd10003+NYUnion Tpke+10003|NY80th Ave10003|NY80th Ave10003+NYUnion Tpke+10003'
-73.8307,40.7647,1,47,'NYLinden Pl10003+NY35th Ave+10003'
-73.8307,40.6534,0,2,'NYDavenport Ct10003|NYDavenport Ct10003+NYDavenport Ct+10003'
-73.8307,40.7851,0,1,'NY14th Rd10003|NY14th Rd10003+NY138th St+10003'
-73.8307,40.6570,0,1,'NYBroadway10003+NY80th St+10003'
-73.8307,40.9125,0,1,'NYRich Ave10003'
-73.8307,40.7521,0,21,'NYCrommelin St10003+NYBlossom Ave+10003|NYBlossom Ave10003+NYCrommelin Ave+10003'
-73.8307,40.7086,0,5,'NYGrenfell St10003|NYGrenfell St10003+NYLefferts Blvd+10003'
-73.8306,40.9441,0,1,'NYPlateau Cir E10003|NYPlateau Cir E10003+NYPlateau Cir E+10003'
-73.8306,40.7087,0,17,'NYLefferts Blvd10003+NY83rd Ave+10003|NY83rd Ave10003'
-73.8306,40.7143,0,2,'NYState Hwy 2510002+NYInterborough Pkwy+10002|NYInterborough Pkwy10002+NYQueens Blvd+10002'
-73.8306,40.8445,0,7,'NYCrosby Ave10003+NYDaniel St+10003|NYDaniel St10003'
-73.8306,40.7716,1,5,'NY29th Rd10003|NY29th Rd10003+NY138th St+10003|NY138th St10003'
-73.8306,40.8764,0,1,'NYDefoe Pl10003'
-73.8306,40.8367,0,2,'NYPaine St10003|NYPaine St10003+NYBradford Ave+10003'
-73.8306,40.6605,0,10,'NY103rd St10003|NY103rd St10003+NYColeman Sq+10003|NY103rd St10003+NY159th Ave+10003|NYColeman Sq10003|NYColeman Sq10003+NY159th Ave+10003|NY159th Ave10003'
-73.8306,40.6954,0,8,'NY91st Ave10003+NY117th St+10003'
-73.8306,40.8555,0,2,'NYPelham Pkwy S10003+NYSt Pauls Ave+10003|NYSt Pauls Ave10003'
-73.8306,40.8494,0,1,'NYWestchester Ave10003+NYSaint Theresa Ave+10003|NYSaint Theresa Ave10003'
-73.8306,40.8715,0,9,'NYAlcott Pl10003'
-73.8306,40.7545,0,4,'NYSaull St10003|NYSaull St10003+NYMaple Ave+10003'
-73.8305,40.8032,2,1,'NYI 67810001|NYI 67810001+NYI 678+10001|NYI 67810001+NYBronxWhitestone Brg+10001|NYI 67810001+NYHutchinson River Pkwy+10001|NYBronxWhitestone Brg10001|NYBronxWhitestone Brg10001+NYHutchinson River Pkwy+10001|NYHutchinson River Pkwy10001'
-73.8305,40.9432,0,2,'NYValley Rd10003+NYNorthern Ave+10003|NYNorthern Ave10003'
-73.8305,40.7846,0,2,'NY138th St10003|NY138th St10003+NY15th Ave+10003|NY15th Ave10003'
-73.8305,40.8290,0,3,'NYBrinsmade Ave10003+NYBarkley Ave+10003'
-73.8305,40.8477,1,14,'NYBuhre Ave10003+NYJarvis Ave+10003|NYJarvis Ave10003'
-73.8305,40.9593,0,1,'NYBrookdale Dr10003|NYBrookdale Dr10003+NYTreadwell Pl+10003|NYTreadwell Pl10003'
-73.8305,40.6914,1,12,'NY95th Ave10003+NY115th St+10003'
-73.8305,40.9440,0,5,'NYPlateau Cir E10003|NYPlateau Cir E10003+NYNorthern Ave+10003'
-73.8305,40.8691,1,7,'NYAsch Loop10003'
-73.8305,40.6971,0,10,'NY89th Ave10003+NY118th St+10003'
-73.8305,40.7642,1,2,'NYLinden Pl10003+NYCarlton Pl+10003|NYCarlton Pl10003'
-73.8305,40.7602,15,101,'NY39th Ave10003+NYMain St+10003'
-73.8305,40.7388,0,3,'NY64th Ave10003'
-73.8304,40.8333,1,1,'NYCalhoun Ave10003'
-73.8304,40.8316,0,2,'NYBruckner Blvd10003+NYQuincy Ave+10003|NYQuincy Ave10003'
-73.8304,40.7727,1,13,'NY28th Rd10003|NY28th Rd10003+NYWhitestone Expy+10003|NYWhitestone Expy10006'
-73.8304,40.7142,16,14,'NY80th Ave10003|NY80th Ave10003+NYState Hwy 25+10003|NY80th Ave10003+NYUnion Tpke+10003|NY80th Ave10003+NY80th Rd+10003|NY80th Ave10003+NYQueens Blvd+10003|NY80th Ave10003+NY80th Ave+10003|NYState Hwy 2510002+NYUnion Tpke+10002|NYState Hwy 2510002+NY80th Rd+10002|NYState Hwy 2510002+NY80th Ave+10002|NYUnion Tpke10003|NYUnion Tpke10003+NYUnion Tpke+10003|NYUnion Tpke10003+NY80th Rd+10003|NYUnion Tpke10003+NYQueens Blvd+10003|NYUnion Tpke10003+NY80th Ave+10003|NY80th Rd10003|NY80th Rd10003+NYQueens Blvd+10003|NY80th Rd10003+NY80th Ave+10003|NY80th Rd10003+NYUnion Tpke+10003|NYQueens Blvd10002+NY80th Ave+10002|NYQueens Blvd10002+NYUnion Tpke+10002'
-73.8304,40.8426,0,1,'NYMerry Ave10003'
-73.8304,40.8492,0,33,'NYMahan Ave10003|NYMahan Ave10003+NYWillow Ln+10003'
-73.8304,40.6574,0,1,'NYBridge St10003'
-73.8304,40.7136,44,39,'NYKew Gardens Rd10003+NY80th Rd+10003'
-73.8304,40.7668,0,1,'NYLatimer Pl10003|NYLatimer Pl10003+NY137th St+10003|NYLatimer Pl10003+NY34th Ave+10003|NY137th St10003+NY34th Ave+10003|NY34th Ave10003'
-73.8304,40.6598,0,1,'NYLarson Ct10003|NYLarson Ct10003+NYColeman Sq+10003|NYLarson Ct10003+NY159th Rd+10003|NYColeman Sq10003|NYColeman Sq10003+NY159th Rd+10003'
-73.8304,40.7381,0,1,'NY136th St10003|NY136th St10003+NY64th Rd+10003|NY64th Rd10003'
-73.8303,40.7395,0,2,'NY136th St10003+NY63rd Rd+10003|NY63rd Rd10003'
-73.8303,40.8885,0,2,'NYRombouts Ave10003'
-73.8303,40.7099,2,40,'NYAustin St10003+NYMowbray Dr+10003|NYAustin St10003+NY82nd Dr+10003|NYMowbray Dr10003|NYMowbray Dr10003+NY82nd Dr+10003|NY82nd Dr10003'
-73.8303,40.8392,0,1,'NYLasalle Ave10003+NYGillespie Ave+10003'
-73.8302,40.7891,0,1,'NY10th Ave10003'
-73.8302,40.5826,0,2,'NYWainwright Ct10003|NYWainwright Ct10003+NYBeach 108th St+10003|NYWainwright Ct10003+NYRockaway Fwy+10003|NYBeach 108th St10003+NYRockaway Fwy+10003|NYRockaway Fwy10003'
-73.8302,40.7003,2,9,'NYJamaica Ave10003+NY120th St+10003'
-73.8302,40.8429,0,1,'NYMerry Ave10003+NYCrosby Ave+10003'
-73.8302,40.8723,1,30,'NYAlcott Pl10003'
-73.8302,40.8502,1,1,'NYWestchester Ave10003+NYArnow Pl+10003|NYArnow Pl10003'
-73.8302,40.7693,0,16,'NY138th St10003+NY31st Dr+10003|NY31st Dr10003'
-73.8302,40.7634,5,48,'NYLinden Pl10003|NYLinden Pl10003+NYState Hwy 25 Alt+10003|NYLinden Pl10003+NYNorthern Blvd+10003'
-73.8301,40.8827,0,1,'NYSteenwick Ave10003+NYReeds Mill Ln+10003|NYReeds Mill Ln10003'
-73.8301,40.7596,50,65,'NYRoosevelt Ave10003+NYMain St+10003'
-73.8301,40.7539,0,5,'NYSaull St10003+NYPople Ave+10003|NYPople Ave10003'
-73.8301,40.9348,0,1,'NYGramatan Ave10003'
-73.8301,40.8762,0,18,'NYDefoe Pl10003'
-73.8301,40.8613,1,8,'NYE Gun Hill Rd10003+NYWaring Ave+10003|NYWaring Ave10003'
-73.8301,40.6585,0,1,'NYRailroad St10003|NYRailroad St10003+NY160th Ave+10003|NY160th Ave10003'
-73.8301,40.6545,0,1,'NY102nd St10003+NYDunton Ct+10003|NYDunton Ct10003'
-73.8301,40.7033,0,28,'NY121st St10003+NY85th Ave+10003'
-73.8300,40.8422,0,13,'NYCrosby Ave10003+NYZulette Ave+10003|NYCrosby Ave10003+NYDudley Ave+10003|NYZulette Ave10003+NYDudley Ave+10003|NYDudley Ave10003'
-73.8300,40.7047,0,3,'NY122nd St10003|NY122nd St10003+NYBrevoort St+10003|NY122nd St10003+NY84th Ave+10003|NYBrevoort St10003|NYBrevoort St10003+NY84th Ave+10003|NY84th Ave10003'
-73.8300,40.6825,0,8,'NY111th St10003+NY107th Ave+10003'
-73.8300,40.9395,0,1,'NYTanglewylde Ave10003+NYMeadow Ave+10003|NYMeadow Ave10003'
-73.8300,40.6800,0,3,'NY110th St10003+NY109th Ave+10003'
-73.8300,40.7548,0,6,'NYFrame Pl10003|NYFrame Pl10003+NYMaple Ave+10003|NYFrame Pl10003+NYEagle Nest Ln+10003|NYMaple Ave10003+NYEagle Nest Ln+10003|NYEagle Nest Ln10003'
-73.8300,40.6546,0,2,'NY102nd St10003'
-73.8300,40.9122,0,4,'NYGlen Ave10003'
-73.8300,40.7864,0,2,'NY14th Ave10003+NY139th St+10003'
-73.8299,40.6779,1,10,'NYRockaway Blvd10003+NY109th St+10003|NYRockaway Blvd10003+NY111th Ave+10003|NY109th St10003|NY109th St10003+NY111th Ave+10003|NY111th Ave10003'
-73.8299,40.8348,0,4,'NYE Tremont Ave10003+NYBaisley Ave+10003|NYBaisley Ave10003'
-73.8299,40.6560,0,1,'NYRussell St10003+NY80th St+10003|NY80th St10003'
-73.8299,40.7535,1,9,'NYSaull St10003+NYFranklin Ave+10003|NYFranklin Ave10003'
-73.8299,40.8822,0,1,'NYSteenwick Ave10003'
-73.8299,40.7477,0,1,'NY135th St10003|NY135th St10003+NYBooth Memorial Ave+10003'
-73.8299,40.7155,19,21,'NYGrand Central Pkwy10003|NYGrand Central Pkwy10003+NY113th Pl+10003|NYGrand Central Pkwy10003+NY78th Cres+10003|NY113th Pl10003|NY113th Pl10003+NY78th Cres+10003|NY78th Cres10003'
-73.8298,40.7590,12,43,'NY40th Rd10003|NY40th Rd10003+NYMain St+10003'
-73.8298,40.6550,0,1,'NY1st St10003+NYWilliams Ct+10003|NYWilliams Ct10003'
-73.8298,40.7130,25,29,'NYKew Gardens Rd10003+NY81st Ave+10003|NY81st Ave10003'
-73.8298,40.7426,2,14,'NYHorace Harding Expy10003+NY136th St+10003|NY136th St10003|NY136th St10003+NYHorace Harding Blvd+10003'
-73.8298,40.8516,0,2,'NYWestchester Ave10003+NYWilkinson Ave+10003|NYWilkinson Ave10003'
-73.8298,40.5819,0,2,'NYRockaway Beach Blvd10003+NYBeach 108th St+10003'
-73.8298,40.8370,0,3,'NYPaine St10003+NYEdison Ave+10003'
-73.8298,40.7545,0,6,'NYEagle Nest Ln10003'
-73.8298,40.6956,0,6,'NY91st Ave10003+NY118th St+10003'
-73.8298,40.7683,0,8,'NY32nd Ave10003+NY138th St+10003|NY138th St10003'
-73.8297,40.7533,0,27,'NYSaull St10003+NYAvery Ave+10003|NYAvery Ave10003'
-73.8297,40.8294,0,3,'NYSwinton Ave10003+NYBarkley Ave+10003'
-73.8297,40.7018,0,15,'NY121st St10003|NY121st St10003+NYState Hwy 25+10003|NY121st St10003+NYHillside Ave+10003'
-73.8297,40.8354,0,4,'NYBradford Ave10003|NYBradford Ave10003+NYBaisley Ave+10003'
-73.8297,40.7431,1,1,'NY136th St10003|NY136th St10003+NYHorace Harding Blvd+10003'
-73.8297,40.8320,0,5,'NYBruckner Blvd10003+NYCalhoun Ave+10003|NYCalhoun Ave10003'
-73.8297,40.8944,0,1,'NYWildwood Ave10003'
-73.8297,40.8380,1,3,'NYWaterbury Ave10003+NYGillespie Ave+10003|NYGillespie Ave10003'
-73.8297,40.7093,7,85,'NYAustin St10003+NYLefferts Blvd+10003'
-73.8297,40.8480,0,17,'NYMahan Ave10003+NYBuhre Ave+10003'
-73.8297,40.7619,1,21,'NY138th St10003|NY138th St10003+NY37th Ave+10003|NY138th St10003+NYCongressman Rosenthal Pl+10003'
-73.8297,40.8524,0,8,'NYE 194th St10003|NYE 194th St10003+NYContinental Ave+10003'
-73.8297,40.8441,1,10,'NYHollywood Ave10003|NYHollywood Ave10003+NYMiddletown Rd+10003'
-73.8297,40.7055,1,36,'NYBrevoort St10003+NYMetropolitan Ave+10003'
-73.8297,40.7492,0,1,'NY135th St10003|NY135th St10003+NYElder Ave+10003'
-73.8297,40.6993,0,7,'NY120th St10003'
-73.8297,40.7436,0,3,'NY136th St10003+NY60th Ave+10003'
-73.8296,40.7585,2,26,'NYKissena Blvd10003|NYKissena Blvd10003+NY41st Ave+10003|NYKissena Blvd10003+NYMain St+10003|NY41st Ave10003|NY41st Ave10003+NYMain St+10003'
-73.8296,40.7846,1,2,'NY139th St10003'
-73.8296,40.8599,0,3,'NYE Gun Hill Rd10003|NYE Gun Hill Rd10003+NYStillwell Ave+10003'
-73.8296,40.6973,0,8,'NY119th St10003+NY89th Ave+10003|NY89th Ave10003+NYLefferts Blvd+10003'
-73.8296,40.9504,0,1,'NYLake Ave10003+NYElm St+10003|NYElm St10003'
-73.8296,40.8517,0,1,'NYWestchester Ave10003+NYWilkinson Ave+10003|NYWilkinson Ave10003'
-73.8296,40.7707,0,20,'NY139th St10003'
-73.8296,40.7722,0,13,'NY139th St10003'
-73.8296,40.8556,0,3,'NYColonial Ave10003|NYColonial Ave10003+NYPelham Pkwy S+10003'
-73.8296,40.8783,1,19,'NYDreiser Loop10003'
-73.8295,40.5815,0,1,'NYRockaway Beach Dr10003|NYRockaway Beach Dr10003+NYBeach 108th St+10003'
-73.8295,40.7442,0,9,'NY136th St10003+NY59th Ave+10003'
-73.8295,40.8334,0,1,'NYRevere Ave10003'
-73.8295,40.6507,1,2,'NYLockwood Ct10003|NYLockwood Ct10003+NY165th Ave+10003|NY165th Ave10003'
-73.8295,40.9553,0,6,'NYCarpenter Ave10003|NYCarpenter Ave10003+NYRead Ave+10003'
-73.8295,40.8891,0,1,'NYE 233rd St10003+NYMerritt Ave+10003|NYMerritt Ave10003'
-73.8295,40.7019,6,7,'NYState Hwy 2510002+NY121st St+10002|NYHillside Ave10002+NY121st St+10002|NY121st St10003'
-73.8295,40.7582,8,41,'NY41st Ave10003|NY41st Ave10003+NYMain St+10003'
-73.8295,40.6854,2,70,'NY113th St10003+NYLiberty Ave+10003'
-73.8295,40.8224,0,1,'NYRandall Ave10003+NYButterick Ave+10003|NYButterick Ave10003'
-73.8294,40.7374,1,1,'NY137th St10003'
-73.8294,40.8398,0,4,'NYLasalle Ave10003|NYLasalle Ave10003+NYCrosby Ave+10003'
-73.8294,40.7449,0,6,'NY136th St10003+NY58th Rd+10003'
-73.8294,40.7283,4,74,'NY136th St10003+NYJewel Ave+10003'
-73.8294,40.6644,0,1,'NYNassau Expressway Entrance Eb10006|NYNassau Expressway Entrance Eb10006+NYS Conduit Ave+10006|NYS Conduit Ave10006|NYS Conduit Ave10006+NYS Conduit Ave+10006|NYS Conduit Ave10003'
-73.8294,40.7876,0,1,'NY13th Ave10003+NY140th St+10003|NY140th St10003'
-73.8294,40.9441,0,1,'NYValley Rd10003|NYValley Rd10003+NYValley Rd+10003'
-73.8294,40.7516,0,3,'NYCrommelin St10003+NYCherry Ave+10003|NYCrommelin Ave10003+NYCherry Ave+10003|NYCherry Ave10003'
-73.8294,40.7612,0,19,'NY138th St10003+NY38th Ave+10003|NY38th Ave10003'
-73.8294,40.8396,0,6,'NYCrosby Ave10003+NYLasalle Ave+10003|NYLasalle Ave10003'
-73.8294,40.8277,0,1,'NYBrinsmade Ave10003|NYBrinsmade Ave10003+NYLafayette Ave+10003'
-73.8293,40.5811,0,2,'NYBeach 108th St10003+NYFloral Ct Annex+10003|NYFloral Ct Annex10003'
-73.8293,40.7902,0,3,'NY141st St10003+NYNorth Dr+10003|NY141st St10003+NY8th Ave+10003|NYNorth Dr10003|NY8th Ave10003'
-73.8293,40.8442,0,15,'NYHobart Ave10003|NYHobart Ave10003+NYMiddletown Rd+10003'
-73.8293,40.7124,4,27,'NYKew Gardens Rd10003+NY82nd Ave+10003|NY82nd Ave10003'
-73.8293,40.8328,0,1,'NYBruckner Blvd10003+NYRevere Ave+10003|NYRevere Ave10003'
-73.8293,40.8519,0,13,'NYWestchester Ave10003+NYContinental Ave+10003|NYContinental Ave10003'
-73.8293,40.5810,0,1,'NYEll Bea Ct10003|NYEll Bea Ct10003+NYBeach 108th St+10003'
-73.8293,40.7456,1,20,'NY136th St10003+NY58th Ave+10003'
-73.8293,40.9402,0,1,'NYTanglewylde Ave10003+NYWillow Rd+10003|NYWillow Rd10003'
-73.8293,40.7914,0,2,'NY141st St10003|NY141st St10003+NY7th Ave+10003|NY7th Ave10003|NY7th Ave10003+NYPoint Cres+10003|NYPoint Cres10003'
-73.8293,40.7063,0,6,'NYAbingdon Rd10003+NYBrevoort St+10003'
-73.8292,40.7401,6,23,'NY137th St10003|NY137th St10003+NY63rd Ave+10003'
-73.8292,40.9478,0,1,'NYWestview Ave10003'
-73.8292,40.8752,1,37,'NYde Kruif Pl10003'
-73.8291,40.7864,0,5,'NY140th St10003+NY14th Ave+10003'
-73.8291,40.8846,0,2,'NYAllen Pl10003|NYAllen Pl10003+NYDelavall Ave+10003'
-73.8291,40.7575,4,83,'NY41st Rd10003|NY41st Rd10003+NYMain St+10003'
-73.8291,40.7605,0,13,'NY138th St10003|NY138th St10003+NY39th Ave+10003'
-73.8291,40.6783,0,1,'NY110th St10003+NY111th Ave+10003'
-73.8291,40.7122,2,6,'NYKew Gardens Rd10003+NY82nd Ave+10003|NY82nd Ave10003'
-73.8291,40.7657,0,3,'NY137th St10003'
-73.8291,40.6827,0,10,'NY112th St10003+NY107th Ave+10003'
-73.8291,40.7004,0,1,'NYJamaica Ave10003+NY121st St+10003|NY121st St10003'
-73.8291,40.7664,0,18,'NY34th Rd10003|NY34th Rd10003+NYLeavitt St+10003'
-73.8291,40.8557,1,3,'NYPelham Pkwy S10003|NYPelham Pkwy S10003+NYBurr Ave+10003|NYBurr Ave10003'
-73.8291,40.8423,0,12,'NYZulette Ave10003+NYHobart Ave+10003|NYHobart Ave10003'
-73.8291,40.8343,0,7,'NYE Tremont Ave10003+NYHaskin St+10003|NYHaskin St10003'
-73.8291,40.7651,0,6,'NY35th Ave10003+NYLeavitt St+10003'
-73.8291,40.7471,0,4,'NY136th St10003+NY57th Ave+10003|NY57th Ave10003'
-73.8290,40.8826,0,1,'NYRombouts Ave10003'
-73.8290,40.7673,0,2,'NY34th Ave10003'
-73.8290,40.7749,0,4,'NYWhitestone Expressway Exit Sb10003'
-73.8290,40.7054,0,8,'NY123rd St10003|NY123rd St10003+NYMetropolitan Ave+10003'
-73.8290,40.7473,0,2,'NY136th St10003+NYBooth Memorial Ave+10003'
-73.8290,40.8325,0,9,'NYRevere Ave10003|NYRevere Ave10003+NYBruckner Blvd+10003'
-73.8290,40.6803,0,6,'NY111th St10003+NY109th Ave+10003'
-73.8290,40.7098,2,65,'NYTalbot St10003|NYTalbot St10003+NYLefferts Blvd+10003'
-73.8290,40.7897,1,2,'NY141st St10003|NY141st St10003+NYCenter Dr+10003|NY141st St10003+NYSouth Dr+10003|NY141st St10003+NY141st St+10003|NY141st St10003+NY10th Ave+10003|NYCenter Dr10003|NYCenter Dr10003+NYPoint Cres+10003|NYCenter Dr10003+NYSouth Dr+10003|NYCenter Dr10003+NY141st St+10003|NYCenter Dr10003+NY10th Ave+10003|NYCenter Dr10003+NYBoulevard+10003|NYPoint Cres10003|NYPoint Cres10003+NYSouth Dr+10003|NYPoint Cres10003+NY141st St+10003|NYPoint Cres10003+NY10th Ave+10003|NYSouth Dr10003|NYSouth Dr10003+NY141st St+10003|NYSouth Dr10003+NYBoulevard+10003|NY141st St10003+NYBoulevard+10003|NY10th Ave10003|NY10th Ave10003+NYBoulevard+10003|NYBoulevard10003'
-73.8290,40.8298,0,1,'NYQuincy Ave10003+NYBarkley Ave+10003'
-73.8289,40.7070,1,41,'NYBeverly Rd10003|NYBeverly Rd10003+NYBrevoort St+10003'
-73.8289,40.7877,0,1,'NY141st St10003|NY141st St10003+NY13th Ave+10003'
-73.8289,40.7316,6,9,'NY138th St10003'
-73.8289,40.7646,0,4,'NYCarlton Pl10003'
-73.8289,40.7118,2,13,'NYKew Gardens Rd10003+NY82nd Rd+10003|NY82nd Rd10003'
-73.8289,40.8758,0,13,'NYde Kruif Pl10003'
-73.8289,40.6959,0,4,'NY119th St10003+NY91st Ave+10003|NY91st Ave10003+NYLefferts Blvd+10003'
-73.8289,40.8544,1,21,'NYColonial Ave10003+NYE 196th St+10003'
-73.8289,40.8509,0,5,'NYSands Pl10003+NYSchuyler Pl+10003|NYSchuyler Pl10003'
-73.8288,40.5802,0,11,'NYShore Front Pkwy10003+NYBeach 108th St+10003|NYBeach 108th St10003'
-73.8288,40.7021,0,6,'NY122nd St10003+NYState Hwy 25+10003|NY122nd St10003+NYHillside Ave+10003'
-73.8288,40.8483,0,15,'NYBuhre Ave10003+NYParkview Ave+10003'
-73.8288,40.7747,0,1,'NYWhitestone Expy10001+NYWhitestone Expressway Exit Sb+10001|NYWhitestone Expressway Exit Sb10003'
-73.8288,40.9515,1,2,'NYMain St10003|NYMain St10003+NYYonkers Ave+10003|NYYonkers Ave10003'
-73.8288,40.6777,1,7,'NYRockaway Blvd10003+NY110th St+10003|NY110th St10003'
-73.8288,40.9112,0,1,'NYS Fulton Ave10003+NYE 1st St+10003'
-73.8288,40.9218,0,1,'NYClaremont Ave10003'
-73.8288,40.8358,0,11,'NYBaisley Ave10003+NYEdison Ave+10003'
-73.8288,40.7004,1,1,'NYJamaica Ave10003+NY121st St+10003|NY121st St10003'
-73.8288,40.7518,0,7,'NYSaull St10003+NYCherry Ave+10003'
-73.8288,40.7842,0,2,'NY140th St10003'
-73.8288,40.9107,0,1,'NYS Fulton Ave10003+NYWashington St+10003|NYWashington St10003'
-73.8287,40.7074,0,21,'NYBrevoort St10003|NYBrevoort St10003+NYCuthbert Rd+10003'
-73.8287,40.7115,0,9,'NYKew Gardens Rd10003+NY82nd Rd+10003|NY82nd Rd10003'
-73.8287,40.7638,8,28,'NYLeavitt St10003|NYLeavitt St10003+NYState Hwy 25 Alt+10003|NYLeavitt St10003+NYNorthern Blvd+10003'
-73.8287,40.8444,0,3,'NYJarvis Ave10003|NYJarvis Ave10003+NYMiddletown Rd+10003'
-73.8287,40.9588,0,1,'NYTreadwell Pl10003|NYTreadwell Pl10003+NYCarpenter Ave+10003'
-73.8287,40.6656,1,2,'NYSouthern Parkway Exit Wb10003'
-73.8287,40.8426,0,6,'NYMerry Ave10003+NYZulette Ave+10003'
-73.8287,40.9501,0,2,'NYLibrary Ln10003|NYLibrary Ln10003+NYOak Ave+10003'
-73.8287,40.7495,0,1,'NY136th St10003|NY136th St10003+NYElder Ave+10003'
-73.8286,40.8337,0,4,'NYMeyers St10003|NYMeyers St10003+NYE Tremont Ave+10003'
-73.8286,40.7685,0,11,'NY32nd Ave10003+NY140th St+10003|NY140th St10003'
-73.8286,40.7707,0,11,'NY140th St10003|NY140th St10003+NY31st Rd+10003'
-73.8286,40.9512,0,4,'NYMain St10003+NYLake Ave+10003|NYScarsdale Rd10003|NYScarsdale Rd10003+NYLake Ave+10003'
-73.8286,40.7746,2,14,'NYWhitestone Expy10006+NY141st St+10006|NY141st St10003'
-73.8286,40.9410,0,3,'NYTanglewylde Ave10003+NYVine St+10003|NYVine St10003'
-73.8286,40.8281,0,1,'NYLafayette Ave10003+NYSwinton Ave+10003'
-73.8286,40.6976,0,2,'NY89th Ave10003+NY120th St+10003'
-73.8286,40.9043,1,0,'NYFranklin Ave10003+NYJackson St+10003'
-73.8286,40.8463,0,31,'NYMahan Ave10003+NYRoberts Ave+10003'
-73.8286,40.7308,1,23,'NY138th St10003+NY68th Dr+10003'
-73.8285,40.8523,0,8,'NYWestchester Ave10003+NYSt Pauls Ave+10003|NYSt Pauls Ave10003'
-73.8285,40.7286,1,42,'NY137th St10003|NY137th St10003+NYJewel Ave+10003'
-73.8285,40.7374,0,18,'NY64th Rd10003|NY64th Rd10003+NY138th St+10003|NY138th St10003'
-73.8285,40.7877,0,1,'NY141st St10003|NY141st St10003+NY13th Ave+10003'
-73.8285,40.8445,0,8,'NYMiddletown Rd10003+NYJarvis Ave+10003'
-73.8284,40.8265,0,1,'NYBrinsmade Ave10003'
-73.8284,40.7679,0,1,'NYLeavitt St10003+NY33rd Ave+10003|NY33rd Ave10003'
-73.8284,40.7267,2,16,'NY136th St10003+NY70th Rd+10003|NY70th Rd10003'
-73.8284,40.8375,1,13,'NYCrosby Ave10003+NYPaine St+10003|NYPaine St10003'
-73.8284,40.6552,0,1,'NY104th St10003+NYWilliams Ct+10003|NYWilliams Ct10003'
-73.8284,40.8767,0,3,'NYDebs Pl10003'
-73.8284,40.7093,1,66,'NY83rd Dr10003|NY83rd Dr10003+NYTalbot St+10003'
-73.8284,40.7111,0,22,'NYKew Gardens Rd10003+NYMowbray Dr+10003|NYKew Gardens Rd10003+NY82nd Dr+10003|NYMowbray Dr10003|NYMowbray Dr10003+NY82nd Dr+10003|NY82nd Dr10003'
-73.8284,40.8333,0,5,'NYE Tremont Ave10003+NYBruckner Blvd+10003'
-73.8283,40.9509,0,1,'NYScarsdale Rd10003'
-73.8283,40.9497,0,1,'NYWestview Ave10003|NYWestview Ave10003+NYSagamore Rd+10003'
-73.8283,40.6907,2,26,'NY97th Ave10003|NY97th Ave10003+NY117th St+10003'
-73.8283,40.7554,2,67,'NYMaple Ave10003+NYMain St+10003'
-73.8283,40.7865,0,2,'NY141st St10003+NY14th Ave+10003'
-73.8283,40.8710,0,8,'NYAdler Pl10003'
-73.8283,40.8331,0,2,'NYBruckner Expy10001+NYE Tremont Ave+10001|NYE Tremont Ave10003+NYI 95+10003'
-73.8283,40.8441,0,8,'NYJarvis Ave10003|NYJarvis Ave10003+NYJarvis Ave+10003'
-73.8283,40.8785,0,8,'NYDreiser Loop10003'
-73.8283,40.9366,0,2,'NYVillage Ln10003'
-73.8282,40.8610,1,0,'NYE Gun Hill Rd10003|NYE Gun Hill Rd10003+NYHutchinson River Pkwy+10003|NYNew England Thruway10001+NYHutchinson River Pkwy+10001|NYI 9510001+NYHutchinson River Pkwy+10001'
-73.8282,40.8802,0,1,'NYGivan Ave10003'
-73.8282,40.9437,0,4,'NYValley Rd10003|NYValley Rd10003+NYPrescott Ave+10003'
-73.8282,40.6547,1,1,'NY104th St10003+NYDunton Ct+10003|NYDunton Ct10003'
-73.8282,40.7512,1,1,'NYCrommelin St10003|NYCrommelin St10003+NYDahlia Ave+10003|NYDahlia Ave10003|NYDahlia Ave10003+NYCrommelin Ave+10003|NYCrommelin Ave10003'
-73.8282,40.8330,0,6,'NYE Tremont Ave10003+NYBruckner Blvd+10003'
-73.8282,40.7051,0,7,'NYMetropolitan Ave10003+NY124th St+10003|NY124th St10003'
-73.8282,40.7005,4,6,'NY122nd St10003|NY122nd St10003+NYJamaica Ave+10003'
-73.8282,40.8302,0,2,'NYCalhoun Ave10003+NYBarkley Ave+10003'
-73.8282,40.8669,0,2,'NYBay Plz10003+NYCo Op City Blvd+10003|NYCo Op City Blvd10003|NYCo Op City Blvd10003+NYThe Mall at Bay Plz+10003'
-73.8281,40.8612,1,0,'NYBruckner Expy10001|NYBruckner Expy10001+NYNew England Thruway+10001|NYBruckner Expy10001+NYHutchinson River Pkwy+10001|NYNew England Thruway10001|NYNew England Thruway10001+NYHutchinson River Pkwy+10001|NYI 9510001+NYHutchinson River Pkwy+10001'
-73.8281,40.7080,0,53,'NYAustin St10003+NY84th Rd+10003|NY84th Rd10003'
-73.8281,40.6786,1,3,'NY111th St10003+NY111th Ave+10003'
-73.8281,40.8432,0,5,'NYZulette Ave10003+NYHollywood Ave+10003'
-73.8281,40.7278,1,24,'NY137th St10003+NY70th Ave+10003|NY70th Ave10003'
-73.8281,40.7109,0,32,'NYKew Gardens Rd10003+NYLefferts Blvd+10003|NYKew Gardens Rd10003+NY83rd Ave+10003|NYLefferts Blvd10003|NY83rd Ave10003'
-73.8281,40.6661,0,3,'NY114th St10003'
-73.8281,40.8387,0,13,'NYWaterbury Ave10003+NYHobart Ave+10003'
-73.8281,40.7470,0,13,'NYBooth Memorial Ave10003+NY137th St+10003|NY137th St10003'
-73.8281,40.6806,0,14,'NY112th St10003+NY109th Ave+10003'
-73.8280,40.8362,0,1,'NYBaisley Ave10003+NYB St+10003|NYB St10003'
-73.8280,40.8547,0,4,'NYE 196th St10003|NYE 196th St10003+NYBurr Ave+10003'
-73.8280,40.9508,0,1,'NYOak Ave10003'
-73.8280,40.6941,7,14,'NY119th St10003+NYAtlantic Ave+10003|NYAtlantic Ave10003+NYLefferts Blvd+10003'
-73.8280,40.8486,1,15,'NYWillow Ln10003|NYWillow Ln10003+NYBuhre Ave+10003|NYWillow Ln10003+NYBruckner Blvd+10003|NYBuhre Ave10003|NYBuhre Ave10003+NYBruckner Blvd+10003'
-73.8280,40.7576,0,20,'NYBarclay Ave10003|NYBarclay Ave10003+NYKissena Blvd+10003'
-73.8279,40.8720,0,6,'NYAdler Pl10003'
-73.8279,40.8413,0,4,'NYMerry Ave10003+NYCoddington Ave+10003'
-73.8279,40.7223,8,1,'NYVan Wyck Expy10001+NYGrnd Cntrl Parkway Exit Wb+10001|NYGrnd Cntrl Parkway Exit Wb10003'
-73.8279,40.8232,0,1,'NYRandall Ave10003+NYBalcom Ave+10003|NYBalcom Ave10003'
-73.8279,40.7420,6,20,'NY138th St10003+NY61st Rd+10003|NY61st Rd10003'
-73.8279,40.6962,0,2,'NY91st Ave10003+NY120th St+10003'
-73.8279,40.7485,0,10,'NY56th Ave10003|NY56th Ave10003+NY137th St+10003'
-73.8278,40.7731,1,31,'NY28th Rd10003|NY28th Rd10003+NY28th Ave+10003|NY28th Rd10003+NY141st St+10003|NY28th Ave10003|NY28th Ave10003+NY141st St+10003|NY141st St10003'
-73.8278,40.6937,2,7,'NY119th St10003+NY94th Ave+10003|NY94th Ave10003|NY94th Ave10003+NYLefferts Blvd+10003'
-73.8278,40.7543,1,32,'NYFranklin Ave10003+NYMain St+10003'
-73.8278,40.8526,2,8,'NYColonial Ave10003|NYColonial Ave10003+NYWestchester Ave+10003'
-73.8278,40.8823,0,2,'NYTillotson Ave10003+NYDelavall Ave+10003|NYDelavall Ave10003'
-73.8278,40.8349,0,8,'NYHaskin St10003|NYHaskin St10003+NYEdison Ave+10003'
-73.8278,40.7817,0,8,'NY20th Ave10003+NYPetracca Pl+10003|NYPetracca Pl10003'
-73.8278,40.8284,1,33,'NYLafayette Ave10003+NYQuincy Ave+10003'
-73.8278,40.7841,0,4,'NY141st St10003'
-73.8278,40.7760,2,20,'NYWhitestone Expy10006+NY25th Rd+10006|NY25th Rd10003'
-73.8278,40.8803,0,2,'NYGivan Ave10003+NYRombouts Ave+10003'
-73.8278,40.7087,0,28,'NYTalbot St10003+NY84th Ave+10003|NY84th Ave10003'
-73.8278,40.9392,0,1,'NYMidland Ave10003+NYHawthorne Rd+10003|NYHawthorne Rd10003'
-73.8277,40.7425,1,2,'NYHorace Harding Expy10003|NYHorace Harding Expy10003+NY138th St+10003|NYHorace Harding Blvd10003|NYHorace Harding Blvd10003+NY138th St+10003|NY138th St10003'
-73.8277,40.8466,1,6,'NYParkview Ave10003+NYRoberts Ave+10003'
-73.8277,40.6528,1,0,'NY163rd Dr10003|NY163rd Dr10003+NY104th St+10003|NY163rd Dr10003+NYJames Ct+10003|NY104th St10003+NYJames Ct+10003|NYJames Ct10003'
-73.8277,40.7106,4,112,'NYKew Gardens Rd10003+NYLefferts Blvd+10003|NYLefferts Blvd10003'
-73.8277,40.7429,0,5,'NY138th St10003|NY138th St10003+NYHorace Harding Blvd+10003'
-73.8277,40.7661,2,33,'NY34th Rd10003'
-73.8277,40.9231,0,1,'NYClaremont Ave10003+NYE Grand St+10003'
-73.8277,40.7039,0,9,'NY85th Ave10003+NY124th St+10003'
-73.8277,40.8324,0,3,'NYOtis Ave10003|NYOtis Ave10003+NYE Tremont Ave+10003'
-73.8277,40.8399,0,1,'NYMerry Ave10003|NYMerry Ave10003+NYLasalle Ave+10003'
-73.8277,40.8356,0,2,'NYB St10003'
-73.8277,40.7271,0,12,'NY137th St10003+NY70th Rd+10003'
-73.8277,40.9506,0,1,'NYDepot Sq10003|NYDepot Sq10003+NYColumbus Ave+10003|NYColumbus Ave10003'
-73.8277,40.8503,0,3,'NYArnow Pl10003|NYArnow Pl10003+NYBruckner Blvd+10003'
-73.8277,40.5826,0,10,'NYRockaway Beach Blvd10003+NYBeach 106th St+10003|NYBeach 106th St10003'
-73.8277,40.7499,0,2,'NYElder Ave10003|NYElder Ave10003+NYPeck Ave+10003|NYElder Ave10003+NY137th St+10003|NYPeck Ave10003|NYPeck Ave10003+NY137th St+10003|NY137th St10003'
-73.8276,40.7434,0,4,'NY138th St10003+NY60th Ave+10003'
-73.8276,40.7051,0,5,'NY124th Pl10003|NY124th Pl10003+NYMetropolitan Ave+10003'
-73.8276,40.8363,0,2,'NYCrosby Ave10003+NYBaisley Ave+10003'
-73.8276,40.6775,1,3,'NYRockaway Blvd10003+NY111th St+10003|NY111th St10003'
-73.8276,40.6523,0,2,'NY104th St10003+NY164th Ave+10003|NY104th St10003+NYMcKee Ave+10003|NY164th Ave10003|NY164th Ave10003+NYMcKee Ave+10003|NYMcKee Ave10003'
-73.8276,40.8447,0,15,'NYMahan Ave10003+NYMiddletown Rd+10003'
-73.8276,40.9394,0,1,'NYMidland Ave10003+NYWillow Rd+10003|NYWillow Rd10003'
-73.8276,40.7250,5,9,'NYPark Dr E10003+NY72nd Ave+10003|NYPark Dr E10003+NYGrnd Cntrl Parkway Exit Wb+10003|NY72nd Ave10003|NY72nd Ave10003+NYGrnd Cntrl Parkway Exit Wb+10003|NYGrnd Cntrl Parkway Exit Wb10003'
-73.8275,40.7289,1,41,'NY138th St10003|NY138th St10003+NYJewel Ave+10003'
-73.8275,40.7878,0,1,'NY142nd St10003|NY142nd St10003+NY13th Ave+10003'
-73.8275,40.7665,0,5,'NY34th Ave10003'
-73.8275,40.7688,0,10,'NY32nd Ave10003+NYLeavitt St+10003|NYLeavitt St10003'
-73.8275,40.7440,0,4,'NY138th St10003+NY59th Ave+10003'
-73.8275,40.8437,0,4,'NYZulette Ave10003|NYZulette Ave10003+NYJarvis Ave+10003'
-73.8275,40.6979,0,1,'NY121st St10003+NY89th Ave+10003'
-73.8275,40.6679,1,15,'NY114th St10003+NY150th Ave+10003|NY150th Ave10003'
-73.8275,40.7624,0,27,'NYCongressman Rosenthal Pl10003+NYUnion St+10003'
-73.8275,40.9271,0,1,'NYCentral Pkwy10003+NYE Devonia Ave+10003'
-73.8275,40.8259,0,1,'NYPhilip Ave10003|NYPhilip Ave10003+NYCross Bronx Exwy Svc Rd+10003'
-73.8275,40.8764,1,15,'NYDebs Pl10003'
-73.8275,40.8344,0,1,'NYMeyers St10003|NYMeyers St10003+NYEdison Ave+10003'
-73.8275,40.7073,0,8,'NYAustin St10003+NY84th Dr+10003|NY84th Dr10003'
-73.8275,40.6909,0,15,'NY97th Ave10003+NY118th St+10003'
-73.8274,40.9344,0,1,'NYByway10003|NYByway10003+NYPondfield Rd+10003|NYByway10003+NYLeggett Rd+10003|NYLeggett Rd10003'
-73.8274,40.8510,0,14,'NYSands Pl10003|NYSands Pl10003+NYBruckner Blvd+10003'
-73.8274,40.8151,0,1,'NYMiles Ave10003+NYHosmer Ave+10003|NYHosmer Ave10003'
-73.8274,40.6832,2,10,'NY107th Ave10003+NY114th St+10003'
-73.8274,40.7447,0,8,'NY138th St10003+NY58th Rd+10003'
-73.8274,40.8596,0,2,'NYBassett Ave10003'
-73.8274,40.7128,7,71,'NYState Hwy 2510002+NY82nd Ave+10002|NYQueens Blvd10002+NY82nd Ave+10002|NY82nd Ave10003'
-73.8274,40.7533,1,28,'NYBlossom Ave10003|NYBlossom Ave10003+NYMain St+10003'
-73.8274,40.8306,0,5,'NYRevere Ave10003+NYBarkley Ave+10003'
-73.8274,40.9465,0,1,'NYHughes Pl10003'
-73.8274,40.8528,1,6,'NYWestchester Ave10003|NYWestchester Ave10003+NYBruckner Blvd+10003|NYWestchester Ave10003+NYBurr Ave+10003|NYBruckner Blvd10003|NYBruckner Blvd10003+NYBurr Ave+10003|NYBurr Ave10003'
-73.8274,40.7669,0,16,'NY34th Ave10003'
-73.8273,40.8594,0,1,'NYErskine Pl10003'
-73.8273,40.7061,0,1,'NY124th Pl10003|NY124th Pl10003+NYCuthbert Rd+10003|NYCuthbert Rd10003'
-73.8273,40.7454,0,4,'NY138th St10003+NY58th Ave+10003'
-73.8273,40.7866,0,1,'NY142nd St10003+NY14th Ave+10003'
-73.8273,40.7925,0,17,'NY7th Ave10003|NY7th Ave10003+NY7th Ave+10003|NY7th Ave10003+NY144th St+10003|NY7th Ave10003+NYBoulevard+10003|NY7th Ave10003+NYMalba Dr+10003|NY7th Ave10003+NYThe Boulevard+10003|NYThe Boulevard10003|NYThe Boulevard10003+NY144th St+10003|NYThe Boulevard10003+NYBoulevard+10003|NYThe Boulevard10003+NYMalba Dr+10003|NY144th St10003+NYBoulevard+10003|NYBoulevard10003|NYBoulevard10003+NYBoulevard+10003|NYBoulevard10003+NYMalba Dr+10003'
-73.8273,40.8129,0,8,'NYHarding Ave10003|NYHarding Ave10003+NYEmerson Ave+10003'
-73.8272,40.8365,0,4,'NYHobart Ave10003|NYHobart Ave10003+NYBaisley Ave+10003'
-73.8272,40.7007,0,19,'NYJamaica Ave10003+NY123rd St+10003'
-73.8272,40.6503,0,1,'NY104th St10003'
-73.8272,40.8533,0,20,'NYWestchester Ave10003|NYWchester Ave10003'
-73.8272,40.6645,2,1,'NYS Conduit Ave10003'
-73.8272,40.7100,1,32,'NY83rd Dr10003|NY83rd Dr10003+NYKew Gardens Rd+10003'
-73.8272,40.7151,5,18,'NY80th Ave10003+NY126th St+10003|NYUnion Tpke10003+NY126th St+10003|NY126th St10003'
-73.8272,40.6788,0,12,'NY112th St10003+NY111th Ave+10003'
-73.8272,40.8517,1,3,'NYWilkinson Ave10003+NYBruckner Blvd+10003'
-73.8272,40.7770,1,2,'NY25th Ave10003|NY25th Ave10003+NYWhitestone Expy+10003'
-73.8271,40.7260,0,3,'NY136th St10003+NY71st Rd+10003|NY71st Rd10003'
-73.8271,40.7545,0,58,'NYColden St10003|NYColden St10003+NYFranklin Ave+10003'
-73.8271,40.7617,0,22,'NY38th Ave10003'
-73.8271,40.7127,3,62,'NY82nd Ave10003|NY82nd Ave10003+NYState Hwy 25+10003|NY82nd Ave10003+NYQueens Blvd+10003'
-73.8271,40.7081,0,20,'NYTalbot St10003|NYTalbot St10003+NY84th Rd+10003|NYTalbot St10003+NY125th St+10003|NY84th Rd10003+NY125th St+10003|NY125th St10003'
-73.8271,40.8317,0,2,'NYE Tremont Ave10003+NYGreene Pl+10003|NYGreene Pl10003'
-73.8271,40.7468,0,24,'NY138th St10003+NYBooth Memorial Ave+10003'
-73.8271,40.6661,0,1,'NY114th Pl10003'
-73.8271,40.7571,0,15,'NYKissena Blvd10003+NYSanford Ave+10003'
-73.8271,40.8339,0,1,'NYBruckner Blvd10003+NYEdison Ave+10003|NYEdison Ave10003'
-73.8271,40.7251,0,7,'NY136th St10003|NY136th St10003+NY72nd Ave+10003'
-73.8271,40.7836,0,1,'NYPetracca Pl10003'
-73.8271,40.7025,1,43,'NYState Hwy 2510002+NY124th St+10002|NYHillside Ave10002+NY124th St+10002'
-73.8271,40.7675,0,4,'NY33rd Ave10003'
-73.8270,40.7935,0,1,'NY5th Ave10003|NY5th Ave10003+NY144th St+10003|NY5th Ave10003+NYSummit Pl+10003|NY5th Ave10003+NYMalba Dr+10003|NY144th St10003+NYSummit Pl+10003|NYSummit Pl10003|NYSummit Pl10003+NYMalba Dr+10003'
-73.8270,40.8288,0,3,'NYCalhoun Ave10003+NYLafayette Ave+10003'
-73.8270,40.7074,0,1,'NY84th Dr10003|NY84th Dr10003+NY125th St+10003'
-73.8270,40.8262,0,1,'NYPhilip Ave10003+NYSwinton Ave+10003'
-73.8270,40.6943,0,6,'NYAtlantic Ave10003+NY120th St+10003'
-73.8270,40.9402,0,4,'NYMidland Ave10003+NYVine St+10003|NYVine St10003'
-73.8270,40.8825,0,1,'NYTillotson Ave10003+NYMerritt Ave+10003|NYMerritt Ave10003'
-73.8270,40.6697,0,2,'NY114th St10003+NY149th Ave+10003|NY149th Ave10003'
-73.8269,40.8361,2,3,'NYHobart Ave10003'
-73.8269,40.7317,0,6,'NY140th St10003'
-73.8269,40.9487,0,1,'NYFairview Ave10003+NYGarfield St+10003|NYGarfield St10003'
-73.8269,40.7093,0,52,'NYKew Gardens Rd10003+NY84th Ave+10003|NY84th Ave10003'
-73.8269,40.7069,0,10,'NYAustin St10003+NY125th St+10003|NY125th St10003'
-73.8269,40.9512,0,1,'NYUnderhill St10003|NYUnderhill St10003+NYColumbus Ave+10003'
-73.8269,40.8399,1,4,'NYLasalle Ave10003+NYHollywood Ave+10003'
-73.8269,40.7836,1,2,'NY142nd St10003'
-73.8269,40.7525,0,22,'NYCherry Ave10003+NYMain St+10003'
-73.8269,40.8469,0,6,'NYBruckner Blvd10003+NYRoberts Ave+10003|NYRoberts Ave10003'
-73.8269,40.7611,0,12,'NY39th Ave10003'
-73.8269,40.7268,1,23,'NY137th St10003|NY137th St10003+NY71st Ave+10003|NY71st Ave10003'
-73.8269,40.8387,0,2,'NYWaterbury Ave10003+NYHollywood Ave+10003'
-73.8268,40.7680,0,7,'NY33rd Ave10003'
-73.8268,40.6858,4,46,'NY116th St10003+NYLiberty Ave+10003'
-73.8268,40.7969,1,0,'NYWhitestone Expy10006'
-73.8268,40.6965,0,8,'NY91st Ave10003|NY91st Ave10003+NY121st St+10003'
-73.8268,40.6940,2,1,'NY94th Ave10003|NY94th Ave10003+NY120th St+10003'
-73.8268,40.8336,0,3,'NYBruckner Blvd10003+NYEdison Ave+10003|NYEdison Ave10003'
-73.8268,40.9588,0,1,'NYPennsylvania Ave10003|NYPennsylvania Ave10003+NYPennsylvania Ave+10003'
-73.8268,40.8790,1,16,'NYCo Op City Blvd10003+NYRombouts Ave+10003|NYRombouts Ave10003|NYRombouts Ave10003+NYCarver Loop+10003|NYCarver Loop10003'
-73.8268,40.8367,0,10,'NYHobart Ave10003|NYHobart Ave10003+NYBaisley Ave+10003'
-73.8267,40.8451,0,14,'NYParkview Ave10003|NYParkview Ave10003+NYMiddletown Rd+10003'
-73.8267,40.8607,1,5,'NYde Reimer Ave10003|NYde Reimer Ave10003+NYStillwell Ave+10003|NYStillwell Ave10003'
-73.8267,40.7497,0,2,'NY138th St10003|NY138th St10003+NYPeck Ave+10003'
-73.8267,40.7007,0,7,'NYJamaica Ave10003+NY124th St+10003|NY124th St10003'
-73.8267,40.7231,0,10,'NYPark Dr E10003+NY73rd Ter+10003|NY73rd Ter10003'
-73.8267,40.8218,0,3,'NYSchley Ave10003+NYBalcom Ave+10003'
-73.8267,40.7314,0,7,'NY140th St10003|NY140th St10003+NY68th Dr+10003'
-73.8267,40.7170,11,5,'NYI 67810001+NYUnion Tpke+10001|NYUnion Tpke10003+NYVan Wyck Expy+10003'
-73.8267,40.8120,0,2,'NYSchurz Ave10003|NYSchurz Ave10003+NYEmerson Ave+10003|NYEmerson Ave10003'
-73.8267,40.9491,0,1,'NYFairview Ave10003+NYGrant St+10003|NYGrant St10003'
-73.8266,40.9406,1,7,'NYMidland Ave10003+NYEdgehill Clse+10003|NYEdgehill Clse10003'
-73.8266,40.9441,0,1,'NYPark Ave10003+NYSycamore St+10003|NYPark Ave10003+NYMorningside Cir+10003|NYSycamore St10003|NYSycamore St10003+NYMorningside Cir+10003|NYMorningside Cir10003'
-73.8266,40.8621,1,1,'NYPalmer Ave10003|NYPalmer Ave10003+NYHutchinson River Pkwy E+10003|NYHutchinson River Pkwy E10003'
-73.8266,40.6677,0,5,'NY114th Pl10003+NY150th Ave+10003'
-73.8266,40.6834,2,26,'NY115th St10003+NY107th Ave+10003'
-73.8266,40.6912,7,21,'NY119th St10003+NY97th Ave+10003|NY97th Ave10003+NYLefferts Blvd+10003'
-73.8266,40.8729,1,15,'NYBroun Pl10003'
-73.8266,40.9361,0,1,'NYMasterton Rd10003+NYByway+10003|NYByway10003'
-73.8266,40.7716,0,1,'NY29th Rd10003'
-73.8266,40.7723,0,1,'NY29th Ave10003'
-73.8266,40.7419,1,8,'NY61st Rd10003'
-73.8266,40.7700,0,11,'NY31st Dr10003'
-73.8266,40.7706,1,1,'NY31st Rd10003'
-73.8265,40.8155,0,1,'NYRobinson Ave10003+NYMiles Ave+10003'
-73.8265,40.7605,2,73,'NYUnion St10003+NYRoosevelt Ave+10003'
-73.8265,40.7081,0,11,'NYKew Gardens Rd10003+NY84th Rd+10003|NY84th Rd10003'
-73.8265,40.7314,0,3,'NY140th St10003|NY140th St10003+NY68th Dr+10003'
-73.8265,40.8516,0,5,'NYWilkinson Ave10003'
-73.8265,40.8310,0,3,'NYE Tremont Ave10003+NYBarkley Ave+10003'
-73.8265,40.7182,3,2,'NYVan Wyck Expy10001|NYVan Wyck Expy10001+NYI 678+10001|NYVan Wyck Expy10001+NYVan Wyck Expy+10001|NYI 67810001|NYI 67810001+NYI 678+10001|NYI 67810001+NYVan Wyck Expy+10001'
-73.8265,40.7174,11,10,'NYVan Wyck Expy10001+NYGrnd Cntrl Parkway Entrance Wb+10001|NYGrnd Cntrl Parkway Entrance Wb10003|NYGrnd Cntrl Parkway Entrance Wb10003+NYI 678+10003'
-73.8265,40.7731,0,13,'NY28th Ave10003'
-73.8264,40.6773,0,9,'NYRockaway Blvd10003+NY112th St+10003|NY112th St10003'
-73.8264,40.7124,13,276,'NYState Hwy 2510002+NY82nd Rd+10002|NY82nd Rd10003|NY82nd Rd10003+NYQueens Blvd+10003'
-73.8264,40.7954,0,3,'NYParsons Blvd10003+NY3rd Ave+10003|NY3rd Ave10003'
-73.8264,40.7171,2,1,'NYVan Wyck Expy10001+NYUnion Tpke+10001|NYUnion Tpke10003+NYI 678+10003'
-73.8264,40.8132,0,4,'NYHarding Ave10003+NYHosmer Ave+10003'
-73.8264,40.7158,13,5,'NYI 67810001+NYInterborough Pkwy+10001|NYInterborough Pkwy10002|NYInterborough Pkwy10002+NYVan Wyck Expy+10002'
-73.8264,40.8532,0,6,'NYWestchester Ave10003|NYWchester Ave10003'
-73.8264,40.8600,0,1,'NYBassett Ave10003|NYBassett Ave10003+NYde Reimer Ave+10003|NYBassett Ave10003+NYDereimer Ave+10003|NYde Reimer Ave10003|NYde Reimer Ave10003+NYde Reimer Ave+10003|NYde Reimer Ave10003+NYDereimer Ave+10003|NYDereimer Ave10003'
-73.8264,40.6715,0,1,'NY114th St10003+NY135th Ave+10003|NY135th Ave10003'
-73.8264,40.7880,0,1,'NY13th Ave10003'
-73.8264,40.7043,0,4,'NY125th St10003+NY85th Ave+10003'
-73.8264,40.7867,0,2,'NY143rd St10003+NY14th Ave+10003'
-73.8264,40.6811,0,4,'NY109th Ave10003+NY114th St+10003'
-73.8264,40.7519,3,24,'NYDahlia Ave10003|NYDahlia Ave10003+NYMain St+10003'
-73.8264,40.7009,0,4,'NYJamaica Ave10003+NY124th St+10003|NY124th St10003'
-73.8263,40.6791,0,2,'NY113th St10003+NY111th Ave+10003'
-73.8263,40.7046,0,2,'NY125th St10003|NY125th St10003+NYMetropolitan Ave+10003'
-73.8263,40.7052,0,1,'NY125th St10003'
-73.8263,40.6983,0,2,'NY89th Ave10003+NY123rd St+10003|NY123rd St10003'
-73.8263,40.6734,0,1,'NY133rd Ave10003'
-73.8263,40.8330,0,3,'NYOtis Ave10003+NYEdison Ave+10003'
-73.8263,40.7527,0,7,'NYByrd St10003|NYByrd St10003+NYCherry Ave+10003'
-73.8263,40.7155,1,1,'NYI 67810001+NYGrnd Cntrl Parkway Entrance Eb+10001|NYGrnd Cntrl Parkway Entrance Eb10003|NYGrnd Cntrl Parkway Entrance Eb10003+NYVan Wyck Expy+10003'
-73.8263,40.7745,1,30,'NY26th Ave10003'
-73.8262,40.8430,0,20,'NYCountry Club Rd10003|NYCountry Club Rd10003+NYJarvis Ave+10003|NYJarvis Ave10003|NYJarvis Ave10003+NYBruckner Blvd+10003'
-73.8262,40.9497,0,1,'NYFairview Ave10003|NYFairview Ave10003+NYCameron Pl+10003|NYCameron Pl10003'
-73.8262,40.7398,1,16,'NY64th Ave10003|NY64th Ave10003+NY63rd Ave+10003'
-73.8262,40.9089,0,1,'NYLangdon Ave10003'
-73.8262,40.8344,0,1,'NYLogan Ave10003|NYLogan Ave10003+NYCrosby Ave+10003|NYCrosby Ave10003|NYCrosby Ave10003+NYBruckner Blvd+10003'
-73.8262,40.7680,0,1,'NY33rd Ave10003+NY143rd St+10003|NY143rd St10003'
-73.8262,40.8292,0,11,'NYRevere Ave10003+NYLafayette Ave+10003'
-73.8262,40.8266,0,18,'NYPhilip Ave10003+NYQuincy Ave+10003'
-73.8262,40.8438,0,1,'NYMahan Ave10003|NYMahan Ave10003+NYBruckner Blvd+10003'
-73.8262,40.8369,0,3,'NYBaisley Ave10003+NYHollywood Ave+10003'
-73.8262,40.7308,0,3,'NY69th Ave10003|NY69th Ave10003+NY140th St+10003'
-73.8262,40.8695,1,13,'NYBartow Ave10003+NYCo Op City Blvd+10003'
-73.8262,40.7890,0,5,'NY11th Ave10003+NY143rd Pl+10003|NY143rd Pl10003'
-73.8262,40.7674,0,20,'NY143rd St10003'
-73.8261,40.7155,2,0,'NYGrnd Cntrl Parkway Entrance Eb10003'
-73.8261,40.7246,0,3,'NY72nd Rd10003|NY72nd Rd10003+NY136th St+10003|NY136th St10003'
-73.8261,40.6661,1,5,'NY115th St10003'
-73.8261,40.8848,0,1,'NYHollers Ave10003+NYNoell Ave+10003|NYNoell Ave10003'
-73.8261,40.8453,0,9,'NYBruckner Blvd10003+NYMiddletown Rd+10003|NYMiddletown Rd10003'
-73.8261,40.7077,0,8,'NYKew Gardens Rd10003+NY126th St+10003|NY126th St10003'
-73.8261,40.8564,0,2,'NYBruckner Expy10001+NYBronx and Pelham Pkwy+10001'
-73.8261,40.8738,1,8,'NYBenchley Pl10003'
-73.8261,40.8551,0,1,'NYBruckner Blvd10003'
-73.8261,40.8414,0,8,'NYBruckner Blvd10003+NYCoddington Ave+10003|NYCoddington Ave10003'
-73.8261,40.7460,14,39,'NY57th Rd10003|NY57th Rd10003+NYMain St+10003'
-73.8261,40.9613,0,1,'NYSchool Ln10003'
-73.8261,40.5830,0,2,'NYBeach 105th St10003+NYRockaway Beach Blvd+10003'
-73.8261,40.7173,2,0,'NYGrnd Cntrl Parkway Entrance Wb10003'
-73.8261,40.8842,1,3,'NYNew England Thruway10001+NYConner St+10001|NYI 9510001+NYConner St+10001'
-73.8260,40.8865,0,2,'NYUS Hwy 110002+NYPeartree Ave+10002|NYPeartree Ave10003|NYPeartree Ave10003+NYBoston Rd+10003'
-73.8260,40.6696,0,4,'NY114th Pl10003+NY149th Ave+10003'
-73.8260,40.7849,0,6,'NY143rd St10003|NY143rd St10003+NY15th Ave+10003|NY15th Ave10003'
-73.8260,40.7791,3,9,'NYWhitestone Expy10006+NY22nd Rd+10006|NY22nd Rd10003'
-73.8260,40.7798,0,1,'NYWhitestone Expressway en Sb10003|NYWhitestone Expressway en Sb10003+NYI 678+10003|NYWhitestone Expressway en Sb10003+NYWhitestone Expy+10003|NYWhitestone Expressway en Sb10003+NYWhitestone Expressway Exit Naval Base+10003|NYI 67810001+NYWhitestone Expressway Exit Naval Base+10001|NYWhitestone Expy10001+NYWhitestone Expressway Exit Naval Base+10001|NYWhitestone Expressway Exit Naval Base10003'
-73.8260,40.8628,0,16,'NYBoller Ave10003|NYBoller Ave10003+NYHutchinson River Pkwy E+10003'
-73.8260,40.7483,1,9,'NY56th Ave10003+NYMain St+10003'
-73.8260,40.8304,0,1,'NYSommer Pl10003|NYSommer Pl10003+NYE Tremont Ave+10003'
-73.8260,40.8400,0,3,'NYLasalle Ave10003|NYLasalle Ave10003+NYBruckner Blvd+10003'
-73.8259,40.7644,11,77,'NYState Hwy 25 Alt10002+NYBowne St+10002|NYNorthern Blvd10002+NYBowne St+10002|NYBowne St10003'
-73.8259,40.6859,0,13,'NY117th St10003+NYLiberty Ave+10003'
-73.8259,40.7155,1,2,'NYUnion Tpke10003|NY80th Ave10003'
-73.8259,40.8387,0,4,'NYWaterbury Ave10003'
-73.8259,40.6946,0,7,'NY121st St10003+NYAtlantic Ave+10003'
-73.8259,40.8704,0,27,'NYCo Op City Blvd10003+NYAsch Loop+10003|NYAsch Loop10003'
-73.8259,40.7205,8,5,'NY77th Ave10003|NY77th Ave10003+NYPark Dr E+10003'
-73.8259,40.7759,0,41,'NYUnion St10003|NYUnion St10003+NYWillets Point Blvd+10003|NYUnion St10003+NY25th Rd+10003|NYUnion St10003+NY143rd St+10003|NYWillets Point Blvd10003|NYWillets Point Blvd10003+NY25th Rd+10003|NYWillets Point Blvd10003+NY143rd St+10003|NY25th Rd10003|NY25th Rd10003+NY143rd St+10003|NY143rd St10003'
-73.8258,40.7493,2,5,'NYPeck Ave10003|NYPeck Ave10003+NYMain St+10003'
-73.8258,40.7301,0,5,'NY69th Rd10003|NY69th Rd10003+NY140th St+10003'
-73.8258,40.6734,0,13,'NY114th St10003+NY133rd Ave+10003'
-73.8258,40.7790,0,8,'NY22nd Rd10003+NY143rd St+10003|NY143rd St10003'
-73.8258,40.7317,0,8,'NY141st St10003'
-73.8258,40.8122,0,2,'NYSchurz Ave10003+NYHosmer Ave+10003|NYHosmer Ave10003'
-73.8258,40.7691,0,6,'NY32nd Ave10003+NY143rd St+10003|NY143rd St10003'
-73.8258,40.7233,0,7,'NY136th St10003+NY73rd Ter+10003|NY73rd Ter10003'
-73.8258,40.6772,5,5,'NYRockaway Blvd10003+NYLinden Blvd+10003|NYLinden Blvd10003'
-73.8258,40.7564,0,28,'NYKissena Blvd10003+NYMaple Ave+10003|NYMaple Ave10003'
-73.8258,40.7044,0,2,'NY85th Ave10003|NY85th Ave10003+NYMetropolitan Ave+10003'
-73.8258,40.8743,0,21,'NYBenchley Pl10003'
-73.8257,40.6639,1,40,'NYNassau Expressway Entrance Eb10006|NYNassau Expressway Entrance Eb10006+NYSthrn Parkway Nass Expy Rmp+10006|NYSthrn Parkway Nass Expy Rmp10006'
-73.8257,40.7058,1,19,'NYAustin St10003+NY126th St+10003|NY126th St10003'
-73.8257,40.8324,0,1,'NYGreene Pl10003|NYGreene Pl10003+NYEdison Ave+10003'
-73.8257,40.7155,25,18,'NYVan Wyck Expy10001+NYUnion Tpke+10001|NYVan Wyck Expy10001+NY80th Ave+10001|NYUnion Tpke10003+NYI 678+10003|NY80th Ave10003+NYI 678+10003'
-73.8257,40.7809,1,2,'NYWhitestone Expressway en Sb10003'
-73.8257,40.7510,1,8,'NYElder Ave10003|NYElder Ave10003+NYMain St+10003'
-73.8257,40.7817,8,16,'NYWhitestone Expy10006'
-73.8257,40.6676,0,9,'NY150th Ave10003+NY115th St+10003'
-73.8257,40.5827,0,2,'NYBeach 102 Ln10003'
-73.8257,40.7797,0,4,'NYWhitestone Expy10006+NY22nd Ave+10006|NYWhitestone Expy10006+NYWhitestone Expressway Exit Naval Base+10006|NY22nd Ave10003|NY22nd Ave10003+NYWhitestone Expressway Exit Naval Base+10003|NYWhitestone Expressway Exit Naval Base10003'
-73.8257,40.7010,0,8,'NYJamaica Ave10003+NY125th St+10003'
-73.8256,40.7716,0,6,'NY29th Rd10003+NY143rd St+10003|NY143rd St10003'
-73.8256,40.7586,1,35,'NYBarclay Ave10003|NYBarclay Ave10003+NYUnion St+10003'
-73.8256,40.7939,0,2,'NYParsons Blvd10003+NY5th Ave+10003|NYParsons Blvd10003+NYSummit Pl+10003|NY5th Ave10003|NY5th Ave10003+NYSummit Pl+10003|NYSummit Pl10003'
-73.8256,40.7585,1,25,'NYBarclay Ave10003|NYBarclay Ave10003+NYUnion St+10003'
-73.8256,40.7703,1,10,'NYBayside Ave10003+NY143rd St+10003|NY143rd St10003'
-73.8256,40.9040,0,1,'NYOneida Ave10003'
-73.8256,40.6915,0,5,'NY97th Ave10003+NY120th St+10003'
-73.8256,40.6813,0,42,'NY115th St10003+NY109th Ave+10003'
-73.8255,40.8135,0,2,'NYHarding Ave10003+NYRobinson Ave+10003'
-73.8255,40.9585,1,0,'NYMerritt Pl10003|NYMerritt Pl10003+NYRead Ave+10003'
-73.8255,40.6793,0,2,'NY114th St10003+NY111th Ave+10003'
-73.8255,40.8334,1,5,'NYOtis Ave10003+NYLogan Ave+10003'
-73.8255,40.7530,1,57,'NYColden St10003+NYCherry Ave+10003|NYCherry Ave10003'
-73.8255,40.7294,2,32,'NYJewel Ave10003+NY140th St+10003|NY140th St10003'
-73.8255,40.8352,0,1,'NYHollywood Ave10003|NYHollywood Ave10003+NYBruckner Blvd+10003'
-73.8255,40.8458,0,2,'NYBruckner Blvd10003+NYMiddletown Rd+10003|NYMiddletown Rd10003'
-73.8255,40.7187,1,1,'NY78th Rd10003|NY78th Rd10003+NYPark Dr E+10003'
-73.8255,40.9621,0,1,'NYBardwell Pl10003'
-73.8255,40.6714,0,15,'NY135th Ave10003+NY114th Pl+10003'
-73.8255,40.6773,1,5,'NY113th St10003|NY113th St10003+NYLinden Blvd+10003'
-73.8255,40.7180,0,1,'NY78th Dr10003|NY78th Dr10003+NYPark Dr E+10003'
-73.8254,40.6985,0,6,'NY124th St10003|NY124th St10003+NY89th Ave+10003'
-73.8254,40.7043,0,3,'NYMetropolitan Ave10003+NY126th St+10003|NY126th St10003'
-73.8254,40.8794,0,6,'NYCarver Loop10003'
-73.8254,40.7173,0,1,'NYPark Dr E10003|NYPark Dr E10003+NYUnion Tpke+10003|NYUnion Tpke10003'
-73.8254,40.8270,0,11,'NYCalhoun Ave10003+NYPhilip Ave+10003'
-73.8254,40.7422,1,3,'NY142nd St10003|NY142nd St10003+NYI 495+10003|NY142nd St10003+NYLong Island Expy+10003|NY142nd St10003+NYMain St+10003|NYI 49510001+NYMain St+10001|NYLong Island Expy10001+NYMain St+10001'
-73.8254,40.7120,20,84,'NYState Hwy 2510002+NYHoover Ave+10002|NYState Hwy 2510002+NYLefferts Blvd+10002|NYState Hwy 2510002+NY83rd Ave+10002|NYQueens Blvd10002+NYHoover Ave+10002|NYQueens Blvd10002+NYLefferts Blvd+10002|NYQueens Blvd10002+NY83rd Ave+10002|NYHoover Ave10003|NYHoover Ave10003+NYLefferts Blvd+10003|NYHoover Ave10003+NY83rd Ave+10003|NYLefferts Blvd10003|NY83rd Ave10003'
-73.8254,40.8202,0,5,'NYBalcom Ave10003+NYDewey Ave+10003|NYDewey Ave10003'
-73.8253,40.7867,0,10,'NY143rd Pl10003|NY143rd Pl10003+NY14th Ave+10003'
-73.8253,40.7249,1,5,'NY72nd Rd10003+NY137th St+10003|NY137th St10003'
-73.8253,40.7341,0,19,'NYMelbourne Ave10003|NYMelbourne Ave10003+NYMain St+10003'
-73.8253,40.7803,1,4,'NY21st Rd10003|NY21st Rd10003+NYWhitestone Expy+10003'
-73.8253,40.7630,2,39,'NY37th Ave10003+NYBowne St+10003|NYCongressman Rosenthal Pl10003|NYCongressman Rosenthal Pl10003+NYBowne St+10003'
-73.8253,40.8297,0,2,'NYE Tremont Ave10003+NYLafayette Ave+10003'
-73.8253,40.8564,1,0,'NYBronx and Pelham Pkwy10003|NYBronx and Pelham Pkwy10003+NYBronx and Pelham Pkwy+10003'
-73.8253,40.7418,2,32,'NYHorace Harding Expy10003|NYHorace Harding Expy10003+NY61st Rd+10003|NYHorace Harding Expy10003+NYMain St+10003|NY61st Rd10003|NY61st Rd10003+NYHorace Harding Blvd+10003|NY61st Rd10003+NYMain St+10003|NYHorace Harding Blvd10003|NYHorace Harding Blvd10003+NYMain St+10003'
-73.8253,40.7425,11,14,'NY142nd St10003+NYHorace Harding Blvd+10003|NY142nd St10003+NYHorace Harding Expy+10003'
-73.8253,40.6752,0,3,'NY114th St10003+NYSutter Ave+10003'
-73.8252,40.7351,0,7,'NYGravett Rd10003|NYGravett Rd10003+NYMain St+10003'
-73.8252,40.7957,0,3,'NY3rd Ave10003+NYWhitestone Exwy Svc Rd+10003|NY3rd Ave10003+NYWhitestone Expy+10003|NYWhitestone Exwy Svc Rd10006|NYWhitestone Expy10006'
-73.8252,40.7333,0,5,'NY68th Ave10003|NY68th Ave10003+NYMain St+10003'
-73.8252,40.9266,0,1,'NYParkway E10003+NYHuntwood Pl+10003|NYHuntwood Pl10003'
-73.8252,40.7414,2,8,'NY61st Rd10003|NY61st Rd10003+NYMain St+10003'
-73.8252,40.8412,0,6,'NYConnell Pl10003'
-73.8252,40.8346,0,4,'NYBruckner Blvd10003+NYHollywood Ave+10003|NYHollywood Ave10003'
-73.8252,40.7576,1,29,'NYUnion St10003+NYSanford Ave+10003'
-73.8252,40.8245,0,23,'NYRandall Ave10003+NYE 177th St+10003'
-73.8252,40.6661,0,2,'NY116th St10003'
-73.8251,40.8317,0,1,'NYBarkley Ave10003+NYEdison Ave+10003'
-73.8251,40.8433,0,5,'NYMac Donough Pl10003+NYDwight Pl+10003|NYDwight Pl10003'
-73.8251,40.7410,2,6,'NYMain St10003+NY62nd Ave+10003|NY62nd Ave10003'
-73.8251,40.7074,1,11,'NYKew Gardens Rd10003+NY127th St+10003|NY127th St10003'
-73.8251,40.7830,1,39,'NYWhitestone Expressway Exit Sb10003|NYWhitestone Expressway Exit Sb10003+NYWhitestone Expy+10003'
-73.8251,40.5812,0,5,'NYBeach 105th St10003|NYBeach 105th St10003+NYShore Front Pkwy+10003'
-73.8251,40.8447,0,5,'NYBruckner Blvd10003'
-73.8251,40.7807,0,10,'NY21st Ave10003|NY21st Ave10003+NYWhitestone Expy+10003'
-73.8251,40.8443,0,1,'NYGriswold Ave10003'
-73.8251,40.9391,1,7,'NYHemlock Rd10003'
-73.8251,40.6860,3,24,'NYLiberty Ave10003+NY118th St+10003'
-73.8250,40.7138,20,7,'NY82nd Ave10003|NY82nd Ave10003+NY132nd St+10003'
-73.8250,40.8252,0,7,'NYCross Bronx Exwy Svc Rd10006+NYQuincy Ave+10006|NYQuincy Ave10003'
-73.8250,40.9424,0,1,'NYSycamore St10003'
-73.8250,40.8397,0,1,'NYMac Donough Pl10003+NYRawlins Ave+10003|NYRawlins Ave10003'
-73.8250,40.7403,0,6,'NY62nd Rd10003|NY62nd Rd10003+NYMain St+10003'
-73.8250,40.7431,1,18,'NY142nd St10003+NY60th Ave+10003'
-73.8250,40.7214,0,5,'NY136th St10003|NY136th St10003+NY76th Rd+10003|NY76th Rd10003'
-73.8250,40.8160,0,5,'NYButtrick Ave10003|NYButtrick Ave10003+NYMiles Ave+10003'
-73.8250,40.6902,1,17,'NY101st Ave10003+NY120th St+10003'
-73.8250,40.8461,0,6,'NYMac Donough Pl10003|NYMac Donough Pl10003+NYMiddletown Rd+10003'
-73.8249,40.8125,0,3,'NYRobinson Ave10003+NYSchurz Ave+10003'
-73.8249,40.7872,0,2,'NYHill Ct10003'
-73.8249,40.7621,0,27,'NY38th Ave10003+NYBowne St+10003'
-73.8249,40.9699,0,1,'NYPietro Dr10003'
-73.8249,40.7514,0,5,'NYByrd St10003|NYByrd St10003+NYElder Ave+10003'
-73.8249,40.6732,0,8,'NY114th Pl10003+NY133rd Ave+10003'
-73.8249,40.7235,0,2,'NY137th St10003+NY73rd Ter+10003|NY73rd Ter10003'
-73.8249,40.7452,1,9,'NY141st St10003|NY141st St10003+NY58th Ave+10003'
-73.8249,40.9643,0,1,'NYWestchester Ave10003+NYPennsylvania Ave+10003'
-73.8249,40.7767,0,3,'NY25th Ave10003+NY144th St+10003|NY144th St10003'
-73.8249,40.7787,0,6,'NY22nd Rd10003+NY144th St+10003|NY144th St10003'
-73.8249,40.7326,0,7,'NY68th Rd10003|NY68th Rd10003+NYMain St+10003'
-73.8249,40.9381,0,2,'NYBeechwood Rd10003|NYBeechwood Rd10003+NYOrchard Pl+10003|NYOrchard Pl10003'
-73.8249,40.7296,0,24,'NYJewel Ave10003+NY141st St+10003|NY141st St10003'
-73.8249,40.8772,0,6,'NYCooper Pl10003'
-73.8249,40.7399,0,2,'NYReeves Ave10003|NYReeves Ave10003+NYMain St+10003'
-73.8249,40.8388,0,1,'NYMac Donough Pl10003|NYMac Donough Pl10003+NYKearney Ave+10003|NYMac Donough Pl10003+NYWaterbury Ave+10003|NYKearney Ave10003|NYKearney Ave10003+NYWaterbury Ave+10003|NYWaterbury Ave10003'
-73.8248,40.7950,1,3,'NYWhitestone Exwy Svc Rd10006+NY4th Ave+10006|NY4th Ave10003|NY4th Ave10003+NYWhitestone Expy+10003'
-73.8248,40.9199,0,1,'NYN Colombus Ave10003|NYHussey Rd10003'
-73.8248,40.7396,0,2,'NY146th St10003|NY146th St10003+NY63rd Ave+10003|NY146th St10003+NYMain St+10003|NY63rd Ave10003|NY63rd Ave10003+NYMain St+10003'
-73.8248,40.6948,2,9,'NYAtlantic Ave10003+NY123rd St+10003|NY123rd St10003'
-73.8248,40.8378,0,1,'NYKearney Ave10003+NYBruckner Blvd+10003|NYBruckner Blvd10003'
-73.8248,40.6674,0,5,'NY116th St10003+NY150th Ave+10003'
-73.8248,40.7012,0,3,'NYJamaica Ave10003+NY126th St+10003'
-73.8248,40.7288,0,18,'NY70th Ave10003+NY141st St+10003'
-73.8247,40.7462,2,9,'NY141st St10003|NY141st St10003+NYBooth Memorial Ave+10003'
-73.8247,40.8247,0,5,'NYRandall Ave10003+NYCross Bronx Expy+10003'
-73.8247,40.7555,1,80,'NYKissena Blvd10003+NYFranklin Ave+10003'
-73.8247,40.8291,0,4,'NYE Tremont Ave10003+NYSullivan Pl+10003|NYSullivan Pl10003'
-73.8247,40.6795,0,11,'NY115th St10003+NY111th Ave+10003'
-73.8247,40.7281,0,8,'NY70th Rd10003+NY141st St+10003'
-73.8247,40.8776,0,14,'NYCooper Pl10003'
-73.8247,40.7738,0,12,'NY27th Ave10003'
-73.8247,40.8138,1,4,'NYDavis Ave10003+NYHarding Ave+10003'
-73.8247,40.7731,0,4,'NY28th Ave10003'
-73.8247,40.6770,1,22,'NYRockaway Blvd10003+NY114th St+10003|NY114th St10003'
-73.8247,40.7716,0,1,'NYParsons Blvd10003+NY29th Rd+10003'
-73.8247,40.8339,0,14,'NYOtis Ave10003+NYHollywood Ave+10003'
-73.8247,40.5855,0,1,'NYSeaside Ave10003+NYBeach Channel Dr+10003'
-73.8247,40.8365,0,1,'NYThroggs Neck Expy10001+NYKearney Ave+10001|NYKearney Ave10003|NYKearney Ave10003+NYI 295+10003'
-73.8246,40.6776,0,5,'NYLinden Blvd10003+NY114th St+10003'
-73.8246,40.7274,2,31,'NY71st Ave10003+NY141st St+10003'
-73.8246,40.8311,0,1,'NYSommer Pl10003|NYSommer Pl10003+NYEdison Ave+10003'
-73.8246,40.8274,0,3,'NYRevere Ave10003+NYPhilip Ave+10003'
-73.8246,40.7228,0,7,'NY137th St10003+NY75th Rd+10003|NY75th Rd10003'
-73.8246,40.7438,0,9,'NY142nd St10003+NY59th Ave+10003'
-73.8246,40.8654,0,2,'NYHutchinson River Pkwy W10003+NYBay Plz+10003|NYHutchinson River Pkwy W10003+NYThe Mall at Bay Plz+10003|NYBay Plz10003|NYThe Mall at Bay Plz10003'
-73.8246,40.8603,0,3,'NYErskine Ave10003+NYBoller Ave+10003|NYBoller Ave10003|NYBoller Ave10003+NYErskine Pl+10003'
-73.8246,40.7173,0,4,'NYUnion Tpke10002|NYUnion Tpke10002+NYUnion Tpke+10002'
-73.8246,40.8425,0,10,'NYKearney Ave10003|NYKearney Ave10003+NYCountry Club Rd+10003'
-73.8245,40.7753,0,12,'NY25th Dr10003'
-73.8245,40.7251,0,6,'NY72nd Rd10003+NY139th St+10003|NY139th St10003'
-73.8245,40.6988,1,2,'NY125th St10003|NY125th St10003+NY89th Ave+10003'
-73.8245,40.7320,1,22,'NY68th Dr10003+NYMain St+10003'
-73.8245,40.7043,0,11,'NYAustin St10003|NYAustin St10003+NY127th St+10003'
-73.8245,40.7794,0,7,'NY144th St10003|NY144th St10003+NY22nd Ave+10003'
-73.8245,40.7398,0,3,'NY146th St10003|NY146th St10003+NYReeves Ave+10003'
-73.8245,40.9554,0,5,'NYConsulate Dr10003'
-73.8245,40.7158,1,9,'NYUnion Tpke10003+NY134th St+10003|NY80th Ave10003+NY134th St+10003|NY134th St10003'
-73.8245,40.8722,0,20,'NYBellamy Loop10003'
-73.8245,40.7867,0,1,'NYWhitestone Expy10006+NY14th Ave+10006'
-73.8244,40.8357,0,1,'NYThroggs Neck Expy10001+NYBruckner Blvd+10001|NYBruckner Blvd10003+NYI 295+10003'
-73.8244,40.7041,0,3,'NYMetropolitan Ave10003+NY127th St+10003|NY127th St10003'
-73.8244,40.8412,0,1,'NYConnell Pl10003|NYConnell Pl10003+NYKearney Ave+10003'
-73.8244,40.7610,3,50,'NYRoosevelt Ave10003+NYBowne St+10003'
-73.8244,40.7875,1,3,'NY144th St10003|NY144th St10003+NYWhitestone Expy+10003|NYWhitestone Expy10006+NYMalba Dr+10006|NYMalba Dr10003'
-73.8244,40.7919,0,2,'NYParsons Blvd10003+NY8th Ave+10003|NY8th Ave10003'
-73.8244,40.7767,0,4,'NY25th Ave10003|NY25th Ave10003+NYWillets Point Blvd+10003'
-73.8244,40.8737,0,6,'NYBellamy Loop10003'
-73.8244,40.7461,0,2,'NY141st St10003|NY141st St10003+NYBooth Memorial Ave+10003'
-73.8244,40.7849,1,3,'NYWhitestone Expressway en Naval Base10003|NYWhitestone Expressway en Naval Base10003+NYWhitestone Expressway Exit Sb+10003|NYWhitestone Expressway en Naval Base10003+NYI 678+10003|NYWhitestone Expressway en Naval Base10003+NYWhitestone Expy+10003|NYWhitestone Expressway Exit Sb10003|NYWhitestone Expressway Exit Sb10003+NYI 678+10003|NYWhitestone Expressway Exit Sb10003+NYWhitestone Expy+10003'
-73.8244,40.6770,0,3,'NYRockaway Blvd10003+NY114th St+10003|NY114th St10003'
-73.8244,40.7221,0,3,'NY137th St10003+NY76th Ave+10003|NY76th Ave10003'
-73.8244,40.8321,0,4,'NYLogan Ave10003+NYBarkley Ave+10003'
-73.8243,40.6647,2,4,'NYSouthern Parkway Entrance Eb10003'
-73.8243,40.6750,0,18,'NY114th Pl10003+NYSutter Ave+10003'
-73.8243,40.8616,0,12,'NYHunter Ave10003'
-73.8243,40.7852,2,3,'NYI 67810001|NYI 67810001+NYI 678+10001|NYI 67810001+NYWhitestone Expy+10001|NYWhitestone Expy10001|NYWhitestone Expy10001+NYI 678+10001'
-73.8243,40.8249,0,5,'NYRandall Ave10003+NYCross Bronx Exwy Svc Rd+10003'
-73.8243,40.8397,0,4,'NYRawlins Ave10003+NYKearney Ave+10003|NYKearney Ave10003'
-73.8243,40.7126,2,5,'NY132nd St10003|NY132nd St10003+NYHoover Ave+10003'
-73.8243,40.7032,0,6,'NY127th St10003|NY127th St10003+NYState Hwy 25+10003|NY127th St10003+NYHillside Ave+10003'
-73.8243,40.7444,1,2,'NY142nd St10003+NY58th Rd+10003'
-73.8243,40.6585,2,57,'NYLefferts Blvd10003'
-73.8242,40.8615,0,1,'NYHunter Ave10003+NYStillwell Ave+10003|NYStillwell Ave10003'
-73.8242,40.8648,0,7,'NYEinstein Loop S10003|NYEinstein Loop S10003+NYHutchinson River Pkwy E+10003'
-73.8242,40.7916,0,2,'NYParsons Blvd10003+NYNorth Dr+10003|NYParsons Blvd10003+NY8th Ave+10003|NYNorth Dr10003|NY8th Ave10003'
-73.8242,40.7519,0,91,'NYColden St10003+NYElder Ave+10003'
-73.8242,40.8397,0,8,'NYKearney Ave10003|NYKearney Ave10003+NYRawlins Ave+10003'
-73.8242,40.9619,0,1,'NYThompson St10003'
-73.8242,40.8784,0,6,'NYCasals Pl10003'
-73.8242,40.6661,0,4,'NY117th St10003'
-73.8242,40.8425,0,4,'NYRobertson Pl10003|NYRobertson Pl10003+NYCountry Club Rd+10003'
-73.8242,40.7479,0,2,'NY141st St10003|NY141st St10003+NY56th Ave+10003'
-73.8242,40.8184,0,6,'NYSampson Ave10003|NYSampson Ave10003+NYBalcom Ave+10003'
-73.8242,40.7799,0,3,'NY21st Rd10003|NY21st Rd10003+NY144th St+10003'
-73.8242,40.8285,0,1,'NYE Tremont Ave10003+NYScott Pl+10003|NYScott Pl10003'
-73.8241,40.7313,0,9,'NY69th Ave10003+NYMain St+10003'
-73.8241,40.5842,0,1,'NYSeaside Ave10003|NYSeaside Ave10003+NYRockaway Fwy+10003'
-73.8241,40.7868,0,1,'NYWhitestone Expy10001'
-73.8241,40.7215,0,1,'NY137th St10003+NY76th Rd+10003|NY76th Rd10003'
-73.8241,40.7199,0,21,'NY78th Ave10003'
-73.8241,40.8443,0,6,'NYGriswold Ave10003+NYDwight Pl+10003|NYDwight Pl10003+NYSpencer Dr+10003|NYSpencer Dr10003'
-73.8241,40.8128,0,1,'NYDavis Ave10003|NYDavis Ave10003+NYSchurz Ave+10003'
-73.8241,40.8164,0,3,'NYGraff Ave10003|NYGraff Ave10003+NYMiles Ave+10003'
-73.8241,40.7937,0,1,'NYWhitestone Exwy Svc Rd10006+NY6th Ave+10006|NY6th Ave10003|NY6th Ave10003+NYWhitestone Expy+10003'
-73.8241,40.6933,0,12,'NY95th Ave10003+NY123rd St+10003'
-73.8241,40.7777,0,3,'NY24th Ave10003'
-73.8240,40.7069,1,2,'NYKew Gardens Rd10003+NY129th St+10003|NY129th St10003'
-73.8240,40.9123,0,1,'NYClaremont Pl10003+NYDell Ave+10003|NYDell Ave10003'
-73.8240,40.6882,1,8,'NY120th St10003+NY103rd Ave+10003'
-73.8240,40.7549,0,50,'NYKissena Blvd10003+NYAsh Ave+10003|NYAsh Ave10003'
-73.8240,40.7410,0,2,'NY146th St10003+NY61st Rd+10003'
-73.8240,40.8466,0,1,'NYMiddletown Rd10003+NYDwight Pl+10003|NYDwight Pl10003'
-73.8239,40.7921,0,1,'NY8th Ave10003|NY8th Ave10003+NYWhitestone Expy+10003'
-73.8239,40.8464,0,3,'NYAmpere Ave10003+NYDwight Pl+10003'
-73.8239,40.8789,0,12,'NYCasals Pl10003'
-73.8239,40.7599,0,65,'NY41st Ave10003+NYBowne St+10003'
-73.8239,40.8387,0,2,'NYWaterbury Ave10003+NYFairfax Ave+10003|NYFairfax Ave10003'
-73.8239,40.6905,0,12,'NY101st Ave10003+NY121st St+10003'
-73.8239,40.7014,0,3,'NYJamaica Ave10003+NY127th St+10003|NY127th St10003'
-73.8239,40.7908,0,2,'NYCenter Dr10003|NYCenter Dr10003+NYParsons Blvd+10003|NYCenter Dr10003+NYWhitestone Expy+10003|NYParsons Blvd10003|NYParsons Blvd10003+NYWhitestone Expy+10003|NYParsons Blvd10003+NYParsons Blvd+10003|NYWhitestone Expy10006|NYWhitestone Expy10006+NYParsons Blvd+10006|NYWhitestone Expy10006+NYWhitestone Expy+10006|NYParsons Blvd10006'
-73.8239,40.7893,0,4,'NY11th Ave10003|NY11th Ave10003+NYWhitestone Expy+10003|NY11th Ave10003+NYParsons Blvd+10003|NYWhitestone Expy10006|NYWhitestone Expy10006+NYParsons Blvd+10006|NYWhitestone Expy10006+NYWhitestone Expy+10006|NYParsons Blvd10006'
-73.8239,40.6798,0,8,'NY116th St10003+NY111th Ave+10003'
-73.8239,40.6672,0,16,'NY150th Ave10003+NY117th St+10003'
-73.8239,40.7130,21,12,'NYVan Wyck Expy10001|NYVan Wyck Expy10001+NYI 678+10001|NYVan Wyck Expy10001+NYHoover Ave+10001|NYVan Wyck Expy10001+NYVan Wyck Expy+10001|NYI 67810001|NYI 67810001+NYI 678+10001|NYI 67810001+NYHoover Ave+10001|NYI 67810001+NYVan Wyck Expy+10001|NYHoover Ave10003+NYVan Wyck Expy+10003|NYHoover Ave10003+NYI 678+10003'
-73.8239,40.8251,0,7,'NYRandall Ave10003+NYCalhoun Ave+10003'
-73.8239,40.9382,0,3,'NYSummit Ave10003|NYSummit Ave10003+NYOrchard Pl+10003'
-73.8238,40.7451,0,6,'NY142nd St10003+NY58th Ave+10003'
-73.8238,40.6778,0,7,'NYLinden Blvd10003+NY115th St+10003'
-73.8238,40.7237,0,4,'NY73rd Ter10003+NY139th St+10003|NY139th St10003'
-73.8238,40.7817,0,6,'NY144th St10003'
-73.8238,40.7208,0,2,'NY137th St10003|NY137th St10003+NY77th Ave+10003'
-73.8238,40.8141,0,2,'NYHarding Ave10003+NYButtrick Ave+10003'
-73.8238,40.7307,0,10,'NY69th Rd10003+NYMain St+10003'
-73.8238,40.7784,0,6,'NY22nd Rd10003|NY22nd Rd10003+NY23rd Ave+10003|NY23rd Ave10003'
-73.8238,40.7806,0,2,'NY21st Ave10003+NY144th St+10003|NY144th St10003'
-73.8238,40.6769,0,5,'NYRockaway Blvd10003+NY114th Pl+10003|NY114th Pl10003'
-73.8238,40.7140,6,15,'NY82nd Ave10003|NY82nd Ave10003+NY134th St+10003'
-73.8238,40.6951,1,3,'NY124th St10003|NY124th St10003+NYAtlantic Ave+10003'
-73.8237,40.7928,1,0,'NYI 67810001|NYI 67810001+NYI 678+10001|NYI 67810001+NYBronxWhitestone Brg+10001|NYI 67810001+NYWhitestone Expressway Exit Naval Base+10001|NYBronxWhitestone Brg10001|NYBronxWhitestone Brg10001+NYWhitestone Expressway Exit Naval Base+10001|NYBronxWhitestone Brg10001+NYI 678+10001|NYWhitestone Expressway Exit Naval Base10003|NYWhitestone Expressway Exit Naval Base10003+NYI 678+10003'
-73.8237,40.7174,0,8,'NY138th St10003'
-73.8237,40.7414,0,12,'NY146th St10003'
-73.8237,40.8606,0,1,'NYHunter Ave10003|NYHunter Ave10003+NYErskine Ave+10003|NYHunter Ave10003+NYErskine Pl+10003'
-73.8237,40.7007,0,4,'NY87th Rd10003|NY87th Rd10003+NY127th St+10003|NY127th St10003'
-73.8237,40.7712,0,1,'NY145th St10003'
-73.8237,40.7716,0,14,'NY145th St10003|NY145th St10003+NY29th Rd+10003'
-73.8237,40.6989,0,3,'NY89th Ave10003+NY126th St+10003|NY126th St10003'
-73.8237,40.7161,1,1,'NYGrand Central Pkwy10003'
-73.8237,40.9553,0,1,'NYParkview Pl10003|NYParkview Pl10003+NYColumbus Ave+10003'
-73.8237,40.7254,0,13,'NY72nd Rd10003|NY72nd Rd10003+NY72nd Cres+10003|NY72nd Rd10003+NY141st St+10003|NY72nd Cres10003|NY72nd Cres10003+NY141st St+10003'
-73.8236,40.9588,0,1,'NYHealey Pl10003|NYHealey Pl10003+NYVermont Ter+10003'
-73.8236,40.7931,0,2,'NYWhitestone Exwy Svc Rd10006+NY7th Ave+10006|NY7th Ave10003|NY7th Ave10003+NYWhitestone Expy+10003'
-73.8236,40.8262,0,4,'NYRevere Ave10003+NYDill Pl+10003|NYDill Pl10003'
-73.8236,40.9183,0,1,'NYPark Ln10003|NYPark Ln10003+NYFisher Dr+10003|NYFisher Dr10003'
-73.8236,40.5819,0,8,'NYBeach 102 Ln10003|NYBeach 102 Ln10003+NYBeach 102 Ln+10003'
-73.8236,40.7160,0,36,'NYUnion Tpke10003|NYUnion Tpke10003+NYUnion Tpke+10003|NYUnion Tpke10003+NY135th St+10003|NYUnion Tpke10003+NY80th Ave+10003|NY80th Ave10003|NY80th Ave10003+NY135th St+10003|NY135th St10003'
-73.8236,40.8279,0,5,'NYE Tremont Ave10003+NYPhilip Ave+10003'
-73.8236,40.5998,0,1,'NYWest Blvd10003|NYWest Blvd10003+NYW 19th Rd+10003|NYW 19th Rd10003'
-73.8236,40.7396,0,8,'NY146th Pl10003|NY146th Pl10003+NYReeves Ave+10003'
-73.8236,40.7590,1,43,'NYBarclay Ave10003+NYBowne St+10003'
-73.8235,40.8355,0,4,'NYFairfax Ave10003+NYFairmount Ave+10003|NYFairmount Ave10003'
-73.8235,40.6946,0,1,'NY124th St10003+NY94th Ave+10003|NY94th Ave10003'
-73.8235,40.7563,0,70,'NYUnion St10003|NYUnion St10003+NYFranklin Ave+10003'
-73.8235,40.8325,0,6,'NYHollywood Ave10003+NYBarkley Ave+10003'
-73.8235,40.5816,0,1,'NYBeach 102 Ln10003|NYBeach 102 Ln10003+NYShore Front Pkwy+10003'
-73.8235,40.6921,0,5,'NY97th Ave10003+NY123rd St+10003'
-73.8235,40.7300,6,30,'NYJewel Ave10003+NYMain St+10003'
-73.8234,40.7209,0,17,'NY138th St10003|NY138th St10003+NY77th Ave+10003'
-73.8234,40.7038,2,6,'NY129th St10003+NYMetropolitan Ave+10003'
-73.8234,40.8297,0,3,'NYSullivan Pl10003|NYSullivan Pl10003+NYEdison Ave+10003'
-73.8234,40.6748,1,27,'NYSutter Ave10003+NY115th St+10003'
-73.8234,40.7132,0,31,'NYHoover Ave10003+NY134th St+10003'
-73.8234,40.8419,0,1,'NYCountry Club Rd10003+NYSiegfried Pl+10003|NYSiegfried Pl10003'
-73.8234,40.8657,1,17,'NYEinstein Loop10003|NYEinstein Loop10003+NYHutchinson River Pkwy E+10003|NYHutchinson River Pkwy E10003+NYEinstein Loop N+10003|NYEinstein Loop N10003'
-73.8234,40.7458,0,4,'NY142nd St10003+NYBooth Memorial Ave+10003'
-73.8234,40.7544,0,39,'NYBeech Ave10003|NYBeech Ave10003+NYKissena Blvd+10003'
-73.8234,40.7419,0,1,'NYHorace Harding Blvd10003+NY146th St+10003|NY146th St10003|NY146th St10003+NYHorace Harding Expy+10003'
-73.8234,40.8800,0,7,'NYPeartree Ave10003'
-73.8234,40.6768,1,1,'NYRockaway Blvd10003+NY115th St+10003|NY115th St10003'
-73.8234,40.7016,0,3,'NYJamaica Ave10003+NY129th St+10003|NY129th St10003'
-73.8234,40.7868,0,5,'NYWhitestone Expy10006|NYWhitestone Expy10006+NY14th Ave+10006|NY14th Ave10003+NY144th Pl+10003'
-73.8233,40.7467,0,2,'NY56th Rd10003|NY56th Rd10003+NY142nd St+10003'
-73.8233,40.8820,0,2,'NYPeartree Ave10003|NYPeartree Ave10003+NYGivan Ave+10003|NYPeartree Ave10003+NYConner St+10003|NYGivan Ave10003+NYConner St+10003'
-73.8233,40.7796,0,2,'NY22nd Ave10003'
-73.8233,40.7247,0,1,'NY72nd Dr10003|NY72nd Dr10003+NY141st St+10003'
-73.8233,40.6866,3,17,'NY120th St10003|NY120th St10003+NYLiberty Ave+10003'
-73.8233,40.5844,0,1,'NYBeach 102nd St10003+NYRockaway Fwy+10003|NYRockaway Fwy10002|NYRockaway Fwy10002+NYRockaway Fwy+10002|NYRockaway Fwy10003'
-73.8233,40.8407,0,1,'NYValhalla Dr10003|NYValhalla Dr10003+NYSiegfried Pl+10003'
-73.8233,40.7475,0,4,'NY142nd St10003|NY142nd St10003+NY56th Ave+10003|NY56th Ave10003'
-73.8233,40.9665,0,1,'NYLindbergh Pl10003+NYWestchester Ave+10003'
-73.8232,40.6661,1,5,'NY118th St10003'
-73.8232,40.6999,0,5,'NY88th Ave10003|NY88th Ave10003+NY88th Rd+10003|NY88th Ave10003+NY127th St+10003|NY88th Rd10003|NY88th Rd10003+NY127th St+10003|NY127th St10003'
-73.8232,40.7152,1,65,'NYCoolidge Ave10003|NYCoolidge Ave10003+NY135th St+10003|NY81st Ave10003|NY81st Ave10003+NY135th St+10003'
-73.8232,40.7236,0,8,'NY73rd Ter10003+NY141st St+10003|NY141st St10003'
-73.8232,40.7507,0,7,'NYColden St10003+NY45th Ave+10003|NY45th Ave10003'
-73.8232,40.8620,0,3,'NYEarhart Ln10003|NYEarhart Ln10003+NYEarhart Ln+10003'
-73.8232,40.8436,0,2,'NYRobertson Pl10003+NYSpencer Dr+10003'
-73.8232,40.8442,0,3,'NYRobertson Pl10003'
-73.8232,40.8442,0,3,'NYRobertson Pl10003'
-73.8232,40.6866,0,10,'NY120th St10003|NY120th St10003+NYLiberty Ave+10003'
-73.8231,40.7293,0,14,'NY70th Ave10003+NYMain St+10003'
-73.8231,40.9417,0,6,'NYTanglewylde Ave10003+NYOriole Ave+10003|NYTanglewylde Ave10003+NYConcordia Pl+10003|NYTanglewylde Ave10003+NYOriole Rd+10003|NYOriole Ave10003|NYOriole Ave10003+NYConcordia Pl+10003|NYConcordia Pl10003|NYConcordia Pl10003+NYOriole Rd+10003|NYOriole Rd10003'
-73.8231,40.8393,0,8,'NYRawlins Ave10003+NYEllis Pl+10003|NYEllis Pl10003'
-73.8231,40.6637,1,61,'NYLefferts Blvd10003+NYSthrn Parkway Nass Expy Rmp+10003|NYSthrn Parkway Nass Expy Rmp10006'
-73.8231,40.9244,0,1,'NYHamilton Ave10003|NYHamilton Ave10003+NYColumbia Pl+10003|NYColumbia Pl10003'
-73.8231,40.7683,0,26,'NY33rd Ave10003+NY145th St+10003|NY145th St10003'
-73.8231,40.8636,0,10,'NYErdman Pl10003'
-73.8231,40.6975,0,1,'NY126th St10003|NY126th St10003+NY91st Ave+10003|NY91st Ave10003'
-73.8231,40.8255,1,9,'NYRandall Ave10003+NYRevere Ave+10003'
-73.8231,40.7017,0,1,'NYJamaica Ave10003+NY129th St+10003|NY129th St10003'
-73.8231,40.7760,0,9,'NY25th Rd10003|NY25th Rd10003+NY144th Pl+10003|NY144th Pl10003'
-73.8231,40.8188,0,6,'NYHuntington Ave10003|NYHuntington Ave10003+NYSampson Ave+10003'
-73.8231,40.7768,0,3,'NY144th Pl10003|NY144th Pl10003+NYWillets Point Blvd+10003'
-73.8230,40.6800,0,18,'NY117th St10003+NY111th Ave+10003'
-73.8230,40.9050,0,1,'NYElliot St10003|NYElliot St10003+NYNuber Ave+10003'
-73.8230,40.6936,0,2,'NY95th Ave10003+NY124th St+10003'
-73.8230,40.7009,0,3,'NY87th Rd10003|NY87th Rd10003+NY129th St+10003'
-73.8230,40.8385,0,4,'NYWaterbury Ave10003+NYEllsworth Ave+10003|NYEllsworth Ave10003'
-73.8230,40.6780,0,4,'NYLinden Blvd10003+NY116th St+10003'
-73.8230,40.7426,0,16,'NY146th St10003+NY60th Ave+10003'
-73.8230,40.8472,0,7,'NYRobertson Pl10003|NYRobertson Pl10003+NYMiddletown Rd+10003'
-73.8230,40.6992,0,1,'NY89th Ave10003+NY127th St+10003|NY127th St10003'
-73.8230,40.8425,0,5,'NYRandolph Pl10003|NYRandolph Pl10003+NYKennellworth Pl+10003'
-73.8230,40.6641,0,3,'NYLefferts Blvd10003|NYLefferts Blvd10003+NY119th St+10003|NYLefferts Blvd10003+NYLefferts Blvd+10003|NY119th St10003'
-73.8230,40.7962,0,2,'NY3rd Ave10003+NY147th St+10003'
-73.8230,40.8144,0,5,'NYGraff Ave10003+NYHarding Ave+10003'
-73.8230,40.7240,0,2,'NY73rd Ave10003'
-73.8230,40.6671,1,9,'NY118th St10003+NY150th Ave+10003'
-73.8230,40.7126,16,8,'NY83rd Ave10003|NY83rd Ave10003+NY134th St+10003|NY134th St10003'
-73.8230,40.7851,0,3,'NY15th Rd10003'
-73.8229,40.6885,1,18,'NY121st St10003+NY103rd Ave+10003'
-73.8229,40.7407,0,7,'NY146th Pl10003|NY146th Pl10003+NY61st Rd+10003'
-73.8229,40.7061,0,5,'NYKew Gardens Rd10003+NY130th St+10003|NY130th St10003'
-73.8229,40.7856,0,3,'NY15th Ave10003+NY144th Pl+10003|NY144th Pl10003'
-73.8229,40.9449,0,1,'NYMcKinley St10003|NYMcKinley St10003+NYFulling Ave+10003'
-73.8229,40.6908,0,8,'NY101st Ave10003+NY123rd St+10003'
-73.8229,40.8245,0,1,'NYLamport Pl10003|NYLamport Pl10003+NYCross Bronx Exwy Svc Rd+10003'
-73.8229,40.6953,0,1,'NY125th St10003|NY125th St10003+NYAtlantic Ave+10003'
-73.8228,40.6767,0,3,'NYRockaway Blvd10003+NY115th St+10003|NY115th St10003'
-73.8228,40.8237,0,4,'NYE 177th St10003+NYSchley Ave+10003|NYSchley Ave10003'
-73.8228,40.7670,5,70,'NY34th Ave10003+NY145th St+10003|NY145th St10003'
-73.8228,40.7539,2,99,'NYCherry Ave10003|NYCherry Ave10003+NYKissena Blvd+10003'
-73.8228,40.6033,0,2,'NYW 14th Rd10003'
-73.8228,40.7287,0,11,'NY70th Rd10003+NYMain St+10003'
-73.8228,40.9116,0,1,'NYBeechwood Ave10003|NYBeechwood Ave10003+NYWashington St+10003|NYWashington St10003'
-73.8228,40.8252,0,2,'NYRevere Ave10003+NYRoosevelt Ave+10003|NYRoosevelt Ave10003'
-73.8227,40.8211,0,8,'NYSwinton Ave10003|NYSwinton Ave10003+NYDewey Ave+10003'
-73.8227,40.6647,2,1,'NYSouthern Parkway Entrance Eb10003|NYSouthern Parkway Entrance Eb10003+NY119th St+10003|NYSouthern Parkway Entrance Eb10003+NYLefferts Blvd+10003'
-73.8227,40.7876,1,0,'NYParsons Blvd10003+NY13th Rd+10003|NY13th Rd10003'
-73.8227,40.7394,0,1,'NYReeves Ave10003+NY148th St+10003|NY148th St10003'
-73.8227,40.7036,0,1,'NYHillside Ave10002|NYHillside Ave10002+NYHillside Ave+10002|NYState Hwy 2510002|NYState Hwy 2510002+NYHillside Ave+10002|NYHillside Ave10003'
-73.8226,40.6040,0,2,'NYW 13th Rd10003'
-73.8226,40.5850,0,1,'NYBeach 101st St10003+NYCt Marie+10003|NYCt Marie10003'
-73.8226,40.8329,0,1,'NYThroggs Neck Blvd10003+NYBarkley Ave+10003|NYBarkley Ave10003'
-73.8226,40.8641,0,4,'NYElgar Pl10003|NYElgar Pl10003+NYEinstein Loop S+10003|NYElgar Pl10003+NYErdman Pl+10003|NYEinstein Loop S10003|NYEinstein Loop S10003+NYErdman Pl+10003|NYErdman Pl10003'
-73.8226,40.6949,0,3,'NY125th St10003+NY94th Ave+10003|NY94th Ave10003'
-73.8226,40.7432,0,2,'NY146th St10003+NY59th Ave+10003'
-73.8226,40.7956,0,8,'NY147th St10003+NY4th Ave+10003|NY4th Ave10003'
-73.8226,40.7136,1,148,'NYHoover Ave10003+NY135th St+10003'
-73.8226,40.5831,0,2,'NYBeach 102nd St10003+NYRockaway Beach Blvd+10003|NYRockaway Beach Blvd10003'
-73.8226,40.8609,0,5,'NYErskine Pl10003+NYEarhart Ln+10003|NYEarhart Ln10003'
-73.8226,40.8156,0,8,'NYLawton Ave10003|NYLawton Ave10003+NYBalcom Ave+10003'
-73.8226,40.8236,0,6,'NYCalhoun Ave10003|NYCalhoun Ave10003+NYE 177th St+10003'
-73.8225,40.9319,0,2,'NYCentral Pkwy10003|NYCentral Pkwy10003+NYLocust Ln+10003|NYCentral Pkwy10003+NYHomesdale Rd+10003|NYLocust Ln10003+NYHomesdale Rd+10003|NYHomesdale Rd10003'
-73.8225,40.7001,0,13,'NY88th Ave10003|NY88th Ave10003+NY88th Rd+10003|NY88th Ave10003+NY129th St+10003|NY88th Rd10003|NY88th Rd10003+NY129th St+10003'
-73.8225,40.8245,0,2,'NYLamport Pl10003+NYRevere Ave+10003'
-73.8225,40.7330,0,12,'NY68th Rd10003+NY147th St+10003'
-73.8225,40.9597,0,1,'NYThompson St10003'
-73.8225,40.7018,0,5,'NYJamaica Ave10003+NY130th St+10003|NY130th St10003'
-73.8225,40.9386,0,3,'NYOrchard Pl10003|NYOrchard Pl10003+NYOriole Ave+10003|NYOrchard Pl10003+NYOriole Rd+10003'
-73.8225,40.7037,1,10,'NYHillside Ave10002+NYMetropolitan Ave+10002|NYHillside Ave10002+NY130th St+10002|NYState Hwy 2510002+NYMetropolitan Ave+10002|NYState Hwy 2510002+NY130th St+10002|NYMetropolitan Ave10003+NY130th St+10003'
-73.8225,40.6869,0,6,'NY121st St10003|NY121st St10003+NYLiberty Ave+10003'
-73.8224,40.8243,0,2,'NYRevere Ave10003|NYRevere Ave10003+NYCross Bronx Exwy Svc Rd+10003'
-73.8224,40.7337,0,3,'NY68th Ave10003+NY147th St+10003'
-73.8224,40.5847,0,1,'NYBeach 101st St10003+NYRockaway Fwy+10003'
-73.8224,40.6054,0,1,'NYW 11th Rd10003'
-73.8224,40.6924,0,7,'NY124th St10003+NY97th Ave+10003'
-73.8224,40.8190,0,5,'NYSampson Ave10003+NYBrinsmade Ave+10003|NYBrinsmade Ave10003'
-73.8224,40.7280,0,8,'NY71st Ave10003+NYMain St+10003'
-73.8224,40.9351,0,2,'NYSussex Ave10003'
-73.8224,40.7499,0,3,'NYColden St10003+NYGeranium Ave+10003|NYGeranium Ave10003'
-73.8224,40.8284,0,2,'NYPhilip Ave10003+NYEdison Ave+10003'
-73.8224,40.7784,0,6,'NYLee St10003'
-73.8224,40.8134,0,1,'NYGraff Ave10003|NYGraff Ave10003+NYSchurz Ave+10003'
-73.8224,40.7345,0,11,'NY147th St10003'
-73.8224,40.7323,0,13,'NY147th St10003+NY68th Dr+10003'
-73.8224,40.8268,0,6,'NYE Tremont Ave10003+NYDill Pl+10003|NYDill Pl10003'
-73.8224,40.7852,0,4,'NY15th Rd10003'
-73.8224,40.7869,0,6,'NYParsons Blvd10003+NY14th Ave+10003'
-73.8223,40.6846,0,23,'NY120th St10003+NY107th Ave+10003'
-73.8223,40.6061,0,2,'NY10th Rd10003+NYShad Creek Rd+10003|NY10th Rd10003+NY98th St+10003|NYShad Creek Rd10003|NY98th St10003'
-73.8223,40.7129,1,34,'NY82nd Dr10003|NY82nd Dr10003+NY135th St+10003'
-73.8223,40.8170,0,9,'NYHuntington Ave10003+NYMiles Ave+10003'
-73.8223,40.7684,0,3,'NY145th Pl10003|NY145th Pl10003+NY33rd Ave+10003'
-73.8223,40.9192,0,1,'NYFisher Dr10003'
-73.8223,40.8979,0,1,'NYBertel Ave10003|NYBertel Ave10003+NYS Columbus Ave+10003'
-73.8222,40.8639,0,7,'NYElgar Pl10003+NYEinstein Loop E+10003|NYEinstein Loop E10003'
-73.8222,40.7795,0,6,'NYLee St10003|NYLee St10003+NY22nd Ave+10003'
-73.8222,40.9525,0,1,'NYCircuit Ave10003|NYCircuit Ave10003+NYRogers St+10003|NYCircuit Ave10003+NYChestnut St+10003|NYRogers St10003|NYRogers St10003+NYChestnut St+10003|NYChestnut St10003'
-73.8222,40.8382,1,8,'NYThrogmorton Ave10003|NYThrogmorton Ave10003+NYWaterbury Ave+10003'
-73.8222,40.8346,0,1,'NYLayton Ave10003+NYEllsworth Ave+10003|NYEllsworth Ave10003'
-73.8222,40.6803,0,9,'NY111th Ave10003+NY118th St+10003'
-73.8222,40.8372,1,0,'NYBaisley Ave10003+NYThrogmorton Ave+10003'
-73.8222,40.7439,0,10,'NY146th St10003+NY58th Rd+10003'
-73.8222,40.6783,0,6,'NYLinden Blvd10003+NY117th St+10003'
-73.8222,40.6870,2,15,'NY121st St10003|NY121st St10003+NYLiberty Ave+10003'
-73.8222,40.7319,0,6,'NY69th Ave10003|NY69th Ave10003+NY147th St+10003'
-73.8222,40.7888,0,4,'NY13th Ave10003|NY13th Ave10003+NY144th Pl+10003|NY13th Ave10003+NY145th Pl+10003|NY144th Pl10003|NY144th Pl10003+NY145th Pl+10003|NY145th Pl10003'
-73.8222,40.7125,13,21,'NY83rd Ave10003+NY135th St+10003|NY135th St10003'
-73.8221,40.7251,0,3,'NY72nd Dr10003+NY72nd Cres+10003|NY72nd Cres10003'
-73.8221,40.6995,0,3,'NY89th Ave10003+NY129th St+10003'
-73.8221,40.7274,1,9,'NY71st Rd10003|NY71st Rd10003+NYMain St+10003'
-73.8221,40.6938,1,2,'NY125th St10003+NY95th Ave+10003'
-73.8221,40.7572,1,20,'NYFranklin Ave10003+NYBowne St+10003'
-73.8221,40.7404,0,7,'NY148th St10003+NY61st Rd+10003'
-73.8221,40.7616,0,74,'NYParsons Blvd10003+NYRoosevelt Ave+10003'
-73.8220,40.8147,0,1,'NYHarding Ave10003+NYBalcom Ave+10003'
-73.8220,40.8477,0,9,'NYMiddletown Rd10003+NYKennellworth Pl+10003|NYKennellworth Pl10003'
-73.8220,40.9640,0,1,'NYMargaret Ave10003+NYChittenden Ave+10003'
-73.8220,40.7052,0,11,'NY86th Rd10003|NY86th Rd10003+NYKew Gardens Rd+10003'
-73.8220,40.7671,0,9,'NY34th Ave10003+NY145th Pl+10003|NY145th Pl10003'
-73.8220,40.7984,0,1,'NY2nd Ave10003+NY148th St+10003|NYPowells Cove Blvd10003+NY148th St+10003|NY148th St10003'
-73.8220,40.7019,0,4,'NYJamaica Ave10003+NY130th St+10003|NY130th St10003'
-73.8219,40.7532,1,52,'NYKissena Blvd10003+NYElder Ave+10003|NYElder Ave10003'
-73.8219,40.6766,0,8,'NYRockaway Blvd10003+NY116th St+10003|NY116th St10003'
-73.8219,40.7716,2,16,'NY29th Rd10003'
-73.8219,40.6888,0,7,'NY123rd St10003+NY103rd Ave+10003'
-73.8219,40.9519,0,1,'NYLimekiln Spr10003|NYLimekiln Spr10003+NYRogers St+10003'
-73.8219,40.5820,0,4,'NYBeach 102nd St10003|NYBeach 102nd St10003+NYShore Front Pkwy+10003'
-73.8219,40.7966,0,3,'NY3rd Ave10003+NY147th Pl+10003'
-73.8219,40.7344,0,43,'NY149th St10003'
-73.8219,40.9570,0,1,'NYDante Ave Rmp10003|NYDante Ave Rmp10003+NYDante Ave+10003|NYColumbus Ave10003|NYColumbus Ave10003+NYDante Ave+10003'
-73.8218,40.7408,1,5,'NY148th St10003'
-73.8218,40.8214,0,2,'NYQuincy Ave10003|NYQuincy Ave10003+NYDewey Ave+10003'
-73.8218,40.7313,0,28,'NY147th St10003+NY69th Rd+10003'
-73.8218,40.6911,1,1,'NY101st Ave10003+NY124th St+10003'
-73.8218,40.7267,1,24,'NY72nd Ave10003+NYMain St+10003'
-73.8218,40.7050,0,6,'NYKew Gardens Rd10003+NY131st St+10003|NY131st St10003'
-73.8218,40.7392,0,10,'NYReeves Ave10003+NY148th Pl+10003|NY148th Pl10003'
-73.8218,40.7878,0,2,'NY13th Rd10003|NY13th Rd10003+NY145th Pl+10003'
-73.8217,40.5836,0,2,'NYBeach 101st St10003+NYRockaway Beach Blvd+10003'
-73.8217,40.8240,0,2,'NYSchley Ave10003|NYSchley Ave10003+NYCross Bronx Exwy Svc Rd+10003'
-73.8217,40.7162,2,26,'NYGrand Central Pkwy10003+NYUnion Tpke+10003|NYGrand Central Pkwy10003+NY138th St+10003|NYUnion Tpke10003+NY138th St+10003|NY138th St10003'
-73.8217,40.8636,1,33,'NYElgar Pl10003'
-73.8217,40.8262,1,14,'NYRandall Ave10003+NYE Tremont Ave+10003'
-73.8217,40.7174,3,3,'NYVleigh Pl10003'
-73.8217,40.7769,0,20,'NY146th St10003+NYWillets Point Blvd+10003'
-73.8217,40.9685,0,1,'NYKennedy Pl10003|NYKennedy Pl10003+NYKennedy Pl+10003'
-73.8217,40.7546,1,20,'NYUnion St10003|NYUnion St10003+NYCherry Ave+10003'
-73.8217,40.7826,0,15,'NYParsons Blvd10003+NY19th Ave+10003|NY19th Ave10003'
-73.8217,40.7355,0,7,'NYGravett Rd10003|NYGravett Rd10003+NY149th St+10003|NY149th St10003'
-73.8216,40.8159,0,5,'NYLawton Ave10003+NYHuntington Ave+10003'
-73.8216,40.8806,0,1,'NYConnor St10003|NYConnor St10003+NYConner St+10003|NYConner St10003'
-73.8216,40.6872,0,4,'NY122nd St10003|NY122nd St10003+NYLiberty Ave+10003'
-73.8216,40.8288,0,4,'NYLogan Ave10003+NYPhilip Ave+10003'
-73.8216,40.8649,0,32,'NYEinstein Loop10003|NYEinstein Loop10003+NYEinstein Loop E+10003|NYEinstein Loop E10003|NYEinstein Loop E10003+NYEinstein Loop N+10003|NYEinstein Loop N10003'
-73.8216,40.7413,0,5,'NY148th St10003|NY148th St10003+NYHorace Harding Blvd+10003|NY148th St10003+NYHorace Harding Expy+10003'
-73.8216,40.7605,2,64,'NYParsons Blvd10003+NY41st Ave+10003'
-73.8216,40.7236,0,9,'NY141st Pl10003|NY141st Pl10003+NY73rd Ter+10003'
-73.8215,40.7037,2,4,'NYHillside Ave10002+NY131st St+10002'
-73.8215,40.7212,1,6,'NY141st St10003|NY141st St10003+NY77th Ave+10003'
-73.8215,40.8332,0,1,'NYEllsworth Ave10003+NYBarkley Ave+10003|NYBarkley Ave10003'
-73.8215,40.7034,2,4,'NY131st St10003+NYMetropolitan Ave+10003'
-73.8215,40.5832,0,1,'NYHollyhurst Ct10003|NYHollyhurst Ct10003+NYBeach 101st St+10003'
-73.8215,40.6849,0,31,'NY121st St10003+NY107th Ave+10003'
-73.8215,40.8684,1,15,'NYBartow Ave10003|NYBartow Ave10003+NYHutchinson River Pkwy E+10003|NYBartow Ave10003+NYHutchinson River Pkwy+10003|NYHutchinson River Pkwy E10003|NYHutchinson River Pkwy E10003+NYHutchinson River Pkwy+10003'
-73.8215,40.7870,0,6,'NY14th Ave10003+NY145th Pl+10003'
-73.8215,40.7936,0,7,'NY147th St10003+NY7th Ave+10003'
-73.8214,40.9181,0,1,'NYEsplanade10003'
-73.8214,40.6644,0,3,'NYS Conduit Entrance Eb10003'
-73.8214,40.7260,0,3,'NY72nd Rd10003|NY72nd Rd10003+NYMain St+10003'
-73.8214,40.7565,0,17,'NYAsh Ave10003+NYBowne St+10003'
-73.8214,40.8173,0,2,'NYBrinsmade Ave10003+NYMiles Ave+10003'
-73.8214,40.9365,0,4,'NYLee Pl10003'
-73.8214,40.7229,1,13,'NY75th Rd10003|NY75th Rd10003+NY141st Pl+10003'
-73.8214,40.7055,0,1,'NY86th Rd10003+NY134th St+10003|NY134th St10003'
-73.8214,40.8429,0,3,'NYOhm Ave10003|NYOhm Ave10003+NYSpencer Dr+10003'
-73.8214,40.7846,0,32,'NYParsons Blvd10003+NY17th Ave+10003|NY17th Ave10003'
-73.8214,40.7833,0,6,'NYParsons Blvd10003+NY18th Ave+10003|NY18th Ave10003'
-73.8214,40.7103,27,17,'NYState Hwy 2510002+NYVan Wyck Expy W+10002|NYState Hwy 2510002+NYVan Wyck Expy+10002|NYQueens Blvd10002+NYVan Wyck Expy W+10002|NYQueens Blvd10002+NYVan Wyck Expy+10002|NYVan Wyck Expy W10003|NYVan Wyck Expy10003'
-73.8214,40.7452,0,5,'NYBooth Memorial Ave10003+NY146th St+10003'
-73.8214,40.6980,0,1,'NY91st Ave10003+NY129th St+10003|NY129th St10003'
-73.8214,40.5837,0,1,'NYRockaway Beach Blvd10003+NYCt Louise+10003|NYCt Louise10003'
-73.8214,40.6785,0,2,'NYLinden Blvd10003+NY118th St+10003'
-73.8214,40.6805,0,16,'NY119th St10003+NY111th Ave+10003|NY111th Ave10003+NYLefferts Blvd+10003'
-73.8214,40.7221,0,27,'NY76th Ave10003|NY76th Ave10003+NY141st Pl+10003|NY141st Pl10003'
-73.8213,40.6765,2,2,'NYRockaway Blvd10003+NY115th Ave+10003|NYRockaway Blvd10003+NY117th St+10003|NY115th Ave10003|NY115th Ave10003+NY117th St+10003|NY117th St10003'
-73.8213,40.7488,0,3,'NYColden St10003+NYJuniper Ave+10003|NYJuniper Ave10003'
-73.8213,40.6659,2,6,'NY120th St10003|NY120th St10003+NYState Hwy 27+10003|NY120th St10003+NYN Conduit Ave+10003'
-73.8213,40.7283,0,10,'NY71st Ave10003+NYVleigh Pl+10003'
-73.8213,40.6825,0,17,'NY120th St10003+NY109th Ave+10003'
-73.8213,40.5842,0,2,'NYNancy Ct10003|NYNancy Ct10003+NYBeach 100th St+10003'
-73.8213,40.7840,0,6,'NYParsons Blvd10003+NY17th Rd+10003|NY17th Rd10003'
-73.8213,40.7276,0,14,'NY71st Rd10003|NY71st Rd10003+NYVleigh Pl+10003'
-73.8213,40.7180,0,5,'NY78th Dr10003|NY78th Dr10003+NYVleigh Pl+10003'
-73.8213,40.6997,0,5,'NY89th Ave10003|NY89th Ave10003+NY130th St+10003'
-73.8213,40.7046,1,6,'NYKew Gardens Rd10003+NY87th Ave+10003|NY87th Ave10003'
-73.8212,40.7401,0,5,'NY61st Rd10003+NY148th Pl+10003|NY148th Pl10003'
-73.8212,40.6941,0,3,'NY95th Ave10003+NY126th St+10003|NY126th St10003'
-73.8212,40.7990,0,1,'NY2nd Ave10003+NY149th St+10003|NY149th St10003|NY149th St10003+NYPowells Cove Blvd+10003'
-73.8212,40.7197,0,3,'NY141st St10003+NY78th Ave+10003|NY78th Ave10003'
-73.8212,40.8408,0,4,'NYLohengrin Pl10003|NYLohengrin Pl10003+NYCountry Club Rd+10003'
-73.8212,40.6874,1,12,'NY123rd St10003|NY123rd St10003+NYLiberty Ave+10003'
-73.8212,40.7420,0,9,'NY148th St10003+NY60th Ave+10003'
-73.8212,40.7991,0,2,'NYSamos Ln10003|NYSamos Ln10003+NY2nd Ave+10003|NYSamos Ln10003+NYPowells Cove Blvd+10003'
-73.8212,40.7597,0,27,'NYParsons Blvd10003+NYBarclay Ave+10003'
-73.8212,40.7900,0,4,'NY11th Ave10003|NY11th Ave10003+NYCross Island Pkwy+10003|NY11th Ave10003+NYWhitestone Expy+10003|NY11th Ave10003+NYCross Island Pkwy Srv+10003|NYCross Island Pkwy10006|NYCross Island Pkwy10006+NYWhitestone Expy+10006|NYWhitestone Expy10006|NYWhitestone Expy10006+NYCross Island Pkwy Srv+10006|NYCross Island Pkwy Srv10006'
-73.8212,40.7195,0,3,'NY78th Ave10003|NY78th Ave10003+NY141st St+10003|NY141st St10003'
-73.8211,40.7299,0,17,'NY70th Ave10003+NY147th St+10003'
-73.8211,40.7497,0,4,'NYHolly Ave10003|NYHolly Ave10003+NY137th Pl+10003|NY137th Pl10003'
-73.8211,40.7021,0,5,'NYJamaica Ave10003+NY131st St+10003|NY131st St10003'
-73.8211,40.7329,0,12,'NY68th Rd10003'
-73.8211,40.8482,0,2,'NYOhm Ave10003|NYOhm Ave10003+NYMiddletown Rd+10003'
-73.8211,40.6958,0,1,'NY127th St10003|NY127th St10003+NY93rd Rd+10003|NY127th St10003+NYAtlantic Ave+10003|NY93rd Rd10003'
-73.8211,40.7336,0,1,'NYDriveway10003|NYDriveway10003+NY68th Ave+10003|NY68th Ave10003'
-73.8211,40.7811,0,11,'NY20th Rd10003'
-73.8211,40.7125,2,27,'NYManton St10003'
-73.8211,40.8360,0,1,'NYVincent Ave10003+NYFairmount Ave+10003'
-73.8211,40.7254,0,5,'NY72nd Dr10003+NYMain St+10003|NYVleigh Pl10003+NYMain St+10003'
-73.8211,40.7322,0,6,'NYDriveway10003'
-73.8211,40.8149,0,1,'NYHuntington Ave10003+NYHarding Ave+10003'
-73.8211,40.7203,0,4,'NY77th Rd10003'
-73.8210,40.7261,1,10,'NY72nd Rd10003+NYVleigh Pl+10003'
-73.8210,40.7817,0,6,'NY146th St10003'
-73.8210,40.6764,0,3,'NYRockaway Blvd10003+NY117th St+10003'
-73.8210,40.7927,0,1,'NY147th St10003+NY8th Ave+10003'
-73.8210,40.8382,0,4,'NYLohengrin Pl10003|NYLohengrin Pl10003+NYRawlins Ave+10003'
-73.8210,40.7551,1,11,'NYRobinson St10003|NYRobinson St10003+NYCherry Ave+10003'
-73.8210,40.7364,0,2,'NYGate 3 Entrance Rd10003'
-73.8210,40.8399,0,2,'NYValhalla Dr10003'
-73.8210,40.8256,0,1,'NYE Tremont Ave10003+NYRoosevelt Ave+10003|NYRoosevelt Ave10003'
-73.8210,40.7952,0,2,'NY147th Pl10003|NY147th Pl10003+NY5th Ave+10003'
-73.8210,40.7458,0,5,'NY56th Rd10003+NY146th St+10003'
-73.8209,40.8333,0,2,'NYThrogmorton Ave10003+NYBarkley Ave+10003'
-73.8209,40.8372,0,1,'NYBaisley Ave10003|NYBaisley Ave10003+NYWaterbury Ave+10003'
-73.8209,40.7968,0,2,'NY3rd Ave10003+NY148th St+10003'
-73.8209,40.6914,3,26,'NY101st Ave10003+NY125th St+10003'
-73.8209,40.7187,0,2,'NY78th Rd10003|NY78th Rd10003+NYVleigh Pl+10003'
-73.8209,40.7662,0,39,'NY146th St10003+NY35th Ave+10003'
-73.8209,40.7390,0,7,'NYReeves Ave10003+NY149th St+10003|NY149th St10003'
-73.8209,40.7047,1,4,'NY87th Ave10003+NY134th St+10003|NY134th St10003'
-73.8209,40.7560,0,18,'NYBeech Ave10003+NYBowne St+10003'
-73.8209,40.7569,0,1,'NYSyringa Pl10003|NYSyringa Pl10003+NYAsh Ave+10003'
-73.8209,40.6953,0,1,'NY127th St10003+NYAtlantic Ave+10003|NYAtlantic Ave10003'
-73.8208,40.7522,0,51,'NYKissena Blvd10003+NY45th Ave+10003'
-73.8208,40.8266,0,4,'NYRandall Ave10003+NYEdison Ave+10003'
-73.8208,40.7247,1,1,'NY73rd Ave10003+NYVleigh Pl+10003'
-73.8208,40.7293,0,7,'NY70th Rd10003+NYVleigh Pl+10003|NY147th St10003+NYVleigh Pl+10003|NYVleigh Pl10003'
-73.8208,40.9436,0,1,'NYConcordia Pl10003'
-73.8208,40.7426,1,2,'NY148th St10003+NY59th Ave+10003'
-73.8208,40.6875,0,11,'NY123rd St10003|NY123rd St10003+NYLiberty Ave+10003'
-73.8208,40.7141,1,31,'NYHoover Ave10003+NY138th St+10003'
-73.8208,40.7247,0,5,'NY73rd Ave10003+NYMain St+10003'
-73.8208,40.7588,0,15,'NYParsons Blvd10003|NYParsons Blvd10003+NYSanford Ave+10003'
-73.8207,40.8293,0,6,'NYHollywood Ave10003+NYPhilip Ave+10003'
-73.8207,40.6988,0,8,'NY90th Ave10003|NY90th Ave10003+NY130th St+10003'
-73.8207,40.7009,2,2,'NY88th Ave10003|NY88th Ave10003+NY131st St+10003|NY131st St10003'
-73.8207,40.5989,0,3,'NYW 20th Rd10003|NYW 20th Rd10003+NYE 20th Rd+10003|NYW 20th Rd10003+NYCross Bay Blvd+10003|NYE 20th Rd10003|NYE 20th Rd10003+NYCross Bay Blvd+10003'
-73.8207,40.7650,6,29,'NY146th St10003|NY146th St10003+NYState Hwy 25 Alt+10003|NY146th St10003+NYNorthern Blvd+10003'
-73.8206,40.7239,1,2,'NY73rd Ter10003|NY73rd Ter10003+NY75th Ave+10003|NY75th Ave10003'
-73.8206,40.6929,0,11,'NY97th Ave10003+NY126th St+10003'
-73.8206,40.7589,1,12,'NYParsons Blvd10003|NYParsons Blvd10003+NYSanford Ave+10003'
-73.8206,40.7058,0,2,'NY86th Rd10003|NY86th Rd10003+NY135th St+10003|NY135th St10003'
-73.8206,40.8349,0,15,'NYLayton Ave10003+NYVincent Ave+10003'
-73.8206,40.7194,0,4,'NY78th Ave10003+NYVleigh Pl+10003|NY141st St10003'
-73.8206,40.7201,0,5,'NY77th Rd10003+NYVleigh Pl+10003'
-73.8206,40.8227,0,1,'NYRevere Ave10003|NYRevere Ave10003+NYE 177th St+10003'
-73.8206,40.6851,0,16,'NY122nd St10003+NY107th Ave+10003'
-73.8206,40.9231,0,1,'NYLawrence St10003|NYLawrence St10003+NYSherman Ave+10003'
-73.8206,40.9555,0,1,'NYHollywood Ave10003'
-73.8206,40.7492,0,5,'NY137th Pl10003|NY137th Pl10003+NYJuniper Ave+10003'
-73.8206,40.9454,0,1,'NYWinslow Cir10003'
-73.8206,40.7920,0,3,'NY147th St10003+NY9th Ave+10003'
-73.8206,40.6705,2,32,'NYHawtree Creek Rd10003|NYHawtree Creek Rd10003+NY135th Ave+10003'
-73.8206,40.8176,0,4,'NYSwinton Ave10003+NYMiles Ave+10003'
-73.8206,40.7872,1,9,'NY146th St10003+NY14th Ave+10003'
-73.8205,40.7032,1,4,'NYMetropolitan Ave10003+NY132nd St+10003|NY132nd St10003'
-73.8205,40.9180,0,1,'NYEhrbar Ave10003'
-73.8205,40.7317,1,5,'NY69th Rd10003+NY68th Dr+10003|NY68th Dr10003'
-73.8205,40.6059,0,1,'NYPower Rd10003|NYPower Rd10003+NY10th Rd+10003|NY99th St10003|NY99th St10003+NY10th Rd+10003'
-73.8205,40.7484,0,1,'NYColden St10003+NYKalmia Ave+10003|NYKalmia Ave10003'
-73.8205,40.7022,0,1,'NYJamaica Ave10003+NY132nd St+10003|NY132nd St10003'
-73.8205,40.8249,0,5,'NYLamport Pl10003|NYLamport Pl10003+NYE Tremont Ave+10003'
-73.8205,40.6768,0,1,'NY115th Ave10003+NY118th St+10003'
-73.8205,40.7101,14,16,'NYState Hwy 2510002+NYI 678+10002|NYState Hwy 2510002+NYVan Wyck Expy+10002|NYI 67810001+NYQueens Blvd+10001|NYQueens Blvd10002+NYVan Wyck Expy+10002'
-73.8205,40.6787,2,10,'NY119th St10003+NYLinden Blvd+10003|NYLinden Blvd10003+NYLefferts Blvd+10003'
-73.8205,40.7134,0,45,'NY82nd Dr10003+NY138th St+10003|NY138th St10003'
-73.8205,40.6003,0,1,'NYCross Bay Blvd10003+NY18th Rd+10003|NYCross Bay Blvd10003+NYW 18th Rd+10003|NY18th Rd10003|NY18th Rd10003+NYW 18th Rd+10003|NYW 18th Rd10003'
-73.8205,40.7783,0,8,'NYRyan Ct10003'
-73.8205,40.7286,0,15,'NY71st Ave10003+NY147th St+10003'
-73.8205,40.8425,0,5,'NYStadium Ave10003+NYSpencer Dr+10003'
-73.8204,40.8620,0,11,'NYErskine Pl10003'
-73.8204,40.6657,0,3,'NY121st St10003'
-73.8204,40.6828,0,12,'NY121st St10003+NY109th Ave+10003'
-73.8204,40.8320,1,0,'NYThrogmorton Ave10003|NYThrogmorton Ave10003+NYEllsworth Ave+10003|NYThrogmorton Ave10003+NYLafayette Ave+10003|NYEllsworth Ave10003+NYLafayette Ave+10003'
-73.8204,40.7433,0,3,'NY148th St10003+NY58th Rd+10003'
-73.8204,40.8433,0,16,'NYStadium Ave10003+NYLucerne St+10003|NYLucerne St10003'
-73.8204,40.7398,0,7,'NY149th St10003|NY149th St10003+NY61st Rd+10003'
-73.8204,40.8371,0,5,'NYWilcox Ave10003'
-73.8204,40.7846,0,6,'NY17th Ave10003+NY145th Pl+10003|NY145th Pl10003'
-73.8204,40.9401,0,2,'NYWoodland Ave10003'
-73.8204,40.6644,4,17,'NYS Conduit Entrance Eb10003'
-73.8204,40.6983,0,3,'NY91st Ave10003+NY130th St+10003'
-73.8204,40.7240,1,4,'NYMain St10003+NY75th Ave+10003'
-73.8204,40.6076,0,1,'NYShad Creek Rd10003+NYW 8th Rd+10003|NYW 8th Rd10003|NYW 8th Rd10003+NY98th St+10003'
-73.8204,40.7225,0,1,'NY76th Ave10003'
-73.8204,40.6943,0,3,'NY95th Ave10003+NY127th St+10003'
-73.8203,40.9242,0,1,'NYLawrence St10003+NYTamerton St+10003|NYTamerton St10003'
-73.8203,40.7793,0,4,'NY22nd Ave10003+NYRyan Ct+10003|NYRyan Ct10003'
-73.8203,40.7687,0,1,'NY33rd Ave10003+NY147th St+10003|NY147th St10003'
-73.8203,40.7555,2,12,'NYCherry Ave10003+NYBowne St+10003'
-73.8203,40.9203,0,1,'NYEhrbar Ave10003|NYEhrbar Ave10003+NYOakland Ave+10003'
-73.8203,40.6763,0,3,'NYRockaway Blvd10003+NY118th St+10003|NY118th St10003'
-73.8202,40.5983,0,2,'NYVan Brunt Rd10003|NYVan Brunt Rd10003+NYE 21st Rd+10003|NYE 21st Rd10003'
-73.8202,40.8416,1,3,'NYStadium Ave10003+NYRandolph Pl+10003|NYRandolph Pl10003'
-73.8202,40.7187,0,8,'NY78th Rd10003|NY78th Rd10003+NY141st St+10003'
-73.8202,40.8363,0,2,'NYWilcox Ave10003+NYFairmount Ave+10003'
-73.8202,40.8244,0,2,'NYE Tremont Ave10003+NYSchley Ave+10003|NYSchley Ave10003'
-73.8202,40.7218,0,3,'NY76th Rd10003'
-73.8202,40.8243,0,1,'NYSchley Ave10003|NYSchley Ave10003+NYE Tremont Ave+10003'
-73.8202,40.5855,0,2,'NYBeach 98th St10003+NYRockaway Fwy+10003'
-73.8202,40.7888,0,2,'NY146th Pl10003|NY146th Pl10003+NY13th Ave+10003'
-73.8202,40.6878,0,4,'NY124th St10003+NYLiberty Ave+10003'
-73.8202,40.7215,0,2,'NY77th Ave10003'
-73.8201,40.8151,0,1,'NYHarding Ave10003+NYBrinsmade Ave+10003'
-73.8201,40.8220,0,2,'NYRevere Ave10003+NYDewey Ave+10003'
-73.8201,40.8480,0,2,'NYWatt Ave10003|NYWatt Ave10003+NYStadium Ave+10003'
-73.8201,40.7022,1,2,'NYJamaica Ave10003+NY132nd St+10003|NY132nd St10003'
-73.8201,40.6976,0,2,'NY92nd Ave10003+NY130th St+10003|NY130th St10003'
-73.8201,40.7279,0,23,'NY71st Rd10003+NY147th St+10003'
-73.8201,40.6763,0,6,'NY118th St10003|NY118th St10003+NYRockaway Blvd+10003'
-73.8201,40.5838,0,1,'NYMorgan Ct10003|NYMorgan Ct10003+NYBeach 99th St+10003'
-73.8201,40.7210,1,3,'NY77th Ave10003'
-73.8201,40.8335,0,2,'NYBarkley Ave10003+NYVincent Ave+10003'
-73.8201,40.7388,0,5,'NY150th St10003'
-73.8201,40.7011,0,5,'NY88th Ave10003|NY88th Ave10003+NY132nd St+10003'
-73.8201,40.6959,1,1,'NY129th St10003+NYAtlantic Ave+10003'
-73.8201,40.7168,0,4,'NYUnion Tpke10003|NYUnion Tpke10003+NYUnion Tpke+10003'
-73.8200,40.6030,1,0,'NYW 14th Rd10003|NYW 14th Rd10003+NYCross Bay Blvd+10003|NYW 14th Rd10003+NYE 14th Rd+10003|NYCross Bay Blvd10003+NYE 14th Rd+10003|NYE 14th Rd10003'
-73.8200,40.7585,0,30,'NYParsons Blvd10003+NYFranklin Ave+10003|NYFranklin Ave10003'
-73.8200,40.6916,1,3,'NY101st Ave10003+NY126th St+10003'
-73.8200,40.7233,1,4,'NY75th Rd10003|NY75th Rd10003+NYMain St+10003'
-73.8200,40.7439,1,0,'NY148th St10003+NY58th Ave+10003'
-73.8200,40.7674,0,7,'NY147th St10003'
-73.8200,40.8270,0,8,'NYLogan Ave10003+NYRandall Ave+10003'
-73.8200,40.7097,15,12,'NYState Hwy 2510002+NY84th Rd+10002|NY84th Rd10003|NY84th Rd10003+NYQueens Blvd+10003'
-73.8200,40.5853,0,1,'NYAnet Ct10003|NYAnet Ct10003+NYBeach 98th St+10003'
-73.8200,40.7971,0,4,'NY149th St10003+NY3rd Ave+10003'
-73.8200,40.7514,1,18,'NYKissena Blvd10003+NYGeranium Ave+10003|NYGeranium Ave10003'
-73.8200,40.7954,0,2,'NY5th Ave10003+NY148th St+10003|NY148th St10003'
-73.8200,40.9590,0,1,'NYCrestwood Station Plz10003'
-73.8199,40.6037,0,2,'NYW 13th Rd10003|NYW 13th Rd10003+NYCross Bay Blvd+10003'
-73.8199,40.6894,1,13,'NY125th St10003+NY103rd Ave+10003'
-73.8199,40.8165,0,3,'NYLawton Ave10003+NYSwinton Ave+10003'
-73.8199,40.6704,0,26,'NY120th St10003+NY135th Ave+10003'
-73.8199,40.9511,0,1,'NYFranklin St10003|NYFranklin St10003+NYJackson Ave+10003'
-73.8199,40.7180,0,13,'NY79th Ave10003|NY79th Ave10003+NY141st St+10003'
-73.8199,40.8199,0,6,'NYCalhoun Ave10003+NYSampson Ave+10003'
-73.8198,40.7575,0,1,'NYAsh Ave10003+NYMagnolia Pl+10003|NYMagnolia Pl10003'
-73.8198,40.6044,0,3,'NYW 12th Rd10003|NYW 12th Rd10003+NYChurch Rd+10003|NYW 12th Rd10003+NYE 12th Rd+10003|NYW 12th Rd10003+NYCross Bay Blvd+10003|NYChurch Rd10003|NYChurch Rd10003+NYCross Bay Blvd+10003|NYE 12th Rd10003|NYE 12th Rd10003+NYCross Bay Blvd+10003'
-73.8198,40.7903,0,9,'NY147th St10003+NY11th Ave+10003'
-73.8198,40.7153,0,18,'NY82nd Ave10003|NY82nd Ave10003+NYCoolidge Ave+10003|NY82nd Ave10003+NY81st Ave+10003|NY82nd Ave10003+NY139th St+10003|NY139th St10003'
-73.8198,40.7129,2,82,'NY83rd Ave10003+NY139th St+10003|NY139th St10003'
-73.8198,40.8399,0,1,'NYStadium Ave10003+NYPolo Pl+10003|NYPolo Pl10003'
-73.8198,40.7567,1,9,'NYBeech Ave10003+NYPhlox Pl+10003|NYPhlox Pl10003'
-73.8198,40.6709,0,1,'NY120th St10003'
-73.8198,40.7273,0,5,'NY147th St10003+NY72nd Ave+10003'
-73.8198,40.7529,0,9,'NYUnion St10003+NY45th Ave+10003'
-73.8198,40.8351,0,4,'NYLayton Ave10003+NYWilcox Ave+10003'
-73.8198,40.7396,1,2,'NY61st Rd10003+NY150th St+10003'
-73.8197,40.7342,1,38,'NY150th St10003|NY150th St10003+NYGate 2 Entrance Rd+10003|NY150th St10003+NYMelbourne Ave+10003|NYGate 2 Entrance Rd10003'
-73.8197,40.8179,0,13,'NYMiles Ave10003+NYQuincy Ave+10003'
-73.8197,40.5840,0,1,'NYMorgan Ct10003'
-73.8197,40.6051,0,1,'NYW 11th Rd10003|NYW 11th Rd10003+NYCross Bay Blvd+10003'
-73.8197,40.6854,0,15,'NY107th Ave10003+NY123rd St+10003'
-73.8197,40.7663,0,12,'NY35th Ave10003+NY147th St+10003|NY147th St10003'
-73.8197,40.7227,0,2,'NY76th Ave10003+NYMain St+10003'
-73.8197,40.6711,0,4,'NY120th St10003'
-73.8197,40.7760,0,4,'NY25th Rd10003'
-73.8197,40.7766,0,4,'NY147th St10003+NYWillets Point Blvd+10003'
-73.8196,40.7039,0,3,'NYHillside Ave10002+NYKew Gardens Rd+10002|NYHillside Ave10002+NY135th St+10002|NYKew Gardens Rd10003+NYState Hwy 25+10003|NYKew Gardens Rd10003+NY135th St+10003|NYState Hwy 2510002+NY135th St+10002|NY135th St10003'
-73.8196,40.7718,0,11,'NY147th St10003'
-73.8196,40.7875,0,16,'NY146th Pl10003+NY14th Ave+10003'
-73.8196,40.7446,0,3,'NYBooth Memorial Ave10003+NY148th St+10003'
-73.8196,40.7022,0,8,'NYJamaica Ave10003+NY133rd St+10003|NY133rd St10003'
-73.8196,40.6770,0,4,'NY115th Ave10003+NY119th St+10003|NY115th Ave10003+NYLefferts Blvd+10003'
-73.8196,40.7160,0,2,'NY139th St10003'
-73.8196,40.6058,0,1,'NY197th Ave10003|NY197th Ave10003+NY10th Rd+10003|NY197th Ave10003+NYCross Bay Blvd+10003|NYE 10th Rd10003|NYE 10th Rd10003+NY10th Rd+10003|NYE 10th Rd10003+NYCross Bay Blvd+10003|NY10th Rd10003|NY10th Rd10003+NYCross Bay Blvd+10003'
-73.8196,40.7480,0,1,'NYLaburnum Ave10003|NYLaburnum Ave10003+NY146th St+10003|NYLaburnum Ave10003+NYColden St+10003|NY146th St10003|NY146th St10003+NYColden St+10003'
-73.8196,40.7560,0,1,'NYSmart St10003|NYSmart St10003+NYCherry Ave+10003'
-73.8196,40.7089,14,19,'NYVan Wyck Expy10001|NYVan Wyck Expy10001+NYI 678+10001|NYVan Wyck Expy10001+NYVan Wyck Expy+10001|NYVan Wyck Expy10001+NYMain St+10001|NYI 67810001|NYI 67810001+NYI 678+10001|NYI 67810001+NYVan Wyck Expy+10001|NYI 67810001+NYMain St+10001|NYMain St10003'
-73.8196,40.7400,0,2,'NY150th St10003'
-73.8196,40.7319,1,28,'NY150th St10003+NY69th Rd+10003|NY69th Rd10003'
-73.8196,40.6790,0,7,'NYLinden Blvd10003+NY120th St+10003'
-73.8196,40.5846,0,10,'NYRockaway Beach Blvd10003+NYBeach 98th St+10003'
-73.8196,40.8441,0,8,'NYRadio Dr10003'
-73.8196,40.8902,0,1,'NYUS Rte 110002|NYUS Rte 110002+NYBoston Rd+10002|NYUS Rte 110002+NYUS Hwy 1+10002|NYBoston Rd10002|NYBoston Rd10002+NYBoston Post Rd+10002|NYBoston Rd10002+NYUS Hwy 1+10002|NYBoston Post Rd10002|NYBoston Post Rd10002+NYUS Hwy 1+10002|NYUS Hwy 110002'
-73.8196,40.8323,0,1,'NYVincent Ave10003+NYLafayette Ave+10003'
-73.8196,40.7058,1,0,'NY136th St10003'
-73.8195,40.6830,0,17,'NY122nd St10003+NY109th Ave+10003'
-73.8195,40.7897,0,5,'NY147th St10003+NY12th Ave+10003|NY147th St10003+NYCross Island Pkwy+10003|NY147th St10003+NYCross Island Pkwy Srv+10003|NY12th Ave10003|NY12th Ave10003+NYCross Island Pkwy+10003|NY12th Ave10003+NYCross Island Pkwy Srv+10003'
-73.8195,40.6655,2,8,'NY122nd St10003'
-73.8195,40.6064,0,2,'NYE 9th Rd10003|NYE 9th Rd10003+NYW 9th Rd+10003|NYE 9th Rd10003+NYCross Bay Blvd+10003|NYW 9th Rd10003|NYW 9th Rd10003+NYCross Bay Blvd+10003'
-73.8195,40.7173,0,2,'NYGrand Central Pkwy10003|NYGrand Central Pkwy10003+NYUnion Tpke+10003|NYGrand Central Pkwy10003+NY141st St+10003|NYUnion Tpke10003+NY141st St+10003|NY141st St10003'
-73.8195,40.8390,0,3,'NYStadium Ave10003+NYAgar Pl+10003|NYAgar Pl10003'
-73.8195,40.7569,1,1,'NYBeech Ave10003+NYMagnolia Pl+10003|NYMagnolia Pl10003'
-73.8195,40.7779,0,1,'NY147th St10003'
-73.8195,40.7846,0,3,'NY146th St10003|NY146th St10003+NY146th Pl+10003|NY146th St10003+NY17th Ave+10003|NY146th Pl10003|NY146th Pl10003+NY17th Ave+10003'
-73.8195,40.6718,0,4,'NYHawtree Creek Rd10003+NY120th St+10003'
-73.8195,40.9585,0,1,'NYCrescent Pl10003|NYCrescent Pl10003+NYFisher Ave+10003|NYCrescent Pl10003+NYOakland Ave+10003|NYFisher Ave10003+NYOakland Ave+10003|NYOakland Ave10003'
-73.8195,40.8422,0,7,'NYReed Pl10003'
-73.8195,40.9375,0,1,'NYWhite Plains Rd10002+NYPaddington Rd+10002|NYPaddington Rd10003'
-73.8194,40.7266,1,10,'NY147th St10003+NY72nd Rd+10003'
-73.8194,40.7782,0,4,'NY147th St10003|NY147th St10003+NY23rd Ave+10003'
-73.8194,40.7651,4,33,'NYState Hwy 25 Alt10002+NY147th St+10002|NYNorthern Blvd10002+NY147th St+10002'
-73.8194,40.7104,0,6,'NY84th Rd10003+NYManton St+10003'
-73.8194,40.7406,0,1,'NYHorace Harding Blvd10003+NY150th St+10003|NY150th St10003|NY150th St10003+NYHorace Harding Expy+10003'
-73.8194,40.6946,0,4,'NY95th Ave10003+NY129th St+10003'
-73.8194,40.7093,0,8,'NYState Hwy 2510002+NYMain St+10002|NYQueens Blvd10002+NYMain St+10002'
-73.8194,40.7509,0,1,'NYHolly Ave10003|NYHolly Ave10003+NYKissena Blvd+10003'
-73.8194,40.9422,0,2,'NYElm Ln10003|NYElm Ln10003+NYNorth Rd+10003'
-73.8194,40.8444,0,3,'NYResearch Ave10003|NYResearch Ave10003+NYGriswold Ave+10003'
-73.8194,40.6722,0,11,'NY120th St10003+NY133rd Ave+10003'
-73.8194,40.7220,1,3,'NY76th Rd10003+NYMain St+10003'
-73.8193,40.7891,0,3,'NYCross Island Pkwy10003|NYCross Island Pkwy10003+NY147th St+10003|NYCross Island Pkwy10003+NYCross Island Pkwy+10003'
-73.8193,40.6881,0,7,'NY125th St10003+NYLiberty Ave+10003'
-73.8193,40.8248,0,1,'NYSchley Ave10003+NYEdison Ave+10003'
-73.8193,40.6078,0,1,'NYNoel Rd10003|NYNoel Rd10003+NYCross Bay Blvd+10003'
-73.8193,40.7793,0,21,'NY147th St10003+NY22nd Ave+10003'
-73.8193,40.7171,5,20,'NYUnion Tpke10003+NYGrand Central Pkwy+10003'
-73.8193,40.7646,0,11,'NY37th Ave10003|NY37th Ave10003+NY147th St+10003'
-73.8193,40.9561,0,1,'NYAlpine Pl10003'
-73.8193,40.5850,0,1,'NYEleanor Ct10003'
-73.8193,40.7053,0,7,'NY136th St10003+NY87th Ave+10003'
-73.8193,40.7562,0,10,'NYCherry Ave10003+NYPhlox Pl+10003|NYPhlox Pl10003'
-73.8193,40.8224,0,2,'NYE Tremont Ave10003+NYCross Bronx Expy+10003|NYE Tremont Ave10003+NYDewey Ave+10003|NYCross Bronx Expy10002+NYDewey Ave+10002'
-73.8193,40.7453,0,2,'NY56th Rd10003+NY148th St+10003|NY148th St10003'
-73.8192,40.7579,0,15,'NYAsh Ave10003|NYAsh Ave10003+NYParsons Blvd+10003'
-73.8192,40.8153,0,5,'NYSwinton Ave10003+NYHarding Ave+10003'
-73.8192,40.6761,0,2,'NYRockaway Blvd10003+NY119th St+10003|NYRockaway Blvd10003+NYLefferts Blvd+10003|NY119th St10003|NYLefferts Blvd10003'
-73.8192,40.7700,0,2,'NY32nd Ave10003+NY147th Pl+10003|NY147th Pl10003'
-73.8192,40.8338,0,6,'NYWilcox Ave10003+NYBarkley Ave+10003'
-73.8192,40.8379,0,1,'NYCampbell Dr10003|NYCampbell Dr10003+NYStadium Ave+10003'
-73.8192,40.7689,0,4,'NY33rd Ave10003+NY147th Pl+10003'
-73.8192,40.7004,0,6,'NY89th Ave10003'
-73.8192,40.6113,1,0,'NYCross Bay Blvd10003+NY5th Rd+10003|NYCross Bay Blvd10003+NYW 5th Rd+10003|NY5th Rd10003|NYW 5th Rd10003'
-73.8192,40.7102,1,36,'NYManton St10003+NYMain St+10003'
-73.8192,40.8274,1,5,'NYRandall Ave10003+NYHollywood Ave+10003'
-73.8192,40.7974,0,4,'NY149th Pl10003+NY3rd Ave+10003'
-73.8192,40.6919,0,2,'NY101st Ave10003+NY127th St+10003'
-73.8192,40.7092,4,43,'NYState Hwy 2510002+NY138th St+10002|NYQueens Blvd10002+NY138th St+10002'
-73.8192,40.8410,0,3,'NYReed Pl10003|NYReed Pl10003+NYCountry Club Rd+10003'
-73.8192,40.8482,0,2,'NYWatt Ave10003+NYResearch Ave+10003|NYResearch Ave10003'
-73.8191,40.6761,3,6,'NYRockaway Blvd10003+NY119th St+10003|NYRockaway Blvd10003+NYLefferts Blvd+10003|NY119th St10003|NYLefferts Blvd10003'
-73.8191,40.6963,0,1,'NY130th St10003|NY130th St10003+NY93rd Rd+10003|NY93rd Rd10003'
-73.8191,40.7675,0,2,'NY147th Pl10003'
-73.8191,40.9298,0,1,'NYOverhill Rd10003+NYEastfield Rd+10003|NYEastfield Rd10003'
-73.8191,40.6722,0,9,'NYHawtree Creek Rd10003+NY133rd Ave+10003'
-73.8191,40.7413,0,24,'NY150th St10003+NY60th Ave+10003'
-73.8191,40.7506,2,6,'NY46th Ave10003|NY46th Ave10003+NYKissena Blvd+10003|NYHolly Ave10003|NYHolly Ave10003+NYKissena Blvd+10003'
-73.8191,40.7885,1,11,'NY13th Ave10003|NY13th Ave10003+NY147th St+10003'
-73.8191,40.7534,0,11,'NYRobinson St10003+NY45th Ave+10003'
-73.8191,40.7086,10,6,'NYNb Van Wyck Exwy Srvc Rd10006|NYNb Van Wyck Exwy Srvc Rd10006+NY84th Dr+10006|NYNb Van Wyck Exwy Srvc Rd10006+NY138th St+10006|NY84th Dr10003|NY84th Dr10003+NY138th St+10003|NY138th St10003'
-73.8191,40.7810,0,10,'NY20th Rd10003+NY147th St+10003'
-73.8191,40.6896,0,4,'NY103rd Ave10003+NY126th St+10003'
-73.8190,40.6096,0,1,'NYW 6th Rd10003|NYW 6th Rd10003+NYCross Bay Blvd+10003|NYW 6th Rd10003+NYE 6th Rd+10003|NYCross Bay Blvd10003+NYE 6th Rd+10003|NYE 6th Rd10003'
-73.8190,40.7214,2,4,'NY77th Ave10003+NYMain St+10003'
-73.8190,40.7956,0,3,'NY149th St10003+NY5th Ave+10003'
-73.8190,40.8202,0,14,'NYRevere Ave10003+NYSampson Ave+10003'
-73.8189,40.7564,0,3,'NYCherry Ave10003+NYBurling St+10003|NYBurling St10003'
-73.8189,40.7101,4,32,'NY138th St10003+NYManton St+10003'
-73.8189,40.7075,22,18,'NYVan Wyck Expy10001|NYVan Wyck Expy10001+NYI 678+10001|NYVan Wyck Expy10001+NYVan Wyck Expy+10001|NYI 67810001|NYI 67810001+NYI 678+10001|NYI 67810001+NYVan Wyck Expy+10001'
-73.8189,40.9393,0,1,'NYElm Ln10003'
-73.8189,40.6959,1,13,'NY130th St10003+NYAtlantic Ave+10003'
-73.8189,40.8353,0,4,'NYClarence Ave10003+NYLayton Ave+10003'
-73.8189,40.7306,0,15,'NY150th St10003+NY70th Ave+10003|NY70th Ave10003'
-73.8189,40.8219,0,9,'NYE Tremont Ave10003+NYE 177th St+10003'
-73.8189,40.8302,0,2,'NYPhilip Ave10003|NYPhilip Ave10003+NYEllsworth Ave+10003|NYPhilip Ave10003+NYThroggs Neck Expy+10003|NYEllsworth Ave10003|NYEllsworth Ave10003+NYEllsworth Ave+10003|NYEllsworth Ave10003+NYThroggs Neck Expy+10003|NYThroggs Neck Expy10003'
-73.8189,40.7824,0,4,'NY19th Ave10003+NY147th St+10003'
-73.8189,40.8147,0,1,'NYSwinton Ave10003+NYCollis Pl+10003|NYCollis Pl10003'
-73.8188,40.7419,0,2,'NY150th St10003+NY59th Ave+10003'
-73.8188,40.6934,0,7,'NY129th St10003+NY97th Ave+10003'
-73.8188,40.6912,0,2,'NY127th St10003+NY102nd Ave+10003|NY102nd Ave10003'
-73.8188,40.7504,0,2,'NYKissena Blvd10003+NYJuniper Ave+10003|NYJuniper Ave10003'
-73.8188,40.7373,0,7,'NYGate 2 Entrance Rd10003'
-73.8188,40.5849,0,8,'NYBeach 97th St10003+NYRockaway Beach Blvd+10003|NYBeach 97th St10003+NYJoseph Alcamo Blvd+10003|NYRockaway Beach Blvd10003|NYRockaway Beach Blvd10003+NYJoseph Alcamo Blvd+10003|NYRockaway Beach Blvd10003+NYRockaway Beach Blvd+10003|NYJoseph Alcamo Blvd10003'
-73.8188,40.6654,0,16,'NYSouthern Parkway Exit Wb10003|NYSouthern Parkway Exit Wb10003+NYN Conduit Ave+10003|NYSouthern Parkway Exit Wb10003+NY122nd Pl+10003|NY122nd Pl10003'
-73.8188,40.7831,0,2,'NY147th St10003+NY18th Ave+10003'
-73.8188,40.8372,0,3,'NYStadium Ave10003+NYWaterbury Ave+10003'
-73.8188,40.7114,1,30,'NY84th Rd10003+NY139th St+10003|NY139th St10003'
-73.8188,40.7253,1,16,'NY73rd Ave10003+NY147th St+10003'
-73.8187,40.7024,0,3,'NYJamaica Ave10003+NY134th St+10003|NY134th St10003'
-73.8187,40.7753,0,2,'NY148th St10003|NY148th St10003+NY25th Dr+10003'
-73.8187,40.7765,0,3,'NY148th St10003|NY148th St10003+NYWillets Point Blvd+10003'
-73.8187,40.8371,0,1,'NYStadium Ave10003+NYDean Ave+10003|NYDean Ave10003'
-73.8187,40.6773,0,2,'NY115th Ave10003+NY120th St+10003'
-73.8187,40.7713,0,1,'NYBayside Ave10003+NY148th St+10003|NY148th St10003'
-73.8187,40.7724,0,15,'NY29th Ave10003+NY148th St+10003|NY148th St10003'
-73.8187,40.8326,0,3,'NYWilcox Ave10003+NYLafayette Ave+10003'
-73.8187,40.6793,0,11,'NY121st St10003+NYLinden Blvd+10003'
-73.8187,40.7089,7,21,'NYState Hwy 2510002+NY84th Dr+10002|NYQueens Blvd10002+NY84th Dr+10002'
-73.8187,40.7838,0,3,'NY17th Rd10003+NY147th St+10003'
-73.8187,40.6832,0,10,'NY109th Ave10003+NY123rd St+10003'
-73.8187,40.7207,0,9,'NY77th Rd10003+NYMain St+10003'
-73.8187,40.8866,0,1,'NYEastchester Pl10003+NYHuguenot Ave+10003|NYHuguenot Ave10003'
-73.8186,40.8889,0,2,'NYRopes Ave10003+NYFlint Ave+10003|NYFlint Ave10003'
-73.8186,40.7163,1,7,'NY141st St10003'
-73.8186,40.7575,0,2,'NYBeech Ave10003+NYParsons Blvd+10003'
-73.8186,40.7917,0,5,'NY148th St10003+NY10th Ave+10003'
-73.8186,40.7845,0,2,'NY147th St10003+NY17th Ave+10003'
-73.8186,40.7626,1,46,'NY147th St10003+NYRoosevelt Ave+10003'
-73.8186,40.7426,0,7,'NY150th St10003+NY58th Rd+10003'
-73.8186,40.7950,0,2,'NY149th St10003+NY6th Ave+10003'
-73.8186,40.6884,0,2,'NY126th St10003|NY126th St10003+NYLiberty Ave+10003'
-73.8186,40.7073,25,13,'NY86th Ave10003|NY86th Ave10003+NYNb Van Wyck Exwy Srvc Rd+10003'
-73.8185,40.6906,0,6,'NY102nd Rd10003|NY102nd Rd10003+NY127th St+10003'
-73.8185,40.6988,1,2,'NY132nd St10003|NY132nd St10003+NY91st Ave+10003|NY91st Ave10003'
-73.8185,40.8225,1,15,'NYCross Bronx Exwy Svc Rd10003+NYEdison Ave+10003|NYEdison Ave10003'
-73.8185,40.7129,0,34,'NY83rd Ave10003'
-73.8185,40.7299,0,9,'NY150th St10003+NY70th Rd+10003'
-73.8185,40.8367,0,1,'NYDean Ave10003+NYFairmount Ave+10003'
-73.8185,40.8252,0,5,'NYLogan Ave10003+NYSchley Ave+10003'
-73.8185,40.7852,0,2,'NY16th Rd10003'
-73.8185,40.6884,0,5,'NYLiberty Ave10003+NY126th St+10003|NY126th St10003'
-73.8185,40.7163,0,1,'NYGrand Central Pkwy10003|NYGrand Central Pkwy10003+NY141st St+10003|NY141st St10003|NY141st St10003+NY141st St+10003'
-73.8185,40.7057,7,9,'NY87th Ave10003|NY87th Ave10003+NYVan Wyck Expy W+10003|NY87th Ave10003+NYVan Wyck Expy+10003'
-73.8184,40.8447,0,3,'NYLibrary Ave10003|NYLibrary Ave10003+NYGriswold Ave+10003'
-73.8184,40.6949,0,7,'NY95th Ave10003+NY130th St+10003'
-73.8184,40.7246,0,8,'NY147th St10003+NY75th Ave+10003'
-73.8184,40.7538,3,16,'NY45th Ave10003+NYBowne St+10003'
-73.8184,40.7098,1,22,'NYManton St10003+NYPershing Cres+10003|NYPershing Cres10003'
-73.8184,40.7859,0,3,'NY15th Dr10003'
-73.8184,40.9350,0,2,'NYNorthway10003|NYNorthway10003+NYWhite Plains Rd+10003|NYNorthway10003+NYPondfield Rd+10003|NYWhite Plains Rd10002+NYPondfield Rd+10002'
-73.8184,40.7386,0,6,'NYGate 3 Entrance Rd10003|NYGate 3 Entrance Rd10003+NY153rd St+10003|NYReeves Ave10003+NY153rd St+10003|NY153rd St10003'
-73.8184,40.7665,0,13,'NY148th St10003|NY148th St10003+NY35th Ave+10003'
-73.8183,40.8340,0,8,'NYClarence Ave10003+NYBarkley Ave+10003'
-73.8183,40.7866,0,4,'NY147th St10003+NY15th Ave+10003|NY15th Rd10003|NY15th Rd10003+NY15th Ave+10003'
-73.8183,40.7713,0,2,'NYBayside Ave10003+NY148th St+10003|NY148th St10003'
-73.8183,40.7039,1,13,'NY136th St10003+NYHillside Ave+10003'
-73.8183,40.7200,0,4,'NY78th Ave10003+NYMain St+10003'
-73.8183,40.6662,0,21,'NY150th Ave10003+NY122nd Pl+10003'
-73.8183,40.7559,0,3,'NYBurling St10003+NYDelaware Ave+10003|NYDelaware Ave10003'
-73.8183,40.8278,1,1,'NYRandall Ave10003+NYThroggs Neck Blvd+10003'
-73.8183,40.6921,0,3,'NY101st Ave10003+NY129th St+10003|NY129th St10003'
-73.8183,40.8155,0,9,'NYHarding Ave10003+NYQuincy Ave+10003|NYQuincy Ave10003'
-73.8183,40.7433,0,4,'NY150th St10003+NY58th Ave+10003'
-73.8183,40.7702,0,2,'NY32nd Ave10003+NY148th St+10003'
-73.8183,40.7498,1,1,'NYKissena Blvd10003+NYKalmia Ave+10003|NYKalmia Ave10003'
-73.8182,40.7164,1,2,'NY81st Ave10003|NY81st Ave10003+NYGrand Central Pkwy+10003|NYGrand Central Pkwy10003+NYCharter Rd+10003|NYCharter Rd10003'
-73.8182,40.7690,0,2,'NY33rd Ave10003+NY148th St+10003'
-73.8182,40.6729,0,20,'NYHawtree Creek Rd10003|NYHawtree Creek Rd10003+NY121st St+10003'
-73.8182,40.6760,1,10,'NYRockaway Blvd10003+NY120th St+10003'
-73.8182,40.6899,0,6,'NY127th St10003+NY103rd Ave+10003'
-73.8182,40.6858,0,27,'NY125th St10003+NY107th Ave+10003'
-73.8182,40.7143,0,16,'NY141st St10003+NYHoover Ave+10003'
-73.8182,40.7292,0,16,'NY150th St10003+NY71st Ave+10003'
-73.8181,40.8368,0,2,'NYStadium Ave10003+NYFairmount Ave+10003|NYFairmount Ave10003'
-73.8181,40.7676,0,1,'NY148th St10003'
-73.8181,40.7391,0,6,'NY153rd St10003+NY61st Rd+10003'
-73.8181,40.8306,0,3,'NYPhilip Ave10003+NYVincent Ave+10003'
-73.8181,40.8205,2,15,'NYE Tremont Ave10003+NYSampson Ave+10003'
-73.8181,40.8219,0,1,'NYCross Bronx Expy10002|NYCross Bronx Expy10002+NYCross Bronx Expy+10002'
-73.8181,40.6588,5,4,'NYCommissary Rd10003'
-73.8181,40.7239,0,9,'NY75th Rd10003+NY147th St+10003'
-73.8180,40.8355,0,1,'NYLayton Ave10003+NYDean Ave+10003'
-73.8180,40.5853,0,4,'NYBeach 96th St10003+NYJoseph Alcamo Blvd+10003|NYBeach 96th St10003+NYRockaway Beach Blvd+10003'
-73.8180,40.8591,0,1,'NYShore Rd10003'
-73.8180,40.7440,0,8,'NYBooth Memorial Ave10003+NY150th St+10003'
-73.8180,40.7514,0,5,'NY46th Ave10003+NYUnion St+10003|NYHolly Ave10003+NYUnion St+10003'
-73.8180,40.7194,0,20,'NY78th Rd10003+NYMain St+10003'
-73.8180,40.7175,2,25,'NYUnion Tpke10003|NYUnion Tpke10003+NYUnion Tpke+10003'
-73.8180,40.8950,0,1,'NYHillside Rd10003'
-73.8180,40.9392,0,1,'NYEdgewood Ln10003'
-73.8179,40.8411,0,2,'NYCountry Club Rd10003+NYCampbell Dr+10003|NYCampbell Dr10003'
-73.8179,40.6894,0,1,'NY127th St10003+NY103rd Rd+10003|NY103rd Rd10003'
-73.8179,40.7009,0,7,'NY134th St10003+NY89th Ave+10003|NY89th Ave10003'
-73.8179,40.7033,0,11,'NY136th St10003|NY136th St10003+NYKew Gardens Rd+10003'
-73.8179,40.6887,0,2,'NY127th St10003|NY127th St10003+NYLiberty Ave+10003'
-73.8179,40.6961,4,4,'NYAtlantic Ave10003+NY131st St+10003|NY131st St10003'
-73.8179,40.7395,0,5,'NY153rd St10003'
-73.8179,40.8329,0,1,'NYClarence Ave10003+NYLafayette Ave+10003'
-73.8179,40.7571,0,4,'NYCherry Ave10003+NYParsons Blvd+10003'
-73.8179,40.6775,0,8,'NY115th Ave10003+NY121st St+10003'
-73.8178,40.6795,0,8,'NY122nd St10003+NYLinden Blvd+10003'
-73.8178,40.7157,0,12,'NY141st St10003'
-73.8178,40.7285,0,33,'NY150th St10003+NY71st Rd+10003|NY71st Rd10003'
-73.8178,40.6937,0,6,'NY130th St10003+NY97th Ave+10003'
-73.8178,40.7474,0,1,'NYNegundo Ave10003|NYNegundo Ave10003+NYColden St+10003'
-73.8178,40.7121,0,52,'NY84th Rd10003|NY84th Rd10003+NY141st St+10003|NY84th Rd10003+NY138th St+10003|NY84th Rd10003+NYMain St+10003|NY141st St10003|NY141st St10003+NY138th St+10003|NY138th St10003'
-73.8178,40.7935,0,11,'NY149th St10003+NY8th Ave+10003'
-73.8178,40.7093,1,40,'NY84th Dr10003+NYManton St+10003'
-73.8178,40.7494,0,2,'NYLaburnum Ave10003|NYLaburnum Ave10003+NYKissena Blvd+10003'
-73.8177,40.5865,0,1,'NYCross Bay Pkwy10003+NYRockaway Fwy+10003|NYBeach 95th St10003+NYRockaway Fwy+10003|NYCross Bay Blvd10003+NYRockaway Fwy+10003'
-73.8177,40.7233,0,4,'NY76th Ave10003+NY147th St+10003'
-73.8177,40.9318,0,1,'NYElmsmere Rd10003|NYElmsmere Rd10003+NYHillside Rd+10003'
-73.8177,40.7543,2,1,'NYSmart St10003+NY45th Ave+10003'
-73.8177,40.5832,0,4,'NYBeach 97th St10003|NYBeach 97th St10003+NYShore Front Pkwy+10003'
-73.8177,40.7060,33,94,'NYNb Van Wyck Exwy Srvc Rd10006+NY87th Ave+10006|NY87th Ave10003'
-73.8177,40.7879,0,9,'NY148th St10003|NY148th St10003+NY14th Ave+10003'
-73.8177,40.8256,0,2,'NYSchley Ave10003|NYSchley Ave10003+NYHollywood Ave+10003'
-73.8177,40.7931,0,1,'NY149th St10003+NY8th Rd+10003|NY8th Rd10003'
-73.8176,40.7187,0,31,'NY79th Ave10003+NYMain St+10003'
-73.8176,40.8197,1,20,'NYE Tremont Ave10003+NYGerber Pl+10003|NYGerber Pl10003'
-73.8176,40.7764,0,6,'NY149th St10003+NY25th Ave+10003|NYWillets Point Blvd10003+NY25th Ave+10003|NY25th Ave10003'
-73.8176,40.6888,0,2,'NY127th St10003|NY127th St10003+NYLiberty Ave+10003'
-73.8176,40.8157,0,4,'NYCalhoun Ave10003+NYHarding Ave+10003'
-73.8176,40.7767,0,5,'NY149th St10003+NY24th Rd+10003|NY24th Rd10003'
-73.8176,40.7400,3,2,'NY153rd St10003'
-73.8176,40.7979,0,2,'NY3rd Ave10003+NYCresthaven Ln+10003|NYCresthaven Ln10003'
-73.8176,40.6916,0,6,'NY102nd Ave10003|NY102nd Ave10003+NY129th St+10003'
-73.8176,40.6656,1,1,'NY123rd St10003'
-73.8175,40.7040,10,14,'NYHillside Ave10002+NYVan Wyck Expy W+10002|NYHillside Ave10002+NYVan Wyck Expy+10002|NYState Hwy 2510002+NYVan Wyck Expy W+10002|NYState Hwy 2510002+NYVan Wyck Expy+10002'
-73.8175,40.7889,1,5,'NY148th St10003|NY148th St10003+NYCross Island Pkwy+10003|NY148th St10003+NYCross Island Pkwy Srv+10003'
-73.8175,40.7318,0,10,'NY152nd St10003'
-73.8175,40.8229,0,1,'NYLogan Ave10003+NYDewey Ave+10003'
-73.8175,40.7078,0,18,'NY86th Ave10003+NYState Hwy 25+10003|NY86th Ave10003+NYQueens Blvd+10003'
-73.8175,40.8892,0,1,'NYWest St10003|NYWest St10003+NYFlint Ave+10003'
-73.8175,40.7279,1,16,'NY150th St10003+NY72nd Ave+10003|NY72nd Ave10003'
-73.8175,40.8342,0,3,'NYBarkley Ave10003+NYDean Ave+10003'
-73.8175,40.8448,0,8,'NYGriswold Ave10003+NYBayview Ave+10003|NYBayview Ave10003'
-73.8174,40.9071,0,1,'NYMcClellan Ave10003+NYE 4th St+10003'
-73.8174,40.7125,1,52,'NY84th Rd10003'
-73.8174,40.9381,0,2,'NYRidgecroft Rd10003|NYRidgecroft Rd10003+NYPaddington Rd+10003|NYRidgecroft Rd10003+NYPaddington Cir+10003|NYPaddington Rd10003|NYPaddington Rd10003+NYPaddington Cir+10003|NYPaddington Cir10003'
-73.8174,40.7880,0,3,'NY14th Ave10003+NYCross Island Pkwy+10003'
-73.8174,40.6661,0,3,'NY150th Ave10003+NY123rd St+10003'
-73.8174,40.7731,0,1,'NY149th St10003+NY28th Ave+10003|NY28th Ave10003'
-73.8174,40.7340,0,24,'NY152nd St10003|NY152nd St10003+NYMelbourne Ave+10003'
-73.8174,40.8428,0,6,'NYRadio Dr10003|NYRadio Dr10003+NYLucerne St+10003|NYRadio Dr10003+NYSpencer Dr+10003|NYLucerne St10003+NYSpencer Dr+10003|NYSpencer Dr10003'
-73.8174,40.6952,0,4,'NY95th Ave10003+NY131st St+10003'
-73.8174,40.8393,0,4,'NYCampbell Dr10003'
-73.8174,40.7226,0,9,'NY147th St10003+NY76th Rd+10003'
-73.8174,40.9573,0,1,'NYMarbledale Rd10003+NYFisher Ave+10003'
-73.8174,40.6860,0,1,'NY126th St10003+NY107th Ave+10003'
-73.8173,40.8283,0,5,'NYRandall Ave10003+NYEllsworth Ave+10003|NYRandall Ave10003+NYThroggs Neck Expy+10003|NYEllsworth Ave10003|NYEllsworth Ave10003+NYEllsworth Ave+10003|NYEllsworth Ave10003+NYThroggs Neck Expy+10003|NYThroggs Neck Expy10003'
-73.8173,40.8309,0,1,'NYPhilip Ave10003+NYWilcox Ave+10003'
-73.8173,40.7518,0,4,'NY46th Ave10003+NYRobinson St+10003|NYRobinson St10003+NYHolly Ave+10003'
-73.8173,40.6924,0,3,'NY101st Ave10003+NY130th St+10003|NY130th St10003'
-73.8173,40.7598,1,37,'NY147th St10003+NYSanford Ave+10003'
-73.8173,40.8150,0,5,'NYCollis Pl10003|NYCollis Pl10003+NYCalhoun Ave+10003'
-73.8173,40.9214,0,1,'NYBateman Pl10003'
-73.8173,40.8221,0,2,'NYLogan Ave10003|NYLogan Ave10003+NYE 177th St+10003|NYLogan Ave10003+NYCross Bronx Exwy Svc Rd+10003|NYE 177th St10003|NYE 177th St10003+NYCross Bronx Exwy Svc Rd+10003'
-73.8173,40.6910,0,3,'NY102nd Rd10003|NY102nd Rd10003+NY129th St+10003'
-73.8173,40.7869,0,4,'NY148th St10003|NY148th St10003+NY15th Ave+10003'
-73.8173,40.8484,0,2,'NYWatt Ave10003+NYBayview Ave+10003|NYBayview Ave10003'
-73.8172,40.8190,4,17,'NYE Tremont Ave10003+NYMiles Ave+10003'
-73.8172,40.5857,0,2,'NYCross Bay Pkwy10003+NYJoseph Alcamo Blvd+10003|NYCross Bay Pkwy10003+NYRockaway Beach Blvd+10003|NYBeach 95th St10003+NYJoseph Alcamo Blvd+10003|NYBeach 95th St10003+NYRockaway Beach Blvd+10003|NYCross Bay Blvd10003+NYJoseph Alcamo Blvd+10003|NYCross Bay Blvd10003+NYRockaway Beach Blvd+10003'
-73.8172,40.7555,1,1,'NYElm Ave10003'
-73.8172,40.7406,0,6,'NY153rd St10003+NY60th Ave+10003'
-73.8172,40.8357,0,8,'NYStadium Ave10003|NYStadium Ave10003+NYShore Dr+10003|NYStadium Ave10003+NYLayton Ave+10003|NYShore Dr10003|NYShore Dr10003+NYLayton Ave+10003'
-73.8172,40.5839,0,9,'NYBeach 96th St10003+NYWoodrow Cottages+10003|NYWoodrow Cottages10003'
-73.8172,40.7273,0,38,'NY150th St10003+NY72nd Rd+10003'
-73.8172,40.7566,0,7,'NYParsons Blvd10003+NYDelaware Ave+10003|NYDelaware Ave10003'
-73.8172,40.6758,1,2,'NYRockaway Blvd10003+NY121st St+10003|NYRockaway Blvd10003+NYHawtree Creek Rd+10003|NYHawtree Creek Rd10003'
-73.8172,40.6837,1,11,'NY125th St10003|NY125th St10003+NY109th Ave+10003'
-73.8172,40.7011,0,8,'NY135th St10003|NY135th St10003+NY89th Ave+10003'
-73.8171,40.5885,0,2,'NYBeach 94th St10003'
-73.8171,40.9691,0,3,'NYLeewood Dr10003'
-73.8171,40.7488,1,2,'NYMulberry Ave10003+NYKissena Blvd+10003'
-73.8171,40.7961,0,1,'NY150th St10003+NY5th Ave+10003|NY5th Ave10003'
-73.8171,40.6890,0,4,'NY128th St10003|NY128th St10003+NYLiberty Ave+10003'
-73.8171,40.7071,1,7,'NYState Hwy 2510002+NY86th Rd+10002|NYQueens Blvd10002+NY86th Rd+10002|NY86th Rd10003'
-73.8171,40.6641,1,10,'NY124th St10003|NY124th St10003+NY152nd Ave+10003|NY152nd Ave10003'
-73.8170,40.7219,0,4,'NY77th Ave10003+NY147th St+10003'
-73.8170,40.7808,0,48,'NY149th St10003+NY20th Rd+10003'
-73.8170,40.7096,0,35,'NYBurden Cres10003'
-73.8170,40.6084,0,2,'NYE 7th Rd10003'
-73.8170,40.7547,0,7,'NY45th Ave10003+NYBurling St+10003'
-73.8170,40.9304,0,1,'NYOverhill Rd10003+NYHillside Rd+10003|NYHillside Rd10003'
-73.8170,40.6964,1,3,'NYAtlantic Ave10003+NY132nd St+10003|NY132nd St10003'
-73.8170,40.7040,31,33,'NYHillside Ave10002+NYI 678+10002|NYHillside Ave10002+NYVan Wyck Expy+10002|NYI 67810001+NYState Hwy 25+10001|NYState Hwy 2510002+NYVan Wyck Expy+10002'
-73.8170,40.8332,0,3,'NYLafayette Ave10003+NYDean Ave+10003'
-73.8170,40.7565,0,2,'NYParsons Blvd10003+NYDelaware Ave+10003|NYDelaware Ave10003'
-73.8170,40.6925,1,5,'NY101st Ave10003+NY130th St+10003|NY130th St10003'
-73.8170,40.6737,0,27,'NY122nd St10003+NYSutter Ave+10003'
-73.8170,40.5887,0,1,'NYBeach 92nd St10003+NYBeach Channel Dr+10003'
-73.8170,40.8143,0,2,'NYCalhoun Ave10003+NYMarina Dr+10003|NYCalhoun Ave10003+NYSchurz Ave+10003|NYMarina Dr10003|NYMarina Dr10003+NYSchurz Ave+10003|NYSchurz Ave10003|NYSchurz Ave10003+NYSchurz Ave+10003'
-73.8170,40.6777,0,4,'NY115th Ave10003+NY122nd St+10003|NY122nd St10003+NYHawtree Creek Rd+10003'
-73.8169,40.6798,1,4,'NYLinden Blvd10003+NY123rd St+10003'
-73.8169,40.6989,0,7,'NY91st Ave10003|NY91st Ave10003+NY134th St+10003|NY91st Ave10003+NY133rd St+10003|NY134th St10003|NY134th St10003+NY133rd St+10003|NY133rd St10003'
-73.8169,40.6902,0,7,'NY129th St10003+NY103rd Ave+10003'
-73.8169,40.6838,0,5,'NY109th Ave10003+NY125th St+10003|NY125th St10003'
-73.8169,40.5834,0,2,'NYBeach 96th St10003|NYBeach 96th St10003+NYShore Front Pkwy+10003'
-73.8169,40.7589,0,3,'NY147th St10003+NYAsh Ave+10003|NYAsh Ave10003'
-73.8169,40.7975,0,3,'NYCresthaven Ln10003'
-73.8169,40.7024,13,25,'NYKew Gardens Rd10003|NYKew Gardens Rd10003+NYJamaica Ave+10003|NYKew Gardens Rd10003+NYVan Wyck Expy W+10003|NYKew Gardens Rd10003+NYVan Wyck Expy+10003|NYKew Gardens Rd10003+NYMetropolitan Ave+10003|NYJamaica Ave10003+NYVan Wyck Expy W+10003|NYJamaica Ave10003+NYVan Wyck Expy+10003|NYJamaica Ave10003+NYMetropolitan Ave+10003|NYVan Wyck Expy W10003+NYMetropolitan Ave+10003|NYVan Wyck Expy10003+NYMetropolitan Ave+10003|NYMetropolitan Ave10003'
-73.8169,40.6648,1,6,'NY124th St10003+NYOld South Rd+10003|NYOld South Rd10003'
-73.8168,40.7088,0,39,'NY85th Dr10003|NY85th Dr10003+NY139th St+10003|NY85th Dr10003+NYManton St+10003|NY139th St10003|NY139th St10003+NYManton St+10003|NYManton St10003'
-73.8168,40.7266,0,8,'NY150th St10003+NY72nd Dr+10003'
-73.8168,40.7910,0,5,'NY149th St10003+NY11th Ave+10003'
-73.8168,40.7413,0,34,'NY153rd St10003+NY59th Ave+10003'
-73.8168,40.7642,0,36,'NY149th St10003+NY38th Ave+10003'
-73.8168,40.7079,1,33,'NY86th Ave10003+NY139th St+10003'
-73.8168,40.6940,2,4,'NY97th Ave10003+NY131st St+10003'
-73.8168,40.6650,0,1,'NY124th St10003'
-73.8168,40.5841,1,0,'NYWoodrow Cottages10003'
-73.8168,40.8235,0,3,'NYThroggs Neck Blvd10003+NYHollywood Ave+10003|NYHollywood Ave10003'
-73.8168,40.7135,3,99,'NY82nd Dr10003|NY82nd Dr10003+NYMain St+10003'
-73.8167,40.6793,0,1,'NY123rd St10003+NYHawtree Creek Rd+10003'
-73.8167,40.8888,0,1,'NYHollers Ave10003|NYHollers Ave10003+NYPelham Bay Park W+10003'
-73.8167,40.8159,0,6,'NYRevere Ave10003+NYHarding Ave+10003'
-73.8167,40.7213,1,16,'NY77th Rd10003+NY147th St+10003'
-73.8167,40.7190,0,12,'NY146th St10003|NY146th St10003+NY79th Ave+10003'
-73.8167,40.7168,2,19,'NY81st Ave10003+NYVillage Rd+10003|NYVillage Rd10003|NYVillage Rd10003+NYCharter Rd+10003'
-73.8167,40.7882,1,2,'NYCross Island Pkwy10003+NY14th Ave+10003'
-73.8167,40.7983,0,1,'NY3rd Ave10003|NY3rd Ave10003+NYPowells Cove Blvd+10003|NYPowells Cove Blvd10003'
-73.8167,40.9242,0,1,'NYAudubon Ave10003|NYAudubon Ave10003+NYStuyvesant Plz+10003'
-73.8167,40.6897,0,4,'NY129th St10003+NY103rd Rd+10003|NY103rd Rd10003'
-73.8167,40.6862,0,7,'NY127th St10003+NY107th Ave+10003'
-73.8167,40.8343,0,1,'NYShore Dr10003+NYBarkley Ave+10003|NYBarkley Ave10003'
-73.8167,40.6745,0,1,'NY122nd St10003'
-73.8166,40.8461,0,6,'NYAmpere Ave10003+NYOutlook Ave+10003|NYOutlook Ave10003'
-73.8166,40.7954,0,5,'NY150th St10003+NY6th Ave+10003|NY6th Ave10003'
-73.8166,40.7064,0,23,'NYState Hwy 2510002+NY87th Ave+10002|NYQueens Blvd10002+NY87th Ave+10002'
-73.8166,40.7903,0,5,'NY149th St10003+NY12th Ave+10003'
-73.8166,40.7522,1,2,'NY46th Ave10003|NY46th Ave10003+NYHolly Ave+10003|NY46th Ave10003+NYBowne St+10003|NYHolly Ave10003|NYHolly Ave10003+NYHolly Ave+10003|NYHolly Ave10003+NYBowne St+10003'
-73.8166,40.9551,0,2,'NYRichardson Pl10003'
-73.8166,40.8895,0,2,'NYSpring Rd10003|NYSpring Rd10003+NYPelham Bay Park W+10003|NYPelham Bay Park W10003'
-73.8166,40.6799,0,3,'NYLinden Blvd10003+NYHawtree Creek Rd+10003'
-73.8166,40.7766,0,13,'NY24th Rd10003+NYWillets Point Blvd+10003'
-73.8166,40.8207,0,2,'NYE 177th St10003+NYLogan Ave+10003|NYLogan Ave10003'
-73.8166,40.7501,0,3,'NYLaburnum Ave10003+NYUnion St+10003'
-73.8166,40.6954,0,1,'NY95th Ave10003+NY132nd St+10003'
-73.8165,40.7483,0,3,'NYNegundo Ave10003+NYKissena Blvd+10003'
-73.8165,40.8287,0,6,'NYRandall Ave10003+NYVincent Ave+10003'
-73.8165,40.8313,0,7,'NYPhilip Ave10003+NYClarence Ave+10003'
-73.8165,40.7581,0,5,'NYBeech Ave10003+NY147th St+10003'
-73.8165,40.7653,1,52,'NYState Hwy 25 Alt10002+NY149th Pl+10002|NY149th Pl10003|NY149th Pl10003+NYNorthern Blvd+10003'
-73.8165,40.7665,1,7,'NY35th Ave10003+NY149th Pl+10003'
-73.8165,40.8952,0,1,'NYTimpson St10003'
-73.8165,40.7259,1,12,'NY150th St10003+NY73rd Ave+10003'
-73.8165,40.6660,0,2,'NY124th St10003'
-73.8165,40.8334,0,14,'NYShore Dr10003|NYShore Dr10003+NYShore Dr+10003|NYShore Dr10003+NYLafayette Ave+10003|NYLafayette Ave10003'
-73.8165,40.7851,0,8,'NY149th St10003+NY16th Rd+10003'
-73.8165,40.8458,0,6,'NYBay Shore Ave10003|NYBay Shore Ave10003+NYOutlook Ave+10003'
-73.8165,40.7419,0,5,'NY153rd St10003+NY58th Rd+10003'
-73.8164,40.7542,0,1,'NYGeorgia Rd10003|NYGeorgia Rd10003+NYBurling St+10003'
-73.8164,40.7099,2,112,'NY85th Rd10003|NY85th Rd10003+NY84th Dr+10003'
-73.8164,40.8359,0,2,'NYLayton Ave10003'
-73.8164,40.7493,0,1,'NYMulberry Ave10003'
-73.8164,40.7690,2,28,'NY149th Pl10003'
-73.8164,40.7041,5,14,'NYHillside Ave10002+NYNb Van Wyck Exwy Srvc Rd+10002|NYHillside Ave10002+NYVan Wyck Expy+10002|NYNb Van Wyck Exwy Srvc Rd10006|NYNb Van Wyck Exwy Srvc Rd10006+NYState Hwy 25+10006|NYNb Van Wyck Exwy Srvc Rd10006+NYVan Wyck Expy+10006|NYState Hwy 2510002+NYVan Wyck Expy+10002|NYVan Wyck Expy10003'
-73.8164,40.7632,1,17,'NY149th St10003+NYRoosevelt Ave+10003'
-73.8164,40.7893,0,2,'NY149th St10003+NY12th Rd+10003|NY12th Rd10003'
-73.8164,40.6072,0,1,'NY103rd St10003+NYE 8th Rd+10003|NYE 8th Rd10003|NYE 8th Rd10003+NYLanark Rd+10003'
-73.8164,40.6806,0,8,'NY124th St10003+NYHawtree Creek Rd+10003'
-73.8164,40.8176,0,4,'NYLawton Ave10003+NYE Tremont Ave+10003'
-73.8164,40.7206,0,8,'NY78th Ave10003+NY147th St+10003'
-73.8164,40.7160,2,14,'NYGrand Central Pkwy10003|NYGrand Central Pkwy10003+NYGrand Central Pkwy+10003|NYGrand Central Pkwy10003+NY141st St+10003|NY141st St10003|NY141st St10003+NYGrand Central Pkwy+10003'
-73.8164,40.7142,0,36,'NYLander St10003|NYLander St10003+NYHoover Ave+10003|NYHoover Ave10003+NYMain St+10003'
-73.8164,40.7149,5,19,'NYCoolidge Ave10003|NYCoolidge Ave10003+NYCoolidge Ave+10003|NYCoolidge Ave10003+NY81st Ave+10003|NYCoolidge Ave10003+NYMain St+10003|NY81st Ave10003|NY81st Ave10003+NYMain St+10003'
-73.8164,40.7156,2,8,'NYGrand Central Pkwy10003+NYMain St+10003'
-73.8163,40.6893,1,10,'NY129th St10003+NYLiberty Ave+10003'
-73.8163,40.6839,0,3,'NY126th St10003|NY126th St10003+NY109th Ave+10003'
-73.8163,40.7384,0,2,'NYReeves Ave10003+NY61st Rd+10003|NY61st Rd10003'
-73.8163,40.8202,0,4,'NYLogan Ave10003+NYGerber Pl+10003|NYGerber Pl10003'
-73.8163,40.8263,0,3,'NYSchley Ave10003+NYThroggs Neck Blvd+10003|NYThroggs Neck Blvd10003'
-73.8163,40.8486,0,1,'NYWatt Ave10003+NYBay Shore Ave+10003|NYBay Shore Ave10003'
-73.8163,40.7014,12,35,'NYVan Wyck Expy W10003+NY89th Ave+10003|NYVan Wyck Expy10003+NY89th Ave+10003|NY89th Ave10003'
-73.8163,40.7025,15,7,'NYJamaica Ave10003+NYI 678+10003|NYJamaica Ave10003+NYVan Wyck Expy+10003'
-73.8163,40.5890,0,2,'NYBeach Channel Dr10003+NYBeach 91st St+10003|NYBeach 91st St10003'
-73.8163,40.8428,0,1,'NYLucerne St10003'
-73.8163,40.7865,0,5,'NY149th St10003+NY15th Rd+10003'
-73.8162,40.9147,0,1,'NYPearsall Dr10003'
-73.8162,40.7461,0,2,'NY151st St10003|NY151st St10003+NYPeck Ave+10003|NYPeck Ave10003'
-73.8162,40.7575,0,1,'NYCherry Ave10003+NY147th St+10003'
-73.8162,40.9482,0,2,'NYProspect Ave10003'
-73.8162,40.7038,12,3,'NY138th St10003|NY138th St10003+NYVan Wyck Expy+10003'
-73.8162,40.6966,0,2,'NYAtlantic Ave10003+NY133rd St+10003|NY133rd St10003'
-73.8162,40.7179,1,25,'NY146th St10003|NY146th St10003+NYUnion Tpke+10003'
-73.8162,40.7653,1,6,'NY149th Pl10003|NY149th Pl10003+NYState Hwy 25 Alt+10003|NY149th Pl10003+NYNorthern Blvd+10003'
-73.8162,40.7560,0,3,'NYElm Ave10003|NYElm Ave10003+NYParsons Blvd+10003'
-73.8161,40.6640,0,1,'NY152nd Ave10003+NY125th St+10003|NY125th St10003'
-73.8161,40.7875,0,1,'NY149th St10003+NYCross Island Pkwy+10003'
-73.8161,40.6760,0,4,'NY122nd St10003+NY116th Ave+10003'
-73.8161,40.7883,0,3,'NY149th St10003+NYCross Island Pkwy+10003|NY149th St10003+NYCross Island Pkwy Srv+10003|NY14th Ave10003+NYCross Island Pkwy+10003|NY14th Ave10003+NYCross Island Pkwy Srv+10003'
-73.8161,40.5836,0,2,'NYCross Bay Pkwy10003+NYShore Front Pkwy+10003|NYShore Front Pkwy10003+NYBeach 95th St+10003|NYShore Front Pkwy10003+NYCross Bay Blvd+10003'
-73.8161,40.7389,5,21,'NYReeves Ave10003'
-73.8161,40.6905,0,5,'NY130th St10003+NY103rd Ave+10003'
-73.8161,40.7426,0,3,'NY153rd St10003+NY58th Ave+10003'
-73.8161,40.9557,0,1,'NYMaple Ave10003|NYMaple Ave10003+NYGlen Rd+10003'
-73.8161,40.7880,0,3,'NY149th St10003+NYCross Island Pkwy+10003'
-73.8161,40.7303,0,14,'NY70th Rd10003+NY153rd St+10003|NY153rd St10003'
-73.8161,40.6820,0,5,'NY125th St10003+NY111th Ave+10003'
-73.8160,40.5850,0,3,'NYBeach 94th St10003+NYHolland Ave+10003|NYHolland Ave10003'
-73.8160,40.6840,0,2,'NY126th St10003|NY126th St10003+NY109th Ave+10003'
-73.8160,40.8944,1,0,'NYBrier Ln10003'
-73.8160,40.7199,0,12,'NY78th Rd10003+NY147th St+10003'
-73.8160,40.8144,0,1,'NYRevere Ave10003|NYRevere Ave10003+NYSchurz Ave+10003'
-73.8160,40.8169,0,6,'NYE Tremont Ave10003+NYMilton Pl+10003|NYMilton Pl10003'
-73.8160,40.7478,0,7,'NYKissena Blvd10003+NYOak Ave+10003'
-73.8160,40.7312,1,25,'NY153rd St10003'
-73.8160,40.8195,0,6,'NYLogan Ave10003+NYMiles Ave+10003'
-73.8160,40.5872,0,2,'NYBeach 92nd St10003+NYRockaway Fwy+10003'
-73.8159,40.7527,0,6,'NYHolly Ave10003+NYSmart St+10003'
-73.8159,40.7025,10,13,'NYJamaica Ave10003+NYVan Wyck Expy E+10003|NYJamaica Ave10003+NYVan Wyck Expy+10003|NYVan Wyck Expy E10003'
-73.8159,40.7874,0,2,'NYCross Island Pkwy Srv10006|NYCross Island Pkwy Srv10006+NYCross Island Pkwy+10006|NYCross Island Pkwy10006|NYCross Island Pkwy10006+NYCross Island Pkwy+10006'
-73.8159,40.7568,0,6,'NY147th St10003+NYDelaware Ave+10003'
-73.8159,40.9391,0,1,'NYRidgecroft Rd10003|NYRidgecroft Rd10003+NYCourseview Rd+10003|NYRidgecroft Rd10003+NYRidge Croft Rd+10003|NYCourseview Rd10003|NYCourseview Rd10003+NYRidge Croft Rd+10003|NYRidge Croft Rd10003'
-73.8159,40.7621,1,7,'NY149th St10003+NY41st Ave+10003'
-73.8159,40.5871,0,1,'NYBeach 92nd St10003+NYde Sota Rd+10003|NYde Sota Rd10003'
-73.8159,40.7537,0,4,'NYHawthorne Ave10003|NYHawthorne Ave10003+NYBurling St+10003'
-73.8158,40.7939,0,1,'NY150th St10003+NY8th Ave+10003'
-73.8158,40.7646,0,3,'NY149th Pl10003+NY38th Ave+10003'
-73.8158,40.7505,0,2,'NYRobinson St10003+NYLaburnum Ave+10003'
-73.8158,40.6865,0,6,'NY128th St10003+NY107th Ave+10003'
-73.8158,40.8265,0,9,'NYSchley Ave10003+NYEllsworth Ave+10003'
-73.8158,40.7246,0,22,'NY150th St10003+NY75th Rd+10003'
-73.8158,40.6815,0,1,'NY125th St10003+NYHawtree Creek Rd+10003'
-73.8158,40.7448,0,1,'NY56th Ave10003+NY152nd St+10003|NY152nd St10003'
-73.8158,40.9621,0,1,'NYMarbledale Rd10003+NYStewart Ave+10003|NYStewart Ave10003'
-73.8157,40.8291,0,2,'NYRandall Ave10003+NYWilcox Ave+10003'
-73.8157,40.6956,0,5,'NY95th Ave10003+NY133rd St+10003'
-73.8157,40.6654,0,1,'NYState Rte 2710002+NY125th St+10002|NYS Conduit Ave10002+NY125th St+10002|NY125th St10003'
-73.8157,40.7936,0,1,'NY150th St10003+NY8th Rd+10003|NY8th Rd10003'
-73.8157,40.7193,0,8,'NY147th St10003+NY79th Ave+10003'
-73.8157,40.7722,0,2,'NY29th Ave10003+NY150th St+10003'
-73.8156,40.7433,0,1,'NYBooth Memorial Ave10003+NY153rd St+10003|NY153rd St10003'
-73.8156,40.7556,0,10,'NY45th Ave10003|NY45th Ave10003+NYParsons Blvd+10003'
-73.8156,40.8161,2,13,'NYE Tremont Ave10003+NYHarding Ave+10003'
-73.8156,40.6841,1,4,'NY127th St10003|NY127th St10003+NY109th Ave+10003'
-73.8156,40.8391,0,3,'NYCountry Club Rd10003'
-73.8156,40.7561,0,6,'NYElm Ave10003+NY147th St+10003'
-73.8156,40.8449,0,7,'NYOutlook Ave10003+NYGriswold Ave+10003|NYGriswold Ave10003'
-73.8156,40.5894,0,1,'NYBeach 90th St10003|NYBeach 90th St10003+NYBeach Channel Dr+10003'
-73.8155,40.6896,0,4,'NY130th St10003+NYLiberty Ave+10003'
-73.8155,40.7128,1,38,'NYLander St10003+NY84th Rd+10003|NY84th Rd10003'
-73.8155,40.7729,0,1,'NY28th Ave10003+NY150th St+10003'
-73.8155,40.9168,0,1,'NYE Lincoln Ave10003+NYOak Dr+10003|NYOak Dr10003'
-73.8155,40.7006,35,30,'NYI 67810001+NY90th Ave+10001|NYVan Wyck Expy10001+NY90th Ave+10001|NY90th Ave10003'
-73.8155,40.5852,0,1,'NYBeach 93rd St10003|NYBeach 93rd St10003+NYHolland Ave+10003'
-73.8155,40.9025,1,1,'NYColonial Ave10003|NYColonial Ave10003+NYE Sandford Blvd+10003|NYColonial Ave10003+NYHighland Ave+10003|NYE Sandford Blvd10003|NYE Sandford Blvd10003+NYHighland Ave+10003|NYHighland Ave10003'
-73.8154,40.8177,0,17,'NYLawton Ave10003+NYLogan Ave+10003|NYLogan Ave10003'
-73.8154,40.7059,0,13,'NY139th St10003+NY87th Rd+10003|NY87th Rd10003'
-73.8154,40.5839,0,1,'NYShore Front Pkwy10003+NYBeach 95th St+10003|NYBeach 95th St10003'
-73.8154,40.6756,1,1,'NYRockaway Blvd10003+NY122nd Pl+10003|NY122nd Pl10003'
-73.8154,40.7490,0,1,'NYNegundo Ave10003+NYUnion St+10003'
-73.8154,40.6664,0,24,'NYState Hwy 2710002+NY125th St+10002|NYN Conduit Ave10002+NY125th St+10002|NY125th St10003'
-73.8154,40.7472,0,3,'NYPoplar Ave10003+NYKissena Blvd+10003'
-73.8154,40.7042,4,13,'NYHillside Ave10002+NYState Hwy 25+10002|NYHillside Ave10002+NYQueens Blvd+10002|NYState Hwy 2510002|NYState Hwy 2510002+NYState Hwy 25+10002|NYState Hwy 2510002+NYQueens Blvd+10002|NYQueens Blvd10002|NYQueens Blvd10002+NYQueens Blvd+10002|NYQueens Blvd10003'
-73.8154,40.6930,2,18,'NY101st Ave10003+NY132nd St+10003'
-73.8153,40.8203,0,2,'NYHollywood Ave10003|NYHollywood Ave10003+NYE 177th St+10003'
-73.8153,40.6969,1,4,'NYAtlantic Ave10003+NY134th St+10003|NY134th St10003'
-73.8153,40.7554,1,1,'NYFranconia Ave10003|NYFranconia Ave10003+NY147th St+10003|NYFranconia Ave10003+NYParsons Blvd+10003|NY147th St10003|NY147th St10003+NYParsons Blvd+10003|NY147th St10003+NY45th Ave+10003|NYParsons Blvd10003+NY45th Ave+10003|NY45th Ave10003'
-73.8153,40.7025,1,59,'NYJamaica Ave10003+NY138th St+10003|NY138th St10003'
-73.8153,40.7737,0,5,'NY27th Ave10003+NY150th St+10003'
-73.8153,40.8873,0,6,'NYHutchinson River Pkwy10002|NYHutchinson River Pkwy10002+NYHutchinson River Pkwy+10002'
-73.8153,40.7634,0,4,'NY149th Pl10003+NYRoosevelt Ave+10003'
-73.8153,40.7531,0,2,'NY46th Ave10003|NY46th Ave10003+NYHolly Ave+10003|NY46th Ave10003+NYBurling St+10003|NYHolly Ave10003|NYHolly Ave10003+NYBurling St+10003|NYHolly Ave10003+NYHolly Ave+10003|NYBurling St10003+NYHolly Ave+10003'
-73.8152,40.7121,0,17,'NYLander St10003'
-73.8152,40.7156,0,26,'NYDaniels St10003'
-73.8152,40.6763,0,2,'NY123rd St10003+NY116th Ave+10003'
-73.8152,40.6638,0,2,'NY126th St10003|NY126th St10003+NY152nd Ave+10003'
-73.8152,40.6995,19,12,'NY91st Ave10003|NY91st Ave10003+NYVan Wyck Expy W+10003|NY91st Ave10003+NYVan Wyck Expy+10003'
-73.8152,40.6907,0,2,'NY131st St10003+NY103rd Ave+10003'
-73.8152,40.6783,0,12,'NY115th Ave10003+NY124th St+10003'
-73.8152,40.8153,0,4,'NYE Tremont Ave10003+NYSilver Beach Pl+10003|NYE Tremont Ave10003+NYMonsignor Halpin Pl+10003|NYSilver Beach Pl10003|NYSilver Beach Pl10003+NYMonsignor Halpin Pl+10003|NYMonsignor Halpin Pl10003'
-73.8152,40.6803,0,7,'NYLinden Blvd10003+NY125th St+10003'
-73.8152,40.8944,0,1,'NYBrier Ln10003'
-73.8152,40.6823,0,2,'NY126th St10003+NY111th Ave+10003'
-73.8152,40.7744,0,3,'NY26th Ave10003+NY150th St+10003'
-73.8151,40.7297,0,11,'NY71st Ave10003|NY71st Ave10003+NYKissena Blvd+10003'
-73.8151,40.7182,2,20,'NY147th St10003|NY147th St10003+NYUnion Tpke+10003'
-73.8151,40.6843,1,1,'NY127th St10003|NY127th St10003+NY109th Ave+10003'
-73.8151,40.7007,1,6,'NYVan Wyck Expy E10003+NY90th Ave+10003|NYVan Wyck Expy10003+NY90th Ave+10003'
-73.8151,40.7399,6,8,'NYKissena Blvd10003+NY60th Ave+10003|NY60th Ave10003'
-73.8151,40.6944,0,5,'NY97th Ave10003+NY133rd St+10003'
-73.8151,40.8937,0,3,'NYElm Pl10003'
-73.8151,40.9005,0,4,'NYMurray St10003|NYMurray St10003+NYIden Ave+10003|NYIden Ave10003'
-73.8151,40.7604,0,1,'NY149th St10003+NYSanford Ave+10003'
-73.8151,40.8436,0,10,'NYOutlook Ave10003'
-73.8151,40.7487,0,2,'NYUnion St10003'
-73.8151,40.8197,0,7,'NYHollywood Ave10003+NYMiles Ave+10003'
-73.8151,40.7509,0,13,'NYLaburnum Ave10003+NYBowne St+10003'
-73.8151,40.7109,3,75,'NYBurden Cres10003'
-73.8151,40.7751,0,1,'NY150th St10003+NY25th Dr+10003'
-73.8150,40.7304,0,5,'NY71st Ave10003|NY71st Ave10003+NYKissena Blvd+10003'
-73.8150,40.7305,1,19,'NY70th Rd10003|NY70th Rd10003+NYKissena Blvd+10003'
-73.8150,40.8988,0,1,'NYEsplanade10003|NYEsplanade10003+NYTimpson St+10003|NYTimpson St10003'
-73.8150,40.7407,0,14,'NYKissena Blvd10003+NY59th Ave+10003|NY59th Ave10003'
-73.8150,40.7629,0,2,'NY149th Pl10003+NYBarton Ave+10003|NYBarton Ave10003'
-73.8150,40.7052,0,11,'NY139th St10003+NY87th Dr+10003|NY87th Dr10003'
-73.8150,40.8269,0,3,'NYSchley Ave10003+NYVincent Ave+10003'
-73.8150,40.7408,1,1,'NY59th Ave10003|NY59th Ave10003+NYKissena Blvd+10003'
-73.8150,40.9352,0,1,'NYNew Rochelle Rd10003+NYNorthway+10003'
-73.8150,40.6867,0,5,'NY107th Ave10003+NY129th St+10003'
-73.8150,40.7385,2,11,'NYHorace Harding Expy10003+NYKissena Blvd+10003|NYKissena Blvd10003+NYHorace Harding Blvd+10003'
-73.8150,40.7025,1,63,'NYJamaica Ave10003+NY138th St+10003|NY138th St10003'
-73.8150,40.8295,0,22,'NYClarence Ave10003+NYRandall Ave+10003'
-73.8150,40.7648,1,13,'NY150th St10003+NY38th Ave+10003|NY38th Ave10003'
-73.8149,40.6756,1,3,'NYRockaway Blvd10003+NY123rd St+10003|NY123rd St10003'
-73.8149,40.7759,0,2,'NY150th St10003+NY25th Ave+10003'
-73.8149,40.7552,0,4,'NYGeorgia Rd10003|NYGeorgia Rd10003+NYParsons Blvd+10003'
-73.8149,40.7279,0,11,'NY72nd Rd10003+NY153rd St+10003|NY153rd St10003'
-73.8149,40.7951,0,1,'NY150th Pl10003'
-73.8149,40.8146,0,4,'NYE Tremont Ave10003|NYE Tremont Ave10003+NYMarina Dr+10003|NYE Tremont Ave10003+NYSchurz Ave+10003|NYMarina Dr10003|NYMarina Dr10003+NYSchurz Ave+10003'
-73.8149,40.7715,0,4,'NYBayside Ave10003+NY150th Pl+10003|NY150th Pl10003'
-73.8149,40.6959,0,4,'NY95th Ave10003+NY134th St+10003'
-73.8149,40.7765,0,12,'NY24th Rd10003+NY150th St+10003'
-73.8149,40.7135,0,21,'NYDaniels St10003+NY84th Ave+10003|NY84th Ave10003'
-73.8148,40.7379,4,3,'NY64th Ave10003|NY64th Ave10003+NYKissena Blvd+10003'
-73.8148,40.8963,0,1,'NYLawrence Pl10003'
-73.8148,40.9652,0,1,'NYCross Hill Rd10003|NYCross Hill Rd10003+NYCrosshill Rd+10003|NYCross Hill Rd10003+NYBrassie Rd+10003|NYCrosshill Rd10003|NYCrosshill Rd10003+NYBrassie Rd+10003|NYBrassie Rd10003'
-73.8148,40.7414,0,2,'NYKissena Blvd10003+NY58th Rd+10003|NY58th Rd10003'
-73.8148,40.6900,0,5,'NY131st St10003+NYLiberty Ave+10003'
-73.8148,40.7338,1,47,'NYKissena Blvd10003+NYMelbourne Ave+10003|NYMelbourne Ave10003'
-73.8148,40.7624,0,9,'NY149th Pl10003+NY41st Ave+10003'
-73.8148,40.6844,0,2,'NY128th St10003|NY128th St10003+NY109th Ave+10003'
-73.8148,40.7467,0,7,'NYQuince Ave10003|NYQuince Ave10003+NYKissena Blvd+10003'
-73.8148,40.7389,8,16,'NYKissena Blvd10003+NYI 495+10003|NYKissena Blvd10003+NYLong Island Expy+10003'
-73.8148,40.7415,0,1,'NY58th Rd10003|NY58th Rd10003+NYKissena Blvd+10003'
-73.8147,40.9561,0,1,'NYHillside Pl10003|NYHillside Pl10003+NYFisher Ave+10003'
-73.8147,40.8924,0,3,'NYBoston Post Rd10002+NYSplit Rock Rd+10002|NYBoston Post Rd10002+NYJames St+10002|NYSplit Rock Rd10003|NYSplit Rock Rd10003+NYJames St+10003|NYJames St10003'
-73.8147,40.7702,0,12,'NY32nd Ave10003+NY150th Pl+10003'
-73.8147,40.7967,0,1,'NYClintonville St10003|NYClintonville St10003+NY6th Ave+10003'
-73.8147,40.7372,2,12,'NY65th Ave10003|NY65th Ave10003+NYKissena Blvd+10003'
-73.8147,40.6656,0,1,'NY126th St10003+NY150th Ave+10003'
-73.8147,40.7595,0,10,'NY149th St10003+NYAsh Ave+10003|NYAsh Ave10003'
-73.8147,40.7526,0,3,'NYBurling St10003+NYJasmine Ave+10003|NYJasmine Ave10003'
-73.8146,40.5868,0,4,'NYBeach 91st St10003+NYJoseph Alcamo Blvd+10003'
-73.8146,40.6832,1,2,'NY127th St10003+NYHawtree Creek Rd+10003'
-73.8146,40.8969,0,3,'NYSherwood Ave10003|NYSherwood Ave10003+NYJames St+10003'
-73.8146,40.6995,25,4,'NYVan Wyck Expy E10003+NY91st Ave+10003|NY91st Ave10003|NY91st Ave10003+NYVan Wyck Expy+10003'
-73.8146,40.7421,0,1,'NYKissena Blvd10003+NY58th Ave+10003|NY58th Ave10003'
-73.8146,40.6659,0,1,'NY126th St10003|NY126th St10003+NYState Rte 27+10003|NY126th St10003+NYS Conduit Ave+10003'
-73.8146,40.7273,0,7,'NY72nd Dr10003|NY72nd Dr10003+NY153rd St+10003'
-73.8145,40.7422,0,11,'NY58th Ave10003|NY58th Ave10003+NYKissena Blvd+10003'
-73.8145,40.7549,0,3,'NYParsons Blvd10003+NYHawthorne Ave+10003|NYHawthorne Ave10003'
-73.8145,40.6755,1,10,'NYRockaway Blvd10003+NY123rd St+10003|NY123rd St10003'
-73.8145,40.7175,0,2,'NY81st Ave10003|NY81st Ave10003+NYCharter Rd+10003|NYCharter Rd10003|NYCharter Rd10003+NYCharter Rd+10003'
-73.8145,40.7457,0,1,'NY153rd St10003|NY153rd St10003+NYPeck Ave+10003'
-73.8144,40.7281,3,10,'NYAguilar Ave10003|NYAguilar Ave10003+NYKissena Blvd+10003|NYAguilar Ave10003+NY72nd Rd+10003|NYKissena Blvd10003+NY72nd Rd+10003|NY72nd Rd10003'
-73.8144,40.7044,3,7,'NYHillside Ave10002+NY139th St+10002|NYState Hwy 2510002+NY139th St+10002'
-73.8144,40.7116,0,17,'NYDaniels St10003'
-73.8144,40.7637,1,7,'NY150th St10003+NYRoosevelt Ave+10003'
-73.8144,40.9504,0,1,'NYTuckahoe Ave10003+NYSage Pl+10003|NYSage Pl10003'
-73.8144,40.7615,0,5,'NY149th Pl10003+NYBarclay Ave+10003'
-73.8144,40.6910,0,3,'NY132nd St10003+NY103rd Ave+10003'
-73.8144,40.8248,0,4,'NYEllsworth Ave10003'
-73.8144,40.6765,0,8,'NY124th St10003+NY116th Ave+10003'
-73.8143,40.7197,0,15,'NY149th St10003|NY149th St10003+NY79th Ave+10003'
-73.8143,40.6805,7,9,'NY126th St10003+NYLinden Blvd+10003'
-73.8143,40.7512,0,3,'NYLaburnum Ave10003+NYSmart St+10003'
-73.8143,40.6825,0,2,'NY127th St10003+NY111th Ave+10003'
-73.8143,40.6668,0,15,'NY126th St10003|NY126th St10003+NYState Hwy 27+10003|NY126th St10003+NYN Conduit Ave+10003'
-73.8143,40.7025,1,10,'NYJamaica Ave10003+NYQueens Blvd+10003|NYQueens Blvd10003'
-73.8143,40.8261,0,3,'NYVincent Ave Exd10003|NYVincent Ave Exd10003+NYVincent Ave+10003|NYVincent Ave10003'
-73.8143,40.6947,1,9,'NY97th Ave10003+NY134th St+10003'
-73.8143,40.7168,0,5,'NYVillage Rd10003|NYVillage Rd10003+NYVillage Rd+10003'
-73.8143,40.7127,1,24,'NY84th Rd10003'
-73.8143,40.8912,1,2,'NYTownsend Ave10003|NYTownsend Ave10003+NYSplit Rock Rd+10003'
-73.8142,40.7266,2,8,'NY73rd Ave10003+NY153rd St+10003'
-73.8142,40.7547,0,2,'NYParsons Blvd10003+NYHawthorne Ave+10003|NYHawthorne Ave10003'
-73.8142,40.7176,0,1,'NYCharter Rd10003+NYVillage Rd+10003|NYVillage Rd10003'
-73.8142,40.7663,3,19,'NY35th Ave10003+NY150th Pl+10003'
-73.8142,40.8273,0,1,'NYSchley Ave10003+NYWilcox Ave+10003'
-73.8142,40.9294,0,1,'NYColonial Rd10003'
-73.8142,40.7110,0,14,'NY84th Dr10003+NYPershing Cres+10003|NYPershing Cres10003'
-73.8142,40.6986,31,10,'NYArcher Ave10003|NYArcher Ave10003+NYVan Wyck Expy E+10003|NYArcher Ave10003+NYVan Wyck Expy+10003'
-73.8142,40.7898,0,17,'NY150th St10003+NY12th Rd+10003'
-73.8142,40.8259,0,1,'NYVincent Ave Exd10003'
-73.8142,40.7461,1,3,'NYKissena Blvd10003+NYRose Ave+10003|NYRose Ave10003'
-73.8142,40.7631,0,3,'NYBarton Ave10003|NYBarton Ave10003+NY150th St+10003'
-73.8141,40.7391,5,4,'NY154th Pl10003'
-73.8141,40.7652,2,9,'NYState Hwy 25 Alt10002+NY150th Pl+10002|NY150th Pl10003+NYNorthern Blvd+10003'
-73.8141,40.6869,0,7,'NY107th Ave10003+NY130th St+10003'
-73.8141,40.6906,0,7,'NY132nd St10003|NY132nd St10003+NY132nd St+10003|NY132nd St10003+NYLiberty Ave+10003'
-73.8141,40.9320,0,1,'NYEastway10003|NYEastway10003+NYSoutheastway+10003'
-73.8141,40.7489,0,3,'NYRobinson St10003+NYOak Ave+10003'
-73.8141,40.8164,0,7,'NYHollywood Ave10003+NYHarding Ave+10003'
-73.8141,40.6644,0,3,'NYOld South Rd10003+NY127th St+10003|NY127th St10003'
-73.8141,40.7521,0,3,'NYKalmia Ave10003|NYKalmia Ave10003+NYBurling St+10003'
-73.8141,40.8199,0,1,'NYThroggs Neck Blvd10003|NYThroggs Neck Blvd10003+NYE 177th St+10003|NYThroggs Neck Blvd10003+NYMiles Ave+10003|NYE 177th St10003+NYMiles Ave+10003'
-73.8141,40.7168,0,8,'NYVillage Rd10003|NYVillage Rd10003+NYVillage Rd+10003'
-73.8141,40.7771,0,29,'NYWillets Point Blvd10003+NY24th Ave+10003'
-73.8140,40.6840,0,3,'NY128th St10003+NYHawtree Creek Rd+10003'
-73.8140,40.7176,0,5,'NYCharter Rd10003|NYCharter Rd10003+NYCharter Rd+10003'
-73.8140,40.9064,0,1,'NYE 3rd St10003+NYHutchinson Ave+10003|NYHutchinson Ave10003|NYHutchinson Ave10003+NYMartin Luther King Blvd+10003'
-73.8140,40.7407,0,11,'NY59th Ave10003+NY154th Pl+10003|NY154th Pl10003'
-73.8140,40.7499,0,2,'NYNegundo Ave10003+NYBowne St+10003'
-73.8140,40.7581,0,5,'NY149th St10003+NYCherry Ave+10003'
-73.8140,40.7607,0,4,'NY149th Pl10003+NYSanford Ave+10003'
-73.8140,40.7628,0,1,'NY41st Ave10003|NY41st Ave10003+NY150th St+10003'
-73.8140,40.7025,0,1,'NYJamaica Ave10003+NY138th Pl+10003|NY138th Pl10003'
-73.8140,40.6564,0,2,'NYW Hangar Rd10003'
-73.8140,40.6972,23,24,'NYAtlantic Ave10003+NYVan Wyck Expy W+10003|NYAtlantic Ave10003+NYVan Wyck Expy+10003'
-73.8139,40.7037,3,4,'NY139th St10003+NY88th Ave+10003|NY88th Ave10003'
-73.8139,40.6846,0,1,'NY109th Ave10003+NY129th St+10003|NY129th St10003'
-73.8139,40.7626,0,3,'NY150th St10003+NY41st Ave+10003|NY41st Ave10003'
-73.8139,40.8899,0,1,'NYJackson Ave10003|NYJackson Ave10003+NYSplit Rock Rd+10003|NYJackson Ave10003+NYWashington Ave+10003|NYSplit Rock Rd10003+NYWashington Ave+10003|NYWashington Ave10003'
-73.8139,40.7259,2,9,'NY153rd St10003+NY75th Ave+10003'
-73.8139,40.7953,0,1,'NYClintonville St10003+NY7th Ave+10003'
-73.8139,40.6755,1,5,'NYRockaway Blvd10003+NY124th St+10003|NY124th St10003'
-73.8139,40.5842,0,7,'NYBeach 92nd St10003|NYBeach 92nd St10003+NYShore Front Pkwy+10003|NYShore Front Pkwy10003|NYShore Front Pkwy10003+NYShore Front Pkwy+10003'
-73.8138,40.7168,0,13,'NYVillage Rd10003|NYVillage Rd10003+NYVillage Rd+10003'
-73.8138,40.5856,0,1,'NYBeach 91st St10003+NYHolland Ave+10003'
-73.8138,40.7446,0,4,'NY56th Ave10003|NY56th Ave10003+NYKissena Blvd+10003'
-73.8138,40.7872,0,4,'NYCross Island Pkwy10003|NYCross Island Pkwy10003+NYCross Island Pkwy+10003'
-73.8138,40.9166,0,2,'NYWartburg Pl10003|NYWartburg Pl10003+NYE Lincoln Ave+10003|NYWartburg Pl10003+NYPearsall Dr+10003|NYE Lincoln Ave10003+NYPearsall Dr+10003|NYE Lincoln Ave10003+NYStation Pl+10003|NYPearsall Dr10003|NYPearsall Dr10003+NYStation Pl+10003|NYStation Pl10003'
-73.8138,40.7186,2,13,'NY149th St10003|NY149th St10003+NYUnion Tpke+10003'
-73.8138,40.7950,0,1,'NYClintonville St10003+NY151st St+10003|NY151st St10003'
-73.8138,40.7206,0,25,'NY150th St10003+NY78th Rd+10003'
-73.8138,40.7742,0,6,'NY26th Ave10003+NYMurray Ln+10003'
-73.8137,40.7848,0,23,'NY16th Rd10003+NY150th St+10003'
-73.8137,40.7574,0,6,'NY149th St10003+NYDelaware Ave+10003'
-73.8137,40.6935,2,10,'NY101st Ave10003+NY134th St+10003'
-73.8137,40.7456,0,1,'NYKissena Blvd10003+NYPeck Ave+10003|NYPeck Ave10003'
-73.8137,40.6971,18,11,'NYI 67810001+NYAtlantic Ave+10001|NYAtlantic Ave10003+NYVan Wyck Expy+10003'
-73.8136,40.6998,0,4,'NY91st Ave10003+NY138th St+10003'
-73.8136,40.7856,0,2,'NY15th Dr10003+NY150th St+10003'
-73.8136,40.6847,0,5,'NY109th Ave10003+NY130th St+10003|NY109th Ave10003+NYHawtree Creek Rd+10003|NY130th St10003|NY130th St10003+NYHawtree Creek Rd+10003|NYHawtree Creek Rd10003'
-73.8136,40.7598,0,4,'NY149th Pl10003+NYAsh Ave+10003|NYAsh Ave10003'
-73.8136,40.7749,0,11,'NY25th Dr10003+NYMurray Ln+10003|NYMurray Ln10003'
-73.8136,40.7109,0,26,'NY143rd St10003|NY143rd St10003+NY84th Dr+10003'
-73.8136,40.7945,0,1,'NYClintonville St10003+NY8th Ave+10003|NY8th Ave10003'
-73.8136,40.7253,0,16,'NY75th Rd10003|NY75th Rd10003+NY153rd St+10003'
-73.8135,40.7031,0,2,'NY139th St10003+NY88th Rd+10003|NY88th Rd10003'
-73.8135,40.7953,0,1,'NY7th Ave10003+NY151st St+10003'
-73.8135,40.7516,0,1,'NYLaburnum Ave10003+NYBurling St+10003'
-73.8135,40.7543,0,8,'NY46th Ave10003|NY46th Ave10003+NYParsons Blvd+10003|NY46th Ave10003+NYHolly Ave+10003|NYParsons Blvd10003+NYHolly Ave+10003|NYHolly Ave10003'
-73.8135,40.6754,0,4,'NYRockaway Blvd10003+NY124th St+10003|NY124th St10003'
-73.8135,40.7639,0,2,'NY150th Pl10003|NY150th Pl10003+NYRoosevelt Ave+10003'
-73.8135,40.7617,0,1,'NYBarclay Ave10003+NY150th St+10003'
-73.8135,40.7863,0,3,'NY15th Rd10003|NY15th Rd10003+NY150th St+10003'
-73.8135,40.7483,0,1,'NYPoplar Ave10003+NYRobinson St+10003'
-73.8135,40.6912,1,3,'NYLiberty Ave10003|NYLiberty Ave10003+NY133rd St+10003|NYLiberty Ave10003+NY103rd Ave+10003|NY133rd St10003+NY103rd Ave+10003'
-73.8135,40.7025,1,3,'NYJamaica Ave10003+NY89th Ave+10003|NY89th Ave10003'
-73.8135,40.6662,0,1,'NYState Rte 2710002+NY127th St+10002|NYS Conduit Ave10002+NY127th St+10002|NY127th St10003'
-73.8135,40.6594,0,1,'NYBergen Rd10003'
-73.8135,40.6768,0,13,'NY116th Ave10003+NY125th St+10003'
-73.8135,40.9439,0,1,'NYDeerfield Ave10003'
-73.8135,40.6874,1,3,'NY131st St10003+NY107th Ave+10003|NY131st St10003+NYVan Siclen St+10003|NY107th Ave10003+NYVan Siclen St+10003|NYVan Siclen St10003'
-73.8135,40.8277,0,4,'NYSchley Ave10003|NYSchley Ave10003+NYClarence Ave+10003|NYSchley Ave10003+NYShore Dr+10003|NYClarence Ave10003|NYClarence Ave10003+NYShore Dr+10003'
-73.8134,40.6963,6,8,'NY95th Ave10003|NY95th Ave10003+NYVan Wyck Expy W+10003|NY95th Ave10003+NYVan Wyck Expy+10003'
-73.8134,40.6808,1,10,'NY127th St10003+NYLinden Blvd+10003'
-73.8134,40.7870,0,3,'NYCross Island Pkwy Srv10006+NY150th St+10006|NY150th St10003+NYCross Island Pkwy+10003'
-73.8134,40.6828,1,5,'NY128th St10003+NY111th Ave+10003'
-73.8134,40.7097,0,65,'NY143rd St10003+NY85th Rd+10003|NY85th Rd10003'
-73.8134,40.6635,0,9,'NY152nd Ave10003+NY128th St+10003|NY128th St10003'
-73.8134,40.7200,0,43,'NY150th St10003+NY79th Ave+10003'
-73.8134,40.6910,1,6,'NY133rd St10003+NYLiberty Ave+10003'
-73.8134,40.7362,1,10,'NY155th St10003'
-73.8134,40.7567,0,6,'NY149th St10003+NYElm Ave+10003'
-73.8134,40.9009,0,5,'NYIden Ave10003'
-73.8134,40.8142,1,2,'NYHollywood Ave10003+NYCatalpa Pl+10003|NYCatalpa Pl10003'
-73.8134,40.9357,0,1,'NYNorthway10003+NYHathaway Rd+10003|NYHathaway Rd10003'
-73.8134,40.8951,0,17,'NYManger Cir10003'
-73.8134,40.6848,0,10,'NY109th Ave10003+NY130th St+10003|NY130th St10003'
-73.8134,40.7493,0,2,'NYOak Ave10003+NYBowne St+10003'
-73.8134,40.6893,0,7,'NY132nd St10003|NY132nd St10003+NYVan Siclen St+10003'
-73.8133,40.7542,0,4,'NY46th Ave10003|NY46th Ave10003+NYParsons Blvd+10003'
-73.8133,40.6928,0,3,'NY102nd Ave10003|NY102nd Ave10003+NY134th St+10003'
-73.8133,40.7504,0,3,'NYNegundo Ave10003+NYSmart St+10003'
-73.8133,40.7872,0,1,'NY150th St10003+NYCross Island Pkwy+10003'
-73.8133,40.8985,0,1,'NYFrancis St10003+NYEsplanade+10003'
-73.8133,40.7379,0,19,'NY64th Ave10003|NY64th Ave10003+NY155th St+10003'
-73.8133,40.6905,0,1,'NY133rd St10003+NYSiclen St+10003|NY133rd St10003+NYVan Siclen St+10003|NYSiclen St10003|NYSiclen St10003+NYVan Siclen St+10003|NYVan Siclen St10003'
-73.8133,40.9506,0,1,'NYBrothers Cir10003'
-73.8133,40.6670,1,20,'NY127th St10003|NY127th St10003+NYState Hwy 27+10003|NY127th St10003+NYN Conduit Ave+10003|NYState Hwy 2710002'
-73.8132,40.7084,1,22,'NY86th Ave10003|NY86th Ave10003+NY143rd St+10003'
-73.8132,40.7384,1,4,'NY155th St10003'
-73.8132,40.7590,0,10,'NY149th Pl10003|NY149th Pl10003+NYBeech Ave+10003'
-73.8132,40.7026,0,2,'NY139th St10003+NY89th Ave+10003'
-73.8132,40.6971,17,7,'NYVan Wyck Expy E10003+NYAtlantic Ave+10003|NYVan Wyck Expy E10003+NY94th Ave+10003|NYAtlantic Ave10003|NYAtlantic Ave10003+NY94th Ave+10003|NYAtlantic Ave10003+NYVan Wyck Expy+10003|NY94th Ave10003|NY94th Ave10003+NYVan Wyck Expy+10003'
-73.8132,40.7246,0,77,'NY76th Ave10003+NY153rd St+10003'
-73.8132,40.5889,0,1,'NYOld Beach 88th St10003|NYOld Beach 88th St10003+NYBeach 88th St+10003'
-73.8132,40.7390,3,7,'NY155th St10003'
-73.8132,40.7025,0,5,'NYJamaica Ave10003+NY139th St+10003|NY139th St10003'
-73.8131,40.7077,0,17,'NY143rd St10003+NY86th Rd+10003|NY86th Rd10003'
-73.8131,40.6913,0,1,'NYLiberty Ave10003|NYLiberty Ave10003+NYSiclen St+10003|NYLiberty Ave10003+NY103rd Ave+10003|NYLiberty Ave10003+NYLiberty Ave+10003|NYLiberty Ave10003+NYVan Siclen St+10003|NYSiclen St10003|NYSiclen St10003+NY103rd Ave+10003|NYSiclen St10003+NYLiberty Ave+10003|NYSiclen St10003+NYVan Siclen St+10003|NY103rd Ave10003|NY103rd Ave10003+NYVan Siclen St+10003|NYVan Siclen St10003'
-73.8131,40.9069,0,1,'NYParkway Dr10003|NYParkway Dr10003+NYHillside Ave+10003|NYHillside Ave10003'
-73.8131,40.7536,0,1,'NYParsons Blvd10003+NYJasmine Ave+10003'
-73.8130,40.7414,0,11,'NY58th Rd10003|NY58th Rd10003+NY155th St+10003'
-73.8130,40.7680,0,5,'NY33rd Rd10003|NY33rd Rd10003+NYMurray St+10003'
-73.8130,40.6885,1,7,'NY132nd St10003'
-73.8130,40.7025,0,13,'NY139th St10003|NY139th St10003+NYJamaica Ave+10003'
-73.8130,40.7662,0,8,'NY35th Ave10003+NYMurray Ln+10003|NYMurray Ln10003'
-73.8130,40.5844,0,2,'NYBeach 91st St10003+NYShore Front Pkwy+10003'
-73.8130,40.7673,1,2,'NY34th Ave10003+NYMurray St+10003'
-73.8130,40.7421,0,3,'NY58th Ave10003|NY58th Ave10003+NY155th St+10003'
-73.8130,40.7063,0,4,'NY143rd St10003+NY87th Rd+10003|NY87th Rd10003'
-73.8130,40.7930,0,5,'NYClintonville St10003+NY10th Ave+10003'
-73.8129,40.7478,0,3,'NYRobinson St10003+NYQuince Ave+10003'
-73.8129,40.7869,0,1,'NYMurray St10003'
-73.8129,40.6898,1,4,'NY132nd St10003|NY132nd St10003+NY105th Ave+10003|NY132nd St10003+NY133rd St+10003|NY132nd St10003+NYVan Siclen St+10003|NY105th Ave10003|NY105th Ave10003+NY133rd St+10003|NY105th Ave10003+NYVan Siclen St+10003|NY133rd St10003+NYVan Siclen St+10003|NYVan Siclen St10003'
-73.8129,40.7157,1,41,'NYSmedley St10003'
-73.8129,40.5858,0,1,'NYBeach 90th St10003+NYHolland Ave+10003|NYHolland Ave10003'
-73.8129,40.7302,3,44,'NY156th St10003'
-73.8129,40.7056,0,5,'NY143rd St10003+NY87th Dr+10003|NY87th Dr10003'
-73.8129,40.7143,1,18,'NYSmedley St10003+NYHoover Ave+10003'
-73.8128,40.7189,0,29,'NY150th St10003|NY150th St10003+NYUnion Tpke+10003'
-73.8128,40.7296,0,18,'NY156th St10003'
-73.8128,40.6754,0,6,'NYRockaway Blvd10003+NY125th St+10003|NY125th St10003'
-73.8128,40.6951,11,6,'NY97th Ave10003|NY97th Ave10003+NYVan Wyck Expy W+10003|NY97th Ave10003+NYVan Wyck Expy+10003'
-73.8128,40.6964,30,6,'NY95th Ave10003|NY95th Ave10003+NYVan Wyck Expy E+10003|NY95th Ave10003+NYVan Wyck Expy+10003'
-73.8128,40.7488,0,2,'NYPoplar Ave10003+NYBowne St+10003'
-73.8128,40.7049,4,7,'NYHillside Ave10002+NY143rd St+10002|NYState Hwy 2510002+NY143rd St+10002|NY143rd St10003'
-73.8128,40.9043,0,1,'NYWolfs Ln10003+NYFranklin Pl+10003|NYFranklin Pl10003'
-73.8128,40.7641,1,12,'NYMurray St10003+NYRoosevelt Ave+10003'
-73.8128,40.7554,0,2,'NY149th St10003+NYHawthorne Ave+10003'
-73.8127,40.7529,0,3,'NYKalmia Ave10003+NYParsons Blvd+10003'
-73.8127,40.6914,0,3,'NY134th St10003+NYLiberty Ave+10003'
-73.8126,40.8173,0,4,'NYThroggs Neck Blvd10003+NYMilton Pl+10003|NYMilton Pl10003'
-73.8126,40.8884,0,1,'NYPark Dr10003'
-73.8126,40.9025,0,1,'NYStellar Ave10003'
-73.8126,40.7952,0,1,'NY7th Ave10003+NYLeggett Pl+10003|NYLeggett Pl10003'
-73.8126,40.6754,0,6,'NYRockaway Blvd10003+NY125th St+10003|NY125th St10003'
-73.8126,40.6810,1,3,'NYLinden Blvd10003+NY128th St+10003'
-73.8126,40.8194,0,7,'NYKearney Ave10003|NYKearney Ave10003+NYE 177th St+10003'
-73.8125,40.6930,0,1,'NY102nd Ave10003+NY135th St+10003|NY135th St10003'
-73.8125,40.7774,0,19,'NYMurray St10003+NYWillets Point Blvd+10003'
-73.8125,40.6663,1,2,'NYState Rte 2710002+NY128th St+10002|NY128th St10003|NY128th St10003+NYS Conduit Ave+10003'
-73.8125,40.7938,0,3,'NYLeggett Pl10003|NYLeggett Pl10003+NY9th Ave+10003'
-73.8125,40.7015,0,14,'NY139th St10003+NY90th Ave+10003'
-73.8125,40.6633,0,1,'NY129th St10003|NY129th St10003+NY152nd Ave+10003|NY152nd Ave10003'
-73.8125,40.6874,0,5,'NY107th Ave10003+NY132nd St+10003'
-73.8125,40.7271,0,18,'NY73rd Ave10003+NYKissena Blvd+10003'
-73.8125,40.7121,0,38,'NYSmedley St10003|NYSmedley St10003+NY84th Dr+10003'
-73.8124,40.7547,0,5,'NY149th St10003+NYHollywood Ave+10003|NYHollywood Ave10003'
-73.8124,40.7091,0,7,'NY85th Dr10003'
-73.8124,40.8919,1,1,'NYPeace St10003+NYTownsend Ave+10003'
-73.8124,40.9066,0,2,'NYCarol Ave10003+NYHillside Ave+10003|NYHillside Ave10003'
-73.8124,40.6614,0,2,'NY130th Pl10003'
-73.8124,40.7687,0,3,'NY152nd St10003'
-73.8124,40.5846,0,3,'NYBeach 90th St10003|NYBeach 90th St10003+NYShore Front Pkwy+10003'
-73.8124,40.7522,0,3,'NYLaburnum Ave10003+NYParsons Blvd+10003'
-73.8124,40.7472,0,1,'NYRobinson St10003|NYRobinson St10003+NYRose Ave+10003'
-73.8123,40.6991,0,5,'NYArcher Ave10003+NY138th Pl+10003|NY138th Pl10003'
-73.8123,40.8934,0,4,'NYBoston Post Rd10002+NYWolfs Ln+10002|NYWolfs Ln10003'
-73.8123,40.6672,2,20,'NY149th Ave10003+NY128th St+10003|NY128th St10003'
-73.8123,40.7384,0,3,'NY156th St10003'
-73.8123,40.5886,0,1,'NYBeach 87th St10003+NYRockaway Fwy+10003'
-73.8123,40.7389,0,4,'NY156th St10003'
-73.8123,40.7611,0,4,'NYMurray St10003+NYSanford Ave+10003'
-73.8123,40.8150,0,4,'NYLinden Ave10003|NYLinden Ave10003+NYSchurz Ave+10003'
-73.8122,40.9011,0,1,'NYIden Ave10003+NYStellar Ave+10003|NYStellar Ave10003'
-73.8122,40.6966,0,3,'NY95th Ave10003+NYRemington St+10003|NYRemington St10003'
-73.8122,40.7542,0,9,'NY149th St10003'
-73.8122,40.7482,0,1,'NYQuince Ave10003+NYBowne St+10003'
-73.8122,40.6530,1,12,'NYE Hangar Rd10003|NYE Hangar Rd10003+NYE Hangar Rd+10003'
-73.8122,40.7071,0,6,'NY87th Ave10003'
-73.8122,40.7701,0,4,'NY32nd Ave10003+NY152nd St+10003'
-73.8122,40.5874,0,1,'NYJ Alcams Blvd10003+NYBeach 87th St+10003|NYBeach 87th St10003|NYBeach 87th St10003+NYRockaway Beach Blvd+10003'
-73.8121,40.6939,1,9,'NY101st Ave10003+NYVan Wyck Expy W+10003|NY101st Ave10003+NYVan Wyck Expy+10003'
-73.8121,40.7191,0,16,'NYUnion Tpke10003+NY150th St+10003|NY150th St10003'
-73.8121,40.6953,36,5,'NYVan Wyck Expy E10003+NY97th Ave+10003|NYVan Wyck Expy10003+NY97th Ave+10003|NY97th Ave10003'
-73.8121,40.7066,0,2,'NY87th Ave10003'
-73.8120,40.6901,0,3,'NY105th Ave10003+NY134th St+10003'
-73.8120,40.8224,0,1,'NY9th Ave10003|NY9th Ave10003+NYPennyfield Ave+10003|NYPennyfield Ave10003'
-73.8120,40.7109,2,0,'NY144th St10003|NY144th St10003+NY85th Ave+10003|NY85th Ave10003'
-73.8120,40.9072,0,3,'NYCarol Ave10003|NYCarol Ave10003+NYBrookside Ave+10003'
-73.8120,40.7426,0,3,'NYBooth Memorial Ave10003+NY156th St+10003|NY156th St10003'
-73.8120,40.7204,0,3,'NY152nd St10003|NY152nd St10003+NY79th Ave+10003'
-73.8120,40.7059,0,10,'NY144th St10003+NY87th Rd+10003|NY87th Rd10003'
-73.8120,40.8220,0,5,'NYPennyfield Ave10003|NYPennyfield Ave10003+NYAdee Dr+10003'
-73.8120,40.7257,0,99,'NY75th Rd10003'
-73.8120,40.7716,0,4,'NYBayside Ave10003+NY152nd St+10003|NY152nd St10003'
-73.8120,40.7847,0,7,'NY16th Rd10003|NY16th Rd10003+NYMurray St+10003'
-73.8120,40.9163,0,1,'NYE Lincoln Ave10003+NYHutchinson River Pkwy+10003'
-73.8120,40.7649,1,11,'NYState Hwy 25 Alt10002+NY153rd St+10002|NY153rd St10003|NY153rd St10003+NYNorthern Blvd+10003'
-73.8119,40.7513,0,1,'NYNegundo Ave10003|NYNegundo Ave10003+NYParsons Blvd+10003'
-73.8119,40.7182,0,9,'NYCharter Rd10003|NYCharter Rd10003+NY150th St+10003'
-73.8119,40.7023,0,30,'NYJamaica Ave10003+NY143rd St+10003|NY143rd St10003'
-73.8119,40.7051,6,10,'NYHillside Ave10002+NY144th St+10002|NYState Hwy 2510002+NY144th St+10002'
-73.8119,40.8142,0,1,'NYLinden Ave10003+NYBalsam Pl+10003|NYBalsam Pl10003'
-73.8119,40.8158,0,3,'NYThroggs Neck Blvd10003+NYMonsignor Halpin Pl+10003|NYMonsignor Halpin Pl10003'
-73.8119,40.9306,0,2,'NYNew Rochelle Rd10003+NYColonial Rd+10003|NYColonial Rd10003'
-73.8119,40.7277,0,12,'NYAguilar Ave10003+NY72nd Ave+10003|NY72nd Ave10003'
-73.8119,40.7602,0,4,'NYAsh Ave10003+NYMurray St+10003'
-73.8119,40.6916,2,7,'NY135th St10003+NYLiberty Ave+10003'
-73.8119,40.9163,0,2,'NYLincoln Ave10003|NYLincoln Ave10003+NYE Lincoln Ave+10003|NYE Lincoln Ave10003|NYE Lincoln Ave10003+NYE Lincoln Ave+10003'
-73.8118,40.6940,24,7,'NY101st Ave10003+NYI 678+10003|NY101st Ave10003+NYVan Wyck Expy+10003'
-73.8118,40.9111,0,2,'NY3rd Ave10003|NY3rd Ave10003+NY1st St+10003'
-73.8118,40.7959,0,1,'NY6th Rd10003'
-73.8118,40.7661,0,10,'NY35th Ave10003+NY153rd St+10003'
-73.8118,40.7176,0,17,'NY150th St10003|NY150th St10003+NYGoethals Ave+10003|NYGoethals Ave10003'
-73.8118,40.6753,1,6,'NYRockaway Blvd10003+NY126th St+10003|NY126th St10003'
-73.8118,40.6932,8,11,'NY102nd Ave10003|NY102nd Ave10003+NYVan Wyck Expy W+10003|NY102nd Ave10003+NYVan Wyck Expy+10003'
-73.8117,40.7041,0,8,'NY88th Ave10003|NY88th Ave10003+NY144th St+10003'
-73.8117,40.7951,0,2,'NY7th Ave10003+NYPowells Cove Blvd+10003|NY7th Ave10003+NY151st Pl+10003|NYPowells Cove Blvd10003'
-73.8117,40.8201,0,1,'NYCross Bronx Expy10002|NYCross Bronx Expy10002+NYThroggs Neck Expy+10002|NYCross Bronx Expy10002+NYI 295+10002'
-73.8117,40.7037,0,3,'NY88th Rd10003|NY88th Rd10003+NY144th St+10003'
-73.8117,40.6877,0,3,'NY133rd St10003+NY107th Ave+10003'
-73.8116,40.6857,0,13,'NY109th Ave10003+NY132nd St+10003'
-73.8116,40.7672,0,4,'NY34th Ave10003|NY34th Ave10003+NY153rd St+10003'
-73.8116,40.7017,0,4,'NY143rd St10003+NY90th Ave+10003|NY90th Ave10003'
-73.8116,40.7940,0,3,'NY9th Ave10003'
-73.8116,40.7477,0,2,'NYRose Ave10003+NYBowne St+10003|NYBowne St10003'
-73.8116,40.6813,0,18,'NYLinden Blvd10003+NY130th St+10003'
-73.8116,40.5905,0,2,'NYBeach Channel Dr10003+NYBeach 86th St+10003'
-73.8116,40.7933,0,6,'NY10th Ave10003+NY151st Pl+10003|NY151st Pl10003'
-73.8116,40.6954,0,2,'NY97th Ave10003+NYRemington St+10003'
-73.8116,40.8222,0,2,'NY13th Ave10003|NY13th Ave10003+NYAdee Dr+10003'
-73.8116,40.6753,1,4,'NY126th St10003|NY126th St10003+NYRockaway Blvd+10003|NY126th St10003+NYFoch Blvd+10003|NYRockaway Blvd10003+NYFoch Blvd+10003|NYFoch Blvd10003'
-73.8115,40.6664,1,1,'NY129th St10003|NY129th St10003+NYState Rte 27+10003|NY129th St10003+NYS Conduit Ave+10003'
-73.8115,40.7679,1,9,'NY33rd Rd10003|NY33rd Rd10003+NY153rd St+10003'
-73.8115,40.7023,0,8,'NYJamaica Ave10003+NY144th St+10003|NY144th St10003'
-73.8115,40.7894,0,4,'NYClintonville St10003+NY14th Ave+10003'
-73.8115,40.7595,0,3,'NYBeech Ave10003+NYMurray St+10003'
-73.8115,40.7267,0,6,'NYKissena Blvd10003+NY75th Ave+10003|NY75th Ave10003'
-73.8115,40.7505,0,2,'NYOak Ave10003+NYParsons Blvd+10003'
-73.8115,40.7213,0,17,'NY78th Rd10003+NY153rd St+10003'
-73.8115,40.6976,0,3,'NY94th Ave10003+NY138th Pl+10003|NY138th Pl10003'
-73.8115,40.6994,0,11,'NY139th St10003|NY139th St10003+NYArcher Ave+10003'
-73.8115,40.7367,1,26,'NY157th St10003'
-73.8115,40.8133,0,2,'NYLinden Ave10003'
-73.8114,40.7192,2,85,'NY152nd St10003|NY152nd St10003+NYUnion Tpke+10003'
-73.8114,40.9570,0,1,'NYOakridge Pl10003+NYCrest Ave+10003|NYCrest Ave10003'
-73.8114,40.7777,0,21,'NYWillets Point Blvd10003+NY23rd Ave+10003'
-73.8114,40.6941,9,2,'NY101st Ave10003+NYVan Wyck Expy E+10003|NY101st Ave10003+NYVan Wyck Expy+10003'
-73.8114,40.7384,1,6,'NY157th St10003'
-73.8114,40.8191,0,4,'NYE 177th St10003+NYMeagher Ave+10003|NYMeagher Ave10003'
-73.8113,40.7389,0,13,'NY157th St10003'
-73.8113,40.7915,0,8,'NY151st Pl10003'
-73.8113,40.6671,1,14,'NY129th St10003|NY129th St10003+NYState Hwy 27+10003|NY129th St10003+NY149th Ave+10003|NY129th St10003+NYN Conduit Ave+10003|NYState Hwy 2710002|NYState Hwy 2710002+NY149th Ave+10002|NY149th Ave10003|NY149th Ave10003+NYN Conduit Ave+10003'
-73.8113,40.6641,0,8,'NY152nd Ave10003|NY152nd Ave10003+NYOld South Rd+10003|NY152nd Ave10003+NY130th St+10003|NYOld South Rd10003|NYOld South Rd10003+NY130th St+10003|NY130th St10003'
-73.8113,40.7865,0,5,'NY150th Pl10003+NY15th Dr+10003'
-73.8113,40.8231,0,1,'NY9th Ave10003|NY9th Ave10003+NYSampson Ave+10003'
-73.8113,40.7246,0,3,'NY76th Ave10003'
-73.8113,40.9072,0,1,'NYWolfs Ln10003+NYBrookside Ave+10003|NYWolfs Ln10003+NYW 2nd St+10003|NYBrookside Ave10003|NYBrookside Ave10003+NYW 2nd St+10003|NYW 2nd St10003'
-73.8113,40.7700,0,5,'NY32nd Ave10003+NY153rd St+10003'
-73.8112,40.7630,0,1,'NY154th St10003'
-73.8112,40.7588,2,6,'NYCherry Ave10003+NYMurray St+10003'
-73.8112,40.8208,0,1,'NYPennyfield Ave10003+NYMiles Ave+10003'
-73.8112,40.6904,0,3,'NY105th Ave10003+NY135th St+10003'
-73.8112,40.9615,0,1,'NYWhite Plains Rd10002+NYStewart Pl+10002|NYStewart Pl10003'
-73.8112,40.7885,0,1,'NY14th Rd10003+NYClintonville St+10003'
-73.8112,40.7206,0,9,'NY153rd St10003+NY79th Ave+10003'
-73.8111,40.9324,0,2,'NYHathaway Rd10003+NYHubbard Cir+10003|NYHubbard Cir10003'
-73.8111,40.8166,0,5,'NYHarding Ave10003+NYKearney Ave+10003'
-73.8111,40.8223,0,2,'NY12th Ave10003|NY12th Ave10003+NYAdee Dr+10003'
-73.8111,40.8227,0,1,'NY9th Ave10003|NY9th Ave10003+NY9th Ave+10003|NY9th Ave10003+NYAdee Dr+10003|NYAdee Dr10003|NYAdee Dr10003+NY9th Ave+10003'
-73.8111,40.7910,0,2,'NY151st Pl10003'
-73.8111,40.7278,0,21,'NY72nd Ave10003+NYParsons Blvd+10003'
-73.8111,40.7424,0,3,'NYBooth Memorial Ave10003+NY157th St+10003|NY157th St10003'
-73.8111,40.7640,1,1,'NY154th St10003+NYRoosevelt Ave+10003'
-73.8111,40.9311,0,2,'NYHathaway Rd10003|NYHathaway Rd10003+NYCalifornia Rd+10003'
-73.8111,40.8686,0,1,'NYPelham Bridge Rd10003|NYShore Rd10003'
-73.8111,40.7044,0,4,'NY145th St10003|NY145th St10003+NY88th Ave+10003'
-73.8110,40.6934,35,3,'NYVan Wyck Expy E10003+NY102nd Ave+10003|NYVan Wyck Expy10003+NY102nd Ave+10003|NY102nd Ave10003'
-73.8110,40.7716,0,8,'NYBayside Ave10003+NY153rd St+10003|NY153rd St10003'
-73.8110,40.8991,0,2,'NYStellar Pl10003'
-73.8110,40.7504,0,1,'NY156th St10003'
-73.8110,40.7647,0,9,'NY154th St10003+NYState Hwy 25 Alt+10003|NY154th St10003+NYNorthern Blvd+10003'
-73.8110,40.8183,0,4,'NYLawton Ave10003+NYMeagher Ave+10003'
-73.8110,40.8223,0,13,'NYPrentiss Ave10003'
-73.8109,40.9108,0,2,'NY1st St10003+NY4th Ave+10003|NY4th Ave10003'
-73.8109,40.7499,0,1,'NYPoplar Ave10003|NYPoplar Ave10003+NYParsons Blvd+10003'
-73.8109,40.6942,0,2,'NY101st Ave10003+NYRemington St+10003'
-73.8109,40.7581,0,1,'NYMurray St10003+NYDelaware Ave+10003'
-73.8109,40.7272,0,8,'NY73rd Ave10003+NYAguilar Ave+10003|NY73rd Ave10003+NYParsons Blvd+10003|NYAguilar Ave10003'
-73.8109,40.9523,0,1,'NYJoyce Rd10003+NYDorchester Rd+10003|NYDorchester Rd10003'
-73.8109,40.8897,0,1,'NYWashington Ave10003+NYHudson St+10003|NYHudson St10003'
-73.8108,40.7866,1,0,'NY15th Dr10003'
-73.8108,40.7021,0,1,'NYJamaica Ave10003+NY144th Pl+10003|NY144th Pl10003'
-73.8108,40.6879,0,8,'NY107th Ave10003+NY134th St+10003'
-73.8108,40.6593,1,4,'NY30th Pl10003+NYBergen Rd+10003'
-73.8108,40.8152,0,1,'NYMaple Ave10003|NYMaple Ave10003+NYSchurz Ave+10003'
-73.8108,40.8223,0,1,'NYEdge St10003|NYEdge St10003+NYPrentiss Ave+10003|NYPrentiss Ave10003'
-73.8108,40.6752,1,3,'NY127th St10003+NYRockaway Blvd+10003'
-73.8108,40.7521,0,6,'NYLaburnum Ave10003+NY156th St+10003'
-73.8107,40.7263,1,1,'NYKissena Blvd10003'
-73.8107,40.8135,0,1,'NYChaffee Ave10003|NYChaffee Ave10003+NYThroggs Neck Blvd+10003'
-73.8107,40.8232,0,1,'NY9th Ave10003|NY9th Ave10003+NYReynolds Ave+10003|NY9th Ave10003+NYSampson Ave+10003|NYReynolds Ave10003|NYReynolds Ave10003+NYSampson Ave+10003'
-73.8107,40.7169,0,18,'NYVillage Rd10003|NYVillage Rd10003+NYVillage Rd+10003'
-73.8107,40.9526,0,1,'NYJoyce Rd10003+NYHuntley Rd+10003|NYHuntley Rd10003'
-73.8107,40.6957,0,4,'NY97th Ave10003+NYSanders Pl+10003|NYSanders Pl10003'
-73.8107,40.6919,21,18,'NYI 67810001+NYLiberty Ave+10001'
-73.8107,40.7265,0,11,'NY75th Ave10003'
-73.8107,40.7251,0,4,'NY76th Ave10003'
-73.8107,40.7258,1,11,'NY75th Rd10003+NYParsons Blvd+10003'
-73.8107,40.7597,0,5,'NY155th St10003'
-73.8107,40.7528,0,1,'NYKalmia Ave10003|NYKalmia Ave10003+NY156th St+10003'
-73.8107,40.6971,0,1,'NY95th Ave10003+NYCresskill Pl+10003|NYCresskill Pl10003'
-73.8107,40.6927,22,9,'NYVan Wyck Expy E10003+NYLloyd Rd+10003|NYVan Wyck Expy10003+NYLloyd Rd+10003|NYLloyd Rd10003'
-73.8106,40.7244,0,5,'NY76th Rd10003+NYParsons Blvd+10003'
-73.8106,40.8200,1,5,'NYWissman Ave10003|NYWissman Ave10003+NYThroggs Neck Expy+10003'
-73.8106,40.6996,0,9,'NYArcher Ave10003+NY143rd St+10003'
-73.8106,40.9097,0,1,'NYWolfs Ln10003|NYWolfs Ln10003+NY1st St+10003|NY1st St10003'
-73.8106,40.7055,1,7,'NYHillside Ave10002+NY146th St+10002|NYState Hwy 2510002+NY146th St+10002|NY146th St10003'
-73.8106,40.6574,0,6,'NYW Hangar Rd10003'
-73.8106,40.7535,0,1,'NY156th St10003+NYJasmine Ave+10003|NYJasmine Ave10003'
-73.8106,40.7033,0,1,'NY145th St10003+NY89th Ave+10003'
-73.8106,40.7195,0,10,'NY153rd St10003|NY153rd St10003+NYUnion Tpke+10003'
-73.8106,40.7575,0,5,'NYElm Ave10003+NYMurray St+10003'
-73.8105,40.6936,0,1,'NY102nd Ave10003+NYRemington St+10003'
-73.8105,40.8947,0,1,'NYEly Ave10003+NYSecor Ln+10003|NYSecor Ln10003'
-73.8105,40.9313,0,2,'NYAllaire St10003|NYAllaire St10003+NYCalifornia Rd+10003'
-73.8105,40.7542,1,4,'NYHolly Ave10003|NYHolly Ave10003+NY156th St+10003'
-73.8105,40.8153,0,2,'NYKearney Ave10003|NYKearney Ave10003+NYSchurz Ave+10003'
-73.8105,40.9099,0,1,'NYWolfs Ln10003'
-73.8105,40.7119,0,1,'NY148th St10003|NY148th St10003+NY84th Dr+10003'
-73.8104,40.7614,0,3,'NY155th St10003|NY155th St10003+NYSanford Ave+10003'
-73.8104,40.7950,0,4,'NY7th Ave10003|NY7th Ave10003+NY152nd St+10003|NY7th Ave10003+NYPowells Cove Blvd+10003|NY152nd St10003+NYPowells Cove Blvd+10003|NYPowells Cove Blvd10003'
-73.8104,40.7237,1,9,'NY77th Ave10003+NYParsons Blvd+10003'
-73.8104,40.7208,0,5,'NY154th St10003|NY154th St10003+NY79th Ave+10003'
-73.8104,40.7383,0,18,'NYParsons Blvd10003'
-73.8104,40.7111,0,2,'NY148th St10003+NY85th Ave+10003'
-73.8104,40.7389,0,14,'NYParsons Blvd10003'
-73.8103,40.7839,0,17,'NY150th Pl10003|NY150th Pl10003+NY17th Ave+10003'
-73.8103,40.7493,0,11,'NYQuince Ave10003+NYParsons Blvd+10003'
-73.8103,40.7157,7,39,'NY150th St10003'
-73.8103,40.7553,0,8,'NY156th St10003+NYHollywood Ave+10003|NYHollywood Ave10003'
-73.8103,40.6638,1,2,'NYI 87810001|NYNassau Expy10001'
-73.8103,40.6671,8,35,'NYState Hwy 2710002+NY130th St+10002'
-73.8103,40.6907,36,18,'NY105th Ave10003|NY105th Ave10003+NYVan Wyck Expy W+10003|NY105th Ave10003+NYVan Wyck Expy+10003'
-73.8103,40.9072,0,1,'NYNyac Ave10003+NYW 2nd St+10003'
-73.8103,40.9022,0,1,'NYPelhamdale Ave10003+NYColonial Ave+10003'
-73.8103,40.5905,0,1,'NYJava Pl10003|NYJava Pl10003+NYBeach Channel Dr+10003|NYJava Pl10003+NYRockaway Fwy+10003|NYBeach Channel Dr10003+NYRockaway Fwy+10003|NYRockaway Fwy10003'
-73.8103,40.7568,0,4,'NYMurray St10003+NY45th Ave+10003'
-73.8102,40.8942,0,1,'NYBoston Post Rd10002+NYEly Ave+10002|NYEly Ave10003'
-73.8102,40.7103,1,3,'NY148th St10003+NY85th Rd+10003|NY85th Rd10003'
-73.8102,40.7630,0,1,'NY155th St10003'
-73.8102,40.6736,0,3,'NYCedric Rd10003'
-73.8102,40.8244,0,1,'NY3rd Ave10003|NY3rd Ave10003+NYDock St+10003'
-73.8102,40.7561,0,1,'NY156th St10003+NYHawthorne Ave+10003|NYHawthorne Ave10003'
-73.8102,40.8211,0,1,'NYPrentiss Ave10003+NYMiles Ave+10003'
-73.8102,40.7150,1,7,'NYCoolidge Ave10003+NY150th St+10003'
-73.8102,40.9200,0,1,'NYRiver Ave10003+NY6th St+10003|NY6th St10003'
-73.8102,40.7143,0,8,'NY150th St10003+NYHoover Ave+10003'
-73.8102,40.7008,0,10,'NY91st Ave10003+NY144th Pl+10003'
-73.8102,40.7567,0,2,'NY156th St10003+NYMurray St+10003|NYMurray St10003'
-73.8102,40.7046,0,3,'NY88th Ave10003+NY146th St+10003'
-73.8102,40.8156,0,1,'NYOak Ave10003'
-73.8102,40.8167,1,4,'NYHarding Ave10003+NYMeagher Ave+10003'
-73.8101,40.7135,1,11,'NY150th St10003+NY84th Ave+10003'
-73.8101,40.9661,0,1,'NYClub Way10003+NYPark Dr+10003|NYPark Dr10003'
-73.8101,40.6929,1,3,'NYRemington St10003+NYLloyd Rd+10003'
-73.8101,40.7094,0,2,'NY148th St10003+NY85th Dr+10003|NY85th Dr10003'
-73.8101,40.7423,0,6,'NYBooth Memorial Ave10003+NYParsons Blvd+10003|NYParsons Blvd10003'
-73.8101,40.7230,0,5,'NY77th Rd10003+NYParsons Blvd+10003'
-73.8101,40.5905,0,3,'NYRockaway Fwy10002|NYRockaway Fwy10002+NYRockaway Fwy+10002|NYRockaway Fwy10002+NYBeach 84 St+10002|NYRockaway Fwy10002+NYBeach Channel Dr+10002|NYRockaway Fwy10003|NYRockaway Fwy10003+NYBeach 84 St+10003|NYRockaway Fwy10003+NYBeach Channel Dr+10003|NYBeach 84 St10003|NYBeach 84 St10003+NYBeach Channel Dr+10003|NYBeach Channel Dr10003'
-73.8101,40.8873,0,1,'NYTerrace Pl10003|NYTerrace Pl10003+NYPark Dr+10003'
-73.8101,40.8134,0,1,'NYIndian Trl10003'
-73.8101,40.6648,0,4,'NY152nd Ave10003'
-73.8101,40.9106,0,2,'NYWolfs Ln10003|NYWolfs Ln10003+NYPelhamwood Ave+10003|NYWolfs Ln10003+NY5th Ave+10003|NYWolfs Ln10003+NY1st St+10003|NYPelhamwood Ave10003|NYPelhamwood Ave10003+NY5th Ave+10003|NYPelhamwood Ave10003+NY1st St+10003|NY5th Ave10003|NY5th Ave10003+NY1st St+10003|NY1st St10003'
-73.8101,40.9125,1,2,'NY2nd St10003+NY4th Ave+10003'
-73.8101,40.7716,0,15,'NYBayside Ave10003+NY154th St+10003'
-73.8101,40.8185,0,2,'NYLawton Ave10003'
-73.8101,40.7644,0,1,'NY155th St10003+NYState Hwy 25 Alt+10003|NY155th St10003+NYNorthern Blvd+10003'
-73.8101,40.6945,0,6,'NY101st Ave10003+NYSanders Pl+10003|NYSanders Pl10003'
-73.8100,40.5891,0,1,'NYBeach 84th St10003'
-73.8100,40.6864,0,8,'NY109th Ave10003+NY134th St+10003'
-73.8100,40.8186,0,1,'NYThroggs Neck Expy10003|NYThroggs Neck Expy10003+NYThroggs Neck Blvd+10003|NYThroggs Neck Expy10003+NYE 177th St+10003|NYThroggs Neck Expy10003+NYLawton Ave+10003|NYThroggs Neck Expy10003+NYPennyfield Ave+10003|NYThroggs Neck Blvd10003|NYThroggs Neck Blvd10003+NYE 177th St+10003|NYThroggs Neck Blvd10003+NYLawton Ave+10003|NYThroggs Neck Blvd10003+NYPennyfield Ave+10003|NYE 177th St10003|NYE 177th St10003+NYLawton Ave+10003|NYE 177th St10003+NYE 177th St+10003|NYE 177th St10003+NYPennyfield Ave+10003|NYLawton Ave10003|NYLawton Ave10003+NYE 177th St+10003|NYLawton Ave10003+NYPennyfield Ave+10003|NYPennyfield Ave10003'
-73.8100,40.6744,0,2,'NYGotham Rd10003'
-73.8100,40.7576,0,2,'NYElm Ave10003|NYElm Ave10003+NY156th St+10003'
-73.8100,40.9145,0,1,'NY3rd Ave10003+NY3rd St+10003'
-73.8100,40.7897,0,3,'NY152nd St10003+NY14th Ave+10003|NY14th Ave10003'
-73.8100,40.7053,0,3,'NYDriveway Dr10003'
-73.8100,40.7081,0,3,'NY86th Ave10003|NY86th Ave10003+NY148th St+10003'
-73.8100,40.7867,0,3,'NYClintonville St10003+NYCross Island Pkwy+10003'
-73.8100,40.9002,0,2,'NYSiwanoy Pl10003'
-73.8100,40.9679,0,4,'NYHilldale Pl10003'
-73.8100,40.7020,0,5,'NYJamaica Ave10003+NY145th St+10003|NY145th St10003'
-73.8099,40.6959,0,7,'NYCresskill Pl10003+NY97th Ave+10003'
-73.8099,40.6882,0,6,'NY135th St10003+NY107th Ave+10003'
-73.8099,40.7169,0,9,'NYVillage Rd10003|NYVillage Rd10003+NYVillage Rd+10003'
-73.8099,40.7283,0,1,'NY159th St10003'
-73.8099,40.7584,0,1,'NY156th St10003+NYDelaware Ave+10003|NYDelaware Ave10003'
-73.8099,40.6914,38,10,'NYVan Wyck Expy E10003+NY104th Ave+10003|NYVan Wyck Expy E10003+NY142nd St+10003|NYVan Wyck Expy10003+NY104th Ave+10003|NYVan Wyck Expy10003+NY142nd St+10003|NY104th Ave10003|NY104th Ave10003+NY142nd St+10003|NY142nd St10003'
-73.8099,40.5877,0,1,'NYBeach 84th St10003|NYBeach 84th St10003+NYRockaway Beach Blvd+10003|NYBeach 84th St10003+NYJ Alcams Blvd+10003|NYRockaway Beach Blvd10003|NYRockaway Beach Blvd10003+NYJ Alcams Blvd+10003|NYRockaway Beach Blvd10003+NYRockaway Beach Blvd+10003|NYJ Alcams Blvd10003'
-73.8099,40.6981,0,59,'NY143rd St10003+NY94th Ave+10003'
-73.8099,40.7280,0,1,'NY159th St10003|NY159th St10003+NY72nd Ave+10003'
-73.8099,40.7223,0,10,'NY78th Ave10003+NYParsons Blvd+10003'
-73.8098,40.7520,1,2,'NYLaburnum Ave10003+NY157th St+10003'
-73.8098,40.7128,0,5,'NY150th St10003+NY84th Rd+10003'
-73.8098,40.6973,0,2,'NY95th Ave10003+NYBrisbin St+10003|NYBrisbin St10003'
-73.8098,40.7592,0,3,'NY156th St10003+NYCherry Ave+10003|NY156th St10003+NY43rd Ave+10003|NYCherry Ave10003|NYCherry Ave10003+NY43rd Ave+10003|NY43rd Ave10003'
-73.8098,40.6818,1,13,'NYLinden Blvd10003+NY132nd St+10003'
-73.8098,40.5870,0,1,'NYBeach 84th St10003|NYBeach 84th St10003+NYBayside Pl+10003|NYBeach 84th St10003+NYBeach 84th St+10003|NYBeach 84th St10003+NYHolland Ave+10003|NYBayside Pl10003|NYBayside Pl10003+NYBeach 84th St+10003|NYBayside Pl10003+NYHolland Ave+10003|NYHolland Ave10003'
-73.8098,40.7197,0,10,'NY154th St10003|NY154th St10003+NYUnion Tpke+10003'
-73.8098,40.7104,0,5,'NY149th St10003|NY149th St10003+NY85th Rd+10003'
-73.8098,40.6751,2,4,'NYRockaway Blvd10003+NY128th St+10003'
-73.8098,40.9098,0,3,'NYNyac Ave10003|NYNyac Ave10003+NY1st St+10003'
-73.8098,40.6838,0,13,'NY133rd St10003+NY111th Ave+10003'
-73.8098,40.7488,0,2,'NYRose Ave10003+NYParsons Blvd+10003|NYParsons Blvd10003'
-73.8097,40.7596,0,2,'NY156th St10003+NYBeech Ave+10003|NYBeech Ave10003'
-73.8097,40.6998,0,3,'NYArcher Ave10003+NY144th Pl+10003|NY144th Pl10003'
-73.8097,40.6922,1,7,'NYRemington St10003+NYLiberty Ave+10003'
-73.8097,40.7036,0,11,'NY89th Ave10003+NY146th St+10003'
-73.8097,40.7057,7,10,'NYHillside Ave10002+NYSutphin Blvd+10002|NYSutphin Blvd10003|NYSutphin Blvd10003+NYState Hwy 25+10003'
-73.8097,40.6724,1,26,'NY129th St10003+NYSutter Ave+10003'
-73.8096,40.5853,1,12,'NYBayside Pl10003|NYBayside Pl10003+NYBeach 84th St+10003|NYBayside Pl10003+NYShore Front Pkwy+10003|NYBeach 84th St10003|NYBeach 84th St10003+NYShore Front Pkwy+10003'
-73.8096,40.9013,0,1,'NYReed Ave10003'
-73.8096,40.8917,1,3,'NYJackson Ave10003+NYPlymouth St+10003'
-73.8096,40.6609,0,1,'NY30th Pl10003'
-73.8096,40.8197,0,8,'NYPrentiss Ave10003|NYPrentiss Ave10003+NYLawton Ave+10003|NYPrentiss Ave10003+NYThroggs Neck Expy+10003|NYLawton Ave10003|NYLawton Ave10003+NYThroggs Neck Expy+10003'
-73.8096,40.7216,0,4,'NY78th Rd10003+NYParsons Blvd+10003'
-73.8096,40.8140,0,2,'NYChaffee Ave10003+NYOak Ave+10003'
-73.8096,40.9213,0,2,'NYRiver Ave10003'
-73.8095,40.7541,1,2,'NYHolly Ave10003+NY157th St+10003'
-73.8095,40.7366,1,68,'NY159th St10003'
-73.8095,40.6974,0,2,'NY95th Ave10003+NY143rd St+10003|NY143rd St10003'
-73.8095,40.7121,0,5,'NY150th St10003+NY84th Dr+10003'
-73.8095,40.7899,0,5,'NY13th Ave10003'
-73.8094,40.6670,1,12,'NYState Hwy 2710002+NY130th Pl+10002|NYN Conduit Ave10002+NY130th Pl+10002|NY130th Pl10003'
-73.8094,40.8221,0,4,'NY11th Ave10003'
-73.8094,40.7383,0,12,'NY159th St10003'
-73.8094,40.7620,0,4,'NYBarclay Ave10003|NYBarclay Ave10003+NY156th St+10003'
-73.8094,40.6666,0,27,'NYSouthern Parkway Entrance Wb10003|NYSouthern Parkway Entrance Wb10003+NYSouthern Parkway Exit Eb+10003|NYSouthern Parkway Exit Eb10003|NYSouthern Parkway Exit Eb10003+NYSouthern Pkwy+10003'
-73.8094,40.8214,0,1,'NYReynolds Ave10003+NYMiles Ave+10003'
-73.8094,40.7388,1,5,'NY159th St10003'
-73.8093,40.7067,1,8,'NY148th St10003+NY87th Rd+10003'
-73.8093,40.7210,0,11,'NY79th Ave10003+NYParsons Blvd+10003'
-73.8093,40.9198,0,1,'NY1st Ave10003+NY6th St+10003'
-73.8093,40.8239,0,1,'NY9th Ave10003|NY9th Ave10003+NY6th Ave+10003'
-73.8093,40.7699,0,12,'NY32nd Ave10003+NY155th St+10003'
-73.8093,40.9157,0,1,'NY3rd Ave10003'
-73.8093,40.7048,1,12,'NYSutphin Blvd10003+NY88th Ave+10003'
-73.8093,40.6919,0,7,'NYRemington St10003+NY104th Ave+10003|NY104th Ave10003'
-73.8092,40.9307,0,1,'NYAllaire St10003|NYAllaire St10003+NYLispenard Ave+10003|NYLispenard Ave10003'
-73.8092,40.9070,0,2,'NYCorlies Ave10003+NYSecond St E+10003|NYCorlies Ave10003+NYW 2nd St+10003|NYSecond St E10003|NYSecond St E10003+NYW 2nd St+10003|NYW 2nd St10003|NYW 2nd St10003+NYW 2nd St+10003'
-73.8092,40.9376,0,1,'NYRittenhouse Rd10003|NYRittenhouse Rd10003+NYCorwood Rd+10003|NYCorwood Rd10003'
-73.8092,40.8947,0,1,'NYBoston Post Rd10002+NYHighland Ave+10002|NYHighland Ave10003'
-73.8092,40.6947,0,2,'NY101st Ave10003+NYCresskill Pl+10003|NYCresskill Pl10003'
-73.8092,40.7115,0,4,'NY150th St10003+NY85th Ave+10003'
-73.8092,40.8146,0,1,'NYAster Pl10003|NYAster Pl10003+NYMeagher Ave+10003'
-73.8092,40.6867,0,7,'NY135th St10003+NY109th Ave+10003'
-73.8092,40.7422,0,1,'NYBooth Memorial Ave10003+NY159th St+10003|NY159th St10003'
-73.8092,40.7781,0,38,'NY154th St10003+NYWillets Point Blvd+10003'
-73.8091,40.7290,0,14,'NY160th St10003|NY160th St10003+NYPark Ave+10003|NY160th St10003+NY160th St+10003|NYPark Ave10003|NYPark Ave10003+NY160th St+10003'
-73.8091,40.7503,0,6,'NY158th St10003'
-73.8091,40.7641,1,3,'NY156th St10003|NY156th St10003+NYState Hwy 25 Alt+10003|NY156th St10003+NYNorthern Blvd+10003|NY156th St10003+NYRoosevelt Ave+10003|NYState Hwy 25 Alt10002+NYRoosevelt Ave+10002|NYNorthern Blvd10002+NYRoosevelt Ave+10002|NYRoosevelt Ave10003'
-73.8091,40.8168,0,8,'NYHarding Ave10003+NYPennyfield Ave+10003'
-73.8091,40.6647,1,1,'NY131st St10003'
-73.8091,40.6677,0,3,'NY135th Rd10003|NY135th Rd10003+NY130th Pl+10003'
-73.8091,40.7847,0,1,'NYClintonville St10003+NYLocke Ave+10003|NYLocke Ave10003'
-73.8091,40.5900,0,1,'NYBeach 82nd St10003|NYBeach 82nd St10003+NYBeach Channel Dr+10003|NYBeach 82nd St10003+NYHammels Blvd+10003'
-73.8091,40.6962,1,2,'NYBrisbin St10003+NY97th Ave+10003'
-73.8091,40.6711,0,10,'NY131st Ave10003'
-73.8091,40.6884,1,3,'NYVan Wyck Expy W10003+NY107th Ave+10003|NY107th Ave10003|NY107th Ave10003+NYVan Wyck Expy+10003'
-73.8091,40.7716,0,3,'NY29th Ave10003+NYBayside Ave+10003|NY29th Ave10003+NY155th St+10003|NYBayside Ave10003|NYBayside Ave10003+NY155th St+10003|NYBayside Ave10003+NYBayside Ave+10003|NY155th St10003|NY155th St10003+NYBayside Ave+10003'
-73.8091,40.7857,0,9,'NY153rd Pl10003'
-73.8091,40.9045,0,9,'NYPelhamdale Ave10003+NYBoulevard+10003'
-73.8091,40.9245,0,1,'NYAetna Pl10003|NYAetna Pl10003+NYHutchinson Blvd+10003'
-73.8090,40.7018,1,5,'NYJamaica Ave10003+NY146th St+10003|NY146th St10003'
-73.8090,40.6547,0,13,'NY30th Pl10003+NYE Hangar Rd+10003|NYE Hangar Rd10003'
-73.8090,40.6760,0,1,'NYFoch Blvd10003+NY130th St+10003'
-73.8090,40.7093,4,12,'NY149th St10003'
-73.8090,40.7199,5,15,'NYUnion Tpke10003+NYParsons Blvd+10003'
-73.8090,40.7059,1,3,'NYHillside Ave10002+NY148th St+10002|NYState Hwy 2510002+NY148th St+10002|NY148th St10003'
-73.8090,40.7304,1,53,'NYPark Ave10003|NYPark Ave10003+NY160th St+10003|NY160th St10003'
-73.8090,40.8189,0,2,'NYI 29510001+NYThroggs Neck Blvd+10001|NYThroggs Neck Blvd10002|NYThroggs Neck Blvd10002+NYThroggs Neck Expy+10002'
-73.8090,40.8206,0,1,'NYWissman Ave10003+NYReynolds Ave+10003'
-73.8090,40.9096,0,3,'NYCorlies Ave10003|NYCorlies Ave10003+NY1st St+10003'
-73.8090,40.6976,0,2,'NY95th Ave10003+NYAllendale St+10003|NYAllendale St10003'
-73.8090,40.7131,0,3,'NY84th Rd10003+NY151st St+10003|NY151st St10003'
-73.8090,40.8216,0,1,'NYWashington Ave10003|NYWashington Ave10003+NYMiles Ave+10003'
-73.8090,40.6780,0,8,'NY131st St10003+NY116th Ave+10003'
-73.8089,40.8145,0,1,'NYMeagher Ave10003+NYChaffee Ave+10003|NYChaffee Ave10003'
-73.8089,40.6800,0,6,'NY115th Ave10003+NY132nd St+10003'
-73.8089,40.6684,0,6,'NY135th Ave10003+NY130th Pl+10003'
-73.8089,40.9103,0,3,'NYHarmon Pl10003|NYHarmon Pl10003+NYPelhamwood Ave+10003'
-73.8089,40.7519,0,1,'NYLaburnum Ave10003+NY158th St+10003'
-73.8089,40.6926,0,6,'NYPinegrove St10003|NYPinegrove St10003+NYLiberty Ave+10003'
-73.8089,40.7106,0,8,'NY150th St10003+NY85th Rd+10003|NY85th Rd10003'
-73.8089,40.7659,0,7,'NY156th St10003+NY35th Ave+10003'
-73.8089,40.6840,0,5,'NY134th St10003+NY111th Ave+10003'
-73.8089,40.7018,0,2,'NYJamaica Ave10003+NY146th St+10003|NY146th St10003'
-73.8089,40.7591,0,8,'NY43rd Ave10003+NY157th St+10003'
-73.8089,40.7862,0,5,'NY153rd Pl10003'
-73.8088,40.9108,0,2,'NYHarmon Pl10003|NYHarmon Pl10003+NYHarmon Ave+10003'
-73.8088,40.7170,1,6,'NYVillage Rd10003|NYVillage Rd10003+NYVillage Rd+10003'
-73.8088,40.7274,0,3,'NY73rd Ave10003+NY160th St+10003'
-73.8088,40.8143,0,1,'NYChaffee Ave10003|NYChaffee Ave10003+NYMeagher Ave+10003'
-73.8088,40.7038,0,3,'NYSutphin Blvd10003+NY89th Ave+10003'
-73.8087,40.8859,0,1,'NYRidge Pl10003'
-73.8087,40.6894,50,13,'NYVan Wyck Expy E10003+NY106th Ave+10003|NYVan Wyck Expy10003+NY106th Ave+10003|NY106th Ave10003'
-73.8087,40.7267,1,5,'NY75th Ave10003+NY160th St+10003'
-73.8087,40.7003,0,15,'NYArcher Ave10003+NY146th St+10003|NY146th St10003'
-73.8087,40.6914,0,6,'NY105th Ave10003|NY105th Ave10003+NYRemington St+10003'
-73.8086,40.7124,0,8,'NY84th Dr10003+NY151st St+10003'
-73.8086,40.7541,0,11,'NYHolly Ave10003|NYHolly Ave10003+NY158th St+10003'
-73.8086,40.6663,0,9,'NYState Rte 2710002+NY131st St+10002|NYS Conduit Ave10002+NY131st St+10002|NY131st St10003'
-73.8086,40.8138,0,1,'NYMeagher Ave10003+NYSunset Trl+10003|NYSunset Trl10003'
-73.8086,40.8934,0,2,'NYTownsend Ave10003|NYTownsend Ave10003+NYHighland Ave+10003'
-73.8086,40.8155,0,3,'NYMullan Pl10003|NYMullan Pl10003+NYSchurz Ave+10003|NYMullan Pl10003+NYPennyfield Ave+10003|NYSchurz Ave10003|NYSchurz Ave10003+NYPennyfield Ave+10003'
-73.8085,40.6984,0,9,'NY94th Ave10003+NYLiverpool St+10003|NYLiverpool St10003'
-73.8085,40.7830,0,13,'NY17th Rd10003+NY154th St+10003'
-73.8085,40.6750,0,1,'NYRockaway Blvd10003+NY130th St+10003'
-73.8085,40.7848,0,1,'NYLocke Ave10003+NY154th St+10003|NY154th St10003'
-73.8085,40.7390,1,5,'NY160th St10003'
-73.8085,40.9214,0,1,'NY1st Ave10003'
-73.8085,40.6697,0,4,'NY130th Pl10003|NY130th Pl10003+NY133rd Ave+10003'
-73.8085,40.7061,0,10,'NYHillside Ave10002+NY148th St+10002|NY148th St10003|NY148th St10003+NYState Hwy 25+10003'
-73.8085,40.7383,0,9,'NY160th St10003'
-73.8084,40.7030,0,2,'NYSutphin Blvd10003+NY90th Ave+10003|NY90th Ave10003'
-73.8084,40.7140,0,4,'NY152nd St10003|NY152nd St10003+NY84th Ave+10003'
-73.8084,40.7621,0,4,'NYStation Rd10003+NY157th St+10003|NY157th St10003'
-73.8084,40.7624,0,1,'NYDepot Rd10003+NY157th St+10003|NY157th St10003'
-73.8084,40.6742,0,4,'NYGotham Rd10003'
-73.8084,40.6735,0,4,'NYCedric Rd10003'
-73.8084,40.7698,0,3,'NY32nd Ave10003+NY156th St+10003|NY156th St10003'
-73.8083,40.6950,0,3,'NY101st Ave10003+NYBrisbin St+10003'
-73.8083,40.6888,24,16,'NYVan Wyck Expy E10003+NY107th Ave+10003|NY107th Ave10003|NY107th Ave10003+NYVan Wyck Expy+10003'
-73.8083,40.8136,0,1,'NYPlaza Pl10003+NYMeagher Ave+10003|NYPlaza Pl10003+NYPoplar Ave+10003|NYMeagher Ave10003|NYMeagher Ave10003+NYPoplar Ave+10003|NYPoplar Ave10003'
-73.8083,40.9122,0,2,'NY6th Ave10003'
-73.8083,40.8950,0,1,'NYBoston Post Rd10002+NYEdgewood Ave+10002|NYEdgewood Ave10003'
-73.8083,40.8193,0,1,'NYReynolds Ave10003|NYReynolds Ave10003+NYThroggs Neck Expy+10003'
-73.8083,40.9141,0,1,'NY3rd St10003+NY5th Ave+10003'
-73.8083,40.9676,0,2,'NYHilldale Pl10003'
-73.8083,40.8248,0,1,'NY4th Ave10003'
-73.8083,40.6870,0,7,'NYVan Wyck Expy W10003+NY109th Ave+10003|NY109th Ave10003+NYVan Wyck Expy+10003'
-73.8083,40.7567,3,24,'NYFranconia Ave10003|NYFranconia Ave10003+NY158th St+10003'
-73.8083,40.8978,0,4,'NYSiwanoy Pl10003'
-73.8082,40.6964,0,9,'NY97th Ave10003+NYAllendale St+10003'
-73.8082,40.7853,0,1,'NY154th St10003'
-73.8082,40.7861,0,2,'NY154th St10003|NY154th St10003+NYCross Island Pkwy+10003|NYCross Island Pkwy10003'
-73.8082,40.7420,0,5,'NYBooth Memorial Ave10003+NY160th St+10003|NY160th St10003'
-73.8082,40.7830,0,1,'NY17th Rd10003+NYClintonville St+10003'
-73.8082,40.7172,1,15,'NYVillage Rd10003|NYVillage Rd10003+NYParsons Blvd+10003'
-73.8082,40.7638,2,2,'NYState Hwy 25 Alt10002+NY157th St+10002|NYNorthern Blvd10002+NY157th St+10002'
-73.8082,40.7502,0,1,'NY159th St10003'
-73.8082,40.8210,0,1,'NYBlair Ave10003'
-73.8082,40.8148,0,2,'NYChaffee Ave10003|NYChaffee Ave10003+NYPennyfield Ave+10003'
-73.8082,40.6645,3,2,'NY150th Ave10003|NY150th Ave10003+NYI 878+10003|NY150th Ave10003+NYNassau Expy+10003'
-73.8082,40.7240,0,7,'NY160th St10003+NY77th Ave+10003'
-73.8081,40.6978,1,4,'NY95th Ave10003+NYLiverpool St+10003'
-73.8081,40.6595,2,1,'NYBergen Rd10003'
-73.8081,40.6763,0,1,'NY131st St10003|NY131st St10003+NYFoch Blvd+10003'
-73.8081,40.7168,2,18,'NY82nd Dr10003|NY82nd Dr10003+NYVillage Rd+10003|NY82nd Dr10003+NYParsons Blvd+10003|NYVillage Rd10003|NYVillage Rd10003+NYParsons Blvd+10003'
-73.8081,40.8992,0,1,'NYWitherbee Ave10003|NYWitherbee Ave10003+NYPelhamdale Ave+10003'
-73.8081,40.7202,0,10,'NY159th St10003|NY159th St10003+NYUnion Tpke+10003'
-73.8081,40.9102,0,1,'NYPelhamwood Ave10003|NYPelhamwood Ave10003+NYPelhamwood Ave+10003'
-73.8081,40.8169,0,7,'NYPrentiss Ave10003|NYPrentiss Ave10003+NYHarding Ave+10003'
-73.8081,40.7304,0,22,'NYSutton Pl10003|NY161st St10003'
-73.8081,40.6783,0,4,'NY132nd St10003+NY116th Ave+10003'
-73.8081,40.7052,0,15,'NY148th St10003+NY88th Ave+10003'
-73.8081,40.7282,1,8,'NYSutton Pl10003|NYSutton Pl10003+NY72nd Ave+10003|NY72nd Ave10003+NY161st St+10003|NY161st St10003'
-73.8080,40.7233,0,4,'NY77th Rd10003+NY160th St+10003'
-73.8080,40.7094,6,10,'NY150th St10003+NY85th Dr+10003'
-73.8080,40.6920,0,3,'NYPinegrove St10003+NY105th Ave+10003'
-73.8080,40.6843,0,4,'NY135th St10003+NY111th Ave+10003'
-73.8080,40.6900,0,3,'NY106th Ave10003|NY106th Ave10003+NY142nd St+10003'
-73.8080,40.6933,1,1,'NYInwood St10003|NYInwood St10003+NYLiberty Ave+10003'
-73.8080,40.7724,0,14,'NY28th Ave10003+NY156th St+10003|NY156th St10003'
-73.8080,40.7869,0,5,'NY154th St10003|NY154th St10003+NYCross Island Pkwy+10003|NY154th St10003+NYCross Island Pkwy Srv+10003|NY154th St10003+NYCryders Ln+10003|NYCross Island Pkwy10006+NYCryders Ln+10006|NYCross Island Pkwy Srv10006+NYCryders Ln+10006|NYCryders Ln10003'
-73.8080,40.8146,0,1,'NYChaffee Ave10003|NYChaffee Ave10003+NYPennyfield Ave+10003'
-73.8080,40.7519,0,12,'NY159th St10003+NYLaburnum Ave+10003'
-73.8080,40.7319,4,54,'NY161st St10003'
-73.8080,40.7658,0,1,'NY35th Ave10003+NY157th St+10003'
-73.8079,40.6650,1,0,'NY132nd St10003'
-73.8079,40.7784,0,6,'NY22nd Ave10003+NYWillets Point Blvd+10003'
-73.8079,40.7018,4,24,'NYSutphin Blvd10003+NYJamaica Ave+10003'
-73.8079,40.6677,0,2,'NY135th Rd10003|NY135th Rd10003+NY131st St+10003|NY135th Rd10003+NY135th Ave+10003|NY131st St10003|NY131st St10003+NY135th Ave+10003|NY135th Ave10003'
-73.8079,40.6943,0,1,'NYBrisbin St10003+NY102nd Ave+10003'
-73.8079,40.8923,0,1,'NYJackson Ave10003|NYJackson Ave10003+NYHighland Ave+10003'
-73.8079,40.7226,0,4,'NY78th Ave10003+NY160th St+10003'
-73.8079,40.6681,0,1,'NY135th Ave10003|NY135th Ave10003+NY131st St+10003'
-73.8079,40.7012,2,34,'NYSutphin Blvd10003+NY91st Ave+10003|NY91st Ave10003'
-73.8079,40.6871,46,22,'NYI 67810001+NY109th Ave+10001|NY109th Ave10003+NYVan Wyck Expy+10003'
-73.8079,40.8138,0,3,'NYPlaza Pl10003+NYHolly Pl+10003|NYHolly Pl10003'
-73.8079,40.6934,0,2,'NYLloyd Rd10003|NYLloyd Rd10003+NYLiberty Ave+10003'
-73.8078,40.8959,0,1,'NYEsplanade10003+NYWestward Ln+10003'
-73.8078,40.7338,1,93,'NY161st St10003|NY161st St10003+NY162nd St+10003|NY161st St10003+NY160th St+10003|NY162nd St10003|NY162nd St10003+NY160th St+10003|NY160th St10003'
-73.8078,40.6819,0,4,'NYLincoln St10003+NY134th St+10003'
-73.8078,40.6798,1,4,'NYLincoln St10003+NY133rd St+10003'
-73.8078,40.8122,0,2,'NYMagnolia Pl10003|NYMagnolia Pl10003+NYAcorn Pl+10003'
-73.8078,40.6656,0,7,'NY132nd St10003+NY149th Ave+10003|NY149th Ave10003'
-73.8078,40.7219,0,4,'NY78th Rd10003+NY160th St+10003'
-73.8078,40.7126,0,2,'NY152nd St10003+NY84th Dr+10003'
-73.8078,40.6824,0,12,'NYLincoln St10003+NYLinden Blvd+10003'
-73.8078,40.7822,0,7,'NYClintonville St10003+NY18th Ave+10003|NY18th Ave10003'
-73.8077,40.7006,14,181,'NYArcher Ave10003+NYSutphin Blvd+10003'
-73.8077,40.8960,0,1,'NYEsplanade10003+NYWestward Ln+10003|NYWestward Ln10003'
-73.8077,40.6606,0,3,'NY134th St10003'
-73.8077,40.7186,1,6,'NY159th St10003|NY159th St10003+NYGoethals Ave+10003'
-73.8077,40.7365,1,24,'NY161st St10003'
-73.8076,40.7211,0,1,'NY160th St10003|NY160th St10003+NY79th Ave+10003'
-73.8076,40.7150,3,25,'NYCoolidge Ave10003|NYCoolidge Ave10003+NYParsons Blvd+10003'
-73.8076,40.7087,0,7,'NY86th Ave10003+NY150th St+10003'
-73.8076,40.7895,0,6,'NY154th St10003+NY14th Rd+10003|NY14th Rd10003'
-73.8076,40.6662,0,25,'NYState Rte 2710002+NY132nd St+10002|NY132nd St10003|NY132nd St10003+NYS Conduit Ave+10003'
-73.8076,40.7041,0,1,'NY148th St10003+NY89th Ave+10003'
-73.8076,40.6543,163,51,'NY30th Pl10003|NY30th Pl10003+NYSouth Svc Rd+10003|NYSouth Svc Rd10003'
-73.8076,40.6773,1,0,'NY132nd St10003'
-73.8075,40.8230,0,1,'NY3rd Ave10003+NYEdge St+10003'
-73.8075,40.7382,0,9,'NY161st St10003'
-73.8075,40.6833,10,29,'NYLincoln St10003+NY135th St+10003'
-73.8075,40.8218,0,3,'NYLongstreet Ave10003|NYLongstreet Ave10003+NYMiles Ave+10003'
-73.8075,40.9100,0,1,'NYPelhamwood Ave10003+NYBenedict Pl+10003|NYBenedict Pl10003'
-73.8075,40.6765,0,1,'NYLincoln St10003+NYFoch Blvd+10003'
-73.8075,40.7501,0,5,'NYRose Ave10003'
-73.8075,40.7388,0,7,'NY161st St10003'
-73.8075,40.6952,0,4,'NY101st Ave10003+NYAllendale St+10003'
-73.8075,40.6872,14,7,'NYVan Wyck Expy E10003+NY109th Ave+10003|NYVan Wyck Expy10003+NY109th Ave+10003'
-73.8075,40.7836,0,1,'NY17th Ave10003+NY155th St+10003|NY155th St10003'
-73.8075,40.6722,0,5,'NY131st St10003+NYSutter Ave+10003'
-73.8074,40.6749,1,5,'NYRockaway Blvd10003+NYLincoln St+10003|NYRockaway Blvd10003+NY131st St+10003|NYLincoln St10003|NYLincoln St10003+NY131st St+10003|NY131st St10003'
-73.8074,40.7120,0,5,'NY152nd St10003+NY85th Ave+10003'
-73.8074,40.7817,0,8,'NYPrivate Dr10003|NYPrivate Dr10003+NYClintonville St+10003'
-73.8074,40.7697,0,3,'NY32nd Ave10003+NY157th St+10003|NY157th St10003'
-73.8074,40.7143,0,6,'NYHoover Ave10003|NYHoover Ave10003+NYParsons Blvd+10003'
-73.8074,40.6966,0,11,'NY97th Ave10003+NYLiverpool St+10003'
-73.8074,40.8140,0,2,'NYPlaza Pl10003|NYPlaza Pl10003+NYPennyfield Ave+10003'
-73.8074,40.6597,27,12,'NYFederal Cir10003'
-73.8074,40.7142,4,5,'NY84th Ave10003|NY84th Ave10003+NYParsons Blvd+10003'
-73.8073,40.6896,0,4,'NY107th Ave10003|NY107th Ave10003+NY142nd St+10003'
-73.8073,40.7635,2,12,'NYState Hwy 25 Alt10002+NY158th St+10002|NYNorthern Blvd10002+NY158th St+10002'
-73.8073,40.6981,0,7,'NY95th Ave10003+NYWaltham St+10003|NYWaltham St10003'
-73.8073,40.8124,0,2,'NYAcorn Pl10003+NYPoplar Ave+10003'
-73.8073,40.5904,0,8,'NYFinnard Ave10003+NYBeach 81st St+10003|NYBeach 81st St10003'
-73.8073,40.7420,0,7,'NYBooth Memorial Ave10003+NY161st St+10003|NY161st St10003'
-73.8073,40.7081,1,8,'NY150th St10003+NY87th Ave+10003'
-73.8073,40.7032,0,1,'NY148th St10003+NY90th Ave+10003'
-73.8073,40.5880,0,2,'NYRockaway Beach Blvd10003+NYBeach 81st St+10003'
-73.8073,40.8877,0,1,'NYGrant Ave10003+NYOak Ln+10003'
-73.8073,40.9318,0,1,'NYMortimer Pl10003'
-73.8073,40.7501,0,1,'NY160th St10003'
-73.8073,40.7815,0,6,'NY19th Ave10003|NY19th Ave10003+NYClintonville St+10003'
-73.8072,40.6914,0,1,'NYPinegrove St10003+NY106th Ave+10003|NY106th Ave10003'
-73.8072,40.9108,0,1,'NYBenedict Pl10003|NYBenedict Pl10003+NYBenedict Pl+10003'
-73.8072,40.7205,1,1,'NY160th St10003|NY160th St10003+NYUnion Tpke+10003'
-73.8072,40.7713,0,3,'NY157th St10003'
-73.8072,40.8218,0,3,'NYStevens Pl10003|NYStevens Pl10003+NYMiles Ave+10003'
-73.8072,40.6765,0,1,'NY132nd St10003|NY132nd St10003+NYFoch Blvd+10003'
-73.8072,40.7096,0,10,'NY85th Dr10003+NY151st St+10003|NY151st St10003'
-73.8072,40.6927,0,3,'NY105th Ave10003+NYInwood St+10003'
-73.8072,40.6805,1,3,'NY115th Ave10003+NY134th St+10003'
-73.8071,40.6677,0,2,'NY132nd St10003'
-73.8071,40.7930,0,25,'NY10th Ave10003|NY10th Ave10003+NY154th St+10003'
-73.8071,40.7304,1,40,'NY71st Ave10003+NY162nd St+10003|NY162nd St10003'
-73.8071,40.6846,8,68,'NYLincoln St10003|NYLincoln St10003+NYVan Wyck Expy W+10003|NYLincoln St10003+NYVan Wyck Expy+10003|NYLincoln St10003+NY111th Ave+10003|NYVan Wyck Expy W10003+NY111th Ave+10003|NYVan Wyck Expy10003+NY111th Ave+10003|NY111th Ave10003'
-73.8071,40.7933,0,3,'NY10th Ave10003|NY10th Ave10003+NY154th St+10003'
-73.8071,40.7024,0,2,'NY148th St10003+NYLowe Ct+10003|NYLowe Ct10003'
-73.8071,40.6945,0,1,'NY102nd Ave10003|NY102nd Ave10003+NYAllendale St+10003'
-73.8071,40.8231,0,2,'NY1st Ave10003+NYEdge St+10003|NYEdge St10003'
-73.8070,40.6903,0,9,'NYSouth Rd10003|NYSouth Rd10003+NYRemington St+10003'
-73.8070,40.7518,0,2,'NY160th St10003+NYLaburnum Ave+10003'
-73.8070,40.7276,0,3,'NY73rd Ave10003+NY162nd St+10003'
-73.8070,40.6882,1,1,'NY107th Rd10003|NY107th Rd10003+NY139th St+10003'
-73.8070,40.7657,0,28,'NY35th Ave10003+NY158th St+10003'
-73.8070,40.7937,0,1,'NY154th St10003+NY9th Ave+10003|NY9th Ave10003'
-73.8070,40.7018,1,3,'NY147th Pl10003|NY147th Pl10003+NYJamaica Ave+10003'
-73.8070,40.9268,0,1,'NYArden Ter10003|NYArden Ter10003+NYHutchinson Blvd+10003'
-73.8070,40.8171,0,1,'NYReynolds Ave10003|NYReynolds Ave10003+NYHarding Ave+10003'
-73.8070,40.7872,0,4,'NY155th St10003|NY155th St10003+NYCryders Ln+10003'
-73.8070,40.8242,0,1,'NYSoundview St10003+NYMain St+10003|NYMain St10003'
-73.8070,40.8135,0,2,'NYGlennon Pl10003|NYGlennon Pl10003+NYPennyfield Ave+10003'
-73.8070,40.6990,7,81,'NYSutphin Blvd10003+NY94th Ave+10003'
-73.8069,40.7074,1,5,'NY150th St10003+NY87th Rd+10003'
-73.8069,40.6527,24,34,'NYSouth Svc Rd10003|NYSouth Svc Rd10003+NYSouth Svc Rd+10003|NYSouth Svc Rd10006'
-73.8069,40.7136,4,3,'NY84th Rd10003+NYParsons Blvd+10003'
-73.8069,40.9042,0,12,'NYCliff Ave10003+NYIrving Pl+10003|NYIrving Pl10003'
-73.8069,40.8182,0,2,'NYThroggs Neck Blvd10002'
-73.8069,40.7269,0,7,'NY162nd St10003+NY75th Ave+10003'
-73.8069,40.7170,0,4,'NY159th St10003|NY159th St10003+NY82nd Dr+10003'
-73.8069,40.7947,0,1,'NY154th St10003|NY154th St10003+NYPowells Cove Blvd+10003|NYPowells Cove Blvd10003'
-73.8069,40.8126,0,2,'NYHolly Pl10003|NYHolly Pl10003+NYAcorn Pl+10003'
-73.8069,40.9073,0,3,'NYSecond St E10003|NYSecond St E10003+NYE 2nd St+10003|NYE 2nd St10003|NYE 2nd St10003+NYE 2nd St+10003'
-73.8068,40.7157,2,3,'NY159th St10003'
-73.8068,40.7018,0,2,'NY148th St10003|NY148th St10003+NYJamaica Ave+10003'
-73.8068,40.7008,0,3,'NY147th Pl10003|NY147th Pl10003+NYArcher Ave+10003'
-73.8068,40.7188,0,2,'NY160th St10003|NY160th St10003+NYGoethals Ave+10003'
-73.8067,40.8972,0,1,'NYManor Ln10003'
-73.8067,40.7131,1,0,'NY84th Dr10003|NY84th Dr10003+NYParsons Blvd+10003'
-73.8067,40.8175,0,1,'NYThroggs Neck Expy10003|NYThroggs Neck Expy10003+NYThroggs Neck Blvd+10003|NYThroggs Neck Expy10003+NYThroggs Neck Expy+10003|NYThroggs Neck Expy10003+NYE 177th St+10003|NYThroggs Neck Blvd10003+NYThroggs Neck Expy+10003'
-73.8067,40.7894,0,4,'NY155th St10003|NY155th St10003+NY14th Ave+10003'
-73.8067,40.6670,3,2,'NYSouthern Parkway Entrance Wb10003|NYSouthern Parkway Entrance Wb10003+NYState Hwy 27+10003|NYSouthern Parkway Entrance Wb10003+NYN Conduit Ave+10003'
-73.8067,40.7129,1,4,'NY84th Dr10003|NY84th Dr10003+NYParsons Blvd+10003'
-73.8066,40.7868,0,2,'NYFrancis Lewis Blvd10003|NYFrancis Lewis Blvd10003+NYCross Island Pkwy+10003|NYFrancis Lewis Blvd10003+NYCross Island Pkwy Srv+10003'
-73.8066,40.6955,0,2,'NY101st Ave10003+NYLiverpool St+10003|NYLiverpool St10003'
-73.8066,40.6858,24,14,'NYVan Wyck Expy E10003+NYLakewood Ave+10003|NYVan Wyck Expy10003+NYLakewood Ave+10003|NYLakewood Ave10003'
-73.8066,40.7160,1,1,'NYGrand Central Pkwy10003+NY159th St+10003|NY159th St10003'
-73.8066,40.6654,0,46,'NY150th Ave10003|NY150th Ave10003+NY149th Ave+10003'
-73.8066,40.7382,0,11,'NY162nd St10003'
-73.8066,40.7620,0,10,'NY159th St10003|NY159th St10003+NYStation Rd+10003'
-73.8066,40.8970,0,2,'NYMonterey Ave10003|NYMonterey Ave10003+NYPelhamdale Ave+10003'
-73.8066,40.7066,1,11,'NYHillside Ave10002+NY150th St+10002|NY150th St10003+NYState Hwy 25+10003'
-73.8066,40.6969,0,5,'NY97th Ave10003+NYWaltham St+10003'
-73.8066,40.7388,0,9,'NY162nd St10003'
-73.8066,40.6754,0,2,'NY132nd St10003|NY132nd St10003+NY117th Rd+10003|NY117th Rd10003'
-73.8066,40.9383,0,1,'NYHutchinson River Pkwy10002'
-73.8065,40.8988,0,2,'NYRandall Pl10003|NYRandall Pl10003+NYHighbrook Ave+10003'
-73.8065,40.7623,0,3,'NYDepot Rd10003+NY159th St+10003|NY159th St10003'
-73.8065,40.9393,0,3,'NYRittenhouse Rd10003|NYRittenhouse Rd10003+NYCalifornia Rd+10003'
-73.8065,40.5863,0,10,'NYBeach 81st St10003|NYBeach 81st St10003+NYShore Front Pkwy+10003'
-73.8065,40.8212,0,1,'NYPennyfield Camp10003'
-73.8065,40.7821,0,1,'NYPrivate Dr10003'
-73.8065,40.7696,0,3,'NY32nd Ave10003+NY158th St+10003|NY158th St10003'
-73.8065,40.7122,0,4,'NY85th Ave10003|NY85th Ave10003+NYParsons Blvd+10003'
-73.8065,40.7843,0,2,'NY16th Dr10003|NY16th Dr10003+NY156th St+10003|NY156th St10003'
-73.8065,40.6984,0,7,'NY95th Ave10003+NYSutphin Blvd+10003'
-73.8065,40.8903,0,1,'NYClay Ave10003+NYOak Ln+10003|NYOak Ln10003'
-73.8065,40.7121,1,8,'NY85th Ave10003|NY85th Ave10003+NYParsons Blvd+10003'
-73.8065,40.6661,2,298,'NYState Rte 2710002+NYSouthern Parkway Exit Eb+10002|NYSouthern Parkway Exit Eb10003|NYSouthern Parkway Exit Eb10003+NYS Conduit Ave+10003'
-73.8064,40.8129,0,6,'NYGiegerich Pl10003|NYGiegerich Pl10003+NYAcorn Pl+10003|NYGiegerich Pl10003+NYPennyfield Ave+10003|NYAcorn Pl10003|NYAcorn Pl10003+NYPennyfield Ave+10003'
-73.8064,40.7632,1,5,'NYState Hwy 25 Alt10002+NY159th St+10002|NYNorthern Blvd10002+NY159th St+10002'
-73.8064,40.6909,0,2,'NYPinegrove St10003+NYSouth Rd+10003'
-73.8064,40.9536,0,1,'NYBruce Ln10003|NYBruce Ln10003+NYLongview Dr+10003'
-73.8064,40.7947,0,4,'NY154th Pl10003|NY154th Pl10003+NYPowells Cove Blvd+10003'
-73.8064,40.8868,0,1,'NYEdgemere St10003|NYEdgemere St10003+NYEdgemere St+10003'
-73.8064,40.9579,1,2,'NYManchester Rd10003+NYWilton Rd+10003'
-73.8064,40.6922,0,2,'NY106th Ave10003+NYInwood St+10003'
-73.8064,40.6722,0,10,'NY132nd St10003+NYSutter Ave+10003'
-73.8064,40.7208,2,5,'NY161st St10003|NY161st St10003+NYUnion Tpke+10003'
-73.8064,40.7145,0,5,'NY159th St10003+NY84th Ave+10003|NY84th Ave10003'
-73.8064,40.6899,0,1,'NYRemington St10003+NY107th Ave+10003|NY107th Ave10003'
-73.8064,40.7421,0,1,'NYBooth Memorial Ave10003+NY162nd St+10003|NY162nd St10003'
-73.8063,40.7864,0,1,'NYFrancis Lewis Blvd10003+NYCross Island Pkwy+10003'
-73.8063,40.5881,0,2,'NYRockaway Beach Blvd10003+NYBeach 80th St+10003|NYBeach 80th St10003'
-73.8063,40.6768,0,3,'NY133rd St10003+NYFoch Blvd+10003'
-73.8063,40.7018,0,1,'NYJamaica Ave10003+NY148th St+10003|NY148th St10003'
-73.8063,40.7500,0,3,'NY161st St10003'
-73.8063,40.7098,0,11,'NY152nd St10003|NY152nd St10003+NY85th Dr+10003'
-73.8063,40.6788,1,2,'NY134th St10003+NY116th Ave+10003'
-73.8063,40.9098,0,3,'NYPelhamwood Ave10003'
-73.8063,40.6808,2,9,'NY115th Ave10003+NY135th St+10003'
-73.8063,40.6935,0,2,'NY105th Ave10003+NYPrinceton St+10003'
-73.8063,40.7712,0,2,'NY29th Ave10003+NY158th St+10003|NY158th St10003'
-73.8063,40.7035,0,19,'NY90th Ave10003+NY149th St+10003|NY149th St10003'
-73.8063,40.6530,382,91,'NYNorth Svc Rd10003|NYNorth Svc Rd10003+NYNorth Svc Rd+10003|NYNorth Svc Rd10006'
-73.8063,40.7235,0,3,'NY162nd St10003+NY77th Rd+10003'
-73.8062,40.7284,1,29,'NY163rd St10003|NY163rd St10003+NY72nd Ave+10003'
-73.8062,40.6947,0,2,'NYLiverpool St10003|NYLiverpool St10003+NYLiberty Ave+10003'
-73.8062,40.6676,0,2,'NY133rd St10003|NY133rd St10003+NY135th Ave+10003'
-73.8062,40.8110,0,1,'NYElm Pl10003+NYPoplar Ave+10003'
-73.8062,40.6748,0,2,'NYRockaway Blvd10003+NY132nd St+10003|NYRockaway Blvd10003+NY120th Ave+10003|NY132nd St10003|NY132nd St10003+NY120th Ave+10003|NY120th Ave10003'
-73.8062,40.7787,0,7,'NY157th St10003+NYWillets Point Blvd+10003'
-73.8062,40.9000,0,1,'NYWitherbee Ave10003+NYCliff Pl+10003|NYCliff Pl10003'
-73.8062,40.7304,3,33,'NY71st Ave10003+NY163rd St+10003|NY163rd St10003'
-73.8062,40.7722,0,5,'NY28th Ave10003+NY158th St+10003|NY158th St10003'
-73.8061,40.6649,0,11,'NYI 87810001+NY134th St+10001|NY134th St10003+NYNassau Expy+10003'
-73.8061,40.7057,3,24,'NY150th St10003+NY88th Ave+10003'
-73.8061,40.7792,0,3,'NY21st Ave10003|NY21st Ave10003+NY157th St+10003'
-73.8061,40.7228,0,2,'NY78th Ave10003+NY162nd St+10003'
-73.8061,40.7517,0,16,'NYLaburnum Ave10003+NY161st St+10003'
-73.8061,40.7138,2,5,'NY84th Rd10003+NY159th St+10003|NY159th St10003'
-73.8061,40.8125,0,1,'NYBeech Pl10003|NYBeech Pl10003+NYPennyfield Ave+10003'
-73.8061,40.8173,0,2,'NYHarding Ave10003|NYHarding Ave10003+NYThrogs Neck Expy+10003|NYHarding Ave10003+NYE 177th St+10003|NYThrogs Neck Expy10003|NYThrogs Neck Expy10003+NYE 177th St+10003|NYE 177th St10003|NYE 177th St10003+NYE 177th St+10003'
-73.8061,40.8981,0,6,'NYMitchell Pl10003|NYMitchell Pl10003+NYHighbrook Ave+10003'
-73.8061,40.7867,0,3,'NY156th St10003|NY156th St10003+NYCross Island Pkwy+10003|NY156th St10003+NYCross Island Pkwy Srv+10003'
-73.8061,40.6848,67,16,'NYVan Wyck Expy E10003+NY111th Ave+10003|NYVan Wyck Expy10003+NY111th Ave+10003|NY111th Ave10003'
-73.8060,40.7009,1,1,'NYArcher Ave10003+NY148th St+10003|NY148th St10003'
-73.8060,40.6653,6,163,'NY149th Ave10003|NY149th Ave10003+NY134th St+10003'
-73.8060,40.7954,0,7,'NYRiverside Dr10003|NYRiverside Dr10003+NY154th Pl+10003|NY154th Pl10003'
-73.8060,40.6864,0,1,'NY139th St10003+NY109th Rd+10003|NY109th Rd10003'
-73.8060,40.9148,0,1,'NYLincoln Ave10003+NY7th Ave+10003'
-73.8060,40.8186,0,4,'NYI 29510001+NYLongstreet Ave+10001|NYLongstreet Ave10003|NYLongstreet Ave10003+NYThroggs Neck Expy+10003'
-73.8060,40.7799,0,4,'NYClintonville St10003+NY157th St+10003'
-73.8060,40.7171,0,1,'NY82nd Dr10003+NY160th St+10003|NY160th St10003'
-73.8060,40.7220,0,7,'NY162nd St10003+NY78th Rd+10003'
-73.8060,40.7806,0,5,'NY20th Ave10003+NY157th St+10003'
-73.8060,40.9066,0,5,'NYSecond St E10003+NYCliff Ave+10003|NYCliff Ave10003+NYE 2nd St+10003'
-73.8059,40.8123,0,1,'NYTierney Pl10003|NYTierney Pl10003+NYPennyfield Ave+10003'
-73.8059,40.7027,0,9,'NYLowe Ct10003|NYLowe Ct10003+NY149th St+10003'
-73.8059,40.6580,133,48,'NYCargo Rd10003'
-73.8059,40.5887,0,2,'NYDashby Ct10003'
-73.8059,40.7158,0,15,'NY160th St10003'
-73.8059,40.7189,0,4,'NY161st St10003|NY161st St10003+NYGoethals Ave+10003'
-73.8059,40.6886,0,2,'NY107th Rd10003|NY107th Rd10003+NY142nd St+10003'
-73.8058,40.6661,1,95,'NYState Rte 2710002+NY134th St+10002|NYS Conduit Ave10002+NY134th St+10002|NY134th St10003'
-73.8058,40.7813,0,2,'NY157th St10003|NY157th St10003+NY19th Ave+10003|NY19th Ave10003'
-73.8058,40.7210,0,2,'NY162nd St10003|NY162nd St10003+NYUnion Tpke+10003'
-73.8058,40.6592,93,26,'NYVan Wyck Expressway Entrance Naval Base10003|NYVan Wyck Expressway Entrance Naval Base10003+NYNorth Svc Rd+10003|NYNorth Svc Rd10003'
-73.8058,40.7365,1,67,'NY163rd St10003'
-73.8058,40.7132,0,3,'NY84th Dr10003+NY159th St+10003|NY159th St10003'
-73.8058,40.7893,0,10,'NY156th St10003|NY156th St10003+NY14th Ave+10003'
-73.8058,40.8961,0,3,'NYBoston Post Rd10002+NYPelhamdale Ave+10002'
-73.8058,40.7821,0,2,'NY157th St10003|NY157th St10003+NY18th Ave+10003|NY18th Ave10003'
-73.8057,40.6973,1,5,'NYSutphin Blvd10003+NY97th Ave+10003'
-73.8057,40.8882,0,2,'NYHunter Ave10003+NYEdgemere St+10003|NYEdgemere St10003'
-73.8057,40.9186,0,1,'NY5th Ave10003+NY6th St+10003|NY6th St10003'
-73.8057,40.6878,0,1,'NY141st St10003|NY141st St10003+NY109th Ave+10003'
-73.8057,40.7616,0,14,'NY160th St10003+NYStation Rd+10003|NYStation Rd10003'
-73.8057,40.6987,0,1,'NY95th Ave10003+NY147th Pl+10003|NY147th Pl10003'
-73.8057,40.6894,0,1,'NYShore Ave10003|NYShore Ave10003+NYRemington St+10003'
-73.8057,40.7619,0,1,'NY160th St10003|NY160th St10003+NYStation Rd+10003|NYStation Rd10003'
-73.8057,40.7161,1,4,'NYGrand Central Pkwy10003+NY160th St+10003|NY160th St10003'
-73.8057,40.7381,0,10,'NY163rd St10003'
-73.8057,40.7853,0,2,'NYFrancis Lewis Blvd10003+NYLocke Ave+10003|NYFrancis Lewis Blvd10003+NYCross Island Pkwy+10003|NYLocke Ave10003+NYCross Island Pkwy+10003|NYCross Island Pkwy10003'
-73.8057,40.6857,0,3,'NY139th St10003+NYGlassboro Ave+10003|NYGlassboro Ave10003'
-73.8057,40.7828,0,1,'NY17th Rd10003+NY157th St+10003|NY157th St10003'
-73.8056,40.7388,0,4,'NY163rd St10003'
-73.8056,40.8975,0,3,'NYMonterey Ave10003+NYHighbrook Ave+10003|NYHighbrook Ave10003'
-73.8056,40.7102,0,14,'NY159th St10003|NY159th St10003+NYParsons Blvd+10003'
-73.8056,40.7849,0,2,'NYFrancis Lewis Blvd10003|NYFrancis Lewis Blvd10003+NY16th Ave+10003|NYFrancis Lewis Blvd10003+NYFrancis Lewis Blvd+10003|NY16th Ave10003|NY16th Ave10003+NYFrancis Lewis Blvd+10003'
-73.8056,40.6706,0,14,'NY131st Ave10003+NY133rd St+10003'
-73.8056,40.7696,0,12,'NY32nd Ave10003+NY159th St+10003'
-73.8056,40.7835,0,3,'NY157th St10003+NY17th Ave+10003'
-73.8056,40.6916,0,2,'NYSouth Rd10003+NYInwood St+10003'
-73.8055,40.7629,0,9,'NYState Hwy 25 Alt10002+NY160th St+10002|NYNorthern Blvd10002+NY160th St+10002|NY160th St10003'
-73.8055,40.7019,0,3,'NYJamaica Ave10003+NY149th St+10003'
-73.8055,40.6929,0,2,'NY106th Ave10003+NYPrinceton St+10003'
-73.8055,40.7211,0,8,'NY162nd St10003|NY162nd St10003+NYUnion Tpke+10003'
-73.8055,40.7101,0,7,'NY85th Dr10003|NY85th Dr10003+NYParsons Blvd+10003'
-73.8055,40.6770,0,2,'NY134th St10003+NYFoch Blvd+10003'
-73.8055,40.6669,0,2,'NYState Hwy 2710002+NY134th St+10002|NYN Conduit Ave10002+NY134th St+10002|NY134th St10003'
-73.8054,40.6942,1,1,'NYLiverpool St10003+NY105th Ave+10003'
-73.8054,40.6790,1,4,'NY135th St10003+NY116th Ave+10003'
-73.8054,40.6968,0,1,'NYSutphin Blvd10003+NY146th St+10003|NY146th St10003'
-73.8054,40.9140,0,2,'NYPell Pl10003'
-73.8054,40.7421,0,1,'NY163rd St10003|NY163rd St10003+NYBooth Memorial Ave+10003'
-73.8054,40.6747,0,4,'NYRockaway Blvd10003+NY133rd St+10003'
-73.8054,40.9268,0,1,'NYNew Rochelle Rd10003+NYHutchinson River Pkwy+10003'
-73.8054,40.7846,0,2,'NYFrancis Lewis Blvd10003+NY157th St+10003|NY157th St10003'
-73.8054,40.6810,54,25,'NY115th Ave10003|NY115th Ave10003+NYVan Wyck Expy W+10003|NY115th Ave10003+NYVan Wyck Expy+10003'
-73.8054,40.7711,0,9,'NY29th Ave10003+NY159th St+10003'
-73.8053,40.5892,0,2,'NYBeach 79th St10003+NYAquatic Dr+10003|NYAquatic Dr10003'
-73.8053,40.6874,0,2,'NY141st St10003+NYLakewood Ave+10003'
-73.8053,40.6880,0,1,'NY109th Ave10003+NY142nd St+10003'
-73.8053,40.7012,0,1,'NYArcher Ave10003+NY149th St+10003|NY149th St10003'
-73.8053,40.7140,0,10,'NY84th Rd10003+NY160th St+10003'
-73.8052,40.6582,4,56,'NYCargo Rd10003+NYNorth Svc Rd+10003'
-73.8052,40.6851,1,4,'NY139th St10003+NY111th Ave+10003'
-73.8052,40.8914,0,1,'NYEdgewood Ave10003|NYEdgewood Ave10003+NYProspect Ave+10003'
-73.8052,40.7721,0,11,'NY28th Ave10003+NY159th St+10003|NY159th St10003'
-73.8052,40.7038,0,8,'NY150th St10003+NY90th Ave+10003|NY90th Ave10003'
-73.8052,40.9099,0,3,'NYYoung Ave10003'
-73.8052,40.9467,0,2,'NYHighland Ave10003'
-73.8052,40.8106,0,1,'NYGeranium Pl10003+NYSoundview Ter+10003|NYSoundview Ter10003'
-73.8052,40.7516,0,5,'NYLaburnum Ave10003+NY162nd St+10003'
-73.8052,40.9146,0,1,'NYLincoln Ave10003+NY8th Ave+10003|NYPell Pl10003|NYPell Pl10003+NY8th Ave+10003|NY8th Ave10003'
-73.8052,40.7866,1,3,'NY157th St10003'
-73.8051,40.8171,0,1,'NYThrogs Neck Expy10003|NYThrogs Neck Expy10003+NYLongstreet Ave+10003|NYThrogs Neck Expy10003+NYE 177th St+10003|NYLongstreet Ave10003|NYLongstreet Ave10003+NYE 177th St+10003|NYE 177th St10003'
-73.8051,40.5882,0,6,'NYBeach 79th St10003|NYBeach 79th St10003+NYRockaway Beach Blvd+10003'
-73.8051,40.9016,0,1,'NYHeywood Rd10003|NYHeywood Rd10003+NYMonterey Ave+10003'
-73.8051,40.7137,0,1,'NY160th St10003'
-73.8051,40.8871,0,1,'NYMonroe St10003+NYGrant Ave+10003'
-73.8051,40.7172,0,11,'NY82nd Dr10003|NY82nd Dr10003+NY161st St+10003|NY161st St10003'
-73.8051,40.7841,0,1,'NYFrancis Lewis Blvd10003+NY16th Rd+10003|NY16th Rd10003'
-73.8051,40.9089,0,2,'NYCliff Ave10003|NYCliff Ave10003+NY1st St+10003'
-73.8050,40.6890,0,1,'NYRemington St10003+NYLux Rd+10003|NYLux Rd10003'
-73.8050,40.6866,0,2,'NY109th Rd10003'
-73.8050,40.9182,0,1,'NY6th Ave10003+NY6th St+10003'
-73.8050,40.7264,0,16,'NY164th St10003+NY75th Rd+10003'
-73.8050,40.7095,0,8,'NY86th Ave10003|NY86th Ave10003+NYParsons Blvd+10003'
-73.8050,40.6878,0,1,'NYLakewood Ave10003+NY142nd St+10003|NY142nd St10003'
-73.8050,40.7331,0,48,'NY69th Ave10003'
-73.8050,40.7191,0,3,'NY162nd St10003|NY162nd St10003+NYGoethals Ave+10003'
-73.8050,40.6976,0,1,'NY147th Pl10003+NY97th Ave+10003'
-73.8050,40.8112,0,1,'NYFern Pl10003|NYFern Pl10003+NYPennyfield Ave+10003'
-73.8050,40.6683,0,3,'NY134th Ave10003|NY134th Ave10003+NY134th St+10003'
-73.8049,40.7159,1,4,'NY161st St10003'
-73.8049,40.7133,0,3,'NY160th St10003|NY160th St10003+NY84th Dr+10003'
-73.8049,40.7251,1,8,'NY164th St10003+NY76th Rd+10003'
-73.8049,40.6911,0,2,'NYInwood St10003+NY107th Ave+10003'
-73.8049,40.7349,0,38,'NY67th Ave10003'
-73.8048,40.7093,0,11,'NYNormal Rd10003|NYNormal Rd10003+NYParsons Blvd+10003'
-73.8048,40.6882,0,3,'NY142nd St10003|NY142nd St10003+NYLakewood Ave+10003|NY142nd St10003+NY109th Ave+10003'
-73.8048,40.7244,0,2,'NY77th Ave10003+NY164th St+10003'
-73.8048,40.8110,0,1,'NYEger Pl10003|NYEger Pl10003+NYPennyfield Ave+10003'
-73.8048,40.7791,0,2,'NYWillets Point Blvd10003+NY21st Ave+10003|NY21st Ave10003'
-73.8048,40.8951,0,2,'NYPelhamdale Ave10003+NYCountry Club Dr+10003|NYCountry Club Dr10003'
-73.8048,40.7615,0,11,'NYStation Rd10003+NY161st St+10003|NY161st St10003'
-73.8047,40.8993,0,2,'NYRandall Pl10003|NYRandall Pl10003+NYMonterey Ave+10003'
-73.8047,40.7162,1,3,'NYGrand Central Pkwy10003+NY161st St+10003|NY161st St10003'
-73.8047,40.9253,1,0,'NYPelhamdale Ave10003|NYPelhamdale Ave10003+NYPelhamdale Ave+10003'
-73.8047,40.7236,0,6,'NY77th Rd10003+NY164th St+10003'
-73.8047,40.7385,6,29,'NYI 49510001+NY164th St+10001|NY164th St10003+NYLong Island Expy+10003'
-73.8047,40.6923,0,1,'NYSouth Rd10003+NYPrinceton St+10003'
-73.8047,40.7229,0,3,'NY78th Ave10003+NY164th St+10003'
-73.8047,40.7387,1,5,'NYHorace Harding Blvd10003+NY164th St+10003'
-73.8046,40.8986,0,2,'NYMitchell Pl10003|NYMitchell Pl10003+NYMonterey Ave+10003'
-73.8046,40.6936,0,2,'NYLiverpool St10003|NYLiverpool St10003+NY106th Ave+10003|NYLiverpool St10003+NYLiverpool St+10003|NYLiverpool St10003+NY147th St+10003|NY106th Ave10003+NYLiverpool St+10003|NY106th Ave10003+NY147th St+10003|NY147th St10003'
-73.8046,40.7626,3,13,'NYState Hwy 25 Alt10002+NY161st St+10002|NYState Hwy 25 Alt10002+NYCrocheron Ave+10002|NY161st St10003|NY161st St10003+NYNorthern Blvd+10003|NY161st St10003+NYCrocheron Ave+10003|NYNorthern Blvd10002+NYCrocheron Ave+10002|NYCrocheron Ave10003'
-73.8046,40.6753,0,1,'NY120th Ave10003+NY134th St+10003'
-73.8046,40.6614,100,69,'NYVan Wyck Expressway Entrance Naval Base10003'
-73.8046,40.7222,1,7,'NY78th Rd10003'
-73.8046,40.9173,0,1,'NY7th Ave10003'
-73.8046,40.9588,0,1,'NYChanning Pl10003'
-73.8046,40.6949,0,6,'NY105th Ave10003+NYWaltham St+10003'
-73.8046,40.6773,0,2,'NY135th St10003+NYFoch Blvd+10003'
-73.8046,40.7404,0,10,'NY59th Ave10003'
-73.8045,40.7215,1,20,'NY164th St10003+NYUnion Tpke+10003|NY79th Ave10003|NY79th Ave10003+NYUnion Tpke+10003'
-73.8045,40.8107,0,1,'NYDare Pl10003|NYDare Pl10003+NYPennyfield Ave+10003'
-73.8045,40.6793,45,9,'NYVan Wyck Expy W10003+NY116th Ave+10003|NYVan Wyck Expy10003+NY116th Ave+10003|NY116th Ave10003'
-73.8045,40.7072,0,15,'NYHillside Ave10002+NY153rd St+10002|NYState Hwy 2510002+NY153rd St+10002|NY153rd St10003'
-73.8045,40.6723,0,7,'NYSutter Ave10003+NY134th St+10003'
-73.8045,40.6669,1,3,'NY134th Pl10003|NY134th Pl10003+NYN Conduit Ave+10003'
-73.8045,40.6962,2,0,'NYSutphin Blvd10003+NYLiberty Ave+10003'
-73.8045,40.8162,0,1,'NYLongstreet Ave10003|NYLongstreet Ave10003+NYChaffee Ave+10003|NYChaffee Ave10003'
-73.8045,40.6886,0,7,'NYLakewood Ave10003+NYRemington St+10003|NY109th Ave10003|NY109th Ave10003+NYRemington St+10003|NYRemington St10003'
-73.8045,40.7499,0,2,'NY163rd St10003'
-73.8044,40.7537,0,43,'NYPidgeon Meadow Rd10003|NYPidgeon Meadow Rd10003+NY46th Ave+10003'
-73.8044,40.7021,3,8,'NY150th St10003+NYJamaica Ave+10003'
-73.8044,40.6746,0,2,'NYRockaway Blvd10003+NY134th St+10003|NY134th St10003'
-73.8044,40.6895,0,2,'NYPinegrove St10003+NYLux Rd+10003'
-73.8043,40.6813,57,11,'NYVan Wyck Expy E10003+NY115th Ave+10003|NY115th Ave10003|NY115th Ave10003+NYVan Wyck Expy+10003'
-73.8043,40.7142,1,8,'NY84th Rd10003+NY161st St+10003'
-73.8043,40.6746,1,0,'NYRockaway Blvd10003+NY134th St+10003|NY134th St10003'
-73.8043,40.6629,6,46,'NY150th Ave10003'
-73.8043,40.6833,49,24,'NYLinden Blvd10003+NY139th St+10003'
-73.8043,40.9554,1,0,'NYInterlaken Dr10003'
-73.8043,40.5883,0,1,'NYRockaway Beach Blvd10003+NYBeach 77th St+10003'
-73.8043,40.6853,0,2,'NY140th St10003|NY140th St10003+NY111th Ave+10003'
-73.8043,40.7721,0,13,'NY28th Ave10003+NY160th St+10003'
-73.8043,40.9096,0,1,'NYClifford Ave10003'
-73.8043,40.6676,0,2,'NY134th Pl10003'
-73.8043,40.7204,0,6,'NY81st Ave10003'
-73.8043,40.7104,1,11,'NY160th St10003|NY160th St10003+NYNormal Rd+10003'
-73.8042,40.7516,0,3,'NYLaburnum Ave10003+NY163rd St+10003|NY163rd St10003'
-73.8042,40.6907,0,2,'NYShore Ave10003+NYInwood St+10003'
-73.8042,40.8900,0,1,'NYMonroe St10003|NYMonroe St10003+NYPenfield Pl+10003|NYMonroe St10003+NYClay Ave+10003|NYPenfield Pl10003|NYPenfield Pl10003+NYClay Ave+10003'
-73.8042,40.7874,6,10,'NY158th St10003|NY158th St10003+NYCryders Ln+10003'
-73.8042,40.7090,0,2,'NY87th Ave10003|NY87th Ave10003+NYParsons Blvd+10003'
-73.8042,40.6979,0,1,'NY148th St10003+NY97th Ave+10003'
-73.8041,40.7286,0,19,'NY165th St10003|NY165th St10003+NY72nd Ave+10003'
-73.8041,40.7826,2,3,'NYFrancis Lewis Blvd10003+NY17th Rd+10003'
-73.8041,40.7945,0,9,'NY157th St10003|NY157th St10003+NYPowells Cove Blvd+10003'
-73.8041,40.9210,0,1,'NY7th Ave10003|NY7th Ave10003+NY5th Ave+10003'
-73.8041,40.7316,2,47,'NYJewel Ave10003+NY165th St+10003'
-73.8040,40.7135,0,11,'NY161st St10003|NY161st St10003+NY84th Dr+10003'
-73.8040,40.5865,0,8,'NYBeach 77th St10003|NYBeach 77th St10003+NYShore Front Pkwy+10003'
-73.8040,40.6919,0,1,'NYPrinceton St10003+NY107th Ave+10003'
-73.8039,40.7537,1,33,'NY46th Ave10003+NY163rd St+10003|NY163rd St10003'
-73.8039,40.7892,0,9,'NY158th St10003|NY158th St10003+NY14th Ave+10003'
-73.8039,40.6885,0,2,'NY143rd St10003|NY143rd St10003+NY109th Ave+10003|NY109th Ave10003'
-73.8038,40.7614,2,16,'NY162nd St10003+NYStation Rd+10003|NYStation Rd10003'
-73.8038,40.8614,1,0,'NYCity Island Rd10003|NYCity Island Rd10003+NYCity Island Rd+10003'
-73.8038,40.6931,0,1,'NYLiverpool St10003+NYSouth Rd+10003|NYSouth Rd10003+NY147th St+10003'
-73.8038,40.9033,0,8,'NYCorona Ave10003+NYBoulevard+10003'
-73.8038,40.6944,0,2,'NY106th Ave10003+NYWaltham St+10003'
-73.8037,40.7621,1,8,'NY162nd St10003+NYState Hwy 25 Alt+10003|NY162nd St10003+NYNorthern Blvd+10003'
-73.8037,40.6894,0,1,'NYPinegrove St10003|NYPinegrove St10003+NYLakewood Ave+10003'
-73.8037,40.6956,0,1,'NYSutphin Blvd10003+NY105th Ave+10003'
-73.8037,40.6756,0,5,'NY135th St10003+NY120th Ave+10003'
-73.8037,40.7694,0,11,'NY32nd Ave10003+NY161st St+10003'
-73.8037,40.7625,0,8,'NY162nd St10003+NYCrocheron Ave+10003'
-73.8037,40.7083,1,1,'NY155th St10003|NY155th St10003+NY87th Rd+10003'
-73.8037,40.7819,0,4,'NYFrancis Lewis Blvd10003+NY18th Ave+10003'
-73.8036,40.6776,0,3,'NYVan Wyck Expy W10003+NYFoch Blvd+10003|NYVan Wyck Expy10003+NYFoch Blvd+10003'
-73.8036,40.7087,0,1,'NY155th St10003|NY155th St10003+NYParsons Blvd+10003'
-73.8036,40.7381,1,18,'NY165th St10003'
-73.8036,40.6746,1,5,'NYRockaway Blvd10003+NY135th St+10003|NY135th St10003'
-73.8036,40.6723,0,4,'NY135th St10003+NYSutter Ave+10003'
-73.8036,40.7178,2,16,'NY82nd Rd10003'
-73.8036,40.7052,0,7,'NY89th Ave10003+NY153rd St+10003'
-73.8036,40.6902,0,1,'NYInwood St10003+NYLux Rd+10003|NYLux Rd10003'
-73.8036,40.6683,0,4,'NY134th Ave10003|NY134th Ave10003+NY135th St+10003'
-73.8035,40.6676,0,1,'NY135th St10003'
-73.8035,40.7003,0,1,'NY150th St10003+NY94th Ave+10003'
-73.8035,40.8986,0,1,'NYPelham Manor Rd10003'
-73.8035,40.7797,0,1,'NY20th Rd10003+NYWillets Point Blvd+10003'
-73.8035,40.5885,0,5,'NYBeach Breeze Ln10003|NYBeach Breeze Ln10003+NYRockaway Beach Blvd+10003|NYRockaway Beach Blvd10003+NYBeach 76th St+10003|NYBeach 76th St10003'
-73.8035,40.7111,0,21,'NYGlenn Ave10003|NYGlenn Ave10003+NY161st St+10003|NYGlenn Ave10003+NYNormal Rd+10003|NY162nd St10003|NY162nd St10003+NY161st St+10003|NY162nd St10003+NYNormal Rd+10003|NY161st St10003|NY161st St10003+NYNormal Rd+10003'
-73.8035,40.7848,0,5,'NY16th Ave10003+NY159th St+10003|NY159th St10003'
-73.8035,40.6796,42,1,'NYVan Wyck Expy E10003+NY116th Ave+10003|NY116th Ave10003|NY116th Ave10003+NYVan Wyck Expy+10003'
-73.8035,40.7218,0,5,'NY165th St10003|NY165th St10003+NY164th Pl+10003|NY165th St10003+NYUnion Tpke+10003|NY164th Pl10003|NY164th Pl10003+NYUnion Tpke+10003'
-73.8035,40.7231,2,13,'NY78th Ave10003+NY165th St+10003|NY165th St10003'
-73.8035,40.6816,0,5,'NY115th Ave10003+NY139th St+10003|NY139th St10003'
-73.8035,40.7780,0,6,'NY22nd Ave10003+NY160th St+10003'
-73.8035,40.8886,0,1,'NYWashington Ave10003+NYGarden Rd+10003|NYGarden Rd10003'
-73.8035,40.7712,0,3,'NY29th Ave10003+NY161st St+10003'
-73.8034,40.6671,5,3,'NY135th St10003'
-73.8034,40.6836,0,1,'NYLinden Blvd10003+NY140th St+10003'
-73.8034,40.7783,0,1,'NY21st Rd10003|NY21st Rd10003+NYClintonville St+10003|NY21st Rd10003+NY160th St+10003|NYClintonville St10003+NY160th St+10003'
-73.8034,40.7865,0,4,'NY159th St10003|NY159th St10003+NYCross Island Pkwy+10003|NY159th St10003+NYCross Island Pkwy Srv+10003'
-73.8034,40.7859,0,3,'NY159th St10003|NY159th St10003+NYCross Island Pkwy+10003|NYCross Island Pkwy10003'
-73.8034,40.7464,0,5,'NYUnderhill Ave10003'
-73.8033,40.7720,0,10,'NY28th Ave10003+NY161st St+10003|NY161st St10003'
-73.8033,40.6914,0,1,'NYShore Ave10003+NYPrinceton St+10003'
-73.8033,40.6856,0,1,'NY141st St10003+NY111th Ave+10003'
-73.8033,40.8117,0,1,'NYEger Pl10003'
-73.8033,40.7084,0,2,'NY87th Rd10003|NY87th Rd10003+NYParsons Blvd+10003'
-73.8033,40.7875,0,2,'NY159th St10003+NYCryders Ln+10003'
-73.8032,40.7944,0,3,'NY158th St10003|NY158th St10003+NYPowells Cove Blvd+10003'
-73.8032,40.6900,0,3,'NYLakewood Ave10003+NYInwood St+10003'
-73.8032,40.6777,84,39,'NYI 67810001+NYFoch Blvd+10001|NYFoch Blvd10003+NYVan Wyck Expy+10003'
-73.8032,40.7287,0,9,'NY72nd Ave10003'
-73.8032,40.6745,0,2,'NYRockaway Blvd10003+NY135th St+10003|NY135th St10003'
-73.8032,40.7812,0,1,'NYFrancis Lewis Blvd10003+NY19th Ave+10003|NY19th Ave10003'
-73.8032,40.7207,0,24,'NY81st Ave10003+NY164th Pl+10003'
-73.8032,40.7952,0,1,'NYRiverside Dr10003|NYRiverside Dr10003+NY158th St+10003'
-73.8031,40.7954,0,22,'NY158th St10003+NYRiverside Dr+10003|NYRiverside Dr10003'
-73.8031,40.7043,0,8,'NY153rd St10003+NY90th Ave+10003|NY90th Ave10003'
-73.8031,40.7137,0,6,'NY162nd St10003|NY162nd St10003+NY84th Dr+10003'
-73.8031,40.7280,0,3,'NY73rd Ave10003+NY166th St+10003'
-73.8030,40.7891,0,7,'NY14th Ave10003+NY159th St+10003|NY159th St10003'
-73.8030,40.7472,0,4,'NYMetcalf Ave10003|NYMetcalf Ave10003+NY164th St+10003'
-73.8030,40.7809,0,1,'NYFrancis Lewis Blvd10003+NY160th St+10003'
-73.8030,40.7081,3,25,'NYHighland Ave10003|NYHighland Ave10003+NYParsons Blvd+10003'
-73.8030,40.7505,0,1,'NY164th St10003|NY164th St10003+NYPidgeon Meadow Rd+10003'
-73.8030,40.7537,0,4,'NY46th Ave10003+NY164th St+10003|NY164th St10003'
-73.8030,40.7962,0,3,'NY158th St10003'
-73.8030,40.6938,0,4,'NYSouth Rd10003+NYWaltham St+10003'
-73.8029,40.7061,0,2,'NYBurdette Pl10003'
-73.8029,40.8860,0,1,'NYElm Tree Ln10003'
-73.8029,40.7818,0,2,'NY18th Ave10003|NY18th Ave10003+NY160th St+10003'
-73.8029,40.9084,0,1,'NYMonterey Ave10003|NYMonterey Ave10003+NY1st St+10003'
-73.8029,40.6951,0,2,'NYSutphin Blvd10003+NY106th Ave+10003'
-73.8029,40.7615,0,3,'NY163rd St10003|NY163rd St10003+NYStation Rd+10003|NYStation Rd10003'
-73.8029,40.8607,0,1,'NYCity Island Rd10003|NYCity Island Rd10003+NYCity Island Rd+10003'
-73.8029,40.6888,0,13,'NY109th Ave10003+NYPinegrove St+10003'
-73.8029,40.7153,1,8,'NY164th St10003+NY84th Ave+10003|NY84th Ave10003'
-73.8028,40.7826,0,4,'NY17th Rd10003|NY17th Rd10003+NY160th St+10003'
-73.8028,40.7267,0,6,'NY75th Rd10003'
-73.8028,40.9254,0,1,'NYEastchester Rd10003+NYAskins Pl+10003'
-73.8028,40.6758,9,7,'NYVan Wyck Expy W10003+NY120th Ave+10003|NY120th Ave10003|NY120th Ave10003+NYVan Wyck Expy+10003'
-73.8028,40.6875,0,2,'NY143rd St10003+NYFerndale Ave+10003|NYFerndale Ave10003'
-73.8028,40.7150,0,1,'NY84th Ave10003|NY84th Ave10003+NY164th St+10003'
-73.8028,40.8878,0,3,'NYHunter Ave10003'
-73.8028,40.7221,0,5,'NY165th St10003|NY165th St10003+NYUnion Tpke+10003'
-73.8028,40.7693,0,14,'NY32nd Ave10003+NY162nd St+10003'
-73.8027,40.5887,0,1,'NYBeach 75th St10003|NYBeach 75th St10003+NYRockaway Beach Blvd+10003|NYRockaway Beach Blvd10003+NYBeach Breeze Pl+10003|NYBeach Breeze Pl10003'
-73.8027,40.8959,0,4,'NYThe Hamlet10003|NYThe Hamlet10003+NYThe Hamlet+10003'
-73.8027,40.7625,0,29,'NY163rd St10003'
-73.8027,40.7381,0,5,'NY166th St10003'
-73.8027,40.7104,0,2,'NY86th Crst10003|NY86th Crst10003+NY86th Ave+10003|NY86th Ave10003'
-73.8027,40.6731,0,4,'NYAlwick Rd10003'
-73.8027,40.6745,1,4,'NYRockaway Blvd10003+NY135th Pl+10003|NY135th Pl10003'
-73.8027,40.6724,0,3,'NYSutter Ave10003+NY135th Pl+10003'
-73.8027,40.9183,0,1,'NYInwood Pl10003'
-73.8027,40.6712,0,1,'NY130th Ave10003|NY130th Ave10003+NY135th Pl+10003'
-73.8027,40.8137,0,4,'NYTierney Pl10003+NYLongstreet Ave+10003'
-73.8027,40.6705,0,2,'NY131st Ave10003|NY131st Ave10003+NY135th Pl+10003'
-73.8027,40.7055,1,58,'NY89th Ave10003+NYBurdette Pl+10003|NYBurdette Pl10003'
-73.8026,40.6798,0,1,'NY116th Ave10003+NY139th St+10003|NY139th St10003'
-73.8026,40.6677,1,7,'NYVan Wyck Expy W10003|NYVan Wyck Expy W10003+NY135th Ave+10003|NYVan Wyck Expy W10003+NY135th Pl+10003|NY135th Ave10003|NY135th Ave10003+NYVan Wyck Expy+10003|NY135th Ave10003+NY135th Pl+10003|NYVan Wyck Expy10003|NYVan Wyck Expy10003+NY135th Pl+10003|NY135th Pl10003'
-73.8026,40.6778,1,0,'NYVan Wyck Expy E10003+NYFoch Blvd+10003|NYVan Wyck Expy10003+NYFoch Blvd+10003'
-73.8026,40.8931,0,1,'NYBon Mar Rd10003|NYBon Mar Rd10003+NYBon Mar Rd+10003'
-73.8026,40.7779,0,4,'NYClintonville St10003+NY22nd Ave+10003|NY22nd Ave10003'
-73.8026,40.7253,0,24,'NY166th St10003+NY76th Rd+10003|NY76th Rd10003'
-73.8026,40.7032,0,2,'NY153rd St10003+NY90th Rd+10003|NY90th Rd10003'
-73.8025,40.7146,2,6,'NY84th Rd10003|NY84th Rd10003+NY164th St+10003'
-73.8025,40.7802,0,2,'NYFrancis Lewis Blvd10003+NYWillets Point Blvd+10003'
-73.8025,40.6909,0,4,'NYLakewood Ave10003+NYPrinceton St+10003|NYPrinceton St10003'
-73.8025,40.7712,0,1,'NY162nd St10003'
-73.8025,40.7861,0,14,'NYCross Island Pkwy10003+NY160th St+10003|NYCross Island Pkwy10003+NYX Isle Parkway Entrance Naval Base+10003|NY160th St10003+NYX Isle Parkway Entrance Naval Base+10003|NYX Isle Parkway Entrance Naval Base10003'
-73.8025,40.8177,0,1,'NYThrogs Neck Brg10003'
-73.8024,40.7246,0,7,'NY77th Ave10003|NY77th Ave10003+NY166th St+10003'
-73.8024,40.7120,0,16,'NY162nd St10003|NY162nd St10003+NYNormal Rd+10003|NYNormal Rd10003'
-73.8024,40.7018,2,5,'NYArcher Ave10003+NY158th St+10003|NY158th St10003'
-73.8024,40.5946,0,1,'NYThursby Ave10003'
-73.8024,40.6979,1,1,'NY150th St10003+NYLiberty Ave+10003'
-73.8023,40.7944,0,16,'NY159th St10003|NY159th St10003+NYPowells Cove Blvd+10003'
-73.8023,40.7241,0,2,'NY77th Rd10003|NY77th Rd10003+NY166th St+10003'
-73.8023,40.7239,2,8,'NY77th Rd10003|NY77th Rd10003+NY166th St+10003'
-73.8023,40.6779,0,4,'NYFoch Blvd10003+NY139th St+10003'
-73.8023,40.7027,0,5,'NYJamaica Ave10003+NY153rd St+10003'
-73.8023,40.7045,0,15,'NYGrace Ct10003|NYGrace Ct10003+NY90th Ave+10003'
-73.8023,40.6933,0,1,'NYWaltham St10003+NY107th Ave+10003'
-73.8022,40.5908,0,2,'NYBeach 74th St10003|NYBeach 74th St10003+NYBeach Channel Dr+10003'
-73.8022,40.9110,0,1,'NY8th St10003|NY8th St10003+NYStorer Ave+10003'
-73.8022,40.7067,0,28,'NY88th Ave10003+NYParsons Blvd+10003'
-73.8022,40.9603,0,1,'NYLakeshore Dr10003|NYLakeshore Dr10003+NYLakeshore Dr+10003'
-73.8022,40.9645,0,1,'NYCountry Club Rd10003'
-73.8022,40.7281,0,1,'NY73rd Ave10003+NY167th St+10003'
-73.8022,40.6617,86,103,'NYCargo Rd10003'
-73.8022,40.7956,0,1,'NY159th St10003'
-73.8022,40.6653,99,36,'NYI 67810001+NYI 878+10001|NYI 67810001+NYNassau Expy+10001|NYI 87810001+NYVan Wyck Expy+10001|NYVan Wyck Expy10001+NYNassau Expy+10001'
-73.8022,40.7796,0,1,'NYFrancis Lewis Blvd10003+NY20th Rd+10003'
-73.8022,40.7232,1,2,'NY78th Ave10003|NY78th Ave10003+NY166th St+10003'
-73.8022,40.7600,0,24,'NY164th St10003'
-73.8021,40.7139,0,6,'NY164th St10003+NYChapin Pkwy+10003|NY164th St10003+NY84th Dr+10003|NYChapin Pkwy10003|NYChapin Pkwy10003+NY84th Dr+10003|NY84th Dr10003'
-73.8021,40.6744,19,11,'NYRockaway Blvd10003+NYVan Wyck Expy W+10003|NYRockaway Blvd10003+NYVan Wyck Expy+10003'
-73.8021,40.6946,0,3,'NYSutphin Blvd10003+NYSouth Rd+10003'
-73.8021,40.6767,52,11,'NYVan Wyck Expy E10003+NY139th St+10003|NYVan Wyck Expy10003+NY139th St+10003|NY139th St10003'
-73.8020,40.8172,1,7,'NYE 177th St Exd10003|NYE 177th St Exd10003+NYChaffee Ave+10003|NYE 177th St Exd10003+NYHatting Pl+10003|NYChaffee Ave10003|NYChaffee Ave10003+NYHatting Pl+10003|NYChaffee Ave10003+NYLocust Point Dr+10003|NYHatting Pl10003|NYHatting Pl10003+NYLocust Point Dr+10003|NYLocust Point Dr10003'
-73.8020,40.7608,1,3,'NY164th St10003'
-73.8020,40.7224,0,9,'NY166th St10003+NYUnion Tpke+10003'
-73.8020,40.7473,0,1,'NYMetcalf Ave10003+NY166th St+10003|NY166th St10003'
-73.8020,40.6892,0,1,'NY109th Ave10003+NYInwood St+10003'
-73.8020,40.8128,0,1,'NYLongstreet Ave10003'
-73.8019,40.8973,0,1,'NYBoston Post Rd10002+NYFowler Ave+10002|NYFowler Ave10003'
-73.8019,40.6882,0,1,'NYFerndale Ave10003+NYPinegrove St+10003|NYPinegrove St10003'
-73.8019,40.7165,3,6,'NYGrand Central Pkwy10003+NY164th Pl+10003|NY164th Pl10003'
-73.8019,40.6760,45,7,'NY120th Ave10003|NY120th Ave10003+NYVan Wyck Expy E+10003|NY120th Ave10003+NYVan Wyck Expy+10003'
-73.8019,40.7617,1,1,'NY164th St10003'
-73.8019,40.7112,0,2,'NY162nd St10003+NY86th Ave+10003'
-73.8019,40.7020,1,2,'NYArcher Ave10003+NY153rd St+10003|NY153rd St10003'
-73.8019,40.7619,0,13,'NYDepot Rd10003+NY164th St+10003|NY164th St10003'
-73.8019,40.7080,0,6,'NYHillside Ave10002+NY160th St+10002|NYState Hwy 2510002+NY160th St+10002|NY160th St10003'
-73.8018,40.7163,0,10,'NY164th Pl10003|NY164th Pl10003+NYGrand Central Pkwy+10003'
-73.8018,40.7380,1,12,'NY167th St10003'
-73.8018,40.7537,0,5,'NY46th Ave10003+NY165th St+10003|NY165th St10003'
-73.8018,40.6801,0,1,'NY116th Ave10003+NY140th St+10003'
-73.8018,40.6917,0,3,'NYLiverpool St10003+NYLakewood Ave+10003|NYLakewood Ave10003+NY147th St+10003'
-73.8018,40.9150,0,1,'NYStorer Ave10003'
-73.8018,40.7490,0,2,'NYLitnonia Ave10003|NYLitnonia Ave10003+NYLithonia Ave+10003|NYLitnonia Ave10003+NY166th St+10003'
-73.8018,40.9056,0,2,'NYE 2nd St10003|NYE 2nd St10003+NYSecond St E+10003|NYE 2nd St10003+NYE 2nd St+10003|NYE 2nd St10003+NYElderwood Ave+10003|NYSecond St E10003|NYSecond St E10003+NYElderwood Ave+10003'
-73.8017,40.6659,35,10,'NYState Rte 2710002+NYVan Wyck Expy+10002|NYState Rte 2710002+NYI 678+10002|NYVan Wyck Expy10001+NYS Conduit Ave+10001|NYS Conduit Ave10002+NYI 678+10002'
-73.8017,40.6713,2,6,'NY130th Ave10003|NY130th Ave10003+NYVan Wyck Expy W+10003|NY130th Ave10003+NYVan Wyck Expy+10003'
-73.8017,40.6821,0,8,'NY115th Ave10003+NY141st St+10003'
-73.8017,40.7035,0,1,'NYGrace Ct10003|NYGrace Ct10003+NY90th Rd+10003|NY90th Rd10003'
-73.8017,40.6724,1,4,'NYSutter Ave10003'
-73.8017,40.6731,43,29,'NYAlwick Rd10003|NYAlwick Rd10003+NYVan Wyck Expy W+10003|NYAlwick Rd10003+NYVan Wyck Expy+10003'
-73.8017,40.6841,0,3,'NYLinden Blvd10003+NY142nd St+10003'
-73.8017,40.7011,0,1,'NY158th St10003+NYBeaver Rd+10003'
-73.8017,40.6668,4,14,'NYState Hwy 2710002+NYI 678+10002|NYState Hwy 2710002+NYVan Wyck Expy+10002'
-73.8017,40.8091,0,8,'NYShepard Ave10003|NYShepard Ave10003+NYErben Ave+10003|NYShepard Ave10003+NYPennyfield Ave+10003|NYErben Ave10003|NYErben Ave10003+NYPennyfield Ave+10003|NYPennyfield Ave10003'
-73.8017,40.7058,1,40,'NY89th Ave10003+NYParsons Blvd+10003'
-73.8016,40.5871,0,1,'NYBeach 74th St10003+NYSpinnaker Dr+10003|NYSpinnaker Dr10003'
-73.8016,40.7789,0,3,'NYFrancis Lewis Blvd10003+NY21st Ave+10003'
-73.8016,40.6743,43,16,'NYRockaway Blvd10003+NYI 678+10003|NYRockaway Blvd10003+NYVan Wyck Expy+10003'
-73.8016,40.6861,0,2,'NY143rd St10003+NY111th Ave+10003'
-73.8016,40.7107,0,1,'NY162nd St10003+NY86th Rd+10003|NY86th Rd10003'
-73.8016,40.7810,0,2,'NYWillets Point Blvd10003+NY19th Ave+10003|NY19th Ave10003'
-73.8016,40.6929,0,1,'NYShore Ave10003+NYWaltham St+10003'
-73.8016,40.7504,0,7,'NYPidgeon Meadow Rd10003+NY166th St+10003|NY166th St10003'
-73.8016,40.5867,0,1,'NYShorefront Pkwy10003'
-73.8016,40.7152,0,5,'NY84th Ave10003+NY164th Pl+10003|NY164th Pl10003'
-73.8015,40.7865,0,20,'NY161st St10003|NY161st St10003+NYCross Island Pkwy+10003|NY161st St10003+NYCross Island Pkwy Srv+10003'
-73.8015,40.9005,0,2,'NYWynnewood Rd10003+NYWitherbee Ave+10003|NYWitherbee Ave10003'
-73.8015,40.7718,0,14,'NY28th Ave10003|NY28th Ave10003+NYBayside Ln+10003|NY28th Ave10003+NY163rd St+10003'
-73.8015,40.5940,0,2,'NYHessler Ave10003'
-73.8015,40.8599,0,40,'NYCity Island Rd10003|NYCity Island Rd10003+NYCity Island Rd+10003'
-73.8015,40.6667,65,22,'NYN Conduit Ave10002+NYVan Wyck Expy+10002|NYN Conduit Ave10002+NYI 678+10002'
-73.8014,40.7305,1,7,'NY168th St10003+NY71st Ave+10003'
-73.8014,40.7104,0,2,'NY162nd St10003+NY86th Crst+10003|NY86th Crst10003'
-73.8014,40.7127,0,12,'NY85th Ave10003|NY85th Ave10003+NYGlenn Ave+10003|NY85th Ave10003+NY164th St+10003|NYGlenn Ave10003|NYGlenn Ave10003+NY164th St+10003'
-73.8014,40.7070,0,5,'NY160th St10003|NY160th St10003+NY88th Ave+10003|NY88th Ave10003'
-73.8014,40.7877,0,8,'NY161st St10003+NYCryders Ln+10003'
-73.8014,40.7315,0,36,'NY168th St10003+NYJewel Ave+10003'
-73.8013,40.8996,0,1,'NYWynnewood Rd10003'
-73.8013,40.7003,0,1,'NY157th St10003+NYTuckerton St+10003|NYTuckerton St10003'
-73.8013,40.7282,0,2,'NY168th St10003+NY73rd Ave+10003'
-73.8013,40.6887,0,1,'NYFerndale Ave10003+NYInwood St+10003'
-73.8012,40.7125,1,3,'NY85th Ave10003|NY85th Ave10003+NY164th St+10003'
-73.8012,40.7955,0,15,'NYRiverside Dr10003+NY160th St+10003|NY160th St10003'
-73.8012,40.7142,1,10,'NYChapin Pkwy10003+NY165th St+10003|NY165th St10003'
-73.8012,40.6691,5,8,'NYI 67810001+NY133rd Ave+10001|NYVan Wyck Expy10001+NY133rd Ave+10001'
-73.8012,40.6743,31,26,'NYRockaway Blvd10003+NYVan Wyck Expy E+10003|NYRockaway Blvd10003+NYVan Wyck Expy+10003'
-73.8012,40.6922,0,2,'NYLakewood Ave10003+NYSpa Pl+10003|NYSpa Pl10003'
-73.8012,40.7889,0,12,'NY161st St10003'
-73.8012,40.5981,0,5,'NYde Costa Ave10003|NYde Costa Ave10003+NYBeach 72nd St+10003'
-73.8012,40.6953,5,5,'NY148th St10003|NY148th St10003+NY150th St+10003|NY148th St10003+NYSouth Rd+10003|NY150th St10003+NYSouth Rd+10003'
-73.8012,40.5904,0,1,'NYRockaway Fwy10003+NYBeach 73rd St+10003'
-73.8012,40.7782,0,1,'NYFrancis Lewis Blvd10003+NY21st Rd+10003'
-73.8012,40.8169,0,5,'NYGlennon Pl10003|NYGlennon Pl10003+NYE 177th St Exd+10003|NYGlennon Pl10003+NYLocust Point Dr+10003'
-73.8011,40.7537,1,12,'NY46th Ave10003+NY166th St+10003|NY166th St10003'
-73.8011,40.7048,0,4,'NYParsons Blvd10003+NY90th Ave+10003'
-73.8011,40.9220,1,1,'NYWhite Stone Pl10003|NYWhite Stone Pl10003+NYMayflower Ave+10003'
-73.8011,40.7082,4,12,'NYHillside Ave10002+NY161st St+10002|NY161st St10003|NY161st St10003+NYState Hwy 25+10003'
-73.8011,40.7098,0,8,'NY162nd St10003+NYHighland Ave+10003'
-73.8011,40.6459,572,94,'NYSouth Svc Rd10006+NYSouth Svc Rd+10006|NYSouth Svc Rd10003'
-73.8011,40.7226,0,6,'NY167th St10003+NYUnion Tpke+10003'
-73.8010,40.6691,48,11,'NYVan Wyck Expy10001|NYI 67810001'
-73.8010,40.7474,0,4,'NYMetcalf Ave10003+NY167th St+10003|NY167th St10003'
-73.8010,40.6760,0,3,'NY120th Ave10003+NY140th St+10003'
-73.8010,40.6977,0,1,'NYGuinzburg Rd10003+NYTuckerton St+10003|NYTuckerton St10003'
-73.8010,40.7615,0,4,'NY165th St10003|NY165th St10003+NYStation Rd+10003'
-73.8010,40.7168,2,21,'NYGrand Central Pkwy10003+NY165th St+10003|NY165th St10003'
-73.8010,40.5891,1,1,'NYBeach 73rd St10003+NYRockaway Beach Blvd+10003'
-73.8010,40.7618,0,25,'NY165th St10003|NY165th St10003+NYDepot Rd+10003'
-73.8009,40.6944,0,1,'NY150th St10003+NY107th Ave+10003'
-73.8009,40.8977,0,3,'NYBoston Post Rd10002+NYWynnewood Rd+10002'
-73.8009,40.7380,0,14,'NY168th St10003'
-73.8009,40.9179,0,1,'NYGlenwood Ave10003|NYGlenwood Ave10003+NYLakeside Dr+10003|NYLakeside Dr10003+NYGlenwood Pl+10003|NYGlenwood Pl10003'
-73.8009,40.7262,0,19,'NY168th St10003+NY76th Ave+10003'
-73.8009,40.6803,0,3,'NY141st St10003+NY116th Ave+10003'
-73.8009,40.7692,1,17,'NY32nd Ave10003+NY164th St+10003'
-73.8009,40.6910,0,3,'NYArlington Ter10003+NYLiverpool St+10003|NYArlington Ter10003+NY147th St+10003'
-73.8009,40.5883,0,2,'NYBeach 73rd St10003+NYLighthouse Dr+10003|NYLighthouse Dr10003'
-73.8009,40.6920,0,2,'NYSpa Pl10003+NY108th Ave+10003|NY108th Ave10003'
-73.8008,40.7136,0,5,'NY165th St10003+NYChapin Ct+10003|NYChapin Ct10003'
-73.8008,40.9051,0,2,'NYAncon Ave10003+NYEastland Ave+10003|NYEastland Ave10003'
-73.8008,40.7118,0,5,'NY86th Ave10003|NY86th Ave10003+NY164th St+10003'
-73.8008,40.6865,0,3,'NY144th St10003|NY144th St10003+NY111th Ave+10003'
-73.8008,40.6844,0,4,'NY143rd St10003+NYLinden Blvd+10003'
-73.8008,40.7771,0,4,'NYClintonville St10003|NYClintonville St10003+NY163rd St+10003'
-73.8007,40.5871,0,1,'NYBeach 73rd St10003+NYSpinnaker Dr+10003|NYSpinnaker Dr10003'
-73.8007,40.5933,0,1,'NYFailing Ave10003+NYBeach 72nd St+10003|NYBeach 72nd St10003+NYGouverneur Ave+10003'
-73.8007,40.7776,0,2,'NYFrancis Lewis Blvd10003+NY22nd Ave+10003|NYFrancis Lewis Blvd10003+NY163rd St+10003|NY22nd Ave10003|NY22nd Ave10003+NY163rd St+10003'
-73.8007,40.7092,0,16,'NY162nd St10003+NY87th Rd+10003'
-73.8006,40.6725,47,6,'NYVan Wyck Expy E10003+NYSutter Ave+10003|NYSutter Ave10003|NYSutter Ave10003+NYVan Wyck Expy+10003'
-73.8006,40.6713,42,7,'NYVan Wyck Expy E10003+NY130th Ave+10003|NY130th Ave10003|NY130th Ave10003+NYVan Wyck Expy+10003'
-73.8006,40.7711,0,5,'NY29th Ave10003+NY164th St+10003'
-73.8006,40.6706,43,3,'NY131st Ave10003|NY131st Ave10003+NYVan Wyck Expy E+10003|NY131st Ave10003+NYVan Wyck Expy+10003'
-73.8006,40.6698,49,12,'NYVan Wyck Expy E10003+NY132nd Ave+10003|NYVan Wyck Expy10003+NY132nd Ave+10003|NY132nd Ave10003'
-73.8006,40.6743,1,7,'NYRockaway Blvd10003+NY140th St+10003'
-73.8006,40.6684,65,15,'NYVan Wyck Expy E10003+NY134th Ave+10003|NYVan Wyck Expy10003+NY134th Ave+10003|NY134th Ave10003'
-73.8006,40.7864,0,4,'NY162nd St10003'
-73.8006,40.7245,1,16,'NY77th Rd10003+NY168th St+10003'
-73.8006,40.9025,0,5,'NYManor Ridge Rd10003'
-73.8005,40.6959,0,1,'NY153rd St10003|NY153rd St10003+NYSouth Rd+10003'
-73.8005,40.9180,0,1,'NYBergholz Dr10003|NYBergholz Dr10003+NYLakeside Dr+10003'
-73.8005,40.7722,0,7,'NYBayside Ln10003+NY164th St+10003|NY164th St10003'
-73.8004,40.7284,0,20,'NY73rd Ave10003+NY169th St+10003'
-73.8004,40.7111,0,3,'NY164th St10003+NY86th Rd+10003|NY86th Rd10003'
-73.8004,40.7129,0,7,'NY85th Ave10003+NY165th St+10003'
-73.8003,40.7942,0,27,'NY161st St10003|NY161st St10003+NYPowells Cove Blvd+10003'
-73.8003,40.9026,0,1,'NYColonial Ave10003+NYBoulevard+10003|NYBoulevard10003'
-73.8003,40.7802,0,9,'NY20th Ave10003+NY163rd St+10003'
-73.8003,40.7110,0,5,'NY164th St10003+NY86th Rd+10003|NY86th Rd10003'
-73.8003,40.6678,17,9,'NYVan Wyck Expy E10003|NYVan Wyck Expy E10003+NY138th St+10003|NYVan Wyck Expy E10003+NY135th Ave+10003|NY138th St10003|NY138th St10003+NY135th Ave+10003|NY138th St10003+NYVan Wyck Expy+10003|NY135th Ave10003|NY135th Ave10003+NYVan Wyck Expy+10003|NYVan Wyck Expy10003'
-73.8003,40.8167,0,8,'NYGiegerich Pl10003|NYGiegerich Pl10003+NYE 177th St Exd+10003|NYGiegerich Pl10003+NYLocust Point Dr+10003'
-73.8003,40.7597,1,19,'NY166th St10003+NYSanford Ave+10003|NYSanford Ave10003'
-73.8003,40.9026,0,2,'NYAncon Ave10003|NYAncon Ave10003+NYColonial Ave+10003'
-73.8003,40.6735,2,13,'NY140th St10003+NYBascom Ave+10003|NYBascom Ave10003'
-73.8003,40.5886,0,1,'NYCatamaran10003'
-73.8003,40.6981,0,1,'NYGuinzburg Rd10003+NY156th St+10003|NY156th St10003'
-73.8002,40.7809,0,1,'NY163rd St10003+NY19th Ave+10003'
-73.8002,40.7084,1,7,'NYHillside Ave10002+NY162nd St+10002|NYState Hwy 2510002+NY162nd St+10002'
-73.8002,40.6915,0,1,'NYArlington Ter10003+NYSpa Pl+10003|NYSpa Pl10003'
-73.8002,40.6905,0,4,'NYLiverpool St10003+NY109th Ave+10003|NY109th Ave10003+NY147th St+10003'
-73.8002,40.7033,2,27,'NYJamaica Ave10003+NYTwombly Pl+10003|NYJamaica Ave10003+NYParsons Blvd+10003|NYTwombly Pl10003|NYTwombly Pl10003+NYParsons Blvd+10003|NYParsons Blvd10003'
-73.8002,40.7229,2,17,'NY168th St10003+NYUnion Tpke+10003'
-73.8002,40.7813,0,5,'NY163rd St10003'
-73.8002,40.7468,0,3,'NY168th St10003|NY168th St10003+NYUnderhill Ave+10003'
-73.8002,40.9559,0,1,'NYWaterside Close10003|NYWaterside Close10003+NYWaterside Close+10003'
-73.8002,40.7538,1,8,'NY46th Ave10003+NY167th St+10003|NY167th St10003'
-73.8001,40.7830,0,3,'NY17th Ave10003+NY163rd St+10003|NY163rd St10003'
-73.8001,40.6761,0,3,'NY120th Ave10003+NY141st St+10003'
-73.8001,40.7170,1,15,'NYGrand Central Pkwy10003+NY166th St+10003|NY166th St10003'
-73.8001,40.7475,0,2,'NYMetcalf Ave10003|NYMetcalf Ave10003+NY168th St+10003'
-73.8001,40.7613,0,3,'NY166th St10003|NY166th St10003+NYStation Rd+10003'
-73.8001,40.6983,0,2,'NYGuinzburg Rd10003|NYGuinzburg Rd10003+NY156th Pl+10003|NY156th Pl10003'
-73.8001,40.7052,0,1,'NY160th St10003|NY160th St10003+NY90th Ave+10003'
-73.8001,40.5894,0,1,'NYSchooner St10003|NYSchooner St10003+NYRockaway Beach Blvd+10003'
-73.8000,40.7838,0,13,'NY16th Rd10003|NY16th Rd10003+NY163rd St+10003'
-73.8000,40.7617,0,16,'NY166th St10003|NY166th St10003+NYDepot Rd+10003'
-73.8000,40.7380,0,17,'NY169th St10003'
-73.8000,40.7064,0,18,'NY161st St10003+NY89th Ave+10003'
-73.8000,40.7691,0,21,'NY32nd Ave10003+NY165th St+10003'
-73.8000,40.7917,0,35,'NY162nd St10003+NY11th Ave+10003|NY11th Ave10003'
-73.7999,40.6868,0,5,'NY145th St10003|NY145th St10003+NY111th Ave+10003'
-73.7999,40.7767,0,3,'NYFrancis Lewis Blvd10003+NY23rd Ave+10003'
-73.7999,40.7025,0,15,'NYArcher Ave10003+NYTwombly Pl+10003|NYTwombly Pl10003'
-73.7999,40.6950,0,2,'NY153rd St10003|NY153rd St10003+NY107th Ave+10003'
-73.7999,40.6670,9,9,'NY138th St10003'
-73.7999,40.6877,0,2,'NYBrinkerhoff Ave10003+NYInwood St+10003|NY110th Ave10003+NYInwood St+10003'
-73.7999,40.6725,3,5,'NYSutter Ave10003+NY140th St+10003'
-73.7999,40.6846,0,1,'NY144th St10003+NYLinden Blvd+10003'
-73.7999,40.7103,0,29,'NY164th St10003+NYHighland Ave+10003'
-73.7999,40.7112,0,1,'NYPark Cres10003|NYPark Cres10003+NY86th Rd+10003'
-73.7999,40.7924,0,25,'NY10th Ave10003|NY10th Ave10003+NY162nd St+10003'
-73.7998,40.6742,0,4,'NYRockaway Blvd10003+NY141st St+10003|NY141st St10003'
-73.7998,40.7852,0,3,'NY15th Dr10003|NY15th Dr10003+NY163rd St+10003'
-73.7998,40.6794,0,3,'NY116th Rd10003|NY116th Rd10003+NY142nd St+10003'
-73.7998,40.6942,0,5,'NYShore Ave10003'
-73.7998,40.6748,0,2,'NY141st St10003+NY123rd Ave+10003'
-73.7998,40.8929,0,1,'NYCountry Club Ln10003'
-73.7998,40.7856,0,3,'NY163rd St10003'
-73.7998,40.5886,0,3,'NYSchooner St10003'
-73.7997,40.6933,1,0,'NYSutphin Blvd10003+NYYates Rd+10003|NYYates Rd10003'
-73.7997,40.7502,0,2,'NYPidgeon Meadow Rd10003+NY168th St+10003|NY168th St10003'
-73.7997,40.8983,0,1,'NYBoston Post Rd10002|NYBoston Post Rd10002+NYMain St+10002|NYBoston Post Rd10002+NYBoston Post Rd+10002|NYBoston Post Rd10002+NYManor Ridge Rd+10002|NYMain St10002|NYMain St10002+NYManor Ridge Rd+10002|NYManor Ridge Rd10003'
-73.7997,40.7864,0,3,'NY163rd St10003|NY163rd St10003+NYCross Island Pkwy+10003|NY163rd St10003+NYCross Island Pkwy Srv+10003'
-73.7997,40.8903,0,1,'NYManor Cir10003|NYManor Cir10003+NYManor Cir+10003'
-73.7997,40.9300,0,1,'NYInterlaken Ave10003'
-73.7996,40.7216,1,13,'NY168th St10003+NY81st Ave+10003'
-73.7996,40.7306,0,8,'NY71st Ave10003+NY170th St+10003'
-73.7996,40.6706,2,1,'NY131st Ave10003'
-73.7996,40.7941,0,43,'NY162nd St10003|NY162nd St10003+NYPowells Cove Blvd+10003'
-73.7996,40.6666,9,3,'NYN Conduit Ave10003|NYN Conduit Ave10003+NYN Conduit Ave+10003'
-73.7995,40.7141,0,24,'NYChapin Pkwy10003+NYChapin Ct+10003|NYChapin Ct10003'
-73.7995,40.7286,0,9,'NY73rd Ave10003+NY170th St+10003'
-73.7995,40.6900,0,3,'NYLiverpool St10003+NYFerndale Ave+10003|NYFerndale Ave10003+NY147th St+10003'
-73.7995,40.5885,0,1,'NYCommodore Cir W10003|NYCommodore Cir W10003+NYCatamaran+10003'
-73.7995,40.7724,0,2,'NY165th St10003+NY27th Ave+10003'
-73.7995,40.7727,1,1,'NY165th St10003|NY165th St10003+NYBayside Ln+10003'
-73.7995,40.8901,0,1,'NYManor Cir10003|NYManor Cir10003+NYManor Cir+10003'
-73.7995,40.8164,0,2,'NYTierney Pl10003|NYTierney Pl10003+NYE 177th St Exd+10003|NYTierney Pl10003+NYLocust Point Dr+10003'
-73.7994,40.7096,1,4,'NY87th Rd10003|NY87th Rd10003+NY164th St+10003'
-73.7994,40.6931,0,2,'NYSutphin Blvd10003+NY108th Ave+10003|NY108th Ave10003'
-73.7994,40.7883,0,5,'NY163rd St10003|NY163rd St10003+NYCryders Ln+10003'
-73.7994,40.6714,0,4,'NY130th Ave10003+NY140th St+10003'
-73.7994,40.7054,0,6,'NY161st St10003+NY90th Ave+10003|NY90th Ave10003'
-73.7994,40.9438,0,1,'NYOld Orchard Rd10003+NYUpland Rd+10003|NYUpland Rd10003'
-73.7993,40.9417,0,1,'NYWebster Ave10003+NYDisbrow Ln+10003|NYDisbrow Ln10003'
-73.7993,40.7830,0,1,'NY17th Ave10003+NYWillets Point Blvd+10003'
-73.7993,40.7232,1,6,'NY169th St10003+NYUnion Tpke+10003'
-73.7993,40.6699,0,3,'NY132nd Ave10003'
-73.7993,40.7087,0,8,'NYHillside Ave10002+NY163rd St+10002|NYState Hwy 2510002+NY163rd St+10002|NY163rd St10003'
-73.7993,40.7114,0,2,'NY86th Rd10003|NY86th Rd10003+NY165th St+10003'
-73.7992,40.6929,0,3,'NYSutphin Blvd10003+NY108th Ave+10003|NY108th Ave10003'
-73.7992,40.6762,0,2,'NY120th Ave10003+NY142nd St+10003'
-73.7992,40.7760,0,5,'NYFrancis Lewis Blvd10003+NY24th Ave+10003'
-73.7992,40.5896,0,2,'NYCoral Reef Way10003|NYCoral Reef Way10003+NYRockaway Beach Blvd+10003'
-73.7992,40.7538,0,4,'NY46th Ave10003+NY168th St+10003|NY168th St10003'
-73.7992,40.8837,2,2,'NYBeech Tree Ln10003'
-73.7992,40.7172,1,15,'NYGrand Central Pkwy10003+NY167th St+10003|NY167th St10003'
-73.7992,40.8888,0,1,'NYCircle Hill Rd10003'
-73.7992,40.6969,0,1,'NY155th St10003|NY155th St10003+NYSouth Rd+10003'
-73.7991,40.7067,0,11,'NY162nd St10003+NY89th Ave+10003'
-73.7991,40.7613,0,4,'NY167th St10003|NY167th St10003+NYStation Rd+10003'
-73.7991,40.6872,0,3,'NYInwood St10003+NY111th Ave+10003'
-73.7991,40.7379,0,10,'NY170th St10003'
-73.7991,40.9011,0,1,'NYHill St10003+NYPelhamside Dr+10003|NYPelhamside Dr10003'
-73.7991,40.6953,0,2,'NY154th St10003+NY107th Ave+10003'
-73.7991,40.7616,0,25,'NY167th St10003|NY167th St10003+NYDepot Rd+10003'
-73.7991,40.6663,11,12,'NYSouthern Pkwy10003+NYSouthern Parkway Entrance Wb+10003|NYSouthern Parkway Entrance Wb10006'
-73.7991,40.5927,0,1,'NYBeach 70th St10003|NYBeach 70th St10003+NYBeach Channel Dr+10003'
-73.7991,40.6809,0,17,'NY143rd St10003+NY116th Ave+10003'
-73.7990,40.7135,0,2,'NY85th Ave10003|NY85th Ave10003+NYChapin Pkwy+10003'
-73.7990,40.7201,1,20,'NY168th St10003+NYGoethals Ave+10003'
-73.7990,40.6849,0,4,'NY145th St10003+NYLinden Blvd+10003'
-73.7990,40.7088,2,10,'NYHillside Ave10002+NY164th St+10002|NYState Hwy 2510002+NY164th St+10002|NY164th St10003'
-73.7989,40.8995,0,1,'NYIsland View Pl10003'
-73.7989,40.6741,0,3,'NYRockaway Blvd10003+NY142nd St+10003|NY142nd St10003'
-73.7989,40.5891,0,6,'NYCommodore Cir W10003|NYCommodore Cir W10003+NYCoral Reef Way+10003'
-73.7989,40.8875,0,1,'NYPark Ln10003'
-73.7989,40.6748,0,3,'NY142nd St10003+NY123rd Ave+10003'
-73.7989,40.6895,0,2,'NYLiverpool St10003+NYGlassboro Ave+10003|NYGlassboro Ave10003+NY147th St+10003'
-73.7988,40.7249,0,14,'NY77th Rd10003+NY170th St+10003'
-73.7988,40.6789,0,2,'NY142nd Pl10003|NY142nd Pl10003+NYFoch Blvd+10003'
-73.7988,40.6925,0,2,'NYSutphin Blvd10003+NYArlington Ter+10003'
-73.7988,40.5891,0,1,'NYCoral Reef Way10003+NYMeridian Blvd+10003|NYMeridian Blvd10003'
-73.7988,40.7501,0,6,'NYPidgeon Meadow Rd10003+NY169th St+10003|NY169th St10003'
-73.7987,40.6997,0,2,'NY158th St10003+NYLiberty Ave+10003'
-73.7987,40.6444,12,14,'NYSouth Svc Rd10003|NYSouth Svc Rd10003+NYSouth Svc Rd+10003'
-73.7987,40.5982,0,8,'NYde Costa Ave10003|NYde Costa Ave10003+NYBeach 69th St+10003'
-73.7987,40.7306,0,3,'NY71st Ave10003+NY171st St+10003'
-73.7987,40.7107,0,26,'NYHighland Ave10003+NY165th St+10003'
-73.7987,40.9396,0,1,'NYBerrian Rd10003+NYWebster Ave+10003'
-73.7987,40.7288,0,7,'NY73rd Ave10003+NY171st St+10003'
-73.7987,40.5976,0,2,'NYHillmeyer Ave10003|NYHillmeyer Ave10003+NYBeach 69th St+10003'
-73.7986,40.5890,0,1,'NYCommodore Cir E10003|NYCommodore Cir E10003+NYCoral Reef Way+10003'
-73.7986,40.6693,1,1,'NY140th St10003+NY133rd Ave+10003|NY133rd Ave10003'
-73.7986,40.7874,0,5,'NY14th Rd10003|NY14th Rd10003+NY164th St+10003'
-73.7986,40.9026,0,1,'NYSycamore Ave10003|NYSycamore Ave10003+NYKings Hwy+10003'
-73.7985,40.7836,0,10,'NY16th Rd10003|NY16th Rd10003+NYWillets Point Blvd+10003'
-73.7985,40.7040,0,1,'NY161st St10003|NY161st St10003+NYJamaica Ave+10003'
-73.7985,40.6975,0,3,'NY156th St10003|NY156th St10003+NYSouth Rd+10003'
-73.7985,40.6798,1,3,'NY143rd St10003+NY116th Rd+10003|NY116th Rd10003'
-73.7985,40.7752,0,4,'NYFrancis Lewis Blvd10003+NY24th Rd+10003'
-73.7985,40.7336,0,26,'NY171st St10003+NY68th Ave+10003|NY68th Ave10003'
-73.7985,40.7187,0,9,'NY168th St10003+NY82nd Rd+10003|NY82nd Rd10003'
-73.7985,40.9011,0,2,'NYSycamore Ave10003|NYSycamore Ave10003+NYHill St+10003'
-73.7985,40.6771,1,6,'NY142nd Pl10003+NY119th Rd+10003|NY119th Rd10003'
-73.7985,40.7235,0,10,'NYUnion Tpke10003+NY170th St+10003'
-73.7985,40.7885,1,2,'NY164th St10003|NY164th St10003+NYCryders Ln+10003'
-73.7985,40.7732,0,3,'NY166th St10003+NYBayside Ln+10003'
-73.7984,40.8707,1,0,'NYPark Dr10003'
-73.7984,40.7027,0,1,'NYArcher Ave10003+NY160th St+10003'
-73.7984,40.7737,0,5,'NY25th Dr10003|NY25th Dr10003+NY166th St+10003|NY25th Dr10003+NY25th Dr+10003|NY166th St10003+NY25th Dr+10003'
-73.7984,40.6442,1,0,'NYS South Svc Rd10006|NYS South Svc Rd10006+NYSouth Svc Rd+10006|NYSouth Svc Rd10006|NYSouth Svc Rd10006+NYSouth Svc Rd+10006|NYSouth Svc Rd10003'
-73.7984,40.6741,1,8,'NYRockaway Blvd10003+NY142nd St+10003|NY142nd St10003'
-73.7984,40.7601,0,11,'NY41st Ave10003|NY41st Ave10003+NY168th St+10003'
-73.7983,40.6686,0,16,'NY140th St10003+NY134th Ave+10003|NY134th Ave10003'
-73.7983,40.6456,131,21,'NYNorth Svc Rd10003|NYNorth Svc Rd10003+NYNorth Svc Rd+10003'
-73.7983,40.7129,0,1,'NYGothic Dr10003|NYGothic Dr10003+NYChapin Pkwy+10003|NYChapin Pkwy10003'
-73.7983,40.5896,0,1,'NYNautical Way10003+NYMeridian Blvd+10003|NYMeridian Blvd10003'
-73.7983,40.6942,0,1,'NY154th St10003+NYYates Rd+10003|NYYates Rd10003'
-73.7983,40.6957,0,8,'NY155th St10003+NY107th Ave+10003'
-73.7983,40.6719,0,7,'NY142nd St10003+NY129th Ave+10003|NY129th Ave10003'
-73.7983,40.6875,1,1,'NY146th St10003|NY146th St10003+NY111th Ave+10003'
-73.7983,40.6919,0,4,'NYSutphin Blvd10003+NY109th Ave+10003|NY109th Ave10003'
-73.7983,40.5941,0,9,'NYHessler Ave10003|NYHessler Ave10003+NYBeach 69th St+10003'
-73.7983,40.7539,0,7,'NY46th Ave10003+NY169th St+10003|NY169th St10003'
-73.7983,40.7070,0,8,'NY89th Ave10003+NY163rd St+10003'
-73.7983,40.7470,0,1,'NYUnderhill Ave10003|NYUnderhill Ave10003+NY170th St+10003|NY170th St10003'
-73.7982,40.7612,0,1,'NY168th St10003|NY168th St10003+NYStation Rd+10003|NYStation Rd10003'
-73.7982,40.6890,0,1,'NYBrinkerhoff Ave10003+NYLiverpool St+10003|NYBrinkerhoff Ave10003+NY147th St+10003|NY110th Ave10003+NYLiverpool St+10003|NY110th Ave10003+NY147th St+10003'
-73.7982,40.9206,1,0,'NYAlbert Pl10003'
-73.7982,40.7379,1,30,'NY171st St10003'
-73.7982,40.6791,0,5,'NY143rd St10003+NYFoch Blvd+10003'
-73.7982,40.5935,0,1,'NYFailing Ave10003|NYFailing Ave10003+NYBeach 69th St+10003|NYGouverneur Ave10003|NYGouverneur Ave10003+NYBeach 69th St+10003'
-73.7982,40.7385,0,1,'NY171st St10003'
-73.7982,40.6451,128,25,'NYNorth Svc Rd10006'
-73.7982,40.7090,0,14,'NYHillside Ave10002+NY164th St+10002|NY164th St10003|NY164th St10003+NYState Hwy 25+10003'
-73.7982,40.7389,0,1,'NY60th Ave10003|NY60th Ave10003+NY171st St+10003|NY171st St10003'
-73.7982,40.7615,1,18,'NYDepot Rd10003+NY168th St+10003|NY168th St10003'
-73.7982,40.9317,0,1,'NYWebster Ave10003+NYGlenorchy Rd+10003|NYGlenorchy Rd10003'
-73.7982,40.9306,0,1,'NYWebster Ave10003+NYFlandreau Ave+10003|NYFlandreau Ave10003'
-73.7981,40.9643,0,1,'NYLake Shore Dr N10003'
-73.7981,40.6680,6,264,'NY135th Ave10003+NY140th St+10003'
-73.7981,40.9372,0,1,'NYRosehill Ave10003|NYRosehill Ave10003+NYWebster Ave+10003'
-73.7981,40.7203,0,15,'NY169th St10003|NY169th St10003+NYGoethals Ave+10003'
-73.7981,40.6445,29,11,'NYSouth Svc Rd10003'
-73.7981,40.7690,0,14,'NY167th St10003+NY32nd Ave+10003'
-73.7981,40.6704,0,3,'NY131st Ave10003|NY131st Ave10003+NY142nd St+10003'
-73.7981,40.7096,0,1,'NYClinton Ter10003|NYClinton Ter10003+NY165th St+10003'
-73.7980,40.6937,0,1,'NY154th St10003|NY154th St10003+NY108th Ave+10003'
-73.7980,40.9485,1,0,'NYLovell Rd10003'
-73.7980,40.6440,10,48,'NYS South Svc Rd10006|NYS South Svc Rd10006+NYSouth Svc Rd+10006|NYSouth Svc Rd10006'
-73.7980,40.9367,0,1,'NYNorman Rd10003|NYNorman Rd10003+NYWebster Ave+10003'
-73.7980,40.6667,26,369,'NYSouthern Parkway Svc Rd10006|NYSouthern Parkway Svc Rd10006+NY140th St+10006|NY140th St10003|NY140th St10003+NYN Conduit Ave+10003'
-73.7980,40.7251,0,15,'NY77th Rd10003|NY77th Rd10003+NY171st St+10003'
-73.7980,40.9439,0,1,'NYEdna Pl10003|NYEdna Pl10003+NYMereland Rd+10003'
-73.7979,40.5908,0,1,'NYRockaway Fwy10003+NYBeach 69th St+10003'
-73.7979,40.9641,0,1,'NYLakeshore Dr10003|NYLakeshore Dr10003+NYLakeshore Dr+10003|NYLakeshore Dr10003+NYLake Shore Dr+10003|NYLake Shore Dr10003'
-73.7979,40.9439,0,1,'NYStratford Rd10003+NYMereland Rd+10003|NYMereland Rd10003'
-73.7979,40.6741,0,5,'NYRockaway Blvd10003+NY142nd Pl+10003|NY142nd Pl10003'
-73.7979,40.6980,0,1,'NYSouth Rd10003+NY157th St+10003|NY157th St10003'
-73.7979,40.7744,0,1,'NYFrancis Lewis Blvd10003+NY25th Ave+10003'
-73.7978,40.7708,0,11,'NY167th St10003+NY29th Ave+10003'
-73.7978,40.7220,0,9,'NY81st Ave10003|NY81st Ave10003+NY170th St+10003'
-73.7978,40.7913,0,20,'NY12th Ave10003'
-73.7978,40.7862,0,2,'NY165th St10003|NY165th St10003+NYCross Island Pkwy+10003|NY165th St10003+NYCross Island Pkwy Srv+10003'
-73.7978,40.7306,1,12,'NY71st Ave10003'
-73.7978,40.7110,0,9,'NYUpland Pkwy10003|NYUpland Pkwy10003+NYHighland Ave+10003'
-73.7978,40.6886,1,2,'NYLiverpool St10003+NY110th Rd+10003|NY147th St10003+NY110th Rd+10003|NY110th Rd10003'
-73.7978,40.7290,0,6,'NY73rd Ave10003+NY172nd St+10003'
-73.7978,40.6913,0,3,'NYSutphin Blvd10003+NYFerndale Ave+10003|NYFerndale Ave10003'
-73.7978,40.7091,1,24,'NYHillside Ave10002+NY165th St+10002|NYState Hwy 2510002+NY165th St+10002|NY165th St10003'
-73.7977,40.8874,0,2,'NYBolton Rd10003'
-73.7977,40.6753,0,3,'NY122nd Ave10003'
-73.7977,40.6926,0,2,'NY153rd St10003'
-73.7977,40.7908,0,1,'NY12th Ave10003'
-73.7977,40.5881,0,1,'NYCatamaran Way10003|NYCatamaran Way10003+NYBeach 69th St+10003'
-73.7976,40.7723,0,1,'NY167th St10003|NY167th St10003+NY27th Ave+10003'
-73.7976,40.7843,0,9,'NY16th Ave10003+NYWillets Point Blvd+10003'
-73.7976,40.7335,0,5,'NY68th Ave10003'
-73.7976,40.7238,0,5,'NY171st St10003|NY171st St10003+NYUnion Tpke+10003'
-73.7976,40.6910,1,1,'NYSutphin Blvd10003+NY109th Rd+10003|NY109th Rd10003'
-73.7976,40.9462,0,1,'NYNorthfield Rd10003+NYChatham Rd+10003|NYChatham Rd10003'
-73.7976,40.9697,1,9,'NYJewell Pl10003'
-73.7975,40.6777,0,2,'NY143rd St10003+NY119th Ave+10003|NY119th Ave10003'
-73.7975,40.7492,0,7,'NY170th St10003'
-73.7975,40.5869,0,3,'NYBeach 69th St10003'
-73.7975,40.7016,0,1,'NY160th St10003+NYDale Rd+10003|NYDale Rd10003'
-73.7975,40.7940,1,43,'NY166th St10003|NY166th St10003+NYPowells Cove Blvd+10003'
-73.7975,40.7886,1,2,'NY165th St10003|NY165th St10003+NYCryders Ln+10003'
-73.7975,40.7158,0,5,'NY84th Ave10003+NY168th St+10003'
-73.7975,40.6960,0,2,'NY156th St10003+NY107th Ave+10003'
-73.7975,40.6879,0,1,'NYLiverpool St10003+NY111th Ave+10003'
-73.7974,40.5956,0,2,'NYBeach 68th St10003+NYElizabeth Ave+10003|NYElizabeth Ave10003'
-73.7974,40.7483,0,8,'NY170th Pl10003|NY170th Pl10003+NYLithonia Ave+10003'
-73.7974,40.7807,0,10,'NY166th St10003+NY19th Ave+10003|NY19th Ave10003'
-73.7974,40.9001,1,0,'NYFlower St10003|NYFlower St10003+NYCleveland Ave+10003'
-73.7974,40.7111,0,31,'NYHighland Ave10003+NY166th St+10003|NY166th St10003'
-73.7974,40.7173,4,11,'NY168th Pl10003|NY168th Pl10003+NYGrand Central Pkwy+10003'
-73.7973,40.8845,0,1,'NYPark Ln10003|NYPark Ln10003+NYPark Ln+10003'
-73.7973,40.7103,0,1,'NYClinton Pl10003'
-73.7973,40.7379,1,5,'NY172nd St10003'
-73.7973,40.7539,0,4,'NY170th St10003|NY170th St10003+NY46th Ave+10003'
-73.7973,40.7093,4,90,'NYHillside Ave10002+NY165th St+10002|NYState Hwy 2510002+NY165th St+10002|NY165th St10003'
-73.7973,40.7609,0,1,'NY169th St10003'
-73.7973,40.7894,0,1,'NY14th Ave10003+NY13th Ave+10003|NY13th Ave10003|NY13th Ave10003+NY166th St+10003'
-73.7973,40.7385,2,0,'NY172nd St10003'
-73.7973,40.7406,0,1,'NY59th Ave10003'
-73.7973,40.7132,0,14,'NYGothic Dr10003+NY167th St+10003|NY167th St10003'
-73.7972,40.6834,0,8,'NY115th Ave10003+NYInwood St+10003'
-73.7972,40.7739,0,3,'NYFrancis Lewis Blvd10003+NY25th Dr+10003|NYFrancis Lewis Blvd10003+NYBayside Ln+10003|NY25th Dr10003|NY25th Dr10003+NYBayside Ln+10003|NYBayside Ln10003'
-73.7972,40.6934,0,3,'NYArlington Ter10003|NYArlington Ter10003+NY154th St+10003'
-73.7972,40.7614,0,3,'NY169th St10003|NY169th St10003+NYDepot Rd+10003'
-73.7972,40.7821,0,10,'NY166th St10003+NY17th Rd+10003|NY17th Rd10003'
-73.7972,40.7099,0,1,'NYClinton Ter10003'
-73.7972,40.7206,2,32,'NYGoethals Ave10003|NYGoethals Ave10003+NY170th St+10003|NY170th St10003'
-73.7972,40.6854,1,6,'NYLinden Blvd10003+NY146th St+10003'
-73.7972,40.6920,0,2,'NY153rd St10003+NY109th Ave+10003'
-73.7972,40.9446,0,1,'NYStratford Rd10003|NYStratford Rd10003+NYChatham Rd+10003|NYChatham Rd10003'
-73.7972,40.8896,0,1,'NYPelhamdale Ave10003+NYRoosevelt Ave+10003|NYRoosevelt Ave10003'
-73.7972,40.7689,1,20,'NY32nd Ave10003+NY168th St+10003'
-73.7971,40.7074,0,12,'NY164th St10003+NY89th Ave+10003'
-73.7971,40.6941,0,1,'NY155th St10003+NY108th Ave+10003'
-73.7971,40.6669,3,4,'NYState Hwy 2710002+NY142nd St+10002|NYN Conduit Ave10002+NY142nd St+10002|NY142nd St10003'
-73.7970,40.7835,0,1,'NY166th St10003+NY16th Rd+10003|NY16th Rd10003'
-73.7970,40.6694,0,6,'NY133rd Ave10003'
-73.7970,40.9516,1,0,'NYLewis Pl10003'
-73.7970,40.6666,9,4,'NYN Conduit Ave10003|NYN Conduit Ave10003+NYN Conduit Blvd+10003|NYN Conduit Blvd10002'
-73.7970,40.8662,0,1,'NYPark Dr10003|NYPark Dr10003+NYPark Dr+10003'
-73.7969,40.9545,0,1,'NYMill Rd10003|NYMill Rd10003+NYWilmot Rd+10003|NYMill Rd10003+NYNorth Ave+10003|NYWilmot Rd10003+NYNorth Ave+10003|NYNorth Ave10003'
-73.7969,40.7292,0,6,'NY73rd Ave10003+NY173rd St+10003'
-73.7969,40.6765,0,3,'NY120th Ave10003+NY143rd St+10003'
-73.7969,40.6446,18,37,'NYVan Wyck Expy10001+NYSouth Svc Rd+10001'
-73.7969,40.6447,246,40,'NYVan Wyck Expy10001+NYNorth Svc Rd+10001|NYNorth Svc Rd10003|NYNorth Svc Rd10003+NYI 678+10003|NYNorth Svc Rd10003+NYSouth Svc Rd+10003|NYSouth Svc Rd10006'
-73.7969,40.7086,0,2,'NY88th Ave10003|NY88th Ave10003+NY165th St+10003'
-73.7969,40.6666,8,3,'NYN Conduit Ave10003|NYN Conduit Ave10003+NYSouthern Parkway Entrance Wb+10003|NYN Conduit Ave10003+NYN Conduit Blvd+10003|NYSouthern Parkway Entrance Wb10006|NYSouthern Parkway Entrance Wb10006+NYN Conduit Blvd+10006|NYN Conduit Blvd10002'
-73.7968,40.7863,0,1,'NY166th St10003'
-73.7968,40.7913,0,10,'NYBurton St10003|NYBurton St10003+NY12th Ave+10003'
-73.7968,40.7047,0,2,'NYJamaica Ave10003+NY163rd St+10003|NY163rd St10003'
-73.7968,40.7005,0,1,'NY160th St10003+NYLiberty Ave+10003'
-73.7968,40.7849,0,10,'NY166th St10003+NYWillets Point Blvd+10003|NY166th St10003+NY15th Dr+10003|NYWillets Point Blvd10003+NY15th Dr+10003'
-73.7968,40.7241,1,2,'NY172nd St10003|NY172nd St10003+NYUnion Tpke+10003'
-73.7967,40.7736,0,3,'NYFrancis Lewis Blvd10003+NY25th Dr+10003|NY25th Dr10003'
-73.7967,40.7722,0,4,'NY27th Ave10003|NY27th Ave10003+NY168th St+10003'
-73.7967,40.6987,0,2,'NY159th St10003+NYSouth Rd+10003'
-73.7967,40.7160,1,4,'NY84th Ave10003+NY168th Pl+10003'
-73.7967,40.6963,0,5,'NY157th St10003+NY107th Ave+10003'
-73.7966,40.6898,0,2,'NYSutphin Blvd10003+NY110th Ave+10003|NYSutphin Blvd10003+NYBrinkerhoff Ave+10003|NY110th Ave10003|NYBrinkerhoff Ave10003'
-73.7966,40.6882,1,3,'NY148th St10003|NY148th St10003+NY111th Ave+10003'
-73.7966,40.6780,0,2,'NY144th St10003+NY119th Ave+10003'
-73.7966,40.9029,0,1,'NYRonalds Ln10003'
-73.7966,40.7477,0,2,'NYLithonia Ave10003|NYLithonia Ave10003+NY171st St+10003|NYLithonia Ave10003+NYUnderhill Ave+10003|NY171st St10003|NY171st St10003+NYUnderhill Ave+10003|NYUnderhill Ave10003'
-73.7966,40.7490,0,3,'NY170th Pl10003|NY170th Pl10003+NYPidgeon Meadow Rd+10003'
-73.7965,40.9199,0,1,'NYHolly Dr10003|NYHolly Dr10003+NYWebster Ave+10003'
-73.7965,40.6757,0,4,'NY143rd St10003'
-73.7965,40.7902,0,1,'NYBurton St10003|NYBurton St10003+NY12th Rd+10003'
-73.7965,40.7136,1,11,'NY168th St10003+NYGothic Dr+10003'
-73.7965,40.7176,0,2,'NY169th St10003|NY169th St10003+NYGrand Central Pkwy+10003'
-73.7965,40.7115,0,52,'NYHighland Ave10003+NY167th St+10003'
-73.7964,40.6923,0,4,'NY154th St10003|NY154th St10003+NY109th Ave+10003'
-73.7964,40.7378,0,4,'NY173rd St10003'
-73.7964,40.7538,0,2,'NY46th Ave10003+NY171st St+10003|NY171st St10003'
-73.7964,40.6816,0,9,'NY116th Ave10003+NYInwood St+10003'
-73.7964,40.7095,1,10,'NYHillside Ave10002+NY166th St+10002|NYHillside Ave10002+NYMerrick Blvd+10002|NYState Hwy 2510002+NY166th St+10002|NYState Hwy 2510002+NYMerrick Blvd+10002|NY166th St10003|NY166th St10003+NYMerrick Blvd+10003|NYMerrick Blvd10003'
-73.7964,40.6836,0,4,'NY115th Ave10003+NY146th St+10003'
-73.7963,40.6856,0,1,'NYLiverpool St10003|NYLiverpool St10003+NYLinden Blvd+10003'
-73.7963,40.6908,0,3,'NY153rd St10003+NY109th Dr+10003'
-73.7963,40.6944,0,2,'NY156th St10003|NY156th St10003+NY108th Ave+10003'
-73.7963,40.7077,0,2,'NY165th St10003+NY89th Ave+10003'
-73.7963,40.7616,0,24,'NY170th St10003+NY39th Ave+10003|NY39th Ave10003'
-73.7963,40.6683,23,785,'NY143rd St10003'
-73.7962,40.7888,0,5,'NYBurton St10003|NYBurton St10003+NYCryders Ln+10003'
-73.7962,40.6701,0,20,'NY131st Ave10003|NY131st Ave10003+NY143rd St+10003'
-73.7961,40.9176,1,1,'NYKress Ave10003|NYKress Ave10003+NYWebster Ave+10003|NYKress Ave10003+NYWatkins Pl+10003|NYWebster Ave10003+NYWatkins Pl+10003|NYWatkins Pl10003'
-73.7961,40.7033,0,1,'NYArcher Ave10003+NYGuy R Brewer Blvd+10003|NYArcher Ave10003+NYNew York Blvd+10003'
-73.7961,40.6871,0,1,'NY148th St10003+NY112th Ave+10003|NY112th Ave10003'
-73.7960,40.7294,1,3,'NY73rd Ave10003+NY174th St+10003'
-73.7960,40.5911,0,1,'NYRockaway Fwy10003+NYBeach 67th St+10003'
-73.7960,40.7089,0,3,'NY88th Ave10003|NY88th Ave10003+NYMerrick Blvd+10003'
-73.7960,40.6925,0,1,'NY155th St10003+NY109th Ave+10003'
-73.7959,40.7915,0,11,'NY12th Ave10003+NYTotten St+10003|NYTotten St10003'
-73.7959,40.6902,0,11,'NY110th Ave10003+NY153rd St+10003|NYBrinkerhoff Ave10003+NY153rd St+10003'
-73.7959,40.7864,0,3,'NYBurton St10003|NYBurton St10003+NYCross Island Pkwy+10003|NYBurton St10003+NYCross Island Pkwy Srv+10003'
-73.7959,40.7088,0,6,'NYMerrick Blvd10003+NY88th Ave+10003|NY88th Ave10003'
-73.7959,40.7244,0,6,'NY173rd St10003|NY173rd St10003+NYUnion Tpke+10003'
-73.7959,40.7328,0,4,'NY174th St10003+NY69th Ave+10003'
-73.7958,40.7381,4,0,'NY64th Ave10003'
-73.7958,40.6717,0,12,'NY129th Ave10003|NY129th Ave10003+NY143rd St+10003'
-73.7958,40.8083,0,5,'NYErben Ave10003+NYCrowninshield St+10003|NYCrowninshield St10003'
-73.7958,40.7163,0,9,'NY84th Ave10003+NY169th St+10003'
-73.7958,40.7581,0,15,'NY171st St10003+NY43rd Ave+10003|NY43rd Ave10003'
-73.7958,40.7928,0,7,'NYTotten St10003|NYTotten St10003+NY9th Ave+10003|NY9th Ave10003'
-73.7958,40.7336,0,10,'NY174th St10003|NY174th St10003+NY68th Ave+10003|NY68th Ave10003'
-73.7957,40.6782,0,5,'NY145th St10003+NY119th Ave+10003'
-73.7957,40.7346,0,8,'NY174th St10003'
-73.7957,40.6746,0,1,'NYLinden Ave10003|NYLinden Ave10003+NYLinden Ave+10003|NYLinden Ave10003+NY123rd Ave+10003|NYLinden Ave10003+NY143rd St+10003|NY123rd Ave10003|NY123rd Ave10003+NY143rd St+10003|NY143rd St10003'
-73.7957,40.6990,0,2,'NY160th St10003+NYSouth Rd+10003'
-73.7957,40.7278,0,13,'NY174th St10003+NY75th Ave+10003'
-73.7957,40.6731,0,4,'NYBascom Ave10003'
-73.7957,40.5984,0,1,'NYBeach 66th St10003|NYBeach 66th St10003+NYde Costa Ave+10003'
-73.7957,40.6665,28,11,'NYN Conduit Ave10003|NYN Conduit Ave10003+NYNassau Expressway Exit Wb+10003|NYNassau Expressway Exit Wb10003'
-73.7957,40.6739,1,6,'NYRockaway Blvd10003+NYLinden Ave+10003|NYRockaway Blvd10003+NY143rd St+10003|NYLinden Ave10003|NYLinden Ave10003+NY143rd St+10003'
-73.7957,40.6751,0,1,'NYLinden Ave10003+NY122nd Ave+10003|NY143rd St10003+NY122nd Ave+10003|NY122nd Ave10003'
-73.7957,40.7008,3,3,'NYUnion Hall St10003+NYLiberty Ave+10003'
-73.7957,40.7051,0,2,'NY164th St10003|NY164th St10003+NYJamaica Ave+10003'
-73.7957,40.7938,0,41,'NYTotten St10003|NYTotten St10003+NYPowells Cove Blvd+10003'
-73.7956,40.7417,0,4,'NY174th St10003|NY174th St10003+NYBooth Memorial Ave+10003'
-73.7956,40.7364,0,3,'NY174th St10003'
-73.7956,40.7098,6,18,'NYHillside Ave10002+NY167th St+10002|NYState Hwy 2510002+NY167th St+10002|NY167th St10003'
-73.7956,40.6887,0,1,'NYSutphin Blvd10003+NY111th Ave+10003'
-73.7956,40.7138,0,13,'NYGothic Dr10003+NY168th Pl+10003'
-73.7956,40.7730,0,6,'NYFrancis Lewis Blvd10003+NY26th Ave+10003|NYFrancis Lewis Blvd10003+NY169th St+10003'
-73.7956,40.7178,0,2,'NY170th St10003|NY170th St10003+NYGrand Central Pkwy+10003'
-73.7956,40.9376,0,1,'NYRosehill Ave10003+NYSiebrecht Pl+10003|NYSiebrecht Pl10003'
-73.7956,40.9229,0,3,'NYMayflower Ave10003+NYFaneuil Pl+10003|NYFaneuil Pl10003'
-73.7956,40.7599,0,2,'NY41st Ave10003|NY41st Ave10003+NY171st St+10003'
-73.7955,40.6919,0,3,'NY109th Rd10003|NY109th Rd10003+NY155th St+10003'
-73.7955,40.7388,1,1,'NY174th St10003'
-73.7955,40.6948,5,2,'NY157th St10003+NY108th Ave+10003'
-73.7955,40.6839,0,5,'NY115th Ave10003+NY147th St+10003'
-73.7955,40.6859,0,5,'NY148th St10003+NYLinden Blvd+10003'
-73.7955,40.7537,0,11,'NY46th Ave10003+NY171st Pl+10003|NY171st Pl10003'
-73.7954,40.6531,3,3,'NYS Service Ct10003'
-73.7954,40.6692,2,3,'NY144th St10003+NY133rd Ave+10003'
-73.7954,40.7081,0,10,'NY89th Ave10003+NYMerrick Blvd+10003'
-73.7954,40.6539,2,4,'NYN Service Ct10003'
-73.7954,40.6526,4,3,'NYCargo Plz10003|NYCargo Plz10003+NYS Cargo Rd+10003|NYS Cargo Rd10003'
-73.7954,40.6689,0,7,'NY144th St10003'
-73.7954,40.9289,0,1,'NYClove Rd10003+NYOtsego Ave+10003|NYOtsego Ave10003'
-73.7954,40.6577,174,94,'NYCargo Plz10003+NYCenter Cargo Rd+10003|NYCenter Cargo Rd10003'
-73.7953,40.7615,0,3,'NY171st St10003'
-73.7953,40.7402,0,2,'NY59th Ave10003+NY175th St+10003|NY175th St10003'
-73.7953,40.7687,0,13,'NY32nd Ave10003+NY170th St+10003'
-73.7953,40.6616,1,5,'NYCargo Plz10003+NY150th Ave+10003|NY150th Ave10003'
-73.7953,40.7172,0,9,'NY170th St10003+NY83rd Ave+10003|NY83rd Ave10003'
-73.7953,40.7858,0,2,'NYUtopia Pkwy10003|NYUtopia Pkwy10003+NYWillets Point Blvd+10003|NYWillets Point Blvd10003'
-73.7953,40.7889,0,3,'NYTotten St10003+NYCryders Ln+10003'
-73.7953,40.6646,4,16,'NYCargo Plz10003'
-73.7952,40.7805,0,3,'NY19th Ave10003'
-73.7952,40.6970,0,2,'NY159th St10003+NY107th Ave+10003|NY107th Ave10003'
-73.7952,40.7557,1,13,'NY171st Pl10003|NY171st Pl10003+NY45th Ave+10003'
-73.7952,40.9413,0,1,'NYElizabeth Rd10003|NYElizabeth Rd10003+NYWykagyl Ter+10003'
-73.7952,40.6928,1,5,'NY109th Ave10003+NY156th St+10003|NY156th St10003'
-73.7951,40.7812,0,6,'NY18th Ave10003'
-73.7951,40.7364,0,5,'NY174th St10003'
-73.7951,40.7247,1,3,'NY174th St10003|NY174th St10003+NYUnion Tpke+10003'
-73.7951,40.7297,0,2,'NY175th St10003+NY73rd Ave+10003'
-73.7951,40.6748,0,1,'NY144th St10003+NY123rd Ave+10003'
-73.7951,40.8888,0,2,'NYHillcrest Dr10003|NYHillcrest Dr10003+NYPelhamdale Ave+10003'
-73.7950,40.8058,0,1,'NYShepard Ave10003+NYMcGowan St+10003|NYMcGowan St10003'
-73.7950,40.7591,0,5,'NY42nd Ave10003'
-73.7950,40.6889,0,1,'NY153rd St10003+NY111th Ave+10003'
-73.7950,40.7289,0,1,'NY74th Ave10003'
-73.7949,40.7933,0,2,'NYPowells Cove Blvd10003'
-73.7949,40.7327,0,28,'NY175th St10003'
-73.7949,40.6716,0,2,'NY144th St10003+NY129th Ave+10003|NY129th Ave10003'
-73.7949,40.7055,1,0,'NYJamaica Ave10003+NY165th St+10003'
-73.7949,40.7380,1,4,'NY174th St10003'
-73.7949,40.7848,0,1,'NYUtopia Pkwy10003+NY15th Dr+10003|NY15th Dr10003'
-73.7949,40.7072,0,1,'NYMerrick Blvd10003+NY90th Ave+10003|NY90th Ave10003'
-73.7949,40.6785,2,4,'NYInwood St10003+NY119th Ave+10003'
-73.7949,40.8839,0,1,'NYRoosevelt Ave10003|NYRoosevelt Ave10003+NYRoosevelt Ave+10003'
-73.7949,40.5991,0,1,'NYBayfield Ave10003|NYBayfield Ave10003+NYBeach 65th St+10003|NYBeach 65th St10003'
-73.7948,40.7790,0,9,'NY169th St10003+NY20th Rd+10003|NY20th Rd10003'
-73.7948,40.6723,0,3,'NY144th St10003|NY144th St10003+NYSutter Ave+10003'
-73.7948,40.7280,0,1,'NY175th St10003+NY75th Ave+10003'
-73.7948,40.7491,0,1,'NYFairchild Ave10003'
-73.7948,40.6875,0,1,'NYSutphin Blvd10003+NY112th Ave+10003'
-73.7948,40.7499,0,1,'NYEffington Ave10003'
-73.7947,40.7141,0,4,'NYGothic Dr10003+NY169th St+10003'
-73.7947,40.7840,0,3,'NY16th Ave10003|NY16th Ave10003+NYUtopia Pkwy+10003'
-73.7947,40.6679,8,492,'NY145th St10003'
-73.7947,40.6738,0,4,'NYRockaway Blvd10003+NY144th St+10003'
-73.7947,40.7476,0,5,'NYPidgeon Meadow Rd10003'
-73.7947,40.7513,0,3,'NYCourtney Ave10003'
-73.7947,40.6907,0,1,'NY155th St10003+NY110th Ave+10003|NY155th St10003+NYBrinkerhoff Ave+10003|NY110th Ave10003|NYBrinkerhoff Ave10003'
-73.7947,40.7520,0,2,'NYBagley Ave10003'
-73.7946,40.7012,0,4,'NYGuy R Brewer Blvd10003|NYGuy R Brewer Blvd10003+NYGuy R Brewer Blvd+10003|NYGuy R Brewer Blvd10003+NYLiberty Ave+10003|NYGuy R Brewer Blvd10003+NYNew York Blvd+10003|NYLiberty Ave10003+NYNew York Blvd+10003|NYNew York Blvd10003'
-73.7946,40.6821,0,4,'NY116th Ave10003+NY147th St+10003'
-73.7946,40.6996,0,3,'NYUnion Hall St10003+NYSouth Rd+10003'
-73.7946,40.7527,0,3,'NYAshby Ave10003'
-73.7946,40.9559,0,1,'NYFenimore Rd10003'
-73.7946,40.7390,1,0,'NY175th St10003'
-73.7946,40.7159,0,5,'NY84th Rd10003|NY84th Rd10003+NY170th St+10003'
-73.7946,40.6446,864,328,'NYVan Wyck Expy10001'
-73.7946,40.7833,1,5,'NYUtopia Pkwy10003+NY16th Rd+10003|NY16th Rd10003'
-73.7946,40.8841,1,3,'NYRoosevelt Pl10003+NYRoosevelt Ave+10003|NYRoosevelt Ave10003'
-73.7946,40.6861,0,6,'NYLinden Blvd10003+NY149th St+10003|NY149th St10003'
-73.7945,40.7905,0,1,'NY12th Rd10003'
-73.7945,40.6690,0,5,'NY133rd Ave10003+NY145th St+10003'
-73.7945,40.7812,0,2,'NY169th St10003+NY18th Ave+10003|NY18th Ave10003'
-73.7945,40.7197,0,12,'NY82nd Ave10003|NY82nd Ave10003+NY172nd St+10003|NY172nd St10003'
-73.7945,40.6645,1,2,'NY146th St10003'
-73.7944,40.7826,0,4,'NYUtopia Pkwy10003+NY17th Ave+10003|NY17th Ave10003'
-73.7944,40.6973,1,5,'NY160th St10003+NY107th Ave+10003'
-73.7944,40.7150,0,11,'NY170th St10003+NY84th Dr+10003|NY84th Dr10003'
-73.7944,40.7818,0,5,'NY169th St10003|NY169th St10003+NYUtopia Pkwy+10003|NY169th St10003+NY17th Rd+10003|NYUtopia Pkwy10003+NY17th Rd+10003|NY17th Rd10003'
-73.7944,40.7823,0,3,'NYUtopia Pkwy10003+NY17th Ave+10003|NY17th Ave10003'
-73.7944,40.7094,2,4,'NY168th St10003+NY88th Ave+10003|NY88th Ave10003'
-73.7944,40.7687,0,7,'NY32nd Ave10003+NY171st St+10003'
-73.7943,40.7093,1,5,'NY168th St10003+NY88th Ave+10003|NY88th Ave10003'
-73.7943,40.9025,0,1,'NYKings Hwy10003+NYRockdale Ave+10003|NYRockdale Ave10003'
-73.7943,40.6559,114,102,'NYPilot Rd10003|NYPilot Rd10003+NYCompass Rd+10003|NYCompass Rd10003'
-73.7943,40.5909,0,1,'NYRockaway Beach Blvd10003+NYBeach 65th St+10003|NYBeach 65th St10003'
-73.7943,40.9459,0,1,'NYWykagyl Dr 410003'
-73.7943,40.8069,0,3,'NYMcGowan St10003|NYMcGowan St10003+NYField Pl+10003|NYField Pl10003'
-73.7942,40.7607,0,1,'NY172nd St10003|NY172nd St10003+NYStation Rd+10003|NYStation Rd10003'
-73.7942,40.8884,0,2,'NYPriory Ln10003'
-73.7942,40.7250,1,28,'NY175th St10003|NY175th St10003+NYUnion Tpke+10003'
-73.7942,40.6750,0,2,'NY145th St10003+NY123rd Ave+10003'
-73.7942,40.7345,0,10,'NY175th St10003'
-73.7942,40.6901,0,1,'NY155th St10003+NY110th Rd+10003|NY110th Rd10003'
-73.7942,40.7191,2,4,'NYGrand Central Pkwy10003+NY172nd St+10003|NYGrand Central Pkwy10003+NYGrnd Cntrl Parkway Entrance Wb+10003|NY172nd St10003|NY172nd St10003+NYGrnd Cntrl Parkway Entrance Wb+10003|NYGrnd Cntrl Parkway Entrance Wb10003'
-73.7942,40.5930,1,1,'NYBeach 65th St10003+NYBeach Channel Dr+10003'
-73.7942,40.6616,0,1,'NY146th St10003|NY146th St10003+NY150th Ave+10003'
-73.7942,40.7715,0,4,'NYFrancis Lewis Blvd10003+NY28th Ave+10003|NYFrancis Lewis Blvd10003+NY171st St+10003|NY28th Ave10003|NY28th Ave10003+NY171st St+10003|NY171st St10003'
-73.7941,40.6953,0,1,'NY159th St10003+NY108th Ave+10003'
-73.7941,40.7861,0,4,'NY200th St10003'
-73.7940,40.6768,0,6,'NY120th Ave10003+NYInwood St+10003'
-73.7940,40.7804,0,12,'NYUtopia Pkwy10003+NY19th Ave+10003'
-73.7940,40.6714,0,7,'NY145th St10003+NY129th Ave+10003|NY129th Ave10003'
-73.7940,40.6912,0,4,'NY110th Ave10003+NY156th St+10003|NYBrinkerhoff Ave10003+NY156th St+10003'
-73.7940,40.6787,1,6,'NY146th St10003+NY119th Ave+10003'
-73.7940,40.7380,0,7,'NY175th St10003'
-73.7940,40.5901,0,1,'NYLarkin Ave10003+NYBeach 65th St+10003|NYBeach 65th St10003'
-73.7939,40.7853,0,6,'NY200th St10003+NY15th Rd+10003|NY15th Rd10003'
-73.7939,40.7086,0,9,'NY168th St10003+NY89th Ave+10003'
-73.7939,40.8997,0,1,'NYIndustrial Ln10003|NYIndustrial Ln10003+NYNardozzi Pl+10003|NYIndustrial Pl10003|NYIndustrial Pl10003+NYNardozzi Pl+10003'
-73.7939,40.6670,20,131,'NYState Hwy 2710002+NYInwood St+10002|NYN Conduit Ave10002+NYInwood St+10002|NYInwood St10003'
-73.7939,40.7392,3,2,'NY175th Pl10003'
-73.7939,40.8839,0,1,'NYRoosevelt Pl10003|NYRoosevelt Pl10003+NYPelham Shore Rd+10003|NYRoosevelt Pl10003+NYShore Rd+10003'
-73.7939,40.7282,0,3,'NY176th St10003|NY176th St10003+NY75th Ave+10003'
-73.7939,40.7104,1,11,'NYHillside Ave10002+NY168th Pl+10002|NYState Hwy 2510002+NY168th Pl+10002'
-73.7939,40.7797,0,16,'NYUtopia Pkwy10003+NY20th Ave+10003|NY20th Ave10003'
-73.7939,40.6675,0,101,'NY135th Ave10003+NYInwood St+10003'
-73.7939,40.7184,0,9,'NY172nd St10003|NY172nd St10003+NYGrand Central Pkwy+10003'
-73.7939,40.7312,0,18,'NYJewel Ave10003+NYUtopia Pkwy+10003'
-73.7938,40.7317,0,13,'NYUtopia Pkwy10003+NYFresh Meadow Ln+10003|NYFresh Meadow Ln10003'
-73.7938,40.5902,0,2,'NYBeach 65th St10003|NYBeach 65th St10003+NYLarkin Ave+10003'
-73.7938,40.7040,1,1,'NYArcher Ave10003+NY165th St+10003'
-73.7938,40.7414,0,3,'NYBooth Memorial Ave10003+NY175th Pl+10003|NY175th Pl10003'
-73.7938,40.6824,0,1,'NY148th St10003+NY116th Ave+10003'
-73.7938,40.6737,1,3,'NYRockaway Blvd10003+NY145th St+10003'
-73.7937,40.7161,1,2,'NY84th Rd10003+NY171st St+10003|NY171st St10003'
-73.7937,40.6644,0,6,'NY146th St10003'
-73.7937,40.6844,0,3,'NY115th Ave10003+NY149th St+10003'
-73.7937,40.6562,281,209,'NYCompass Rd10003|NYCompass Rd10003+NYCompass Rd+10003'
-73.7937,40.7787,0,3,'NYUtopia Pkwy10003+NY21st Ave+10003|NY21st Ave10003'
-73.7937,40.8067,0,2,'NYI 29510001+NYReeder St+10001|NYReeder St10003'
-73.7937,40.8076,0,1,'NYThroggs Neck Expy10001|NYThroggs Neck Expy10001+NYThrogs Neck Expy+10001|NYThrogs Neck Expy10001'
-73.7937,40.7787,0,3,'NYUtopia Pkwy10003+NY21st Ave+10003|NY21st Ave10003'
-73.7937,40.7270,0,7,'NY176th St10003+NY76th Ave+10003'
-73.7937,40.7734,0,7,'NY172nd St10003'
-73.7936,40.6688,0,5,'NY133rd Ave10003+NYInwood St+10003'
-73.7936,40.9379,0,1,'NYRosehill Ave10003|NYRosehill Ave10003+NYRosehill Ave+10003'
-73.7936,40.6998,0,2,'NYGuy R Brewer Blvd10003+NYSouth Rd+10003'
-73.7935,40.7263,0,2,'NY176th St10003+NY77th Rd+10003|NY77th Rd10003'
-73.7935,40.7097,0,4,'NY168th Pl10003+NY88th Ave+10003'
-73.7935,40.7778,1,4,'NY21st Rd10003|NY21st Rd10003+NYUtopia Pkwy+10003'
-73.7935,40.7132,0,14,'NYHenley Rd10003'
-73.7935,40.7458,0,19,'NYPeck Ave10003+NY175th Pl+10003|NY175th Pl10003'
-73.7935,40.6576,384,186,'NYCenter Cargo Rd10003'
-73.7935,40.7144,2,3,'NYGothic Dr10003'
-73.7935,40.9321,0,1,'NYGlenfruin Ave10003'
-73.7934,40.7608,0,2,'NYUtopia Pkwy10003+NYStation Rd+10003'
-73.7934,40.7533,0,19,'NY172nd St10003|NY172nd St10003+NY46th Ave+10003'
-73.7934,40.7686,0,2,'NY32nd Ave10003+NY172nd St+10003'
-73.7934,40.7078,0,3,'NY168th St10003+NY90th Ave+10003'
-73.7934,40.7824,0,4,'NY200th St10003|NY200th St10003+NY17th Ave+10003'
-73.7934,40.6660,40,13,'NYNassau Expressway Exit Wb10003|NYNassau Expressway Exit Wb10003+NYSouthern Pkwy+10003'
-73.7934,40.6616,1,1,'NY150th Ave10003+NY147th St+10003|NY147th St10003'
-73.7933,40.7770,0,10,'NYUtopia Pkwy10003+NY22nd Ave+10003'
-73.7933,40.7623,1,17,'NYUtopia Pkwy10003+NY37th Ave+10003|NY37th Ave10003'
-73.7933,40.7253,1,5,'NY176th St10003|NY176th St10003+NYUnion Tpke+10003'
-73.7933,40.6545,1,2,'NYN Service Ct10003+NYPilot Rd+10003|NYPilot Rd10003'
-73.7933,40.7153,0,1,'NY84th Dr10003|NY84th Dr10003+NY171st St+10003'
-73.7933,40.7718,0,2,'NY28th Ave10003+NY172nd St+10003'
-73.7933,40.6889,0,1,'NY155th St10003+NY111th Rd+10003|NY111th Rd10003'
-73.7933,40.6705,0,12,'NY130th Ave10003+NYInwood St+10003'
-73.7933,40.6978,0,4,'NY107th Ave10003+NYUnion Hall St+10003'
-73.7933,40.9650,0,1,'NYRegal Dr10003'
-73.7933,40.7335,0,5,'NYUtopia Pkwy10003+NY68th Ave+10003|NY68th Ave10003'
-73.7933,40.6957,0,3,'NY160th St10003+NY108th Ave+10003'
-73.7933,40.7864,0,6,'NY201st St10003'
-73.7933,40.6599,6,6,'NYJfk Expressway Exit Sb10003|NYJfk Expressway Exit Sb10003+NYJfk Expressway Entrance Sb+10003|NYJfk Expressway Entrance Sb10003'
-73.7933,40.6854,1,2,'NYSutphin Blvd10003+NY114th Rd+10003|NY114th Rd10003'
-73.7932,40.7705,0,2,'NYFrancis Lewis Blvd10003+NY29th Ave+10003'
-73.7932,40.6671,1,8,'NYState Hwy 2710002+NY135th Ave+10002|NY135th Ave10003|NY135th Ave10003+NYN Conduit Ave+10003'
-73.7932,40.7293,1,14,'NYUtopia Pkwy10003+NY74th Ave+10003|NY74th Ave10003'
-73.7932,40.7591,0,28,'NYUtopia Pkwy10003+NY42nd Ave+10003'
-73.7932,40.7126,2,11,'NYHomelawn St10003+NYHighland Ave+10003'
-73.7932,40.7170,0,2,'NY84th Ave10003+NY172nd St+10003'
-73.7932,40.6916,0,1,'NY157th St10003+NY110th Ave+10003|NY157th St10003+NYBrinkerhoff Ave+10003'
-73.7932,40.7704,0,2,'NYFrancis Lewis Blvd10003+NY172nd St+10003'
-73.7932,40.6866,0,2,'NYAugusta Ct10003|NYAugusta Ct10003+NYLinden Blvd+10003'
-73.7932,40.6601,3,5,'NYJfk Expressway Exit Sb10003'
-73.7932,40.8859,0,1,'NYShoreview Cir10003'
-73.7932,40.6565,167,91,'NYCompass Rd10003'
-73.7931,40.7149,0,7,'NYKingston Pl10003|NYKingston Pl10003+NY171st St+10003|NY171st St10003'
-73.7931,40.6790,0,2,'NY147th St10003+NY119th Ave+10003'
-73.7931,40.6671,0,7,'NYState Hwy 2710002+NY146th St+10002|NYN Conduit Ave10002+NY146th St+10002|NY146th St10003'
-73.7931,40.7089,0,5,'NY168th Pl10003+NY89th Ave+10003'
-73.7930,40.7107,7,11,'NYHillside Ave10002+NYHomelawn St+10002|NYHillside Ave10002+NY169th St+10002|NYState Hwy 2510002+NYHomelawn St+10002|NYState Hwy 2510002+NY169th St+10002|NYHomelawn St10003|NYHomelawn St10003+NY169th St+10003'
-73.7930,40.7854,0,3,'NY15th Rd10003+NY201st St+10003'
-73.7930,40.7116,0,14,'NYHomelawn St10003+NYCedarcroft Rd+10003|NYCedarcroft Rd10003'
-73.7930,40.7072,0,1,'NY168th St10003+NY91st Ave+10003|NY91st Ave10003'
-73.7930,40.6720,0,4,'NYSutter Ave10003+NYInwood St+10003'
-73.7929,40.7201,0,7,'NY173rd St10003|NY173rd St10003+NY82nd Ave+10003'
-73.7929,40.6883,3,3,'NY155th St10003+NY112th Ave+10003|NY112th Ave10003'
-73.7929,40.7328,0,19,'NY178th St10003'
-73.7929,40.6938,0,1,'NY159th St10003|NY159th St10003+NY109th Ave+10003'
-73.7929,40.7398,0,4,'NY59th Ave10003|NY59th Ave10003+NYUtopia Pkwy+10003'
-73.7929,40.6826,0,1,'NY116th Ave10003+NY149th St+10003|NY149th St10003'
-73.7929,40.6598,14,5,'NYJfk Expressway Exit Sb10003|NYJfk Expressway Exit Sb10003+NYJfk Expressway Exit Sb+10003'
-73.7929,40.8877,0,1,'NYPriory Ln10003'
-73.7929,40.7164,0,4,'NY84th Rd10003|NY84th Rd10003+NY172nd St+10003'
-73.7928,40.7044,0,2,'NYArcher Ave10003+NYMerrick Blvd+10003'
-73.7928,40.6861,0,3,'NYAugusta Ct10003'
-73.7928,40.6848,0,1,'NYSutphin Blvd10003+NY115th Ave+10003|NY115th Ave10003'
-73.7928,40.7410,0,1,'NYUtopia Pkwy10003+NY182nd St+10003|NY182nd St10003'
-73.7928,40.7412,0,2,'NYBooth Memorial Ave10003+NY58th Ave+10003|NYUtopia Pkwy10003+NY58th Ave+10003|NY58th Ave10003'
-73.7928,40.6803,0,1,'NY148th St10003|NY148th St10003+NYFoch Blvd+10003'
-73.7928,40.8925,0,1,'NYRockledge Dr10003'
-73.7928,40.7740,0,5,'NYUtopia Pkwy10003+NY25th Ave+10003|NY25th Ave10003'
-73.7927,40.6548,25,12,'NYN Service Ct10003|NYN Service Ct10003+NYCompass Rd+10003'
-73.7927,40.5967,0,1,'NYBurchell Rd10003|NYBurchell Rd10003+NYBeach 63rd St+10003'
-73.7927,40.7157,1,3,'NYHomelawn St10003+NYAspen Pl+10003|NYAspen Pl10003'
-73.7927,40.7428,0,5,'NYUtopia Pkwy10003+NY56th Ave+10003|NY56th Ave10003'
-73.7927,40.6591,75,17,'NYJfk Expressway Entrance Sb10003'
-73.7927,40.7430,0,5,'NYUtopia Pkwy10003+NY56th Ave+10003|NY56th Ave10003'
-73.7926,40.7196,0,1,'NY173rd St10003|NY173rd St10003+NYGrand Central Pkwy+10003'
-73.7926,40.7303,3,4,'NY73rd Ave10003+NY177th St+10003|NY177th St10003'
-73.7926,40.7365,0,12,'NY180th St10003'
-73.7926,40.7100,0,2,'NY169th St10003+NY88th Ave+10003'
-73.7926,40.5961,0,1,'NYElizabeth Rd10003|NYElizabeth Rd10003+NYBeach 63rd St+10003'
-73.7926,40.6736,0,4,'NYRockaway Blvd10003+NYInwood St+10003'
-73.7926,40.6616,3,4,'NY148th St10003|NY148th St10003+NY150th Ave+10003|NY148th St10003+NY150th St+10003|NY150th Ave10003+NY150th St+10003|NY150th St10003'
-73.7926,40.9669,0,3,'NYVaneck Dr10003+NYRegal Dr+10003|NYRegal Dr10003'
-73.7926,40.6834,0,1,'NYSutphin Blvd10003+NY115th Dr+10003|NY115th Dr10003'
-73.7926,40.6842,0,5,'NYSutphin Blvd10003+NY115th Rd+10003|NY115th Rd10003'
-73.7926,40.6877,0,2,'NY155th St10003+NY113th Ave+10003'
-73.7926,40.7445,0,11,'NYUtopia Pkwy10003+NY50th Ave+10003|NYUtopia Pkwy10003+NY184th St+10003|NY50th Ave10003+NY184th St+10003|NY184th St10003'
-73.7926,40.7608,0,2,'NYStation Rd10003+NY189th St+10003|NY189th St10003'
-73.7926,40.7730,0,1,'NY27th Ave10003|NY27th Ave10003+NYUtopia Pkwy+10003'
-73.7925,40.6998,0,3,'NY104th Rd10003|NY104th Rd10003+NYRev James R Moore Pl+10003|NY104th Rd10003+NY164th St+10003'
-73.7925,40.9021,0,1,'NYKings Hwy10003+NYBirch St+10003|NYBirch St10003'
-73.7925,40.7064,0,2,'NY168th St10003+NYJamaica Ave+10003'
-73.7925,40.6818,1,2,'NYSutphin Blvd10003+NY116th Rd+10003|NY116th Rd10003'
-73.7925,40.7457,0,23,'NYPeck Ave10003+NYUtopia Pkwy+10003'
-73.7925,40.6869,0,2,'NYLinden Blvd10003+NYJames Ct+10003|NYJames Ct10003'
-73.7925,40.6755,0,1,'NY123rd Ave10003+NY146th St+10003'
-73.7924,40.7534,0,2,'NY46th Ave10003|NY46th Ave10003+NYUtopia Pkwy+10003'
-73.7924,40.7696,0,3,'NYFrancis Lewis Blvd10003+NY30th Ave+10003|NYUtopia Pkwy10003+NY30th Ave+10003|NY30th Ave10003'
-73.7924,40.7869,1,4,'NY202nd St10003'
-73.7924,40.7531,0,1,'NYHollis Court Blvd10003|NYHollis Court Blvd10003+NY46th Ave+10003|NYHollis Court Blvd10003+NYUtopia Pkwy+10003|NY46th Ave10003|NY46th Ave10003+NYUtopia Pkwy+10003'
-73.7924,40.7720,0,2,'NY28th Ave10003+NYUtopia Pkwy+10003'
-73.7924,40.7476,0,10,'NYUtopia Pkwy10003+NYPidgeon Meadow Rd+10003|NYPidgeon Meadow Rd10003'
-73.7923,40.7165,0,5,'NYHomelawn St10003+NYKendrick Pl+10003|NYKendrick Pl10003'
-73.7923,40.6774,0,6,'NY120th Ave10003+NY147th St+10003'
-73.7923,40.7379,1,10,'NY181st St10003'
-73.7923,40.6543,6,4,'NYS Service Ct10003|NYS Service Ct10003+NYCompass Rd+10003'
-73.7923,40.7484,0,1,'NYGladwin Ave10003|NYGladwin Ave10003+NYUtopia Pkwy+10003|NYGladwin Ave10003+NY48th Ave+10003|NYGladwin Ave10003+NY186th St+10003|NYUtopia Pkwy10003+NY48th Ave+10003|NYUtopia Pkwy10003+NY186th St+10003|NY48th Ave10003|NY48th Ave10003+NY186th St+10003|NY186th St10003'
-73.7923,40.7271,0,8,'NYUtopia Pkwy10003+NY76th Ave+10003|NY76th Ave10003'
-73.7923,40.6811,0,13,'NYSutphin Blvd10003+NY116th Dr+10003|NY116th Dr10003'
-73.7923,40.7526,0,1,'NYUtopia Pkwy10003+NYAshby Ave+10003|NYAshby Ave10003'
-73.7923,40.7490,0,1,'NYUtopia Pkwy10003+NYFairchild Ave+10003|NYFairchild Ave10003'
-73.7923,40.7173,0,11,'NY84th Ave10003|NY84th Ave10003+NYHomelawn St+10003|NY84th Ave10003+NYCroydon Rd+10003|NYHomelawn St10003+NYCroydon Rd+10003|NYCroydon Rd10003'
-73.7922,40.7633,0,7,'NY190th St10003|NY190th St10003+NYCrocheron Ave+10003'
-73.7922,40.7525,0,1,'NYUtopia Pkwy10003+NY188th St+10003|NY188th St10003'
-73.7922,40.7498,1,4,'NYUtopia Pkwy10003+NYEffington Ave+10003|NYEffington Ave10003'
-73.7922,40.7519,0,3,'NYBagley Ave10003|NYBagley Ave10003+NYUtopia Pkwy+10003'
-73.7922,40.7502,1,2,'NY187th St10003|NY187th St10003+NYUtopia Pkwy+10003'
-73.7922,40.6670,0,11,'NY147th St10003|NY147th St10003+NYState Hwy 27+10003|NY147th St10003+NYN Conduit Ave+10003'
-73.7922,40.7505,0,3,'NYUtopia Pkwy10003+NY47th Ave+10003'
-73.7922,40.7092,0,7,'NY169th St10003+NY89th Ave+10003'
-73.7921,40.7855,0,7,'NY15th Rd10003|NY15th Rd10003+NY202nd St+10003'
-73.7921,40.6941,0,2,'NY160th St10003+NY109th Ave+10003'
-73.7921,40.7512,0,5,'NYCourtney Ave10003|NYCourtney Ave10003+NYUtopia Pkwy+10003'
-73.7921,40.7807,0,5,'NY19th Ave10003+NY201st St+10003|NY201st St10003'
-73.7921,40.7645,0,22,'NY35th Ave10003+NY190th St+10003'
-73.7920,40.7266,0,5,'NY77th Rd10003|NY77th Rd10003+NYUtopia Pkwy+10003'
-73.7920,40.6900,0,3,'NY157th St10003+NY111th Ave+10003'
-73.7920,40.7111,2,9,'NY170th St10003|NY170th St10003+NYHillside Ave+10003|NY170th St10003+NYState Hwy 25+10003'
-73.7920,40.7189,0,3,'NYGrand Central Pkwy10003+NY173rd St+10003|NY173rd St10003'
-73.7920,40.7310,0,2,'NY178th St10003'
-73.7920,40.6635,3,5,'NY148th St10003|NY148th St10003+NY150th St+10003|NY148th St10003+NY147th Ave+10003|NY150th St10003|NY150th St10003+NY147th Ave+10003'
-73.7920,40.7351,0,12,'NY179th St10003|NY179th St10003+NY180th St+10003|NY179th St10003+NY67th Ave+10003'
-73.7920,40.7414,0,7,'NY58th Ave10003+NY183rd St+10003|NY183rd St10003'
-73.7920,40.7287,0,9,'NY75th Ave10003+NY177th St+10003'
-73.7919,40.7871,0,2,'NYX Isle Parkway Exit Sb10003'
-73.7919,40.6605,59,17,'NYJfk Expressway Entrance Naval Base10003|NYJfk Expressway Entrance Naval Base10003+NYJfk Expressway Exit Sb+10003|NYJfk Expressway Exit Sb10003'
-73.7919,40.7392,0,9,'NY182nd St10003'
-73.7919,40.7181,0,3,'NYHomelawn St10003+NY83rd Ave+10003|NY83rd Ave10003'
-73.7919,40.7569,0,7,'NY43rd Rd10003|NY43rd Rd10003+NY189th St+10003'
-73.7919,40.7689,0,3,'NYFrancis Lewis Blvd10003+NY32nd Ave+10003'
-73.7919,40.7879,0,1,'NYX Isle Parkway Exit Naval Base10003+NYX Isle Parkway Entrance Naval Base+10003|NYX Isle Parkway Entrance Naval Base10003'
-73.7919,40.7138,2,31,'NYMayfield Rd10003|NYMayfield Rd10003+NYHenley Rd+10003|NYMayfield Rd10003+NYKingston Pl+10003|NYHenley Rd10003+NYKingston Pl+10003'
-73.7919,40.6797,0,2,'NYSutphin Blvd10003+NY118th Ave+10003|NY118th Ave10003'
-73.7918,40.6536,6,8,'NYS Cargo Rd10003+NYCompass Rd+10003|NYCompass Rd10003'
-73.7918,40.7563,0,10,'NY44th Ave10003|NY44th Ave10003+NY189th St+10003'
-73.7918,40.7022,0,1,'NYS South St10003|NYS South St10003+NYLiberty Ave+10003'
-73.7918,40.7001,0,2,'NY164th Pl10003|NY164th Pl10003+NY104th Rd+10003|NY104th Rd10003'
-73.7918,40.7617,0,8,'NY190th St10003|NY190th St10003+NY39th Ave+10003'
-73.7917,40.7258,2,16,'NYUtopia Pkwy10003+NYUnion Tpke+10003'
-73.7917,40.7367,0,7,'NY65th Ave10003+NY181st St+10003'
-73.7917,40.5951,0,1,'NYThursby Ave10003+NYBeach 62nd St+10003|NYBeach 62nd St10003'
-73.7917,40.7305,0,3,'NY178th St10003|NY178th St10003+NY73rd Ave+10003'
-73.7917,40.7183,0,2,'NYHomelawn St10003+NY173rd St+10003|NY173rd St10003'
-73.7917,40.6922,0,1,'NY159th St10003|NY159th St10003+NY110th Ave+10003|NY159th St10003+NYBrinkerhoff Ave+10003'
-73.7917,40.6793,0,4,'NYSutphin Blvd10003+NY119th Ave+10003'
-73.7917,40.9376,0,1,'NYBarberry Ln10003'
-73.7917,40.6881,0,1,'NY113th Ave10003+NY156th St+10003|NY156th St10003'
-73.7917,40.7084,0,5,'NY169th St10003+NY90th Ave+10003'
-73.7917,40.7450,0,21,'NY185th St10003|NY185th St10003+NY50th Ave+10003'
-73.7917,40.7609,0,6,'NYStation Rd10003+NY190th St+10003|NY190th St10003'
-73.7917,40.7049,0,1,'NY168th St10003+NYArcher Ave+10003|NY168th St10003+NY93rd Ave+10003|NYArcher Ave10003|NYArcher Ave10003+NY93rd Ave+10003|NY93rd Ave10003'
-73.7917,40.6735,0,4,'NYRockaway Blvd10003+NY146th St+10003|NY146th St10003'
-73.7917,40.9019,0,1,'NYMain St10002+NYKings Hwy+10002|NYKings Hwy10003|NYKings Hwy10003+NYBoston Post Rd+10003'
-73.7916,40.7742,0,8,'NY200th St10003'
-73.7916,40.7826,0,2,'NY17th Ave10003|NY17th Ave10003+NY202nd St+10003'
-73.7916,40.7723,0,5,'NYJordan St10003|NYJordan St10003+NY28th Ave+10003'
-73.7916,40.6618,70,19,'NY149th St10003'
-73.7916,40.7549,0,9,'NY45th Rd10003|NY45th Rd10003+NY189th St+10003'
-73.7916,40.7103,3,2,'NY170th St10003+NY88th Ave+10003'
-73.7916,40.6985,0,3,'NY107th Ave10003+NY164th St+10003'
-73.7916,40.6757,0,6,'NY123rd Ave10003+NY147th St+10003'
-73.7915,40.7685,0,5,'NYFrancis Lewis Blvd10003+NY190th St+10003|NY190th St10003'
-73.7915,40.7542,0,1,'NY45th Dr10003|NY45th Dr10003+NY189th St+10003'
-73.7915,40.8555,1,0,'NYCity Island Ave10003|NYCity Island Ave10003+NYCity Island Ave+10003'
-73.7915,40.6735,0,2,'NYRockaway Blvd10003+NY146th St+10003|NY146th St10003'
-73.7915,40.7067,0,1,'NYJamaica Ave10003+NY168th Pl+10003|NY168th Pl10003'
-73.7915,40.6786,0,1,'NYSutphin Blvd10003+NY119th Rd+10003|NY119th Rd10003'
-73.7914,40.7487,0,4,'NY187th St10003+NY48th Ave+10003'
-73.7914,40.7683,1,0,'NYFrancis Lewis Blvd10003+NY32nd Rd+10003|NY32nd Rd10003'
-73.7914,40.7535,1,13,'NY46th Ave10003+NY189th St+10003'
-73.7914,40.7465,0,6,'NY186th St10003|NY186th St10003+NYUnderhill Ave+10003'
-73.7914,40.7130,0,30,'NYHighland Ave10003+NYKingston Pl+10003'
-73.7914,40.7206,0,2,'NY82nd Ave10003+NY175th St+10003|NY175th St10003'
-73.7914,40.6903,0,1,'NY158th St10003+NY111th Ave+10003'
-73.7914,40.8566,0,1,'NYBridge St10003|NYBridge St10003+NYCity Island Ave+10003|NYCity Island Ave10003'
-73.7914,40.7250,0,7,'NYUtopia Pkwy10003+NY80th Rd+10003|NY80th Rd10003'
-73.7913,40.7507,0,6,'NY188th St10003+NY47th Ave+10003'
-73.7913,40.7808,0,3,'NY19th Ave10003|NY19th Ave10003+NY202nd St+10003'
-73.7913,40.7528,0,1,'NYHollis Court Blvd10003+NY46th Rd+10003|NYHollis Court Blvd10003+NY189th St+10003|NY46th Rd10003|NY46th Rd10003+NY189th St+10003'
-73.7913,40.6670,0,3,'NYState Hwy 2710002+NY148th St+10002|NY148th St10003|NY148th St10003+NYN Conduit Ave+10003'
-73.7913,40.7077,0,2,'NY91st Ave10003|NY91st Ave10003+NY169th St+10003'
-73.7913,40.7149,0,5,'NYMayfield Rd10003+NYAspen Pl+10003|NYAspen Pl10003'
-73.7913,40.7399,0,1,'NY183rd St10003'
-73.7913,40.7635,0,1,'NY191st St10003|NY191st St10003+NYCrocheron Ave+10003'
-73.7912,40.6966,0,7,'NYGuy R Brewer Blvd10003+NY108th Ave+10003'
-73.7912,40.6669,1,3,'NYSouthern Parkway Svc Rd10006'
-73.7912,40.7187,1,6,'NYHomelawn St10003+NYCharlecote Ridge+10003|NYCharlecote Ridge10003'
-73.7912,40.7578,0,12,'NY190th St10003'
-73.7912,40.8870,1,0,'NYShore Rd10003|NYShore Rd10003+NYPelhamdale Ave+10003|NYShore Rd10003+NYPelham Shore Rd+10003|NYPelhamdale Ave10003|NYPelhamdale Ave10003+NYPelham Shore Rd+10003|NYPelham Shore Rd10003'
-73.7912,40.6780,0,2,'NYSutphin Blvd10003+NY120th Ave+10003|NY120th Ave10003'
-73.7912,40.6643,26,21,'NY150th St10003+NYI 878+10003|NY150th St10003+NYNassau Expy+10003'
-73.7912,40.6632,71,24,'NY147th Ave10003|NY147th Ave10003+NY149th St+10003|NY149th St10003'
-73.7912,40.5973,0,1,'NYAlmeda Ave10003'
-73.7911,40.7096,0,13,'NY170th St10003+NY89th Ave+10003'
-73.7911,40.6778,0,1,'NY120th Ave10003|NY120th Ave10003+NYSutphin Blvd+10003'
-73.7911,40.7645,0,4,'NY35th Ave10003+NY191st St+10003'
-73.7911,40.7354,0,13,'NY181st St10003+NY67th Ave+10003'
-73.7911,40.7635,0,2,'NY191st St10003|NY191st St10003+NYCrocheron Ave+10003'
-73.7911,40.7289,0,8,'NY178th St10003+NY75th Ave+10003'
-73.7911,40.9498,0,1,'NYQuaker Ridge Rd10003+NYVan Meter Fens+10003|NYVan Meter Fens10003'
-73.7911,40.7790,0,8,'NY21st Ave10003|NY21st Ave10003+NY202nd St+10003'
-73.7910,40.6856,0,2,'NY115th Ave10003+NY155th St+10003'
-73.7910,40.7058,0,1,'NY92nd Rd10003|NY92nd Rd10003+NY168th Pl+10003'
-73.7910,40.7114,1,10,'NYHillside Ave10002+NY171st St+10002|NYState Hwy 2510002+NY171st St+10002|NY171st St10003'
-73.7910,40.7393,0,12,'NY183rd St10003'
-73.7910,40.6925,0,2,'NY160th St10003+NY110th Ave+10003|NY160th St10003+NYBrinkerhoff Ave+10003'
-73.7910,40.6773,0,2,'NYSutphin Blvd10003+NY121st Ave+10003|NY121st Ave10003'
-73.7909,40.7189,0,4,'NYHomelawn St10003+NYGrand Central Pkwy+10003'
-73.7909,40.7759,0,5,'NY24th Ave10003+NY201st St+10003'
-73.7909,40.9572,0,1,'NYSunnyside Way10003|NYSunnyside Way10003+NYLord Kitchner Rd+10003'
-73.7909,40.7242,0,12,'NY80th Dr10003|NY80th Dr10003+NYUtopia Pkwy+10003'
-73.7909,40.7618,0,9,'NY191st St10003|NY191st St10003+NY39th Ave+10003'
-73.7909,40.7307,0,2,'NY179th St10003+NY73rd Ave+10003|NY179th St10003+NYJewel Ave+10003|NY73rd Ave10003+NYJewel Ave+10003|NYJewel Ave10003'
-73.7909,40.6604,4,3,'NYJfk Expressway Entrance Naval Base10003'
-73.7909,40.7708,0,4,'NY29th Ave10003+NYJordan St+10003'
-73.7908,40.7260,0,4,'NY177th St10003|NY177th St10003+NYUnion Tpke+10003'
-73.7908,40.6734,0,3,'NY147th St10003|NY147th St10003+NYRockaway Blvd+10003'
-73.7908,40.6988,3,2,'NY164th Pl10003+NY107th Ave+10003'
-73.7908,40.7069,0,3,'NYJamaica Ave10003+NY169th St+10003|NY169th St10003'
-73.7908,40.7670,0,3,'NY33rd Ave10003+NY191st St+10003'
-73.7908,40.7452,0,1,'NYPeck Ave10003+NY186th St+10003|NY186th St10003'
-73.7908,40.7610,0,11,'NYStation Rd10003+NY191st St+10003|NY191st St10003'
-73.7908,40.7725,0,1,'NY28th Ave10003+NY200th St+10003'
-73.7907,40.7191,0,2,'NYHomelawn St10003+NYCharlecote Ridge+10003|NYCharlecote Ridge10003'
-73.7907,40.7408,0,1,'NYBooth Memorial Ave10003+NY184th St+10003|NY184th St10003'
-73.7907,40.7051,0,2,'NY93rd Ave10003+NY168th Pl+10003|NY168th Pl10003'
-73.7907,40.6767,0,3,'NYSutphin Blvd10003+NY122nd Ave+10003|NY122nd Ave10003'
-73.7906,40.6541,34,31,'NYS Cargo Rd10003+NY150th St+10003'
-73.7906,40.7125,1,18,'NYCedarcroft Rd10003|NYCedarcroft Rd10003+NYKingston Pl+10003'
-73.7906,40.6850,1,4,'NY115th Rd10003+NY155th St+10003'
-73.7906,40.9025,1,1,'NYAllard Ave10003|NYAllard Ave10003+NYMain St+10003|NYAllard Ave10003+NYBoston Post Rd+10003'
-73.7906,40.8559,0,1,'NYMinnieford Ave10003+NYSutherland St+10003|NYSutherland St10003'
-73.7906,40.7107,0,8,'NY171st St10003+NY88th Ave+10003|NY88th Ave10003'
-73.7906,40.7026,0,3,'NY168th St10003|NY168th St10003+NYLiberty Ave+10003|NY168th St10003+NYMerrick Blvd+10003|NYLiberty Ave10003+NYMerrick Blvd+10003|NYMerrick Blvd10003'
-73.7905,40.7490,0,6,'NY48th Ave10003+NY188th St+10003'
-73.7905,40.7198,2,8,'NYHomelawn St10003+NYGrand Ctrl Pkwy S Rd+10003'
-73.7905,40.6734,0,3,'NYRockaway Blvd10003+NY147th St+10003|NY147th St10003'
-73.7905,40.7878,0,1,'NYCross Island Pkwy Srv10006+NYClearview Expressway Entrance Sb+10006|NYCross Island Pkwy10006+NYClearview Expressway Entrance Sb+10006|NYClearview Expressway Entrance Sb10003'
-73.7904,40.9363,0,1,'NYValley Rd10003'
-73.7904,40.6969,0,1,'NYRev James R Moore Pl10003+NY108th Ave+10003|NY108th Ave10003+NY164th St+10003'
-73.7904,40.7509,0,2,'NY47th Ave10003+NY189th St+10003'
-73.7904,40.6669,19,29,'NYState Hwy 2710002+NY149th St+10002|NYN Conduit Ave10002+NY149th St+10002|NY149th St10003'
-73.7904,40.6878,0,2,'NYLinden Blvd10003+NY157th St+10003'
-73.7904,40.8574,0,3,'NYMinnieford Ave10003|NYMinnieford Ave10003+NYTerrace St+10003|NYTerrace St10003'
-73.7904,40.6991,1,1,'NY107th Ave10003+NY165th St+10003'
-73.7904,40.7746,0,1,'NY26th Ave10003+NY201st St+10003|NY201st St10003'
-73.7903,40.6760,0,1,'NYSutphin Blvd10003+NY123rd Ave+10003'
-73.7903,40.6804,0,2,'NY118th Ave10003+NY152nd St+10003|NY152nd St10003'
-73.7903,40.7202,0,3,'NYGrand Central Pkwy10003+NYHomelawn St+10003|NYGrand Central Pkwy10003+NYUtopia Pkwy+10003|NYHomelawn St10003|NYHomelawn St10003+NYUtopia Pkwy+10003|NYUtopia Pkwy10003'
-73.7903,40.7379,0,9,'NY64th Ave10003+NY183rd St+10003'
-73.7903,40.7578,0,7,'NY191st St10003'
-73.7903,40.7209,0,7,'NY82nd Ave10003|NY82nd Ave10003+NYUtopia Pkwy+10003'
-73.7903,40.8461,0,4,'NYPaulis Pl10003'
-73.7903,40.7214,0,20,'NYKildare Rd10003'
-73.7903,40.9413,0,1,'NYByworth Rd10003|NYByworth Rd10003+NYTrenor Dr+10003'
-73.7903,40.7636,0,2,'NY192nd St10003+NYCrocheron Ave+10003'
-73.7902,40.7461,0,5,'NY187th St10003|NY187th St10003+NYUnderhill Ave+10003'
-73.7902,40.7356,0,1,'NY182nd St10003+NY67th Ave+10003'
-73.7902,40.7117,2,5,'NYHillside Ave10002+NY172nd St+10002|NYState Hwy 2510002+NY172nd St+10002|NY172nd St10003'
-73.7902,40.7644,0,3,'NY192nd St10003+NY35th Ave+10003'
-73.7902,40.7292,0,12,'NY179th St10003+NY75th Ave+10003'
-73.7902,40.7694,0,8,'NYJordan St10003+NY32nd Ave+10003'
-73.7902,40.6844,0,18,'NY155th St10003+NY115th Dr+10003'
-73.7902,40.9247,0,1,'NYSummit Ave10003'
-73.7902,40.7196,0,1,'NYGrand Ctrl Pkwy S Rd10003'
-73.7901,40.7524,0,2,'NYHollis Court Blvd10003+NY190th St+10003|NY190th St10003'
-73.7901,40.7099,0,6,'NY89th Ave10003+NY171st St+10003'
-73.7901,40.6684,2,9,'NY133rd Ave10003+NY149th St+10003'
-73.7901,40.7395,1,2,'NY184th St10003'
-73.7901,40.6796,0,1,'NY119th Ave10003+NY152nd St+10003|NY152nd St10003'
-73.7901,40.6950,0,7,'NYGuy R Brewer Blvd10003+NY109th Ave+10003'
-73.7901,40.7626,0,5,'NY192nd St10003+NY37th Ave+10003'
-73.7900,40.9353,0,3,'NYPaine Ave10003+NYWellington Rd+10003|NYPaine Ave10003+NYWellington Ave+10003|NYWellington Rd10003|NYWellington Ave10003'
-73.7900,40.8891,0,3,'NYde Veau Ln10003'
-73.7900,40.7880,0,1,'NYCross Island Pkwy Svc Rd10006+NYClearview Expressway Exit Naval Base+10006|NYClearview Expressway Exit Naval Base10003'
-73.7900,40.7029,0,1,'NYLiberty Ave10003+NY168th Pl+10003|NY168th Pl10003'
-73.7900,40.7263,0,25,'NY178th St10003|NY178th St10003+NYUnion Tpke+10003'
-73.7900,40.7372,0,2,'NY183rd St10003+NY65th Ave+10003|NY65th Ave10003'
-73.7900,40.7619,0,12,'NY192nd St10003+NY39th Ave+10003'
-73.7900,40.7710,0,1,'NY29th Ave10003+NY200th St+10003'
-73.7900,40.7309,0,8,'NY73rd Ave10003+NY180th St+10003'
-73.7900,40.8548,0,3,'NYMinnieford Ave10003+NYKilroe St+10003|NYKilroe St10003'
-73.7900,40.6449,31918,3478,'NYVan Wyck Expy10001'
-73.7900,40.6547,162,53,'NYS Cargo Rd10003'
-73.7899,40.9321,0,1,'NYElk Ave10003|NYElk Ave10003+NYElk Ave+10003'
-73.7899,40.8532,1,3,'NYCity Island Ave10003+NYCross St+10003|NYCross St10003'
-73.7899,40.7665,0,2,'NYFrancis Lewis Blvd10003+NY192nd St+10003|NY192nd St10003'
-73.7899,40.6752,0,1,'NYSutphin Blvd10003+NY125th Ave+10003|NY125th Ave10003'
-73.7899,40.6733,0,3,'NYRockaway Blvd10003+NY148th St+10003|NY148th St10003'
-73.7899,40.7688,0,2,'NYJordan St10003+NY32nd Rd+10003|NY32nd Rd10003'
-73.7898,40.6930,0,3,'NYUnion Hall St10003+NY110th Ave+10003|NYUnion Hall St10003+NYBrinkerhoff Ave+10003'
-73.7898,40.7747,0,1,'NY26th Ave10003+NY202nd St+10003|NY202nd St10003'
-73.7898,40.7144,0,27,'NYAva Pl10003|NYAva Pl10003+NYHenley Rd+10003'
-73.7898,40.7195,1,0,'NYGrand Central Pkwy10003+NYEdgerton Rd+10003|NYEdgerton Rd10003'
-73.7897,40.7072,0,1,'NY170th St10003|NY170th St10003+NYJamaica Ave+10003'
-73.7897,40.7762,0,2,'NY24th Ave10003|NY24th Ave10003+NY202nd St+10003'
-73.7897,40.6652,56,28,'NYJohn F Kennedy Expy10003|NYJohn F Kennedy Expy10003+NY150th St+10003|NY150th St10003|NY150th St10003+NY150th St+10003'
-73.7897,40.7030,1,0,'NYLiberty Ave10003|NYLiberty Ave10003+NYLiberty Ave+10003'
-73.7897,40.8885,0,1,'NYPelham Rd10003+NYde Veau Ln+10003|NYde Veau Ln10003'
-73.7896,40.6655,17,27,'NYS Conduit Entrance Eb10003|NYS Conduit Entrance Eb10003+NY150th St+10003'
-73.7896,40.6972,0,1,'NY164th Pl10003+NY108th Ave+10003'
-73.7896,40.7661,0,2,'NYFrancis Lewis Blvd10003+NY34th Ave+10003|NY34th Ave10003'
-73.7896,40.7091,0,7,'NY90th Ave10003+NY171st St+10003'
-73.7896,40.7407,0,1,'NYBooth Memorial Ave10003+NY185th St+10003|NY185th St10003'
-73.7896,40.6879,0,1,'NYLinden Blvd10003+NY158th St+10003'
-73.7896,40.7170,0,6,'NYMayfield Rd10003'
-73.7896,40.7492,0,2,'NY48th Ave10003+NY189th St+10003'
-73.7896,40.7448,3,10,'NYPeck Ave10003+NY187th St+10003|NY187th St10003'
-73.7896,40.6870,0,1,'NY114th Rd10003|NY114th Rd10003+NY157th St+10003'
-73.7896,40.7072,0,2,'NYJamaica Ave10003+NY170th St+10003|NY170th St10003'
-73.7896,40.9159,0,1,'NYRemington Pl10003'
-73.7895,40.7511,0,3,'NY190th St10003+NY47th Ave+10003'
-73.7895,40.8493,1,0,'NYDitmars St10003|NYDitmars St10003+NYWilliam Ave+10003|NYWilliam Ave10003'
-73.7895,40.7008,0,2,'NY105th Ave10003|NY105th Ave10003+NYMerrick Blvd+10003'
-73.7895,40.5906,0,1,'NYBeach 59th St10003|NYBeach 59th St10003+NYBeach 60th St+10003|NYBeach 59th St10003+NYLarkin Ave+10003|NYBeach 60th St10003+NYLarkin Ave+10003|NYLarkin Ave10003'
-73.7895,40.7877,0,1,'NYRoe Pl10003|NYRoe Pl10003+NYClearview Expressway Exit Naval Base+10003'
-73.7895,40.6878,0,1,'NYMeyer Ave10003+NY158th St+10003'
-73.7895,40.6808,0,4,'NY153rd St10003|NY153rd St10003+NY118th Ave+10003'
-73.7895,40.7247,0,18,'NY80th Dr10003+NYTryon Pl+10003|NYTryon Pl10003'
-73.7895,40.7265,0,4,'NYSurrey Pl10003|NYSurrey Pl10003+NYUnion Tpke+10003'
-73.7894,40.7189,0,1,'NYGrand Central Pkwy10003+NYGrnd Cntrl Parkway Entrance Eb+10003|NYGrnd Cntrl Parkway Entrance Eb10003'
-73.7894,40.7739,0,1,'NY27th Ave10003|NY27th Ave10003+NY202nd St+10003'
-73.7894,40.7578,0,20,'NY192nd St10003+NYState Hwy 25 Alt+10003|NY192nd St10003+NYNorthern Blvd+10003'
-73.7894,40.7755,0,2,'NY24th Rd10003|NY24th Rd10003+NY202nd St+10003'
-73.7894,40.7018,0,2,'NY168th Pl10003|NY168th Pl10003+NY104th Ave+10003'
-73.7894,40.7381,1,5,'NY184th St10003+NY64th Ave+10003'
-73.7894,40.7134,2,30,'NYHighland Ave10003+NYAva Pl+10003|NYAva Pl10003'
-73.7894,40.7571,0,2,'NY192nd St10003+NY43rd Rd+10003|NY43rd Rd10003'
-73.7893,40.7359,0,60,'NY183rd St10003+NY67th Ave+10003'
-73.7893,40.6902,0,2,'NY160th St10003'
-73.7893,40.7120,1,17,'NYHillside Ave10002+NYWexford Ter+10002|NYHillside Ave10002+NYWarwick Cres+10002|NYHillside Ave10002+NY173rd St+10002|NYState Hwy 2510002+NYWexford Ter+10002|NYState Hwy 2510002+NYWarwick Cres+10002|NYState Hwy 2510002+NY173rd St+10002|NYWexford Ter10003|NYWexford Ter10003+NYWarwick Cres+10003|NYWexford Ter10003+NY173rd St+10003|NYWarwick Cres10003|NYWarwick Cres10003+NY173rd St+10003|NY173rd St10003'
-73.7893,40.7464,0,5,'NY50th Ave10003+NY188th St+10003'
-73.7893,40.7678,0,2,'NYJordan St10003+NY33rd Ave+10003'
-73.7893,40.7294,0,6,'NY180th St10003+NY75th Ave+10003'
-73.7893,40.6832,0,2,'NY155th St10003+NY116th Rd+10003'
-73.7893,40.7564,0,9,'NY192nd St10003+NY44th Ave+10003|NY44th Ave10003'
-73.7893,40.6953,0,2,'NYRev James R Moore Pl10003|NYRev James R Moore Pl10003+NY109th Ave+10003|NY109th Ave10003+NY164th St+10003'
-73.7893,40.7102,0,4,'NY89th Ave10003|NY89th Ave10003+NY172nd St+10003'
-73.7893,40.7147,1,46,'NYDevonshire Rd10003|NYDevonshire Rd10003+NYHenley Rd+10003'
-73.7892,40.7884,0,4,'NYCross Island Pkwy Svc Rd10006+NYRoe Pl+10006|NYRoe Pl10003'
-73.7892,40.6762,0,3,'NY123rd Ave10003+NY152nd St+10003|NY152nd St10003'
-73.7892,40.7521,0,1,'NYHollis Court Blvd10003+NY192nd St+10003|NYHollis Court Blvd10003+NY47th Ave+10003|NY192nd St10003+NY47th Ave+10003|NY47th Ave10003'
-73.7892,40.7206,0,3,'NYDoncaster Pl10003|NYDoncaster Pl10003+NYEdgerton Rd+10003'
-73.7892,40.7032,0,2,'NYLiberty Ave10003+NY169th St+10003|NY169th St10003'
-73.7892,40.7439,0,4,'NY187th St10003+NY56th Ave+10003'
-73.7892,40.7397,0,9,'NY185th St10003'
-73.7892,40.7626,0,5,'NY37th Ave10003+NY193rd St+10003|NY193rd St10003'
-73.7892,40.6974,1,2,'NY165th St10003|NY165th St10003+NY108th Ave+10003'
-73.7892,40.7062,0,1,'NY92nd Rd10003|NY92nd Rd10003+NY170th St+10003'
-73.7892,40.6683,3,4,'NY133rd Ave10003|NY133rd Ave10003+NY150th St+10003'
-73.7891,40.7550,0,4,'NY192nd St10003+NY45th Rd+10003|NY45th Rd10003'
-73.7891,40.5940,0,1,'NYBeach 59th St10003+NYBeach Channel Dr+10003'
-73.7891,40.7266,1,6,'NY179th St10003|NY179th St10003+NYUnion Tpke+10003'
-73.7891,40.7713,0,2,'NY29th Ave10003+NY201st St+10003'
-73.7891,40.7311,0,5,'NY73rd Ave10003+NY181st St+10003'
-73.7891,40.7543,0,10,'NY45th Dr10003|NY45th Dr10003+NY192nd St+10003'
-73.7891,40.7098,0,3,'NY89th Ave10003|NY89th Ave10003+NY172nd St+10003'
-73.7891,40.8520,1,3,'NYCity Island Ave10003+NYBeach St+10003|NYBeach St10003'
-73.7890,40.7003,0,1,'NY106th Ave10003|NY106th Ave10003+NYMerrick Blvd+10003'
-73.7890,40.7749,0,1,'NY26th Ave10003+NY203rd St+10003|NY26th Ave10003+NY202nd St+10003|NY203rd St10003|NY203rd St10003+NY202nd St+10003|NY202nd St10003'
-73.7890,40.6732,0,2,'NYRockaway Blvd10003+NY149th St+10003|NY149th St10003'
-73.7890,40.8534,0,6,'NYMinnieford Ave10003+NYCross St+10003'
-73.7890,40.8467,0,1,'NYFordham St10003+NYWilliam Ave+10003|NYWilliam Ave10003'
-73.7890,40.9400,0,4,'NYWellington Ave10003+NYWood Ln+10003|NYWellington Rd10003+NYWood Ln+10003|NYWood Ln10003'
-73.7890,40.7611,5,25,'NY193rd St10003|NY193rd St10003+NYStation Rd+10003'
-73.7889,40.5921,0,1,'NYBeach 59th St10003+NYRockaway Beach Blvd+10003'
-73.7889,40.7529,0,5,'NY192nd St10003+NY46th Rd+10003|NY46th Rd10003'
-73.7889,40.6934,0,2,'NYGuy R Brewer Blvd10003|NYGuy R Brewer Blvd10003+NYNew York Blvd+10003|NYGuy R Brewer Blvd10003+NY110th Ave+10003|NYGuy R Brewer Blvd10003+NYGuy R Brewer Blvd+10003|NYGuy R Brewer Blvd10003+NYBrinkerhoff Ave+10003|NYNew York Blvd10003|NYNew York Blvd10003+NY110th Ave+10003|NYNew York Blvd10003+NYBrinkerhoff Ave+10003|NY110th Ave10003+NYGuy R Brewer Blvd+10003'
-73.7889,40.6751,0,1,'NY152nd St10003'
-73.7889,40.6826,0,6,'NY155th St10003+NY116th Dr+10003'
-73.7888,40.7055,1,3,'NY93rd Ave10003+NY170th St+10003'
-73.7888,40.8563,0,2,'NYSutherland St10003'
-73.7888,40.7187,0,2,'NYEdgerton Blvd10003|NYEdgerton Blvd10003+NYGrand Central Pkwy+10003'
-73.7888,40.6698,1,12,'NY130th Ave10003|NY130th Ave10003+NY150th St+10003'
-73.7888,40.6865,0,3,'NY115th Ave10003|NY115th Ave10003+NY157th St+10003'
-73.7888,40.7227,0,9,'NYTryon Pl10003+NYKildare Rd+10003'
-73.7888,40.7153,0,6,'NYKendrick Pl10003|NYKendrick Pl10003+NYHenley Rd+10003'
-73.7888,40.9310,0,1,'NYForest Pl10003'
-73.7888,40.5907,0,1,'NYBeach 59th St10003|NYBeach 59th St10003+NYBeach 59th St+10003|NYBeach 59th St10003+NYLarkin Ave+10003|NYLarkin Ave10003'
-73.7888,40.7094,0,2,'NY90th Ave10003|NY90th Ave10003+NY172nd St+10003'
-73.7888,40.8430,0,1,'NYWinter St10003|NYWinter St10003+NYWinters St+10003|NYWinters St10003'
-73.7887,40.7886,5,6,'NYCross Island Pkwy Svc Rd10006'
-73.7887,40.7494,0,8,'NY190th St10003+NY48th Ave+10003'
-73.7887,40.7000,0,3,'NY107th Ave10003|NY107th Ave10003+NYMerrick Blvd+10003'
-73.7887,40.6914,0,3,'NYUnion Hall St10003|NYUnion Hall St10003+NY111th Ave+10003'
-73.7887,40.7075,1,2,'NYJamaica Ave10003+NY171st St+10003|NY171st St10003'
-73.7887,40.6882,0,1,'NYLinden Blvd10003+NY159th St+10003'
-73.7887,40.7092,0,4,'NY90th Ave10003|NY90th Ave10003+NY172nd St+10003'
-73.7887,40.7514,0,2,'NY192nd St10003+NY47th Ave+10003'
-73.7887,40.8468,0,3,'NYFordham St10003+NYWilliam Ave+10003|NYWilliam Ave10003'
-73.7886,40.6551,116,19,'NYJfk Expressway Exit Naval Base10003'
-73.7886,40.7664,0,5,'NYJordan St10003+NY34th Ave+10003'
-73.7886,40.6811,0,5,'NY118th Ave10003+NY154th St+10003|NY154th St10003'
-73.7886,40.7406,0,1,'NYHorace Harding Blvd10003+NY186th St+10003|NY186th St10003|NY186th St10003+NYHorace Harding Expy+10003'
-73.7886,40.5889,0,1,'NYBeach 59th St10003'
-73.7885,40.7173,0,3,'NYCharlecote Ridge10003|NYCharlecote Ridge10003+NYCharlecote Ridge+10003|NYCroydon Rd10003+NYCharlecote Ridge+10003'
-73.7885,40.7469,0,2,'NY50th Ave10003+NY189th St+10003'
-73.7885,40.7384,0,11,'NY64th Ave10003+NY185th St+10003'
-73.7885,40.7123,0,25,'NYWexford Ter10003+NYHillside Ave+10003|NYWexford Ter10003+NYKingston Pl+10003|NYHillside Ave10003|NYHillside Ave10003+NYKingston Pl+10003|NYKingston Pl10003'
-73.7885,40.7643,0,2,'NYCaptain Manheim Cir10003|NYCaptain Manheim Cir10003+NY35th Ave+10003|NYCaptain Manheim Cir10003+NY194th St+10003|NY35th Ave10003+NY194th St+10003|NY194th St10003'
-73.7885,40.7250,0,2,'NYDumphries Pl10003|NYDumphries Pl10003+NY80th Dr+10003'
-73.7885,40.7740,0,1,'NY203rd St10003+NY27th Ave+10003|NY27th Ave10003'
-73.7885,40.7340,0,28,'NY183rd St10003+NY69th Ave+10003'
-73.7885,40.6713,0,6,'NY150th St10003+NYSutter Ave+10003|NYSutter Ave10003'
-73.7885,40.7361,0,2,'NY184th St10003+NY67th Ave+10003'
-73.7884,40.7680,0,4,'NY200th St10003+NY33rd Ave+10003'
-73.7884,40.7297,0,3,'NY75th Ave10003+NY181st St+10003'
-73.7884,40.7700,0,4,'NY32nd Ave10003+NY201st St+10003'
-73.7884,40.6900,0,1,'NYMathias Ave10003|NYMathias Ave10003+NYDillon St+10003'
-73.7884,40.7158,0,14,'NYCharlecote Ridge10003|NYCharlecote Ridge10003+NYHenley Rd+10003'
-73.7884,40.7643,0,1,'NYFrancis Lewis Blvd10003+NYCaptain Manheim Cir+10003|NYCaptain Manheim Cir10003'
-73.7884,40.8460,0,1,'NYHawkins St10003+NYWilliam Ave+10003|NYWilliam Ave10003'
-73.7883,40.6763,0,5,'NY153rd St10003+NY123rd Ave+10003'
-73.7883,40.7043,0,2,'NYDouglas Ave10003+NY170th St+10003'
-73.7883,40.6477,19480,403,'NYCentral Terminal Area10003'
-73.7883,40.8536,0,9,'NYCross St10003'
-73.7883,40.6978,0,1,'NY166th St10003|NY166th St10003+NY108th Ave+10003'
-73.7883,40.7260,0,3,'NYSurrey Pl10003+NY80th Rd+10003'
-73.7883,40.7400,0,7,'NY186th St10003'
-73.7883,40.7515,0,14,'NYHollis Court Blvd10003+NY47th Ave+10003|NY47th Ave10003'
-73.7883,40.6799,0,3,'NY154th St10003|NY154th St10003+NY119th Ave+10003'
-73.7883,40.7442,0,2,'NY188th St10003+NY56th Ave+10003'
-73.7883,40.7751,0,3,'NY26th Ave10003+NY204th St+10003|NY204th St10003'
-73.7883,40.7269,0,4,'NY180th St10003|NY180th St10003+NYUnion Tpke+10003'
-73.7882,40.7101,0,4,'NY89th Ave10003+NY173rd St+10003|NY173rd St10003'
-73.7882,40.8508,0,2,'NYCity Island Ave10003+NYBowne St+10003'
-73.7882,40.7715,0,1,'NY29th Ave10003|NY29th Ave10003+NYDermody Sq+10003|NY29th Ave10003+NY202nd St+10003|NYDermody Sq10003|NYDermody Sq10003+NY202nd St+10003'
-73.7882,40.9413,0,1,'NYWellington Ave10003|NYWellington Ave10003+NYRanger Pl+10003|NYWellington Ave10003+NYWellington Rd+10003|NYRanger Pl10003|NYRanger Pl10003+NYWellington Rd+10003|NYWellington Rd10003|NYWellington Rd10003+NYWellington Rd+10003'
-73.7882,40.7314,0,6,'NY182nd St10003+NY73rd Ave+10003'
-73.7882,40.7620,0,5,'NY194th St10003|NY194th St10003+NY39th Ave+10003'
-73.7882,40.8522,0,4,'NYMinnieford Ave10003+NYBeach St+10003'
-73.7882,40.6861,0,3,'NY115th Rd10003+NY157th St+10003'
-73.7881,40.9174,0,1,'NYLincoln Ave10003+NYBrook St+10003|NYLincoln Ave10003+NYMemorial Hwy+10003|NYBrook St10003|NYBrook St10003+NYMemorial Hwy+10003|NYMemorial Hwy10003'
-73.7881,40.7211,0,5,'NYEdgerton Rd10003'
-73.7881,40.9361,0,1,'NYPaine Ave10003+NYOverlook Rd+10003|NYOverlook Rd10003'
-73.7881,40.6730,0,5,'NYRockaway Blvd10003+NY150th St+10003|NY150th St10003'
-73.7881,40.7612,0,5,'NY194th St10003|NY194th St10003+NYStation Rd+10003'
-73.7881,40.8454,0,3,'NYCarroll St10003|NYCarroll St10003+NYCaroll St+10003|NYCarroll St10003+NYCarroll St+10003|NYCarroll St10003+NYWilliam Ave+10003|NYCaroll St10003|NYCaroll St10003+NYCarroll St+10003|NYCaroll St10003+NYWilliam Ave+10003|NYWilliam Ave10003'
-73.7880,40.7076,1,2,'NYJamaica Ave10003+NY172nd St+10003|NY172nd St10003'
-73.7880,40.7877,0,5,'NYBrian Cres10003'
-73.7880,40.7881,0,2,'NYBrian Cres10003'
-73.7880,40.7884,0,1,'NYEmily Rd10003'
-73.7880,40.7887,0,2,'NYBell Blvd10003|NYBell Blvd10003+NYRobin Ln+10003|NYRobin Ln10003'
-73.7880,40.7062,1,0,'NYPaige Ct10003'
-73.7879,40.7220,0,4,'NYTudor Rd10003+NYTryon Pl+10003'
-73.7878,40.7596,1,9,'NY194th St10003+NY42nd Ave+10003'
-73.7878,40.7872,0,1,'NYRobin Ln10003|NYRobin Ln10003+NYLori Dr+10003|NYLori Dr10003'
-73.7878,40.7005,0,3,'NY106th Ave10003|NY106th Ave10003+NY169th St+10003'
-73.7878,40.8447,0,3,'NYSchofield St10003+NYWilliam Ave+10003'
-73.7878,40.9139,0,2,'NYLockwood Ave10003+NYGuion Pl+10003'
-73.7878,40.6918,0,2,'NYNew York Blvd10003+NY111th Ave+10003|NYGuy R Brewer Blvd10003+NY111th Ave+10003|NY111th Ave10003'
-73.7878,40.7474,0,4,'NY50th Ave10003+NY190th St+10003'
-73.7878,40.9240,0,1,'NYNorth Ave10003+NYMayflower Ave+10003|NYMayflower Ave10003'
-73.7878,40.7024,0,1,'NY104th Ave10003+NY170th St+10003|NY170th St10003'
-73.7878,40.7667,0,5,'NY34th Ave10003+NY200th St+10003'
-73.7878,40.7178,0,11,'NYCroydon Rd10003+NYEdgerton Blvd+10003'
-73.7878,40.7237,0,7,'NYDumphries Pl10003|NYDumphries Pl10003+NYKildare Rd+10003'
-73.7877,40.7409,3,3,'NYHorace Harding Blvd10003+NY187th St+10003|NY187th St10003|NY187th St10003+NYHorace Harding Expy+10003'
-73.7877,40.7077,0,2,'NYJamaica Ave10003+NY172nd St+10003|NY172nd St10003'
-73.7877,40.7119,0,16,'NYHillside Ave10002+NYHillside Ave+10002|NYHillside Ave10002+NY175th St+10002|NYState Hwy 2510002+NYHillside Ave+10002|NYState Hwy 2510002+NY175th St+10002|NYHillside Ave10003|NYHillside Ave10003+NY175th St+10003|NY175th St10003'
-73.7877,40.7114,0,5,'NYWarwick Cres10003|NYWarwick Cres10003+NY175th St+10003'
-73.7877,40.7197,0,5,'NYGrand Central Pkwy10003+NYTudor Rd+10003|NYTudor Rd10003'
-73.7877,40.6867,0,2,'NY115th Rd10003+NY158th St+10003'
-73.7877,40.7386,0,5,'NY186th St10003|NY186th St10003+NY64th Ave+10003'
-73.7876,40.6884,0,8,'NYLinden Blvd10003+NYBedell St+10003|NYLinden Blvd10003+NY160th St+10003'
-73.7876,40.7780,0,1,'NY206th St10003'
-73.7876,40.7343,1,6,'NY184th St10003+NY69th Ave+10003'
-73.7876,40.7644,0,1,'NYJordan St10003|NYJordan St10003+NY35th Ave+10003'
-73.7876,40.7299,0,6,'NY182nd St10003+NY75th Ave+10003'
-73.7876,40.7363,0,3,'NY185th St10003+NY67th Ave+10003|NY67th Ave10003'
-73.7876,40.7253,0,4,'NY80th Dr10003+NYSurrey Pl+10003'
-73.7875,40.7731,0,2,'NY203rd St10003+NY28th Ave+10003|NY203rd St10003+NY203rd Pl+10003|NY28th Ave10003|NY28th Ave10003+NY203rd Pl+10003|NY203rd Pl10003'
-73.7875,40.7037,0,3,'NY171st St10003'
-73.7875,40.9309,0,1,'NYLester Pl10003'
-73.7875,40.6914,0,2,'NYClaude Ave10003+NYNew York Blvd+10003|NYClaude Ave10003+NYGuy R Brewer Blvd+10003'
-73.7875,40.8412,0,1,'NYReynold St10003'
-73.7875,40.6660,54,34,'NYState Rte 2710002+NYS Conduit Entrance Eb+10002|NYState Rte 2710002+NYJohn F Kennedy Expy+10002|NYS Conduit Entrance Eb10003|NYS Conduit Entrance Eb10003+NYJohn F Kennedy Expy+10003|NYS Conduit Entrance Eb10003+NYS Conduit Ave+10003|NYJohn F Kennedy Expy10003+NYS Conduit Ave+10003'
-73.7875,40.9549,0,1,'NYRock Ridge Cir10003'
-73.7874,40.7137,1,25,'NYHighland Ave10003'
-73.7874,40.6800,0,1,'NY155th St10003+NY119th Ave+10003|NY119th Ave10003'
-73.7874,40.8497,0,6,'NYCity Island Ave10003+NYDitmars St+10003'
-73.7874,40.8436,0,3,'NYWilliam Ave10003'
-73.7874,40.7509,0,3,'NYHollis Court Blvd10003+NY193rd St+10003'
-73.7874,40.7753,0,1,'NY26th Ave10003+NY205th St+10003|NY205th St10003'
-73.7874,40.7110,0,13,'NY88th Ave10003|NY88th Ave10003+NY175th St+10003'
-73.7874,40.8924,0,1,'NYTerrace Park Ln10003'
-73.7874,40.8510,0,2,'NYMinnieford Ave10003+NYBowne St+10003'
-73.7874,40.7272,1,7,'NY181st St10003|NY181st St10003+NYUnion Tpke+10003'
-73.7874,40.7317,0,4,'NY73rd Ave10003+NY183rd St+10003'
-73.7873,40.6856,0,1,'NY157th St10003+NY115th Dr+10003|NY115th Dr10003'
-73.7873,40.6941,0,1,'NY164th Pl10003+NY110th Ave+10003|NY164th Pl10003+NYBrinkerhoff Ave+10003'
-73.7873,40.7015,0,1,'NY170th St10003|NY170th St10003+NY105th Ave+10003'
-73.7873,40.7089,0,1,'NY173rd St10003|NY173rd St10003+NY91st Ave+10003'
-73.7873,40.8433,0,5,'NYWinters10003|NYWinters10003+NYWinter St+10003|NYWinters10003+NYWinters St+10003|NYWinter St10003+NYWinters St+10003|NYWinters St10003'
-73.7873,40.8524,0,1,'NYBeach St10003+NYKing Ave+10003|NYKing Ave10003'
-73.7873,40.7147,0,12,'NYDevonshire Rd10003'
-73.7873,40.7621,0,9,'NY195th St10003|NY195th St10003+NY39th Ave+10003'
-73.7872,40.5948,0,4,'NYBeach 57th St10003|NYBeach 57th St10003+NYBeach Channel Dr+10003'
-73.7872,40.7463,0,3,'NY190th St10003+NY53rd Ave+10003'
-73.7872,40.6530,10,9,'NY150th St10003'
-73.7872,40.7387,0,8,'NY186th Ln10003|NY186th Ln10003+NY64th Ave+10003'
-73.7872,40.8407,0,4,'NYPilot St10003'
-73.7872,40.7613,0,2,'NYStation Rd10003+NY195th St+10003|NY195th St10003'
-73.7872,40.6947,0,1,'NY109th Dr10003'
-73.7871,40.8490,1,1,'NYReville St10003|NYReville St10003+NYCity Island Ave+10003'
-73.7871,40.6786,0,1,'NY120th Ave10003|NY120th Ave10003+NY155th St+10003'
-73.7871,40.7196,1,1,'NYGrnd Cntrl Parkway Entrance Eb10003'
-73.7871,40.7105,0,14,'NY89th Ave10003|NY89th Ave10003+NY175th St+10003'
-73.7871,40.6872,0,2,'NY115th Rd10003+NY159th St+10003'
-73.7871,40.7128,0,54,'NYDalny Rd10003'
-73.7871,40.6537,86,20,'NY150th St10003+NYJfk Expressway Exit Naval Base+10003|NYJfk Expressway Exit Naval Base10003'
-73.7871,40.9131,0,1,'NYGuion Pl10003+NYBurling Ln+10003|NYBurling Ln10003'
-73.7871,40.6908,1,0,'NYMathias Ave10003+NYNew York Blvd+10003|NYMathias Ave10003+NYGuy R Brewer Blvd+10003'
-73.7870,40.7872,0,4,'NYLori Dr10003'
-73.7870,40.7884,0,7,'NYEmily Rd10003'
-73.7870,40.7104,0,6,'NY89th Ave10003|NY89th Ave10003+NY175th St+10003'
-73.7870,40.7881,0,1,'NYEstates Ln10003+NYDarren Dr+10003|NYDarren Dr10003'
-73.7870,40.7889,0,8,'NYBell Blvd10003+NYEstates Ln+10003|NYEstates Ln10003'
-73.7870,40.6969,0,2,'NY108th Dr10003|NY108th Dr10003+NY167th St+10003'
-73.7870,40.7479,0,14,'NY50th Ave10003+NY192nd St+10003'
-73.7870,40.8486,0,4,'NYCity Island Ave10003+NYTier St+10003|NYTier St10003'
-73.7870,40.6842,0,1,'NY116th Rd10003|NY116th Rd10003+NYBarron St+10003'
-73.7870,40.6671,0,41,'NYSouthern Parkway Exit Wb10003|NYSouthern Parkway Exit Wb10003+NYState Hwy 27+10003|NYSouthern Parkway Exit Wb10003+NYBaisley Blvd S+10003|NYSouthern Parkway Exit Wb10003+NYN Conduit Ave+10003|NYSouthern Parkway Exit Wb10003+NY135th Ave+10003|NYState Hwy 2710002+NYBaisley Blvd S+10002|NYState Hwy 2710002+NY135th Ave+10002|NYBaisley Blvd S10003|NYBaisley Blvd S10003+NYN Conduit Ave+10003|NYBaisley Blvd S10003+NY135th Ave+10003|NYN Conduit Ave10002+NY135th Ave+10002|NY135th Ave10003'
-73.7869,40.7597,0,4,'NY42nd Ave10003+NY195th St+10003'
-73.7869,40.9054,0,1,'NYPintard Ave10003+NYMain St+10003|NYPintard Ave10003+NYBoston Post Rd+10003'
-73.7869,40.7060,0,5,'NYAtari Ln10003|NYAtari Ln10003+NY93rd Ave+10003'
-73.7869,40.8484,0,2,'NYCity Island Ave10003+NYTier St+10003|NYTier St10003'
-73.7869,40.9409,0,1,'NYJerome Ave10003|NYJerome Ave10003+NYJerome Ave+10003'
-73.7869,40.7669,0,3,'NY34th Ave10003+NY201st St+10003'
-73.7869,40.6450,4378,191,'NYJfk Access Rd10003'
-73.7869,40.9340,0,1,'NYElk Ave10003+NYAntler Pl+10003|NYAntler Pl10003'
-73.7869,40.6728,1,0,'NYRockaway Blvd10003+NYSutphin Blvd+10003|NYSutphin Blvd10003'
-73.7869,40.6766,0,1,'NY155th St10003+NY123rd Ave+10003|NY123rd Ave10003'
-73.7868,40.6773,0,1,'NY155th St10003+NY122nd Ave+10003|NY122nd Ave10003'
-73.7868,40.7024,0,2,'NY104th Ave10003|NY104th Ave10003+NY171st St+10003'
-73.7868,40.7246,0,4,'NYSurrey Pl10003+NYKildare Rd+10003'
-73.7868,40.7378,0,8,'NY186th Ln10003|NY186th Ln10003+NY186th Ln+10003'
-73.7868,40.6680,9,270,'NYBaisley Blvd S10003+NY134th Ave+10003|NY134th Ave10003'
-73.7867,40.6532,624,59,'NYJfk Expressway Exit Naval Base10003|NYJfk Expressway Exit Naval Base10003+NY150th St+10003'
-73.7867,40.7079,0,9,'NYJamaica Ave10003+NY173rd St+10003'
-73.7867,40.8912,0,3,'NYWhitewood Ave10003|NYWhitewood Ave10003+NYPelham Rd+10003'
-73.7867,40.8479,0,1,'NYCity Island Ave10003+NYBay St+10003'
-73.7867,40.7099,0,5,'NY90th Ave10003|NY90th Ave10003+NY175th St+10003'
-73.7867,40.7000,0,2,'NY107th Ave10003+NY170th St+10003|NY170th St10003'
-73.7867,40.7345,0,12,'NY69th Ave10003+NY185th St+10003'
-73.7867,40.6941,0,1,'NYNadal Pl10003'
-73.7867,40.7301,0,5,'NY183rd St10003+NY75th Ave+10003'
-73.7867,40.7408,3,15,'NY188th St10003+NYI 495+10003|NY188th St10003+NYLong Island Expy+10003'
-73.7866,40.7450,0,1,'NY190th St10003|NY190th St10003+NYUnderhill Ave+10003'
-73.7866,40.7729,0,1,'NY204th St10003|NY204th St10003+NY203rd Pl+10003|NY204th St10003+NY29th Ave+10003|NY203rd Pl10003|NY203rd Pl10003+NY29th Ave+10003|NY29th Ave10003'
-73.7866,40.6452,839,54,'NYVan Wyck Expy10001|NYI 67810001'
-73.7866,40.7097,0,4,'NY90th Ave10003|NY90th Ave10003+NY175th St+10003'
-73.7866,40.7153,1,13,'NYEdgerton Blvd10003+NYDalny Rd+10003'
-73.7866,40.8499,0,3,'NYMinnieford Ave10003|NYMinnieford Ave10003+NYDitmars St+10003'
-73.7866,40.7428,0,4,'NY189th St10003+NY58th Ave+10003'
-73.7866,40.6689,0,11,'NYBaisley Blvd S10003+NY133rd Ave+10003|NY133rd Ave10003'
-73.7866,40.7274,0,3,'NY182nd St10003|NY182nd St10003+NYUnion Tpke+10003'
-73.7865,40.6836,0,2,'NY116th Dr10003|NY116th Dr10003+NYBarron St+10003'
-73.7865,40.6878,0,8,'NY115th Rd10003|NY115th Rd10003+NYBedell St+10003|NY115th Rd10003+NY160th St+10003'
-73.7865,40.6851,0,3,'NY116th Ave10003+NY157th St+10003'
-73.7865,40.7001,0,1,'NY170th St10003|NY170th St10003+NY107th Ave+10003'
-73.7865,40.7864,0,2,'NYEstates Ln10003+NYBonnie Ln+10003|NYBonnie Ln10003'
-73.7865,40.7214,0,2,'NYTryon Pl10003'
-73.7865,40.7857,0,1,'NYBonnie Ln10003'
-73.7865,40.7320,0,3,'NY184th St10003+NY73rd Ave+10003'
-73.7865,40.8472,1,4,'NYCity Island Ave10003+NYFordham St+10003'
-73.7865,40.8934,0,1,'NYBelvidere Pl10003|NYBelvidere Pl10003+NYWeyman Ave+10003'
-73.7865,40.7881,0,5,'NYDarren Dr10003|NYDarren Dr10003+NYDarren Dr+10003'
-73.7865,40.7376,0,1,'NY186th Ln10003'
-73.7864,40.6541,6,4,'NYJfk Expressway Exit Naval Base10003'
-73.7864,40.7784,4,3,'NY23rd Ave10003'
-73.7864,40.6888,0,4,'NYLinden Blvd10003+NYDillon St+10003|NYDillon St10003'
-73.7864,40.9031,0,1,'NYLaurel Pl10003|NYLaurel Pl10003+NYLaurel Pl+10003'
-73.7864,40.6850,0,4,'NY116th Ave10003|NY116th Ave10003+NY157th St+10003'
-73.7864,40.6924,0,1,'NYClaude Ave10003|NYClaude Ave10003+NY111th Ave+10003|NY111th Ave10003'
-73.7864,40.6956,0,1,'NY109th Rd10003|NY109th Rd10003+NY167th St+10003'
-73.7864,40.7640,6,16,'NY200th St10003+NY36th Ave+10003|NY36th Ave10003'
-73.7864,40.7465,0,3,'NY192nd St10003+NY53rd Ave+10003'
-73.7863,40.7092,0,5,'NY91st Ave10003|NY91st Ave10003+NY175th St+10003'
-73.7863,40.6898,0,1,'NY112th Rd10003|NY112th Rd10003+NYNew York Blvd+10003|NY112th Rd10003+NYGuy R Brewer Blvd+10003'
-73.7863,40.7888,0,3,'NYDarren Dr10003'
-73.7863,40.8479,0,1,'NYBay St10003'
-73.7863,40.5950,0,1,'NYRev Joseph May10003|NYRev Joseph May10003+NYBeach 56th St+10003|NYBeach 56th St10003|NYBeach 56th St10003+NYBeach Channel Dr+10003'
-73.7862,40.7501,0,3,'NYHollis Court Blvd10003+NY48th Ave+10003'
-73.7862,40.6482,1020,65,'NYCentral Terminal Area10003'
-73.7862,40.7174,0,21,'NYWareham Pl10003+NYHenley Rd+10003'
-73.7862,40.8931,0,1,'NYWeyman Ave10003+NYTerrace Park Ln+10003|NYTerrace Park Ln10003'
-73.7862,40.8465,1,3,'NYCity Island Ave10003+NYHawkins St+10003'
-73.7862,40.7276,0,1,'NYKent St10003|NYKent St10003+NYUnion Tpke+10003'
-73.7862,40.7538,1,16,'NY46th Ave10003+NY195th St+10003'
-73.7862,40.6683,0,4,'NY151st Pl10003|NY151st Pl10003+NY134th Ave+10003'
-73.7862,40.7390,0,9,'NY64th Ave10003'
-73.7861,40.6662,3,39,'NYState Rte 2710002+NY153rd Pl+10002|NY153rd Pl10003|NY153rd Pl10003+NYS Conduit Ave+10003'
-73.7861,40.7614,1,9,'NY196th St10003|NY196th St10003+NYStation Rd+10003'
-73.7861,40.7239,0,10,'NYTudor Rd10003+NYSurrey Pl+10003'
-73.7861,40.7200,1,7,'NYGrand Central Pkwy10003+NYAberdeen Rd+10003|NYAberdeen Rd10003'
-73.7861,40.7062,0,8,'NY173rd St10003|NY173rd St10003+NY93rd Ave+10003'
-73.7861,40.7369,0,12,'NY186th Ln10003|NY186th Ln10003+NY186th Ln+10003'
-73.7860,40.7776,0,1,'NY23rd Rd10003'
-73.7860,40.6939,0,5,'NY166th St10003'
-73.7860,40.5924,0,1,'NYBeach 56th St10003'
-73.7860,40.6710,0,6,'NY132nd Ave10003|NY132nd Ave10003+NYBaisley Blvd S+10003'
-73.7860,40.7394,1,3,'NY188th St10003|NY188th St10003+NY188th St+10003'
-73.7860,40.7876,0,5,'NYMelissa Ct10003'
-73.7860,40.7672,0,7,'NY34th Ave10003+NY202nd St+10003'
-73.7860,40.7042,0,2,'NY172nd St10003'
-73.7860,40.6447,4662,474,'NYI 67810001|NYVan Wyck Expy10001'
-73.7860,40.6969,0,1,'NY108th Dr10003'
-73.7859,40.7500,0,4,'NYHollis Court Blvd10003+NY194th St+10003'
-73.7859,40.8474,0,1,'NYBrowns Ln10003|NYBrowns Ln10003+NYFordham St+10003'
-73.7859,40.7749,0,1,'NY27th Ave10003|NY27th Ave10003+NY206th St+10003'
-73.7859,40.7597,0,1,'NY196th St10003+NY42nd Ave+10003'
-73.7859,40.6947,0,1,'NY167th St10003|NY167th St10003+NY167th St+10003|NY167th St10003+NY110th Ave+10003|NY167th St10003+NYBrinkerhoff Ave+10003|NY110th Ave10003+NY167th St+10003'
-73.7859,40.7414,0,4,'NY189th St10003|NY189th St10003+NYHorace Harding Blvd+10003|NY189th St10003+NYHorace Harding Expy+10003'
-73.7859,40.9683,0,1,'NYMarion Dr10003|NYMarion Dr10003+NYStanton Cir+10003|NYStanton Cir10003'
-73.7858,40.7002,0,5,'NY171st St10003|NY171st St10003+NY107th Ave+10003'
-73.7858,40.6856,0,3,'NY116th Ave10003+NY158th St+10003|NY158th St10003'
-73.7858,40.7303,0,15,'NY184th St10003+NY75th Ave+10003'
-73.7858,40.7707,0,4,'NY32nd Ave10003+NY204th St+10003'
-73.7858,40.7589,0,6,'NY196th St10003+NY42nd Rd+10003|NY42nd Rd10003'
-73.7858,40.7079,0,1,'NYJamaica Ave10003+NY175th St+10003|NY175th St10003'
-73.7858,40.7348,0,1,'NY186th Ln10003|NY186th Ln10003+NY186th Ln+10003'
-73.7857,40.7268,0,4,'NYKent St10003+NY80th Rd+10003'
-73.7857,40.6943,0,1,'NYNadal Pl10003|NYNadal Pl10003+NY167th St+10003'
-73.7857,40.6677,0,2,'NY151st Pl10003|NY151st Pl10003+NY135th Ave+10003'
-73.7857,40.6724,0,9,'NYRockaway Blvd10003+NYBaisley Blvd+10003|NYRockaway Blvd10003+NYBaisley Blvd S+10003|NYBaisley Blvd10003|NYBaisley Blvd10003+NYBaisley Blvd S+10003|NYBaisley Blvd S10003'
-73.7857,40.6979,0,1,'NY169th Pl10003|NY169th Pl10003+NYMerrick Blvd+10003'
-73.7857,40.6646,45,17,'NY146th Ave10003|NY146th Ave10003+NY153rd Pl+10003|NY153rd Pl10003'
-73.7857,40.7132,0,57,'NYWexford Ter10003+NYEdgerton Blvd+10003'
-73.7857,40.7431,0,4,'NY190th St10003+NY58th Ave+10003'
-73.7857,40.7629,0,1,'NYFrancis Lewis Blvd10003+NY200th St+10003|NYFrancis Lewis Blvd10003+NY37th Ave+10003|NY200th St10003|NY200th St10003+NY37th Ave+10003|NY37th Ave10003'
-73.7857,40.8451,0,1,'NYCity Island Ave10003+NYSchofield St+10003'
-73.7857,40.7758,0,2,'NY207th St10003|NY207th St10003+NY26th Ave+10003'
-73.7857,40.7277,0,5,'NY183rd St10003|NY183rd St10003+NYUnion Tpke+10003'
-73.7857,40.7387,0,11,'NY188th St10003|NY188th St10003+NY188th St+10003'
-73.7857,40.6672,0,9,'NY151st Pl10003|NY151st Pl10003+NYN Conduit Ave+10003'
-73.7857,40.9420,0,1,'NYJerome Ave10003+NYStarr Ter+10003|NYStarr Ter10003'
-73.7857,40.7323,0,32,'NY73rd Ave10003+NY185th St+10003'
-73.7856,40.7001,0,2,'NY107th Ave10003+NY171st St+10003|NY171st St10003'
-73.7856,40.7734,0,5,'NY206th St10003|NY206th St10003+NY29th Ave+10003'
-73.7856,40.7868,0,1,'NYMichael Pl10003|NYMichael Pl10003+NYMichael Ct+10003|NYMichael Ct10003'
-73.7856,40.7359,0,6,'NY186th Ln10003|NY186th Ln10003+NY186th Ln+10003'
-73.7856,40.7021,0,6,'NY105th Ave10003+NY171st Pl+10003|NY171st Pl10003'
-73.7856,40.7449,1,1,'NY192nd St10003+NY56th Ave+10003'
-73.7856,40.7864,0,2,'NYMichael Pl10003+NYEstates Ln+10003|NYMichael Pl10003+NYEstates Dr+10003|NYEstates Ln10003|NYEstates Ln10003+NYEstates Dr+10003|NYEstates Dr10003'
-73.7856,40.7036,0,1,'NY172nd St10003+NY103rd Rd+10003|NY103rd Rd10003'
-73.7856,40.7850,0,5,'NY15th Rd10003|NY15th Rd10003+NY208th St+10003|NY208th St10003'
-73.7855,40.7392,0,38,'NY64th Ave10003'
-73.7855,40.7160,0,7,'NYWareham Pl10003'
-73.7855,40.7858,0,7,'NYMichael Pl10003|NYMichael Pl10003+NYJordan Dr+10003|NYMichael Pl10003+NYJordan Ct+10003|NYJordan Dr10003|NYJordan Dr10003+NYJordan Ct+10003|NYJordan Ct10003'
-73.7855,40.7567,0,12,'NY196th St10003+NY44th Ave+10003|NY44th Ave10003'
-73.7855,40.7643,2,8,'NY201st St10003+NY36th Ave+10003'
-73.7855,40.7447,0,5,'NY192nd St10003|NY192nd St10003+NYUnderhill Ave+10003'
-73.7855,40.6487,3068,75,'NY150th St10003'
-73.7854,40.7626,0,4,'NYFrancis Lewis Blvd10003+NY38th Ave+10003|NY38th Ave10003'
-73.7854,40.8444,0,1,'NYCity Island Ave10003+NYCentre St+10003'
-73.7854,40.6972,0,5,'NY169th Pl10003+NY108th Dr+10003'
-73.7854,40.8391,0,3,'NYHorton St10003'
-73.7854,40.6945,0,1,'NY110th Rd10003'
-73.7854,40.7381,0,23,'NY188th St10003+NY186th Ln+10003|NY186th Ln10003'
-73.7854,40.6989,0,1,'NY171st St10003+NY108th Ave+10003'
-73.7854,40.7552,0,3,'NY196th St10003+NY45th Rd+10003|NY45th Rd10003'
-73.7854,40.7487,0,6,'NY50th Ave10003+NY194th St+10003'
-73.7854,40.7123,1,26,'NYHillside Ave10002+NYEdgerton Blvd+10002|NYHillside Ave10002+NY178th St+10002|NYState Hwy 2510002+NYEdgerton Blvd+10002|NYState Hwy 2510002+NY178th St+10002|NYEdgerton Blvd10003|NYEdgerton Blvd10003+NY178th St+10003|NY178th St10003'
-73.7853,40.6731,0,1,'NYBaisley Blvd10003+NY153rd St+10003|NY153rd St10003'
-73.7853,40.7260,0,5,'NY80th Dr10003+NYKildare Rd+10003|NY80th Dr10003+NYKent St+10003|NYKildare Rd10003|NYKildare Rd10003+NYKent St+10003'
-73.7853,40.7101,0,4,'NY90th Ave10003+NY176th St+10003|NY176th St10003'
-73.7853,40.6929,0,1,'NY166th St10003+NY111th Ave+10003'
-73.7853,40.9064,0,1,'NYMaple Ave10003|NYMaple Ave10003+NYMain St+10003|NYMaple Ave10003+NYBoston Post Rd+10003'
-73.7853,40.7229,0,2,'NYSurrey Pl10003+NYAberdeen Rd+10003'
-73.7853,40.6861,0,3,'NY116th Ave10003+NY159th St+10003|NY159th St10003'
-73.7853,40.8502,0,1,'NYDitmars St10003+NYKing St+10003|NYKing St10003'
-73.7853,40.7623,0,2,'NYFrancis Lewis Blvd10003+NY39th Ave+10003'
-73.7852,40.7538,0,1,'NY46th Ave10003+NY196th St+10003'
-73.7852,40.8438,0,2,'NYCity Island Ave10003+NYWinters+10003|NYCity Island Ave10003+NYWinter St+10003|NYWinters10003|NYWinters10003+NYWinter St+10003|NYWinter St10003'
-73.7852,40.7029,0,2,'NY172nd St10003+NY104th Ave+10003|NY104th Ave10003'
-73.7852,40.7614,0,1,'NYFrancis Lewis Blvd10003+NYStation Rd+10003|NYStation Rd10003'
-73.7852,40.7064,0,3,'NY175th St10003+NY93rd Ave+10003'
-73.7851,40.6668,3,0,'NYSouthern Parkway Exit Wb10003+NYJohn F Kennedy Expy+10003'
-73.7851,40.6735,0,1,'NYBaisley Blvd10003+NY129th Ave+10003|NY129th Ave10003'
-73.7851,40.7189,0,3,'NYCroydon Rd10003'
-73.7851,40.7350,0,1,'NY186th Ln10003'
-73.7850,40.7116,0,11,'NY88th Ave10003|NY88th Ave10003+NY178th St+10003'
-73.7850,40.6672,1,4,'NY136th Ave10003|NY136th Ave10003+NYN Conduit Ave+10003'
-73.7850,40.7416,0,4,'NY190th St10003'
-73.7850,40.7859,0,26,'NYJordan Ct10003'
-73.7850,40.6664,5,421,'NYState Rte 2710002+NYSouthern Parkway Entrance Eb+10002|NYState Rte 2710002+NY153rd Ln+10002|NYSouthern Parkway Entrance Eb10003|NYSouthern Parkway Entrance Eb10003+NY153rd Ln+10003|NYSouthern Parkway Entrance Eb10003+NYS Conduit Ave+10003|NY153rd Ln10003|NY153rd Ln10003+NYS Conduit Ave+10003'
-73.7850,40.8495,0,8,'NYReville St10003|NYReville St10003+NYKing Ave+10003'
-73.7850,40.8431,0,5,'NYCity Island Ave10003+NYEarley St+10003|NYEarley St10003'
-73.7849,40.6875,0,8,'NY115th Ave10003|NY115th Ave10003+NYNew York Blvd+10003|NY115th Ave10003+NYGuy R Brewer Blvd+10003'
-73.7849,40.7710,0,2,'NY205th St10003|NY205th St10003+NY32nd Ave+10003'
-73.7849,40.7306,0,5,'NY75th Ave10003+NY185th St+10003'
-73.7849,40.6715,0,1,'NY132nd Ave10003+NYGrannatt Pl+10003|NYGrannatt Pl10008'
-73.7849,40.8934,0,1,'NYNeptune Ave10003|NYNeptune Ave10003+NYPelham Rd+10003'
-73.7849,40.6966,0,2,'NY169th Pl10003+NY109th Ave+10003'
-73.7849,40.8510,0,2,'NYKirby St10003'
-73.7849,40.9110,0,2,'NYNorman Rockwell Blvd10003+NYStation Plz+10003|NYStation Plz10003+NYMemorial Hwy+10003'
-73.7848,40.7046,0,1,'NY173rd St10003'
-73.7848,40.7249,0,13,'NYTudor Rd10003+NYKent St+10003'
-73.7848,40.6667,0,4,'NYSouthern Parkway Exit Wb10003|NYSouthern Parkway Exit Wb10003+NYSouthern Parkway Entrance Wb+10003|NYSouthern Parkway Entrance Wb10003'
-73.7848,40.7280,0,5,'NY184th St10003|NY184th St10003+NYUnion Tpke+10003'
-73.7848,40.7079,0,1,'NYJamaica Ave10003+NY176th St+10003|NY176th St10003'
-73.7848,40.6646,2,143,'NY153rd Ln10003'
-73.7848,40.5977,1,3,'NYBeach 54th St10003|NYBeach 54th St10003+NYAlmeda Ave+10003'
-73.7848,40.7433,0,4,'NYPeck Ave10003+NY58th Ave+10003|NYPeck Ave10003+NY192nd St+10003|NY58th Ave10003|NY58th Ave10003+NY192nd St+10003|NY192nd St10003'
-73.7848,40.7326,0,4,'NY73rd Ave10003+NY186th St+10003|NY186th St10003'
-73.7848,40.9123,0,2,'NYStation Plz N10003'
-73.7848,40.7735,0,1,'NY29th Ave10003'
-73.7847,40.8463,0,1,'NYLeeward Ln10003|NYLeeward Ln10003+NYMinnieford Ave+10003'
-73.7847,40.7411,4,83,'NY190th St10003'
-73.7847,40.8489,0,1,'NYTier St10003|NYTier St10003+NYKing Ave+10003'
-73.7847,40.7109,0,4,'NY89th Ave10003|NY89th Ave10003+NY178th St+10003'
-73.7847,40.6915,0,1,'NYPhroane Ave10003|NYPhroane Ave10003+NY165th St+10003|NY165th St10003'
-73.7847,40.6837,0,2,'NYLong St10003|NYLong St10003+NY157th St+10003|NYLong St10003+NYFoch Blvd+10003|NY157th St10003|NY157th St10003+NYFoch Blvd+10003'
-73.7847,40.6716,0,2,'NYRockaway Blvd10003+NY132nd Ave+10003'
-73.7846,40.8461,0,1,'NYMinnieford Ave10003|NYMinnieford Ave10003+NYCarroll St+10003'
-73.7846,40.6737,0,3,'NY154th St10003|NY154th St10003+NY129th Ave+10003'
-73.7846,40.7782,0,3,'NYI 29510001+NYClearview Exwy Svc Rd+10001|NYI 29510001+NYClearview Expy+10001|NYClearview Exwy Svc Rd10003+NYClearview Expy+10003|NYClearview Expy10001+NYClearview Expy+10001'
-73.7846,40.7645,1,5,'NY202nd St10003+NY36th Ave+10003'
-73.7846,40.6808,0,2,'NYLakeview Blvd E10003+NY119th Rd+10003|NY119th Rd10003'
-73.7846,40.6992,0,2,'NY171st Pl10003+NY108th Ave+10003'
-73.7845,40.7829,0,2,'NY15th Dr10003|NY15th Dr10003+NY208th St+10003|NY208th St10003'
-73.7845,40.5951,0,2,'NYBeach 54th St10003+NYBeach Channel Dr+10003'
-73.7845,40.6932,0,4,'NY167th St10003+NY111th Ave+10003'
-73.7845,40.7762,0,5,'NYI 29510001+NY26th Ave+10001|NY26th Ave10003+NYClearview Expy+10003'
-73.7845,40.7599,0,3,'NYFrancis Lewis Blvd10003+NY42nd Ave+10003|NY42nd Ave10003'
-73.7845,40.7362,0,24,'NY188th St10003+NY186th Ln+10003|NY186th Ln10003'
-73.7845,40.7555,0,1,'NY196th Pl10003|NY196th Pl10003+NY45th Rd+10003'
-73.7845,40.6974,0,1,'NY171st St10003|NY171st St10003+NY109th Ave+10003|NY171st St10003+NYMerrick Blvd+10003|NY109th Ave10003|NY109th Ave10003+NYMerrick Blvd+10003'
-73.7845,40.7125,2,16,'NYHillside Ave10002+NY179th St+10002|NYState Hwy 2510002+NY179th St+10002|NY179th St10003'
-73.7844,40.6800,0,2,'NYLakeview Blvd E10003+NY119th Dr+10003|NY119th Dr10003'
-73.7844,40.7215,0,3,'NYSurrey Pl10003'
-73.7844,40.7103,0,4,'NY90th Ave10003+NY178th St+10003'
-73.7844,40.7864,0,3,'NYEstates Dr10003'
-73.7844,40.7876,0,2,'NYRobert Rd10003'
-73.7844,40.7888,0,1,'NYBell Blvd10003+NY208th Pl+10003|NYX Isle Parkway Exit Sb10003|NYX Isle Parkway Exit Sb10003+NY208th Pl+10003|NY208th Pl10003'
-73.7844,40.7048,0,3,'NY175th St10003'
-73.7844,40.7039,0,1,'NY103rd Rd10003|NY103rd Rd10003+NY173rd St+10003'
-73.7844,40.8446,0,1,'NYCentre St10003'
-73.7844,40.6961,0,1,'NY169th Pl10003+NY109th Rd+10003'
-73.7844,40.6909,0,4,'NYSayres Ave10003+NY165th St+10003|NY165th St10003'
-73.7844,40.7404,0,5,'NY190th St10003'
-73.7844,40.6693,0,8,'NYCranston St10003+NY134th Ave+10003'
-73.7844,40.9184,0,2,'NYManor Pl10003|NYManor Pl10003+NYBeaufort Pl+10003|NYBeaufort Pl10003'
-73.7843,40.7813,0,21,'NYCorporal Kennedy St10003|NYCorporal Kennedy St10003+NY18th Ave+10003|NY18th Ave10003'
-73.7843,40.7197,0,9,'NYRadnor St10003|NYRadnor St10003+NYGrand Central Pkwy+10003'
-73.7843,40.6747,0,3,'NYBaisley Blvd10003+NY155th St+10003|NY155th St10003'
-73.7843,40.6793,0,1,'NYLakeview Blvd E10003+NY120th Ave+10003|NY120th Ave10003'
-73.7843,40.7489,0,1,'NYHollis Court Blvd10003+NY50th Ave+10003|NY50th Ave10003'
-73.7843,40.6669,1,2,'NYJohn F Kennedy Expy10003+NYSouthern Parkway Entrance Wb+10003'
-73.7843,40.6831,0,1,'NYLong St10003+NY118th Ave+10003'
-73.7843,40.9674,0,1,'NYAndrew Ln10003|NYAndrew Ln10003+NYRonbru Dr+10003'
-73.7843,40.5924,0,1,'NYArverne Blvd10003|NYArverne Blvd10003+NYBeach 54th St+10003|NYArverne Blvd10003+NYRockaway Beach Blvd+10003|NYBeach 54th St10003|NYBeach 54th St10003+NYRockaway Beach Blvd+10003'
-73.7843,40.7594,0,2,'NYFrancis Lewis Blvd10003+NY42nd Ave+10003|NY42nd Ave10003'
-73.7843,40.7066,0,3,'NY93rd Ave10003+NY176th St+10003'
-73.7843,40.7677,0,4,'NY34th Ave10003+NY204th St+10003'
-73.7843,40.9106,0,1,'NYRailroad Ave10003+NYMemorial Hwy+10003'
-73.7843,40.6717,0,1,'NY132nd Ave10003+NY153rd St+10003|NY153rd St10003'
-73.7842,40.6868,1,2,'NY115th Ave10003'
-73.7842,40.6864,0,1,'NYBrewer Blvd10003'
-73.7842,40.7619,0,4,'NY201st St10003'
-73.7842,40.6786,0,2,'NYLakeview Blvd E10003+NY121st Ave+10003|NY121st Ave10003'
-73.7842,40.7527,0,2,'NY196th Pl10003+NY47th Ave+10003'
-73.7842,40.7356,0,4,'NY188th St10003|NY188th St10003+NY188th St+10003'
-73.7842,40.9691,0,1,'NYLaron Dr10003'
-73.7842,40.6664,9,209,'NYState Rte 2710002+NY153rd Ct+10002|NYS Conduit Ave10002+NY153rd Ct+10002|NY153rd Ct10003'
-73.7842,40.7164,0,7,'NYMidland Pkwy10003+NYDalny Rd+10003'
-73.7842,40.6971,0,5,'NY109th Ave10003|NY109th Ave10003+NYMerrick Blvd+10003'
-73.7841,40.7239,0,10,'NYKent St10003+NYAberdeen Rd+10003'
-73.7841,40.7062,0,1,'NY176th St10003'
-73.7841,40.6896,0,3,'NY165th St10003|NY165th St10003+NYLinden Blvd+10003'
-73.7841,40.7590,0,4,'NYFrancis Lewis Blvd10003+NY42nd Rd+10003|NY42nd Rd10003'
-73.7841,40.7005,0,3,'NY172nd St10003+NY107th Ave+10003'
-73.7841,40.7693,0,2,'NY205th St10003+NY33rd Ave+10003'
-73.7841,40.7866,0,1,'NY14th Ave10003'
-73.7841,40.6878,0,1,'NY115th Ave10003+NYMarsden St+10003'
-73.7840,40.7713,0,5,'NY32nd Ave10003+NY206th St+10003|NY32nd Ave10003+NYClearview Expy+10003|NY206th St10003|NY206th St10003+NYClearview Expy+10003|NYClearview Expy10003|NYClearview Expy10003+NYClearview Expy+10003'
-73.7840,40.6488,18087,1266,'NYCentral Terminal Area10003'
-73.7840,40.8406,0,1,'NYCity Island Ave10003+NYMarine St+10003|NYMarine St10003'
-73.7840,40.6902,0,1,'NYOdonnell Rd10003'
-73.7840,40.7746,0,1,'NY27th Ave10003'
-73.7840,40.6654,2,189,'NY153rd Ct10003'
-73.7840,40.7283,0,23,'NY185th St10003|NY185th St10003+NYUnion Tpke+10003'
-73.7840,40.7888,0,2,'NYBell Blvd10003+NY209th St+10003|NYX Isle Parkway Exit Sb10003|NYX Isle Parkway Exit Sb10003+NY209th St+10003|NYX Isle Parkway Exit Sb10003+NYCross Is Pkwy S Svc Rd S+10003|NY209th St10003|NY209th St10003+NYCross Is Pkwy S Svc Rd S+10003|NYCross Is Pkwy S Svc Rd S10003'
-73.7840,40.7308,0,6,'NY75th Ave10003+NY186th St+10003'
-73.7840,40.7859,0,7,'NY15th Ave10003'
-73.7839,40.6825,0,1,'NYLong St10003+NY118th Rd+10003'
-73.7839,40.9074,0,1,'NYMain St10002+NYCentre Ave+10002|NYBoston Post Rd10002+NYCentre Ave+10002'
-73.7839,40.7328,0,1,'NY73rd Ave10003+NY187th St+10003|NY187th St10003'
-73.7839,40.7349,0,3,'NY188th St10003|NY188th St10003+NY188th St+10003'
-73.7839,40.6687,0,4,'NYCranston St10003+NY135th Ave+10003'
-73.7838,40.7631,0,2,'NY38th Ave10003+NY202nd St+10003|NY202nd St10003'
-73.7838,40.9029,0,1,'NYLinden Pl10003|NYLinden Pl10003+NYLiberty Ave+10003'
-73.7838,40.6740,0,2,'NY155th St10003+NY129th Ave+10003|NY129th Ave10003'
-73.7838,40.7079,0,5,'NYJamaica Ave10003+NY177th St+10003|NY177th St10003'
-73.7838,40.7179,0,6,'NYRadnor St10003+NYHenley Rd+10003'
-73.7838,40.7454,0,3,'NY194th St10003+NY56th Ave+10003'
-73.7838,40.8400,0,1,'NYCity Island Ave10003+NYBuckley St+10003|NYBuckley St10003'
-73.7837,40.7648,0,1,'NY203rd St10003+NY36th Ave+10003'
-73.7837,40.9092,0,19,'NYWestchester Pl10003|NYWestchester Pl10003+NYDivision St+10003'
-73.7837,40.6995,0,4,'NY172nd St10003+NY108th Ave+10003'
-73.7837,40.8397,0,1,'NYCity Island Ave10003+NYHorton St+10003|NYHorton St10003'
-73.7837,40.6458,73613,3468,'NYJfk Access Rd10003'
-73.7837,40.7831,0,7,'NY15th Dr10003+NY208th Pl+10003|NY208th Pl10003'
-73.7837,40.6667,4,9,'NYJohn F Kennedy Expy10003'
-73.7837,40.6936,0,1,'NY168th St10003+NY111th Ave+10003'
-73.7836,40.9441,0,1,'NYCarlisle Rd10003|NYCarlisle Rd10003+NYTrenor Dr+10003'
-73.7836,40.8468,0,1,'NYHawkins St10003|NYHawkins St10003+NYFordham Pl+10003'
-73.7836,40.6649,0,3,'NY145th Dr10003'
-73.7836,40.7344,0,7,'NY188th St10003+NY186th Ln+10003|NY186th Ln10003'
-73.7836,40.7714,0,3,'NYI 29510001+NY32nd Ave+10001|NY32nd Ave10003+NYClearview Expy+10003'
-73.7836,40.6499,54,12,'NYCentral Terminal Area10003'
-73.7836,40.7284,0,5,'NYUnion Tpke10003+NYChevy Chase St+10003|NYChevy Chase St10003'
-73.7836,40.6818,0,2,'NYLong St10003+NY119th Ave+10003'
-73.7836,40.8466,0,1,'NYFordham Pl10003|NYFordham Pl10003+NYWindward Ln+10003|NYWindward Ln10003'
-73.7836,40.7127,6,16,'NYHillside Ave10002+NY179th Pl+10002|NYState Hwy 2510002+NY179th Pl+10002|NY179th Pl10003'
-73.7836,40.7106,0,8,'NY179th St10003+NY90th Ave+10003'
-73.7835,40.7866,0,2,'NY209th St10003+NY14th Ave+10003|NY14th Ave10003'
-73.7835,40.7491,0,1,'NY50th Ave10003+NY196th St+10003'
-73.7835,40.9101,0,9,'NYNorman Rockwell Blvd10003|NYNorman Rockwell Blvd10003+NYHuguenot St+10003|NYHuguenot St10003+NYMemorial Hwy+10003'
-73.7835,40.7441,0,4,'NY194th St10003|NY194th St10003+NYUnderhill Ave+10003'
-73.7835,40.7203,0,7,'NYGrand Central Pkwy10003+NYRadnor Rd+10003|NYRadnor Rd10003'
-73.7835,40.6966,0,5,'NY109th Rd10003|NY109th Rd10003+NYMerrick Blvd+10003'
-73.7835,40.7417,0,5,'NYHor Harding Expressway Exit Eb10003|NYHor Harding Expressway Exit Eb10003+NYI 495+10003|NYHor Harding Expressway Exit Eb10003+NYLong Island Expy+10003|NYHor Harding Expressway Exit Eb10003+NY194th St+10003|NYHor Harding Expressway Exit Eb10003+NYHor Harding Expressway en Wb+10003|NYI 49510001+NY194th St+10001|NYI 49510001+NYHor Harding Expressway en Wb+10001|NYLong Island Expy10001+NY194th St+10001|NYLong Island Expy10001+NYHor Harding Expressway en Wb+10001|NY194th St10003|NY194th St10003+NYHor Harding Expressway en Wb+10003|NYHor Harding Expressway en Wb10003'
-73.7835,40.9114,0,2,'NYBridge St10003|NYBridge St10003+NYRailroad Ave+10003|NYRailroad Ave10003'
-73.7835,40.7171,0,2,'NYRadnor St10003+NYKruger Rd+10003|NYKruger Rd10003'
-73.7835,40.7579,0,7,'NYFrancis Lewis Blvd10003+NY43rd Ave+10003|NY43rd Ave10003'
-73.7834,40.6721,0,1,'NY132nd Ave10003+NY154th St+10003'
-73.7834,40.7509,0,3,'NY48th Ave10003+NY196th Pl+10003'
-73.7834,40.7680,0,5,'NY34th Ave10003+NY205th St+10003'
-73.7834,40.8389,0,2,'NYCity Island Ave10003+NYRochelle St+10003'
-73.7834,40.7068,1,1,'NY93rd Ave10003+NY177th St+10003'
-73.7834,40.7859,0,2,'NY209th St10003+NY15th Ave+10003|NY15th Ave10003'
-73.7834,40.6681,0,2,'NYCranston St10003+NY136th Ave+10003'
-73.7833,40.6641,1,9,'NY146th Ave10003+NY155th St+10003|NY155th St10003'
-73.7833,40.7535,0,2,'NY197th St10003+NY46th Rd+10003|NY46th Rd10003'
-73.7833,40.6916,0,3,'NY167th St10003+NYSayres Ave+10003'
-73.7833,40.9127,0,6,'NYStation Plz10003+NYNorth Ave+10003'
-73.7833,40.7079,0,2,'NYJamaica Ave10003+NY178th St+10003'
-73.7833,40.6673,0,2,'NY138th Ave10003|NY138th Ave10003+NYN Conduit Ave+10003'
-73.7833,40.7529,0,1,'NY197th St10003+NY47th Ave+10003'
-73.7833,40.6900,0,2,'NYLinden Blvd10003+NY166th St+10003'
-73.7832,40.7852,0,9,'NY15th Rd10003|NY15th Rd10003+NY209th St+10003'
-73.7832,40.7715,0,3,'NY32nd Ave10003+NY207th St+10003|NY207th St10003'
-73.7832,40.6812,0,4,'NY119th Rd10003+NYLong St+10003'
-73.7832,40.7484,0,7,'NY196th St10003+NY51st Ave+10003|NY51st Ave10003'
-73.7832,40.7229,0,6,'NYMidland Pkwy10003+NYKent St+10003'
-73.7832,40.6881,0,3,'NY165th St10003+NY115th Ave+10003'
-73.7832,40.7007,0,1,'NY107th Ave10003+NY173rd St+10003'
-73.7832,40.7276,1,6,'NY80th Rd10003+NYChevy Chase St+10003'
-73.7832,40.7573,0,4,'NYFrancis Lewis Blvd10003+NY44th Ave+10003'
-73.7831,40.7164,0,3,'NYRadnor St10003'
-73.7831,40.7355,0,4,'NY71st Cres10003|NY71st Cres10003+NY69th Ave+10003'
-73.7831,40.6700,0,5,'NYRockaway Blvd10003+NY134th Ave+10003'
-73.7831,40.7620,0,1,'NY202nd St10003'
-73.7831,40.7310,0,8,'NY75th Ave10003+NY187th St+10003'
-73.7830,40.6758,0,5,'NYBaisley Blvd10003+NY157th St+10003|NY157th St10003'
-73.7830,40.7501,0,2,'NY196th Pl10003+NY49th Ave+10003|NY49th Ave10003'
-73.7830,40.7331,0,34,'NY73rd Ave10003+NY188th St+10003'
-73.7830,40.6843,0,5,'NYNew York Blvd10003+NYFoch Blvd+10003|NYFoch Blvd10003+NYGuy R Brewer Blvd+10003'
-73.7830,40.9108,0,7,'NYHuguenot St10003+NYLawton St+10003|NYLawton St10003'
-73.7830,40.7634,0,1,'NY203rd St10003+NY38th Ave+10003'
-73.7829,40.7833,0,7,'NY209th St10003|NY209th St10003+NY15th Dr+10003|NY15th Dr10003'
-73.7829,40.7286,0,1,'NY186th St10003|NY186th St10003+NYUnion Tpke+10003'
-73.7829,40.7268,0,3,'NY80th Dr10003+NYChevy Chase St+10003'
-73.7829,40.7457,0,2,'NY56th Ave10003+NY195th St+10003'
-73.7829,40.7439,0,2,'NY58th Ave10003+NYUnderhill Ave+10003'
-73.7829,40.7651,0,5,'NY204th St10003+NY36th Ave+10003'
-73.7829,40.7788,0,30,'NYCorporal Kennedy St10003+NY23rd Ave+10003|NY23rd Ave10003'
-73.7828,40.6939,0,2,'NY169th St10003+NY111th Ave+10003'
-73.7828,40.6676,0,1,'NYCranston St10003+NY138th Ave+10003|NY138th Ave10003'
-73.7828,40.9138,0,2,'NYGarden St10003|NYGarden St10003+NYGarden St+10003'
-73.7828,40.7198,0,7,'NYGrand Central Pkwy10003+NYAvon St+10003|NYAvon St10003'
-73.7828,40.7567,0,1,'NYFrancis Lewis Blvd10003+NY45th Ave+10003'
-73.7828,40.7697,1,2,'NYI 29510001+NY33rd Ave+10001|NYClearview Expy10001+NY33rd Ave+10001'
-73.7828,40.7475,0,5,'NY196th St10003+NYWeeks Ln+10003|NY53rd Ave10003+NYWeeks Ln+10003|NYWeeks Ln10003'
-73.7828,40.7140,1,35,'NYMidland Pkwy10003+NYWexford Ter+10003'
-73.7828,40.9111,0,3,'NYBridge St10003|NYBridge St10003+NYHuguenot St+10003'
-73.7828,40.7080,0,2,'NY178th Pl10003|NY178th Pl10003+NYJamaica Ave+10003'
-73.7828,40.6960,1,0,'NY110th Ave10003+NYMerrick Blvd+10003|NYBrinkerhoff Ave10003+NYMerrick Blvd+10003'
-73.7827,40.8467,0,4,'NYWindward Ln10003|NYWindward Ln10003+NYWindward Ln+10003'
-73.7827,40.7344,0,7,'NY71st Cres10003|NY71st Cres10003+NY71st Cres+10003'
-73.7827,40.6981,0,4,'NY172nd St10003+NY109th Ave+10003'
-73.7827,40.7493,0,1,'NY50th Ave10003+NY196th Pl+10003|NY196th Pl10003'
-73.7827,40.7108,0,3,'NY90th Ave10003+NY179th Pl+10003'
-73.7827,40.6674,0,2,'NYCranston St10003|NYCranston St10003+NYN Conduit Ave+10003'
-73.7827,40.6837,0,1,'NYNew York Blvd10003+NY118th Ave+10003|NYGuy R Brewer Blvd10003+NY118th Ave+10003|NY118th Ave10003'
-73.7826,40.7129,0,9,'NYHillside Ave10002+NY180th St+10002|NYState Hwy 2510002+NY180th St+10002|NY180th St10003'
-73.7826,40.7745,0,1,'NY208th St10003|NY208th St10003+NY28th Ave+10003'
-73.7826,40.6753,0,4,'NY157th St10003+NY128th Ave+10003|NY128th Ave10003'
-73.7826,40.6637,1,3,'NY146th Ave10003+NY156th St+10003|NY156th St10003'
-73.7826,40.9149,0,1,'NYCottage Pl10003'
-73.7826,40.8464,0,1,'NYDeepwater Way10003+NYWindward Ln+10003|NYWindward Ln10003'
-73.7826,40.7259,0,10,'NYTudor Rd10003|NYTudor Rd10003+NYChevy Chase St+10003'
-73.7825,40.6568,10,15,'NYN Hangar Rd10003'
-73.7825,40.9700,1,5,'NYRockwood Pl10003'
-73.7825,40.7512,0,3,'NY197th St10003|NY197th St10003+NY48th Ave+10003'
-73.7825,40.7625,0,2,'NY203rd St10003|NY203rd St10003+NY39th Ave+10003'
-73.7825,40.9445,0,1,'NYSilver Birch Dr10003|NYSilver Birch Dr10003+NYTrenor Dr+10003'
-73.7825,40.7203,0,11,'NYGrand Central Pkwy10003+NYAvon Rd+10003|NYAvon Rd10003'
-73.7825,40.7682,0,2,'NY34th Ave10003|NY34th Ave10003+NY206th St+10003|NY34th Ave10003+NYClearview Expy+10003'
-73.7825,40.7222,0,3,'NYRadnor Rd10003+NYKent St+10003'
-73.7825,40.6694,0,2,'NYRockaway Blvd10003+NY135th Ave+10003|NY135th Ave10003'
-73.7825,40.9057,0,1,'NYProspect St10003|NYProspect St10003+NYCentre Ave+10003'
-73.7825,40.7560,0,1,'NYFrancis Lewis Blvd10003+NY45th Rd+10003'
-73.7825,40.6800,0,1,'NYLong St10003+NY120th Ave+10003'
-73.7825,40.7581,0,3,'NY201st St10003+NY43rd Ave+10003'
-73.7825,40.6661,1,65,'NY145th Ave10003'
-73.7824,40.7760,1,8,'NY27th Ave10003+NYCorporal Kennedy St+10003'
-73.7824,40.6863,0,6,'NYMarsden St10003+NY116th Ave+10003|NY116th Ave10003'
-73.7824,40.6903,0,1,'NY167th St10003+NYLinden Blvd+10003'
-73.7824,40.9387,0,5,'NYPaine Ave10003+NYLongvue Ave+10003|NYLongvue Ave10003'
-73.7824,40.7476,0,5,'NYHollis Court Blvd10003+NY53rd Ave+10003|NYHollis Court Blvd10003+NYWeeks Ln+10003|NY53rd Ave10003+NYWeeks Ln+10003|NYWeeks Ln10003|NYWeeks Ln10003+NYWeeks Ln+10003'
-73.7824,40.7081,0,4,'NYJamaica Ave10003+NY179th St+10003|NY179th St10003'
-73.7824,40.7130,0,6,'NYHillside Ave10002+NYMidland Pkwy+10002|NYMidland Pkwy10003|NYMidland Pkwy10003+NYState Hwy 25+10003'
-73.7824,40.6669,2,25,'NYSouthern Parkway Entrance Eb10003|NYSouthern Parkway Entrance Eb10003+NYSouthern Pkwy+10003'
-73.7823,40.7886,0,3,'NYBell Blvd10003+NY212th St+10003|NYBell Blvd10003+NYX Isle Parkway Entrance Sb+10003|NYBell Blvd10003+NYTotten Ave+10003|NY212th St10003|NY212th St10003+NYX Isle Parkway Entrance Sb+10003|NY212th St10003+NYTotten Ave+10003|NYX Isle Parkway Entrance Sb10003|NYX Isle Parkway Entrance Sb10003+NYTotten Ave+10003|NYTotten Ave10003'
-73.7823,40.8468,0,2,'NYWindward Ln10003'
-73.7823,40.7887,1,7,'NYCross Is Pkwy S Svc Rd S10003|NYCross Is Pkwy S Svc Rd S10003+NYTotten Ave+10003'
-73.7822,40.7621,0,1,'NY203rd St10003|NY203rd St10003+NY203rd Pl+10003|NY203rd Pl10003'
-73.7822,40.6705,0,6,'NY154th St10003+NY134th Ave+10003'
-73.7822,40.6865,0,5,'NY165th St10003|NY165th St10003+NY116th Ave+10003'
-73.7822,40.7401,0,2,'NY64th Ave10003'
-73.7822,40.7526,0,1,'NY198th St10003'
-73.7822,40.6764,0,3,'NY160th St10003|NY160th St10003+NYBaisley Blvd+10003'
-73.7822,40.6747,0,2,'NY157th St10003+NY129th Ave+10003|NY129th Ave10003'
-73.7822,40.7576,0,4,'NY201st St10003|NY201st St10003+NY44th Ave+10003|NY44th Ave10003'
-73.7822,40.7441,0,1,'NY58th Ave10003+NY195th St+10003|NY195th St10003'
-73.7821,40.7048,1,117,'NY103rd Rd10003|NY103rd Rd10003+NY177th St+10003'
-73.7821,40.7312,0,19,'NY188th St10003+NY75th Ave+10003'
-73.7821,40.7334,0,4,'NY189th St10003|NY189th St10003+NY73rd Ave+10003'
-73.7821,40.6845,0,1,'NY164th St10003|NY164th St10003+NYFoch Blvd+10003'
-73.7821,40.7553,0,4,'NYFrancis Lewis Blvd10003+NY45th Dr+10003'
-73.7821,40.7358,4,22,'NY190th Ln10003|NY190th Ln10003+NY69th Ave+10003'
-73.7821,40.6793,0,1,'NYLong St10003+NY121st Ave+10003'
-73.7821,40.6952,0,1,'NY110th Rd10003+NYMerrick Blvd+10003'
-73.7821,40.7636,0,11,'NY38th Ave10003+NY204th St+10003'
-73.7821,40.7404,0,2,'NY194th St10003'
-73.7821,40.7422,0,2,'NYHor Harding Expressway en Wb10003'
-73.7821,40.7289,0,9,'NY187th St10003|NY187th St10003+NYUnion Tpke+10003'
-73.7820,40.6659,0,20,'NY155th St10003+NY145th Ave+10003'
-73.7820,40.7020,0,1,'NYWatson Pl10003|NYWatson Pl10003+NYPolhemus Ave+10003'
-73.7820,40.6942,0,1,'NY170th St10003|NY170th St10003+NY111th Ave+10003'
-73.7820,40.7654,0,8,'NY205th St10003+NY36th Ave+10003'
-73.7820,40.7272,0,1,'NY80th Dr10003+NYHaddon St+10003|NYHaddon St10003'
-73.7820,40.7897,0,2,'NYX Isle Parkway Exit Naval Base10003|NYX Isle Parkway Exit Naval Base10003+NYTotten Ave+10003'
-73.7820,40.8952,0,1,'NYCircuit Rd10003|NYCircuit Rd10003+NYPelham Rd+10003'
-73.7820,40.7001,0,3,'NY174th St10003|NY174th St10003+NY108th Ave+10003'
-73.7820,40.5965,0,3,'NYBeach 51st St10003+NYElizabeth Ave+10003|NYElizabeth Ave10003'
-73.7820,40.9087,0,2,'NYNorman Rockwell Blvd10003|NYNorman Rockwell Blvd10003+NYChurch St+10003|NYNorman Rockwell Blvd10003+NYMain St+10003|NYNorman Rockwell Blvd10003+NYBoston Post Rd+10003|NYChurch St10003|NYChurch St10003+NYMain St+10003|NYChurch St10003+NYBoston Post Rd+10003|NYChurch St10003+NYMemorial Hwy+10003|NYMain St10002+NYMemorial Hwy+10002|NYBoston Post Rd10002+NYMemorial Hwy+10002|NYMemorial Hwy10003'
-73.7819,40.6689,0,67,'NYRockaway Blvd10003+NY136th Ave+10003|NY136th Ave10003'
-73.7819,40.7751,0,8,'NYCorporal Kennedy St10003+NY28th Ave+10003'
-73.7819,40.7414,0,6,'NY194th St10003|NY194th St10003+NY194th St+10003'
-73.7819,40.6985,0,1,'NY109th Ave10003+NY173rd St+10003'
-73.7819,40.7265,0,8,'NYTroon Rd10003|NYTroon Rd10003+NYHaddon St+10003'
-73.7818,40.7082,0,12,'NYJamaica Ave10003+NY179th Pl+10003|NY179th Pl10003'
-73.7818,40.7384,0,18,'NY192nd St10003|NY192nd St10003+NY192nd St+10003'
-73.7818,40.6634,0,6,'NY146th Ave10003+NY157th St+10003|NY157th St10003'
-73.7818,40.5980,0,1,'NYAlmeda Ave10003'
-73.7818,40.6674,2,4,'NYN Conduit Ave10002+NYSouthern Parkway Entrance Wb+10002|NYSouthern Parkway Entrance Wb10003'
-73.7818,40.7131,0,4,'NYHillside Ave10002+NY181st St+10002|NYState Hwy 2510002+NY181st St+10002|NY181st St10003'
-73.7817,40.9427,0,3,'NYSilver Birch Dr10003'
-73.7817,40.7110,0,12,'NY90th Ave10003+NY180th St+10003'
-73.7817,40.7250,0,7,'NYAberdeen Rd10003+NYChevy Chase St+10003'
-73.7817,40.7685,0,5,'NY34th Ave10003|NY34th Ave10003+NY207th St+10003|NY34th Ave10003+NYClearview Expy+10003'
-73.7817,40.6686,1,115,'NYRockaway Blvd10003+NY137th Ave+10003|NY137th Ave10003'
-73.7817,40.7217,0,8,'NYKent St10003|NYKent St10003+NYAvon Rd+10003'
-73.7817,40.7026,0,1,'NY106th Ave10003+NYPolhemus Ave+10003|NY106th Ave10003+NYRuscoe St+10003|NYPolhemus Ave10003|NYPolhemus Ave10003+NYRuscoe St+10003|NYRuscoe St10003'
-73.7816,40.7514,0,3,'NY198th St10003|NY198th St10003+NY48th Ave+10003'
-73.7816,40.7821,0,22,'NY211th St10003|NY211th St10003+NY18th Ave+10003'
-73.7816,40.9147,0,1,'NY4th St10003'
-73.7816,40.7380,1,1,'NY67th Ave10003|NY67th Ave10003+NY192nd St+10003'
-73.7816,40.7857,0,12,'NY15th Ave10003|NY15th Ave10003+NY212th St+10003'
-73.7816,40.7180,0,4,'NYAvon St10003+NYHenley Rd+10003'
-73.7816,40.6769,0,2,'NYBaisley Blvd10003+NYLakeview Ln+10003|NYLakeview Ln10003'
-73.7816,40.6818,0,1,'NY119th Rd10003|NY119th Rd10003+NYNew York Blvd+10003|NY119th Rd10003+NYGuy R Brewer Blvd+10003'
-73.7815,40.6759,0,1,'NY160th St10003+NY128th Ave+10003'
-73.7815,40.7162,0,6,'NYAvon St10003+NYDalny Rd+10003'
-73.7815,40.6887,0,2,'NY115th Ave10003+NY167th St+10003'
-73.7815,40.6666,3,24,'NYState Rte 2710002+NY155th St+10002|NY155th St10003|NY155th St10003+NYS Conduit Ave+10003'
-73.7815,40.7701,0,3,'NY33rd Ave10003+NY208th St+10003'
-73.7815,40.7055,0,5,'NY178th St10003'
-73.7815,40.9047,0,4,'NYCentre Ave10003+NYDavis Ave+10003|NYDavis Ave10003'
-73.7815,40.6945,0,1,'NYMerrick Blvd10003+NY111th Ave+10003'
-73.7815,40.7671,0,8,'NYI 29510001+NY35th Ave+10001|NYClearview Expy10001+NY35th Ave+10001'
-73.7815,40.7624,0,1,'NY204th St10003+NY39th Ave+10003'
-73.7815,40.9123,0,9,'NYHuguenot St10003+NYLecount Pl+10003|NYLecount Pl10003'
-73.7815,40.7083,0,3,'NYJamaica Ave10003+NY179th Pl+10003|NY179th Pl10003'
-73.7814,40.6709,0,1,'NY155th St10003+NY134th Ave+10003'
-73.7814,40.7259,0,3,'NYPerth Rd10003|NYPerth Rd10003+NYHaddon St+10003'
-73.7814,40.9173,0,1,'NYCedar St10003|NYCedar St10003+NYCedar St+10003'
-73.7814,40.6751,0,1,'NY129th Ave10003+NY158th St+10003|NY158th St10003'
-73.7814,40.6867,0,3,'NY116th Ave10003+NY166th St+10003'
-73.7814,40.7172,0,5,'NYKruger Rd10003|NYKruger Rd10003+NYAvon St+10003'
-73.7813,40.7602,0,12,'NY203rd St10003|NY203rd St10003+NY203rd Pl+10003|NY203rd St10003+NY203rd St+10003|NY203rd St10003+NY42nd Ave+10003|NY203rd Pl10003|NY203rd Pl10003+NY203rd St+10003|NY203rd Pl10003+NY42nd Ave+10003'
-73.7813,40.6771,1,1,'NYBaisley Blvd10003+NY161st St+10003|NY161st St10003'
-73.7813,40.7421,0,3,'NYHorace Harding Expy10003+NYHor Harding Expressway Exit Eb+10003|NYHor Harding Expressway Exit Eb10003|NYHor Harding Expressway Exit Eb10003+NYHorace Harding Blvd+10003'
-73.7813,40.7337,0,2,'NY73rd Ave10003+NY190th St+10003|NY190th St10003'
-73.7813,40.7791,0,28,'NY23rd Ave10003+NYBay Club Dr+10003|NYBay Club Dr10003'
-73.7812,40.7145,1,52,'NYWexford Ter10003+NYAvon St+10003'
-73.7812,40.7639,0,14,'NY205th St10003+NY38th Ave+10003'
-73.7812,40.7315,0,3,'NY189th St10003+NY75th Ave+10003'
-73.7812,40.7119,0,3,'NY89th Ave10003|NY89th Ave10003+NY181st St+10003'
-73.7812,40.7371,0,3,'NY192nd St10003+NY190th Ln+10003|NY190th Ln10003'
-73.7812,40.7292,1,12,'NY188th St10003+NYUnion Tpke+10003'
-73.7812,40.6829,0,3,'NY119th Ave10003+NY164th St+10003'
-73.7811,40.7462,0,1,'NY196th Pl10003|NY196th Pl10003+NY56th Ave+10003'
-73.7811,40.7656,0,1,'NY206th St10003+NYClearview Expressway Entrance Sb+10003|NY206th St10003+NY36th Ave+10003|NYClearview Expressway Entrance Sb10003|NYClearview Expressway Entrance Sb10003+NY36th Ave+10003|NYClearview Expressway Entrance Sb10003+NYClearview Expy+10003|NY36th Ave10003|NY36th Ave10003+NYClearview Expy+10003'
-73.7811,40.7433,0,1,'NY196th St10003|NY196th St10003+NYUnderhill Ave+10003'
-73.7811,40.6680,2,98,'NYRockaway Blvd10003+NY140th Ave+10003|NY140th Ave10003'
-73.7811,40.6988,0,2,'NY174th St10003+NY109th Ave+10003'
-73.7810,40.6689,0,16,'NY154th St10003+NY137th Ave+10003'
-73.7810,40.7361,0,14,'NY69th Ave10003|NY69th Ave10003+NY69th Ave+10003'
-73.7810,40.7480,0,1,'NY53rd Ave10003+NY197th St+10003|NY197th St10003'
-73.7810,40.6630,1,1,'NY146th Ave10003+NY158th St+10003|NY158th St10003'
-73.7810,40.7672,0,7,'NY207th St10003+NY35th Ave+10003|NY35th Ave10003+NYClearview Expy+10003'
-73.7810,40.6774,0,2,'NYBaisley Blvd10003+NYLong St+10003|NYLong St10003'
-73.7809,40.7199,1,2,'NYGrand Central Pkwy10003+NYSomerset St+10003|NYGrand Central Pkwy10003+NYSomerset Rd+10003|NYSomerset St10003|NYSomerset Rd10003'
-73.7809,40.6938,0,8,'NYMerrick Blvd10003+NY111th Rd+10003|NY111th Rd10003'
-73.7809,40.6790,0,1,'NY161st Pl10003|NY161st Pl10003+NY122nd Ave+10003'
-73.7809,40.7112,0,7,'NY90th Ave10003+NY181st St+10003'
-73.7809,40.7784,1,50,'NYBay Club Dr10003'
-73.7809,40.7241,0,3,'NYMidland Pkwy10003+NYChevy Chase St+10003'
-73.7809,40.7572,0,11,'NY45th Ave10003+NY202nd St+10003'
-73.7809,40.7407,1,5,'NY194th St10003'
-73.7809,40.6927,0,1,'NYSayres Ave10003+NY170th St+10003|NY170th St10003'
-73.7809,40.7029,0,3,'NY106th Ave10003+NY177th St+10003'
-73.7809,40.7519,0,16,'NY199th St10003|NY199th St10003+NYWeeks Ln+10003'
-73.7809,40.6754,0,1,'NY160th St10003+NY129th Ave+10003'
-73.7809,40.7422,0,2,'NYHorace Harding Expy10003+NYPeck Ave+10003|NYPeck Ave10003|NYPeck Ave10003+NYHorace Harding Blvd+10003'
-73.7808,40.7349,0,11,'NY71st Cres10003|NY71st Cres10003+NY71st Cres+10003'
-73.7808,40.7392,0,10,'NY194th Ln10003'
-73.7808,40.7284,0,4,'NY188th St10003+NY80th Rd+10003|NY80th Rd10003'
-73.7808,40.7688,0,8,'NY34th Ave10003+NY208th St+10003'
-73.7808,40.6910,0,1,'NYLinden Blvd10003+NY169th St+10003'
-73.7808,40.7253,0,3,'NYHaddon St10003|NYHaddon St10003+NYAberdeen Rd+10003'
-73.7807,40.7838,0,9,'NY16th Ave10003|NY16th Ave10003+NY212th St+10003'
-73.7807,40.6969,0,4,'NY110th Ave10003+NY173rd St+10003|NY173rd St10003+NYBrinkerhoff Ave+10003'
-73.7807,40.7880,0,4,'NYBell Blvd10003+NYWaters Edge Dr+10003|NYBell Blvd10003+NY14th Ave+10003|NYWaters Edge Dr10003|NYWaters Edge Dr10003+NY14th Ave+10003|NY14th Ave10003'
-73.7807,40.7212,0,1,'NYGrand Central Pkwy10003+NYKent St+10003|NYKent St10003'
-73.7807,40.9038,1,2,'NYPoplar Pl10003|NYPoplar Pl10003+NYCentre Ave+10003'
-73.7806,40.6767,0,1,'NY161st St10003+NY128th Ave+10003'
-73.7806,40.7747,0,6,'NY209th Pl10003|NY209th Pl10003+NY28th Rd+10003|NY28th Rd10003|NY28th Rd10003+NY30th Ave+10003|NY30th Ave10003'
-73.7806,40.6018,1,0,'NYConch Pl10003'
-73.7806,40.9112,0,10,'NYAnderson St10003|NYAnderson St10003+NYLecount Pl+10003'
-73.7806,40.6675,2,28,'NYRockaway Blvd10003+NYState Hwy 27+10003|NYRockaway Blvd10003+NYN Conduit Ave+10003'
-73.7806,40.7703,0,2,'NY33rd Ave10003+NY209th St+10003'
-73.7806,40.7134,1,7,'NYHillside Ave10002+NYAvon St+10002|NYHillside Ave10002+NY182nd St+10002|NYState Hwy 2510002+NYAvon St+10002|NYState Hwy 2510002+NY182nd St+10002|NYAvon St10003|NYAvon St10003+NY182nd St+10003|NY182nd St10003'
-73.7806,40.9096,0,1,'NYMain St10002+NYNorth Ave+10002|NYBoston Post Rd10002+NYNorth Ave+10002'
-73.7806,40.7723,0,2,'NYCorporal Kennedy St10003+NY32nd Ave+10003'
-73.7806,40.7084,0,3,'NYJamaica Ave10003+NY180th St+10003'
-73.7805,40.7192,0,8,'NYHovendon Rd10003+NYSomerset St+10003|NYHovendon Rd10003+NYSomerset Rd+10003'
-73.7805,40.7533,0,1,'NYFrancis Lewis Blvd10003+NY47th Ave+10003'
-73.7805,40.7799,0,33,'NY211th St10003|NY211th St10003+NY23rd Ave+10003'
-73.7805,40.6870,0,2,'NY167th St10003+NY116th Ave+10003'
-73.7805,40.6682,4,6,'NY154th St10003|NY154th St10003+NY140th Ave+10003'
-73.7805,40.7278,0,3,'NY80th Dr10003|NY80th Dr10003+NY188th St+10003'
-73.7805,40.9128,0,3,'NYHuguenot St10003+NYBaily Pl+10003|NYBaily Pl10003'
-73.7805,40.6799,0,2,'NYNew York Blvd10003+NY121st Ave+10003|NY121st Ave10003|NY121st Ave10003+NYGuy R Brewer Blvd+10003'
-73.7805,40.7023,0,9,'NY106th Rd10003|NY106th Rd10003+NY177th St+10003|NY106th Rd10003+NYRuscoe St+10003|NY177th St10003|NY177th St10003+NYRuscoe St+10003'
-73.7804,40.7234,0,6,'NYRadnor Rd10003+NYChevy Chase St+10003'
-73.7804,40.6851,0,1,'NYFoch Blvd10003|NYFoch Blvd10003+NYFoch Blvd+10003|NYFoch Blvd10003+NY166th St+10003|NY166th St10003|NY166th St10003+NYFoch Blvd+10003'
-73.7804,40.7189,0,5,'NYCambridge Rd10003|NYCambridge Rd10003+NYSomerset St+10003|NYCambridge Rd10003+NYSomerset Rd+10003'
-73.7804,40.7363,2,2,'NY69th Ave10003|NY69th Ave10003+NY69th Ave+10003'
-73.7804,40.7623,0,1,'NY205th St10003'
-73.7804,40.7383,0,3,'NY67th Ave10003+NY194th Ln+10003|NY194th Ln10003'
-73.7804,40.7340,0,5,'NY73rd Ave10003+NY192nd St+10003|NY73rd Ave10003+NY71st Cres+10003|NY192nd St10003|NY192nd St10003+NY71st Cres+10003|NY71st Cres10003'
-73.7804,40.7446,0,4,'NY58th Ave10003+NY196th Pl+10003'
-73.7804,40.6949,0,1,'NY172nd St10003|NY172nd St10003+NY111th Ave+10003'
-73.7804,40.6667,0,26,'NYState Rte 2710002+NY156th St+10002|NY156th St10003|NY156th St10003+NYS Conduit Ave+10003'
-73.7804,40.7774,0,7,'NY26th Ave10003+NY210th St+10003|NY210th St10003'
-73.7803,40.7008,0,1,'NYFern Pl10003|NYFern Pl10003+NY176th St+10003|NYFern Pl10003+NY108th Rd+10003|NY176th St10003|NY176th St10003+NY108th Rd+10003|NY108th Rd10003'
-73.7803,40.7274,0,2,'NY188th St10003+NY81st Ave+10003|NY81st Ave10003'
-73.7803,40.7317,0,6,'NY190th St10003+NY75th Ave+10003'
-73.7803,40.7182,0,7,'NYSomerset St10003+NYHenley Rd+10003|NYSomerset Rd10003+NYHenley Rd+10003'
-73.7803,40.7642,0,4,'NY206th St10003+NYClearview Expressway Entrance Sb+10003|NY38th Ave10003+NYClearview Expressway Entrance Sb+10003|NYClearview Expressway Entrance Sb10003|NYClearview Expressway Entrance Sb10003+NYClearview Expy+10003'
-73.7803,40.7931,0,1,'NYLittle Bay Rd10003'
-73.7803,40.6832,0,1,'NY119th Ave10003+NY165th St+10003'
-73.7803,40.7430,0,1,'NY196th Pl10003|NY196th Pl10003+NYUnderhill Ave+10003'
-73.7803,40.7175,0,9,'NYChelsea Rd10003|NYChelsea Rd10003+NYSomerset St+10003|NYChelsea Rd10003+NYSomerset Rd+10003|NYSomerset St10003+NYChelsea St+10003|NYSomerset Rd10003+NYChelsea St+10003|NYChelsea St10003'
-73.7803,40.6778,0,3,'NYBaisley Blvd10003+NY161st Pl+10003|NY161st Pl10003'
-73.7802,40.7295,0,2,'NY189th St10003+NYUnion Tpke+10003'
-73.7802,40.6991,0,2,'NY175th St10003+NY109th Ave+10003'
-73.7802,40.7098,0,3,'NY181st St10003+NY91st Ave+10003|NY91st Ave10003'
-73.7802,40.6930,0,1,'NYSayres Ave10003+NYMerrick Blvd+10003'
-73.7802,40.6627,1,1,'NY146th Ave10003|NY146th Ave10003+NY159th St+10003|NY159th St10003'
-73.7802,40.7464,0,2,'NYHollis Court Blvd10003+NY56th Ave+10003'
-73.7802,40.7168,0,3,'NYEton St10003|NYEton St10003+NYSomerset St+10003|NYEton St10003+NYSomerset Rd+10003'
-73.7802,40.6693,0,1,'NY155th St10003+NY137th Ave+10003'
-73.7802,40.6812,0,2,'NY120th Ave10003+NY164th St+10003'
-73.7802,40.7482,0,2,'NY53rd Ave10003+NY198th St+10003|NY198th St10003'
-73.7802,40.7121,0,1,'NY89th Ave10003+NY182nd St+10003'
-73.7801,40.6942,0,1,'NY172nd St10003+NY111th Rd+10003|NY111th Rd10003'
-73.7801,40.7225,0,3,'NYAvon Rd10003+NYChevy Chase St+10003'
-73.7801,40.6670,0,14,'NYRockaway Blvd10003+NYSouthern Pkwy+10003'
-73.7801,40.7534,1,0,'NY47th Ave10003+NYRocky Hill Rd+10003|NYRocky Hill Rd10003'
-73.7801,40.7766,0,1,'NY27th Ave10003|NY27th Ave10003+NY210th St+10003'
-73.7801,40.7160,0,5,'NYSomerset St10003|NYSomerset Rd10003'
-73.7801,40.6793,0,3,'NYNew York Blvd10003+NY122nd Ave+10003|NYGuy R Brewer Blvd10003+NY122nd Ave+10003'
-73.7801,40.7525,0,1,'NYFrancis Lewis Blvd10003+NYWeeks Ln+10003'
-73.7801,40.6643,0,2,'NY145th Rd10003+NY158th St+10003'
-73.7801,40.7429,1,4,'NYHorace Harding Blvd10003+NYUnderhill Ave+10003|NYUnderhill Ave10003|NYUnderhill Ave10003+NYHorace Harding Expy+10003'
-73.7800,40.7364,0,3,'NY71st Cres10003|NY71st Cres10003+NY69th Ave+10003'
-73.7800,40.7574,0,6,'NY203rd St10003|NY203rd St10003+NY45th Ave+10003'
-73.7800,40.7501,0,2,'NY50th Ave10003+NY199th St+10003|NY199th St10003'
-73.7800,40.7872,0,3,'NYBell Blvd10003+NY15th Ave+10003|NY15th Ave10003'
-73.7800,40.7643,0,1,'NYI 29510001+NY38th Ave+10001|NYI 29510001+NYClearview Expressway Entrance Sb+10001|NYI 29510001+NYClearview Expressway Exit Naval Base+10001|NYClearview Expy10001+NY38th Ave+10001|NYClearview Expy10001+NYClearview Expressway Entrance Sb+10001|NYClearview Expy10001+NYClearview Expressway Exit Naval Base+10001|NY38th Ave10003+NYClearview Expressway Entrance Sb+10003|NY38th Ave10003+NYClearview Expressway Exit Naval Base+10003|NYClearview Expressway Entrance Sb10003|NYClearview Expressway Entrance Sb10003+NYClearview Expressway Exit Naval Base+10003|NYClearview Expressway Exit Naval Base10003'
-73.7800,40.6762,0,2,'NY161st St10003+NY129th Ave+10003'
-73.7800,40.6914,0,6,'NYLinden Blvd10003+NY170th St+10003|NY170th St10003'
-73.7799,40.6668,4,100,'NYRockaway Blvd10003+NYState Rte 27+10003|NYRockaway Blvd10003+NYS Conduit Ave+10003'
-73.7799,40.7552,0,2,'NY46th Ave10003+NY202nd St+10003'
-73.7799,40.7690,0,21,'NY34th Ave10003+NY209th St+10003'
-73.7799,40.6972,0,6,'NY174th St10003+NY110th Ave+10003|NY174th St10003+NYBrinkerhoff Ave+10003'
-73.7799,40.7112,0,8,'NY90th Ave10003+NY182nd St+10003'
-73.7799,40.7757,0,2,'NY210th St10003+NY28th Ave+10003'
-73.7799,40.7264,0,2,'NYPerth Rd10003|NYPerth Rd10003+NY188th St+10003'
-73.7798,40.6684,0,1,'NY155th St10003|NY155th St10003+NY140th Ave+10003'
-73.7798,40.7519,0,2,'NYFrancis Lewis Blvd10003+NY48th Ave+10003'
-73.7798,40.6716,0,2,'NY157th St10003+NY134th Ave+10003'
-73.7798,40.9252,0,2,'NYPutnum Rd10003'
-73.7797,40.7136,0,8,'NYHillside Ave10002+NY182nd Pl+10002|NYState Hwy 2510002+NY182nd Pl+10002|NY182nd Pl10003'
-73.7797,40.7217,0,2,'NYGrand Central Pkwy10003+NYChevy Chase St+10003|NYChevy Chase St10003'
-73.7797,40.6676,0,3,'NY155th St10003|NY155th St10003+NYN Conduit Ave+10003'
-73.7797,40.7831,0,5,'NY212th St10003+NY18th Ave+10003|NY18th Ave10003'
-73.7797,40.9101,0,2,'NYMain St10002+NYLocust Ave+10002|NYMain St10002+NYLecount Pl+10002|NYLocust Ave10003|NYLocust Ave10003+NYBoston Post Rd+10003|NYLocust Ave10003+NYLecount Pl+10003|NYBoston Post Rd10002+NYLecount Pl+10002|NYLecount Pl10003'
-73.7797,40.7086,0,5,'NYJamaica Ave10003+NY181st St+10003'
-73.7797,40.7365,0,5,'NY69th Ave10003+NY193rd Ln+10003|NY193rd Ln10003'
-73.7797,40.6854,0,4,'NY167th St10003|NY167th St10003+NYSmith St+10003|NY167th St10003+NYFoch Blvd+10003|NYSmith St10003|NYSmith St10003+NYFoch Blvd+10003'
-73.7797,40.6873,0,5,'NY168th St10003+NY116th Ave+10003'
-73.7796,40.7493,0,2,'NY51st Ave10003|NY51st Ave10003+NY199th St+10003'
-73.7796,40.9131,0,5,'NYHarrison St10003|NYHarrison St10003+NYHuguenot St+10003'
-73.7796,40.7355,0,8,'NY71st Cres10003|NY71st Cres10003+NY71st Cres+10003'
-73.7796,40.7545,0,6,'NY46th Rd10003+NY202nd St+10003'
-73.7796,40.6685,0,1,'NY155th St10003|NY155th St10003+NY140th Ave+10003'
-73.7796,40.7461,0,2,'NYHollis Court Blvd10003+NY197th St+10003|NY197th St10003'
-73.7796,40.6664,2,189,'NYRockaway Blvd10003+NY157th St+10003|NY157th St10003'
-73.7796,40.7683,0,4,'NY34th Rd10003|NY34th Rd10003+NY209th St+10003'
-73.7796,40.6835,0,1,'NY119th Ave10003+NY166th St+10003'
-73.7796,40.7644,0,1,'NYClearview Expy10003+NY38th Ave+10003|NY38th Ave10003+NY207th St+10003'
-73.7796,40.6953,0,2,'NY173rd St10003+NY111th Ave+10003'
-73.7796,40.7258,0,1,'NY188th St10003+NYAberdeen Rd+10003'
-73.7795,40.9061,0,1,'NYChurch St10003+NYHickory St+10003|NYHickory St10003'
-73.7795,40.7607,0,12,'NY42nd Ave10003+NY205th St+10003'
-73.7795,40.7343,1,3,'NY73rd Ave10003+NY193rd St+10003|NY193rd St10003'
-73.7795,40.6845,0,1,'NYMarsden St10003|NYMarsden St10003+NYSmith St+10003'
-73.7795,40.7448,0,1,'NY58th Ave10003+NY197th St+10003'
-73.7795,40.6784,1,5,'NYBaisley Blvd10003+NYNew York Blvd+10003|NYBaisley Blvd10003+NYGuy R Brewer Blvd+10003'
-73.7795,40.7777,0,1,'NY26th Ave10003+NY210th Pl+10003|NY210th Pl10003'
-73.7795,40.7099,0,5,'NY182nd St10003+NY91st Ave+10003'
-73.7794,40.9364,0,1,'NYW Pinebrook Dr10003|NYW Pinebrook Dr10003+NYForest Ave+10003|NYForest Ave10003|NYForest Ave10003+NYPinebrook Blvd+10003'
-73.7794,40.6936,0,2,'NYSayres Ave10003+NY172nd St+10003|NY172nd St10003'
-73.7794,40.6995,0,4,'NY109th Ave10003+NY176th St+10003'
-73.7794,40.7577,0,6,'NY204th St10003'
-73.7794,40.6696,0,3,'NY156th St10003+NY137th Ave+10003'
-73.7794,40.7662,0,3,'NY36th Ave10003+NY208th St+10003'
-73.7794,40.7466,0,1,'NY56th Ave10003+NY198th St+10003|NY198th St10003'
-73.7794,40.7297,0,6,'NY190th St10003+NYUnion Tpke+10003'
-73.7794,40.7699,0,1,'NYCorporal Kennedy St10003+NY33rd Rd+10003'
-73.7793,40.7630,0,1,'NYI 29510001+NYClearview Expressway Entrance Sb+10001|NYI 29510001+NY39th Ave+10001|NYClearview Expy10001+NYClearview Expressway Entrance Sb+10001|NYClearview Expy10001+NY39th Ave+10001|NYClearview Expressway Entrance Sb10003|NYClearview Expressway Entrance Sb10003+NY39th Ave+10003'
-73.7793,40.7742,0,1,'NY210th St10003+NY29th Ave+10003|NY29th Ave10003'
-73.7793,40.6815,0,1,'NY120th Ave10003+NY165th St+10003'
-73.7793,40.6736,0,3,'NY132nd Ave10003|NY132nd Ave10003+NY159th St+10003'
-73.7793,40.6757,0,4,'NY161st St10003+NY130th Ave+10003'
-73.7793,40.6608,4,17,'NYN Hangar Rd10003|NYN Hangar Rd10003+NY150th Ave+10003|NY150th Ave10003'
-73.7793,40.7874,0,2,'NY215th St10003|NY215th St10003+NY15th Ave+10003|NY15th Ave10003'
-73.7793,40.7122,0,1,'NY89th Ave10003+NY182nd Pl+10003|NY182nd Pl10003'
-73.7793,40.7882,0,1,'NYWaters Edge Dr10003+NY14th Ave+10003|NY14th Ave10003|NY14th Ave10003+NY14th Ave+10003'
-73.7793,40.7019,0,3,'NY107th Ave10003|NY107th Ave10003+NY178th St+10003|NY107th Ave10003+NYRuscoe St+10003|NY178th St10003|NY178th St10003+NYRuscoe St+10003|NYRuscoe St10003'
-73.7792,40.7535,0,2,'NY202nd St10003'
-73.7792,40.7386,0,5,'NY67th Ave10003+NY195th Ln+10003|NY195th Ln10003'
-73.7792,40.7044,0,2,'NY105th Ave10003|NY105th Ave10003+NY180th St+10003'
-73.7792,40.7577,0,1,'NY204th St10003'
-73.7791,40.7760,0,2,'NY210th Pl10003+NY28th Ave+10003'
-73.7791,40.7734,0,2,'NY209th Pl10003|NY209th Pl10003+NY210th St+10003|NY30th Ave10003|NY30th Ave10003+NY210th St+10003'
-73.7791,40.6779,0,1,'NYNew York Blvd10003+NY128th Ave+10003|NYGuy R Brewer Blvd10003+NY128th Ave+10003|NY128th Ave10003'
-73.7791,40.6976,0,2,'NY175th St10003+NY110th Ave+10003|NY175th St10003+NYBrinkerhoff Ave+10003'
-73.7791,40.7250,1,10,'NYMidland Pkwy10003|NYMidland Pkwy10003+NY188th St+10003'
-73.7791,40.7503,0,7,'NYFrancis Lewis Blvd10003+NY50th Ave+10003'
-73.7790,40.7087,0,8,'NYJamaica Ave10003+NY182nd St+10003|NY182nd St10003'
-73.7790,40.7693,0,2,'NYCorporal Kennedy St10003+NY34th Ave+10003'
-73.7790,40.7569,0,1,'NY204th St10003+NY45th Rd+10003'
-73.7790,40.6656,0,6,'NYRockaway Blvd10003+NY144th Ave+10003|NYRockaway Blvd10003+NY158th St+10003|NY144th Ave10003|NY144th Ave10003+NY158th St+10003|NY158th St10003'
-73.7789,40.7360,0,2,'NY71st Cres10003'
-73.7789,40.6896,0,4,'NY115th Ave10003+NY170th St+10003'
-73.7789,40.8963,0,1,'NYTown Dock Rd10003|NYTown Dock Rd10003+NYPelham Rd+10003'
-73.7789,40.7208,0,2,'NYChevy Chase St10003|NYChevy Chase St10003+NYGrand Central Pkwy+10003'
-73.7789,40.7111,0,2,'NY90th Ave10003+NY182nd Pl+10003'
-73.7789,40.7138,0,12,'NYHillside Ave10002+NY183rd St+10002|NYState Hwy 2510002+NY183rd St+10002|NY183rd St10003'
-73.7789,40.7728,0,1,'NY32nd Ave10003+NY210th St+10003'
-73.7788,40.7632,0,2,'NYClearview Expy10003+NY39th Ave+10003|NY39th Ave10003+NY207th St+10003'
-73.7788,40.6740,0,5,'NY160th St10003+NY132nd Ave+10003'
-73.7788,40.6876,0,6,'NY116th Ave10003+NY169th St+10003'
-73.7788,40.7591,0,2,'NY43rd Ave10003+NY205th St+10003'
-73.7788,40.7378,0,4,'NY195th Ln10003+NY193rd Ln+10003|NY193rd Ln10003'
-73.7788,40.7743,0,3,'NY29th Ave10003+NY210th Pl+10003'
-73.7787,40.7432,1,4,'NYHorace Harding Blvd10003+NY197th St+10003|NY197th St10003|NY197th St10003+NYHorace Harding Expy+10003'
-73.7787,40.6688,0,3,'NY156th St10003|NY156th St10003+NY140th Ave+10003'
-73.7787,40.6956,0,4,'NY174th St10003+NY111th Ave+10003'
-73.7787,40.7411,0,9,'NY65th Cres10003|NY65th Cres10003+NY64th Ave+10003'
-73.7787,40.6804,0,3,'NYSmith St10003+NY165th St+10003|NY165th St10003|NY165th St10003+NY165th St+10003'
-73.7787,40.6857,0,1,'NY168th St10003+NYFoch Blvd+10003'
-73.7787,40.7686,0,4,'NYCorporal Kennedy St10003+NY34th Rd+10003'
-73.7787,40.7854,1,14,'NYBell Blvd10003+NY16th Ave+10003'
-73.7787,40.7388,0,25,'NY67th Ave10003+NY65th Cres+10003|NY65th Cres10003'
-73.7787,40.7563,0,2,'NY204th St10003+NY45th Dr+10003'
-73.7786,40.7261,0,5,'NY189th St10003+NYAberdeen Rd+10003'
-73.7786,40.6940,0,7,'NYSayres Ave10003+NY173rd St+10003|NY173rd St10003'
-73.7786,40.7346,0,5,'NY73rd Ave10003+NY194th St+10003|NY194th St10003'
-73.7786,40.7647,0,1,'NY38th Ave10003+NY208th St+10003'
-73.7786,40.7450,0,2,'NY58th Ave10003+NY198th St+10003|NY198th St10003'
-73.7786,40.6773,1,0,'NYNew York Blvd10003+NY129th Ave+10003|NY129th Ave10003|NY129th Ave10003+NYGuy R Brewer Blvd+10003'
-73.7786,40.6752,0,3,'NY131st Ave10003|NY131st Ave10003+NY161st St+10003'
-73.7786,40.6700,0,3,'NY157th St10003+NY137th Ave+10003'
-73.7786,40.6798,0,1,'NYSmith St10003+NY122nd Ave+10003|NY165th St10003+NY122nd Ave+10003|NY122nd Ave10003'
-73.7785,40.6998,0,2,'NY109th Ave10003+NY177th St+10003|NY177th St10003'
-73.7785,40.7279,0,2,'NY190th St10003+NY81st Ave+10003'
-73.7785,40.7664,0,1,'NY36th Ave10003+NY209th St+10003'
-73.7785,40.7469,0,2,'NY56th Ave10003+NY199th St+10003'
-73.7785,40.7867,0,6,'NY15th Rd10003|NY15th Rd10003+NY215th St+10003'
-73.7785,40.7038,0,1,'NY106th Ave10003|NY106th Ave10003+NY180th St+10003'
-73.7785,40.7299,0,5,'NY192nd St10003+NYUnion Tpke+10003'
-73.7785,40.7883,0,2,'NYEdge Water Dr10003'
-73.7784,40.7729,0,1,'NY32nd Ave10003+NY210th Pl+10003|NY210th Pl10003'
-73.7784,40.7239,0,2,'NY188th St10003+NYRadnor Rd+10003'
-73.7784,40.6651,0,1,'NYRockaway Blvd10003+NY159th St+10003|NY159th St10003'
-73.7784,40.7124,0,9,'NY183rd St10003+NY89th Ave+10003'
-73.7784,40.7414,0,7,'NYPeck Ave10003+NY64th Ave+10003|NY64th Ave10003'
-73.7784,40.6669,1,8,'NYState Rte 2710002+NY166th St+10002|NY166th St10003|NY166th St10003+NYS Conduit Ave+10003'
-73.7783,40.7368,0,2,'NY195th Ln10003|NY195th Ln10003+NY69th Ave+10003'
-73.7783,40.7713,0,2,'NY210th St10003+NY33rd Ave+10003|NY33rd Ave10003'
-73.7783,40.6831,0,1,'NY167th St10003'
-73.7783,40.7487,1,4,'NYFrancis Lewis Blvd10003+NY53rd Ave+10003'
-73.7783,40.7580,0,1,'NY205th St10003'
-73.7783,40.7202,0,7,'NYChevy Chase St10003+NYHovendon Rd+10003|NYHovendon Rd10003'
-73.7783,40.7556,0,1,'NY204th St10003+NY46th Ave+10003'
-73.7783,40.9134,1,15,'NYCedar St10003+NYHuguenot St+10003'
-73.7782,40.7163,0,4,'NYEton St10003+NYBarrington St+10003|NYBarrington St10003'
-73.7782,40.7710,0,1,'NY33rd Ave10003|NY33rd Ave10003+NY210th St+10003'
-73.7782,40.7400,0,4,'NY65th Cres10003|NY65th Cres10003+NY65th Cres+10003'
-73.7782,40.7762,0,2,'NY211th St10003+NY28th Ave+10003'
-73.7782,40.6919,0,3,'NYLinden Blvd10003+NY172nd St+10003|NY172nd St10003'
-73.7782,40.6723,0,1,'NY159th St10003+NY134th Ave+10003'
-73.7782,40.7814,0,5,'NY212th St10003|NY212th St10003+NY23rd Ave+10003'
-73.7782,40.6766,0,2,'NYNew York Blvd10003+NY130th Ave+10003|NYGuy R Brewer Blvd10003+NY130th Ave+10003|NY130th Ave10003'
-73.7781,40.7921,1,1,'NYOfficers Dr10003'
-73.7781,40.7506,0,5,'NY50th Ave10003+NY201st St+10003'
-73.7781,40.7180,0,10,'NYBarrington St10003+NYHenley Rd+10003'
-73.7781,40.7879,1,0,'NYEdge Water Dr10003|NYEdge Water Dr10003+NYWaters Edge Dr+10003'
-73.7781,40.8990,0,1,'NYPelham Rd10003+NYLeland Ave+10003|NYLeland Ave10003'
-73.7781,40.6690,0,4,'NY157th St10003|NY157th St10003+NY140th Ave+10003'
-73.7781,40.7025,0,1,'NY107th Ave10003'
-73.7780,40.6765,0,6,'NYNew York Blvd10003+NY130th Ave+10003|NY130th Ave10003|NY130th Ave10003+NYGuy R Brewer Blvd+10003'
-73.7780,40.7188,0,7,'NYBarrington St10003'
-73.7780,40.7233,1,3,'NY188th St10003+NYAvon Rd+10003'
-73.7780,40.7171,0,7,'NYChelsea Rd10003+NYBarrington St+10003|NYBarrington St10003+NYChelsea St+10003'
-73.7780,40.7452,0,5,'NYHollis Court Blvd10003+NY58th Ave+10003'
-73.7780,40.9045,0,1,'NYChurch St10003+NYTrinity Pl+10003|NYTrinity Pl10003'
-73.7780,40.7141,0,14,'NYHillside Ave10002+NYDalny Rd+10002|NYHillside Ave10002+NY184th St+10002|NYState Hwy 2510002+NYDalny Rd+10002|NYState Hwy 2510002+NY184th St+10002|NYDalny Rd10003|NYDalny Rd10003+NY184th St+10003|NY184th St10003'
-73.7780,40.7593,0,3,'NY206th St10003+NY43rd Ave+10003|NY43rd Ave10003|NY43rd Ave10003+NYClearview Expy+10003'
-73.7780,40.7524,0,13,'NY48th Ave10003+NY202nd St+10003'
-73.7780,40.7111,0,10,'NY90th Ave10003+NY183rd St+10003'
-73.7780,40.7704,0,1,'NY210th St10003+NY33rd Rd+10003|NY33rd Rd10003'
-73.7780,40.7634,0,2,'NY39th Ave10003+NY208th St+10003'
-73.7779,40.7703,0,1,'NY210th St10003+NY33rd Rd+10003|NY33rd Rd10003'
-73.7779,40.6960,0,2,'NY175th St10003+NY111th Ave+10003'
-73.7779,40.6677,1,4,'NY157th St10003|NY157th St10003+NYN Conduit Ave+10003'
-73.7779,40.7213,0,2,'NYGrand Central Pkwy10003+NYGrnd Cntrl Parkway Entrance Eb+10003|NYGrnd Cntrl Parkway Entrance Eb10003'
-73.7779,40.6899,0,1,'NY115th Ave10003+NYMerrick Blvd+10003'
-73.7779,40.6691,0,1,'NY157th St10003|NY157th St10003+NY140th Ave+10003'
-73.7779,40.6860,0,4,'NYFoch Blvd10003+NY169th St+10003'
-73.7778,40.6943,0,3,'NYSayres Ave10003+NY174th St+10003|NYSayres Ave10003+NYMarne Pl+10003|NY174th St10003|NY174th St10003+NYMarne Pl+10003|NYMarne Pl10003'
-73.7778,40.6661,0,2,'NY144th Ave10003+NY166th St+10003'
-73.7778,40.7858,0,10,'NY16th Ave10003|NY16th Ave10003+NY215th St+10003'
-73.7778,40.7433,1,4,'NYHorace Harding Blvd10003+NY198th St+10003|NY198th St10003|NY198th St10003+NYHorace Harding Expy+10003'
-73.7778,40.7613,0,3,'NYClearview Expy10003+NY42nd Ave+10003|NY42nd Ave10003|NY42nd Ave10003+NY207th St+10003'
-73.7778,40.7263,0,8,'NY190th St10003+NYAberdeen Rd+10003'
-73.7778,40.7348,0,11,'NY73rd Ave10003+NY195th St+10003|NY195th St10003'
-73.7778,40.7650,0,2,'NY38th Ave10003+NY209th St+10003'
-73.7777,40.7550,0,2,'NY204th St10003+NY46th Rd+10003'
-73.7777,40.6840,0,3,'NY168th St10003|NY168th St10003+NY118th Ave+10003'
-73.7777,40.7782,0,2,'NY26th Ave10003+NY212th St+10003|NY212th St10003'
-73.7777,40.7629,0,2,'NY208th St10003+NY41st Ave+10003|NY41st Ave10003'
-73.7777,40.7871,0,8,'NY15th Rd10003+NY216th St+10003|NY216th St10003'
-73.7777,40.7581,0,1,'NYClearview Exwy Svc Rd10003|NY206th St10003+NYState Hwy 25 Alt+10003|NY206th St10003+NYNorthern Blvd+10003|NYState Hwy 25 Alt10002+NYClearview Expy+10002|NYNorthern Blvd10002+NYClearview Expy+10002|NYClearview Expy10003'
-73.7777,40.7667,0,6,'NY36th Ave10003+NYCorporal Kennedy St+10003'
-73.7777,40.7325,0,11,'NY75th Ave10003+NY194th St+10003'
-73.7776,40.7282,0,5,'NY192nd St10003+NY81st Ave+10003'
-73.7776,40.9488,0,1,'NYIndian Hill Rd10003'
-73.7776,40.6641,0,9,'NYRockaway Blvd10003+NY144th Dr+10003|NY144th Dr10003'
-73.7776,40.7097,0,8,'NY91st Rd10003|NY91st Rd10003+NY183rd St+10003'
-73.7776,40.6821,0,2,'NY120th Ave10003+NY167th St+10003'
-73.7776,40.7243,0,1,'NY189th St10003|NY189th St10003+NYRadnor Rd+10003'
-73.7776,40.7226,0,3,'NYGrand Central Pkwy10003|NYGrand Central Pkwy10003+NY188th St+10003'
-73.7776,40.9147,0,1,'NYSheraton Plz10003|NYSheraton Plz10003+NYRiver St+10003'
-73.7776,40.7302,0,8,'NY193rd St10003+NYUnion Tpke+10003'
-73.7776,40.7627,0,1,'NYBoyce Ave10003|NYBoyce Ave10003+NY208th St+10003|NY208th St10003'
-73.7776,40.7471,0,19,'NYFrancis Lewis Blvd10003+NY56th Ave+10003'
-73.7775,40.7126,0,4,'NY89th Ave10003+NY184th St+10003'
-73.7775,40.7536,0,1,'NY47th Rd10003+NY203rd St+10003|NY203rd St10003'
-73.7774,40.6983,0,1,'NY110th Ave10003+NY177th St+10003|NY177th St10003+NYBrinkerhoff Ave+10003'
-73.7774,40.7089,0,1,'NYJamaica Ave10003+NY183rd St+10003|NY183rd St10003'
-73.7774,40.7682,0,5,'NY35th Ave10003+NY210th St+10003|NY210th St10003'
-73.7774,40.7574,0,5,'NYClearview Expy10003|NYClearview Expy10003+NY206th St+10003|NYClearview Expy10003+NY45th Rd+10003|NY206th St10003|NY206th St10003+NYClearview Exwy Svc Rd+10003|NY206th St10003+NY45th Rd+10003|NYClearview Exwy Svc Rd10003|NYClearview Exwy Svc Rd10003+NY45th Rd+10003|NY45th Rd10003'
-73.7774,40.7225,0,1,'NY188th St10003+NYGrnd Cntrl Parkway Entrance Wb+10003|NYGrnd Cntrl Parkway Entrance Wb10003'
-73.7774,40.7533,0,4,'NYRocky Hill Rd10003+NY203rd St+10003'
-73.7774,40.7690,0,11,'NY34th Rd10003+NY210th St+10003'
-73.7774,40.6727,0,2,'NY160th St10003+NY134th Ave+10003'
-73.7774,40.6822,0,1,'NY120th Ave10003+NYBedell St+10003|NYBedell St10003'
-73.7773,40.7852,0,4,'NY215th St10003+NY17th Ave+10003|NY17th Ave10003'
-73.7773,40.7765,0,3,'NY212th St10003+NY28th Ave+10003'
-73.7773,40.7836,0,36,'NY18th Ave10003|NY18th Ave10003+NYBell Blvd+10003'
-73.7773,40.6922,0,1,'NYLinden Blvd10003+NY173rd St+10003|NYMarne Pl10003|NYMarne Pl10003+NY173rd St+10003|NYMarne Pl10003+NYMurdock Ave+10003|NY173rd St10003|NY173rd St10003+NYMurdock Ave+10003|NYMurdock Ave10003'
-73.7773,40.6951,0,1,'NYSayres Ave10003+NY175th St+10003'
-73.7772,40.7223,0,2,'NY188th St10003+NYGrand Central Pkwy+10003'
-73.7772,40.7508,0,4,'NY50th Ave10003+NY202nd St+10003'
-73.7772,40.6797,0,5,'NYBaisley Blvd10003+NY166th St+10003|NY166th St10003'
-73.7772,40.7715,0,3,'NY33rd Ave10003+NY211th St+10003'
-73.7772,40.6693,0,2,'NY158th St10003|NY158th St10003+NY140th Ave+10003'
-73.7772,40.7544,0,1,'NY204th St10003+NY47th Ave+10003'
-73.7772,40.6653,0,2,'NY166th St10003+NY144th Rd+10003|NY144th Rd10003'
-73.7771,40.6902,0,1,'NY115th Ave10003+NY172nd St+10003'
-73.7771,40.6753,0,2,'NY132nd Ave10003|NY132nd Ave10003+NYNew York Blvd+10003|NY132nd Ave10003+NYGuy R Brewer Blvd+10003'
-73.7771,40.7143,0,7,'NYHillside Ave10002+NY185th St+10002|NYHillside Ave10002+NY184th Pl+10002|NYState Hwy 2510002+NY185th St+10002|NYState Hwy 2510002+NY184th Pl+10002|NY185th St10003|NY185th St10003+NY184th Pl+10003|NY184th Pl10003'
-73.7771,40.6737,2,0,'NY161st St10003'
-73.7771,40.7907,1,3,'NYSpiller Rd10003'
-73.7771,40.7526,1,2,'NY48th Ave10003+NY203rd St+10003'
-73.7771,40.6963,0,2,'NY176th St10003|NY176th St10003+NY111th Ave+10003'
-73.7771,40.6882,0,2,'NY171st St10003|NY171st St10003+NY116th Ave+10003'
-73.7771,40.7637,0,4,'NY209th St10003+NY39th Ave+10003'
-73.7771,40.7873,1,2,'NY15th Rd10003|NY15th Rd10003+NYWaters Edge Dr+10003'
-73.7770,40.6846,1,2,'NY118th Ave10003+NY169th St+10003|NY169th St10003'
-73.7770,40.7583,2,0,'NY206th St10003|NYClearview Expy10003'
-73.7770,40.6678,0,1,'NY158th St10003|NY158th St10003+NYN Conduit Ave+10003'
-73.7770,40.6665,0,2,'NY144th Ave10003+NY167th St+10003'
-73.7770,40.6863,0,6,'NYFoch Blvd10003+NY170th St+10003'
-73.7770,40.6707,0,1,'NY159th St10003+NY137th Ave+10003'
-73.7769,40.6625,0,1,'NY145th Rd10003'
-73.7769,40.7393,0,10,'NY67th Ave10003+NY197th St+10003|NY197th St10003'
-73.7769,40.7351,0,1,'NY73rd Ave10003+NY196th St+10003|NY196th St10003'
-73.7769,40.7266,0,5,'NY192nd St10003+NYAberdeen Rd+10003'
-73.7768,40.7614,0,4,'NY208th St10003+NY42nd Ave+10003'
-73.7768,40.9667,0,1,'NYRamona Ct10003+NYDonald Dr+10003'
-73.7768,40.7218,0,8,'NY188th St10003+NYMcLaughlin Ave+10003|NY188th St10003+NYGrand Central Pkwy+10003|NY188th St10003+NYMc Laughlin Ave+10003|NY188th St10003+NY85th Rd+10003|NYMcLaughlin Ave10003|NYMcLaughlin Ave10003+NYGrand Central Pkwy+10003|NYGrand Central Pkwy10003|NYGrand Central Pkwy10003+NYMc Laughlin Ave+10003|NYGrand Central Pkwy10003+NY85th Rd+10003|NYMc Laughlin Ave10003|NY85th Rd10003'
-73.7768,40.7455,0,18,'NYFrancis Lewis Blvd10003+NY58th Ave+10003'
-73.7768,40.7784,0,1,'NY26th Ave10003+NY213th St+10003|NY213th St10003'
-73.7768,40.7670,0,4,'NY36th Ave10003+NY210th St+10003'
-73.7768,40.7327,0,5,'NY75th Ave10003+NY195th St+10003'
-73.7767,40.7630,0,18,'NY209th St10003|NY209th St10003+NY41st Ave+10003'
-73.7767,40.7284,0,3,'NY193rd St10003+NY81st Ave+10003|NY81st Ave10003'
-73.7767,40.7698,0,4,'NY34th Ave10003|NY34th Ave10003+NY211th St+10003'
-73.7767,40.7304,0,4,'NYUnion Tpke10003+NY194th St+10003|NY194th St10003'
-73.7767,40.7576,0,3,'NY206th St10003+NY45th Rd+10003|NY45th Rd10003|NY45th Rd10003+NYClearview Expy+10003'
-73.7767,40.7127,0,14,'NY89th Ave10003+NY184th Pl+10003'
-73.7766,40.7733,0,8,'NY32nd Ave10003+NY212th St+10003'
-73.7766,40.6986,0,5,'NY178th St10003+NY110th Ave+10003|NY178th St10003+NYBrinkerhoff Ave+10003'
-73.7766,40.6646,0,2,'NY144th Dr10003+NY166th St+10003|NY166th St10003'
-73.7766,40.6884,0,1,'NY116th Ave10003+NYMerrick Blvd+10003'
-73.7766,40.6960,0,5,'NYSayres Ave10003+NY176th St+10003|NY176th St10003'
-73.7766,40.7105,0,9,'NY91st Ave10003|NY91st Ave10003+NY184th St+10003'
-73.7766,40.6730,0,2,'NY161st St10003+NY134th Ave+10003'
-73.7766,40.7394,1,6,'NY67th Ave10003+NY65th Cres+10003|NY65th Cres10003'
-73.7766,40.9134,0,2,'NYEcho Ave10003|NYEcho Ave10003+NYHuguenot St+10003|NYEcho Ave10003+NYRiver St+10003|NYHuguenot St10003+NYRiver St+10003|NYRiver St10003'
-73.7766,40.5956,0,1,'NYBeach 45th St10003+NYBeach Channel Dr+10003'
-73.7765,40.7684,0,2,'NY211th St10003|NY211th St10003+NY35th Ave+10003'
-73.7765,40.7824,1,8,'NYBell Blvd10003+NY23rd Ave+10003'
-73.7765,40.7072,0,3,'NY183rd St10003'
-73.7765,40.7585,0,1,'NYClearview Expy10003|NYClearview Expy10003+NYState Hwy 25 Alt+10003|NYClearview Expy10003+NYNorthern Blvd+10003|NYClearview Exwy Svc Rd10003|NYState Hwy 25 Alt10002+NY207th St+10002|NYNorthern Blvd10002+NY207th St+10002|NY207th St10003'
-73.7764,40.7692,0,1,'NY34th Rd10003+NY211th St+10003'
-73.7764,40.6628,0,1,'NYRockaway Blvd10003+NY145th Rd+10003|NY145th Rd10003'
-73.7764,40.7839,0,16,'NY18th Ave10003+NY215th St+10003'
-73.7764,40.7768,1,3,'NY213th St10003+NY28th Ave+10003'
-73.7764,40.7160,0,4,'NY87th Rd10003|NY87th Rd10003+NYChelsea Rd+10003|NY87th Rd10003+NYChelsea St+10003'
-73.7764,40.6923,0,3,'NYLinden Blvd10003+NY174th St+10003|NY174th St10003'
-73.7764,40.7188,0,4,'NYChevy Chase St10003+NYCambridge Rd+10003'
-73.7764,40.6799,0,7,'NYBaisley Blvd10003+NY167th St+10003|NY167th St10003'
-73.7764,40.7625,0,2,'NY209th St10003'
-73.7764,40.7255,0,5,'NYRadnor Rd10003+NY192nd St+10003|NY192nd St10003'
-73.7763,40.6904,0,2,'NY115th Ave10003+NY173rd St+10003'
-73.7763,40.7511,0,1,'NY50th Ave10003+NY203rd St+10003'
-73.7763,40.7569,0,1,'NY206th St10003|NY206th St10003+NY45th Dr+10003|NY206th St10003+NY206th St+10003|NY45th Dr10003|NY45th Dr10003+NY206th St+10003|NY45th Dr10003+NYClearview Expy+10003|NY206th St10003+NYClearview Expy+10003|NYClearview Expy10003'
-73.7763,40.7098,0,1,'NY91st Rd10003|NY91st Rd10003+NY184th St+10003'
-73.7763,40.6670,0,2,'NYState Rte 2710002+NY168th St+10002|NY168th St10003|NY168th St10003+NYS Conduit Ave+10003'
-73.7763,40.6852,0,1,'NY118th Ave10003+NY170th St+10003|NY118th Ave10003+NYRing Pl+10003|NY170th St10003|NY170th St10003+NYRing Pl+10003|NYRing Pl10003'
-73.7763,40.6696,0,3,'NY159th St10003|NY159th St10003+NY140th Ave+10003'
-73.7763,40.7532,0,1,'NYClearview Expy10003+NY48th Ave+10003|NYClearview Expy10003+NYRocky Hill Rd+10003|NY48th Ave10003|NY48th Ave10003+NYRocky Hill Rd+10003|NY48th Ave10003+NYClearview Exwy Svc Rd+10003|NYRocky Hill Rd10003|NYRocky Hill Rd10003+NYClearview Exwy Svc Rd+10003'
-73.7763,40.6937,0,2,'NY113th Ave10003|NY113th Ave10003+NY175th St+10003'
-73.7762,40.6966,0,3,'NYSayres Ave10003+NY177th St+10003|NYSayres Ave10003+NY111th Ave+10003|NY177th St10003+NY111th Ave+10003|NY111th Ave10003'
-73.7762,40.6625,0,2,'NYRockaway Blvd10003+NY145th Rd+10003|NY145th Rd10003'
-73.7762,40.7205,0,9,'NYWicklow Pl10003|NYWicklow Pl10003+NY188th St+10003'
-73.7762,40.6814,0,4,'NY168th St10003|NY168th St10003+NYBedell St+10003|NYBedell St10003'
-73.7762,40.7442,1,3,'NYFrancis Lewis Blvd10003+NYHollis Court Blvd+10003'
-73.7762,40.6711,0,2,'NY160th St10003+NY137th Ave+10003'
-73.7762,40.7128,0,4,'NY185th St10003+NY89th Ave+10003'
-73.7762,40.6678,0,1,'NYSouthern Parkway Exit Wb10003|NYSouthern Parkway Exit Wb10003+NYN Conduit Ave+10003|NYSouthern Parkway Exit Wb10003+NY159th St+10003|NYN Conduit Ave10002+NY159th St+10002|NY159th St10003'
-73.7761,40.7156,0,2,'NYWexford Ter10003|NYWexford Ter10003+NYChelsea Rd+10003|NYWexford Ter10003+NYChelsea St+10003'
-73.7761,40.7598,0,3,'NY208th St10003+NY43rd Ave+10003'
-73.7761,40.7395,1,0,'NY67th Ave10003+NY198th St+10003|NY198th St10003'
-73.7761,40.7707,0,4,'NY33rd Rd10003+NY212th St+10003|NY212th St10003'
-73.7761,40.7091,1,2,'NYJamaica Ave10003+NY184th St+10003|NY184th St10003'
-73.7760,40.7375,0,32,'NY197th St10003+NY69th Ave+10003'
-73.7760,40.7153,0,2,'NYChelsea Rd10003+NYWexford Ter+10003|NYWexford Ter10003|NYWexford Ter10003+NYChelsea St+10003'
-73.7760,40.7353,0,7,'NY73rd Ave10003+NY196th Pl+10003|NY196th Pl10003'
-73.7760,40.7655,0,5,'NY38th Ave10003+NY210th St+10003'
-73.7760,40.7268,0,1,'NYAberdeen Rd10003|NYAberdeen Rd10003+NY193rd St+10003'
-73.7760,40.7617,1,16,'NY209th St10003+NY42nd Ave+10003'
-73.7759,40.9028,0,2,'NYChurch St10003+NYPelham Rd+10003'
-73.7759,40.7672,0,1,'NY211th St10003+NY36th Ave+10003'
-73.7759,40.7330,0,4,'NY196th St10003+NY75th Ave+10003'
-73.7759,40.6670,0,2,'NYState Rte 2710002+NY144th Ave+10002|NY144th Ave10003|NY144th Ave10003+NYS Conduit Ave+10003'
-73.7758,40.7458,0,6,'NY58th Ave10003+NY201st St+10003'
-73.7758,40.7786,0,1,'NY26th Ave10003+NYBell Blvd+10003'
-73.7758,40.7177,0,8,'NYChevy Chase St10003+NYHenley Rd+10003'
-73.7758,40.6990,0,2,'NY179th St10003|NY179th St10003+NY110th Ave+10003|NY179th St10003+NYBrinkerhoff Ave+10003'
-73.7758,40.7831,0,6,'NY215th St10003+NY23rd Ave+10003|NY23rd Ave10003'
-73.7758,40.7533,0,1,'NYI 29510001+NY48th Ave+10001|NYClearview Expy10001+NY48th Ave+10001'
-73.7758,40.7236,0,3,'NYGrnd Cntrl Parkway Exit Wb10003|NYGrnd Cntrl Parkway Exit Wb10003+NYGrnd Cntrl Parkway Entrance Eb+10003|NYGrnd Cntrl Parkway Exit Wb10003+NYGrand Central Pkwy+10003|NYGrnd Cntrl Parkway Entrance Eb10003|NYGrnd Cntrl Parkway Entrance Eb10003+NYGrand Central Pkwy+10003'
-73.7758,40.7859,0,30,'NYWaters Edge Dr10003|NYWaters Edge Dr10003+NY17th Ave+10003|NY17th Ave10003'
-73.7758,40.7631,0,20,'NYCorporal Kennedy St10003+NY41st Ave+10003'
-73.7757,40.7779,0,4,'NYBell Blvd10003+NY27th Ave+10003|NY27th Ave10003'
-73.7757,40.7146,2,7,'NYHillside Ave10002+NYChelsea Rd+10002|NYHillside Ave10002+NYChelsea St+10002|NYState Hwy 2510002+NYChelsea Rd+10002|NYState Hwy 2510002+NYChelsea St+10002|NYChelsea Rd10003|NYChelsea St10003'
-73.7757,40.7555,0,5,'NY206th St10003+NY46th Rd+10003'
-73.7757,40.6619,1,1,'NYRockaway Blvd10003+NY145th Dr+10003|NY145th Dr10003'
-73.7757,40.7541,0,1,'NY47th Rd10003'
-73.7757,40.6766,1,17,'NY130th Ave10003'
-73.7757,40.6973,0,3,'NYSayres Ave10003+NY178th St+10003|NY178th St10003'
-73.7757,40.6847,0,3,'NYRing Pl10003+NY118th Rd+10003'
-73.7757,40.6734,0,1,'NYNew York Blvd10003+NY134th Ave+10003|NYGuy R Brewer Blvd10003+NY134th Ave+10003|NY134th Ave10003'
-73.7757,40.7217,0,3,'NYSantiago St10003'
-73.7756,40.7828,0,2,'NY215th St10003+NY23rd Ave+10003|NY23rd Ave10003'
-73.7756,40.7686,0,2,'NY35th Ave10003+NY212th St+10003|NY212th St10003'
-73.7756,40.7793,0,3,'NYBell Blvd10003+NY24th Ave+10003|NY24th Ave10003'
-73.7756,40.7430,1,5,'NYFrancis Lewis Blvd10003+NYHorace Harding Expy+10003|NYFrancis Lewis Blvd10003+NYHorace Harding Blvd+10003'
-73.7756,40.7587,0,8,'NY208th St10003|NY208th St10003+NYState Hwy 25 Alt+10003'
-73.7756,40.7260,0,2,'NYRadnor Rd10003|NYRadnor Rd10003+NY193rd St+10003'
-73.7755,40.7439,0,1,'NYHollis Court Blvd10003|NYHollis Court Blvd10003+NYHorace Harding Blvd+10003|NYHollis Court Blvd10003+NYHorace Harding Expy+10003'
-73.7755,40.7770,1,5,'NYBell Blvd10003+NY28th Ave+10003'
-73.7755,40.8961,0,1,'NYDragonwyck Ln10003|NYDragonwyck Ln10003+NYDragonwyck Ln+10003'
-73.7755,40.6925,0,1,'NY175th St10003+NYLinden Blvd+10003'
-73.7755,40.7191,1,4,'NY188th St10003+NYCambridge Rd+10003|NY188th St10003+NYSoho Dr+10003|NYCambridge Rd10003|NYCambridge Rd10003+NYSoho Dr+10003|NYSoho Dr10003'
-73.7755,40.6802,0,1,'NYBaisley Blvd10003+NY168th St+10003|NY168th St10003'
-73.7755,40.6907,0,1,'NY115th Ave10003+NY174th St+10003'
-73.7755,40.6612,0,1,'NYRockaway Blvd10003+NY146th Ave+10003|NY146th Ave10003'
-73.7755,40.7513,0,6,'NY50th Ave10003|NY50th Ave10003+NYClearview Expy+10003|NY50th Ave10003+NYClearview Exwy Svc Rd+10003'
-73.7754,40.9379,0,1,'NYWoodlawn Ave10003|NYWoodlawn Ave10003+NYForest Ave+10003'
-73.7754,40.6644,0,4,'NY144th Ter10003+NY167th St+10003'
-73.7754,40.7549,0,3,'NY206th St10003+NY47th Ave+10003'
-73.7754,40.7824,0,15,'NY215th St10003|NY215th St10003+NY23rd Rd+10003|NY23rd Rd10003'
-73.7754,40.6888,0,1,'NY116th Ave10003+NY173rd St+10003'
-73.7754,40.6714,1,15,'NY161st St10003+NY137th Ave+10003'
-73.7754,40.7534,0,3,'NYClearview Expy10003|NYClearview Expy10003+NY48th Ave+10003|NY205th St10003|NY205th St10003+NY48th Ave+10003'
-73.7753,40.7643,0,5,'NY210th St10003+NY39th Ave+10003'
-73.7753,40.6978,0,1,'NYSayres Ave10003+NY178th Pl+10003|NY178th Pl10003'
-73.7753,40.6671,1,5,'NYState Rte 2710002+NY175th St+10002|NY175th St10003|NY175th St10003+NYS Conduit Ave+10003'
-73.7753,40.6700,0,1,'NY160th St10003|NY160th St10003+NY140th Ave+10003'
-73.7753,40.7147,0,3,'NYHillside Ave10002+NY187th St+10002|NYState Hwy 2510002+NY187th St+10002|NY187th St10003'
-73.7753,40.7397,0,4,'NY67th Ave10003|NY67th Ave10003+NYPeck Ave+10003|NY67th Ave10003+NY199th St+10003|NYPeck Ave10003|NYPeck Ave10003+NY199th St+10003|NY199th St10003'
-73.7753,40.7131,0,6,'NY186th St10003+NY89th Ave+10003'
-73.7753,40.6593,2,3,'NYRadar Rd10003|NYBoundary Rd10003'
-73.7752,40.7377,0,7,'NY198th St10003+NY69th Ave+10003'
-73.7752,40.7252,0,1,'NYAvon Rd10003|NYAvon Rd10003+NY193rd St+10003|NY193rd St10003'
-73.7752,40.6679,0,3,'NYN Conduit Ave10002+NY160th St+10002|NY160th St10003'
-73.7752,40.7601,0,6,'NY209th St10003+NY43rd Ave+10003'
-73.7752,40.7185,0,3,'NYRio Dr10003|NYRio Dr10003+NY188th St+10003'
-73.7752,40.7753,0,5,'NYBell Blvd10003+NY29th Ave+10003'
-73.7752,40.7163,0,4,'NY87th Rd10003+NYChevy Chase St+10003|NYChevy Chase St10003'
-73.7752,40.7702,0,7,'NY213th St10003+NY34th Ave+10003|NY34th Ave10003'
-73.7752,40.7356,0,13,'NY73rd Ave10003+NY197th St+10003'
-73.7751,40.7658,0,8,'NY211th St10003+NY38th Ave+10003'
-73.7751,40.9043,0,1,'NYPelham Rd10003+NYNorth Ave+10003|NYNorth Ave10003'
-73.7751,40.7709,0,1,'NY213th St10003|NY213th St10003+NY33rd Rd+10003'
-73.7751,40.9231,0,1,'NYAlbermarle Ave10003+NYSchuyler St+10003|NYSchuyler St10003'
-73.7751,40.7619,0,22,'NYCorporal Kennedy St10003+NY42nd Ave+10003'
-73.7750,40.6829,0,2,'NY170th St10003|NY170th St10003+NY120th Ave+10003'
-73.7750,40.7675,0,4,'NY36th Ave10003+NY212th St+10003'
-73.7750,40.6935,0,1,'NY175th Pl10003|NY175th Pl10003+NYMurdock Ave+10003'
-73.7750,40.6606,0,2,'NYRockaway Blvd10003+NY146th Rd+10003|NY146th Rd10003'
-73.7750,40.7441,0,1,'NYHorace Harding Blvd10003+NY201st St+10003|NY201st St10003|NY201st St10003+NYHorace Harding Expy+10003'
-73.7750,40.6843,0,2,'NY119th Ave10003+NY171st St+10003|NY119th Ave10003+NYRing Pl+10003|NY171st St10003'
-73.7750,40.6982,0,2,'NYSayres Ave10003+NY179th St+10003'
-73.7750,40.7332,0,1,'NY196th Pl10003+NY75th Ave+10003'
-73.7750,40.6653,0,2,'NY168th St10003|NY168th St10003+NY144th Dr+10003'
-73.7750,40.7204,0,1,'NYSantiago St10003+NYNero Ave+10003|NYNero Ave10003'
-73.7750,40.7460,0,3,'NY58th Ave10003+NY202nd St+10003'
-73.7749,40.7695,0,13,'NY213th St10003+NY34th Rd+10003'
-73.7749,40.7309,0,1,'NY196th St10003|NY196th St10003+NYUnion Tpke+10003'
-73.7749,40.7178,0,2,'NY188th St10003+NYHenley Rd+10003|NYHenley Rd10003'
-73.7749,40.7094,0,5,'NYJamaica Ave10003+NY184th Pl+10003|NY184th Pl10003'
-73.7749,40.6870,0,1,'NYFoch Blvd10003|NYFoch Blvd10003+NYMerrick Blvd+10003'
-73.7749,40.7051,0,1,'NYLiberty Ave10003+NYDunkirk St+10003|NYDunkirk St10003'
-73.7748,40.7479,0,2,'NY56th Ave10003+NY203rd St+10003'
-73.7748,40.7737,0,5,'NYBell Blvd10003+NY32nd Ave+10003|NY32nd Ave10003'
-73.7748,40.7632,0,16,'NY210th St10003|NY210th St10003+NY41st Ave+10003'
-73.7748,40.7944,0,1,'NYShore Rd10003+NYWalter Reed Rd+10003|NYWalter Reed Rd10003'
-73.7748,40.6959,0,3,'NY112th Ave10003|NY112th Ave10003+NY177th St+10003'
-73.7747,40.7535,0,2,'NY206th St10003|NY206th St10003+NY48th Ave+10003'
-73.7747,40.7193,0,6,'NYSoho Dr10003|NYSoho Dr10003+NYSantiago St+10003'
-73.7747,40.7213,0,1,'NYSantiago St10003'
-73.7747,40.7222,0,6,'NYMcLaughlin Ave10003+NYPalo Alto St+10003|NYMc Laughlin Ave10003+NYPalo Alto St+10003|NYPalo Alto St10003'
-73.7747,40.6805,0,4,'NYBaisley Blvd10003+NYBedell St+10003|NYBedell St10003'
-73.7747,40.7589,0,1,'NY209th St10003|NY209th St10003+NYState Hwy 25 Alt+10003|NY209th St10003+NYNorthern Blvd+10003'
-73.7747,40.7773,0,3,'NY214th St10003|NY214th St10003+NY28th Ave+10003'
-73.7746,40.6910,0,2,'NY115th Ave10003+NY175th St+10003'
-73.7746,40.6703,0,3,'NY140th Ave10003+NY161st St+10003|NY161st St10003'
-73.7746,40.7696,0,2,'NY34th Rd10003'
-73.7745,40.6589,5,4,'NYRadar Rd10003|NYRadar Rd10003+NYOld Rockaway Blvd+10003|NYOld Rockaway Blvd10003|NYOld Rockaway Blvd10003+NYBoundary Rd+10003|NYBoundary Rd10003'
-73.7745,40.5938,0,1,'NYBeach 43rd St10003+NYRockaway Beach Blvd+10003'
-73.7745,40.6891,0,3,'NY116th Ave10003+NY174th St+10003|NY174th St10003'
-73.7745,40.6989,1,0,'NYSayres Ave10003+NY179th Pl+10003'
-73.7745,40.7516,0,3,'NYClearview Expy10003+NY50th Ave+10003|NY205th St10003+NY50th Ave+10003|NY50th Ave10003'
-73.7745,40.7119,0,8,'NY90th Ave10003+NY186th St+10003'
-73.7745,40.6718,0,2,'NYNew York Blvd10003+NY137th Ave+10003|NYGuy R Brewer Blvd10003+NY137th Ave+10003'
-73.7745,40.6867,0,2,'NY118th Ave10003|NY118th Ave10003+NYMerrick Blvd+10003'
-73.7745,40.7551,0,4,'NY207th St10003|NY207th St10003+NY47th Ave+10003'
-73.7745,40.7721,0,5,'NYBell Blvd10003+NY33rd Ave+10003'
-73.7745,40.7645,0,9,'NY211th St10003+NY39th Ave+10003'
-73.7744,40.7149,0,9,'NYHillside Ave10002+NY187th Pl+10002|NY187th Pl10003|NY187th Pl10003+NYState Hwy 25+10003'
-73.7744,40.9174,0,1,'NYLyons Pl10003|NYLyons Pl10003+NYStephenson Blvd+10003'
-73.7744,40.7379,0,7,'NY199th St10003+NY69th Ave+10003|NY69th Ave10003'
-73.7744,40.6837,0,2,'NY171st St10003|NY171st St10003+NY119th Rd+10003|NYRing Pl10003+NY119th Rd+10003|NY119th Rd10003'
-73.7744,40.7358,1,23,'NY73rd Ave10003+NY198th St+10003'
-73.7744,40.7133,0,6,'NY89th Ave10003+NY187th St+10003'
-73.7743,40.6680,0,2,'NYN Conduit Ave10002+NY161st St+10002|NY161st St10003'
-73.7743,40.7603,0,8,'NYCorporal Kennedy St10003+NY43rd Ave+10003'
-73.7743,40.7186,0,9,'NYRio Dr10003|NYRio Dr10003+NYSantiago St+10003'
-73.7743,40.7660,0,5,'NY212th St10003+NY38th Ave+10003'
-73.7742,40.7165,0,5,'NY87th Rd10003|NY87th Rd10003+NY188th St+10003|NY87th Rd10003+NYPalo Alto Ave+10003|NY188th St10003+NYPalo Alto Ave+10003|NYPalo Alto Ave10003'
-73.7742,40.7621,0,7,'NY210th St10003|NY210th St10003+NY42nd Ave+10003'
-73.7742,40.7710,0,1,'NYBell Blvd10003+NY33rd Rd+10003'
-73.7742,40.6602,1,0,'NYRockaway Blvd10003+NY147th Ave+10003|NY147th Ave10003'
-73.7742,40.7499,1,8,'NYI 29510001+NY53rd Ave+10001|NYClearview Expy10001+NY53rd Ave+10001'
-73.7742,40.7590,0,2,'NYOceania St10003'
-73.7742,40.7067,0,3,'NY183rd Pl10003|NY183rd Pl10003+NYHenderson Ave+10003|NYHenderson Ave10003'
-73.7742,40.7224,0,2,'NYMcLaughlin Ave10003+NYPalermo St+10003|NYMc Laughlin Ave10003+NYPalermo St+10003|NYPalermo St10003'
-73.7742,40.6657,0,3,'NY144th Dr10003+NY175th St+10003|NY175th St10003'
-73.7741,40.6594,0,1,'NYRadar Rd10003|NYRadar Rd10003+NYOld Rockaway Blvd+10003'
-73.7741,40.6813,0,1,'NY170th St10003|NY170th St10003+NYMarsden St+10003'
-73.7741,40.6940,0,1,'NYMurdock Ave10003+NY176th St+10003'
-73.7741,40.7334,0,7,'NY197th St10003+NY75th Ave+10003'
-73.7741,40.6671,2,6,'NYState Rte 2710002+NYSouthern Parkway Entrance Eb+10002|NYState Rte 2710002+NY176th St+10002|NYSouthern Parkway Entrance Eb10003|NYSouthern Parkway Entrance Eb10003+NYS Conduit Ave+10003|NYSouthern Parkway Entrance Eb10003+NY176th St+10003|NYS Conduit Ave10002+NY176th St+10002|NY176th St10003'
-73.7741,40.7233,0,7,'NY193rd St10003|NY193rd St10003+NY85th Rd+10003'
-73.7741,40.7463,0,4,'NY58th Ave10003+NY203rd St+10003'
-73.7741,40.7835,1,54,'NY18th Ave10003|NY18th Ave10003+NY23rd Ave+10003|NY18th Ave10003+NYWaters Edge Dr+10003|NY18th Ave10003+NY217th St+10003|NY23rd Ave10003|NY23rd Ave10003+NYWaters Edge Dr+10003|NY23rd Ave10003+NY217th St+10003|NYWaters Edge Dr10003|NY217th St10003'
-73.7741,40.6626,0,1,'NY145th Dr10003+NY167th St+10003'
-73.7741,40.9690,0,3,'NYHutchinson Ave10003'
-73.7740,40.7097,0,1,'NYJamaica Ave10003+NY185th St+10003|NY185th St10003'
-73.7740,40.7311,0,3,'NY196th Pl10003|NY196th Pl10003+NYUnion Tpke+10003'
-73.7740,40.7427,0,1,'NYHorace Harding Expy10003|NYHorace Harding Blvd10003'
-73.7739,40.7033,0,2,'NYBabylon Ave10003|NYBabylon Ave10003+NYDunkirk St+10003'
-73.7739,40.7697,0,4,'NYBell Blvd10003+NY34th Rd+10003|NY34th Rd10003'
-73.7739,40.7158,0,14,'NY188th St10003+NYWexford Ter+10003|NY188th St10003+NY87th Dr+10003|NYWexford Ter10003|NYWexford Ter10003+NY87th Dr+10003|NY87th Dr10003'
-73.7739,40.7583,0,2,'NY45th Rd10003+NYOceania St+10003'
-73.7739,40.5958,0,2,'NYBeach 42nd St10003|NYBeach 42nd St10003+NYBeach Channel Dr+10003'
-73.7738,40.7633,0,29,'NY211th St10003|NY211th St10003+NY41st Ave+10003'
-73.7738,40.7052,0,1,'NY183rd Pl10003|NY183rd Pl10003+NY104th Ave+10003'
-73.7738,40.6597,0,4,'NYRockaway Blvd10003+NYFarmers Blvd+10003|NYRockaway Blvd10003+NYOld Rockaway Blvd+10003|NYRockaway Blvd10003+NYI 878+10003|NYRockaway Blvd10003+NYNassau Expy+10003|NYFarmers Blvd10003|NYFarmers Blvd10003+NYOld Rockaway Blvd+10003|NYFarmers Blvd10003+NYI 878+10003|NYFarmers Blvd10003+NYNassau Expy+10003|NYOld Rockaway Blvd10003|NYOld Rockaway Blvd10003+NYI 878+10003|NYOld Rockaway Blvd10003+NYNassau Expy+10003|NYI 87810001|NYNassau Expy10001'
-73.7738,40.6853,0,5,'NY119th Ave10003+NYMerrill St+10003|NYMerrill St10003'
-73.7738,40.7906,0,1,'NYTheater Rd10003|NYTheater Rd10003+NYPratt Ave+10003'
-73.7738,40.7592,1,0,'NYCorporal Kennedy St10003'
-73.7738,40.7690,0,9,'NYBell Blvd10003+NY35th Ave+10003'
-73.7737,40.6666,0,4,'NY176th St10003'
-73.7737,40.6732,0,31,'NY166th Pl10003'
-73.7737,40.7793,0,4,'NY26th Ave10003+NY215th St+10003|NY215th St10003'
-73.7737,40.6721,0,5,'NY166th Pl10003|NY166th Pl10003+NY137th Ave+10003'
-73.7737,40.6894,0,1,'NY175th St10003|NY175th St10003+NY116th Ave+10003|NY116th Ave10003'
-73.7737,40.6782,0,36,'NY127th Ave10003'
-73.7737,40.6707,0,1,'NYNew York Blvd10003+NY140th Ave+10003|NYGuy R Brewer Blvd10003+NY140th Ave+10003'
-73.7736,40.6652,0,5,'NY144th Ter10003|NY144th Ter10003+NY175th St+10003'
-73.7736,40.7539,0,4,'NY48th Ave10003+NY207th St+10003|NY207th St10003'
-73.7736,40.7518,0,10,'NY50th Ave10003+NY206th St+10003'
-73.7736,40.7225,0,2,'NYMcLaughlin Ave10003+NY193rd St+10003|NYMc Laughlin Ave10003+NY193rd St+10003|NY193rd St10003'
-73.7736,40.7648,0,6,'NY212th St10003+NY39th Ave+10003'
-73.7736,40.7828,0,26,'NY23rd Rd10003|NY23rd Rd10003+NYWaters Edge Dr+10003|NY23rd Rd10003+NY217th St+10003'
-73.7736,40.7576,0,2,'NY45th Dr10003+NYOceania St+10003'
-73.7736,40.7151,1,7,'NYHillside Ave10002+NY188th St+10002|NYState Hwy 2510002+NY188th St+10002'
-73.7736,40.6810,0,1,'NYBaisley Blvd10003+NYMarsden St+10003|NYMarsden St10003'
-73.7736,40.7554,0,5,'NY208th St10003|NY208th St10003+NY47th Ave+10003'
-73.7736,40.7361,0,15,'NY73rd Ave10003+NY199th St+10003'
-73.7735,40.5958,0,1,'NYBeach 41st Pl10003|NYBeach 41st Pl10003+NYBeach Channel Dr+10003'
-73.7735,40.7026,0,2,'NYCamden Ave10003|NYCamden Ave10003+NYDunkirk St+10003'
-73.7735,40.6688,0,2,'NY144th Ave10003|NY144th Ave10003+NYLatham Ln+10003'
-73.7735,40.6835,0,2,'NY172nd St10003|NY172nd St10003+NYVictoria Dr+10003|NY172nd St10003+NY120th Ave+10003|NYVictoria Dr10003|NYVictoria Dr10003+NY120th Ave+10003|NY120th Ave10003'
-73.7735,40.6797,0,3,'NYBedell St10003+NY127th Ave+10003'
-73.7735,40.7073,0,4,'NYHenderson Ave10003+NY184th St+10003|NY184th St10003'
-73.7734,40.7605,1,9,'NY210th St10003|NY210th St10003+NY43rd Ave+10003'
-73.7734,40.9346,0,1,'NYMountain Ave10003'
-73.7734,40.7663,0,4,'NY213th St10003+NY38th Ave+10003'
-73.7734,40.6944,0,1,'NYMurdock Ave10003+NY177th St+10003'
-73.7734,40.7337,0,24,'NY75th Ave10003+NY198th St+10003'
-73.7733,40.7786,0,1,'NY215th St10003+NY27th Ave+10003'
-73.7733,40.9074,0,1,'NYPelham Rd10003+NYPark Ave+10003|NYPark Ave10003'
-73.7733,40.6594,0,6,'NYRockaway Blvd10003+NYRadar Rd+10003|NYRadar Rd10003'
-73.7733,40.7680,0,9,'NYBell Blvd10003+NY36th Ave+10003'
-73.7733,40.6661,0,4,'NY144th Dr10003|NY144th Dr10003+NY176th St+10003|NY176th St10003'
-73.7733,40.7446,0,1,'NYHorace Harding Blvd10003+NY203rd St+10003|NYHorace Harding Expy10003+NY203rd St+10003|NY203rd St10003'
-73.7733,40.7712,0,3,'NY214th St10003|NY214th St10003+NY33rd Rd+10003'
-73.7731,40.6848,0,4,'NYMerrill St10003+NY119th Rd+10003|NY119th Rd10003'
-73.7731,40.7019,0,1,'NYDunlop Ave10003|NYDunlop Ave10003+NYDunkirk St+10003'
-73.7731,40.6700,0,4,'NYNew York Blvd10003+NY142nd Ave+10003|NYGuy R Brewer Blvd10003+NY142nd Ave+10003'
-73.7731,40.7214,0,9,'NYPalermo St10003+NYNero Ave+10003'
-73.7731,40.7168,0,2,'NYHaywood Rd10003|NYHaywood Rd10003+NYPalo Alto Ave+10003'
-73.7731,40.7312,0,5,'NY197th St10003|NY197th St10003+NYUnion Tpke+10003'
-73.7730,40.7049,0,1,'NYArcade Ave10003'
-73.7730,40.6592,0,2,'NYPorter Rd10003|NYPorter Rd10003+NYRockaway Blvd+10003|NYPorter Rd10003+NY148th Ave+10003|NYRockaway Blvd10003+NY148th Ave+10003|NY148th Ave10003'
-73.7730,40.7484,1,3,'NYClearview Expy10003+NY56th Ave+10003|NY56th Ave10003|NY56th Ave10003+NY205th St+10003'
-73.7730,40.7542,0,1,'NY208th St10003|NY208th St10003+NY48th Ave+10003'
-73.7730,40.6812,0,1,'NYBaisley Blvd10003+NY171st St+10003|NY171st St10003'
-73.7730,40.7112,0,3,'NY91st Ave10003|NY91st Ave10003+NY187th St+10003'
-73.7730,40.6829,0,2,'NY172nd St10003+NYAmelia Rd+10003|NYAmelia Rd10003'
-73.7730,40.6847,0,1,'NYVictoria Rd10003|NYVictoria Rd10003+NYMerrill St+10003'
-73.7730,40.6674,2,4,'NYSouthern Parkway Exit Wb10003'
-73.7729,40.7563,0,1,'NYOceania St10003+NY46th Rd+10003|NY46th Rd10003'
-73.7729,40.7594,0,2,'NY210th St10003'
-73.7729,40.7778,0,1,'NY215th St10003+NY28th Ave+10003'
-73.7729,40.6717,0,1,'NY167th St10003'
-73.7729,40.7634,0,5,'NY212th St10003|NY212th St10003+NY41st Ave+10003'
-73.7729,40.8989,0,1,'NYKaren Ln10003'
-73.7728,40.9623,0,1,'NYCherry Lawn Blvd10003'
-73.7728,40.7125,0,5,'NY187th Pl10003+NY90th Ave+10003'
-73.7728,40.6708,0,1,'NY167th St10003|NY167th St10003+NY140th Ave+10003'
-73.7728,40.7543,0,3,'NY48th Ave10003+NY208th St+10003|NY208th St10003'
-73.7728,40.7048,0,3,'NY184th St10003'
-73.7728,40.7154,0,1,'NYHillside Ave10002+NY189th St+10002|NYState Hwy 2510002+NY189th St+10002|NY189th St10003'
-73.7727,40.7139,0,10,'NY188th St10003+NY89th Ave+10003'
-73.7727,40.7651,0,9,'NY213th St10003+NY39th Ave+10003'
-73.7727,40.6640,0,1,'NY145th Rd10003|NY145th Rd10003+NY175th St+10003'
-73.7727,40.7452,0,1,'NYClearview Expy10003|NYClearview Expy10003+NYHorace Harding Blvd+10003|NYClearview Expy10003+NYHorace Harding Expy+10003|NYHorace Harding Blvd10003+NYClearview Exwy Svc Rd+10003|NYHorace Harding Expy10003+NYClearview Exwy Svc Rd+10003|NYClearview Exwy Svc Rd10003'
-73.7727,40.7162,0,12,'NY87th Dr10003'
-73.7727,40.9112,0,1,'NYFarragut Cir10003|NYFarragut Cir10003+NYDecatur Rd+10003|NYFarragut Cir10003+NYSutton Mannor Rd+10003|NYDecatur Rd10003|NYDecatur Rd10003+NYSutton Mannor Rd+10003|NYDecatur Rd10003+NYDecatur Rd+10003|NYSutton Mannor Rd10003'
-73.7727,40.9082,2,1,'NYEcho Ave10003|NYEcho Ave10003+NYPelham Rd+10003'
-73.7726,40.6948,0,4,'NY178th St10003+NYMurdock Ave+10003'
-73.7726,40.5971,0,3,'NYBeach 40th St10003'
-73.7726,40.7076,0,3,'NYHenderson Ave10003+NY185th St+10003|NY185th St10003'
-73.7726,40.6845,0,1,'NYVictoria Dr10003|NYVictoria Dr10003+NYMerrill St+10003'
-73.7726,40.7339,1,11,'NY75th Ave10003|NY75th Ave10003+NY199th St+10003'
-73.7725,40.7666,0,5,'NYBell Blvd10003+NY38th Ave+10003'
-73.7725,40.9066,0,3,'NYDavenport Ave10003|NYDavenport Ave10003+NYHudson Park Rd+10003'
-73.7725,40.6665,1,2,'NY177th St10003'
-73.7725,40.6664,0,2,'NY144th Dr10003|NY144th Dr10003+NY177th St+10003'
-73.7725,40.9256,1,1,'NYPortman Rd10003|NYPortman Rd10003+NYPotter Ave+10003|NYPortman Rd10003+NYPetersville Rd+10003|NYPotter Ave10003|NYPotter Ave10003+NYPotter Ave+10003|NYPotter Ave10003+NYPetersville Rd+10003|NYPetersville Rd10003'
-73.7725,40.7812,0,12,'NYWaters Edge Dr10003|NYWaters Edge Dr10003+NYLittle Neck Blvd+10003|NYWaters Edge Dr10003+NY24th Ave+10003|NY217th St10003|NY217th St10003+NYLittle Neck Blvd+10003|NY217th St10003+NY24th Ave+10003|NYLittle Neck Blvd10003|NYLittle Neck Blvd10003+NY24th Ave+10003'
-73.7724,40.6626,0,1,'NY168th St10003|NY168th St10003+NY146th Ave+10003'
-73.7724,40.6610,1,1,'NY167th St10003'
-73.7724,40.6853,0,1,'NYVictoria Rd10003|NYVictoria Rd10003+NYMerrick Blvd+10003'
-73.7724,40.7733,0,13,'NY214th Pl10003+NY32nd Rd+10003|NY32nd Rd10003'
-73.7724,40.6690,1,7,'NY144th Ave10003+NYNew York Blvd+10003|NY144th Ave10003+NYGuy R Brewer Blvd+10003'
-73.7723,40.7624,0,11,'NY212th St10003|NY212th St10003+NY42nd Ave+10003'
-73.7723,40.7761,0,5,'NY215th St10003+NY29th Ave+10003'
-73.7723,40.6649,0,5,'NY145th Ave10003+NY176th St+10003'
-73.7723,40.9098,0,1,'NYFarragut Cir10003|NYFarragut Cir10003+NYSutton Manor Rd+10003'
-73.7723,40.7102,0,1,'NYJamaica Ave10003+NY187th St+10003|NY187th St10003'
-73.7723,40.7314,0,2,'NY198th St10003|NY198th St10003+NYUnion Tpke+10003'
-73.7723,40.6816,0,4,'NY125th Ave10003|NY125th Ave10003+NYBaisley Blvd+10003|NY125th Ave10003+NY172nd St+10003|NYBaisley Blvd10003+NY172nd St+10003'
-73.7723,40.7468,0,5,'NYClearview Expy10003+NY58th Ave+10003|NY205th St10003+NY58th Ave+10003|NY58th Ave10003'
-73.7722,40.6980,0,6,'NY179th Pl10003|NY179th Pl10003+NY180th St+10003'
-73.7722,40.9352,0,1,'NYKingsbury Rd10003|NYKingsbury Rd10003+NYMountain Ave+10003|NYKingsbury Rd10003+NYAviemore Dr+10003|NYMountain Ave10003+NYAviemore Dr+10003|NYAviemore Dr10003'
-73.7722,40.7115,0,3,'NY187th Pl10003+NY91st Ave+10003'
-73.7721,40.8995,0,1,'NYDavenport Ave10003+NYGail Dr+10003|NYGail Dr10003'
-73.7721,40.7486,0,2,'NY56th Ave10003+NY206th St+10003'
-73.7721,40.9169,0,1,'NYLispenard Ave10003+NYJefferson St+10003|NYJefferson St10003'
-73.7721,40.7545,0,1,'NYOceania St10003|NYOceania St10003+NY48th Ave+10003'
-73.7721,40.6724,1,1,'NY168th St10003|NY168th St10003+NY137th Ave+10003'
-73.7721,40.7178,0,2,'NY191st St10003|NY191st St10003+NYPalo Alto Ave+10003|NY191st St10003+NYPalo Alto St+10003|NYPalo Alto Ave10003+NYPalo Alto St+10003|NYPalo Alto St10003'
-73.7721,40.6809,0,1,'NY126th Ave10003|NY126th Ave10003+NY172nd St+10003|NY172nd St10003'
-73.7720,40.7781,0,2,'NY215th Pl10003|NY215th Pl10003+NY28th Ave+10003'
-73.7720,40.7596,0,1,'NY211th St10003'
-73.7720,40.6120,0,1,'NYBay Ct10003'
-73.7720,40.7128,0,2,'NY188th St10003+NY90th Ave+10003'
-73.7720,40.7694,0,3,'NY35th Ave10003+NYCorporal Stone St+10003|NYCorporal Stone St10003'
-73.7719,40.7142,0,3,'NY89th Ave10003+NY189th St+10003'
-73.7719,40.7157,0,9,'NYHillside Ave10002+NY190th St+10002|NYState Hwy 2510002+NY190th St+10002|NY190th St10003'
-73.7719,40.6684,0,2,'NYNew York Blvd10003+NY144th Rd+10003|NYGuy R Brewer Blvd10003+NY144th Rd+10003|NY144th Rd10003'
-73.7719,40.7635,0,13,'NY213th St10003|NY213th St10003+NY41st Ave+10003'
-73.7719,40.6709,0,3,'NY168th St10003|NY168th St10003+NY140th Ave+10003'
-73.7719,40.7653,0,6,'NYBell Blvd10003+NY39th Ave+10003'
-73.7719,40.7545,0,7,'NYOceania St10003|NYOceania St10003+NY48th Ave+10003'
-73.7719,40.7172,0,1,'NYHaywood Rd10003|NYHaywood Rd10003+NY191st St+10003'
-73.7719,40.7046,0,5,'NYLiberty Ave10003+NYBabylon Ave+10003|NYBabylon Ave10003|NYBabylon Ave10003+NY185th St+10003|NY185th St10003'
-73.7719,40.6952,0,8,'NYMurdock Ave10003+NY178th Pl+10003'
-73.7718,40.7455,0,2,'NY205th St10006|NY205th St10006+NYHorace Harding Blvd+10006|NY205th St10006+NYHorace Harding Expy+10006|NYHorace Harding Blvd10003+NYClearview Exwy Svc Rd+10003|NYHorace Harding Blvd10003+NYClearview Expy+10003|NYClearview Exwy Svc Rd10006|NYClearview Exwy Svc Rd10006+NYHorace Harding Expy+10006|NYHorace Harding Expy10003+NYClearview Expy+10003|NYClearview Expy10006'
-73.7718,40.6998,1,2,'NYDunkirk St10003+NYFonda Ave+10003|NYFonda Ave10003'
-73.7718,40.6628,0,1,'NY146th Ave10003|NY146th Ave10003+NY175th St+10003'
-73.7718,40.7707,0,2,'NY34th Ave10003|NY34th Ave10003+NY214th Pl+10003'
-73.7718,40.6701,0,1,'NY168th St10003+NY142nd Ave+10003|NY142nd Ave10003'
-73.7718,40.7743,0,2,'NY215th St10003'
-73.7717,40.6670,0,2,'NY177th Pl10003|NY177th Pl10003+NYState Rte 27+10003|NY177th Pl10003+NYS Conduit Ave+10003'
-73.7717,40.7103,1,3,'NY187th Pl10003|NY187th Pl10003+NYJamaica Ave+10003|NY187th Pl10003+NYHollis Ave+10003|NYJamaica Ave10003+NYHollis Ave+10003|NYHollis Ave10003'
-73.7717,40.7566,0,1,'NY46th Rd10003|NY46th Rd10003+NY210th St+10003|NY210th St10003'
-73.7717,40.7077,0,3,'NYHenderson Ave10003+NY186th St+10003|NY186th St10003'
-73.7717,40.6771,0,2,'NY130th Ave10003|NY130th Ave10003+NY130th Ave+10003'
-73.7717,40.7683,0,13,'NY36th Ave10003+NYCorporal Stone St+10003'
-73.7717,40.7610,0,13,'NY212th St10003+NY43rd Ave+10003'
-73.7716,40.7204,0,4,'NYPalermo St10003+NYKeno Ave+10003|NYKeno Ave10003'
-73.7716,40.6810,0,3,'NY126th Ave10003+NY172nd St+10003|NY172nd St10003'
-73.7715,40.7791,0,1,'NY216th St10003|NY216th St10003+NY27th Ave+10003'
-73.7715,40.6668,0,1,'NY177th Pl10003+NY144th Dr+10003'
-73.7715,40.7315,0,6,'NYCunningham Park State Route Limited Acc10009|NYCunningham Park State Route Limited Acc10009+NY199th St+10009|NYCunningham Park State Route Limited Acc10009+NYUnion Tpke+10009|NY199th St10003|NY199th St10003+NYUnion Tpke+10003'
-73.7715,40.7455,0,5,'NYClearview Expy10003|NYClearview Expy10003+NYHorace Harding Blvd+10003|NYClearview Expy10003+NYHorace Harding Expy+10003|NY205th St10003|NY205th St10003+NYHorace Harding Blvd+10003|NY205th St10003+NYHorace Harding Expy+10003'
-73.7715,40.7626,1,13,'NY42nd Ave10003+NY213th St+10003'
-73.7715,40.7220,0,5,'NYNero Ave10003'
-73.7715,40.6766,1,14,'NY130th Ave10003'
-73.7715,40.7590,1,1,'NY211th St10003+NY45th Rd+10003'
-73.7715,40.6804,0,1,'NY172nd St10003+NY127th Ave+10003'
-73.7714,40.7743,0,10,'NY215th St10003'
-73.7714,40.6637,0,2,'NY145th Dr10003+NY176th St+10003'
-73.7714,40.7629,0,1,'NY213th St10003|NY213th St10003+NY41st Rd+10003|NY41st Rd10003'
-73.7714,40.6623,0,2,'NY175th St10003+NY146th Rd+10003|NY146th Rd10003'
-73.7714,40.7470,0,2,'NY206th St10003+NY58th Ave+10003'
-73.7713,40.7118,0,1,'NY188th St10003+NY91st Ave+10003'
-73.7713,40.7764,0,4,'NY215th Pl10003+NY29th Ave+10003'
-73.7713,40.6799,0,1,'NY128th Ave10003|NY128th Ave10003+NY172nd St+10003'
-73.7713,40.7643,0,18,'NYBell Blvd10003+NY40th Ave+10003|NY40th Ave10003'
-73.7713,40.7547,0,3,'NY210th St10003|NY210th St10003+NY48th Ave+10003'
-73.7712,40.7668,0,10,'NY38th Ave10003+NYCorporal Stone St+10003'
-73.7712,40.7032,0,3,'NYDunlop Ave10003+NYHannibal St+10003|NYHannibal St10003'
-73.7712,40.7236,0,7,'NYSancho St10003|NYSancho St10003+NYMcLaughlin Ave+10003|NYSancho St10003+NYMc Laughlin Ave+10003|NYSancho St10003+NY85th Rd+10003|NY85th Rd10003'
-73.7712,40.6922,0,1,'NY115th Ave10003+NY177th Pl+10003|NY177th Pl10003'
-73.7712,40.7131,0,6,'NY90th Ave10003+NY189th St+10003'
-73.7712,40.6725,0,1,'NY169th St10003|NY169th St10003+NY137th Ave+10003'
-73.7712,40.7735,0,6,'NY215th St10003|NY215th St10003+NY32nd Rd+10003'
-73.7712,40.6769,0,16,'NY130th Ave10003'
-73.7712,40.6837,0,1,'NYBrocher Rd10003|NYBrocher Rd10003+NYMerrill St+10003'
-73.7711,40.7599,0,1,'NY212th St10003|NY212th St10003+NYState Hwy 25 Alt+10003'
-73.7711,40.6993,0,4,'NYGalway Ave10003+NYWood St+10003'
-73.7711,40.6674,0,9,'NYSouthern Parkway Exit Eb10003|NYSouthern Parkway Exit Eb10003+NYNew York Blvd+10003|NYSouthern Parkway Exit Eb10003+NYSouthern Parkway Entrance Eb+10003|NYSouthern Parkway Exit Eb10003+NYGuy R Brewer Blvd+10003|NYNew York Blvd10003+NYSouthern Parkway Entrance Eb+10003|NYSouthern Parkway Entrance Eb10003|NYSouthern Parkway Entrance Eb10003+NYGuy R Brewer Blvd+10003'
-73.7711,40.5976,0,1,'NYBeach 38th St10003'
-73.7711,40.7145,0,12,'NY89th Ave10003+NY190th St+10003'
-73.7711,40.7192,0,5,'NYSalerno Ave10003|NYSalerno Ave10003+NYPalermo St+10003'
-73.7711,40.7783,0,1,'NY216th St10003+NY28th Ave+10003'
-73.7711,40.6670,0,6,'NYState Rte 2710002+NY144th Dr+10002|NY144th Dr10003|NY144th Dr10003+NYS Conduit Ave+10003'
-73.7711,40.7507,0,3,'NY53rd Ave10003+NY208th St+10003'
-73.7711,40.6932,0,1,'NY178th St10003+NY114th Rd+10003'
-73.7711,40.7160,1,4,'NYHillside Ave10002+NY191st St+10002|NYState Hwy 2510002+NY191st St+10002'
-73.7711,40.6956,0,3,'NY179th St10003+NYMurdock Ave+10003'
-73.7711,40.6782,0,6,'NY130th Ave10003+NYBedell St+10003'
-73.7710,40.9365,0,1,'NYHighpoint Rd10003|NYHighpoint Rd10003+NYHighpoint Rd+10003'
-73.7710,40.6111,0,1,'NYPoint Breeze Pl10003'
-73.7710,40.7708,0,1,'NY34th Ave10003|NY34th Ave10003+NY214th Ln+10003|NY214th Ln10003'
-73.7710,40.7636,3,16,'NYBell Blvd10003+NY41st Ave+10003'
-73.7710,40.7548,0,3,'NY210th St10003|NY210th St10003+NY48th Ave+10003'
-73.7710,40.7526,0,4,'NYOceania St10003|NYOceania St10003+NY50th Ave+10003|NYOceania St10003+NYOceania St+10003|NYOceania St10003+NY209th St+10003|NY50th Ave10003+NYOceania St+10003|NY50th Ave10003+NY209th St+10003|NY209th St10003'
-73.7710,40.6612,0,2,'NY175th St10003|NY175th St10003+NYFarmers Blvd+10003|NY175th St10003+NY147th Ave+10003|NYFarmers Blvd10003+NY147th Ave+10003'
-73.7709,40.7044,0,2,'NYCamden Ave10003|NYCamden Ave10003+NY186th St+10003|NY186th St10003'
-73.7709,40.7655,0,5,'NY39th Ave10003+NYCorporal Stone St+10003'
-73.7709,40.6983,0,1,'NYHilburn Ave10003|NYHilburn Ave10003+NYDunkirk St+10003'
-73.7708,40.9233,1,0,'NYWilson Dr10003|NYWilson Dr10003+NYPalmer Ave+10003'
-73.7708,40.6600,0,2,'NYPorter Rd10003|NYPorter Rd10003+NY175th St+10003'
-73.7708,40.6793,0,1,'NY129th Ave10003|NY129th Ave10003+NY172nd St+10003|NY172nd St10003'
-73.7708,40.6690,0,3,'NY144th Ave10003+NY169th St+10003'
-73.7708,40.7612,0,6,'NY43rd Ave10003+NY213th St+10003'
-73.7708,40.7685,0,6,'NY36th Ave10003+NY214th Pl+10003'
-73.7707,40.7630,2,5,'NYBell Blvd10003+NY41st Rd+10003|NY41st Rd10003'
-73.7707,40.7426,0,2,'NYI 29510001+NYHorace Harding Blvd+10001|NYI 29510001+NYHorace Harding Expy+10001|NYHorace Harding Blvd10003+NYClearview Expy+10003|NYHorace Harding Expy10003+NYClearview Expy+10003'
-73.7707,40.9667,0,1,'NYOld Lyme Rd10003+NYNormandy Ln+10003'
-73.7707,40.7774,0,3,'NY216th St10003+NY28th Rd+10003|NY28th Rd10003'
-73.7707,40.7562,0,1,'NY47th Ave10003+NY211th St+10003|NY211th St10003'
-73.7707,40.5960,0,4,'NYBeach 38th St10003+NYBeach Channel Dr+10003'
-73.7707,40.7108,0,1,'NYJamaica Ave10003+NY188th St+10003|NY188th St10003|NY188th St10003+NYWoodhull Ave+10003|NYWoodhull Ave10003'
-73.7707,40.6640,0,1,'NY177th St10003+NY145th Dr+10003'
-73.7706,40.6616,1,1,'NYFarmers Blvd10003+NY175th St+10003|NY175th St10003'
-73.7706,40.7696,0,1,'NY35th Ave10003+NY214th Ln+10003|NY214th Ln10003'
-73.7706,40.7452,2,0,'NY205th St10006|NYClearview Exwy Svc Rd10006|NYClearview Expy10006'
-73.7706,40.6586,1,2,'NY175th St10003+NY148th Rd+10003|NY148th Rd10003'
-73.7706,40.9358,0,1,'NYHighpoint Rd10003|NYHighpoint Rd10003+NYMountain Ave+10003'
-73.7706,40.7027,0,2,'NYElmira Ave10003+NYHannibal St+10003'
-73.7706,40.7211,0,1,'NYSancho St10003|NYSancho St10003+NYKeno Ave+10003'
-73.7706,40.7079,0,2,'NYHenderson Ave10003+NY187th St+10003|NY187th St10003'
-73.7706,40.9397,0,2,'NYLinwood Rd10003|NYLinwood Rd10003+NYForest Ave+10003'
-73.7706,40.7644,0,3,'NY40th Ave10003+NYCorporal Stone St+10003|NYCorporal Stone St10003'
-73.7705,40.7453,0,1,'NYHorace Harding Blvd10003+NY206th St+10003|NY206th St10003|NY206th St10003+NYHorace Harding Expy+10003'
-73.7705,40.7121,0,1,'NY91st Ave10003|NY91st Ave10003+NY189th St+10003'
-73.7705,40.7627,0,11,'NYBell Blvd10003+NY42nd Ave+10003'
-73.7705,40.6580,1,0,'NY175th St10003+NY149th Ave+10003|NY149th Ave10003'
-73.7705,40.6579,4,3,'NYRockaway Blvd10003+NY175th St+10003|NY175th St10003'
-73.7705,40.7473,0,11,'NY207th St10003+NY58th Ave+10003'
-73.7704,40.7134,0,2,'NY90th Ave10003+NY190th St+10003'
-73.7704,40.9240,0,1,'NYPalmer Ave10003+NYHarding Dr+10003|NYHarding Dr10003'
-73.7704,40.7491,0,2,'NY56th Ave10003+NY208th St+10003'
-73.7704,40.6936,0,3,'NY114th Rd10003+NY178th Pl+10003'
-73.7703,40.6961,0,1,'NYMurdock Ave10003+NY180th St+10003'
-73.7703,40.6664,0,12,'NYNew York Blvd10003+NYMeadow Rd+10003|NYMeadow Rd10003|NYMeadow Rd10003+NYGuy R Brewer Blvd+10003'
-73.7703,40.7427,0,1,'NYHorace Harding Blvd10003|NYHorace Harding Expy10003'
-73.7703,40.7148,0,1,'NY89th Ave10003|NY89th Ave10003+NY191st St+10003'
-73.7703,40.7669,1,4,'NY38th Ave10003+NY214th Pl+10003'
-73.7703,40.9368,0,2,'NYRidge Rd10003'
-73.7703,40.7729,0,1,'NY215th Pl10003|NY215th Pl10003+NY33rd Ave+10003'
-73.7703,40.6823,0,1,'NYVaswani Ave10003'
-73.7703,40.7767,0,2,'NY216th St10003+NY29th Ave+10003|NY29th Ave10003'
-73.7703,40.6119,0,2,'NYMott Ave10003+NYPoint Breeze Pl+10003|NYPoint Breeze Pl10003'
-73.7703,40.7256,1,2,'NYGrand Central Pkwy10002+NYCunningham Park State Rte+10002|NYCunningham Park State Rte10002'
-73.7703,40.6727,0,2,'NY170th St10003|NY170th St10003+NY137th Ave+10003'
-73.7703,40.6977,0,3,'NYDunkirk St10003+NYIlion Ave+10003|NYIlion Ave10003'
-73.7703,40.7601,2,3,'NYState Hwy 25 Alt10002+NY213th St+10002|NYNorthern Blvd10002+NY213th St+10002|NY213th St10003'
-73.7703,40.7194,0,1,'NYSalerno Ave10003+NYDunton Ave+10003|NYDunton Ave10003'
-73.7702,40.7563,0,1,'NY211th St10003|NY211th St10003+NY47th Ave+10003'
-73.7702,40.9453,0,1,'NYBeechtree Dr10003|NYBeechtree Dr10003+NYEdgemont Rd+10003|NYEdgemont Rd10003'
-73.7702,40.7697,0,2,'NY35th Ave10003+NY215th St+10003|NY215th St10003'
-73.7702,40.6621,0,2,'NYFarmers Blvd10003+NY176th St+10003'
-73.7701,40.7799,0,1,'NYLittle Neck Blvd10003+NY27th Ave+10003|NY27th Ave10003'
-73.7701,40.6831,0,2,'NYBaisley Blvd10003+NYMerrill St+10003'
-73.7701,40.7318,0,2,'NYFrancis Lewis Blvd10003+NYUnion Tpke+10003'
-73.7701,40.7163,0,1,'NYHillside Ave10002+NY192nd St+10002|NYState Hwy 2510002+NY192nd St+10002|NY192nd St10003'
-73.7701,40.7216,0,1,'NYComo Ave10003|NYComo Ave10003+NYKeno Ave+10003'
-73.7700,40.6659,1,6,'NYNew York Blvd10003+NY145th Ave+10003|NYNew York Blvd10003+NYMeadow Dr+10003|NY145th Ave10003+NYGuy R Brewer Blvd+10003|NYMeadow Dr10003|NYMeadow Dr10003+NYGuy R Brewer Blvd+10003'
-73.7700,40.7657,0,10,'NY39th Ave10003+NY214th Pl+10003'
-73.7700,40.6819,0,1,'NY125th Ave10003+NY174th Pl+10003|NY174th Pl10003'
-73.7699,40.6696,0,2,'NY143rd Rd10003|NY143rd Rd10003+NY170th St+10003'
-73.7699,40.7614,0,13,'NYBell Blvd10003+NY43rd Ave+10003'
-73.7699,40.6689,0,8,'NY170th St10003'
-73.7699,40.6644,0,1,'NY177th Pl10003+NY145th Dr+10003'
-73.7698,40.9205,0,1,'NYSunhaven Dr10003+NYBelmont Ave+10003|NYBelmont Ave10003'
-73.7698,40.7041,0,3,'NYDunlop Ave10003'
-73.7698,40.6813,0,1,'NY126th Ave10003+NY174th Pl+10003'
-73.7698,40.7299,0,1,'NYCunningham Park State Rte10002'
-73.7698,40.6575,2,4,'NY149th Rd10003|NY149th Rd10003+NYRockaway Blvd+10003'
-73.7698,40.7564,0,1,'NY47th Ave10003+NY212th St+10003|NY212th St10003'
-73.7698,40.5961,0,1,'NYBeach 37 St10003|NYBeach 37 St10003+NYBeach 37th St+10003|NYBeach 37 St10003+NYBeach Channel Dr+10003|NYBeach 37th St10003|NYBeach 37th St10003+NYBeach 37th St+10003|NYBeach 37th St10003+NYBeach Channel Dr+10003'
-73.7697,40.6838,0,1,'NYBaisley Blvd10003+NYMerrick Blvd+10003'
-73.7697,40.6102,0,2,'NYWestbourne Ave10003|NYWestbourne Ave10003+NYDunbar St+10003|NYDunbar St10003'
-73.7697,40.7751,0,6,'NY216th St10003+NY31st Rd+10003|NY31st Rd10003'
-73.7697,40.7048,0,2,'NYLudlum Ave10003|NYLudlum Ave10003+NY187th St+10003'
-73.7697,40.6971,0,4,'NYJordan Ave10003|NYJordan Ave10003+NYDunkirk St+10003'
-73.7697,40.6594,0,1,'NY148th Ave10003+NY176th St+10003|NY176th St10003'
-73.7697,40.7081,0,2,'NY188th St10003|NY188th St10003+NYHenderson Ave+10003'
-73.7697,40.7455,1,4,'NYHorace Harding Blvd10003+NY207th St+10003|NY207th St10003|NY207th St10003+NYHorace Harding Expy+10003'
-73.7696,40.9284,0,6,'NYBiehn St10003|NYBiehn St10003+NYPleasant St+10003|NYPleasant St10003'
-73.7696,40.6807,0,2,'NY174th Pl10003+NY127th Ave+10003'
-73.7696,40.7118,0,2,'NY190th St10003|NY190th St10003+NYJamaica Ave+10003'
-73.7696,40.7636,0,1,'NY41st Ave10003|NY41st Ave10003+NY214th Pl+10003|NY214th Pl10003'
-73.7696,40.6627,0,4,'NYFarmers Blvd10003+NY177th St+10003|NY177th St10003'
-73.7696,40.6941,0,1,'NY114th Rd10003+NY179th St+10003'
-73.7696,40.7475,0,17,'NY208th St10003+NY58th Ave+10003'
-73.7696,40.7137,0,1,'NY90th Ave10003+NY191st St+10003'
-73.7695,40.6628,0,1,'NYFarmers Blvd10003+NY177th St+10003|NY177th St10003'
-73.7695,40.7401,0,1,'NYI 29510001+NYHollis Hills Ter+10001|NYI 29510001+NYHollis Court Blvd+10001|NYHollis Hills Ter10003|NYHollis Hills Ter10003+NYClearview Expy+10003|NYClearview Expy10001+NYHollis Court Blvd+10001|NYHollis Court Blvd10003'
-73.7695,40.7040,0,1,'NY187th St10003'
-73.7695,40.7638,0,9,'NY214th Pl10003+NY41st Ave+10003|NY41st Ave10003'
-73.7695,40.6927,0,3,'NY178th Pl10003'
-73.7695,40.6844,0,1,'NYBaisley Blvd10003+NYIrwin Pl+10003|NYBaisley Blvd10003+NY120th Ave+10003|NYIrwin Pl10003|NYIrwin Pl10003+NY120th Ave+10003|NY120th Ave10003'
-73.7694,40.7120,0,1,'NYJamaica Ave10003+NY190th St+10003|NY190th St10003'
-73.7694,40.7494,0,2,'NY56th Ave10003+NYOceania St+10003|NY56th Ave10003+NY209th St+10003'
-73.7694,40.7671,0,4,'NY38th Ave10003+NY215th St+10003'
-73.7694,40.6728,0,4,'NY171st St10003|NY171st St10003+NY137th Ave+10003'
-73.7694,40.7002,0,5,'NYMayville St10003+NYHilburn Ave+10003'
-73.7693,40.6796,0,2,'NY174th Pl10003|NY174th Pl10003+NY129th Ave+10003'
-73.7693,40.7512,0,4,'NY210th St10003+NY53rd Ave+10003'
-73.7693,40.7699,0,3,'NY35th Ave10003+NY215th Pl+10003|NY215th Pl10003'
-73.7692,40.9477,0,1,'NYBriar Close Rd10003'
-73.7692,40.7213,0,3,'NYClio St10003|NYClio St10003+NYKeno Ave+10003'
-73.7692,40.7026,0,1,'NYRye Pl10003|NYRye Pl10003+NYBrinkerhoff Ave+10003'
-73.7692,40.6710,0,2,'NY171st St10003+NY140th Ave+10003'
-73.7691,40.7018,0,1,'NYGalway Ave10003+NYHannibal St+10003'
-73.7691,40.7167,3,7,'NYHillside Ave10002+NY193rd St+10002|NYState Hwy 2510002+NY193rd St+10002'
-73.7691,40.7193,1,2,'NYDunton Ave10003|NYDunton Ave10003+NYClio St+10003|NYClio St10003'
-73.7691,40.6617,0,2,'NY177th St10003+NY146th Dr+10003|NY146th Dr10003'
-73.7691,40.6820,0,4,'NY125th Ave10003+NYMerrill St+10003|NYMerrill St10003'
-73.7691,40.5979,0,1,'NYBeach 36th St10003'
-73.7691,40.7243,0,6,'NYMcLaughlin Ave10003+NYPinto St+10003|NYPinto St10003|NYPinto St10003+NYMc Laughlin Ave+10003'
-73.7691,40.6647,0,1,'NYNew York Blvd10003+NY145th Dr+10003|NY145th Dr10003|NY145th Dr10003+NYGuy R Brewer Blvd+10003'
-73.7691,40.6047,0,1,'NYColdspring Rd10003'
-73.7690,40.7658,0,3,'NY215th St10003+NY39th Ave+10003'
-73.7690,40.6695,0,1,'NY171st St10003|NY171st St10003+NY143rd Rd+10003'
-73.7690,40.7103,0,1,'NY190th St10003+NYWoodhull Ave+10003'
-73.7690,40.7531,0,1,'NY50th Ave10003+NY211th St+10003'
-73.7690,40.6635,0,1,'NY177th Pl10003|NY177th Pl10003+NYFarmers Blvd+10003'
-73.7690,40.7188,0,1,'NYClover Pl10003|NYClover Pl10003+NYClover Hill Rd+10003|NYClover Pl10003+NYClover Hill Dr+10003|NYClover Hill Rd10003|NYClover Hill Rd10003+NYClover Hill Dr+10003|NYClover Hill Dr10003'
-73.7689,40.7225,0,6,'NYComo Ave10003|NYComo Ave10003+NYPinto St+10003'
-73.7689,40.9364,0,1,'NYMountain Ave10003+NYAcorn Ln+10003|NYAcorn Ln10003'
-73.7689,40.7596,0,9,'NYBell Blvd10003+NY45th Rd+10003'
-73.7689,40.9191,1,0,'NYHarding Dr10003'
-73.7689,40.7101,0,1,'NY190th St10003+NYSagamore Rd+10003|NYSagamore Rd10003'
-73.7688,40.6945,0,1,'NY114th Rd10003|NY114th Rd10003+NY180th St+10003'
-73.7688,40.6071,0,4,'NYWaterview St10003|NYWaterview St10003+NYWaterview Pl+10003|NYWaterview St10003+NYBayswater Ave+10003|NYWaterview Pl10003|NYWaterview Pl10003+NYBayswater Ave+10003'
-73.7688,40.7616,0,7,'NY214th Pl10003+NY43rd Ave+10003'
-73.7688,40.7779,0,1,'NYLittle Neck Blvd10003+NY28th Rd+10003|NY28th Rd10003'
-73.7688,40.6759,0,24,'NY133rd Ave10003|NY133rd Ave10003+NY133rd Ave+10003'
-73.7688,40.7039,0,3,'NYElmira Ave10003'
-73.7688,40.7203,1,15,'NYSalerno Ave10003|NYSalerno Ave10003+NYClio St+10003'
-73.7688,40.6962,0,4,'NYQuencer Rd10003|NYQuencer Rd10003+NYDunkirk St+10003'
-73.7688,40.6982,0,1,'NYWood St10003+NYJordan Ave+10003'
-73.7688,40.7082,0,1,'NYHenderson Ave10003+NY189th St+10003'
-73.7688,40.6569,4,4,'NYRockaway Blvd10003+NY177th St+10003|NYRockaway Blvd10003+NY150th Ave+10003|NY177th St10003|NY177th St10003+NY150th Ave+10003|NY150th Ave10003'
-73.7688,40.7458,0,2,'NYHorace Harding Blvd10003+NY208th St+10003|NYHorace Harding Expy10003+NY208th St+10003|NY208th St10003'
-73.7687,40.7125,0,7,'NYJamaica Ave10003+NY191st St+10003|NY191st St10003'
-73.7687,40.7140,1,4,'NY192nd St10003+NY90th Ave+10003|NY90th Ave10003'
-73.7687,40.7567,0,5,'NY47th Ave10003+NY213th St+10003|NY213th St10003'
-73.7687,40.6078,0,2,'NYBailey Ct10003'
-73.7687,40.7024,0,1,'NYGalway Ave10003|NYGalway Ave10003+NYRye Pl+10003'
-73.7687,40.9255,0,2,'NYPalmer Ave10003+NYSpencer Dr+10003|NYSpencer Dr10003'
-73.7687,40.6665,0,3,'NYBroadway10003|NYBroadway10003+NYMeadow Rd+10003'
-73.7686,40.6660,0,3,'NYBroadway10003+NY145th Ave+10003|NY145th Ave10003|NY145th Ave10003+NYMeadow Dr+10003|NYMeadow Dr10003|NYMeadow Dr10003+NYMeadow Dr+10003'
-73.7686,40.7244,0,4,'NYMcLaughlin Ave10003+NYMarengo St+10003|NYMarengo St10003|NYMarengo St10003+NYMc Laughlin Ave+10003'
-73.7686,40.7590,0,2,'NYBell Blvd10003+NY45th Dr+10003'
-73.7686,40.7098,0,3,'NY190th St10003|NY190th St10003+NYHollis Ave+10003'
-73.7686,40.6640,0,6,'NYNew York Blvd10003+NYFarmers Blvd+10003|NYFarmers Blvd10003+NYGuy R Brewer Blvd+10003'
-73.7686,40.6831,0,1,'NYSunbury Rd10003|NYSunbury Rd10003+NYMerrick Blvd+10003'
-73.7686,40.7126,1,2,'NY191st St10003|NY191st St10003+NYJamaica Ave+10003'
-73.7685,40.7496,0,5,'NY56th Ave10003+NY210th St+10003'
-73.7685,40.6729,0,1,'NY172nd St10003|NY172nd St10003+NY137th Ave+10003'
-73.7685,40.7672,0,3,'NY38th Ave10003+NY215th Pl+10003'
-73.7685,40.7031,0,1,'NYFirwood Pl10003|NYFirwood Pl10003+NYBrinkerhoff Ave+10003'
-73.7685,40.7136,0,1,'NY90th Ave10003|NY90th Ave10003+NY192nd St+10003'
-73.7685,40.6862,0,1,'NYBaisley Blvd10003+NY177th St+10003|NY177th St10003'
-73.7685,40.7604,1,3,'NY214th Pl10003|NY214th Pl10003+NYState Hwy 25 Alt+10003|NY214th Pl10003+NYNorthern Blvd+10003'
-73.7684,40.9395,0,1,'NYSeton Rd10003|NYSeton Rd10003+NYSpringdale Rd+10003'
-73.7684,40.7636,0,5,'NY41st Ave10003|NY41st Ave10003+NY215th St+10003'
-73.7684,40.7376,0,1,'NYI 29510001+NY73rd Ave+10001|NY73rd Ave10003+NYClearview Expy+10003'
-73.7684,40.9389,0,1,'NYSeton Rd10003+NYRidge Rd+10003|NYRidge Rd10003'
-73.7684,40.6742,1,9,'NY134th Rd10003|NY134th Rd10003+NY173rd St+10003|NY173rd St10003'
-73.7684,40.7635,0,1,'NY215th St10003'
-73.7684,40.7014,0,1,'NYHilburn Ave10003+NYHannibal St+10003'
-73.7684,40.6765,0,4,'NY133rd Ave10003|NY133rd Ave10003+NYBedell St+10003'
-73.7684,40.6629,0,4,'NY146th Rd10003|NY146th Rd10003+NYNew York Blvd+10003|NY146th Rd10003+NYGuy R Brewer+10003|NY146th Rd10003+NYGuy R Brewer Blvd+10003|NYNew York Blvd10003|NYNew York Blvd10003+NYNew York Blvd+10003|NYNew York Blvd10003+NYGuy R Brewer+10003|NYNew York Blvd10003+NYGuy R Brewer Blvd+10003|NYGuy R Brewer10003|NYGuy R Brewer10003+NYGuy R Brewer Blvd+10003'
-73.7683,40.7555,0,3,'NY48th Ave10003+NY213th St+10003|NY213th St10003'
-73.7683,40.6645,0,1,'NY145th Dr10003|NY145th Dr10003+NYFarmers Blvd+10003'
-73.7683,40.6711,0,2,'NY172nd St10003+NY140th Ave+10003'
-73.7683,40.7583,0,4,'NYBell Blvd10003+NY46th Ave+10003'
-73.7683,40.9699,0,2,'NYHerkimer Rd10003|NYHerkimer Rd10003+NYHutchinson Ave+10003|NYHutchinson Ave10003'
-73.7683,40.6668,0,7,'NYSouthern Parkway Exit Eb10003|NYSouthern Parkway Exit Eb10003+NYState Rte 27+10003|NYSouthern Parkway Exit Eb10003+NYS Conduit Ave+10003'
-73.7683,40.6847,0,1,'NYRoe Rd10003|NYRoe Rd10003+NY120th Ave+10003'
-73.7683,40.7630,0,1,'NY42nd Ave10003|NY42nd Ave10003+NY215th St+10003|NY215th St10003'
-73.7682,40.7217,0,1,'NYPinto St10003|NYPinto St10003+NYMarengo St+10003|NYPinto St10003+NYKeno Ave+10003|NYMarengo St10003|NYMarengo St10003+NYKeno Ave+10003'
-73.7682,40.6049,0,3,'NYWaterview St10003|NYWaterview St10003+NYWaterview Pl+10003|NYWaterview St10003+NYColdspring Rd+10003|NYWaterview Pl10003|NYWaterview Pl10003+NYColdspring Rd+10003'
-73.7682,40.7628,0,1,'NY42nd Ave10003|NY42nd Ave10003+NY215th St+10003'
-73.7682,40.6617,0,3,'NYNew York Blvd10003|NYNew York Blvd10003+NYNew York Blvd+10003|NYNew York Blvd10003+NYGuy R Brewer+10003|NYNew York Blvd10003+NYGuy R Brewer Blvd+10003|NYGuy R Brewer10003|NYGuy R Brewer10003+NYGuy R Brewer Blvd+10003|NYGuy R Brewer Blvd10003+NY146th Dr+10003'
-73.7682,40.7170,0,3,'NYHillside Ave10002+NY195th St+10002|NYState Hwy 2510002+NY195th St+10002|NY195th St10003'
-73.7681,40.7555,0,2,'NY48th Ave10003+NY213th St+10003|NY213th St10003'
-73.7681,40.6023,0,1,'NYBay 32nd St10003+NYBeach 32 St+10003|NYBay 32nd St10003+NYBessemund Ave+10003|NYBeach 32 St10003|NYBeach 32 St10003+NYBeach 32nd St+10003|NYBeach 32 St10003+NYBessemund Ave+10003|NYBeach 32nd St10003|NYBeach 32nd St10003+NYBessemund Ave+10003|NYBessemund Ave10003'
-73.7681,40.6865,0,1,'NYBaisley Blvd10003+NY119th Rd+10003|NY119th Rd10003'
-73.7681,40.6925,0,3,'NY179th St10003'
-73.7681,40.7533,0,3,'NY50th Ave10003+NY212th St+10003'
-73.7681,40.7660,0,5,'NY215th Pl10003+NY39th Ave+10003'
-73.7681,40.9348,0,2,'NYBarnard Rd10003+NYDell Way+10003|NYDell Way10003'
-73.7681,40.7095,0,3,'NYFarmers Blvd10003|NYFarmers Blvd10003+NYHollis Ave+10003|NYFarmers Blvd10003+NY99th Ave+10003|NYHollis Ave10003+NY99th Ave+10003|NY99th Ave10003'
-73.7681,40.6694,0,2,'NY143rd Rd10003+NY172nd St+10003'
-73.7681,40.7759,1,1,'NY218th St10003'
-73.7681,40.6610,0,1,'NY146th Ter10003|NY146th Ter10003+NYNew York Blvd+10003|NY146th Ter10003+NYGuy R Brewer Blvd+10003'
-73.7681,40.9651,0,1,'NYBroadmoor Rd10003'
-73.7681,40.9423,0,1,'NYRockingstone Ave10003+NYForest Ave+10003'
-73.7680,40.6070,0,2,'NYTrist Pl10003|NYTrist Pl10003+NYBayswater Ave+10003'
-73.7680,40.9440,0,1,'NYCampbell Ln10003'
-73.7680,40.7194,0,6,'NYPompeii Ave10003'
-73.7680,40.7129,0,1,'NYJamaica Ave10003+NY192nd St+10003|NY192nd St10003'
-73.7680,40.5976,0,1,'NYBeach 35th St10003'
-73.7680,40.6978,0,2,'NYMangin Ave10003+NYWood St+10003'
-73.7680,40.6730,0,2,'NY137th Ave10003+NY173rd St+10003|NY173rd St10003'
-73.7679,40.7379,1,3,'NYHollis Hills Ter10003|NYHollis Hills Ter10003+NY73rd Ave+10003|NYHollis Hills Ter10003+NYHollis Hills Ter+10003|NYHollis Hills Ter10003+NYHollis Court Blvd+10003|NY73rd Ave10003+NYHollis Hills Ter+10003|NY73rd Ave10003+NYHollis Court Blvd+10003|NYHollis Court Blvd10003'
-73.7679,40.7020,0,1,'NYRye Pl10003|NYRye Pl10003+NYHilburn Ave+10003'
-73.7679,40.7618,0,2,'NY43rd Ave10003+NY215th St+10003'
-73.7679,40.7218,0,7,'NYKeno Ave10003+NYMarengo St+10003|NYMarengo St10003'
-73.7679,40.7036,0,1,'NYBrinkerhoff Ave10003'
-73.7678,40.6596,0,1,'NY148th Ave10003|NY148th Ave10003+NYNew York Blvd+10003|NY148th Ave10003+NYGuy R Brewer Blvd+10003'
-73.7678,40.6848,0,2,'NY177th St10003|NY177th St10003+NY120th Ave+10003'
-73.7678,40.6653,1,0,'NYFarmers Blvd10003+NY145th Rd+10003|NY145th Rd10003'
-73.7678,40.6088,0,1,'NYWestbourne Ave10003+NYHarbour Ct+10003|NYHarbour Ct10003'
-73.7678,40.7106,0,4,'NY191st St10003+NYWoodhull Ave+10003'
-73.7678,40.7458,0,8,'NYOceania St10003+NYI 495+10003|NYOceania St10003+NYLong Island Expy+10003|NY209th St10003+NYI 495+10003|NY209th St10003+NYLong Island Expy+10003'
-73.7677,40.6589,0,1,'NYNew York Blvd10003+NY148th Rd+10003|NYGuy R Brewer Blvd10003+NY148th Rd+10003|NY148th Rd10003'
-73.7677,40.6822,0,1,'NY176th St10003'
-73.7677,40.7569,0,8,'NYBell Blvd10003+NY47th Ave+10003'
-73.7676,40.7254,0,3,'NYGrnd Cntrl Parkway Exit Wb10003'
-73.7676,40.6730,0,1,'NY173rd St10003|NY173rd St10003+NY137th Ave+10003'
-73.7676,40.7455,1,1,'NYOceania St10003+NYHorace Harding Expy+10003|NYOceania St10003+NYHorace Harding Blvd+10003|NY209th St10003+NYHorace Harding Expy+10003|NY209th St10003+NYHorace Harding Blvd+10003|NYHorace Harding Expy10003|NYHorace Harding Blvd10003'
-73.7676,40.9664,0,1,'NYMeadow Rd10003'
-73.7676,40.7011,0,2,'NYIlion Ave10003+NYHannibal St+10003'
-73.7676,40.9198,0,2,'NYSunhaven Dr10003+NYWilson Dr+10003|NYSunhaven Dr10003+NYHarding Dr+10003|NYWilson Dr10003|NYWilson Dr10003+NYHarding Dr+10003'
-73.7676,40.7674,0,3,'NY38th Ave10003+NY216th St+10003'
-73.7676,40.7073,0,1,'NY103rd Ave10003'
-73.7676,40.9454,0,1,'NYGlen Eagles Dr10003+NYLocust Ridge Rd+10003|NYLocust Ridge Rd10003'
-73.7675,40.7179,0,12,'NYFoothill Ave10003'
-73.7675,40.9353,0,1,'NYBarnard Rd10003|NYBarnard Rd10003+NYHuguenot Dr+10003'
-73.7675,40.7499,0,3,'NY56th Ave10003+NY211th St+10003'
-73.7675,40.7605,0,1,'NYState Hwy 25 Alt10002+NY215th St+10002|NYNorthern Blvd10002+NY215th St+10002'
-73.7675,40.7140,0,4,'NY90th Ave10003+NY193rd St+10003'
-73.7675,40.7638,0,5,'NY215th Pl10003'
-73.7675,40.6744,0,2,'NY174th St10003|NY174th St10003+NY134th Rd+10003'
-73.7675,40.7248,0,1,'NYEpsom Crse10003|NYEpsom Crse10003+NYMcLaughlin Ave+10003'
-73.7675,40.7037,0,1,'NY189th St10003+NYBrinkerhoff Ave+10003'
-73.7674,40.7131,0,3,'NYJamaica Ave10003+NY193rd St+10003|NY193rd St10003'
-73.7674,40.6833,0,2,'NYTroutville Rd10003|NYTroutville Rd10003+NYIrwin Pl+10003'
-73.7674,40.6711,0,1,'NY173rd St10003+NY140th Ave+10003'
-73.7674,40.6562,3,6,'NYRockaway Blvd10003+NY150th Rd+10003|NYRockaway Blvd10003+NYNew York Blvd+10003|NYRockaway Blvd10003+NYGuy R Brewer Blvd+10003|NY150th Rd10003|NY150th Rd10003+NYNew York Blvd+10003|NY150th Rd10003+NYGuy R Brewer Blvd+10003|NYNew York Blvd10003|NYGuy R Brewer Blvd10003'
-73.7674,40.7699,0,2,'NY217th St10003'
-73.7673,40.7066,0,3,'NY104th Ave10003'
-73.7673,40.7173,0,6,'NYHillside Ave10002+NY195th Pl+10002|NYState Hwy 2510002+NY195th Pl+10002|NY195th Pl10003'
-73.7673,40.7598,0,2,'NY45th Rd10003|NY45th Rd10003+NY215th St+10003'
-73.7673,40.6663,0,5,'NY145th Ave10003'
-73.7673,40.6972,0,1,'NYKeeseville Ave10003|NYKeeseville Ave10003+NYMurdock Ave+10003'
-73.7673,40.7063,0,1,'NY104th Ave10003'
-73.7673,40.9490,0,1,'NYSackett Dr10003'
-73.7672,40.7536,0,2,'NY50th Ave10003+NY213th St+10003'
-73.7672,40.6799,0,3,'NYGarrett St10003|NYGarrett St10003+NY129th Ave+10003'
-73.7672,40.7661,0,3,'NY216th St10003+NY39th Ave+10003'
-73.7672,40.6092,0,3,'NYHarbour Ct10003'
-73.7672,40.6693,0,1,'NY173rd St10003|NY173rd St10003+NY143rd Rd+10003'
-73.7672,40.7094,0,2,'NY191st St10003|NY191st St10003+NYHollis Ave+10003'
-73.7672,40.6824,0,10,'NY125th Ave10003|NY125th Ave10003+NYUrsina Rd+10003|NY125th Ave10003+NYMerrick Blvd+10003|NYUrsina Rd10003|NYUrsina Rd10003+NYMerrick Blvd+10003'
-73.7672,40.7592,1,5,'NY45th Dr10003|NY45th Dr10003+NY215th St+10003'
-73.7671,40.7557,0,4,'NYBell Blvd10003+NY48th Ave+10003'
-73.7671,40.7210,0,7,'NYPompeii Ave10003+NYMarengo St+10003'
-73.7671,40.7055,0,4,'NY105th Ave10003'
-73.7670,40.9481,0,1,'NYAlthea Ln10003|NYAlthea Ln10003+NYSackett Dr+10003'
-73.7670,40.7132,0,1,'NYJamaica Ave10003+NY193rd St+10003|NY193rd St10003'
-73.7670,40.7053,1,4,'NYLudlum Ave10003|NYLudlum Ave10003+NYFarmers Blvd+10003'
-73.7670,40.6944,0,1,'NYSullivan Rd10003|NYSullivan Rd10003+NYDunkirk St+10003'
-73.7670,40.6793,0,1,'NY130th Ave10003+NYGarrett St+10003|NY130th Ave10003+NY176th St+10003|NYGarrett St10003+NY176th St+10003|NY176th St10003'
-73.7670,40.9297,0,4,'NYValley Pl10003|NYValley Pl10003+NYPleasant St+10003|NYPleasant St10003'
-73.7670,40.6123,0,1,'NYPlunkett Ave10003|NYPlunkett Ave10003+NYDunbar St+10003'
-73.7670,40.9266,0,1,'NYPalmer Ave10003+NYSpencer Dr+10003|NYSpencer Dr10003'
-73.7670,40.7619,0,4,'NY43rd Ave10003+NY215th Pl+10003'
-73.7670,40.6850,0,1,'NY120th Ave10003+NY177th Pl+10003|NY177th Pl10003'
-73.7669,40.6812,0,2,'NY176th St10003+NY127th Ave+10003'
-73.7669,40.7082,0,1,'NY191st St10003|NY191st St10003+NY102nd Ave+10003'
-73.7669,40.6959,1,0,'NYQuencer Rd10003+NYOvid Pl+10003|NYOvid Pl10003'
-73.7668,40.7251,0,1,'NYMcLaughlin Ave10003+NYGrnd Cntrl Parkway Exit Wb+10003|NYGrnd Cntrl Parkway Exit Wb10003|NYGrnd Cntrl Parkway Exit Wb10003+NYMc Laughlin Ave+10003'
-73.7668,40.6973,0,1,'NY114th Dr10003|NY114th Dr10003+NYMurdock Ave+10003|NY114th Dr10003+NYWood St+10003|NYMurdock Ave10003+NYWood St+10003|NYWood St10003'
-73.7668,40.6868,0,2,'NY119th Rd10003+NY178th St+10003|NY178th St10003'
-73.7668,40.7007,0,2,'NYJordan Ave10003+NYHannibal St+10003'
-73.7668,40.7040,1,2,'NYBrinkerhoff Ave10003|NYBrinkerhoff Ave10003+NY109th Ave+10003|NY109th Ave10003'
-73.7668,40.9011,0,1,'NYKensington Oval10003+NYHampton Oval+10003|NYHampton Oval10003'
-73.7668,40.7578,0,4,'NY46th Rd10003|NY46th Rd10003+NY215th St+10003'
-73.7667,40.6654,0,1,'NY178th Pl10003+NY145th Rd+10003'
-73.7667,40.6732,0,1,'NY174th St10003|NY174th St10003+NY137th Ave+10003'
-73.7667,40.7270,0,1,'NYFrancis Lewis Blvd10003|NYFrancis Lewis Blvd10003+NYF Lewis Blvd+10003|NYF Lewis Blvd10003'
-73.7667,40.7458,1,1,'NY210th St10003|NY210th St10003+NYHorace Harding Expy+10003|NY210th St10003+NYHorace Harding Blvd+10003'
-73.7667,40.6010,0,2,'NYBay 31st St10003|NYBay 31st St10003+NYDwight Ave+10003'
-73.7667,40.7675,0,1,'NY38th Ave10003+NY217th St+10003'
-73.7667,40.7501,0,10,'NY56th Ave10003+NY212th St+10003'
-73.7666,40.7068,0,4,'NY191st St10003|NY191st St10003+NY104th Ave+10003'
-73.7666,40.7176,0,6,'NYHillside Ave10002+NY196th St+10002|NYState Hwy 2510002+NY196th St+10002|NY196th St10003'
-73.7666,40.6829,0,1,'NYUrsina Rd10003+NYIrwin Pl+10003'
-73.7666,40.6746,0,3,'NY175th St10003|NY175th St10003+NY134th Rd+10003'
-73.7666,40.7606,2,27,'NYState Hwy 25 Alt10002+NY215th Pl+10002|NYNorthern Blvd10002+NY215th Pl+10002'
-73.7666,40.6782,0,1,'NYGarrett St10003+NY131st Ave+10003|NY131st Ave10003'
-73.7666,40.7639,0,4,'NY41st Ave10003|NY41st Ave10003+NY216th St+10003|NY216th St10003'
-73.7666,40.7028,0,1,'NYFarmers Blvd10003+NYHilburn Ave+10003|NYHilburn Ave10003'
-73.7666,40.7143,0,3,'NY90th Ave10003+NY195th St+10003'
-73.7666,40.7571,0,4,'NY47th Ave10003+NY215th St+10003'
-73.7666,40.6679,0,8,'NYFarmers Blvd10003+NY144th Rd+10003'
-73.7666,40.6617,0,1,'NYPleasant Pl10003|NYPleasant Pl10003+NY146th Dr+10003'
-73.7666,40.6621,0,1,'NYPleasant Pl10003'
-73.7666,40.6620,0,1,'NYPleasant Pl10003|NYPleasant Pl10003+NYPleasant Pl+10003'
-73.7665,40.6636,0,1,'NY179th St10003|NY179th St10003+NY179th Pl+10003|NY179th Pl10003'
-73.7665,40.7252,0,1,'NYSutro St10003|NYSutro St10003+NYMcLaughlin Ave+10003|NYSutro St10003+NYMc Laughlin Ave+10003|NYSutro St10003+NYGrand Central Pkwy+10003|NYMcLaughlin Ave10003|NYMcLaughlin Ave10003+NYMcLaughlin Ave+10003|NYMcLaughlin Ave10003+NYGrand Central Pkwy+10003|NYGrand Central Pkwy10003'
-73.7665,40.7109,0,4,'NYWoodhull Ave10003+NY193rd St+10003'
-73.7665,40.7330,1,0,'NYClearview Expressway Exit Sb10003'
-73.7665,40.9205,1,0,'NYHarding Dr10003|NYHarding Dr10003+NYHarding Dr+10003'
-73.7665,40.6973,0,1,'NYOvid Pl10003'
-73.7665,40.9591,0,1,'NYFenimore Rd10003+NYCoventry Ct+10003|NYCoventry Ct10003'
-73.7665,40.6880,0,2,'NYBaisley Blvd10003+NY178th Pl+10003|NY178th Pl10003'
-73.7665,40.6712,0,1,'NY174th St10003|NY174th St10003+NY140th Ave+10003'
-73.7665,40.9365,0,1,'NYFrance Pl10003'
-73.7665,40.9350,0,2,'NYNormandy Rd10003'
-73.7665,40.9461,0,1,'NYGlen Eagles Dr10003'
-73.7664,40.9018,0,1,'NYBeachfront Ln10003|NYBeachfront Ln10003+NYBeachfront Ln+10003'
-73.7664,40.6640,0,1,'NY145th Dr10003+NY179th St+10003|NY179th St10003'
-73.7664,40.6040,0,1,'NYHealy Ave10003+NYBaypark Pl+10003|NYBaypark Pl10003'
-73.7664,40.7631,0,3,'NY216th St10003+NY42nd Ave+10003|NY42nd Ave10003'
-73.7663,40.7538,0,10,'NYBell Blvd10003+NY50th Ave+10003|NYBell Blvd10003+NY214th St+10003|NY50th Ave10003|NY50th Ave10003+NYLuke Pl+10003|NY50th Ave10003+NY214th St+10003|NYLuke Pl10003|NYLuke Pl10003+NY214th St+10003|NY214th St10003'
-73.7663,40.7264,0,1,'NYGrand Central Pkwy10002+NYF Lewis Blvd+10002'
-73.7663,40.7663,0,3,'NY217th St10003+NY39th Ave+10003'
-73.7663,40.6820,1,2,'NYLeslie Rd10003|NYLeslie Rd10003+NY126th Ave+10003|NYLeslie Rd10003+NYMerrick Blvd+10003|NY126th Ave10003|NY126th Ave10003+NYMerrick Blvd+10003'
-73.7663,40.6556,1,2,'NYRockaway Blvd10003+NY150th Dr+10003|NY150th Dr10003'
-73.7663,40.6958,0,4,'NYRome Dr10003|NYRome Dr10003+NYQuencer Rd+10003'
-73.7662,40.6685,0,2,'NY144th Ave10003+NYFarmers Blvd+10003'
-73.7662,40.6666,0,3,'NYState Rte 2710002+NY178th Pl+10002|NY178th Pl10003|NY178th Pl10003+NYS Conduit Ave+10003'
-73.7662,40.7186,0,5,'NYFoothill Ave10003+NY197th St+10003'
-73.7662,40.9405,0,2,'NYValley Rd10003+NYFern Rd+10003|NYFern Rd10003'
-73.7662,40.6601,0,1,'NY181st St10003|NY181st St10003+NY147th Ave+10003'
-73.7662,40.7101,0,10,'NY193rd St10003|NY193rd St10003+NY99th Ave+10003'
-73.7662,40.6987,0,1,'NYKeeseville Ave10003+NYMayville St+10003'
-73.7661,40.7557,0,3,'NY48th Ave10003+NY215th St+10003'
-73.7661,40.7023,0,1,'NY110th Rd10003'
-73.7661,40.6732,0,1,'NY175th St10003|NY175th St10003+NY137th Ave+10003'
-73.7661,40.9195,0,1,'NYEmerson Ave10003|NYEmerson Ave10003+NYBoston Post Rd+10003|NYEmerson Ave10003+NYE Main St+10003'
-73.7661,40.7445,0,1,'NY210th St10003+NY64th Ave+10003|NY64th Ave10003'
-73.7661,40.6013,0,1,'NYDwight Ave10003+NYBay 30th St+10003|NYBay 30th St10003'
-73.7661,40.7261,0,1,'NYFrancis Lewis Blvd10003|NYFrancis Lewis Blvd10003+NYF Lewis Blvd+10003|NYF Lewis Blvd10003'
-73.7661,40.6625,0,1,'NY146th Rd10003'
-73.7661,40.7133,0,2,'NYJamaica Ave10003+NY195th St+10003'
-73.7660,40.9376,0,1,'NYRockingstone Ave10003+NYMountain Ave+10003'
-73.7660,40.6814,0,3,'NY177th St10003|NY177th St10003+NY127th Ave+10003'
-73.7660,40.7003,0,2,'NYMangin Ave10003+NYHannibal St+10003'
-73.7659,40.6848,0,2,'NYTroutville Rd10003|NYTroutville Rd10003+NY178th St+10003'
-73.7659,40.7036,0,1,'NY109th Rd10003+NY190th Pl+10003|NY190th Pl10003'
-73.7659,40.6076,0,1,'NYWestbourne Ave10003+NYBay 28th St+10003'
-73.7659,40.6826,0,1,'NYLeslie Rd10003+NYIrwin Pl+10003|NYIrwin Pl10003'
-73.7658,40.7550,0,1,'NY49th Ave10003|NY49th Ave10003+NY215th St+10003'
-73.7658,40.7085,0,1,'NYHollis Ave10003+NY102nd Ave+10003|NY102nd Ave10003'
-73.7658,40.7460,0,1,'NY211th St10003|NY211th St10003+NYHorace Harding Expy+10003|NY211th St10003+NYHorace Harding Blvd+10003'
-73.7658,40.6885,0,1,'NY179th St10003|NY179th St10003+NYBaisley Blvd+10003'
-73.7658,40.7070,0,1,'NY104th Ave10003+NY192nd St+10003|NY192nd St10003'
-73.7658,40.7438,0,2,'NYOceania St10003'
-73.7658,40.6777,0,2,'NYGarrett St10003+NY132nd Ave+10003|NY132nd Ave10003'
-73.7658,40.6726,0,2,'NY138th Ave10003|NY138th Ave10003+NY175th St+10003'
-73.7657,40.7677,0,1,'NY218th St10003+NY38th Ave+10003'
-73.7657,40.7241,0,1,'NYSutro St10003|NYSutro St10003+NYEpsom Crse+10003'
-73.7657,40.7146,0,11,'NY90th Ave10003|NY90th Ave10003+NY195th Pl+10003|NY195th Pl10003'
-73.7657,40.7164,0,3,'NY89th Ave10003|NY89th Ave10003+NY196th St+10003'
-73.7657,40.7642,0,19,'NY41st Ave10003+NY217th St+10003|NY217th St10003'
-73.7657,40.6783,0,1,'NY176th Pl10003|NY176th Pl10003+NY131st Ave+10003'
-73.7657,40.7608,0,5,'NY216th St10003+NYState Hwy 25 Alt+10003|NY216th St10003+NYNorthern Blvd+10003'
-73.7657,40.6718,2,2,'NY139th Rd10003|NY139th Rd10003+NY175th St+10003'
-73.7657,40.6553,1,8,'NYRockaway Blvd10003+NY182nd St+10003|NY182nd St10003'
-73.7657,40.7573,0,8,'NY47th Ave10003+NY215th Pl+10003'
-73.7656,40.9468,0,1,'NYSouth Dr10003|NYSouth Dr10003+NYSouth Dr+10003'
-73.7656,40.6748,0,2,'NY176th St10003|NY176th St10003+NY134th Rd+10003|NY176th St10003+NYBedell St+10003|NY134th Rd10003|NY134th Rd10003+NYBedell St+10003'
-73.7656,40.7522,0,2,'NY214th St10003+NY53rd Ave+10003'
-73.7656,40.6713,0,1,'NY175th St10003|NY175th St10003+NY140th Ave+10003'
-73.7656,40.6697,0,1,'NY143rd Ave10003'
-73.7656,40.7532,0,3,'NYBell Blvd10003+NY51st Ave+10003|NYLuke Pl10003+NY51st Ave+10003|NY51st Ave10003'
-73.7656,40.6804,0,7,'NY177th St10003|NY177th St10003+NY129th Ave+10003'
-73.7656,40.7255,0,2,'NYFrancis Lewis Blvd10003+NYMc Laughlin Ave+10003'
-73.7656,40.7433,0,5,'NYOceania St10003'
-73.7655,40.7635,0,13,'NY217th St10003'
-73.7655,40.6638,0,4,'NY180th St10003|NY180th St10003+NY145th Dr+10003'
-73.7655,40.6617,0,6,'NY181st St10003+NY146th Dr+10003'
-73.7655,40.6770,0,2,'NYGarrett St10003+NY133rd Ave+10003|NY133rd Ave10003'
-73.7655,40.7544,0,1,'NY50th Ave10003|NY50th Ave10003+NY215th St+10003'
-73.7654,40.9281,1,1,'NYHarrison Dr10003'
-73.7654,40.7025,0,1,'NY110th Rd10003+NY190th Pl+10003|NY190th Pl10003'
-73.7654,40.7184,0,2,'NYHillside Ave10002+NY197th St+10002|NYState Hwy 2510002+NY197th St+10002|NY197th St10003'
-73.7654,40.6921,0,1,'NYNewburg St10003'
-73.7654,40.7736,0,1,'NYCross Island Pkwy10003+NY33rd Ave+10003|NY33rd Ave10003'
-73.7654,40.7115,0,1,'NY195th St10003+NYWoodhull Ave+10003'
-73.7654,40.6983,0,1,'NYLewiston Ave10003+NYMayville St+10003'
-73.7653,40.7662,0,1,'NY218th St10003'
-73.7653,40.7201,0,3,'NYDunton Ave10003+NYMarengo St+10003|NYMarengo St10003'
-73.7653,40.6668,1,0,'NYSouthern Parkway Exit Eb10003|NYSouthern Parkway Exit Eb10003+NYSouthern Parkway Entrance Wb+10003|NYSouthern Parkway Exit Eb10003+NYSouthern Pkwy+10003|NYSouthern Parkway Entrance Wb10003'
-73.7652,40.7184,0,1,'NYHillside Ave10002+NY197th St+10002|NYState Hwy 2510002+NY197th St+10002|NY197th St10003'
-73.7652,40.9174,1,0,'NYAgar Dr10003|NYAgar Dr10003+NYSeaview Ave+10003|NYAgar Dr10003+NYCherry Ave+10003|NYAgar Dr10003+NYHighview Ave+10003|NYSeaview Ave10003|NYCherry Ave10003|NYHighview Ave10003'
-73.7652,40.6623,0,3,'NY181st St10003+NY146th Rd+10003'
-73.7652,40.7559,0,4,'NY48th Ave10003+NY215th Pl+10003|NY215th Pl10003'
-73.7652,40.7079,0,1,'NY103rd Ave10003|NY103rd Ave10003+NYHollis Ave+10003'
-73.7652,40.6928,0,1,'NYNewburg St10003+NYDunkirk Dr+10003|NYNewburg St10003+NYDunkirk St+10003|NYDunkirk Dr10003|NYDunkirk Dr10003+NYDunkirk St+10003|NYDunkirk St10003'
-73.7652,40.7448,0,2,'NY64th Ave10003+NY211th St+10003'
-73.7652,40.9393,0,2,'NYBirch Rd10003|NYBirch Rd10003+NYEcho Ln+10003|NYBirch Rd10003+NYN Chatsworth Ave+10003|NYEcho Ln10003|NYEcho Ln10003+NYN Chatsworth Ave+10003'
-73.7652,40.7157,0,1,'NY196th St10003+NY89th Rd+10003|NY89th Rd10003'
-73.7652,40.6999,0,4,'NYKeeseville Ave10003+NYHannibal St+10003'
-73.7651,40.6088,0,1,'NYMott Ave10003+NYBay 28th St+10003'
-73.7651,40.9190,0,1,'NYEmerson Ave10003+NYMoran Pl+10003|NYMoran Pl10003'
-73.7651,40.6049,0,1,'NYBay 27th St10003'
-73.7651,40.9240,0,1,'NYIselin Ter10003+NYLundy Ln+10003'
-73.7651,40.6706,0,2,'NY142nd Ave10003'
-73.7651,40.6890,0,2,'NYBaisley Blvd10003+NY180th St+10003|NY180th St10003'
-73.7651,40.7014,0,1,'NYFarmers Blvd10003+NYMangin Ave+10003|NYMangin Ave10003'
-73.7651,40.6956,0,4,'NYQuencer Rd10003+NYSullivan Rd+10003|NYSullivan Rd10003'
-73.7651,40.7488,0,3,'NY213th St10003+NY58th Ave+10003'
-73.7651,40.7653,0,2,'NY218th St10003+NY40th Ave+10003'
-73.7651,40.6935,0,2,'NYNewburg St10003+NYTurin Dr+10003|NYTurin Dr10003'
-73.7650,40.6650,0,8,'NY180th St10003+NY145th Rd+10003'
-73.7650,40.9304,0,2,'NYMaxwell Ave10003'
-73.7650,40.6629,0,1,'NY181st St10003+NY146th Ave+10003'
-73.7650,40.7194,0,1,'NY198th St10003|NY198th St10003+NYFoothill Ave+10003'
-73.7649,40.7072,0,2,'NY104th Ave10003+NY193rd St+10003|NY193rd St10003'
-73.7649,40.6010,0,1,'NYFalcon Ave10003|NYFalcon Ave10003+NYHartman Ln+10003'
-73.7649,40.6608,0,2,'NY182nd St10003+NY146th Ter+10003'
-73.7649,40.7235,0,3,'NYRomeo Ct10003|NYRomeo Ct10003+NYDunton St+10003'
-73.7649,40.6548,1,6,'NYRockaway Blvd10003+NY151st Rd+10003|NY151st Rd10003'
-73.7649,40.7049,0,2,'NY192nd St10003|NY192nd St10003+NY109th Ave+10003'
-73.7649,40.7506,0,2,'NY56th Ave10003+NY214th St+10003'
-73.7649,40.7224,0,8,'NYKeno Ave10003+NYDunton St+10003'
-73.7649,40.6758,0,3,'NY134th Ave10003|NY134th Ave10003+NYGarrett St+10003'
-73.7649,40.6942,0,4,'NYSuffolk Dr10003|NYSuffolk Dr10003+NYNewburg St+10003'
-73.7649,40.6785,0,1,'NY177th St10003|NY177th St10003+NY131st Ave+10003'
-73.7648,40.7462,0,1,'NYHorace Harding Expy10003+NY212th St+10003|NY212th St10003|NY212th St10003+NYHorace Harding Blvd+10003'
-73.7648,40.7133,0,7,'NYJamaica Ave10003+NY195th Pl+10003'
-73.7648,40.9399,0,3,'NYFern Rd10003|NYFern Rd10003+NYN Chatsworth Ave+10003'
-73.7648,40.7678,0,1,'NY219th St10003|NY219th St10003+NY38th Ave+10003'
-73.7648,40.7093,0,1,'NY194th St10003+NY100th Ave+10003'
-73.7648,40.7247,0,6,'NYFrancis Lewis Blvd10003|NYFrancis Lewis Blvd10003+NYFrancis Lewis Blvd+10003|NY206th St10003|NY206th St10003+NYFrancis Lewis Blvd+10003'
-73.7648,40.7609,0,7,'NY217th St10003+NYState Hwy 25 Alt+10003|NY217th St10003+NYNorthern Blvd+10003'
-73.7648,40.7012,0,3,'NY111th Rd10003'
-73.7648,40.7575,0,15,'NY216th St10003+NY47th Ave+10003'
-73.7647,40.5965,0,3,'NYBeach 32nd St10003'
-73.7647,40.7341,0,10,'NYHollis Hills Ter10003|NYHollis Hills Ter10003+NYHollis Hills Ter+10003|NYHollis Hills Ter10003+NYRichland Ave+10003|NYHollis Hills Ter10003+NYHollis Court Blvd+10003|NYRichland Ave10003|NYRichland Ave10003+NYHollis Court Blvd+10003|NYHollis Court Blvd10003'
-73.7647,40.6827,0,1,'NYSelover Rd10003+NYSidway Pl+10003|NYSidway Pl10003'
-73.7647,40.6713,0,2,'NY140th Ave10003'
-73.7646,40.6841,0,1,'NYLeslie Rd10003+NY178th Pl+10003'
-73.7646,40.6615,0,1,'NY182nd St10003+NY146th Dr+10003|NY146th Dr10003'
-73.7646,40.7073,0,1,'NY104th Ave10003+NYHollis Ave+10003'
-73.7646,40.7526,0,9,'NYBell Blvd10003+NY53rd Ave+10003|NYLuke Pl10003+NY53rd Ave+10003|NY53rd Ave10003'
-73.7646,40.7637,0,4,'NY218th St10003'
-73.7645,40.7220,0,8,'NYPompeii Ave10003|NYPompeii Ave10003+NYDunton St+10003'
-73.7645,40.7679,0,4,'NY38th Ave10003+NY219th St+10003|NY219th St10003'
-73.7645,40.7189,0,18,'NY198th St10003+NYHillside Ave+10003|NY198th St10003+NYState Hwy 25+10003'
-73.7645,40.6545,4,5,'NYRockaway Blvd10003+NY183rd St+10003|NY183rd St10003'
-73.7645,40.7061,0,1,'NY105th Ave10003|NY105th Ave10003+NY193rd St+10003'
-73.7645,40.6664,1,1,'NY180th St10003|NY180th St10003+NYState Rte 27+10003|NY180th St10003+NYS Conduit Ave+10003'
-73.7644,40.7664,0,1,'NY219th St10003'
-73.7644,40.6856,0,2,'NY179th St10003+NY120th Ave+10003'
-73.7644,40.7144,1,2,'NY91st Ave10003|NY91st Ave10003+NY196th St+10003'
-73.7644,40.6621,0,1,'NY182nd St10003+NY146th Rd+10003'
-73.7644,40.7170,0,3,'NY197th St10003+NY89th Ave+10003'
-73.7644,40.6719,0,1,'NY139th Rd10003'
-73.7644,40.7105,0,1,'NY195th St10003+NY99th Ave+10003'
-73.7643,40.7450,0,1,'NY64th Ave10003+NY212th St+10003'
-73.7643,40.7407,0,1,'NY210th St10003+NY69th Ave+10003|NY69th Ave10003'
-73.7643,40.7702,0,6,'NYCorbett Rd10003+NY221st St+10003|NY221st St10003'
-73.7643,40.7328,0,1,'NYClearview Expressway Exit Naval Base10003|NYClearview Expressway Exit Naval Base10003+NYUnion Tpke+10003'
-73.7642,40.7552,0,2,'NY216th St10003+NY49th Ave+10003|NY49th Ave10003'
-73.7642,40.7427,0,13,'NY211th St10003+NY67th Ave+10003'
-73.7642,40.6068,0,1,'NYBeach 25th St10003|NYBeach 25th St10003+NYBayswater Ave+10003|NYBayswater Ave10003+NYBay 25th St+10003|NYBay 25th St10003'
-73.7642,40.6969,0,1,'NY114th Dr10003+NYNewburg St+10003'
-73.7642,40.7226,0,1,'NYKeno Ave10003'
-73.7642,40.6688,0,11,'NY180th St10003+NY143rd Rd+10003|NY143rd Rd10003'
-73.7641,40.7655,0,1,'NY40th Ave10003+NY219th St+10003'
-73.7641,40.9460,0,1,'NYGlen Rouken E Dr10003|NYGlen Rouken E Dr10003+NYWest Dr+10003|NYGlen Rouken E Dr10003+NYEast Dr+10003|NYWest Dr10003|NYWest Dr10003+NYEast Dr+10003|NYEast Dr10003'
-73.7641,40.6919,0,4,'NYMexico St10003'
-73.7641,40.6627,0,1,'NY182nd St10003+NY146th Ave+10003|NY146th Ave10003'
-73.7641,40.7006,0,1,'NY112th Ave10003'
-73.7641,40.7075,0,20,'NY194th St10003+NY104th Ave+10003'
-73.7640,40.6728,1,1,'NY138th Ave10003|NY138th Ave10003+NY182nd St+10003|NY182nd St10003'
-73.7640,40.9404,0,2,'NYGlenn Rd10003+NYMaplewood St+10003|NYMaplewood St10003'
-73.7640,40.9440,0,1,'NYVine Rd10003|NYVine Rd10003+NYForest Ave+10003'
-73.7640,40.6849,0,1,'NY179th St10003|NY179th St10003+NYLeslie Rd+10003'
-73.7640,40.7133,0,2,'NYJamaica Ave10003+NY196th St+10003'
-73.7640,40.6907,0,1,'NYLovingham Pl10003+NYFoch Blvd+10003'
-73.7640,40.7509,0,5,'NY56th Ave10003+NY215th St+10003'
-73.7640,40.7257,0,1,'NYEpsom Crse10003|NYEpsom Crse10003+NYMcLaughlin Ave+10003|NYEpsom Crse10003+NYGrand Central Pkwy+10003'
-73.7640,40.7696,0,1,'NY36th Ave10003|NY36th Ave10003+NY221st St+10003'
-73.7640,40.6081,0,1,'NYSunnyside St10003|NYSunnyside St10003+NYMott Ave+10003|NYSunnyside Ave10003|NYSunnyside Ave10003+NYMott Ave+10003'
-73.7640,40.7537,0,2,'NY216th St10003+NY51st Ave+10003'
-73.7639,40.7095,0,1,'NY195th St10003+NY100th Ave+10003'
-73.7639,40.6824,0,3,'NYAnderson Rd10003+NYSidway Pl+10003|NYAnderson Rd10003+NYHarry Douglass Way+10003|NYHarry Douglass Way10003'
-73.7639,40.6837,0,2,'NYSelover Rd10003+NY178th Pl+10003|NY178th Pl10003'
-73.7639,40.7645,0,1,'NY41st Ave10003|NY41st Ave10003+NY219th St+10003|NY219th St10003'
-73.7639,40.7522,0,1,'NYBell Blvd10003+NY216th St+10003|NYBell Blvd10003+NYLuke Pl+10003|NY216th St10003|NY216th St10003+NYLuke Pl+10003|NYLuke Pl10003|NYLuke Pl10003+NYLuke Pl+10003'
-73.7639,40.5997,0,2,'NYHartman Ln10003+NYBeach Channel Dr+10003'
-73.7639,40.7070,0,2,'NY194th St10003+NYHollis Ave+10003'
-73.7639,40.7611,0,5,'NY218th St10003+NYState Hwy 25 Alt+10003|NY218th St10003+NYNorthern Blvd+10003'
-73.7639,40.7469,0,1,'NYI 49510001+NYHor Harding Expressway Exit Wb+10001|NYLong Island Expy10001+NYHor Harding Expressway Exit Wb+10001|NYHor Harding Expressway Exit Wb10003'
-73.7638,40.6597,0,1,'NY184th St10003|NY184th St10003+NY147th Ave+10003'
-73.7638,40.6736,0,2,'NYBedell St10003|NYBedell St10003+NY137th Ave+10003|NY137th Ave10003'
-73.7638,40.6717,0,1,'NY180th St10003'
-73.7638,40.6738,0,1,'NYBedell St10003'
-73.7638,40.7003,0,1,'NYLewiston Ave10003'
-73.7638,40.7212,0,1,'NYDunton Ave10003|NYDunton Ave10003+NYDunton St+10003|NYDunton St10003'
-73.7637,40.6918,0,1,'NYEveritt Pl10003'
-73.7637,40.9259,0,3,'NYRockwood Dr10003+NYWoods Way+10003'
-73.7637,40.6781,0,3,'NY132nd Ave10003+NY178th St+10003'
-73.7637,40.6701,0,4,'NY142nd Ave10003'
-73.7637,40.7329,0,2,'NYHollis Hills Ter10003+NYUnion Tpke+10003|NYHollis Court Blvd10003+NYUnion Tpke+10003'
-73.7637,40.6747,0,3,'NYGarrett St10003|NYGarrett St10003+NYWestgate St+10003|NYWestgate St10003'
-73.7637,40.7030,0,2,'NY110th Rd10003+NY192nd St+10003|NY192nd St10003'
-73.7637,40.7637,0,1,'NY219th St10003'
-73.7637,40.9329,0,4,'NYJefferson St10003|NYJefferson St10003+NYMadison Ave+10003'
-73.7636,40.7688,0,4,'NY37th Ave10003|NY37th Ave10003+NY221st St+10003'
-73.7636,40.7569,0,11,'NY217th St10003+NY47th Rd+10003|NY47th Rd10003'
-73.7636,40.7218,0,1,'NYPompeii Rd10003'
-73.7636,40.7392,1,14,'NY210th St10003+NY73rd Ave+10003'
-73.7636,40.7193,0,3,'NYHillside Ave10002+NY199th St+10002|NYState Hwy 2510002+NY199th St+10002|NY199th St10003'
-73.7636,40.6754,0,1,'NY135th Ave10003'
-73.7636,40.6992,0,1,'NY113th Ave10003+NYHannibal St+10003'
-73.7635,40.7667,0,6,'NY220th St10003+NY39th Ave+10003'
-73.7635,40.6978,0,1,'NYMurdock Ave10003+NY113th Rd+10003|NY113th Rd10003'
-73.7635,40.6663,0,1,'NY181st St10003|NY181st St10003+NYState Rte 27+10003|NY181st St10003+NYSouthern Parkway Exit Eb+10003|NY181st St10003+NYS Conduit Ave+10003|NYState Rte 2710002+NYSouthern Parkway Exit Eb+10002|NYSouthern Parkway Exit Eb10003|NYSouthern Parkway Exit Eb10003+NYS Conduit Ave+10003'
-73.7635,40.6619,0,1,'NY183rd St10003+NY146th Rd+10003'
-73.7635,40.9349,0,1,'NY5th Ave10003|NY5th Ave10003+NYChatsworth Ave+10003'
-73.7635,40.6760,0,1,'NY134th Ave10003'
-73.7635,40.7452,0,3,'NY64th Ave10003+NY213th St+10003'
-73.7634,40.6763,0,2,'NY134th Ave10003'
-73.7634,40.7704,0,1,'NY222nd St10003|NY222nd St10003+NYCorbett Rd+10003|NYCorbett Rd10003'
-73.7634,40.7345,0,18,'NYRichland Ave10003+NY208th St+10003|NY208th St10003'
-73.7634,40.6747,0,2,'NY136th Ave10003|NY136th Ave10003+NYWestgate St+10003'
-73.7634,40.6857,0,1,'NYLeslie Rd10003|NYLeslie Rd10003+NY180th St+10003'
-73.7634,40.6902,0,1,'NYBaisley Blvd10003+NYLovingham Pl+10003|NYLovingham Pl10003'
-73.7634,40.5991,0,1,'NYHartman Ln10003|NYHartman Ln10003+NYFar Rockaway Blvd+10003'
-73.7634,40.7174,0,3,'NY198th St10003+NY89th Ave+10003'
-73.7633,40.7057,0,3,'NY194th St10003|NY194th St10003+NY109th Ave+10003'
-73.7633,40.7593,0,2,'NY218th St10003+NY46th Ave+10003'
-73.7633,40.6794,0,1,'NY178th Pl10003+NY130th Rd+10003|NY130th Rd10003'
-73.7633,40.7626,0,1,'NY43rd Ave10003+NY219th St+10003'
-73.7633,40.7155,0,2,'NY197th St10003+NY90th Ave+10003'
-73.7633,40.7492,0,1,'NY215th St10003+NY58th Ave+10003'
-73.7633,40.7554,0,5,'NY217th St10003+NY49th Ave+10003|NY49th Ave10003'
-73.7633,40.6805,0,1,'NYEveleth Rd10003|NYEveleth Rd10003+NYMerrick Blvd+10003'
-73.7633,40.7681,0,2,'NY38th Ave10003|NY38th Ave10003+NY221st St+10003'
-73.7632,40.7656,0,2,'NY220th St10003+NY40th Ave+10003'
-73.7632,40.6034,0,4,'NYBeach 25th St10003+NYBessemund Ave+10003|NYBay 25th St10003+NYBessemund Ave+10003|NYBessemund Ave10003'
-73.7632,40.7116,0,1,'NYCarpenter Ave10003+NY197th St+10003'
-73.7632,40.6996,0,3,'NY113th Ave10003'
-73.7632,40.7077,0,1,'NY195th St10003+NY104th Ave+10003'
-73.7632,40.7547,1,8,'NY217th St10003+NY50th Ave+10003|NY50th Ave10003'
-73.7631,40.7040,0,1,'NY194th St10003+NY110th Ave+10003|NY110th Ave10003'
-73.7631,40.7511,0,2,'NY56th Ave10003+NYBell Blvd+10003'
-73.7631,40.6788,0,1,'NY178th Pl10003+NY131st Ave+10003|NY131st Ave10003'
-73.7631,40.6868,0,1,'NY119th Dr10003|NY119th Dr10003+NYMontauk St+10003'
-73.7630,40.6653,0,3,'NY182nd St10003+NY145th Ave+10003'
-73.7630,40.7097,0,1,'NY196th St10003+NY100th Ave+10003'
-73.7630,40.6588,0,1,'NY149th Ave10003'
-73.7630,40.7203,0,1,'NYFoothill Ave10003|NYFoothill Ave10003+NY202nd St+10003|NY202nd St10003'
-73.7630,40.7134,0,1,'NY197th St10003|NY197th St10003+NYJamaica Ave+10003|NY197th St10003+NYWoodhull Ave+10003|NYWoodhull Ave10003'
-73.7629,40.7579,0,3,'NY218th St10003|NY218th St10003+NY47th Ave+10003'
-73.7629,40.6718,0,1,'NY181st St10003'
-73.7629,40.7612,0,5,'NYState Hwy 25 Alt10002+NY219th St+10002|NY219th St10003|NY219th St10003+NYNorthern Blvd+10003|NY219th St10003+NYSpringfield Blvd+10003|NYSpringfield Blvd10003'
-73.7629,40.6783,0,3,'NY178th Pl10003'
-73.7629,40.6850,0,2,'NYSelover Rd10003|NYSelover Rd10003+NY180th St+10003'
-73.7628,40.9326,0,1,'NYWashington Sq10003|NYWashington Sq10003+NYMadison Ave+10003'
-73.7628,40.7068,0,1,'NY195th St10003|NY195th St10003+NYHollis Ave+10003'
-73.7628,40.7167,0,4,'NY198th St10003+NY89th Rd+10003|NY89th Rd10003'
-73.7628,40.6803,0,1,'NY130th Ave10003|NY130th Ave10003+NYMerrick Blvd+10003'
-73.7628,40.6679,0,1,'NY181st Pl10003|NY181st Pl10003+NY144th Ave+10003'
-73.7628,40.7297,0,1,'NYFoot Branch10003'
-73.7628,40.7643,0,3,'NY220th St10003'
-73.7628,40.7032,0,1,'NY194th St10003|NY194th St10003+NY110th Rd+10003'
-73.7628,40.5948,0,1,'NYBeach 30th St10003|NYBeach 30th St10003+NYSeagirt Ave+10003'
-73.7628,40.7196,0,3,'NYHillside Ave10002+NY201st St+10002|NYState Hwy 2510002+NY201st St+10002|NY201st St10003'
-73.7628,40.6777,0,1,'NYDennis St10003'
-73.7627,40.6974,0,3,'NYMexico St10003+NY114th Rd+10003'
-73.7627,40.7330,0,9,'NY208th St10003+NYUnion Tpke+10003'
-73.7627,40.7690,0,1,'NY37th Ave10003+NY222nd St+10003'
-73.7627,40.7638,0,1,'NY220th St10003'
-73.7627,40.9446,0,1,'NYMurray Ave10003+NYForest Ave+10003'
-73.7627,40.7373,0,22,'NY210th St10003+NY75th Ave+10003|NY75th Ave10003'
-73.7627,40.7669,0,3,'NY39th Ave10003+NY221st St+10003'
-73.7627,40.9325,2,3,'NYByron Pl10003|NYByron Pl10003+NYMyrtle Blvd+10003|NYByron Pl10003+NYMadison Ave+10003|NYMyrtle Blvd10003|NYMyrtle Blvd10003+NYMadison Ave+10003|NYMadison Ave10003'
-73.7626,40.6662,0,4,'NY182nd St10003|NY182nd St10003+NYState Rte 27+10003|NY182nd St10003+NYS Conduit Ave+10003'
-73.7626,40.6679,0,1,'NY181st Pl10003|NY181st Pl10003+NY144th Ave+10003'
-73.7626,40.7455,0,5,'NY64th Ave10003+NY214th St+10003'
-73.7626,40.7235,0,34,'NY204th St10003|NY204th St10003+NY86th Rd+10003|NY204th St10003+NYFrancis Lewis Blvd+10003|NY204th St10003+NY206th St+10003|NY86th Rd10003|NY86th Rd10003+NYFrancis Lewis Blvd+10003|NY86th Rd10003+NY206th St+10003'
-73.7626,40.5983,0,1,'NYBrookhaven Ave10003+NYBeach 29th St+10003|NYBeach 29th St10003'
-73.7625,40.7256,0,5,'NY208th St10003|NY208th St10003+NYMc Laughlin Ave+10003'
-73.7625,40.6767,0,5,'NYThurston St10003|NYThurston St10003+NY134th Ave+10003|NY134th Ave10003'
-73.7625,40.7412,0,19,'NY212th St10003|NY212th St10003+NY69th Ave+10003'
-73.7625,40.9268,0,1,'NYRockwood Dr10003+NYDawes Pl+10003|NYDawes Pl10003'
-73.7625,40.6742,0,5,'NYWestgate St10003+NY137th Ave+10003|NY137th Ave10003'
-73.7625,40.7178,0,4,'NY199th St10003+NY89th Ave+10003'
-73.7625,40.7360,0,4,'NY210th St10003'
-73.7624,40.6931,0,1,'NYTurin Dr10003'
-73.7624,40.6691,0,1,'NY181st Pl10003|NY181st Pl10003+NY143rd Ave+10003'
-73.7624,40.6765,0,1,'NYThurston St10003+NY134th Ave+10003|NY134th Ave10003'
-73.7624,40.6843,0,1,'NYAnderson Rd10003|NYAnderson Rd10003+NY180th St+10003'
-73.7624,40.7595,0,6,'NY46th Ave10003+NYSpringfield Blvd+10003'
-73.7624,40.7627,0,6,'NY43rd Ave10003+NY220th St+10003'
-73.7624,40.9256,1,1,'NYWoods Way10003|NYWoods Way10003+NYIselin Ter+10003'
-73.7624,40.7657,0,1,'NY40th Ave10003|NY40th Ave10003+NY221st St+10003'
-73.7624,40.6935,0,1,'NY116th Ave10003'
-73.7623,40.7495,0,3,'NYBell Blvd10003+NY58th Ave+10003'
-73.7623,40.6783,0,10,'NYBennett Ct10003|NYBennett Ct10003+NY132nd Ave+10003|NY132nd Ave10003'
-73.7623,40.9394,0,1,'NYMurray Ave10003+NYMaplewood St+10003|NYMaplewood St10003'
-73.7623,40.7026,0,1,'NY194th St10003+NY111th Ave+10003'
-73.7623,40.7470,0,2,'NYHorace Harding Expy10003+NY215th St+10003|NYHorace Harding Blvd10003+NY215th St+10003|NY215th St10003'
-73.7623,40.7160,0,1,'NY198th St10003+NY90th Ave+10003'
-73.7623,40.7515,0,1,'NY56th Ave10003+NY217th St+10003|NY217th St10003'
-73.7622,40.7652,0,2,'NY41st Ave10003|NY41st Ave10003+NY221st St+10003|NY221st St10003'
-73.7622,40.6650,0,2,'NY183rd St10003+NY145th Ave+10003'
-73.7622,40.7208,1,25,'NYFoothill Ave10003'
-73.7621,40.6765,0,1,'NY134th Ave10003|NY134th Ave10003+NYCheney St+10003|NYCheney St10003'
-73.7621,40.7055,0,4,'NY109th Rd10003'
-73.7621,40.6006,0,2,'NYBeach 25th St10003+NYBeach Channel Dr+10003|NYBay 25th St10003+NYBeach Channel Dr+10003'
-73.7621,40.6760,0,3,'NYThurston St10003+NY135th Ave+10003'
-73.7620,40.6890,0,2,'NY118th Rd10003'
-73.7620,40.7648,0,1,'NY221st St10003'
-73.7620,40.9189,0,2,'NYEmerson Pt10003'
-73.7620,40.7019,0,1,'NY194th St10003+NY111th Rd+10003'
-73.7620,40.7581,0,3,'NY47th Ave10003|NY47th Ave10003+NYSpringfield Blvd+10003'
-73.7620,40.6946,0,1,'NY115th Dr10003'
-73.7620,40.7200,0,1,'NYHillside Ave10002+NY202nd St+10002|NYState Hwy 2510002+NY202nd St+10002|NY202nd St10003'
-73.7620,40.7066,0,5,'NY195th St10003|NY195th St10003+NYHollis Ave+10003|NY195th St10003+NY109th Ave+10003|NYHollis Ave10003+NY109th Ave+10003|NY109th Ave10003'
-73.7620,40.6882,0,1,'NY119th Ave10003'
-73.7620,40.6629,0,1,'NY145th Dr10003|NY145th Dr10003+NY184th St+10003|NY184th St10003'
-73.7619,40.7558,0,3,'NY49th Ave10003|NY49th Ave10003+NYSpringfield Blvd+10003'
-73.7619,40.6789,0,6,'NYMathewson Ct10003'
-73.7619,40.6836,0,1,'NYZoller Rd10003|NYZoller Rd10003+NY180th St+10003'
-73.7619,40.7311,0,2,'NYHollis Hills Ter10003+NY208th St+10003|NY208th St10003|NY208th St10003+NYHollis Court Blvd+10003'
-73.7619,40.7565,0,1,'NY48th Ave10003|NY48th Ave10003+NYSpringfield Blvd+10003'
-73.7618,40.7243,0,4,'NY86th Rd10003|NY86th Rd10003+NY208th St+10003'
-73.7618,40.6791,0,1,'NY131st Ave10003'
-73.7618,40.9210,0,1,'NYDillon Rd10003+NYEdgewater Pl+10003|NYEdgewater Pl10003'
-73.7618,40.6669,0,1,'NYState Hwy 2710002|NYState Hwy 2710002+NY182nd Pl+10002|NYState Hwy 2710002+NYSouthern Parkway Exit Wb+10002|NY182nd Pl10003|NY182nd Pl10003+NYN Conduit Ave+10003|NY182nd Pl10003+NYSouthern Parkway Exit Wb+10003|NYN Conduit Ave10002+NYSouthern Parkway Exit Wb+10002|NYSouthern Parkway Exit Wb10003'
-73.7618,40.5990,0,2,'NYBrookhaven Ave10003+NYBeach 28th St+10003|NYBeach 28th St10003'
-73.7618,40.6079,0,2,'NYBay 24th St10003'
-73.7618,40.6798,0,1,'NYMerrick Blvd10003+NY130th Rd+10003|NY130th Rd10003'
-73.7618,40.7573,0,1,'NYSpringfield Blvd10003+NY47th Rd+10003|NY47th Rd10003'
-73.7618,40.7332,0,4,'NY209th St10003+NYUnion Tpke+10003'
-73.7617,40.9284,0,1,'NYShadow Ln10003|NYShadow Ln10003+NYPinebrook Dr+10003'
-73.7617,40.6677,0,1,'NY144th Ave10003+NY182nd Pl+10003|NY182nd Pl10003'
-73.7617,40.7615,0,1,'NY220th St10003'
-73.7617,40.9314,0,1,'NYNorth Ave10003'
-73.7617,40.7457,0,1,'NY64th Ave10003+NY215th St+10003'
-73.7617,40.7066,0,1,'NY196th St10003+NYHollis Ave+10003'
-73.7617,40.6932,0,1,'NY190th St10003'
-73.7617,40.7181,0,9,'NY89th Ave10003+NY201st St+10003'
-73.7617,40.7139,0,3,'NY91st Rd10003'
-73.7617,40.6000,0,2,'NYBeach 25th St10003|NYBeach 25th St10003+NYBeach 25th St+10003|NYBeach 25th St10003+NYBay 25th St+10003|NYBeach 25th St10003+NYFar Rockaway Blvd+10003|NYBay 25th St10003|NYBay 25th St10003+NYFar Rockaway Blvd+10003'
-73.7617,40.9341,0,3,'NYChatsworth Ave10003+NYWashington Sq+10003|NYWashington Sq10003'
-73.7617,40.7111,0,1,'NY99th Ave10003+NY198th St+10003|NY198th St10003'
-73.7616,40.9195,1,1,'NYGaillard Pl10003|NYGaillard St10003'
-73.7616,40.6954,0,4,'NYFarmers Blvd10003+NYQuencer Rd+10003|NY115th Rd10003|NY115th Rd10003+NYQuencer Rd+10003|NYQuencer Rd10003'
-73.7616,40.9384,0,1,'NYMurray Ave10003+NYMaple Hill Dr+10003|NYMaple Hill Dr10003'
-73.7616,40.9229,0,1,'NYMain St10002+NYWinans St+10002|NYMain St10002+NYDeane Pl+10002|NYBoston Post Rd10002+NYWinans St+10002|NYBoston Post Rd10002+NYDeane Pl+10002|NYWinans St10003|NYWinans St10003+NYDeane Pl+10003|NYDeane Pl10003'
-73.7616,40.6959,1,3,'NYDormans Rd10003|NYDormans Rd10003+NYFarmers Blvd+10003|NYDormans Rd10003+NY115th Ave+10003|NY115th Ave10003'
-73.7616,40.7350,0,2,'NYRichland Ave10003+NY210th St+10003|NY210th St10003'
-73.7616,40.6642,0,1,'NY145th Rd10003+NY184th St+10003|NY184th St10003'
-73.7616,40.7478,0,2,'NYBell Blvd10003+NYHorace Harding Expy+10003'
-73.7615,40.6690,0,3,'NY143rd Ave10003+NY182nd Pl+10003|NY182nd Pl10003'
-73.7615,40.6764,0,3,'NYCheney St10003+NY135th Ave+10003|NY135th Ave10003'
-73.7615,40.7306,0,1,'NYHollis Hills Ter10003+NY82nd Ave+10003|NY82nd Ave10003|NY82nd Ave10003+NYHollis Court Blvd+10003'
-73.7615,40.7629,0,2,'NY220th Pl10003+NY43rd Ave+10003'
-73.7615,40.6871,0,3,'NY119th Dr10003'
-73.7615,40.7498,0,3,'NY217th St10003+NY58th Ave+10003'
-73.7614,40.7552,0,5,'NYSpringfield Blvd10003+NY50th Ave+10003|NY50th Ave10003'
-73.7614,40.6829,0,1,'NYEveleth Rd10003|NYEveleth Rd10003+NY180th St+10003|NY180th St10003'
-73.7614,40.6926,0,1,'NY116th Rd10003|NY116th Rd10003+NY190th St+10003'
-73.7614,40.7082,0,1,'NY197th St10003+NY104th Ave+10003'
-73.7614,40.7005,0,1,'NY112th Rd10003+NY194th St+10003'
-73.7614,40.9300,1,0,'NYGlen Lake Dr10003'
-73.7614,40.7682,0,1,'NY38th Ave10003|NY38th Ave10003+NY223rd St+10003'
-73.7614,40.7645,0,1,'NY221st St10003|NY221st St10003+NY221st St+10003'
-73.7613,40.6905,0,1,'NY189th St10003'
-73.7613,40.7473,0,2,'NYBell Blvd10003+NYHorace Harding Expy+10003|NYBell Blvd10003+NYHorace Harding Blvd+10003'
-73.7613,40.6648,0,2,'NY145th Ave10003+NY184th St+10003'
-73.7613,40.7036,0,1,'NY110th Rd10003|NY110th Rd10003+NY195th St+10003'
-73.7613,40.7597,0,1,'NY220th St10003|NY220th St10003+NY46th Ave+10003'
-73.7612,40.7101,0,1,'NY100th Ave10003+NY198th St+10003'
-73.7612,40.7616,0,4,'NY220th Pl10003|NY220th Pl10003+NYState Hwy 25 Alt+10003|NY220th Pl10003+NYNorthern Blvd+10003'
-73.7612,40.7212,0,20,'NY204th St10003|NY204th St10003+NYFoothill Ave+10003'
-73.7612,40.6811,1,3,'NYSidway Pl10003|NYHarry Douglass Way10003'
-73.7612,40.6865,0,1,'NYFarmers Blvd10003+NY120th Ave+10003'
-73.7611,40.6748,0,4,'NYThurston St10003+NY137th Ave+10003'
-73.7611,40.7203,0,3,'NYHillside Ave10002+NY204th St+10002|NYState Hwy 2510002+NY204th St+10002|NY204th St10003'
-73.7611,40.6762,0,1,'NYCheney St10003+NYCrandall Ave+10003'
-73.7611,40.6594,0,1,'NYSpringfield Blvd10003|NYSpringfield Blvd10003+NY147th Ave+10003'
-73.7610,40.6722,0,3,'NYBedell St10003'
-73.7610,40.6938,0,3,'NY116th Ave10003+NY191st St+10003'
-73.7610,40.6676,0,1,'NY144th Ave10003+NY183rd St+10003|NY183rd St10003'
-73.7610,40.7029,0,2,'NY195th St10003|NY195th St10003+NY111th Ave+10003'
-73.7610,40.6065,0,2,'NYMott Ave10003|NYMott Ave10003+NYBayswater Ave+10003|NYMott Ave10003+NYDickens St+10003|NYBayswater Ave10003'
-73.7609,40.7400,0,19,'NY73rd Ave10003+NY213th St+10003|NY213th St10003'
-73.7609,40.6818,0,1,'NYMars Pl10003'
-73.7609,40.6014,0,1,'NYBeach Channel Dr10003+NYDickens St+10003|NYDickens St10003'
-73.7609,40.7672,0,8,'NY39th Ave10003|NY39th Ave10003+NY223rd St+10003'
-73.7609,40.9280,0,1,'NYPinebrook Dr10003+NYWinslow Pl+10003|NYWinslow Pl10003'
-73.7609,40.7616,0,12,'NY220th Pl10003'
-73.7609,40.9338,2,7,'NYChatsworth Ave10003+NYMyrtle Blvd+10003'
-73.7608,40.7185,0,1,'NY89th Ave10003+NY202nd St+10003'
-73.7608,40.6053,0,1,'NYHealy Ave10003|NYHealy Ave10003+NYDickens St+10003'
-73.7608,40.7333,0,1,'NY210th St10003+NYUnion Tpke+10003'
-73.7608,40.6992,1,2,'NY194th St10003+NY113th Rd+10003'
-73.7608,40.6913,0,1,'NY117th Rd10003+NY190th St+10003'
-73.7608,40.7630,0,3,'NY43rd Ave10003+NY221st St+10003'
-73.7608,40.7417,0,3,'NY214th St10003|NY214th St10003+NY69th Ave+10003'
-73.7607,40.7460,0,2,'NYBell Blvd10003+NY64th Ave+10003'
-73.7607,40.9399,0,2,'NYDante St10003+NYDimitri Pl+10003|NYDimitri Pl10003'
-73.7607,40.6932,0,2,'NY191st St10003+NY116th Rd+10003|NY116th Rd10003'
-73.7607,40.7437,0,7,'NY67th Ave10003+NY215th St+10003'
-73.7607,40.5950,0,1,'NYMarvin St10003|NYMarvin St10003+NYBeach 28th St+10003|NYMarvin St10003+NYSeagirt Ave+10003|NYBeach 28th St10003|NYBeach 28th St10003+NYSeagirt Ave+10003'
-73.7607,40.6768,0,1,'NYDennis St10003+NYCrandall Ave+10003'
-73.7607,40.7352,1,3,'NY211th St10003|NY211th St10003+NYRichland Ave+10003'
-73.7607,40.9286,0,1,'NYSerpentine Trl10003'
-73.7607,40.7065,0,1,'NY197th St10003+NYHollis Ave+10003'
-73.7607,40.7309,0,7,'NY82nd Ave10003+NY209th St+10003'
-73.7607,40.6040,0,16,'NYBeatrice Ct10003|NYBeatrice Ct10003+NYDickens St+10003'
-73.7606,40.7167,1,4,'NY90th Ave10003+NY201st St+10003'
-73.7606,40.9313,1,2,'NYPalmer Ave10003+NYParkway St+10003|NYParkway St10003'
-73.7606,40.7500,0,13,'NY218th St10003+NY58th Ave+10003'
-73.7605,40.7521,0,3,'NY56th Ave10003+NY219th St+10003|NY219th St10003'
-73.7605,40.7084,0,3,'NY104th Ave10003+NY198th St+10003'
-73.7605,40.6985,0,1,'NY194th St10003+NYMurdock Ave+10003'
-73.7605,40.7538,0,2,'NY53rd Ave10003|NY53rd Ave10003+NYSpringfield Blvd+10003'
-73.7604,40.9252,0,1,'NYSherwood Oval10003|NYSherwood Oval10003+NYSherwood Dr+10003'
-73.7604,40.6639,0,2,'NYArthur St10003|NYArthur St10003+NY145th Rd+10003'
-73.7604,40.7476,0,3,'NY217th St10003|NY217th St10003+NYHorace Harding Expy+10003|NY217th St10003+NYHorace Harding Blvd+10003'
-73.7604,40.7600,0,11,'NY46th Ave10003+NY220th Pl+10003'
-73.7604,40.6783,0,3,'NYMathewson Ct10003'
-73.7604,40.7654,0,1,'NY41st Ave10003+NY223rd St+10003|NY223rd St10003'
-73.7603,40.7103,0,3,'NY100th Ave10003+NY199th St+10003'
-73.7603,40.6775,0,21,'NYBennett Ct10003|NYBennett Ct10003+NY134th Ave+10003|NYBennett Ct10003+NYCrandall Ave+10003|NY134th Ave10003|NY134th Ave10003+NYCrandall Ave+10003|NYCrandall Ave10003'
-73.7603,40.6751,0,1,'NYSouthgate St10003|NYSouthgate St10003+NY137th Ave+10003'
-73.7603,40.7617,0,12,'NYState Hwy 25 Alt10002+NY221st St+10002|NYNorthern Blvd10002+NY221st St+10002|NY221st St10003'
-73.7603,40.7207,0,2,'NYHillside Ave10002+NY205th St+10002|NYState Hwy 2510002+NY205th St+10002|NY205th St10003'
-73.7603,40.9314,0,1,'NYWest Ave10003|NYWest Ave10003+NYPalmer Ave+10003'
-73.7603,40.6156,0,1,'NYRoger Ave10003'
-73.7603,40.6922,0,1,'NY191st St10003'
-73.7602,40.6721,0,3,'NYEdgewood Ave10003+NY184th St+10003|NY184th St10003'
-73.7602,40.6878,0,2,'NY119th Rd10003|NY119th Rd10003+NY189th St+10003'
-73.7602,40.7532,0,3,'NY54th Ave10003|NY54th Ave10003+NYSpringfield Blvd+10003'
-73.7601,40.6766,0,1,'NYDennis St10003+NY135th Ave+10003|NY135th Ave10003'
-73.7601,40.7481,0,1,'NY218th St10003|NY218th St10003+NYI 495+10003|NY218th St10003+NYLong Island Expy+10003'
-73.7601,40.6578,0,2,'NY149th Ave10003|NY149th Ave10003+NYSpringfield Ln+10003'
-73.7601,40.7593,0,2,'NY220th Pl10003'
-73.7601,40.6675,0,3,'NY144th Ave10003+NY184th St+10003|NY184th St10003'
-73.7600,40.7188,0,5,'NY204th St10003+NY89th Ave+10003'
-73.7600,40.6598,0,2,'NYSpringfield Ln10003+NY221st St+10003|NY221st St10003'
-73.7600,40.6853,0,2,'NYMilburn St10003|NYMilburn St10003+NY121st Ave+10003'
-73.7600,40.7218,0,14,'NYFrancis Lewis Blvd10003+NYWhitehall Ter+10003|NYFrancis Lewis Blvd10003+NYFoothill Ave+10003|NYWhitehall Ter10003|NYWhitehall Ter10003+NY206th St+10003|NYWhitehall Ter10003+NYFoothill Ave+10003|NY206th St10003+NYFoothill Ave+10003|NYFoothill Ave10003'
-73.7600,40.6047,0,1,'NYIves Ct10003'
-73.7599,40.7335,0,5,'NY211th St10003+NYUnion Tpke+10003'
-73.7599,40.7403,0,1,'NY73rd Ave10003+NY214th St+10003|NY214th St10003'
-73.7599,40.7291,0,2,'NYHollis Hills Ter10003+NY209th St+10003|NYHollis Hills Ter10003+NY85th Ave+10003|NY209th St10003|NY209th St10003+NYHollis Court Blvd+10003|NY209th St10003+NY85th Ave+10003|NYHollis Court Blvd10003+NY85th Ave+10003|NY85th Ave10003'
-73.7598,40.7048,0,1,'NY197th St10003+NY110th Ave+10003'
-73.7598,40.6890,0,1,'NY190th St10003+NY119th Ave+10003'
-73.7598,40.6790,0,1,'NYBelknap St10003|NYBelknap St10003+NYMerrick Blvd+10003'
-73.7598,40.7462,0,3,'NY64th Ave10003+NY217th St+10003'
-73.7598,40.6758,0,2,'NYCheney St10003|NYCheney St10003+NYBennett St+10003|NYBennett St10003'
-73.7598,40.7354,0,6,'NYRichland Ave10003+NY212th St+10003|NY212th St10003'
-73.7598,40.7631,0,4,'NY43rd Ave10003+NY222nd St+10003'
-73.7598,40.7171,1,0,'NY90th Ave10003+NY202nd St+10003'
-73.7598,40.7025,0,2,'NY196th St10003+NY111th Rd+10003|NY111th Rd10003'
-73.7597,40.7311,0,6,'NY82nd Ave10003+NY210th St+10003'
-73.7597,40.9527,1,1,'NYRidgeway Rd10003+NYHilltop Rd+10003|NYHilltop Rd10003'
-73.7597,40.6873,0,2,'NY189th St10003'
-73.7597,40.5996,0,1,'NYManson St10003|NYManson St10003+NYAztec Pl+10003|NYManson St10003+NYGrassmere Ter+10003|NYAztec Pl10003|NYAztec Pl10003+NYGrassmere Ter+10003'
-73.7597,40.9332,0,2,'NYNorth Ave10003|NYNorth Ave10003+NYChatsworth Ave+10003|NYNorth Ave10003+NYRailroad Way+10003|NYNorth Ave10003+NYDepot Way+10003|NYChatsworth Ave10003+NYRailroad Way+10003|NYChatsworth Ave10003+NYDepot Way+10003|NYRailroad Way10003|NYDepot Way10003'
-73.7597,40.7502,0,4,'NY58th Ave10003+NY219th St+10003'
-73.7597,40.6727,0,7,'NYThurston St10003+NYWestgate St+10003|NYWestgate St10003'
-73.7597,40.9630,0,1,'NYKolbert Dr10003+NYSalem Dr+10003|NYSalem Dr10003'
-73.7597,40.6011,0,1,'NYGipson St10003|NYGipson St10003+NYOceancrest Blvd+10003|NYGipson St10003+NYFar Rockaway Blvd+10003|NYOceancrest Blvd10003|NYOceancrest Blvd10003+NYFar Rockaway Blvd+10003|NYFar Rockaway Blvd10003'
-73.7596,40.7523,0,1,'NY56th Ave10003+NY220th St+10003|NY220th St10003'
-73.7596,40.5964,0,2,'NYCamp Rd10003+NYEdgemere Ave+10003|NYEdgemere Ave10003'
-73.7596,40.6663,0,2,'NYSouthern Pkwy10003+NYSouthern Parkway Exit Wb+10003|NYSouthern Parkway Exit Wb10003'
-73.7596,40.5959,0,1,'NYDune St10003|NYDune St10003+NYSeagirt Blvd+10003|NYDune St10003+NYCamp Rd+10003|NYSeagirt Blvd10003|NYSeagirt Blvd10003+NYCamp Rd+10003|NYSeagirt Blvd10003+NYSeagirt Blvd+10003|NYCamp Rd10003+NYSeagirt Blvd+10003'
-73.7596,40.6965,0,7,'NY194th St10003+NY115th Ave+10003'
-73.7596,40.7479,0,2,'NY218th St10003|NY218th St10003+NYHorace Harding Expy+10003|NY218th St10003+NYHorace Harding Blvd+10003'
-73.7596,40.6902,0,2,'NY191st St10003|NY191st St10003+NY118th Rd+10003'
-73.7595,40.9208,0,1,'NYPheasant Run10003'
-73.7595,40.6725,0,2,'NYThurston St10003'
-73.7595,40.7135,0,1,'NYJamaica Ave10003+NY199th St+10003|NY199th St10003'
-73.7594,40.7106,0,1,'NY200th St10003+NY100th Ave+10003'
-73.7594,40.6763,0,1,'NYDennis St10003|NYDennis St10003+NY136th Ave+10003|NY136th Ave10003'
-73.7594,40.7211,3,11,'NYHillside Ave10002+NYFrancis Lewis Blvd+10002|NYHillside Ave10002+NY206th St+10002|NYFrancis Lewis Blvd10003+NYState Hwy 25+10003|NYState Hwy 2510002+NY206th St+10002'
-73.7594,40.7618,0,36,'NYState Hwy 25 Alt10002+NY222nd St+10002|NYNorthern Blvd10002+NY222nd St+10002|NY222nd St10003'
-73.7594,40.9354,0,3,'NYMyrtle Blvd10003+NYMaple St+10003|NYMaple St10003'
-73.7594,40.7393,0,22,'NY214th St10003|NY214th St10003+NY73rd Rd+10003|NY73rd Rd10003'
-73.7593,40.9331,0,4,'NYChatsworth Ave10003+NYRailroad Way+10003|NYRailroad Way10003'
-73.7593,40.6593,0,1,'NY147th Ave10003+NY222nd St+10003|NY222nd St10003'
-73.7593,40.7523,0,3,'NY56th Ave10003+NYSpringfield Blvd+10003'
-73.7593,40.6958,0,4,'NY194th St10003+NY115th Rd+10003'
-73.7593,40.9357,0,2,'NYVine St10003'
-73.7593,40.7429,0,4,'NYBell Blvd10003+NY68th Ave+10003|NY68th Ave10003'
-73.7592,40.6780,0,1,'NYBelknap St10003+NY134th Ave+10003|NY134th Ave10003'
-73.7592,40.7405,0,1,'NY73rd Ave10003+NY215th St+10003|NY215th St10003'
-73.7592,40.7192,2,8,'NY205th St10003+NY89th Ave+10003'
-73.7592,40.7149,0,7,'NY93rd Ave10003+NY201st St+10003'
-73.7592,40.9409,0,2,'NYDimitri Pl10003'
-73.7592,40.6856,0,4,'NYGrayson St10003|NYGrayson St10003+NY121st Ave+10003'
-73.7592,40.7011,0,7,'NY196th St10003+NY112th Rd+10003|NY112th Rd10003'
-73.7591,40.7641,0,2,'NY42nd Ave10003|NY42nd Ave10003+NY223rd St+10003'
-73.7591,40.6674,0,2,'NY185th St10003|NY185th St10003+NY144th Ave+10003'
-73.7591,40.6918,0,1,'NY117th Rd10003|NY117th Rd10003+NY192nd St+10003'
-73.7590,40.5986,0,1,'NYHanson Ct10003|NYHanson Ct10003+NYCollier Ave+10003'
-73.7590,40.6614,0,6,'NY146th Ave10003+NY221st St+10003'
-73.7590,40.7489,0,2,'NYHorace Harding Blvd10003+NY219th St+10003|NYHorace Harding Expy10003|NYHorace Harding Expy10003+NY219th St+10003|NY219th St10003'
-73.7590,40.7238,0,9,'NY209th St10003|NY209th St10003+NY86th Dr+10003|NY209th St10003+NY208th St+10003|NY86th Dr10003|NY86th Dr10003+NY208th St+10003|NY208th St10003'
-73.7590,40.7071,0,2,'NY109th Ave10003+NY199th St+10003'
-73.7590,40.6936,0,2,'NY193rd St10003|NY193rd St10003+NY116th Rd+10003'
-73.7590,40.9367,0,3,'NYMyrtle Blvd10003+NYTaylor Pl+10003|NYTaylor Pl10003'
-73.7590,40.6892,0,1,'NY191st St10003+NY119th Ave+10003'
-73.7590,40.6951,0,1,'NY194th St10003+NY115th Dr+10003'
-73.7590,40.7445,0,7,'NY217th St10003|NY217th St10003+NY67th Ave+10003'
-73.7590,40.6837,0,1,'NYMilburn St10003+NY122nd Ave+10003'
-73.7590,40.7051,0,1,'NY110th Ave10003|NY110th Ave10003+NY198th St+10003'
-73.7590,40.7337,0,3,'NYUnion Tpke10003+NY212th St+10003'
-73.7590,40.7174,0,4,'NY204th St10003+NY90th Ave+10003'
-73.7590,40.6710,0,2,'NY141st Ave10003+NY185th St+10003|NY185th St10003'
-73.7589,40.9329,1,1,'NYPalmer Ave10003+NYChatsworth Ave+10003'
-73.7589,40.7422,0,3,'NYBell Blvd10003+NY69th Ave+10003|NY69th Ave10003'
-73.7589,40.7294,0,1,'NY210th St10003+NY85th Ave+10003'
-73.7589,40.7633,0,2,'NY43rd Ave10003|NY43rd Ave10003+NY223rd St+10003'
-73.7589,40.6873,0,1,'NY190th St10003'
-73.7589,40.7355,0,2,'NY213th St10003|NY213th St10003+NYRichland Ave+10003'
-73.7588,40.7004,0,3,'NY196th St10003+NY113th Ave+10003'
-73.7588,40.7505,0,2,'NY220th St10003+NY58th Ave+10003'
-73.7588,40.6685,0,2,'NY143rd Ave10003'
-73.7588,40.7483,0,1,'NY218th St10003|NY218th St10003+NY219th St+10003|NY218th St10003+NYHorace Harding Expy+10003|NY218th St10003+NYHorace Harding Blvd+10003|NY219th St10003|NY219th St10003+NYHorace Harding Expy+10003|NY219th St10003+NYHorace Harding Blvd+10003'
-73.7587,40.7088,0,1,'NY200th St10003+NY104th Ave+10003'
-73.7587,40.6730,0,4,'NYSouthgate Plz10003|NYSouthgate Plz10003+NYSouthgate St+10003|NYSouthgate St10003'
-73.7587,40.9490,0,1,'NYHolly Pl10003|NYHolly Pl10003+NYForest Ave+10003'
-73.7587,40.7216,0,3,'NYHillside Ave10002+NY207th St+10002|NYState Hwy 2510002+NY207th St+10002|NY207th St10003'
-73.7587,40.6944,0,1,'NY194th St10003+NY116th Ave+10003'
-73.7586,40.6647,0,4,'NY145th Ave10003|NY145th Ave10003+NYSpringfield Blvd+10003'
-73.7586,40.6635,0,1,'NY220th St10003+NY145th Rd+10003'
-73.7586,40.6023,0,1,'NYCornaga Ave10003+NYRockaway Fwy+10003|NYCornaga Ave10003+NYNasby Pl+10003|NYRockaway Fwy10003+NYNasby Pl+10003|NYNasby Pl10003'
-73.7586,40.9370,0,4,'NYCabot Rd10003|NYCabot Rd10003+NYMyrtle Blvd+10003'
-73.7586,40.6927,0,1,'NYLinden Blvd10003+NY193rd St+10003'
-73.7586,40.6573,0,1,'NY224th St10003'
-73.7585,40.7108,0,1,'NY100th Ave10003+NY201st St+10003'
-73.7585,40.6998,0,2,'NY196th St10003+NY113th Rd+10003|NY113th Rd10003'
-73.7585,40.7620,0,10,'NYState Hwy 25 Alt10002+NY223rd St+10002|NYNorthern Blvd10002+NY223rd St+10002'
-73.7585,40.5952,0,1,'NYDune St10003|NYDune St10003+NYBeach 25th St+10003|NYDune St10003+NYSeagirt Ave+10003|NYBeach 25th St10003|NYBeach 25th St10003+NYSeagirt Ave+10003'
-73.7584,40.6036,0,2,'NYHollywood Ct10003'
-73.7584,40.7152,0,2,'NY93rd Ave10003+NY202nd St+10003'
-73.7584,40.6592,0,6,'NY223rd St10003+NY147th Ave+10003'
-73.7584,40.6003,0,1,'NYBrookhaven Ave10003+NYGrassmere Ter+10003'
-73.7584,40.8122,0,4,'NYStepping Stone Ln10003|NYStepping Stone Ln10003+NYSteamboat Rd+10003'
-73.7583,40.7251,0,9,'NY86th Dr10003|NY86th Dr10003+NYMc Laughlin Ave+10003'
-73.7583,40.6033,0,2,'NYDelia Ct10003'
-73.7583,40.9343,0,15,'NYRailroad Way10003|NYRailroad Way10003+NYRailroad Way+10003|NYRailroad Way10003+NYDepot Way W+10003|NYRailroad Way10003+NYDepot Way+10003|NYDepot Way W10003|NYDepot Way W10003+NYDepot Way+10003'
-73.7583,40.6074,0,1,'NYJaydee Ct10003|NYJaydee Ct10003+NYGipson St+10003'
-73.7583,40.7280,0,1,'NYHollis Hills Ter10003+NY210th St+10003|NY210th St10003|NY210th St10003+NYHollis Court Blvd+10003'
-73.7583,40.7408,0,3,'NYBell Blvd10003+NY73rd Ave+10003'
-73.7583,40.7492,0,2,'NYHorace Harding Expy10003|NYHorace Harding Expy10003+NY220th St+10003|NYHorace Harding Blvd10003+NY220th St+10003|NY220th St10003'
-73.7582,40.6991,0,1,'NY196th St10003+NYMurdock Ave+10003'
-73.7582,40.6735,0,1,'NYBelknap St10003|NYBelknap St10003+NY139th Ave+10003|NYBelknap St10003+NYSouthgate Plz+10003|NY139th Ave10003|NY139th Ave10003+NYSouthgate Plz+10003|NYSouthgate Plz10003'
-73.7582,40.9326,0,1,'NYChatsworth Ave10003+NYFranklin Ave+10003|NYFranklin Ave10003'
-73.7582,40.6611,1,9,'NY146th Ave10003+NY222nd St+10003'
-73.7582,40.7135,0,3,'NYJamaica Ave10003+NY201st St+10003|NY201st St10003'
-73.7582,40.6841,0,2,'NYGrayson St10003+NY122nd Ave+10003'
-73.7581,40.6727,0,3,'NYCoombs St10003'
-73.7581,40.6895,0,1,'NY119th Ave10003+NY192nd St+10003'
-73.7581,40.7621,0,4,'NYX Isle Parkway Exit Sb10003|NYX Isle Parkway Exit Sb10003+NYState Hwy 25 Alt+10003|NYX Isle Parkway Exit Sb10003+NYNorthern Blvd+10003'
-73.7581,40.7120,0,1,'NY202nd St10003+NY99th Ave+10003'
-73.7581,40.5930,0,1,'NYBeach 25 St10003|NYBeach 25 St10003+NYBeach 25th St+10003|NYBeach 25th St10003'
-73.7581,40.7231,0,1,'NYWhitehall Ter10003+NY209th St+10003'
-73.7581,40.6515,1,11,'NYSpringfield Ln10003'
-73.7580,40.7296,0,16,'NY211th St10003+NY85th Ave+10003'
-73.7580,40.7338,0,9,'NY213th St10003+NYUnion Tpke+10003'
-73.7580,40.7467,0,5,'NY219th St10003+NY64th Ave+10003'
-73.7580,40.6645,2,2,'NY220th St10003|NY220th St10003+NY145th Ave+10003'
-73.7580,40.7604,0,4,'NYCloverdale Blvd10003|NYCloverdale Blvd10003+NY46th Ave+10003|NYCloverdale Blvd10003+NY223rd St+10003|NY46th Ave10003|NY46th Ave10003+NY223rd St+10003|NY223rd St10003'
-73.7580,40.6815,0,1,'NYNashville Blvd10003+NYNellis St+10003'
-73.7580,40.7221,0,6,'NYHillside Ave10002+NY208th St+10002|NYState Hwy 2510002+NY208th St+10002|NY208th St10003'
-73.7580,40.9358,0,3,'NYWood St10003'
-73.7580,40.6869,0,3,'NYLucas St10003+NY120th Rd+10003'
-73.7579,40.9385,0,1,'NYEdgewood Ave10003+NYPreston St+10003|NYPreston St10003'
-73.7579,40.7487,0,4,'NY220th St10003|NY220th St10003+NYHorace Harding Expy+10003|NY220th St10003+NYHorace Harding Blvd+10003'
-73.7579,40.6984,0,2,'NY196th St10003+NY114th Rd+10003|NY114th Rd10003'
-73.7578,40.6632,0,1,'NY221st St10003+NY145th Rd+10003'
-73.7578,40.7508,0,2,'NYSpringfield Blvd10003+NY58th Ave+10003'
-73.7578,40.7090,0,6,'NY104th Ave10003+NY201st St+10003'
-73.7578,40.7576,0,1,'NYEnfield Pl10003|NYEnfield Pl10003+NYGarland Dr+10003'
-73.7578,40.6045,0,2,'NYHollywood Ct10003|NYHollywood Ct10003+NYMc Bride St+10003|NYHollywood Ct10003+NYMcBride St+10003'
-73.7578,40.9340,0,3,'NYDepot Way W10003+NYWoodland Ave+10003|NYWoodland Ave10003'
-73.7578,40.6058,0,1,'NYMott Ave10003+NYMc Bride St+10003|NYMott Ave10003+NYMcBride St+10003|NYMc Bride St10003|NYMcBride St10003'
-73.7578,40.7397,0,4,'NYBell Blvd10003+NY73rd Rd+10003|NY73rd Rd10003'
-73.7577,40.7627,0,2,'NYX Isle Parkway Exit Sb10003|NYX Isle Parkway Exit Sb10003+NYCross Island Pkwy+10003'
-73.7577,40.9305,0,1,'NYLarchmont Ave10003+NYIden Ave+10003|NYIden Ave10003'
-73.7577,40.6022,0,1,'NYCornaga Ave10003+NYLoretta Rd+10003|NYCornaga Ave10003+NYGrassmere Ter+10003|NYLoretta Rd10003|NYLoretta Rd10003+NYGrassmere Ter+10003|NYGrassmere Ter10003'
-73.7577,40.6801,0,1,'NYMontauk St10003+NYWilliamson Ave+10003|NYWilliamson Ave10003'
-73.7577,40.6823,0,2,'NYMilburn St10003'
-73.7577,40.6571,0,1,'NY225th St10003'
-73.7577,40.7110,0,2,'NY202nd St10003+NY100th Ave+10003'
-73.7577,40.9274,0,1,'NYMayhew Ave10003+NYHoward St+10003|NYHoward St10003'
-73.7577,40.6092,0,1,'NYEnright Rd10003|NYEnright Rd10003+NYGipson St+10003'
-73.7576,40.5959,0,1,'NYWatjean Ct10003|NYWatjean Ct10003+NYFernside Pl+10003'
-73.7576,40.6977,0,1,'NY196th St10003+NY114th Dr+10003|NY114th Dr10003'
-73.7576,40.7062,0,2,'NYHollis Ave10003+NY200th St+10003|NY200th St10003'
-73.7576,40.6058,0,1,'NYMcBride St10003|NYMcBride St10003+NYMott Ave+10003'
-73.7576,40.7156,0,2,'NY204th St10003+NY93rd Ave+10003'
-73.7575,40.5981,0,1,'NYDeerfield Rd10003'
-73.7575,40.7200,0,5,'NY207th St10003+NY89th Ave+10003'
-73.7575,40.7361,0,11,'NYPeck Ave10003'
-73.7575,40.7569,0,2,'NYEnfield Pl10003|NYEnfield Pl10003+NYKenilworth Dr+10003'
-73.7575,40.7062,0,1,'NY200th St10003'
-73.7575,40.7439,0,11,'NYJohn F Kennedy Cir10003'
-73.7574,40.9323,0,1,'NYVanderburg Ave10003+NYChatsworth Ave+10003'
-73.7574,40.7625,0,8,'NYX Isle Parkway Exit Naval Base10003|NYX Isle Parkway Exit Naval Base10003+NYCross Island Pkwy+10003'
-73.7574,40.6795,0,1,'NYMontauk St10003|NYMontauk St10003+NYMerrick Blvd+10003'
-73.7574,40.7502,0,1,'NY59th Ave10003|NY59th Ave10003+NYSpringfield Blvd+10003'
-73.7574,40.6993,1,5,'NY197th St10003+NYMurdock Ave+10003'
-73.7574,40.7411,0,3,'NY73rd Ave10003+NY217th St+10003|NY217th St10003'
-73.7573,40.6922,0,1,'NY117th Rd10003+NY194th St+10003|NY194th St10003'
-73.7573,40.6971,0,1,'NY196th St10003+NY115th Ave+10003'
-73.7573,40.6670,1,5,'NY144th Ave10003+NYSpringfield Blvd+10003'
-73.7573,40.6820,0,1,'NYMilburn St10003|NYMilburn St10003+NYNashville Blvd+10003'
-73.7573,40.7387,0,13,'NYBell Blvd10003+NY75th Ave+10003'
-73.7573,40.7226,0,2,'NYHillside Ave10002+NY209th St+10002|NYState Hwy 2510002+NY209th St+10002'
-73.7573,40.6898,0,2,'NY193rd St10003+NY119th Ave+10003'
-73.7573,40.7181,1,7,'NYFrancis Lewis Blvd10003+NY90th Ave+10003|NY206th St10003+NY90th Ave+10003'
-73.7572,40.7279,0,1,'NY211th St10003|NY211th St10003+NYHollis Hills Ter+10003|NY211th St10003+NY86th Ave+10003|NY211th St10003+NYHollis Court Blvd+10003|NYHollis Hills Ter10003|NYHollis Hills Ter10003+NY86th Ave+10003|NY86th Ave10003|NY86th Ave10003+NYHollis Court Blvd+10003|NYHollis Court Blvd10003'
-73.7572,40.7471,0,4,'NY64th Ave10003+NY220th St+10003|NY220th St10003'
-73.7572,40.6579,0,2,'NY225th St10003+NY148th Ave+10003|NY148th Ave10003'
-73.7572,40.7450,0,15,'NY219th St10003|NY219th St10003+NY67th Ave+10003'
-73.7572,40.6642,0,2,'NY145th Ave10003+NY221st St+10003|NY221st St10003'
-73.7572,40.7122,0,7,'NY203rd St10003|NY203rd St10003+NY99th Ave+10003'
-73.7572,40.9353,0,2,'NYRailroad Way10003|NYDepot Way10003'
-73.7571,40.5953,0,1,'NYSeagirt Ave10003'
-73.7571,40.5966,0,3,'NYFernside Pl10003+NYCrest Rd+10003|NYCrest Rd10003'
-73.7571,40.7135,0,2,'NYJamaica Ave10003+NY202nd St+10003|NY202nd St10003'
-73.7571,40.7340,1,8,'NY214th St10003+NYUnion Tpke+10003'
-73.7571,40.6068,0,1,'NYMcBride St10003+NYDix Ave+10003|NYDix Ave10003'
-73.7571,40.7435,0,2,'NY218th St10003+NY68th Ave+10003|NY68th Ave10003'
-73.7570,40.6964,0,1,'NY196th St10003+NY115th Rd+10003|NY115th Rd10003'
-73.7570,40.6629,0,1,'NY222nd St10003+NY145th Rd+10003'
-73.7570,40.9282,0,2,'NYHoward St10003'
-73.7570,40.6677,0,2,'NY143rd Rd10003|NY143rd Rd10003+NYSpringfield Blvd+10003'
-73.7570,40.7496,1,0,'NYHorace Harding Expy10003+NYSpringfield Blvd+10003|NYHorace Harding Blvd10003+NYSpringfield Blvd+10003'
-73.7570,40.7492,1,5,'NYI 49510001+NYSpringfield Blvd+10001|NYLong Island Expy10001+NYSpringfield Blvd+10001'
-73.7570,40.7358,0,2,'NYPeck Ave10003+NYRichland Ave+10003|NYPeck Ave10003+NY215th St+10003|NYRichland Ave10003|NYRichland Ave10003+NY215th St+10003|NY215th St10003'
-73.7569,40.7252,0,4,'NYMcLaughlin Ave10003|NYMc Laughlin Ave10003|NYGrand Central Pkwy10003'
-73.7569,40.9291,0,1,'NYGerlach Pl10003'
-73.7569,40.6655,0,20,'NYState Rte 2710002+NYSouthern Parkway Entrance Eb+10002|NYState Rte 2710002+NY221st St+10002|NYSouthern Parkway Entrance Eb10003|NYSouthern Parkway Entrance Eb10003+NY221st St+10003|NYSouthern Parkway Entrance Eb10003+NYS Conduit Ave+10003|NY221st St10003|NY221st St10003+NYS Conduit Ave+10003'
-73.7569,40.6715,0,1,'NYCharles St10003|NYCharles St10003+NYCharles Ln+10003'
-73.7569,40.6142,0,1,'NYGates Ave10003|NYGates Ave10003+NYBayview Ave+10003'
-73.7569,40.6765,0,2,'NYEastgate Plz10003|NYEastgate Plz10003+NYSloan St+10003|NYEastgate Plz10003+NY137th Ave+10003|NYSloan St10003|NYSloan St10003+NY137th Ave+10003|NY137th Ave10003'
-73.7569,40.9699,1,0,'NYBrittany Close10003'
-73.7569,40.7432,0,3,'NYJohn F Kennedy Cir10003'
-73.7568,40.6155,0,1,'NYGates Ave10003|NYGates Ave10003+NYRoger Ave+10003'
-73.7568,40.7205,0,5,'NY89th Ave10003+NY208th St+10003'
-73.7568,40.7538,0,2,'NY56th Ave10003+NY223rd St+10003|NY223rd St10003'
-73.7568,40.7436,0,1,'NY68th Ave10003'
-73.7568,40.7159,0,5,'NY93rd Ave10003+NY205th St+10003'
-73.7568,40.5989,0,2,'NYCollier Ave10003+NYBeach 22nd St+10003|NYBeach 22nd St10003'
-73.7567,40.6805,0,2,'NYWilliamson Ave10003+NYNellis St+10003|NYNellis St10003'
-73.7567,40.6957,0,1,'NY196th St10003+NY115th Dr+10003|NY115th Dr10003'
-73.7567,40.6021,0,1,'NYCornaga Ave10003+NYPresident St+10003|NYPresident St10003'
-73.7567,40.9217,0,1,'NYOak Ave10003'
-73.7567,40.9352,0,1,'NYWoodland Ave10003+NYDepot Way E+10003|NYDepot Way E10003'
-73.7567,40.6688,0,2,'NYSpringfield Blvd10003+NY142nd Rd+10003|NY142nd Rd10003'
-73.7567,40.7062,0,4,'NYHollis Ave10003|NYHollis Ave10003+NY201st St+10003'
-73.7566,40.6825,0,2,'NYNashville Blvd10003+NYGrayson St+10003'
-73.7566,40.7620,0,5,'NYCross Island Pkwy10003+NYX Isle Parkway Exit Sb+10003|NYX Isle Parkway Exit Sb10003'
-73.7566,40.8115,0,2,'NYKings Point Rd10003+NYSteamboat Rd+10003'
-73.7566,40.7261,0,4,'NYI 29510001+NYGrand Central Pkwy+10001|NYGrand Central Pkwy10002+NYClearview Expy+10002'
-73.7566,40.6067,0,2,'NYDix Ave10003|NYDix Ave10003+NYChandler St+10003|NYChandler St10003'
-73.7565,40.7231,0,1,'NYHillside Ave10002+NY210th St+10002|NYState Hwy 2510002+NY210th St+10002|NY210th St10003'
-73.7565,40.7041,1,19,'NY111th Ave10003+NY200th St+10003'
-73.7565,40.7371,0,14,'NYBell Blvd10003+NY77th Ave+10003|NY77th Ave10003'
-73.7565,40.6924,0,1,'NY117th Rd10003|NY117th Rd10003+NY195th St+10003'
-73.7565,40.7414,0,6,'NY73rd Ave10003+NY218th St+10003|NY218th St10003'
-73.7565,40.7062,1,1,'NYHollis Ave10003|NYHollis Ave10003+NY201st St+10003'
-73.7565,40.6995,0,1,'NYMurdock Ave10003+NY198th St+10003'
-73.7565,40.6714,0,1,'NYSpringfield Blvd10003+NYCharles Ln+10003|NYCharles Ln10003'
-73.7564,40.6973,0,3,'NY197th St10003+NY115th Ave+10003'
-73.7564,40.7531,0,4,'NY56th Rd10003|NY56th Rd10003+NY223rd St+10003'
-73.7564,40.6697,0,2,'NYEdgewood Ave10003|NYEdgewood Ave10003+NYSpringfield Blvd+10003'
-73.7564,40.6576,0,4,'NY226th St10003+NY148th Ave+10003'
-73.7564,40.7140,0,3,'NY204th St10003+NY94th Ave+10003|NY94th Ave10003'
-73.7564,40.7624,0,2,'NYX Isle Parkway Exit Naval Base10003|NYX Isle Parkway Exit Naval Base10003+NYState Hwy 25 Alt+10003|NYX Isle Parkway Exit Naval Base10003+NYNorthern Blvd+10003'
-73.7564,40.6096,0,2,'NYBattery Rd10003'
-73.7564,40.7185,0,32,'NY207th St10003+NY90th Ave+10003'
-73.7564,40.6639,0,2,'NY145th Ave10003+NY222nd St+10003|NY222nd St10003'
-73.7564,40.6724,0,1,'NYSpringfield Blvd10003+NY140th Ave+10003'
-73.7563,40.5977,0,1,'NYFernside Pl10003+NYPlainview Ave+10003|NYPlainview Ave10003'
-73.7563,40.7390,0,3,'NY75th Ave10003+NY217th St+10003'
-73.7563,40.6833,0,1,'NYBenton St10003'
-73.7563,40.9299,0,1,'NYLarchmont Ave10003+NYGerlach Pl+10003|NYGerlach Pl10003'
-73.7563,40.6882,0,3,'NY193rd St10003'
-73.7563,40.7281,0,3,'NY86th Ave10003+NY212th St+10003'
-73.7562,40.9341,0,1,'NYVanderburg Ave10003+NYHall Ave+10003'
-73.7562,40.6733,0,2,'NY139th Ave10003|NY139th Ave10003+NYSpringfield Blvd+10003'
-73.7562,40.7341,0,10,'NY215th St10003+NYUnion Tpke+10003'
-73.7562,40.6734,0,1,'NY139th Ave10003|NY139th Ave10003+NYSpringfield Blvd+10003'
-73.7561,40.7210,0,1,'NY209th St10003+NY89th Ave+10003'
-73.7561,40.6868,2,3,'NY192nd St10003+NY121st Ave+10003|NY121st Ave10003'
-73.7561,40.7525,0,1,'NY57th Ave10003|NY57th Ave10003+NY223rd St+10003'
-73.7561,40.9246,0,1,'NYJochum Ave10003'
-73.7561,40.5998,0,3,'NYBrookhaven Ave10003|NYBrookhaven Ave10003+NYBeach 22nd St+10003'
-73.7561,40.6883,0,1,'NY193rd St10003|NY193rd St10003+NY120th Ave+10003'
-73.7561,40.6742,0,1,'NYSpringfield Blvd10003+NY138th Rd+10003|NY138th Rd10003'
-73.7560,40.7095,1,5,'NY104th Ave10003+NY203rd St+10003'
-73.7560,40.5952,0,38,'NYCrest Rd10003+NYSeagirt Blvd+10003'
-73.7560,40.6934,0,1,'NY196th St10003+NYLinden Blvd+10003'
-73.7559,40.6664,0,2,'NYSouthern Parkway Exit Wb10003'
-73.7559,40.6851,0,2,'NY122nd Ave10003+NY191st St+10003|NY191st St10003'
-73.7559,40.5988,0,1,'NYBeach 21st St10003|NYBeach 21st St10003+NYElk Dr+10003'
-73.7559,40.7360,0,1,'NYBell Blvd10003+NYKingsbury Ave+10003|NYKingsbury Ave10003'
-73.7559,40.7163,0,8,'NYFrancis Lewis Blvd10003+NY93rd Ave+10003|NY206th St10003+NY93rd Ave+10003'
-73.7559,40.7222,0,3,'NY88th Rd10003|NY88th Rd10003+NY210th St+10003'
-73.7559,40.7114,0,1,'NY204th St10003+NY100th Ave+10003'
-73.7559,40.6637,0,2,'NY223rd St10003|NY223rd St10003+NY145th Ave+10003'
-73.7558,40.7577,0,1,'NYGarland Dr10003|NYGarland Dr10003+NYCloverdale Blvd+10003'
-73.7558,40.7473,0,8,'NY64th Ave10003+NYSpringfield Blvd+10003'
-73.7558,40.6602,0,14,'NY146th Ave10003+NY225th St+10003'
-73.7558,40.7236,0,9,'NYHillside Ave10002+NY211th St+10002|NYState Hwy 2510002+NY211th St+10002|NY211th St10003'
-73.7558,40.7439,0,2,'NY68th Ave10003'
-73.7557,40.7063,0,1,'NYHollis Ave10003|NYHollis Ave10003+NY202nd St+10003'
-73.7557,40.6655,0,1,'NYState Rte 2710002+NY222nd St+10002|NYS Conduit Ave10002+NY222nd St+10002|NY222nd St10003'
-73.7557,40.9316,0,1,'NYSummit Ave10003+NYChatsworth Ave+10003'
-73.7556,40.9404,0,1,'NYEdgewood Ave10003'
-73.7556,40.9496,0,2,'NYWinged Foot Dr10003+NYDundee Rd+10003|NYDundee Rd10003'
-73.7556,40.5924,0,5,'NYCrest Rd10003'
-73.7556,40.7361,0,1,'NYKingsbury Ave10003+NYStewart Rd+10003|NYStewart Rd10003'
-73.7556,40.7143,0,1,'NY94th Ave10003+NY205th St+10003'
-73.7556,40.6573,0,1,'NY227th St10003+NY148th Ave+10003'
-73.7556,40.6636,0,3,'NY223rd St10003|NY223rd St10003+NY145th Ave+10003'
-73.7556,40.7189,0,4,'NY90th Ave10003+NY208th St+10003'
-73.7556,40.6975,0,5,'NY198th St10003+NY115th Ave+10003'
-73.7555,40.7392,0,2,'NY75th Ave10003+NY74th Ave+10003|NY74th Ave10003'
-73.7555,40.7064,0,1,'NY202nd St10003+NYHollis Ave+10003|NYHollis Ave10003'
-73.7555,40.6953,0,2,'NY197th St10003+NY116th Ave+10003'
-73.7555,40.7373,0,2,'NY77th Ave10003+NY217th St+10003|NY217th St10003'
-73.7555,40.6766,0,1,'NY137th Ave10003|NY137th Ave10003+NYSpringfield Blvd+10003'
-73.7555,40.6703,0,2,'NY141st Rd10003+NY219th St+10003'
-73.7555,40.6885,0,1,'NY194th St10003'
-73.7555,40.6802,0,2,'NYPineville Ln10003|NYPineville Ln10003+NYMerrick Blvd+10003'
-73.7555,40.7417,0,14,'NY220th St10003|NY220th St10003+NY73rd Ave+10003'
-73.7554,40.6623,0,4,'NY145th Rd10003+NY224th St+10003'
-73.7554,40.7283,0,5,'NY213th St10003|NY213th St10003+NY86th Ave+10003'
-73.7554,40.7215,0,2,'NY210th St10003+NY89th Ave+10003'
-73.7554,40.7250,0,1,'NYI 29510001+NYWhitehall Ter+10001|NYWhitehall Ter10003|NYWhitehall Ter10003+NYClearview Expy+10003'
-73.7554,40.9433,1,1,'NYClover Rd10003|NYClover Rd10003+NYW Garden Rd+10003|NYW Garden Rd10003+NYClover St+10003|NYClover St10003'
-73.7554,40.9256,0,1,'NYMain St10002+NYKane Ave+10002|NYKane Ave10003|NYKane Ave10003+NYBoston Post Rd+10003'
-73.7553,40.7571,0,1,'NYKenilworth Dr10003|NYKenilworth Dr10003+NYHoxie Dr+10003|NYKenilworth Dr10003+NYCloverdale Blvd+10003|NYHoxie Dr10003|NYHoxie Dr10003+NYCloverdale Blvd+10003'
-73.7553,40.6835,0,1,'NYLucas St10003+NYNashville Blvd+10003'
-73.7553,40.7515,0,3,'NY223rd St10003+NY58th Ave+10003|NY58th Ave10003'
-73.7553,40.6053,0,2,'NYBeach Channel Dr10003+NYMott Ave+10003'
-73.7553,40.6664,0,2,'NYN Conduit Ave10002+NY222nd St+10002|NY222nd St10003'
-73.7553,40.6886,0,3,'NY194th St10003'
-73.7552,40.6684,0,3,'NY221st St10003|NY221st St10003+NY142nd Rd+10003'
-73.7552,40.7395,0,2,'NY74th Ave10003|NY74th Ave10003+NY74th Ave+10003'
-73.7552,40.6164,0,1,'NYMaple Rd10003|NYMaple Rd10003+NYChestnut Rd+10003|NYChestnut Rd10003'
-73.7552,40.7527,0,5,'NY57th Ave10003+NY224th St+10003|NY224th St10003'
-73.7552,40.7343,2,3,'NYBell Blvd10003+NYUnion Tpke+10003'
-73.7552,40.6083,0,1,'NYPinson St10003+NYNameoke St+10003'
-73.7552,40.6655,1,0,'NYState Rte 2710002+NY144th Ave+10002|NY144th Ave10003|NY144th Ave10003+NYS Conduit Ave+10003'
-73.7551,40.6854,0,1,'NY192nd St10003+NY122nd Ave+10003'
-73.7551,40.6754,0,3,'NY137th Rd10003|NY137th Rd10003+NYCarson St+10003'
-73.7551,40.6937,0,1,'NYLinden Blvd10003+NY197th St+10003|NY197th St10003'
-73.7551,40.7136,0,1,'NYJamaica Ave10003+NY205th St+10003|NY205th St10003'
-73.7551,40.6634,0,2,'NY145th Ave10003+NY224th St+10003|NY224th St10003'
-73.7550,40.7508,0,4,'NY59th Ave10003+NY223rd St+10003|NY223rd St10003'
-73.7550,40.7167,0,4,'NY207th St10003+NY93rd Ave+10003'
-73.7550,40.7456,0,10,'NYSpringfield Blvd10003+NY67th Ave+10003|NY67th Ave10003'
-73.7550,40.6003,0,2,'NYBeach 21st St10003'
-73.7550,40.6599,0,8,'NY226th St10003+NY146th Ave+10003'
-73.7550,40.7116,0,5,'NY205th St10003+NY100th Ave+10003'
-73.7549,40.7392,0,10,'NY75th Ave10003+NY74th Ave+10003|NY74th Ave10003'
-73.7549,40.7228,0,4,'NY88th Rd10003|NY88th Rd10003+NY211th St+10003'
-73.7549,40.7453,0,7,'NY67th Ave10003|NY67th Ave10003+NYSpringfield Blvd+10003'
-73.7549,40.7242,3,8,'NYI 29510001|NYI 29510001+NYHillside Ave+10001|NYI 29510001+NYState Hwy 25+10001|NYI 29510001+NYHollis Court Blvd+10001|NYHillside Ave10002+NYClearview Expy+10002|NYHillside Ave10002+NYHollis Court Blvd+10002|NYState Hwy 2510002+NYClearview Expy+10002|NYState Hwy 2510002+NYHollis Court Blvd+10002|NYClearview Expy10001|NYClearview Expy10001+NYHollis Court Blvd+10001|NYHollis Court Blvd10003'
-73.7548,40.6779,0,4,'NY136th Ave10003|NY136th Ave10003+NYSpringfield Blvd+10003'
-73.7548,40.8078,0,1,'NYFlower Ln10003'
-73.7548,40.7065,0,2,'NY203rd St10003+NYHollis Ave+10003|NYHollis Ave10003'
-73.7548,40.7712,0,1,'NY233rd St10003|NYRegatta Pl10003'
-73.7548,40.6653,0,2,'NY223rd St10003+NY144th Ave+10003'
-73.7548,40.6094,0,2,'NYBattery Rd10003|NYBattery Rd10003+NYPinson St+10003'
-73.7548,40.6633,0,1,'NY145th Ave10003+NY224th St+10003|NY224th St10003'
-73.7548,40.6711,1,5,'NY141st Ave10003+NY219th St+10003'
-73.7547,40.7192,0,3,'NY209th St10003+NY90th Ave+10003'
-73.7547,40.6570,0,6,'NY148th Ave10003+NY228th St+10003'
-73.7547,40.7147,0,1,'NYFrancis Lewis Blvd10003+NY94th Ave+10003|NY206th St10003+NY94th Ave+10003'
-73.7547,40.9311,0,1,'NYRoosevelt Ave10003|NYRoosevelt Ave10003+NYChatsworth Ave+10003'
-73.7547,40.7000,0,9,'NYMurdock Ave10003+NY200th St+10003'
-73.7547,40.7545,0,1,'NY56th Ave10003+NY226th St+10003|NY226th St10003'
-73.7546,40.6955,0,1,'NY116th Ave10003+NY198th St+10003'
-73.7546,40.6816,0,1,'NYPineville Ln10003+NYGrayson St+10003|NYGrayson St10003'
-73.7546,40.7408,0,7,'NY220th St10003+NY74th Ave+10003|NY74th Ave10003'
-73.7546,40.7066,0,1,'NYHollis Ave10003|NYHollis Ave10003+NY203rd St+10003'
-73.7546,40.6840,0,2,'NYNashville Blvd10003+NY191st St+10003|NY191st St10003'
-73.7546,40.6179,0,1,'NYPeppe Rd10003'
-73.7546,40.6927,0,1,'NY118th Ave10003+NY197th St+10003'
-73.7546,40.6620,0,8,'NY225th St10003+NY145th Rd+10003'
-73.7546,40.6830,0,1,'NYLucas St10003+NYWilliamson Ave+10003'
-73.7546,40.7509,0,1,'NY223rd Pl10003|NY223rd Pl10003+NY59th Ave+10003'
-73.7545,40.7285,0,5,'NY214th St10003+NY86th Ave+10003'
-73.7545,40.7128,0,1,'NY99th Ave10003+NY205th Pl+10003|NY205th Pl10003'
-73.7545,40.9405,0,1,'NYCooper Ln10003'
-73.7545,40.7477,0,4,'NY64th Ave10003'
-73.7544,40.6072,0,1,'NYBeach Channel Dr10003+NYBirdsall Ave+10003'
-73.7544,40.6050,0,2,'NYMott Ave10003+NYRedfern Ave+10003|NYRedfern Ave10003'
-73.7544,40.8104,0,1,'NYPark Pl10003|NYPark Pl10003+NYSteamboat Rd+10003'
-73.7544,40.7326,0,12,'NYBell Blvd10003+NY82nd Ave+10003'
-73.7543,40.7530,0,9,'NY57th Ave10003+NY225th St+10003|NY225th St10003'
-73.7543,40.6659,1,0,'NYSouthern Parkway Entrance Eb10003|NYSouthern Parkway Entrance Eb10003+NYSouthern Pkwy+10003|NYSouthern Parkway Entrance Eb10003+NYSouthern Parkway Exit Wb+10003|NYSouthern Pkwy10003+NYSouthern Parkway Exit Wb+10003|NYSouthern Parkway Exit Wb10003'
-73.7543,40.7223,0,2,'NY89th Ave10003+NY211th St+10003'
-73.7543,40.6858,0,4,'NY193rd St10003+NY122nd Ave+10003'
-73.7543,40.7502,2,1,'NY223rd Pl10003|NY223rd Pl10003+NYHorace Harding Expy+10003|NY223rd Pl10003+NYHorace Harding Blvd+10003'
-73.7543,40.5982,0,7,'NYElk Dr10003'
-73.7542,40.7585,0,1,'NY49th Rd10003|NY49th Rd10003+NYHoratio Pkwy+10003'
-73.7542,40.7278,0,2,'NY214th St10003|NY214th St10003+NY86th Rd+10003'
-73.7542,40.7345,0,2,'NY217th St10003|NY217th St10003+NYUnion Tpke+10003'
-73.7542,40.7782,0,1,'NYGrosvenor St10003'
-73.7542,40.6710,0,1,'NYAlicia Ave10003'
-73.7542,40.7170,0,3,'NY93rd Ave10003+NY208th St+10003'
-73.7542,40.6745,0,1,'NY218th St10003|NY218th St10003+NY138th Ave+10003'
-73.7542,40.6788,0,5,'NY135th Ave10003|NY135th Ave10003+NYSpringfield Blvd+10003'
-73.7541,40.6022,0,1,'NYCornaga Ave10003+NYBeach 21st St+10003|NYBeach 21st St10003'
-73.7541,40.6081,0,1,'NYBeach Channel Dr10003+NYNameoke St+10003'
-73.7541,40.7510,0,1,'NY59th Ave10003+NY224th St+10003|NY224th St10003'
-73.7541,40.6595,0,1,'NY146th Ave10003+NY227th St+10003'
-73.7541,40.9446,0,2,'NYE Garden Rd10003|NYE Garden Rd10003+NYE Brookside Dr+10003'
-73.7541,40.6802,0,1,'NYRidgedale St10003|NYRidgedale St10003+NYMerrick Blvd+10003'
-73.7541,40.7247,1,6,'NYHillside Ave10002+NY212th St+10002|NYState Hwy 2510002+NY212th St+10002'
-73.7541,40.7709,0,1,'NY233rd St10003+NYBay St+10003|NY233rd St10003+NY38th Rd+10003|NYRegatta Pl10003+NYBay St+10003|NYRegatta Pl10003+NY38th Rd+10003'
-73.7541,40.5995,0,4,'NYBrookhaven Ave10003'
-73.7540,40.7139,0,1,'NYFrancis Lewis Blvd10003|NYFrancis Lewis Blvd10003+NYJamaica Ave+10003|NYFrancis Lewis Blvd10003+NYFrancis Lewis Blvd+10003|NY206th St10003|NY206th St10003+NYJamaica Ave+10003|NY206th St10003+NYFrancis Lewis Blvd+10003|NYJamaica Ave10003+NYFrancis Lewis Blvd+10003'
-73.7540,40.7539,0,1,'NY56th Rd10003|NY56th Rd10003+NY226th St+10003'
-73.7540,40.6650,0,1,'NY224th St10003+NY144th Ave+10003'
-73.7540,40.7789,0,4,'NYWarwick Ave10003'
-73.7540,40.5951,1,10,'NYBeach 20th St10003'
-73.7540,40.7435,0,2,'NYSpringfield Blvd10003+NY69th Ave+10003|NY69th Ave10003'
-73.7540,40.6630,1,3,'NY145th Ave10003+NY225th St+10003'
-73.7540,40.7467,0,5,'NY223rd Pl10003+NY65th Ave+10003|NY65th Ave10003'
-73.7540,40.7752,0,1,'NY34th Ave10003|NYHollywood Ave10003'
-73.7540,40.6940,0,1,'NY198th St10003'
-73.7539,40.7565,0,1,'NY228th St10003'
-73.7539,40.7196,0,23,'NY90th Ave10003+NY210th St+10003'
-73.7539,40.7067,0,1,'NY204th St10003+NYHollis Ave+10003|NYHollis Ave10003'
-73.7539,40.6567,0,2,'NY229th St10003+NY148th Ave+10003'
-73.7539,40.6807,0,2,'NYRidgedale St10003+NYDefoe St+10003|NYDefoe St10003'
-73.7538,40.9484,0,1,'NYEton Rd10003|NYEton Rd10003+NYRockland Ave+10003'
-73.7538,40.7151,0,1,'NY207th St10003+NY94th Ave+10003'
-73.7538,40.6189,0,1,'NYElm Rd10003'
-73.7538,40.6617,0,7,'NY226th St10003+NY145th Rd+10003'
-73.7538,40.6891,0,1,'NY196th St10003'
-73.7538,40.7002,0,4,'NYMurdock Ave10003+NY201st St+10003'
-73.7538,40.7498,0,3,'NYHorace Harding Expy10003+NY224th St+10003|NYHorace Harding Blvd10003+NY224th St+10003|NY224th St10003'
-73.7538,40.6753,0,3,'NY137th Rd10003+NY218th St+10003'
-73.7538,40.6711,0,2,'NYAlicia Ave10003|NYAlicia Ave10003+NYAlecia Ave+10003|NYAlicia Ave10003+NYRyan Rd+10003|NYAlicia Ave10003+NYMarissa St+10003|NYAlecia Ave10003|NYAlecia Ave10003+NYMarissa St+10003|NYRyan Rd10003|NYRyan Rd10003+NYMarissa St+10003|NYMarissa St10003'
-73.7538,40.6957,0,3,'NY116th Ave10003+NY199th St+10003'
-73.7538,40.6929,3,7,'NY118th Ave10003+NY198th St+10003'
-73.7537,40.6655,0,2,'NYState Rte 2710002+NY224th St+10002|NY224th St10003|NY224th St10003+NYS Conduit Ave+10003'
-73.7537,40.6095,0,1,'NYHorton Ave10003|NYHorton Ave10003+NYBeach Channel Dr+10003|NYHorton Ave10003+NYHassock St+10003|NYBeach Channel Dr10003+NYHassock St+10003|NYHassock St10003'
-73.7537,40.7547,0,2,'NY56th Ave10003+NYCloverdale Blvd+10003'
-73.7537,40.6775,0,3,'NY217th St10003|NY217th St10003+NY136th Ave+10003'
-73.7537,40.6690,0,1,'NYProspect Ct10003|NYProspect Ct10003+NY222nd St+10003|NY222nd St10003'
-73.7536,40.6828,0,1,'NYLucas St10003+NYPineville Ln+10003|NYPineville Ln10003'
-73.7536,40.7288,0,3,'NY86th Ave10003+NY215th St+10003|NY215th St10003'
-73.7536,40.6892,0,1,'NY196th St10003'
-73.7536,40.6716,0,1,'NY140th Ave10003|NY140th Ave10003+NYRyan Rd+10003|NY140th Ave10003+NYMarissa St+10003|NYRyan Rd10003|NYRyan Rd10003+NYMarissa St+10003|NYMarissa St10003'
-73.7536,40.7131,0,6,'NY99th Ave10003+NYFrancis Lewis Blvd+10003'
-73.7536,40.7700,0,3,'NY233rd St10003+NY38th Dr+10003|NY233rd St10003+NYLittle Neck Rd+10003|NYRegatta Pl10003+NY38th Dr+10003|NYRegatta Pl10003+NYLittle Neck Rd+10003|NY38th Dr10003|NYLittle Neck Rd10003'
-73.7536,40.9543,0,1,'NYFenimore Rd10003+NYPoccia Cir+10003|NYPoccia Cir10003'
-73.7536,40.7308,0,2,'NYBell Blvd10003+NY85th Ave+10003'
-73.7535,40.6862,0,1,'NY194th St10003|NY194th St10003+NY122nd Ave+10003'
-73.7535,40.7457,0,4,'NY67th Ave10003'
-73.7535,40.7445,1,4,'NY222nd St10003'
-73.7535,40.7424,0,7,'NY73rd Ave10003+NYSpringfield Blvd+10003'
-73.7535,40.7175,0,1,'NY209th St10003+NY91st Ave+10003'
-73.7535,40.7491,0,6,'NY223rd Pl10003'
-73.7535,40.6105,0,2,'NYBeach Channel Dr10003|NYBeach Channel Dr10003+NYSheridan Blvd+10003|NYSheridan Blvd10003'
-73.7535,40.7229,0,5,'NYHollis Court Blvd10003+NY89th Ave+10003|NY89th Ave10003'
-73.7534,40.9244,0,1,'NYBeach Ave10003+NYElm Ave+10003'
-73.7534,40.8167,0,1,'NYKings Point Rd10003+NYStepping Stone Ln+10003|NYStepping Stone Ln10003'
-73.7534,40.6799,1,2,'NYWells Ave10003|NYWells Ave10003+NYSpringfield Blvd+10003|NYWells Ave10003+NY134th Rd+10003|NYSpringfield Blvd10003+NY134th Rd+10003|NY134th Rd10003'
-73.7534,40.6693,0,1,'NY222nd St10003'
-73.7534,40.7555,0,1,'NY53rd Ave10003+NY228th St+10003|NY228th St10003'
-73.7534,40.7101,0,5,'NY104th Ave10003+NY205th Pl+10003'
-73.7534,40.7251,0,5,'NYHillside Ave10002+NY212th Pl+10002|NYState Hwy 2510002+NY212th Pl+10002|NY212th Pl10003'
-73.7533,40.7712,0,2,'NYVan Nostrand Pl10003|NYVan Nostrand Pl10003+NYBay St+10003|NYVan Nostrand Pl10003+NY233rd Pl+10003|NYVan Nostrand Pl10003+NYBay Ave+10003|NYVan Nostrand Pl10003+NY38th Rd+10003|NYBay St10003|NYBay St10003+NY233rd Pl+10003|NYBay St10003+NYBay St+10003|NYBay St10003+NY38th Rd+10003|NY233rd Pl10003|NY233rd Pl10003+NYBay Ave+10003|NY233rd Pl10003+NYBay St+10003|NY233rd Pl10003+NY38th Rd+10003|NYBay Ave10003|NYBay Ave10003+NYBay St+10003|NYBay Ave10003+NY38th Rd+10003|NY38th Rd10003'
-73.7533,40.6821,0,1,'NYRidgedale St10003+NYNepton St+10003|NYNepton St10003'
-73.7533,40.6831,0,1,'NYPineville Ln10003'
-73.7533,40.7173,0,1,'NY209th St10003+NY93rd Ave+10003'
-73.7533,40.6592,0,5,'NY146th Ave10003|NY146th Ave10003+NY228th St+10003'
-73.7533,40.6679,0,9,'NY142nd Rd10003+NY223rd St+10003|NY223rd St10003'
-73.7533,40.6664,1,2,'NY143rd Rd10003|NY143rd Rd10003+NYN Conduit Ave+10003|NY143rd Rd10003+NY224th St+10003|NYN Conduit Ave10002+NY224th St+10002|NY224th St10003'
-73.7533,40.8023,0,1,'NYBeech Ln10003'
-73.7533,40.7512,0,10,'NY59th Ave10003+NY225th St+10003|NY225th St10003'
-73.7532,40.6696,0,1,'NY141st Rd10003+NY222nd St+10003'
-73.7532,40.9237,0,1,'NYBeach Ave10003+NYChestnut Ave+10003|NYChestnut Ave10003'
-73.7532,40.7213,0,4,'NY89th Rd10003|NY89th Rd10003+NY211th St+10003'
-73.7532,40.8070,0,1,'NYBriar Ln10003'
-73.7532,40.7121,0,3,'NY100th Ave10003+NYFrancis Lewis Blvd+10003'
-73.7532,40.5929,0,9,'NYBeach 19th St10003'
-73.7532,40.7582,0,1,'NY50th Ave10003|NY50th Ave10003+NY230th St+10003|NY230th St10003'
-73.7532,40.6743,0,1,'NY219th St10003+NY138th Ave+10003'
-73.7532,40.6785,0,1,'NY135th Ave10003+NY217th St+10003|NY217th St10003'
-73.7532,40.9341,0,3,'NYVirginia Pl10003|NYVirginia Pl10003+NYVirginia Pl+10003'
-73.7532,40.9200,1,0,'NYHazel Ln10003+NYPryer Ln+10003|NYPryer Ln10003'
-73.7532,40.7569,0,1,'NY229th St10003'
-73.7532,40.6715,1,2,'NYRyan Rd10003|NYRyan Rd10003+NYAlecia Ave+10003|NYRyan Rd10003+NYRyan Rd+10003|NYAlecia Ave10003|NYAlecia Ave10003+NYRyan Rd+10003'
-73.7531,40.6766,0,3,'NY136th Rd10003|NY136th Rd10003+NY218th St+10003'
-73.7531,40.7199,0,1,'NY90th Ave10003+NY210th Pl+10003'
-73.7531,40.7529,0,4,'NY226th St10003+NY57th Rd+10003|NY57th Rd10003'
-73.7531,40.6000,0,2,'NYMulbach Ct10003'
-73.7531,40.7141,0,3,'NY207th St10003|NY207th St10003+NYJamaica Ave+10003'
-73.7531,40.7695,0,3,'NY233rd St10003+NY39th Ave+10003|NYRegatta Pl10003+NY39th Ave+10003|NY39th Ave10003'
-73.7531,40.7438,0,3,'NY69th Ave10003+NY222nd St+10003'
-73.7531,40.6564,0,2,'NY230th St10003+NY148th Ave+10003'
-73.7530,40.7069,0,2,'NY205th St10003+NYHollis Ave+10003|NYHollis Ave10003'
-73.7530,40.7154,0,1,'NY94th Ave10003+NY208th St+10003'
-73.7530,40.6834,0,3,'NYAdair St10003|NYAdair St10003+NYPineville Ln+10003'
-73.7529,40.6646,0,6,'NY144th Ave10003+NY225th St+10003'
-73.7529,40.6931,0,1,'NY199th St10003+NY118th Ave+10003'
-73.7529,40.6864,0,1,'NY195th St10003|NY195th St10003+NY122nd Ave+10003'
-73.7529,40.6724,0,2,'NY139th Ave10003|NY139th Ave10003+NYCarson St+10003'
-73.7529,40.7392,0,11,'NY220th St10003|NY220th St10003+NY75th Ave+10003'
-73.7529,40.7766,0,8,'NYWestmoreland Pl10003'
-73.7529,40.7005,0,5,'NY202nd St10003+NYMurdock Ave+10003'
-73.7529,40.6960,0,1,'NY116th Ave10003+NY200th St+10003'
-73.7528,40.6043,0,1,'NYCentral Ave10003|NYCentral Ave10003+NYMott Ave+10003|NYCentral Ave10003+NYBeach 20th St+10003|NYMott Ave10003+NYBeach 20th St+10003|NYBeach 20th St10003'
-73.7528,40.6846,0,4,'NY193rd St10003|NY193rd St10003+NYWilliamson Ave+10003'
-73.7528,40.6895,0,1,'NY197th St10003'
-73.7528,40.7070,1,0,'NY205th St10003+NYHollis Ave+10003|NYHollis Ave10003'
-73.7528,40.7292,0,1,'NYBell Blvd10003+NY86th Ave+10003|NYBell Blvd10003+NYGrand Central Pkwy+10003|NYBell Blvd10003+NY86th Rd+10003|NY86th Ave10003|NY86th Ave10003+NYGrand Central Pkwy+10003|NY86th Ave10003+NY86th Rd+10003|NY86th Ave10003+NY86th Ave+10003|NYGrand Central Pkwy10003|NYGrand Central Pkwy10003+NY86th Rd+10003|NY86th Rd10003|NY86th Rd10003+NY86th Ave+10003'
-73.7528,40.7576,0,1,'NYHoxie Dr10003|NYHoxie Dr10003+NY230th St+10003'
-73.7528,40.6750,1,0,'NY137th Rd10003+NY219th St+10003'
-73.7528,40.6704,0,6,'NY141st Ave10003+NY222nd St+10003|NY222nd St10003'
-73.7528,40.6687,0,1,'NYProspect Ct10003+NY223rd St+10003|NY223rd St10003'
-73.7528,40.7180,0,4,'NY210th St10003+NY91st Ave+10003'
-73.7527,40.7377,0,1,'NY220th St10003+NY77th Ave+10003'
-73.7527,40.6671,0,3,'NY143rd Ave10003+NY224th St+10003'
-73.7527,40.7086,0,2,'NY109th Ave10003+NY205th Pl+10003'
-73.7527,40.7133,0,2,'NY207th St10003|NY207th St10003+NY99th Ave+10003'
-73.7527,40.6809,0,3,'NYSpringfield Blvd10003+NY133rd Rd+10003|NY133rd Rd10003'
-73.7527,40.7347,0,1,'NYStewart Rd10003+NYUnion Tpke+10003'
-73.7526,40.7235,0,3,'NY212th St10003+NY89th Ave+10003'
-73.7526,40.7256,2,4,'NYHillside Ave10002+NY213th St+10002|NYState Hwy 2510002+NY213th St+10002|NY213th St10003'
-73.7526,40.7311,0,9,'NY217th St10003+NY85th Ave+10003'
-73.7526,40.7536,0,2,'NYCloverdale Blvd10003+NY57th Ave+10003|NY57th Ave10003'
-73.7526,40.7482,0,8,'NY64th Ave10003|NY64th Ave10003+NY224th St+10003'
-73.7525,40.9458,0,1,'NYE Garden Rd10003+NYGreystone Rd+10003|NYGreystone Rd10003'
-73.7525,40.7426,0,1,'NY73rd Ave10003+NY222nd St+10003|NY222nd St10003'
-73.7525,40.7103,2,4,'NY104th Ave10003+NYFrancis Lewis Blvd+10003'
-73.7524,40.7549,0,1,'NY56th Ave10003+NY228th St+10003|NY228th St10003'
-73.7524,40.7176,0,1,'NY93rd Ave10003+NY210th St+10003'
-73.7524,40.7944,0,1,'NYBayport Ln N10003'
-73.7524,40.6079,0,1,'NYHassock St10003|NYHassock St10003+NYNameoke St+10003|NYHassock St10003+NYRedfern Ave+10003|NYNameoke St10003+NYRedfern Ave+10003'
-73.7524,40.6847,0,1,'NY193rd St10003|NY193rd St10003+NYWilliamson Ave+10003'
-73.7524,40.7266,1,5,'NY214th St10003|NY214th St10003+NYWhitehall Ter+10003'
-73.7524,40.9261,0,3,'NYManor Ln10003|NYManor Ln10003+NYManor Pl+10003'
-73.7524,40.7368,0,1,'NYKingsbury Ave10003+NY220th St+10003'
-73.7524,40.7059,0,3,'NY205th St10003+NY110th Ave+10003|NY110th Ave10003'
-73.7524,40.7514,0,6,'NY59th Ave10003+NY226th St+10003|NY226th St10003'
-73.7523,40.7203,0,1,'NY90th Ave10003+NY211th St+10003'
-73.7523,40.7595,0,1,'NY50th Ave10003|NY50th Ave10003+NY232nd St+10003|NY232nd St10003'
-73.7523,40.7123,0,2,'NY207th St10003+NY100th Ave+10003'
-73.7523,40.7220,0,9,'NY89th Rd10003+NYHollis Court Blvd+10003'
-73.7523,40.7716,0,3,'NYBay St10003+NYMeknight Dr+10003|NYMeknight Dr10003|NYMeknight Dr10003+NYBay Ave+10003'
-73.7523,40.7533,0,1,'NYCloverdale Blvd10003+NY57th Rd+10003'
-73.7523,40.6815,1,1,'NY133rd Ave10003|NY133rd Ave10003+NYSpringfield Blvd+10003'
-73.7523,40.6679,0,1,'NYEdgewood Ave10003|NYEdgewood Ave10003+NY224th St+10003'
-73.7522,40.9189,1,1,'NYMaple Ave10003'
-73.7522,40.6897,0,2,'NY198th St10003'
-73.7522,40.7741,0,8,'NYPark Ln10003'
-73.7522,40.7158,0,1,'NY209th St10003+NY94th Ave+10003'
-73.7522,40.7440,0,4,'NY223rd St10003|NY223rd St10003+NY69th Ave+10003'
-73.7522,40.7734,0,2,'NY37th Ave10003|NY37th Ave10003+NYAlston Pl+10003|NYRidge Rd10003|NYRidge Rd10003+NYAlston Pl+10003|NYAlston Pl10003'
-73.7522,40.7557,0,1,'NY229th St10003+NY53rd Ave+10003'
-73.7522,40.6561,0,4,'NY148th Ave10003+NY230th Pl+10003'
-73.7522,40.6740,0,1,'NY220th St10003|NY220th St10003+NY138th Ave+10003'
-73.7522,40.7739,0,2,'NYClark Ln10003|NYShore Rd10003'
-73.7521,40.7071,0,2,'NY205th Pl10003|NY205th Pl10003+NYHollis Ave+10003'
-73.7521,40.6611,0,2,'NY228th St10003+NY145th Rd+10003|NY145th Rd10003'
-73.7521,40.6643,0,6,'NY226th St10003+NY144th Ave+10003'
-73.7521,40.9226,1,0,'NYOak Ave10003+NYGrove Ave+10003|NYGrove Ave10003'
-73.7521,40.7472,0,2,'NY65th Ave10003|NY65th Ave10003+NY224th St+10003'
-73.7521,40.7185,0,8,'NY91st Ave10003+NY210th Pl+10003'
-73.7521,40.6867,0,2,'NY196th St10003|NY196th St10003+NY122nd Ave+10003'
-73.7521,40.6130,0,1,'NYWalter Ave10003'
-73.7520,40.9159,1,1,'NYOak Bluff Ave10003'
-73.7520,40.7683,0,1,'NY233rd St10003+NY40th Ave+10003|NYRegatta Pl10003+NY40th Ave+10003|NY40th Ave10003'
-73.7520,40.6898,0,1,'NY198th St10003'
-73.7520,40.6788,0,3,'NY218th St10003|NY218th St10003+NY134th Rd+10003'
-73.7520,40.7007,0,1,'NY203rd St10003+NYMurdock Ave+10003'
-73.7520,40.7298,0,2,'NY217th St10003|NY217th St10003+NYGrand Central Pkwy+10003|NY217th St10003+NY86th Ave+10003'
-73.7520,40.6684,0,3,'NYProspect Ct10003+NY224th St+10003'
-73.7520,40.6712,0,1,'NY222nd St10003|NY222nd St10003+NYCarson St+10003'
-73.7520,40.6962,0,1,'NY116th Ave10003+NY201st St+10003'
-73.7519,40.9205,0,1,'NYBeach Ave10003+NYWalnut Ave+10003|NYWalnut Ave10003'
-73.7519,40.7239,0,1,'NY89th Ave10003+NY212th Pl+10003'
-73.7519,40.7708,0,3,'NY38th Dr10003+NY234th St+10003|NY234th St10003|NY234th St10003+NYLittle Neck Rd+10003'
-73.7518,40.6845,0,1,'NYPineville Ln10003|NYPineville Ln10003+NY193rd St+10003'
-73.7518,40.7088,0,1,'NY109th Ave10003+NYFrancis Lewis Blvd+10003'
-73.7518,40.6769,0,1,'NY136th Ave10003+NY219th St+10003'
-73.7518,40.6747,0,1,'NY137th Rd10003+NY220th St+10003'
-73.7518,40.7135,0,2,'NY208th St10003|NY208th St10003+NY99th Ave+10003'
-73.7518,40.6664,1,34,'NY225th St10003+NYN Conduit Ave+10003'
-73.7518,40.6600,0,1,'NY229th St10003+NY146th Ave+10003'
-73.7517,40.7045,0,3,'NY205th St10003+NY111th Rd+10003|NY111th Rd10003'
-73.7517,40.7539,0,1,'NY57th Ave10003+NY228th St+10003|NY228th St10003'
-73.7517,40.7260,1,7,'NYHillside Ave10002+NY214th St+10002|NYState Hwy 2510002+NY214th St+10002'
-73.7517,40.8360,0,1,'NYGatsby Ln10003'
-73.7517,40.6946,0,1,'NY201st St10003|NY201st St10003+NYLinden Blvd+10003'
-73.7517,40.8180,0,1,'NYRed Brook Rd10003'
-73.7517,40.7313,0,3,'NY218th St10003+NY85th Ave+10003'
-73.7516,40.7335,0,4,'NY218th St10003|NY218th St10003+NYPeck Ave+10003'
-73.7516,40.7873,0,1,'NYBayside Dr10003|NYBayside Dr10003+NYShorecliff Pl+10003'
-73.7516,40.6754,0,1,'NY220th St10003|NY220th St10003+NY137th Ave+10003'
-73.7516,40.6143,0,1,'NYWalter Ave10003|NYWalter Ave10003+NYBayview Ave+10003'
-73.7516,40.7462,0,9,'NY224th St10003+NY67th Ave+10003|NY67th Ave10003'
-73.7516,40.6690,0,1,'NY141st Rd10003+NY224th St+10003'
-73.7516,40.7728,0,1,'NYArdsley Rd10003+NYForest Ave+10003|NYArdsley Rd10003+NYForest Rd+10003|NYForest Ave10003|NYForest Ave10003+NYForest Rd+10003|NYForest Rd10003'
-73.7516,40.7178,0,1,'NY93rd Ave10003+NY210th Pl+10003'
-73.7516,40.7369,0,2,'NYKingsbury Ave10003+NY220th Pl+10003|NY220th Pl10003'
-73.7516,40.6667,0,4,'NY225th St10003+NY143rd Ave+10003'
-73.7515,40.7703,0,2,'NY234th St10003+NY39th Ave+10003|NY39th Ave10003'
-73.7515,40.7349,0,2,'NYHartland Ave10003+NYUnion Tpke+10003'
-73.7515,40.9171,1,1,'NYOak Bluff Ave10003|NYOak Bluff Ave10003+NYHelena Ave+10003'
-73.7515,40.6720,0,7,'NY222nd St10003+NY139th Ave+10003'
-73.7515,40.7450,0,6,'NY223rd Pl10003'
-73.7515,40.7226,0,4,'NY212th St10003+NY89th Rd+10003|NY89th Rd10003'
-73.7514,40.7792,0,4,'NYRichmond Rd10003+NYEast Dr+10003'
-73.7514,40.7516,0,9,'NY59th Ave10003|NY59th Ave10003+NYCloverdale Blvd+10003'
-73.7514,40.7402,0,6,'NY75th Ave10003|NY75th Ave10003+NYSpringfield Blvd+10003'
-73.7514,40.7677,0,4,'NY41st Ave10003|NY41st Ave10003+NY233rd St+10003|NY41st Ave10003+NYRegatta Pl+10003|NY233rd St10003|NYRegatta Pl10003'
-73.7514,40.7190,0,2,'NY91st Ave10003+NY211th St+10003'
-73.7514,40.7125,0,1,'NY208th St10003+NY100th Ave+10003'
-73.7514,40.7161,0,1,'NY94th Ave10003+NY210th St+10003'
-73.7514,40.6655,0,7,'NYState Rte 2710002+NY226th St+10002|NY226th St10003|NY226th St10003+NYS Conduit Ave+10003'
-73.7514,40.6779,0,1,'NY135th Ave10003+NY219th St+10003'
-73.7513,40.7790,0,3,'NYCenter Dr10003|NYCenter Dr10003+NYEast Dr+10003'
-73.7513,40.6900,0,2,'NY199th St10003'
-73.7513,40.6947,0,1,'NY201st St10003'
-73.7513,40.6557,0,3,'NY231st St10003+NY148th Ave+10003'
-73.7513,40.5973,0,1,'NYBeach 17th St10003'
-73.7513,40.6640,0,5,'NY144th Ave10003+NY227th St+10003'
-73.7513,40.6837,0,3,'NY131st Ave10003|NY131st Ave10003+NYSpringfield Blvd+10003'
-73.7513,40.5951,0,1,'NYSeagirt Blvd10003+NYBeach 17th St+10003'
-73.7512,40.7735,0,2,'NYArdsley Rd10003|NYArdsley Rd10003+NY37th Ave+10003|NYArdsley Rd10003+NYRidge Rd+10003'
-73.7512,40.7719,0,5,'NYBay St10003|NYBay Ave10003'
-73.7512,40.9192,1,1,'NYBeach Ave10003+NYMaple Ave+10003'
-73.7512,40.7073,0,3,'NYHollis Ave10003+NYFrancis Lewis Blvd+10003'
-73.7512,40.6796,0,2,'NY218th St10003|NY218th St10003+NYMerrick Blvd+10003'
-73.7512,40.7244,0,1,'NY213th St10003+NY89th Ave+10003'
-73.7512,40.7999,0,1,'NYRomola Dr10003'
-73.7512,40.9237,0,2,'NYWillow Ave10003+NYProspect Ave+10003'
-73.7512,40.5937,0,1,'NYBeach 17th St10003'
-73.7512,40.7503,0,6,'NYHorace Harding Expy10003+NYCloverdale Blvd+10003|NYHorace Harding Blvd10003+NYCloverdale Blvd+10003|NYCloverdale Blvd10003'
-73.7512,40.7509,0,1,'NYHorace Harding Expy10003+NYCloverdale Blvd+10003|NYHorace Harding Blvd10003+NYCloverdale Blvd+10003|NYCloverdale Blvd10003'
-73.7512,40.7591,0,1,'NY232nd St10003|NY232nd St10003+NYE Hampton Blvd+10003|NYE Hampton Blvd10003'
-73.7511,40.6864,0,2,'NY197th St10003+NYNashville Blvd+10003'
-73.7511,40.7696,0,1,'NY39th Rd10003|NY39th Rd10003+NY234th St+10003'
-73.7511,40.7032,0,4,'NY205th St10003+NY112th Rd+10003|NY112th Rd10003'
-73.7511,40.6048,0,1,'NYFoam Pl10003+NYSmith Pl+10003|NYSmith Pl10003'
-73.7511,40.7009,0,3,'NY204th St10003+NYMurdock Ave+10003'
-73.7511,40.7877,0,1,'NYBayside Dr10003+NYHawthorne Ln+10003|NYHawthorne Ln10003'
-73.7511,40.9325,0,2,'NYNassau Rd10003+NYCambridge Ct+10003|NYCambridge Ct10003'
-73.7511,40.7210,0,2,'NYHollis Court Blvd10003+NY90th Ave+10003'
-73.7511,40.6964,0,3,'NY202nd St10003+NY116th Ave+10003'
-73.7511,40.6675,1,5,'NY225th St10003+NYEdgewood Ave+10003'
-73.7510,40.7331,0,4,'NYPeck Ave10003+NY219th St+10003|NY219th St10003'
-73.7510,40.6728,0,2,'NY222nd St10003+NY138th Rd+10003|NY138th Rd10003'
-73.7509,40.6597,0,2,'NY146th Ave10003+NY230th St+10003'
-73.7509,40.7155,0,1,'NY210th St10003+NY94th Rd+10003|NY94th Rd10003'
-73.7509,40.7785,0,3,'NYWarwick Ave10003+NYEast Dr+10003'
-73.7509,40.7541,0,1,'NY229th St10003|NY229th St10003+NY57th Ave+10003'
-73.7508,40.6948,0,5,'NY201st Pl10003'
-73.7508,40.7825,0,1,'NYMarinette St10003|NYMarinette St10003+NYWest Dr+10003|NYMarinette St10003+NYShore Rd+10003|NYMarinette St10003+NY235th St+10003|NYWest Dr10003|NYWest Dr10003+NYShore Rd+10003|NYWest Dr10003+NYDouglas Rd+10003|NYShore Rd10003|NYShore Rd10003+NYDouglas Rd+10003|NYShore Rd10003+NY235th St+10003|NYDouglas Rd10003|NYDouglas Rd10003+NY235th St+10003|NY235th St10003'
-73.7508,40.6802,0,1,'NY218th St10003+NY133rd Rd+10003'
-73.7508,40.7264,0,6,'NYHillside Ave10002+NYVanderveer St+10002|NYState Hwy 2510002+NYVanderveer St+10002|NYVanderveer St10003'
-73.7508,40.6680,0,5,'NY225th St10003+NYProspect Ct+10003|NYProspect Ct10003'
-73.7508,40.7714,0,3,'NY38th Dr10003|NYLittle Neck Rd10003'
-73.7508,40.7063,0,2,'NY110th Ave10003|NY110th Ave10003+NYFrancis Lewis Blvd+10003'
-73.7508,40.6698,0,2,'NYCarson St10003|NYCarson St10003+NY224th St+10003'
-73.7507,40.7690,0,3,'NY234th St10003+NY40th Ave+10003|NY40th Ave10003'
-73.7507,40.7430,0,2,'NY73rd Ave10003+NY224th St+10003|NY224th St10003'
-73.7507,40.7181,0,4,'NY93rd Ave10003+NY211th St+10003'
-73.7507,40.7195,0,4,'NY211th Pl10003+NY91st Ave+10003'
-73.7507,40.6555,0,7,'NY232nd St10003+NY148th Ave+10003|NY148th Ave10003'
-73.7507,40.7282,0,1,'NYBell Blvd10003|NYBell Blvd10003+NYSpencer Ave+10003'
-73.7507,40.7581,0,3,'NY231st St10003|NY231st St10003+NYE Hampton Blvd+10003'
-73.7507,40.5988,1,1,'NYBeach 17th St10003|NYBeach 17th St10003+NYBrookhaven Ave+10003|NYBeach 17th St10003+NYCaffrey Ave+10003|NYBrookhaven Ave10003|NYBrookhaven Ave10003+NYCaffrey Ave+10003|NYCaffrey Ave10003'
-73.7506,40.6717,0,3,'NY223rd St10003+NY139th Ave+10003'
-73.7506,40.7969,0,1,'NYStevenson Dr10003'
-73.7506,40.7371,0,3,'NYKingsbury Ave10003+NY221st St+10003|NY221st St10003'
-73.7506,40.6650,0,2,'NY143rd Rd10003|NY143rd Rd10003+NY227th St+10003|NY227th St10003'
-73.7506,40.7718,0,5,'NYDouglaston Pkwy10003|NYDouglaston Pkwy10003+NY38th Rd+10003|NYDouglaston Pkwy10003+NYWest Dr+10003|NYDouglaston Pkwy10003+NYHillside Ave+10003|NYDouglaston Pkwy10003+NY235th St+10003|NY235th St10003|NY235th St10003+NY38th Rd+10003|NY235th St10003+NYWest Dr+10003|NY235th St10003+NYHillside Ave+10003|NY235th St10003+NY235th St+10003|NY38th Rd10003|NY38th Rd10003+NYWest Dr+10003|NY38th Rd10003+NY235th St+10003|NYWest Dr10003|NYWest Dr10003+NYHillside Ave+10003|NYHillside Ave10003|NYHillside Ave10003+NY235th St+10003'
-73.7506,40.6006,0,3,'NYGreenport Rd10003+NYEverdell Ave+10003|NYGateway Blvd10003+NYEverdell Ave+10003|NYEverdell Ave10003'
-73.7506,40.6875,0,1,'NY198th St10003'
-73.7506,40.9301,1,1,'NYMain St10002+NYThompson Pl+10002|NYBoston Post Rd10002+NYThompson Pl+10002|NYThompson Pl10003'
-73.7506,40.6236,1,1,'NYSoloff Blvd10003+NYSprague Rd+10003|NYSprague Rd10003'
-73.7505,40.7337,1,6,'NY219th St10003|NY219th St10003+NYStewart Rd+10003'
-73.7505,40.7019,0,4,'NY205th St10003+NY113th Rd+10003|NY113th Rd10003'
-73.7505,40.7897,0,1,'NYHawthorne Ln10003+NYRosemont Pl+10003|NYRosemont Pl10003'
-73.7505,40.6250,0,1,'NYCheshire Rd10003+NYBrafmans Rd+10003|NYBrafmans Rd10003'
-73.7505,40.7164,0,3,'NY94th Ave10003+NY210th Pl+10003|NY210th Pl10003'
-73.7505,40.7205,0,4,'NYHollis Court Blvd10003+NY90th Ct+10003|NY90th Ct10003'
-73.7505,40.7056,0,4,'NY111th Ave10003+NYFrancis Lewis Blvd+10003'
-73.7505,40.7351,0,1,'NY220th Pl10003|NY220th Pl10003+NYUnion Tpke+10003'
-73.7505,40.6809,0,1,'NY133rd Ave10003+NY218th St+10003|NY218th St10003'
-73.7505,40.7149,0,1,'NYJamaica Ave10003+NY210th St+10003|NY210th St10003'
-73.7504,40.6686,0,3,'NY141st Rd10003|NY141st Rd10003+NY225th St+10003'
-73.7504,40.7445,0,4,'NY225th St10003|NY225th St10003+NY69th Ave+10003'
-73.7504,40.6637,0,2,'NY144th Ave10003+NY228th St+10003'
-73.7504,40.7248,0,2,'NY214th St10003+NY89th Ave+10003'
-73.7504,40.6950,1,5,'NY202nd St10003'
-73.7504,40.6029,0,1,'NYScott Gadell Pl10003|NYScott Gadell Pl10003+NYMott Ave+10003'
-73.7504,40.7572,0,7,'NY53rd Ave10003+NYHoratio Pkwy+10003'
-73.7504,40.7719,0,2,'NYCedar Ln10003|NYCedar Ln10003+NY38th Rd+10003|NYCedar Ln10003+NYHillside Ave+10003'
-73.7503,40.7216,0,1,'NY212th St10003+NY90th Ave+10003'
-73.7503,40.7175,0,2,'NY93rd Rd10003|NY93rd Rd10003+NY211th St+10003'
-73.7503,40.6066,0,2,'NYCentral Ave10003+NYNameoke St+10003'
-73.7503,40.9457,0,1,'NYN Brook Rd10003|NYN Brook Rd10003+NYLakeside Dr+10003|NYLakeside Dr10003'
-73.7502,40.6856,0,1,'NY130th Ave10003|NY130th Ave10003+NY197th St+10003|NY130th Ave10003+NYSpringfield Blvd+10003|NY197th St10003|NY197th St10003+NYSpringfield Blvd+10003'
-73.7502,40.7123,0,1,'NY209th St10003'
-73.7502,40.7709,0,3,'NYDouglaston Pkwy10003+NY39th Ave+10003|NYDouglaston Pkwy10003+NYCherry St+10003|NY235th St10003+NY39th Ave+10003|NY235th St10003+NYCherry St+10003|NY39th Ave10003|NYCherry St10003'
-73.7502,40.6672,0,2,'NYEdgewood Ave10003'
-73.7502,40.6834,0,1,'NY217th St10003|NY217th St10003+NY131st Ave+10003'
-73.7502,40.7779,0,7,'NYGrosvenor St10003+NYEast Dr+10003'
-73.7502,40.7505,0,18,'NY228th St10003|NY228th St10003+NYHorace Harding Expy+10003|NY228th St10003+NYHorace Harding Blvd+10003'
-73.7502,40.6175,0,1,'NYDavis Ave10003'
-73.7502,40.6967,0,1,'NY116th Ave10003+NY203rd St+10003'
-73.7502,40.7511,0,1,'NY228th St10003|NY228th St10003+NYHorace Harding Expy+10003|NY228th St10003+NYHorace Harding Blvd+10003'
-73.7502,40.7318,0,4,'NY85th Ave10003'
-73.7502,40.6658,1,0,'NYSouthern Parkway Exit Eb10003'
-73.7502,40.7049,0,4,'NY111th Rd10003|NY111th Rd10003+NYFrancis Lewis Blvd+10003'
-73.7501,40.7683,0,10,'NY41st Ave10003+NY234th St+10003|NY234th St10003'
-73.7500,40.6692,0,6,'NYMentone Ave10003|NYMentone Ave10003+NY225th St+10003'
-73.7500,40.6594,0,3,'NY146th Ave10003+NY230th Pl+10003'
-73.7500,40.7268,0,4,'NYHillside Ave10002+NY215th St+10002|NYState Hwy 2510002+NY215th St+10002|NY215th St10003'
-73.7500,40.6749,0,1,'NY137th Ave10003+NY221st St+10003|NY221st St10003'
-73.7500,40.6693,0,3,'NY141st Ave10003+NY225th St+10003'
-73.7500,40.7815,0,1,'NYMarinette St10003+NYBayview Ave+10003|NYBayview Ave10003|NYBayview Ave10003+NYDouglas Rd+10003'
-73.7500,40.7128,0,1,'NY100th Ave10003'
-73.7500,40.6088,0,1,'NYWheatley St10003|NYWheatley St10003+NYBrunswick Ave+10003|NYBrunswick Ave10003+NYWheatley Ave+10003|NYWheatley Ave10003'
-73.7500,40.5951,0,2,'NYBeach 16th St10003|NYBeach 16th St10003+NYSeagirt Blvd+10003'
-73.7499,40.7925,0,1,'NYEmerson Dr10003+NYShelly Ln+10003|NYShelly Ln10003'
-73.7499,40.7005,0,3,'NY114th Rd10003|NY114th Rd10003+NY205th St+10003'
-73.7499,40.9203,0,1,'NYW Fountain Sq10003|NYW Fountain Sq10003+NYLinden Ave+10003'
-73.7499,40.7200,0,4,'NYHollis Court Blvd10003+NY91st Ave+10003'
-73.7499,40.6225,0,1,'NYFairway Dr10003'
-73.7499,40.7731,0,6,'NYForest Rd10003|NYForest Rd10003+NYCenter Dr+10003'
-73.7499,40.7542,0,1,'NY230th St10003+NY57th Ave+10003'
-73.7499,40.7043,0,4,'NY112th Ave10003+NYFrancis Lewis Blvd+10003'
-73.7498,40.7278,0,1,'NY215th Pl10003+NYWhitehall Ter+10003|NYWhitehall Ter10003'
-73.7498,40.7166,0,5,'NY94th Ave10003+NY211th St+10003'
-73.7498,40.7914,0,1,'NYGristmill Ln10003+NYKeats Ln+10003|NYKeats Ln10003'
-73.7498,40.7383,0,2,'NY222nd St10003|NY222nd St10003+NY77th Ave+10003'
-73.7498,40.6781,0,3,'NY220th St10003|NY220th St10003+NY134th Rd+10003'
-73.7498,40.9335,0,1,'NYAlden Rd10003+NYCopley Rd+10003|NYAlden Rd10003+NYHarmony Dr+10003|NYCopley Rd10003|NYCopley Rd10003+NYHarmony Dr+10003|NYHarmony Dr10003'
-73.7498,40.7431,0,1,'NY73rd Ave10003+NY225th St+10003|NY225th St10003'
-73.7498,40.6906,0,4,'NY201st St10003'
-73.7498,40.6614,0,3,'NY145th Ave10003+NY230th St+10003'
-73.7498,40.7729,0,1,'NYCentre Dr10003|NYCentre Dr10003+NYCenter Dr+10003|NYCentre Dr10003+NYForest Ave+10003|NYCentre Dr10003+NYForest Rd+10003|NYCenter Dr10003+NYForest Ave+10003|NYCenter Dr10003+NYForest Rd+10003|NYForest Ave10003|NYForest Ave10003+NYForest Rd+10003|NYForest Rd10003'
-73.7497,40.7110,0,5,'NY104th Ave10003+NY209th St+10003|NY209th St10003'
-73.7497,40.6878,0,2,'NYNashville Blvd10003+NY122nd Ave+10003|NYNashville Blvd10003+NY199th St+10003|NY199th St10003'
-73.7497,40.6650,0,2,'NY143rd Rd10003|NY143rd Rd10003+NY228th St+10003|NY228th St10003'
-73.7497,40.7538,0,2,'NY57th Rd10003+NY230th St+10003|NY230th St10003'
-73.7497,40.7372,0,3,'NYKingsbury Ave10003+NY222nd St+10003|NY222nd St10003'
-73.7497,40.7697,0,3,'NYDouglaston Pkwy10003|NYDouglaston Pkwy10003+NY40th Ave+10003|NYDouglaston Pkwy10003+NYWillow St+10003|NY235th St10003+NY40th Ave+10003|NY235th St10003+NYWillow St+10003|NY40th Ave10003|NY40th Ave10003+NYWillow St+10003|NYWillow St10003'
-73.7496,40.7253,0,3,'NYVanderveer St10003+NY89th Ave+10003'
-73.7496,40.7159,1,0,'NY211th St10003+NY94th Rd+10003|NY94th Rd10003'
-73.7496,40.6998,0,3,'NY114th Dr10003|NY114th Dr10003+NY205th St+10003'
-73.7496,40.6192,0,2,'NYSheridan Blvd10003+NYOak Ave+10003|NYOak Ave10003'
-73.7496,40.7808,0,1,'NYMarinette St10003+NYKenmore Rd+10003|NYKenmore Rd10003|NYKenmore Rd10003+NYDouglas Rd+10003'
-73.7496,40.6634,0,3,'NY229th St10003+NY144th Ave+10003'
-73.7496,40.7220,0,11,'NY90th Ave10003+NY212th Pl+10003'
-73.7496,40.7353,0,1,'NY221st St10003+NYUnion Tpke+10003'
-73.7496,40.7036,0,1,'NY112th Rd10003|NY112th Rd10003+NYFrancis Lewis Blvd+10003'
-73.7495,40.8264,0,2,'NYOrchard Beach Blvd10003'
-73.7495,40.7447,0,3,'NY226th St10003|NY226th St10003+NY69th Ave+10003'
-73.7495,40.6952,0,1,'NY203rd St10003'
-73.7495,40.9196,1,0,'NYW Fountain Sq10003|NYW Fountain Sq10003+NYMaple Ave+10003'
-73.7495,40.7721,0,2,'NYCentre Dr10003|NYCentre Dr10003+NY38th Rd+10003|NYCentre Dr10003+NYHillside Ave+10003|NYCentre Dr10003+NYCenter Dr+10003|NY38th Rd10003+NYCenter Dr+10003|NYHillside Ave10003+NYCenter Dr+10003|NYCenter Dr10003'
-73.7495,40.7510,0,1,'NYHor Harding Expressway en Eb10003|NYHor Harding Expressway en Eb10003+NYI 495+10003|NYHor Harding Expressway en Eb10003+NYLong Island Expy+10003'
-73.7495,40.7079,0,1,'NYColfax St10003|NYColfax St10003+NY208th St+10003|NYColfax St10003+NYHollis Ave+10003'
-73.7495,40.6189,0,1,'NYSheridan Blvd10003+NYDonahue Ave+10003|NYDonahue Ave10003'
-73.7495,40.7286,0,3,'NYSpencer Ave10003+NY216th St+10003|NY216th St10003'
-73.7494,40.9354,0,1,'NYPlymouth Rd10003+NYWinthrop Ave+10003|NYPlymouth St10003+NYWinthrop Ave+10003|NYWinthrop Ave10003'
-73.7494,40.7686,0,13,'NY41st Ave10003'
-73.7494,40.6046,0,1,'NYDinsmore Ave10003|NYDinsmore Ave10003+NYNameoke St+10003|NYDinsmore Ave10003+NYBayport Pl+10003|NYNameoke St10003+NYBayport Pl+10003|NYBayport Pl10003'
-73.7494,40.7391,0,4,'NY76th Rd10003|NY76th Rd10003+NYSpringfield Blvd+10003'
-73.7494,40.7111,0,1,'NYBellaire Pl10003|NYBellaire Pl10003+NY104th Ave+10003'
-73.7494,40.6739,0,1,'NY223rd St10003+NY137th Rd+10003|NY137th Rd10003'
-73.7494,40.7697,0,5,'NY40th Ave10003|NY40th Ave10003+NYDouglaston Pkwy+10003|NY40th Ave10003+NY40th Ave+10003|NY40th Ave10003+NYWillow St+10003|NY40th Ave10003+NYWillow Dr+10003|NYDouglaston Pkwy10003|NYDouglaston Pkwy10003+NY40th Ave+10003|NYDouglaston Pkwy10003+NYWillow Dr+10003|NYWillow St10003+NYWillow Dr+10003|NYWillow Dr10003'
-73.7493,40.7151,0,1,'NYJamaica Ave10003+NY211th St+10003'
-73.7493,40.6761,0,1,'NY136th Ave10003+NY221st St+10003'
-73.7493,40.6686,0,1,'NYMentone Ave10003+NY226th St+10003|NY226th St10003'
-73.7493,40.8003,0,1,'NYW Shore Rd10003+NYBeach Rd+10003|NYBeach Rd10003'
-73.7493,40.7507,0,2,'NYHorace Harding Expy10003+NY229th St+10003|NYHorace Harding Blvd10003+NY229th St+10003|NY229th St10003'
-73.7493,40.7513,0,2,'NY229th St10003|NY229th St10003+NYHorace Harding Expy+10003|NY229th St10003+NYHorace Harding Blvd+10003'
-73.7493,40.6969,0,1,'NY204th St10003+NY116th Ave+10003'
-73.7493,40.7029,0,3,'NY113th Ave10003+NYFrancis Lewis Blvd+10003'
-73.7492,40.6083,0,1,'NYWheatley St10003+NYAugustina Ave+10003|NYAugustina Ave10003+NYWheatley Ave+10003'
-73.7492,40.7272,1,7,'NYHillside Ave10002+NY215th Pl+10002|NYState Hwy 2510002+NY215th Pl+10002'
-73.7492,40.6853,0,5,'NY130th Ave10003+NY217th St+10003|NY217th St10003'
-73.7492,40.6590,1,9,'NY146th Ave10003+NY231st St+10003'
-73.7492,40.6746,1,0,'NY222nd St10003'
-73.7492,40.6000,0,1,'NYCaffrey Ave10003+NYWilliams Ct+10003|NYWilliams Ct10003'
-73.7491,40.6953,0,2,'NY203rd St10003'
-73.7491,40.7206,0,1,'NY212th St10003+NY91st Ave+10003'
-73.7491,40.7095,0,1,'NY109th Ave10003+NY209th St+10003'
-73.7491,40.7547,0,1,'NY231st St10003|NY231st St10003+NY57th Ave+10003'
-73.7491,40.6690,0,4,'NY141st Ave10003+NY226th St+10003'
-73.7491,40.7459,0,3,'NYCloverdale Blvd10003|NYCloverdale Blvd10003+NYCloverdale Blvd+10003|NYCloverdale Blvd10003+NYCloverdale Ln+10003|NYCloverdale Ln10003'
-73.7491,40.5965,0,3,'NYBeach 15th St10003'
-73.7490,40.8047,0,1,'NYBirchwood Ln10003|NYBirchwood Ln10003+NYBirchwood Ln+10003'
-73.7490,40.8059,0,2,'NYReed Ct10003'
-73.7490,40.7795,0,1,'NYRichmond Rd10003|NYRichmond Rd10003+NYMarinette St+10003|NYRichmond Rd10003+NYDouglas Rd+10003'
-73.7490,40.9477,0,1,'NYBaldwin Pl10003'
-73.7490,40.6909,0,15,'NY201st Pl10003'
-73.7490,40.7881,0,1,'NYShore Park Rd10003+NYParkwood Dr+10003|NYParkwood Dr10003'
-73.7490,40.6727,0,1,'NY224th St10003+NY138th Ave+10003|NY138th Ave10003'
-73.7490,40.7023,0,3,'NY113th Rd10003|NY113th Rd10003+NYFrancis Lewis Blvd+10003'
-73.7489,40.6096,0,1,'NYBrunswick Ave10003+NYMinton St+10003|NYMinton St10003'
-73.7489,40.6745,0,1,'NY223rd St10003|NY223rd St10003+NY223rd St+10003'
-73.7489,40.6710,0,1,'NY139th Ave10003+NY225th St+10003'
-73.7489,40.7258,1,10,'NY215th St10003+NY89th Ave+10003'
-73.7489,40.6611,0,2,'NY145th Ave10003+NY230th Pl+10003'
-73.7489,40.7224,0,2,'NY213th St10003+NY90th Ave+10003'
-73.7489,40.6066,0,2,'NYNeilson St10003+NYChanning Rd+10003|NYChanning Rd10003'
-73.7489,40.7201,1,0,'NY212th St10003+NY92nd Ave+10003|NY92nd Ave10003'
-73.7489,40.6771,0,1,'NY135th Ave10003+NY221st St+10003|NY221st St10003'
-73.7489,40.7433,0,1,'NY73rd Ave10003+NY226th St+10003|NY226th St10003'
-73.7488,40.6874,0,2,'NYSpringfield Blvd10003+NY122nd Ave+10003|NY122nd Ave10003'
-73.7488,40.7385,0,1,'NYSpringfield Blvd10003+NY77th Ave+10003'
-73.7488,40.7335,0,1,'NY221st St10003|NY221st St10003+NYHartland Ave+10003'
-73.7488,40.7139,0,4,'NYBellaire Pl10003|NYBellaire Pl10003+NY99th Ave+10003|NYBellaire Pl10003+NY211th St+10003|NY99th Ave10003|NY99th Ave10003+NY211th St+10003'
-73.7488,40.7169,0,2,'NY94th Ave10003|NY94th Ave10003+NYHollis Court Blvd+10003'
-73.7488,40.7374,0,3,'NYKingsbury Ave10003+NY223rd St+10003|NY223rd St10003'
-73.7488,40.6655,0,2,'NYState Rte 2710002+NYEdgewood Ave+10002|NYEdgewood Ave10003|NYEdgewood Ave10003+NYS Conduit Ave+10003'
-73.7488,40.6028,0,7,'NYCornaga Ave10003+NYNameoke St+10003|NYNameoke St10003'
-73.7488,40.7318,0,2,'NYPeck Ave10003|NYPeck Ave10003+NYGrand Central Pkwy+10003|NYPeck Ave10003+NY86th Ave+10003'
-73.7488,40.6730,0,3,'NY138th Ave10003|NY138th Ave10003+NY224th St+10003'
-73.7488,40.6910,0,1,'NY201st Pl10003'
-73.7487,40.6019,0,1,'NYGreenport Rd10003+NYMott Ave+10003|NYGateway Blvd10003+NYMott Ave+10003'
-73.7487,40.6169,0,1,'NYSolomon Ave10003+NYDonahue Ave+10003|NYDonahue Ave10003'
-73.7487,40.6631,0,4,'NY230th St10003+NY144th Ave+10003'
-73.7487,40.7974,0,3,'NYLongfellow Rd10003+NYDickenson Pl+10003|NYDickenson Pl10003'
-73.7487,40.6079,0,2,'NYWheatley St10003|NYWheatley St10003+NYCentral Ave+10003|NYCentral Ave10003+NYWheatley Ave+10003|NYWheatley Ave10003'
-73.7487,40.6978,0,1,'NY205th St10003+NY115th Dr+10003|NY115th Dr10003'
-73.7487,40.6527,1,0,'NY149th Ave10003'
-73.7486,40.7354,0,7,'NY222nd St10003+NYUnion Tpke+10003'
-73.7486,40.7557,0,1,'NYE Hampton Blvd10003+NY56th Rd+10003|NY56th Rd10003'
-73.7486,40.7710,0,2,'NY39th Ave10003+NYHillcrest Ave+10003|NYCherry St10003+NYHillcrest Ave+10003|NYHillcrest Ave10003'
-73.7486,40.7450,0,2,'NYCloverdale Blvd10003+NY69th Ave+10003|NYCloverdale Blvd10003+NYCloverdale Ln+10003|NY69th Ave10003+NYCloverdale Ln+10003|NYCloverdale Ln10003'
-73.7486,40.7061,0,2,'NY208th St10003+NY111th Ave+10003'
-73.7486,40.7082,0,5,'NYHollis Ave10003+NY209th St+10003|NY209th St10003'
-73.7486,40.6744,0,1,'NY137th Ave10003+NY223rd St+10003|NY223rd St10003|NY223rd St10003+NY223rd St+10003'
-73.7486,40.7984,0,6,'NYGristmill Ln10003+NYCooper Dr+10003|NYCooper Dr10003'
-73.7485,40.7470,0,4,'NY228th St10003|NY228th St10003+NY67th Ave+10003'
-73.7485,40.7069,0,10,'NYColfax St10003+NY110th Ave+10003|NY110th Ave10003'
-73.7485,40.6153,0,2,'NYMorris Ave10003+NYMervin St+10003|NYMervin St10003'
-73.7485,40.6829,0,2,'NY131st Ave10003+NY219th St+10003|NY219th St10003'
-73.7485,40.6650,1,2,'NY229th St10003|NY229th St10003+NYEdgewood Ave+10003'
-73.7485,40.7789,0,1,'NYMarinette St10003+NYWarwick Ave+10003|NYDouglas Rd10003+NYWarwick Ave+10003|NYWarwick Ave10003'
-73.7484,40.7153,0,2,'NYJamaica Ave10003+NYHollis Court Blvd+10003|NYHollis Court Blvd10003'
-73.7484,40.7516,0,1,'NYHorace Harding Expy10003+NY230th St+10003|NYHorace Harding Blvd10003+NY230th St+10003|NY230th St10003'
-73.7484,40.6802,0,2,'NY133rd Ave10003+NY220th St+10003'
-73.7484,40.7276,0,4,'NYHillside Ave10002+NY216th St+10002|NYState Hwy 2510002+NY216th St+10002'
-73.7484,40.7509,0,6,'NY230th St10003|NY230th St10003+NYHorace Harding Expy+10003|NY230th St10003+NYHorace Harding Blvd+10003'
-73.7484,40.6971,0,2,'NY205th St10003+NY116th Ave+10003'
-73.7484,40.7210,0,16,'NY91st Ave10003+NY212th Pl+10003'
-73.7483,40.7009,0,2,'NY114th Rd10003|NY114th Rd10003+NYFrancis Lewis Blvd+10003'
-73.7483,40.6587,0,2,'NY146th Ave10003|NY146th Ave10003+NY232nd St+10003'
-73.7483,40.6217,0,1,'NYSheridan Blvd10003+NYWestcott St+10003|NYWestcott St10003'
-73.7483,40.6006,0,4,'NYGrandview Ter10003|NYGrandview Ter10003+NYCaffrey Ave+10003'
-73.7483,40.6955,0,5,'NY204th St10003'
-73.7483,40.7032,0,1,'NY207th St10003+NY113th Ave+10003'
-73.7483,40.7724,0,5,'NYProspect Ave10003|NYProspect Ave10003+NY38th Rd+10003|NYProspect Ave10003+NYHillside Ave+10003|NYProspect Ave10003+NY239th St+10003|NY38th Rd10003+NY239th St+10003|NYHillside Ave10003+NY239th St+10003|NY239th St10003'
-73.7482,40.6687,0,3,'NY141st Ave10003+NY227th St+10003|NY227th St10003'
-73.7482,40.6048,0,5,'NYDinsmore Ave10003+NYNeilson St+10003'
-73.7482,40.5953,0,1,'NYSeagirt Blvd10003+NYBeach 14th St+10003|NYBeach 14th St10003'
-73.7482,40.7262,0,1,'NY89th Ave10003+NY215th Pl+10003'
-73.7482,40.9317,0,1,'NYBirch Ln10003'
-73.7482,40.6197,0,1,'NYSpaulding Ln10003|NYSpaulding Ln10003+NYWestcott St+10003'
-73.7482,40.7549,0,3,'NYE Hampton Blvd10003+NY57th Ave+10003|NY57th Ave10003'
-73.7482,40.7228,0,2,'NY214th St10003+NY90th Ave+10003'
-73.7481,40.5982,0,1,'NYNew Haven Ave10003+NYBeach 14th St+10003|NYBeach 14th St10003'
-73.7481,40.6912,0,2,'NY202nd St10003'
-73.7481,40.6835,0,1,'NY219th St10003+NY130th Dr+10003|NY130th Dr10003'
-73.7481,40.6901,0,1,'NY201st Pl10003|NY201st Pl10003+NYNashville Blvd+10003|NY201st Pl10003+NY121st Ave+10003|NYNashville Blvd10003+NY121st Ave+10003|NY121st Ave10003'
-73.7481,40.6964,1,1,'NY205th St10003+NY116th Rd+10003|NY116th Rd10003'
-73.7481,40.7186,1,1,'NY212th St10003+NY93rd Ave+10003'
-73.7480,40.7002,0,11,'NY114th Dr10003|NY114th Dr10003+NYFrancis Lewis Blvd+10003'
-73.7480,40.6608,0,5,'NY145th Ave10003+NY231st St+10003'
-73.7480,40.7324,0,1,'NYGrand Central Pkwy10003+NYStewart Rd+10003|NY86th Ave10003+NYStewart Rd+10003|NYStewart Rd10003'
-73.7480,40.6707,0,2,'NY139th Ave10003+NY226th St+10003'
-73.7480,40.7204,0,8,'NY92nd Ave10003+NY212th Pl+10003'
-73.7480,40.7687,0,12,'NY42nd Ave10003'
-73.7480,40.7085,0,1,'NY209th Pl10003|NY209th Pl10003+NYHollis Ave+10003'
-73.7480,40.7467,0,1,'NYCloverdale Blvd10003'
-73.7479,40.6811,0,1,'NY220th St10003+NY132nd Rd+10003|NY132nd Rd10003'
-73.7479,40.7375,0,5,'NYKingsbury Ave10003+NYSpringfield Blvd+10003'
-73.7479,40.7542,0,1,'NYE Hampton Blvd10003+NY57th Rd+10003|NY57th Rd10003'
-73.7479,40.7063,0,6,'NYColfax St10003+NY111th Ave+10003'
-73.7479,40.6727,0,1,'NY138th Ave10003+NY225th St+10003'
-73.7478,40.6677,0,5,'NY228th St10003|NY228th St10003+NYMentone Ave+10003'
-73.7478,40.7114,0,2,'NY104th Ave10003+NY211th St+10003'
-73.7478,40.7495,0,5,'NY230th St10003+NY64th Ave+10003'
-73.7477,40.6957,0,3,'NY205th St10003'
-73.7477,40.7434,0,11,'NY73rd Ave10003+NYCloverdale Blvd+10003'
-73.7477,40.7142,0,4,'NY99th Ave10003+NY211th Pl+10003|NY211th Pl10003'
-73.7477,40.7686,0,4,'NYDouglaston Pkwy10003+NY42nd Ave+10003'
-73.7477,40.7356,0,2,'NY223rd St10003+NYUnion Tpke+10003'
-73.7477,40.7711,0,1,'NY39th Ave10003+NYProspect Ave+10003|NY39th Ave10003+NY239th St+10003|NYProspect Ave10003|NYProspect Ave10003+NYCherry St+10003|NYProspect Ave10003+NY239th St+10003|NYCherry St10003+NY239th St+10003|NY239th St10003'
-73.7477,40.7452,0,5,'NY228th St10003|NY228th St10003+NY69th Ave+10003'
-73.7477,40.6747,0,3,'NY137th Ave10003|NY137th Ave10003+NY224th St+10003'
-73.7477,40.7018,0,2,'NY207th St10003+NYMurdock Ave+10003'
-73.7477,40.6543,0,2,'NY235th St10003|NY235th St10003+NYBentley Rd+10003|NYBentley Rd10003'
-73.7477,40.6087,0,3,'NYCentral Ave10003+NYMinton St+10003|NYMinton St10003'
-73.7477,40.7472,0,2,'NY229th St10003|NY229th St10003+NY67th Ave+10003'
-73.7477,40.7294,0,1,'NYSpencer Ave10003+NY218th St+10003'
-73.7477,40.7699,0,1,'NY40th Ave10003|NY40th Ave10003+NYCircle Rd+10003|NY40th Ave10003+NY240th St+10003|NY40th Ave10003+NYWillow St+10003|NY40th Ave10003+NYWillow Dr+10003|NYCircle Rd10003|NYCircle Rd10003+NYWillow St+10003|NYCircle Rd10003+NYWillow Dr+10003|NY240th St10003|NY240th St10003+NYWillow St+10003|NY240th St10003+NYWillow Dr+10003|NYWillow St10003|NYWillow St10003+NYWillow Dr+10003|NYWillow Dr10003'
-73.7476,40.6087,0,6,'NYBeach 12th St10003+NYCentral Ave+10003'
-73.7476,40.6010,0,1,'NYMott Ave10003+NYCaffrey Ave+10003'
-73.7476,40.7280,0,3,'NYHillside Ave10002+NY217th St+10002|NYState Hwy 2510002+NY217th St+10002'
-73.7476,40.6275,0,2,'NYInip Dr10003'
-73.7476,40.7463,0,2,'NYCloverdale Blvd10003|NYCloverdale Blvd10003+NYCloverdale Blvd+10003'
-73.7476,40.6031,0,2,'NYCornaga Ave10003+NYNeilson St+10003|NYNeilson St10003'
-73.7476,40.6799,0,1,'NY133rd Ave10003+NY221st St+10003'
-73.7475,40.6818,0,1,'NY220th St10003+NY132nd Ave+10003|NY132nd Ave10003'
-73.7475,40.5999,0,3,'NYGrandview Ter10003'
-73.7475,40.6774,0,1,'NY134th Rd10003+NY222nd St+10003'
-73.7475,40.7511,1,1,'NYHorace Harding Expy10003+NY231st St+10003|NY231st St10003|NY231st St10003+NYHorace Harding Blvd+10003'
-73.7475,40.7267,0,4,'NY89th Ave10003+NY216th St+10003'
-73.7475,40.7915,0,1,'NYHawthorne Ln10003+NYNottingham Pl+10003|NYNottingham Pl10003'
-73.7475,40.6655,0,2,'NYSouthern Parkway Exit Eb10003|NYSouthern Parkway Exit Eb10003+NYState Rte 27+10003|NYSouthern Parkway Exit Eb10003+NYS Conduit Ave+10003|NYSouthern Parkway Exit Eb10003+NYLansing Ave+10003|NYState Rte 2710002+NYLansing Ave+10002|NYS Conduit Ave10002+NYLansing Ave+10002|NYLansing Ave10003'
-73.7474,40.6958,0,2,'NY205th St10003'
-73.7474,40.7328,0,1,'NYGrand Central Pkwy10003+NYHartland Ave+10003|NY86th Ave10003+NYHartland Ave+10003|NYHartland Ave10003'
-73.7474,40.6746,1,0,'NY137th Ave10003|NY137th Ave10003+NY224th St+10003'
-73.7474,40.6988,0,2,'NY115th Rd10003|NY115th Rd10003+NYFrancis Lewis Blvd+10003'
-73.7474,40.7232,0,3,'NYVanderveer St10003+NY90th Ave+10003'
-73.7474,40.7530,0,2,'NYE Hampton Blvd10003+NY58th Rd+10003|NY58th Rd10003'
-73.7474,40.6849,0,1,'NY130th Ave10003+NY219th St+10003|NY219th St10003'
-73.7474,40.6684,0,2,'NY228th St10003+NY141st Ave+10003'
-73.7474,40.7734,0,1,'NYForest Ave10003|NYForest Ave10003+NYForest Rd+10003|NYForest Ave10003+NYEast Dr+10003|NYForest Rd10003|NYForest Rd10003+NYForest Rd+10003|NYForest Rd10003+NYEast Dr+10003'
-73.7473,40.6915,0,2,'NYNashville Blvd10003|NYNashville Blvd10003+NY203rd St+10003|NY203rd St10003'
-73.7473,40.7172,0,3,'NY94th Ave10003+NY212th St+10003'
-73.7473,40.6897,0,2,'NY121st Ave10003+NYSpringfield Blvd+10003'
-73.7473,40.6765,0,1,'NY135th Ave10003+NY223rd St+10003|NY223rd St10003'
-73.7473,40.6051,0,1,'NYDinsmore Ave10003|NYDinsmore Ave10003+NYBeach 12th St+10003'
-73.7473,40.7784,0,1,'NYMarinette St10003+NYGrosvenor St+10003|NYDouglas Rd10003+NYGrosvenor St+10003|NYGrosvenor St10003'
-73.7473,40.7190,0,1,'NY93rd Ave10003+NY212th Pl+10003'
-73.7472,40.7064,0,1,'NY111th Ave10003+NY209th Pl+10003'
-73.7472,40.8011,0,1,'NYBeach Rd10003+NYStream Ct+10003|NYStream Ct10003'
-73.7472,40.7742,0,5,'NY37th Ave10003+NYOak Ln+10003|NYOak Ln10003|NYOak Ln10003+NYRidge Rd+10003'
-73.7472,40.6605,0,4,'NY145th Ave10003|NY145th Ave10003+NY232nd St+10003'
-73.7472,40.7207,0,2,'NY213th St10003+NY92nd Ave+10003'
-73.7472,40.6148,0,1,'NYBayview Ct10003'
-73.7472,40.6704,0,3,'NY139th Ave10003+NY227th St+10003'
-73.7472,40.7099,0,2,'NY109th Ave10003|NY109th Ave10003+NY211th St+10003'
-73.7472,40.6824,0,2,'NY131st Ave10003+NY220th St+10003'
-73.7471,40.6982,0,1,'NY115th Dr10003|NY115th Dr10003+NYFrancis Lewis Blvd+10003'
-73.7471,40.7050,1,1,'NY112th Ave10003+NY209th St+10003'
-73.7471,40.5974,0,2,'NYNew Haven Ave10003|NYNew Haven Ave10003+NYPlainview Ave+10003|NYPlainview Ave10003'
-73.7471,40.5988,0,1,'NYDavies Rd10003'
-73.7471,40.6031,0,1,'NYCornaga Ave10003+NYGreenport Rd+10003|NYCornaga Ave10003+NYGateway Blvd+10003|NYGreenport Rd10003|NYGateway Blvd10003'
-73.7471,40.9224,0,1,'NYWalnut Ave10003+NYSheppard Pl+10003|NYSheppard Pl10003'
-73.7471,40.6915,0,2,'NYNashville Blvd10003'
-73.7471,40.7726,0,2,'NYCircle Rd10003|NYCircle Rd10003+NY38th Rd+10003|NYCircle Rd10003+NYHillside Ave+10003|NYCircle Rd10003+NYEast Dr+10003|NY38th Rd10003+NY240th St+10003|NY38th Rd10003+NYEast Dr+10003|NY240th St10003|NY240th St10003+NYHillside Ave+10003|NY240th St10003+NYEast Dr+10003|NYHillside Ave10003+NYEast Dr+10003|NYEast Dr10003'
-73.7470,40.7675,0,15,'NY235th St10003|NY235th St10003+NY43rd Ave+10003|NY235th St10003+NYDouglaston Pkwy+10003|NY43rd Ave10003|NY43rd Ave10003+NYDouglaston Pkwy+10003|NYDouglaston Pkwy10003'
-73.7470,40.7156,0,1,'NY212th St10003|NY212th St10003+NYJamaica Ave+10003'
-73.7470,40.7966,0,1,'NYCooper Gate10003'
-73.7470,40.7719,0,5,'NY38th Dr10003'
-73.7470,40.6624,0,1,'NY231st St10003+NY144th Ave+10003'
-73.7470,40.6139,0,1,'NYBayview Ct10003|NYBayview Ct10003+NYBayview Ave+10003'
-73.7470,40.6724,0,4,'NY138th Ave10003+NY226th St+10003'
-73.7470,40.7298,0,1,'NYSpencer Ave10003+NY218th Pl+10003|NY218th Pl10003'
-73.7469,40.7521,2,1,'NYE Hampton Blvd10003|NYE Hampton Blvd10003+NYI 495+10003|NYE Hampton Blvd10003+NYLong Island Expy+10003'
-73.7469,40.6541,0,1,'NY236th St10003|NY236th St10003+NYBentley Rd+10003'
-73.7469,40.7336,0,2,'NY222nd St10003|NY222nd St10003+NY223rd St+10003'
-73.7468,40.7285,0,2,'NYHillside Ave10002+NY218th St+10002|NYState Hwy 2510002+NY218th St+10002'
-73.7468,40.6091,0,4,'NYCentral Ave10003+NYBeach 9th St+10003|NYBeach 9th St10003'
-73.7468,40.7218,0,1,'NY91st Ave10003|NY91st Ave10003+NY214th St+10003'
-73.7468,40.9696,0,1,'NYGate House Ln10003'
-73.7468,40.6975,0,3,'NY116th Ave10003+NYFrancis Lewis Blvd+10003'
-73.7468,40.7164,0,1,'NY212th St10003+NY94th Rd+10003|NY94th Rd10003'
-73.7468,40.7272,0,8,'NY217th St10003+NY89th Ave+10003'
-73.7468,40.6627,0,1,'NY231st St10003|NY231st St10003+NYEdgewood Ave+10003'
-73.7468,40.7021,0,1,'NYMurdock Ave10003+NY208th St+10003'
-73.7468,40.6831,0,1,'NY220th St10003+NY130th Dr+10003|NY130th Dr10003'
-73.7468,40.6049,0,2,'NYRose St10003|NYRose St10003+NYDinsmore Ave+10003'
-73.7468,40.6998,0,3,'NY207th St10003'
-73.7468,40.7431,0,3,'NY73rd Ave10003+NY228th St+10003|NY228th St10003'
-73.7468,40.7142,0,1,'NY212th St10003+NY99th Ave+10003|NY99th Ave10003'
-73.7467,40.6239,0,1,'NYHealy Ave10003'
-73.7467,40.6796,0,3,'NY133rd Ave10003+NY222nd St+10003'
-73.7467,40.6643,0,2,'NY230th Pl10003+NYLansing Ave+10003'
-73.7467,40.6921,0,5,'NYNashville Blvd10003+NY204th St+10003|NY204th St10003'
-73.7467,40.7236,0,5,'NY215th St10003+NY90th Ave+10003'
-73.7467,40.6017,0,1,'NYHurley Ct10003|NYHurley Ct10003+NYCaffrey Ave+10003'
-73.7467,40.6084,0,2,'NYAlonzo Rd10003|NYAlonzo Rd10003+NYBeach 9th St+10003'
-73.7466,40.7675,0,7,'NYDouglaston Pkwy10003+NYCircle Rd+10003|NYDouglaston Pkwy10003+NY240th St+10003|NYDouglaston Pkwy10003+NY43rd Ave+10003|NYCircle Rd10003|NYCircle Rd10003+NY43rd Ave+10003|NY240th St10003|NY240th St10003+NY43rd Ave+10003'
-73.7466,40.6222,0,1,'NYSheridan Blvd10003|NYSheridan Blvd10003+NYBurnside Ave+10003|NYBurnside Ave10003'
-73.7466,40.7318,0,1,'NYStronghurst Ave10003|NYStronghurst Ave10003+NYSpringfield Blvd+10003'
-73.7466,40.6533,0,1,'NYBrookville Blvd10003+NY148th Dr+10003|NY148th Dr10003'
-73.7466,40.8081,0,1,'NYFlorence Ave10003'
-73.7466,40.6275,0,1,'NYDoughty Blvd10003'
-73.7466,40.7051,0,2,'NYColfax St10003+NY112th Ave+10003'
-73.7466,40.7403,0,3,'NY226th St10003|NY226th St10003+NY76th Ave+10003'
-73.7466,40.6366,0,1,'NYBayview Ave10003'
-73.7465,40.6526,0,1,'NYBrookville Blvd10003+NY149th Ave+10003'
-73.7465,40.7358,0,4,'NYSpringfield Blvd10003+NYUnion Tpke+10003'
-73.7465,40.6782,0,1,'NYMerrick Blvd10003+NY223rd St+10003|NY223rd St10003'
-73.7465,40.7128,0,4,'NY212th St10003+NY102nd Ave+10003|NY102nd Ave10003'
-73.7465,40.7508,0,2,'NY232nd St10003'
-73.7465,40.7175,0,3,'NY94th Ave10003+NY212th Pl+10003'
-73.7465,40.6076,0,1,'NYBolton Rd10003|NYBolton Rd10003+NYBeach 9th St+10003'
-73.7465,40.6681,0,2,'NY141st Ave10003+NY229th St+10003|NY229th St10003'
-73.7465,40.6033,0,3,'NYCornaga Ave10003+NYRose St+10003|NYRose St10003'
-73.7464,40.7671,0,14,'NYDouglaston Pkwy10003|NYDouglaston Pkwy10003+NYDouglaston Pkwy+10003'
-73.7464,40.6071,0,1,'NYBeach 9th St10003+NYChanning Rd+10003|NYChanning Rd10003'
-73.7463,40.7908,0,2,'NYBayside Dr10003+NYNottingham Pl+10003|NYNottingham Pl10003'
-73.7463,40.6821,0,1,'NY131st Ave10003+NY221st St+10003'
-73.7463,40.6701,0,2,'NY228th St10003+NY139th Ave+10003'
-73.7463,40.7312,0,2,'NYSawyer Ave10003|NYSawyer Ave10003+NYSpringfield Blvd+10003'
-73.7463,40.7302,0,2,'NYSpencer Ave10003+NY219th St+10003|NY219th St10003'
-73.7463,40.7221,0,1,'NY91st Ave10003+NYVanderveer St+10003'
-73.7462,40.5981,0,1,'NYBeach 12th St10003+NYMeehan Ave+10003|NYMeehan Ave10003'
-73.7462,40.5988,0,1,'NYLanett Ave10003|NYLanett Ave10003+NYBeach 12th St+10003'
-73.7462,40.6894,0,3,'NY121st Ave10003+NY217th St+10003|NY217th St10003'
-73.7462,40.6931,0,3,'NY205th St10003'
-73.7462,40.7390,0,6,'NY226th St10003|NY226th St10003+NY77th Ave+10003'
-73.7462,40.7289,0,1,'NYHillside Ave10002|NYHillside Ave10002+NYHillside Ave+10002|NYHillside Ave10002+NY218th Pl+10002|NYHillside Ave10002+NYState Hwy 25+10002|NYState Hwy 2510002|NYState Hwy 2510002+NYHillside Ave+10002|NYState Hwy 2510002+NY218th Pl+10002|NYState Hwy 2510002+NYState Hwy 25+10002|NY218th Pl10003+NYHillside Ave+10003|NY218th Pl10003+NYState Hwy 25+10003'
-73.7461,40.6721,0,3,'NY138th Ave10003+NY227th St+10003'
-73.7461,40.6539,0,1,'NYBentley Rd10003'
-73.7461,40.6635,0,1,'NYLansing Ave10003+NY231st St+10003|NY231st St10003'
-73.7461,40.6006,0,2,'NYFrisco Ave10003|NYFrisco Ave10003+NYBeach 12th St+10003|NYBeach 12th St10003'
-73.7461,40.7772,0,1,'NYManor Rd10003|NYManor Rd10003+NYDouglas Rd+10003'
-73.7460,40.7277,0,2,'NY89th Ave10003+NY218th St+10003'
-73.7460,40.9520,0,1,'NYFenimore Rd10003+NYBaldwin Pl+10003|NYBaldwin Pl10003'
-73.7460,40.7500,0,10,'NY64th Ave10003+NY232nd St+10003'
-73.7460,40.6654,0,3,'NYState Rte 2710002+NY230th Pl+10002|NY230th Pl10003|NY230th Pl10003+NYS Conduit Ave+10003'
-73.7460,40.6110,0,1,'NYVirginia St10003|NYVirginia St10003+NYBrunswick Ave+10003'
-73.7460,40.7046,0,1,'NYColfax St10003+NY112th Rd+10003|NY112th Rd10003'
-73.7459,40.7342,0,6,'NYSpringfield Blvd10003|NYSpringfield Blvd10003+NY86th Ave+10003'
-73.7459,40.6741,0,1,'NY226th St10003+NY137th Ave+10003'
-73.7459,40.7241,0,2,'NY90th Ave10003+NY215th Pl+10003'
-73.7459,40.7765,0,1,'NY34th Ave10003|NY34th Ave10003+NYDouglas Rd+10003|NYDouglas Rd10003+NYHollywood Ave+10003|NYHollywood Ave10003'
-73.7459,40.7023,0,1,'NYMurdock Ave10003+NY209th St+10003'
-73.7459,40.6095,0,1,'NYCentral Ave10003+NYSage St+10003|NYSage St10003'
-73.7459,40.7477,0,3,'NY231st St10003|NY231st St10003+NY67th Ave+10003'
-73.7459,40.7000,0,6,'NY208th St10003+NY115th Ave+10003'
-73.7459,40.7648,3,8,'NYAlameda Ave10003'
-73.7458,40.7700,0,1,'NYDepew Ave10003|NYDepew Ave10003+NYDepew Ave+10003|NYDepew Ave10003+NYWillow Pl+10003|NYWillow Pl10003'
-73.7458,40.7515,0,2,'NYW Alley Rd10003|NYW Alley Rd10003+NY233rd St+10003|NYW Alley Rd10003+NYHorace Harding Expy+10003|NYW Alley Rd10003+NYHorace Harding Blvd+10003|NY233rd St10003|NY233rd St10003+NYHorace Harding Expy+10003|NY233rd St10003+NYHorace Harding Blvd+10003|NYHorace Harding Expy10003|NYHorace Harding Blvd10003'
-73.7458,40.6793,0,1,'NY133rd Ave10003+NY223rd St+10003'
-73.7458,40.7457,0,2,'NY230th St10003+NY69th Ave+10003|NY69th Ave10003'
-73.7458,40.6761,0,6,'NY135th Ave10003+NY225th St+10003'
-73.7457,40.6034,0,1,'NYBeach 9th St10003|NYBeach 9th St10003+NYCornaga Ave+10003|NYBeach 9th St10003+NYEmpire Ave+10003|NYCornaga Ave10003+NYEmpire Ave+10003|NYEmpire Ave10003'
-73.7457,40.7430,0,1,'NY73rd Ave10003+NY229th St+10003|NY229th St10003'
-73.7457,40.9200,0,1,'NYMargaret Ln10003|NYMargaret Ln10003+NYMagnolia Ave+10003'
-73.7456,40.7039,0,1,'NY210th St10003+NY113th Ave+10003'
-73.7456,40.6026,0,3,'NYBeach 9th St10003+NYGarden Ct+10003|NYBeach 9th St10003+NYDorian Ct+10003|NYGarden Ct10003|NYGarden Ct10003+NYDorian Ct+10003|NYDorian Ct10003'
-73.7456,40.6678,0,3,'NY141st Ave10003+NY230th St+10003|NY230th St10003'
-73.7456,40.6779,0,1,'NYMerrick Blvd10003+NY224th St+10003'
-73.7456,40.7665,0,17,'NY44th Ave10003|NY44th Ave10003+NYDouglaston Pkwy+10003'
-73.7456,40.6097,0,2,'NYVirginia St10003|NYVirginia St10003+NYCentral Ave+10003'
-73.7456,40.6039,0,1,'NYEmpire Ave10003+NYBeach 9th St+10003|NYBeach 9th St10003'
-73.7456,40.7735,0,3,'NYForest Rd10003|NYForest Rd10003+NYDouglas Rd+10003'
-73.7456,40.7195,0,1,'NY214th St10003+NY93rd Ave+10003'
-73.7455,40.7714,0,2,'NY39th Ave10003|NY39th Ave10003+NYDouglas Rd+10003|NYCherry St10003|NYCherry St10003+NYDouglas Rd+10003|NYDouglas Rd10003'
-73.7455,40.7307,0,4,'NYSpencer Ave10003|NYSpencer Ave10003+NYBraddock Ave+10003|NYSpencer Ave10003+NYSpringfield Blvd+10003|NYBraddock Ave10003'
-73.7455,40.7111,0,1,'NY104th Rd10003|NY104th Rd10003+NY212th Pl+10003|NY212th Pl10003'
-73.7455,40.6547,0,2,'NYBrookville Blvd10003+NY148th Ave+10003|NY148th Ave10003'
-73.7455,40.7225,0,4,'NY215th St10003+NY91st Ave+10003'
-73.7455,40.7373,0,12,'NYKingsbury Ave10003+NY226th St+10003|NY226th St10003'
-73.7454,40.6819,0,4,'NY131st Ave10003+NY222nd St+10003'
-73.7454,40.6077,0,4,'NYBolton Rd10003+NYSage St+10003'
-73.7454,40.7294,0,1,'NYHillside Ave10002|NYHillside Ave10002+NYHillside Ave+10002|NYHillside Ave10002+NY219th St+10002|NYHillside Ave10002+NYState Hwy 25+10002|NY219th St10003+NYHillside Ave+10003|NY219th St10003+NYState Hwy 25+10003'
-73.7454,40.7084,0,2,'NY212th St10003+NYBardwell Ave+10003|NYBardwell Ave10003'
-73.7454,40.6664,0,7,'NYN Conduit Ave10003|NYN Conduit Ave10003+NYSunrise Hwy+10003|NYN Conduit Ave10003+NY230th Pl+10003|NYN Conduit Ave10003+NYState Hwy 27+10003|NYN Conduit Ave10003+NYN Conduit Ave+10003|NYSunrise Hwy10002|NYSunrise Hwy10002+NY230th Pl+10002|NYSunrise Hwy10002+NYN Conduit Ave+10002|NY230th Pl10003|NY230th Pl10003+NYState Hwy 27+10003|NY230th Pl10003+NYN Conduit Ave+10003|NYState Hwy 2710002|NYState Hwy 2710002+NYN Conduit Ave+10002|NYN Conduit Ave10002'
-73.7454,40.7212,0,2,'NY214th Pl10003|NY214th Pl10003+NYVanderveer St+10003|NY214th Pl10003+NY92nd Ave+10003|NYVanderveer St10003+NY92nd Ave+10003'
-73.7453,40.7946,0,1,'NYEmerson Dr10003|NYEmerson Dr10003+NYOld Mill Rd+10003|NYEmerson Dr10003+NYBayview Ave+10003|NYOld Mill Rd10003|NYOld Mill Rd10003+NYBayview Ave+10003'
-73.7453,40.7918,0,1,'NYPond Park Rd10003'
-73.7453,40.7281,0,3,'NY218th Pl10003+NY89th Ave+10003'
-73.7453,40.7039,0,2,'NYColfax St10003+NY113th Ave+10003'
-73.7453,40.6891,0,2,'NY121st Ave10003+NY218th St+10003|NY218th St10003'
-73.7453,40.5974,0,1,'NYPlainview Ave10003+NYBeach 11th St+10003|NYBeach 11th St10003'
-73.7453,40.6124,0,3,'NYDoughty Blvd10003+NYRedfern Ave+10003|NYRedfern Ave10003'
-73.7453,40.6013,0,2,'NYBeach 9th St10003+NYRoosevelt St+10003|NYRoosevelt St10003'
-73.7453,40.7742,0,4,'NYOak Ln10003|NYOak Ln10003+NYDouglas Rd+10003'
-73.7452,40.6718,0,1,'NY228th St10003+NY138th Ave+10003'
-73.7452,40.6165,0,1,'NYLord Ave10003'
-73.7452,40.6964,0,1,'NY207th St10003'
-73.7452,40.6551,0,2,'NY148th Ave10003'
-73.7452,40.7646,1,7,'NYHanford St10003'
-73.7452,40.7700,0,1,'NYDepew Ave10003+NYStuart Ln+10003|NYStuart Ln10003'
-73.7452,40.7245,0,15,'NY90th Ave10003+NY216th St+10003'
-73.7452,40.7096,0,7,'NY212th Pl10003|NY212th Pl10003+NYHollis Ave+10003'
-73.7452,40.8151,0,1,'NYRed Brook Rd10003+NYLighthouse Rd+10003|NYLighthouse Rd10003'
-73.7452,40.6007,0,1,'NYBeach 9th St10003+NYFrisco Ave+10003|NYFrisco Ave10003'
-73.7451,40.6099,0,2,'NYVirginia St10003|NYVirginia St10003+NYCentral Ave+10003'
-73.7451,40.7916,0,1,'NYBayside Dr10003|NYBayside Dr10003+NYPond Park Rd+10003'
-73.7451,40.6738,0,3,'NY227th St10003+NY137th Ave+10003'
-73.7451,40.7503,0,1,'NY233rd St10003+NY64th Ave+10003|NY64th Ave10003'
-73.7451,40.6574,0,4,'NYBrookville Blvd10003+NY147th Ave+10003'
-73.7450,40.7025,0,1,'NYMurdock Ave10003+NY210th St+10003'
-73.7450,40.7480,0,1,'NY232nd St10003|NY232nd St10003+NY67th Ave+10003'
-73.7450,40.7329,0,2,'NYStronghurst Ave10003+NY223rd St+10003|NY223rd St10003'
-73.7450,40.7361,0,10,'NY226th St10003|NY226th St10003+NYUnion Tpke+10003'
-73.7450,40.7922,0,1,'NYWinfield Ter10003'
-73.7450,40.6065,0,1,'NYBalsam Ct10003|NYBalsam Ct10003+NYSage St+10003'
-73.7450,40.6791,0,5,'NY133rd Ave10003+NY224th St+10003'
-73.7450,40.6582,0,1,'NY146th Ave10003'
-73.7449,40.6555,1,0,'NYBrookville Blvd10003+NY147th Dr+10003|NY147th Dr10003'
-73.7449,40.6565,0,3,'NY147th Rd10003'
-73.7449,40.6654,0,2,'NYState Rte 2710002+NY231st St+10002|NYS Conduit Ave10002+NY231st St+10002|NY231st St10003'
-73.7449,40.6561,0,1,'NYBrookville Blvd10003+NY147th Rd+10003|NY147th Rd10003'
-73.7449,40.7097,0,1,'NY213th St10003|NY213th St10003+NYHollis Ave+10003'
-73.7448,40.7070,0,8,'NY212th St10003+NY111th Ave+10003|NY111th Ave10003'
-73.7448,40.6036,0,1,'NYCornaga Ave10003+NYMobile Rd+10003|NYMobile Rd10003'
-73.7448,40.6932,0,5,'NYSpringfield Blvd10003+NYFrancis Lewis Blvd+10003'
-73.7448,40.6115,0,5,'NYDoughty Blvd10003+NYBrunswick Ave+10003|NYDoughty Blvd10003+NYFoote Ave+10003|NYBrunswick Ave10003|NYBrunswick Ave10003+NYFoote Ave+10003|NYFoote Ave10003'
-73.7448,40.7299,2,6,'NYHillside Ave10002|NYHillside Ave10002+NYHillside Ave+10002|NYHillside Ave10002+NYState Hwy 25+10002'
-73.7448,40.7180,0,2,'NY94th Ave10003+NY214th St+10003'
-73.7448,40.6776,0,1,'NY225th St10003+NYMerrick Blvd+10003'
-73.7448,40.7676,0,4,'NY43rd Ave10003+NY242nd St+10003|NY242nd St10003'
-73.7448,40.9544,0,1,'NYHighview St10003'
-73.7448,40.5988,0,1,'NYBeach 9th St10003+NYLanett Ave+10003|NYLanett Ave10003'
-73.7447,40.7230,0,3,'NY91st Ave10003+NY215th Pl+10003'
-73.7447,40.6674,2,10,'NY141st Ave10003+NY230th Pl+10003'
-73.7447,40.7119,0,1,'NY104th Ave10003+NY214th St+10003|NY214th St10003'
-73.7446,40.6642,0,3,'NY143rd Rd10003|NY143rd Rd10003+NY232nd St+10003'
-73.7446,40.9565,0,1,'NYLeatherstocking Ln10003'
-73.7446,40.7197,0,4,'NY214th Pl10003+NY93rd Ave+10003'
-73.7446,40.7286,0,2,'NY219th St10003+NY89th Ave+10003'
-73.7446,40.6816,0,6,'NY131st Ave10003+NY223rd St+10003'
-73.7446,40.7666,0,3,'NY44th Ave10003+NY242nd St+10003|NY242nd St10003'
-73.7446,40.7621,0,3,'NYHanford St10003+NYRushmore Ave+10003|NYRushmore Ave10003'
-73.7446,40.6101,0,3,'NYCentral Ave10003|NYCentral Ave10003+NYCentral Ave+10003'
-73.7446,40.6694,0,8,'NY139th Ave10003+NY230th St+10003'
-73.7445,40.7343,0,9,'NYGrand Central Pkwy10002+NYGrnd Cntrl Parkway Entrance Wb+10002|NYGrnd Cntrl Parkway Entrance Wb10003'
-73.7445,40.7858,0,1,'NYStewart Dr10003|NYStewart Dr10003+NYVista Dr+10003'
-73.7445,40.6079,0,2,'NYVirginia St10003|NYVirginia St10003+NYBolton Rd+10003|NYBolton Rd10003'
-73.7445,40.7158,0,2,'NYHempstead Ave10003+NY213th St+10003|NY213th St10003'
-73.7445,40.7321,0,4,'NYManor Rd10003'
-73.7444,40.7250,0,3,'NY217th St10003+NY90th Ave+10003'
-73.7444,40.6888,0,2,'NY219th St10003|NY219th St10003+NY121st Ave+10003'
-73.7444,40.7641,0,3,'NY241st St10003'
-73.7444,40.7614,0,1,'NYHanford St10003+NYCarolina Rd+10003|NYCarolina Rd10003'
-73.7444,40.6778,0,4,'NYDubons Ln10003'
-73.7444,40.6714,0,1,'NY138th Ave10003+NY229th St+10003'
-73.7444,40.7057,0,1,'NY212th St10003+NY112th Ave+10003|NY112th Ave10003'
-73.7443,40.7214,0,3,'NY215th St10003+NY92nd Ave+10003'
-73.7443,40.7856,0,1,'NYVista Dr10003+NYS Circle Dr+10003|NYS Circle Dr10003'
-73.7443,40.6839,0,1,'NY130th Ave10003+NY222nd St+10003|NY222nd St10003'
-73.7443,40.7056,0,2,'NY212th St10003+NYWitthoff St+10003|NY212th St10003+NYWitthoff Ave+10003|NY212th St10003+NY112th Rd+10003|NYWitthoff St10003|NYWitthoff St10003+NY112th Rd+10003|NYWitthoff Ave10003|NYWitthoff Ave10003+NY112th Rd+10003|NY112th Rd10003'
-73.7443,40.7098,0,2,'NYHollis Ave10003+NY214th St+10003|NY214th St10003'
-73.7443,40.7654,1,29,'NYDouglaston Pkwy10003+NYState Hwy 25 Alt+10003|NYDouglaston Pkwy10003+NYNorthern Blvd+10003'
-73.7443,40.6973,0,1,'NY116th Rd10003|NY116th Rd10003+NYNashville Blvd+10003'
-73.7442,40.6590,0,1,'NYEdgewood St10003'
-73.7442,40.7145,0,2,'NY215th St10003|NY215th St10003+NY99th Ave+10003'
-73.7442,40.6734,0,4,'NY228th St10003+NY137th Ave+10003'
-73.7442,40.7303,0,1,'NYState Hwy 25B10002|NYState Hwy 25B10002+NYBraddock Ave+10002|NYHillside Ave10002+NYBraddock Ave+10002|NYHillside Ave10002+NYState Hwy 25+10002|NYBraddock Ave10003|NYBraddock Ave10003+NYBraddock Ave+10003|NYBraddock Ave10002|NYBraddock Ave10002+NYState Hwy 25+10002'
-73.7442,40.7482,0,3,'NY233rd St10003|NY233rd St10003+NY67th Ave+10003|NY67th Ave10003'
-73.7441,40.6103,0,1,'NYDoughty Blvd10003+NYCentral Ave+10003'
-73.7441,40.7050,0,2,'NY212th St10003+NY112th Rd+10003|NY112th Rd10003'
-73.7441,40.7955,0,1,'NYSaddle Rock Ter10003'
-73.7441,40.7607,0,2,'NYHanford St10003+NYMaryland Rd+10003|NYMaryland Rd10003'
-73.7440,40.7234,0,3,'NY91st Ave10003+NY216th St+10003'
-73.7440,40.6980,0,3,'NYNashville Blvd10003+NY209th St+10003|NYNashville Blvd10003+NY116th Ave+10003|NY209th St10003|NY209th St10003+NY116th Ave+10003'
-73.7440,40.6377,0,2,'NYMeyer Ave10003'
-73.7440,40.5960,0,6,'NYBeach 9th St10003+NYSeagirt Ave+10003'
-73.7440,40.7540,0,3,'NYHorace Harding Expy10003|NYHorace Harding Expy10003+NYI 495+10003|NYHorace Harding Expy10003+NYLong Island Expy+10003|NYHorace Harding Blvd10003|NYHorace Harding Blvd10003+NYI 495+10003|NYHorace Harding Blvd10003+NYLong Island Expy+10003'
-73.7440,40.7732,0,1,'NYSandhill Rd10003|NYSandhill Rd10003+NYRailroad Ave+10003|NYSandhill Rd10003+NY39th Ave+10003|NYRailroad Ave10003|NYRailroad Ave10003+NYBayshore Blvd+10003|NYRailroad Ave10003+NYBayside Blvd E+10003|NYBayshore Blvd10003|NYBayshore Blvd10003+NY39th Ave+10003|NYBayside Blvd E10003|NYBayside Blvd E10003+NY39th Ave+10003|NY39th Ave10003'
-73.7439,40.7918,0,1,'NYBayview Ave10003+NYPond Park Rd+10003|NYPond Park Rd10003'
-73.7439,40.6653,0,3,'NY232nd St10003'
-73.7439,40.6917,0,1,'NY218th St10003|NY218th St10003+NYFrancis Lewis Blvd+10003'
-73.7439,40.7164,0,5,'NYJamaica Ave10003+NY214th St+10003|NY214th St10003'
-73.7439,40.6954,0,3,'NY117th Rd10003'
-73.7439,40.7290,0,8,'NY89th Ave10003+NYSpringfield Blvd+10003'
-73.7439,40.7183,0,5,'NY94th Ave10003|NY94th Ave10003+NY214th Pl+10003'
-73.7438,40.6671,0,5,'NY141st Ave10003+NY231st St+10003|NY231st St10003'
-73.7438,40.6787,0,6,'NY133rd Ave10003+NYDubons Ln+10003|NYDubons Ln10003'
-73.7438,40.7043,0,4,'NY212th St10003+NY113th Ave+10003|NY113th Ave10003'
-73.7438,40.6924,1,0,'NY218th St10003'
-73.7438,40.7622,0,4,'NY241st St10003|NY241st St10003+NYRushmore Ave+10003'
-73.7438,40.7199,0,1,'NYVanderveer St10003+NY93rd Ave+10003|NYVanderveer St10003+NY92nd Rd+10003|NY93rd Ave10003+NY92nd Rd+10003|NY92nd Rd10003'
-73.7438,40.7676,0,6,'NYCary Pl10003|NYCary Pl10003+NY243rd St+10003|NYCary Pl10003+NY43rd Ave+10003|NY243rd St10003+NY43rd Ave+10003|NY43rd Ave10003'
-73.7438,40.6561,0,5,'NY240th St10003|NY240th St10003+NY147th Rd+10003'
-73.7438,40.7302,0,2,'NYHillside Ave10002+NYState Hwy 25+10002|NYHillside Ave10002+NYManor Rd+10002|NYHillside Ave10002+NYBraddock Ave+10002|NYState Hwy 2510002|NYState Hwy 2510002+NYState Hwy 25B+10002|NYState Hwy 2510002+NYManor Rd+10002|NYState Hwy 2510002+NYState Hwy 25+10002|NYState Hwy 25B10002|NYState Hwy 25B10002+NYManor Rd+10002|NYState Hwy 25B10002+NYBraddock Ave+10002|NYState Hwy 25B10002+NYState Hwy 25+10002|NYManor Rd10003|NYManor Rd10003+NYBraddock Ave+10003|NYManor Rd10003+NYState Hwy 25+10003|NYBraddock Ave10002+NYState Hwy 25+10002'
-73.7438,40.6141,0,1,'NYState Rte 87810002+NYBayview Ave+10002|NYBayview Ave10003+NYNassau Expy+10003'
-73.7438,40.7401,0,2,'NY76th Rd10003|NY76th Rd10003+NYCloverdale Blvd+10003'
-73.7437,40.5946,0,1,'NYBeach 9th St10003'
-73.7437,40.6813,0,2,'NY131st Ave10003+NY224th St+10003'
-73.7437,40.7394,0,2,'NYCloverdale Blvd10003+NY77th Ave+10003|NY77th Ave10003'
-73.7437,40.6038,0,1,'NYCornaga Ave10003+NYMador Ct+10003|NYMador Ct10003'
-73.7437,40.6691,0,3,'NY139th Ave10003+NY230th Pl+10003'
-73.7437,40.7255,0,1,'NY90th Ave10003+NY218th St+10003'
-73.7437,40.7749,0,1,'NY38th Ave10003+NYBrookside St+10003|NYBrookside St10003'
-73.7436,40.7668,0,5,'NY44th Ave10003+NY243rd St+10003|NY243rd St10003'
-73.7436,40.6106,0,1,'NYState Rte 87810002+NYCentral Ave+10002|NYNassau Expy10002+NYCentral Ave+10002'
-73.7436,40.9594,0,1,'NYDeerfield Ln10003'
-73.7436,40.6905,0,2,'NY219th St10003'
-73.7436,40.7219,0,2,'NY92nd Ave10003+NY215th Pl+10003'
-73.7436,40.7111,0,1,'NY215th St10003+NY106th Ave+10003|NY106th Ave10003'
-73.7436,40.6580,0,4,'NY146th Ave10003|NY146th Ave10003+NYEdgewood Ave+10003|NY146th Ave10003+NYEdgewood St+10003'
-73.7435,40.6597,0,1,'NYBrookville Blvd10003+NYNewhall Ave+10003|NYNewhall Ave10003'
-73.7435,40.6393,1,13,'NYBayview Ave10003+NYBrookville Blvd+10003|NYBrookville Blvd10003'
-73.7435,40.6992,0,2,'NY210th St10003|NY210th St10003+NYNashville Blvd+10003'
-73.7435,40.6070,0,2,'NYEmpire Ave10003+NYVirginia St+10003'
-73.7435,40.7062,0,3,'NY213th St10003|NY213th St10003+NYWitthoff St+10003|NY213th St10003+NY112th Ave+10003|NY213th St10003+NYWitthoff Ave+10003|NYWitthoff St10003+NY112th Ave+10003|NY112th Ave10003|NY112th Ave10003+NYWitthoff Ave+10003'
-73.7435,40.6711,0,1,'NY138th Ave10003+NY230th St+10003'
-73.7434,40.6015,0,1,'NYRoosevelt St10003|NYRoosevelt St10003+NYBeach 8th St+10003|NYBeach 8th St10003'
-73.7434,40.6836,0,1,'NY130th Ave10003+NY223rd St+10003|NY223rd St10003'
-73.7434,40.6082,0,1,'NYMoss Pl10003|NYMoss Pl10003+NYMoss Ave+10003|NYMoss Pl10003+NYMoss Pl+10003|NYMoss Ave10003|NYMoss Ave10003+NYMoss Pl+10003'
-73.7434,40.7778,1,1,'NYLittle Neck Pkwy10003|NYLittle Neck Pkwy10003+NY255th St+10003|NY255th St10003'
-73.7433,40.6909,0,2,'NY219th St10003|NY219th St10003+NYFrancis Lewis Blvd+10003'
-73.7433,40.7100,1,2,'NY215th St10003|NY215th St10003+NYHollis Ave+10003'
-73.7433,40.6175,0,1,'NYSmith St10003'
-73.7433,40.6525,0,3,'NY241st St10003'
-73.7433,40.7030,0,1,'NY212th St10003+NYMurdock Ave+10003'
-73.7433,40.6561,0,3,'NY241st St10003|NY241st St10003+NY147th Rd+10003'
-73.7433,40.6971,0,2,'NY116th Rd10003'
-73.7433,40.6998,0,1,'NY115th Rd10003|NY115th Rd10003+NYNashville Blvd+10003'
-73.7433,40.5993,0,1,'NYLanett Ave10003+NYBeach 8th St+10003|NYBeach 8th St10003'
-73.7433,40.7239,0,2,'NY217th St10003+NY91st Ave+10003'
-73.7433,40.7714,0,1,'NY41st Ave10003|NY41st Ave10003+NYWillow St+10003|NY41st Ave10003+NY247th St+10003'
-73.7432,40.7007,0,4,'NY211th St10003'
-73.7432,40.6027,0,2,'NYMador Ct10003'
-73.7432,40.6052,0,1,'NYAnnapolis St10003|NYAnnapolis St10003+NYBeck Rd+10003|NYBeck Rd10003'
-73.7432,40.7360,0,5,'NYGrnd Cntrl Parkway Entrance Wb10003|NYGrnd Cntrl Parkway Entrance Wb10003+NY86th Ave+10003'
-73.7431,40.6073,0,1,'NYEmpire Ave10003|NYEmpire Ave10003+NYBroadway+10003|NYEmpire Ave10003+NYHarris St+10003|NYBroadway10003|NYBroadway10003+NYHarris St+10003|NYHarris St10003'
-73.7431,40.6039,0,2,'NYCornaga Ave10003|NYCornaga Ave10003+NYCornaga Ct+10003|NYCornaga Ave10003+NYReads Ln+10003|NYCornaga Ct10003|NYCornaga Ct10003+NYReads Ln+10003'
-73.7431,40.7295,0,7,'NY89th Ave10003+NY220th St+10003|NY220th St10003'
-73.7431,40.7724,0,1,'NY248th St10003|NY248th St10003+NY40th Ave+10003'
-73.7431,40.6770,0,2,'NY227th St10003+NYMerrick Blvd+10003'
-73.7431,40.7384,0,15,'NYKingsbury Ave10003+NYCloverdale Blvd+10003'
-73.7431,40.7100,0,2,'NY215th St10003|NY215th St10003+NYHollis Ave+10003'
-73.7430,40.6595,0,1,'NYNewhall Ave10003+NYHuxley St+10003|NYHuxley St10003'
-73.7430,40.7154,0,2,'NYHempstead Ave10003+NY98th Ave+10003|NY98th Ave10003'
-73.7430,40.7655,0,1,'NY243rd St10003|NY243rd St10003+NYState Hwy 25 Alt+10003|NY243rd St10003+NYNorthern Blvd+10003'
-73.7430,40.5960,0,1,'NYSeagirt Ave10003+NYBeach 8th St+10003|NYBeach 8th St10003'
-73.7430,40.6603,0,3,'NYBrookville Blvd10003+NYMayda Rd+10003|NYMayda Rd10003'
-73.7430,40.6668,0,6,'NY232nd St10003|NY232nd St10003+NY141st Ave+10003|NY232nd St10003+NYMentone Ave+10003|NY141st Ave10003|NY141st Ave10003+NYMentone Ave+10003'
-73.7430,40.7259,0,1,'NY218th Pl10003+NY90th Ave+10003'
-73.7429,40.7912,0,1,'NYWoodland Pl E10003|NYWoodland Pl E10003+NYWoodland Pl E+10003|NYWoodland Pl10003|NYWoodland Pl10003+NYWoodland Pl E+10003'
-73.7429,40.6074,0,1,'NYBroadway10003+NYNew McNeil Ave+10003|NYNew McNeil Ave10003'
-73.7429,40.7624,0,4,'NYDouglaston Pkwy10003+NYRushmore Ave+10003'
-73.7429,40.7023,0,1,'NYColfax St10003+NY212th St+10003|NY212th St10003'
-73.7429,40.6083,0,1,'NYDoughty Blvd10003+NYMoss Ave+10003|NYDoughty Blvd10003+NYMoss Pl+10003|NYMoss Ave10003|NYMoss Ave10003+NYMoss Pl+10003|NYMoss Pl10003'
-73.7429,40.6065,0,1,'NYVirginia St10003+NYAlmont Rd+10003|NYAlmont Rd10003'
-73.7429,40.7312,0,2,'NYState Hwy 25B10002+NYManor Rd+10002|NYManor Rd10003|NYManor Rd10003+NYHillside Ave+10003|NYManor Rd10003+NYManor Rd+10003|NYHillside Ave10002+NYManor Rd+10002'
-73.7429,40.7031,0,2,'NYDelevan St10003'
-73.7429,40.6810,0,10,'NY131st Ave10003+NY225th St+10003'
-73.7428,40.6399,3,3,'NYRockaway Blvd10003+NYBayview Ave+10003|NYRockaway Blvd10003+NYBrookville Blvd+10003|NYBayview Ave10003|NYBayview Ave10003+NYBrookville Blvd+10003|NYBrookville Blvd10003'
-73.7428,40.7223,0,4,'NY92nd Ave10003+NY216th St+10003'
-73.7428,40.7617,0,1,'NYCarolina Rd10003|NYCarolina Rd10003+NYDouglaston Pkwy+10003'
-73.7428,40.6195,0,1,'NYJohn St10003+NYDesibio Pl+10003|NYJohn St10003+NYFern Pl+10003|NYJohn St10003+NYde Sibio Pl+10003|NYDesibio Pl10003|NYDesibio Pl10003+NYde Sibio Pl+10003|NYFern Pl10003|NYFern Pl10003+NYde Sibio Pl+10003|NYde Sibio Pl10003|NYde Sibio Pl10003+NYde Sibio Pl+10003'
-73.7428,40.6653,4,4,'NY233rd St10003'
-73.7428,40.9291,0,1,'NYHommocks Rd10003'
-73.7428,40.7200,0,1,'NY215th St10003+NY93rd Ave+10003'
-73.7428,40.6688,1,2,'NY139th Ave10003+NY231st St+10003'
-73.7428,40.7376,0,1,'NYCloverdale Blvd10003|NYCloverdale Blvd10003+NYCloverdale Blvd+10003'
-73.7428,40.7516,0,1,'NYCross Island Pkwy10003+NYW Alley Rd+10003'
-73.7428,40.6902,0,2,'NY220th St10003|NY220th St10003+NYFrancis Lewis Blvd+10003'
-73.7428,40.7067,0,1,'NY214th St10003|NY214th St10003+NYWitthoff St+10003|NY214th St10003+NYWitthoff Ave+10003|NY214th St10003+NY111th Rd+10003|NYWitthoff St10003+NY111th Rd+10003|NYWitthoff Ave10003+NY111th Rd+10003|NY111th Rd10003'
-73.7428,40.6525,0,3,'NY241st St10003'
-73.7427,40.7902,0,1,'NYBayview Ave10003+NYHickory Dr+10003|NYHickory Dr10003'
-73.7426,40.6708,0,1,'NY138th Ave10003|NY138th Ave10003+NY230th Pl+10003|NY138th Ave10003+NYFrancis Lewis Blvd+10003|NY230th Pl10003|NY230th Pl10003+NYFrancis Lewis Blvd+10003'
-73.7426,40.5949,0,1,'NYBeach 8th St10003'
-73.7426,40.7613,0,1,'NYDouglaston Pkwy10003+NYBarrows Ct+10003|NYBarrows Ct10003'
-73.7426,40.7642,0,1,'NY243rd St10003+NYAlameda Ave+10003'
-73.7426,40.6833,0,1,'NY130th Ave10003+NY224th St+10003|NY224th St10003'
-73.7426,40.6048,0,1,'NYCedarlawn Ave10003+NYAnnapolis St+10003|NYAnnapolis St10003'
-73.7425,40.7181,0,5,'NY94th Rd10003+NYVanderveer St+10003'
-73.7425,40.7244,0,1,'NY91st Ave10003+NY218th St+10003'
-73.7425,40.7915,0,1,'NYParkside Dr10003|NYParkside Dr10003+NYWoodland Pl E+10003|NYParkside Dr10003+NYWoodland Pl+10003|NYWoodland Pl E10003|NYWoodland Pl E10003+NYWoodland Pl E+10003|NYWoodland Pl10003|NYWoodland Pl10003+NYWoodland Pl E+10003'
-73.7425,40.7121,0,1,'NY104th Ave10003+NY216th St+10003'
-73.7424,40.7368,0,5,'NYGrand Central Pkwy10003|NYGrand Central Pkwy10003+NY86th Ave+10003|NYGrand Central Pkwy10003+NYCloverdale Blvd+10003|NYGrand Central Pkwy10003+NYUnion Tpke+10003|NY86th Ave10003|NY86th Ave10003+NYCloverdale Blvd+10003|NY86th Ave10003+NYUnion Tpke+10003|NY86th Ave10003+NY86th Ave+10003|NYCloverdale Blvd10003|NYCloverdale Blvd10003+NYUnion Tpke+10003|NYCloverdale Blvd10003+NY86th Ave+10003|NYUnion Tpke10003+NY86th Ave+10003'
-73.7424,40.7300,0,4,'NYState Hwy 2510002+NY221st St+10002|NYState Hwy 2510002+NY89th Ave+10002|NY221st St10003|NY221st St10003+NY89th Ave+10003|NY221st St10003+NYBraddock Ave+10003|NY89th Ave10003|NY89th Ave10003+NYBraddock Ave+10003'
-73.7424,40.7083,0,3,'NY215th St10003+NY110th Ave+10003'
-73.7424,40.6228,0,1,'NYHenry St10003|NYHenry St10003+NYBurnside Ave+10003'
-73.7424,40.7813,0,1,'NYPine Dr10003'
-73.7423,40.6419,1,0,'NYBrookville Blvd10003|NYBrookville Blvd10003+NYBrookville Blvd+10003'
-73.7423,40.6995,0,1,'NY115th Rd10003'
-73.7423,40.6029,0,2,'NYReads Ln10003+NYCaffrey Ave+10003|NYCaffrey Ave10003'
-73.7423,40.7728,0,1,'NY249th St10003|NY249th St10003+NY40th Ave+10003'
-73.7423,40.7704,0,7,'NYWillow St10003+NYDepew Ave+10003|NY247th St10003+NYDepew Ave+10003|NYDepew Ave10003'
-73.7423,40.5987,0,1,'NYMeehan Ave10003|NYMeehan Ave10003+NYBeach 7th St+10003'
-73.7422,40.6165,0,1,'NYWanser Ave10003+NYNassau Expy+10003|NYWanser Ave10003+NYState Rte 878+10003'
-73.7422,40.6561,0,3,'NYEdgewood St10003+NY147th Rd+10003|NY147th Rd10003'
-73.7422,40.7264,0,6,'NY90th Ave10003+NY219th St+10003'
-73.7422,40.6076,0,3,'NYDoughty Blvd10003|NYNassau Expy10003'
-73.7422,40.6059,0,1,'NYVirginia St10003+NYBeck Rd+10003|NYBeck Rd10003'
-73.7422,40.7021,0,2,'NYColfax St10003+NYNashville Blvd+10003'
-73.7422,40.6006,0,1,'NYFrisco Ave10003'
-73.7422,40.6767,0,2,'NY228th St10003+NYMerrick Blvd+10003'
-73.7422,40.6591,0,2,'NY241st St10003+NYNewhall Ave+10003'
-73.7421,40.7102,0,1,'NY216th St10003|NY216th St10003+NYHollis Ave+10003'
-73.7421,40.5981,0,1,'NYBeach 7th St10003+NYJarvis Ave+10003|NYBeach 7th St10003+NYJarvis Ct+10003|NYJarvis Ave10003|NYJarvis Ct10003'
-73.7421,40.7656,0,1,'NYState Hwy 25 Alt10002+NY244th St+10002|NY244th St10003+NYNorthern Blvd+10003'
-73.7421,40.7740,0,2,'NYRailroad Ave10003|NYRailroad Ave10003+NYLittle Neck Pkwy+10003|NYLittle Neck Pkwy10003+NY39th Ave+10003|NY39th Ave10003'
-73.7420,40.9557,0,1,'NYAlling St10003|NYAlling St10003+NYPelham St+10003|NYPelham St10003'
-73.7420,40.7593,0,2,'NY52nd Ave10003+NY241st St+10003|NY241st St10003'
-73.7420,40.7607,0,1,'NYVan Zandt Ave10003|NYVan Zandt Ave10003+NYDouglaston Pkwy+10003'
-73.7420,40.6808,0,4,'NY226th St10003+NY131st Ave+10003'
-73.7420,40.6113,0,2,'NYLord Ave10003|NYLord Ave10003+NYCentral Ave+10003'
-73.7420,40.7002,0,1,'NY115th Ter10003'
-73.7420,40.6615,0,1,'NYBrookville Blvd10003+NY144th Ave+10003|NY144th Ave10003'
-73.7420,40.7204,0,2,'NY93rd Ave10003+NY215th Pl+10003'
-73.7420,40.6685,0,1,'NY232nd St10003+NY139th Ave+10003'
-73.7419,40.6668,0,4,'NY233rd St10003|NY233rd St10003+NYMentone Ave+10003'
-73.7419,40.6976,0,3,'NY217th St10003+NY116th Ave+10003'
-73.7419,40.7737,0,5,'NY39th Rd10003|NY39th Rd10003+NY250th St+10003|NY39th Rd10003+NYLittle Neck Pkwy+10003'
-73.7419,40.7374,0,1,'NYGrand Central Pkwy10003|NYGrand Central Pkwy10003+NY86th Ave+10003|NYGrand Central Pkwy10003+NY230th St+10003|NYGrand Central Pkwy10003+NYGrand Central Pkwy+10003|NYGrand Central Pkwy10003+NYGrand Cntrl Pkwy+10003|NY86th Ave10003|NY86th Ave10003+NY230th St+10003|NY86th Ave10003+NY86th Ave+10003|NY86th Ave10003+NYGrand Central Pkwy+10003|NY86th Ave10003+NYGrand Cntrl Pkwy+10003|NY230th St10003|NY230th St10003+NY86th Ave+10003|NY230th St10003+NYGrand Central Pkwy+10003|NY230th St10003+NYGrand Cntrl Pkwy+10003|NYGrand Cntrl Pkwy10003'
-73.7419,40.7768,0,3,'NY255th St10003+NY37th Ave+10003'
-73.7418,40.6899,1,1,'NY221st St10003'
-73.7418,40.7535,0,2,'NYDouglaston Pkwy10003|NYDouglaston Pkwy10003+NYDouglaston Pkwy+10003'
-73.7418,40.6880,0,3,'NY121st Ave10003+NY222nd St+10003|NY222nd St10003'
-73.7418,40.6554,0,2,'NYEdgewood St10003+NY147th Dr+10003|NY147th Dr10003'
-73.7418,40.7213,1,2,'NY92nd Rd10003+NY216th St+10003'
-73.7418,40.7722,0,2,'NY249th St10003+NY41st Ave+10003'
-73.7417,40.6705,0,4,'NYFrancis Lewis Blvd10003+NY231st St+10003'
-73.7417,40.7920,0,1,'NYWoodland Pl E10003+NYRobin Way+10003|NYRobin Way10003'
-73.7417,40.7757,0,1,'NY38th Ave10003|NY38th Ave10003+NY254th St+10003|NY254th St10003'
-73.7417,40.6597,0,2,'NY241st St10003+NYMayda Rd+10003'
-73.7417,40.6023,0,2,'NYElvira Ave10003+NYReads Ln+10003'
-73.7417,40.7318,0,5,'NYHillside Ave10002+NYHillside Ave+10002|NYHillside Ave10003|NYHillside Ave10003+NYState Hwy 25B+10003'
-73.7417,40.6831,0,2,'NY130th Ave10003+NY225th St+10003|NY225th St10003'
-73.7417,40.7354,0,7,'NYStronghurst Ave10003+NY229th St+10003|NY229th St10003'
-73.7417,40.7008,0,1,'NY115th Ct10003'
-73.7417,40.7034,0,5,'NYMurdock Ave10003+NYNashville Blvd+10003|NYNashville Blvd10003'
-73.7417,40.7184,0,1,'NY215th St10003+NY94th Rd+10003'
-73.7416,40.7387,0,1,'NYKingsbury Ave10003|NYKingsbury Ave10003+NY86th Ave+10003|NY86th Ave10003'
-73.7416,40.9503,0,1,'NYFenimore Rd10003+NYRailroad Way+10003|NYRailroad Way10003'
-73.7416,40.6082,0,1,'NYBroadway10003+NYWestover Pl+10003|NYWestover Pl10003'
-73.7416,40.6884,0,2,'NY222nd St10003+NYFrancis Lewis Blvd+10003'
-73.7416,40.6725,0,10,'NY137th Ave10003+NYFrancis Lewis Blvd+10003'
-73.7416,40.7369,0,1,'NYGrand Central Pkwy10002+NYUnion Tpke+10002'
-73.7416,40.6621,0,2,'NYBrookville Blvd10003+NYCaney Rd+10003|NYCaney Rd10003'
-73.7415,40.6574,0,3,'NY243rd St10003|NY243rd St10003+NYHuxley St+10003|NY147th Ave10003+NYHuxley St+10003'
-73.7415,40.7064,0,1,'NYDelevan St10003+NY111th Rd+10003'
-73.7415,40.7085,0,1,'NY216th St10003+NY110th Ave+10003'
-73.7415,40.5882,0,1,'NYPacific Blvd10003'
-73.7414,40.7346,0,3,'NY229th St10003+NYSeward Ave+10003|NYSeward Ave10003'
-73.7414,40.6200,0,2,'NYHenry St10003|NYHenry St10003+NYProvenzano St+10003|NYProvenzano St10003'
-73.7414,40.7566,0,2,'NY240th St10003'
-73.7414,40.7739,0,2,'NY39th Rd10003+NYWestmoreland St+10003|NYWestmoreland St10003'
-73.7414,40.7527,0,1,'NYDouglaston Pkwy10003+NY65th Ave+10003|NY65th Ave10003'
-73.7414,40.7379,0,1,'NY86th Ave10003+NYGrand Central Pkwy+10003|NYGrand Central Pkwy10003|NYGrand Central Pkwy10003+NYGrnd Cntrl Parkway Exit Wb+10003|NYGrnd Cntrl Parkway Exit Wb10003'
-73.7414,40.6547,0,2,'NY148th Ave10003|NY148th Ave10003+NYEdgewood St+10003'
-73.7414,40.7732,0,2,'NY250th St10003+NY40th Ave+10003|NY40th Ave10003+NYLittle Neck Pkwy+10003'
-73.7413,40.7599,0,2,'NY52nd Ave10003|NY52nd Ave10003+NYDouglaston Pkwy+10003'
-73.7413,40.7525,0,1,'NYW Alley Rd10003|NYW Alley Rd10003+NYDouglaston Pkwy+10003'
-73.7413,40.6764,0,4,'NY229th St10003+NYMerrick Blvd+10003'
-73.7413,40.7105,1,7,'NY217th St10003|NY217th St10003+NYHollis Ave+10003'
-73.7413,40.7546,0,9,'NYDouglaston Pkwy10003|NYDouglaston Pkwy10003+NYDouglaston Pkwy+10003'
-73.7413,40.7631,0,3,'NY244th St10003|NY244th St10003+NYRushmore Ave+10003'
-73.7413,40.7685,0,7,'NY43rd Ave10003|NY43rd Ave10003+NYWillow St+10003|NY43rd Ave10003+NY247th St+10003'
-73.7413,40.6116,0,2,'NYRichmond Pl10003|NYRichmond Pl10003+NYCentral Ave+10003'
-73.7412,40.7078,0,1,'NY110th Rd10003'
-73.7412,40.5960,0,3,'NYBeach 6th St10003|NYBeach 6th St10003+NYSeagirt Ave+10003'
-73.7412,40.6664,0,1,'NYN Conduit Ave10003+NYLaurelton Pkwy+10003|NYLaurelton Pkwy10003'
-73.7412,40.6628,0,1,'NYBrookville Blvd10003+NYWeller Ave+10003|NYWeller Ave10003'
-73.7411,40.6805,0,3,'NY131st Ave10003+NY227th St+10003'
-73.7411,40.7207,0,2,'NY93rd Ave10003+NY216th St+10003'
-73.7411,40.6037,0,3,'NYAnnapolis St10003|NYAnnapolis St10003+NYAnnapolis St+10003|NYAnnapolis St10003+NYCaffrey Ave+10003'
-73.7411,40.7337,0,3,'NY229th St10003+NYManor Rd+10003|NYManor Rd10003'
-73.7410,40.7020,0,2,'NY114th Ave10003'
-73.7410,40.7117,0,2,'NY217th St10003+NY106th Ave+10003|NY106th Ave10003'
-73.7410,40.7361,0,26,'NYStronghurst Ave10003+NY230th St+10003|NY230th St10003'
-73.7410,40.7751,0,2,'NY39th Ave10003|NY39th Ave10003+NY254th St+10003|NY254th St10003'
-73.7410,40.7218,0,5,'NY217th St10003+NY92nd Rd+10003|NY92nd Rd10003'
-73.7410,40.6973,0,2,'NY218th St10003+NY116th Ave+10003'
-73.7410,40.6993,0,1,'NY115th Rd10003+NY217th St+10003'
-73.7410,40.7316,0,3,'NY88th Ave10003'
-73.7410,40.7114,0,2,'NY217th St10003+NY106th Ave+10003|NY106th Ave10003'
-73.7410,40.7006,1,0,'NY115th Ct10003'
-73.7410,40.6658,2,0,'NYLaurelton Pkwy10002|NYLaurelton Pkwy10002+NYSunrise Hwy+10002|NYLaurelton Pkwy10002+NYState Hwy 27+10002|NYLaurelton Pkwy10002+NYSouthern Pkwy+10002|NYSunrise Hwy10002+NYSouthern Pkwy+10002|NYState Hwy 2710002+NYSouthern Pkwy+10002|NYSouthern Pkwy10003'
-73.7409,40.6102,0,2,'NYLord Ave10003+NYHards Ln+10003|NYHards Ln10003'
-73.7409,40.6522,0,1,'NY243rd St10003'
-73.7409,40.5948,0,1,'NYBeach 6th St10003'
-73.7409,40.5960,0,1,'NYSeagirt Ave10003+NYCoronado Ct+10003|NYCoronado Ct10003'
-73.7409,40.6702,0,3,'NY232nd St10003+NYFrancis Lewis Blvd+10003'
-73.7409,40.6016,0,1,'NYOak Dr10003+NYReads Ln+10003'
-73.7409,40.7603,0,1,'NY51st Ave10003+NYRedfield St+10003|NYRedfield St10003'
-73.7408,40.7106,0,1,'NY217th St10003|NY217th St10003+NYHollis Ave+10003'
-73.7408,40.7577,0,3,'NY53rd Ave10003+NY241st St+10003'
-73.7408,40.7188,0,2,'NY94th Rd10003+NY215th Pl+10003'
-73.7408,40.6610,0,1,'NY241st St10003+NY144th Ave+10003'
-73.7408,40.7498,0,1,'NYCross Island Pkwy10003+NYW Alley Rd+10003|NYW Alley Rd10003'
-73.7408,40.6044,0,1,'NYVirginia St10003+NYCaffrey Ave+10003'
-73.7408,40.6230,0,1,'NYNassau Expy10003|NYNassau Expy10003+NYNassau Expy+10003|NYNassau Expy10003+NYState Rte 878+10003|NYNassau Expy10003+NYBurnside Ave+10003|NYNassau Expy10002|NYNassau Expy10002+NYBurnside Ave+10002|NYState Rte 87810002|NYState Rte 87810002+NYBurnside Ave+10002'
-73.7408,40.6634,0,1,'NYBrookville Blvd10003+NY143rd Ave+10003|NY143rd Ave10003'
-73.7408,40.7273,0,9,'NY90th Ave10003+NY220th St+10003'
-73.7407,40.6585,0,7,'NY243rd St10003+NYNewhall Ave+10003'
-73.7407,40.7728,0,4,'NY41st Ave10003|NY41st Ave10003+NY250th St+10003|NY41st Ave10003+NYLittle Neck Pkwy+10003'
-73.7407,40.6355,0,1,'NY2nd St10003|NY2nd St10003+NY3rd St+10003'
-73.7407,40.7295,0,4,'NYState Hwy 2510002+NY221st Pl+10002|NY221st Pl10003|NY221st Pl10003+NYBraddock Ave+10003'
-73.7407,40.7326,0,3,'NYState Hwy 25B10002+NY229th St+10002|NY229th St10003+NYHillside Ave+10003'
-73.7406,40.5993,0,5,'NYMeehan Ave10003+NYBeach 6th St+10003'
-73.7406,40.9552,0,1,'NYWashington St10003'
-73.7406,40.6560,0,1,'NY147th Dr10003|NY147th Dr10003+NYHuxley St+10003'
-73.7406,40.7237,0,2,'NY218th Pl10003+NY92nd Ave+10003'
-73.7406,40.7087,0,1,'NY217th St10003+NY110th Ave+10003'
-73.7406,40.6533,0,1,'NYEdgewood St10003+NY148th Dr+10003|NY148th Dr10003'
-73.7405,40.7348,0,4,'NY230th St10003|NY230th St10003+NYSeward Ave+10003'
-73.7405,40.7879,0,2,'NYBayview Ave10003+NYOak Dr+10003|NYOak Dr10003|NYOak Dr10003+NYLocust Dr+10003|NYLocust Dr10003'
-73.7405,40.6574,0,4,'NY245th St10003|NY245th St10003+NY147th Ave+10003'
-73.7405,40.7325,0,1,'NYHillside Ave10002+NY229th St+10002|NY229th St10003|NY229th St10003+NYState Hwy 25B+10003'
-73.7405,40.6761,0,1,'NY230th St10003+NYMerrick Blvd+10003'
-73.7404,40.5960,0,1,'NYBeach 5th St10003'
-73.7404,40.6641,0,3,'NYBrookville Blvd10003+NY142nd Ave+10003|NY142nd Ave10003'
-73.7403,40.7707,0,2,'NY249th St10003+NYDepew Ave+10003|NYDepew Ave10003'
-73.7403,40.7369,0,80,'NYStronghurst Ave10003+NY231st St+10003|NY231st St10003'
-73.7403,40.7039,0,1,'NY113th Ave10003'
-73.7403,40.7257,0,1,'NY91st Ave10003|NY91st Ave10003+NYSpringfield Blvd+10003'
-73.7403,40.6012,0,2,'NYReads Ln10003+NYCedar Hill Rd+10003|NYCedar Hill Rd10003'
-73.7403,40.6591,0,1,'NY243rd St10003+NYMayda Rd+10003'
-73.7403,40.6802,0,2,'NY228th St10003+NY131st Ave+10003'
-73.7402,40.9441,0,1,'NYCortland Ave10003|NYCortland Ave10003+NYRockland Ave+10003'
-73.7402,40.7041,0,1,'NY113th Ave10003'
-73.7402,40.6664,2,4,'NYLaurelton Pkwy10002+NYN Conduit Ave+10002'
-73.7402,40.7690,0,6,'NY43rd Ave10003+NY248th St+10003'
-73.7402,40.7146,0,3,'NYHempstead Ave10003+NY217th Pl+10003|NY217th Pl10003'
-73.7402,40.6082,0,1,'NYBeechwood Dr10003|NYBeechwood Dr10003+NYForest Ln+10003|NYForest Ln10003'
-73.7402,40.7583,1,0,'NYThornhill Ave10003'
-73.7402,40.6837,0,1,'NY226th St10003'
-73.7402,40.6553,0,4,'NY148th Ave10003|NY148th Ave10003+NYHuxley St+10003'
-73.7402,40.7117,0,1,'NY106th Ave10003'
-73.7401,40.6990,0,1,'NY115th Rd10003+NY218th St+10003'
-73.7401,40.6951,0,1,'NYLinden Blvd10003+NY220th St+10003'
-73.7401,40.7076,0,2,'NYMonterey St10003|NYMonterey St10003+NY217th St+10003|NYMonterey St10003+NY110th Rd+10003|NY217th St10003|NY217th St10003+NY110th Rd+10003'
-73.7401,40.6213,0,1,'NYZavatt St10003|NYZavatt St10003+NYPearl St+10003|NYPearl St10003'
-73.7401,40.6355,0,2,'NYRockaway Blvd10003|NYRockaway Blvd10003+NYRockaway Tpke+10003|NYRockaway Tpke10003'
-73.7401,40.6913,0,4,'NY119th Ave10003+NY222nd St+10003'
-73.7401,40.7010,0,3,'NY115th Ave10003+NY217th St+10003|NY217th St10003'
-73.7401,40.7599,0,2,'NY52nd Ave10003|NY52nd Ave10003+NYRedfield St+10003'
-73.7401,40.7636,0,2,'NYRushmore Ave10003+NY245th St+10003|NY245th St10003'
-73.7401,40.6933,0,3,'NY118th Ave10003+NY221st St+10003'
-73.7401,40.7046,0,3,'NY112th Rd10003'
-73.7401,40.6121,0,1,'NYCentral Ave10003+NYWinchester Pl+10003|NYWinchester Pl10003'
-73.7401,40.7137,0,1,'NY102nd Ave10003|NY102nd Ave10003+NY217th Pl+10003'
-73.7401,40.6875,0,4,'NY224th St10003|NY224th St10003+NYFrancis Lewis Blvd+10003'
-73.7401,40.7663,0,1,'NYState Hwy 25 Alt10002+NYWillow St+10002|NYState Hwy 25 Alt10002+NY247th St+10002|NYNorthern Blvd10002+NYWillow St+10002|NYNorthern Blvd10002+NY247th St+10002|NYWillow St10003|NY247th St10003'
-73.7400,40.7902,0,1,'NYGateway Dr10003|NYGateway Dr10003+NYDeepdale Dr+10003'
-73.7400,40.6699,0,1,'NY233rd St10003+NYFrancis Lewis Blvd+10003'
-73.7400,40.7255,0,1,'NY91st Rd10003'
-73.7400,40.7277,0,3,'NY90th Ave10003+NY221st St+10003'
-73.7400,40.6275,0,1,'NYBay Blvd10003|NYBay Blvd10003+NYNassau Expy+10003'
-73.7400,40.7536,0,6,'NYDouglaston Pkwy10003|NYDouglaston Pkwy10003+NYDouglaston Pkwy+10003'
-73.7400,40.6825,0,6,'NY130th Ave10003+NY227th St+10003|NY227th St10003'
-73.7400,40.7580,0,1,'NY53rd Ave10003|NY53rd Ave10003+NYDouglaston Pkwy+10003'
-73.7400,40.7650,0,1,'NYAlameda Ave10003+NYOverbrook St+10003|NYOverbrook St10003'
-73.7400,40.7207,0,1,'NY217th St10003+NY93rd Rd+10003|NY93rd Rd10003'
-73.7400,40.7615,0,1,'NYVan Zandt Ave10003+NY244th St+10003'
-73.7399,40.6581,0,4,'NY245th St10003|NY245th St10003+NYNewhall Ave+10003'
-73.7399,40.6246,3,3,'NYPark Ave10003|NYPark Ave10003+NYGarden Ln+10003'
-73.7399,40.7131,0,1,'NY103rd Ave10003|NY103rd Ave10003+NY217th Pl+10003'
-73.7399,40.7241,0,3,'NY219th St10003+NY92nd Ave+10003'
-73.7399,40.7513,0,1,'NY67th Ave10003|NY67th Ave10003+NYDouglaston Pkwy+10003'
-73.7399,40.6347,0,4,'NYEast Ave10003|NYEast Ave10003+NYRockaway Tpke+10003'
-73.7398,40.6719,0,1,'NY232nd St10003+NY137th Ave+10003'
-73.7398,40.7173,0,3,'NYJamaica Ave10003+NY215th Pl+10003|NY215th Pl10003'
-73.7398,40.7872,0,1,'NYSycamore Dr10003|NYSycamore Dr10003+NYBayview Ave+10003'
-73.7398,40.6059,0,1,'NYState Rte 87810002+NYRock Hall Rd+10002|NYNassau Expy10002+NYRock Hall Rd+10002'
-73.7398,40.6597,0,1,'NY145th Ave10003+NY243rd St+10003'
-73.7398,40.9570,1,1,'NYRalph Ave10003'
-73.7398,40.6545,0,2,'NYHuxley St10003+NY148th Rd+10003|NY148th Rd10003'
-73.7398,40.5978,0,1,'NYBeach 6th St10003|NYBeach 6th St10003+NYSeagirt Blvd+10003'
-73.7398,40.7736,0,1,'NYWestmoreland St10003+NY41st Ave+10003|NY41st Ave10003'
-73.7398,40.6186,0,2,'NYChurch St10003'
-73.7398,40.7576,0,1,'NY54th Ave10003'
-73.7397,40.8084,0,2,'NYHelen Ln10003'
-73.7397,40.5960,0,1,'NYBeach 4th St10003'
-73.7397,40.7056,0,1,'NY112th Ave10003'
-73.7397,40.6281,0,2,'NYBay Blvd10003|NYBay Blvd10003+NYNassau Expy+10003'
-73.7397,40.6090,0,1,'NYBroadway10003+NYLord Ave+10003|NYLord Ave10003'
-73.7397,40.6038,0,2,'NYVirginia St10003|NYVirginia St10003+NYElvira Ave+10003|NYElvira Ave10003'
-73.7396,40.7752,0,1,'NYGlenwood St10003|NYGlenwood St10003+NY39th Rd+10003'
-73.7396,40.7350,0,14,'NYSeward Ave10003+NY231st St+10003|NY231st St10003'
-73.7396,40.6739,0,3,'NY135th Ave10003+NY231st St+10003'
-73.7396,40.8026,0,1,'NYCrampton Ave10003|NYCrampton Ave10003+NYBeach Rd+10003'
-73.7396,40.7060,0,3,'NY111th Rd10003'
-73.7396,40.5881,0,1,'NYPacific Blvd10003+NYCoronado St+10003|NYCoronado St10003'
-73.7395,40.6653,0,1,'NYBrookville Blvd10003+NYState Rte 27+10003|NYBrookville Blvd10003+NYS Conduit Ave+10003'
-73.7395,40.7572,0,1,'NYHorace Harding Blvd10003+NYDouglaston Pkwy+10003|NYDouglaston Pkwy10003+NYHorace Harding Expy+10003'
-73.7395,40.7530,0,4,'NY240th St10003|NY240th St10003+NY65th Ave+10003'
-73.7394,40.8217,0,1,'NYBeech Dr10003|NYBeech Dr10003+NYChannel Dr+10003'
-73.7394,40.7588,0,10,'NYThornhill Ave10003+NYRedfield St+10003|NYRedfield St10003'
-73.7394,40.6799,0,4,'NY131st Ave10003+NY229th St+10003'
-73.7394,40.7398,0,1,'NYGrnd Cntrl Parkway Exit Wb10003|NYGrnd Cntrl Parkway Exit Wb10003+NYGrand Central Pkwy+10003'
-73.7394,40.6628,0,2,'NY241st St10003+NY143rd Ave+10003'
-73.7394,40.7693,0,2,'NY43rd Ave10003+NY249th St+10003'
-73.7394,40.7558,0,12,'NY61st Ave10003'
-73.7394,40.6538,0,10,'NYHuxley St10003+NY148th Dr+10003|NY148th Dr10003'
-73.7394,40.7666,0,1,'NYAlameda Ave10003'
-73.7394,40.7313,1,4,'NY87th Ave10003'
-73.7394,40.7725,0,2,'NY41st Rd10003'
-73.7394,40.6065,0,1,'NYLakeside Dr S10003'
-73.7394,40.7713,0,1,'NY41st Dr10003|NY41st Dr10003+NY250th St+10003|NY41st Dr10003+NYLittle Neck Pkwy+10003'
-73.7393,40.7506,0,2,'NY67th Ave10003|NY67th Ave10003+NYDouglaston Pkwy+10003'
-73.7393,40.7523,0,3,'NY240th St10003|NY240th St10003+NY66th Ave+10003'
-73.7393,40.6603,0,2,'NY243rd St10003+NY144th Ave+10003'
-73.7393,40.7944,0,1,'NYBrook Ln10003'
-73.7393,40.7639,0,1,'NYRushmore Ave10003|NYRushmore Ave10003+NYOverbrook St+10003'
-73.7393,40.7259,0,2,'NY91st Rd10003+NY220th St+10003'
-73.7393,40.7570,0,1,'NYDouglaston Pkwy10003+NYI 495+10003|NYDouglaston Pkwy10003+NYLong Island Expy+10003'
-73.7393,40.7067,0,1,'NY111th Ave10003'
-73.7393,40.6987,0,1,'NY219th St10003+NY115th Rd+10003'
-73.7393,40.6949,0,3,'NYLinden Blvd10003+NY221st St+10003'
-73.7392,40.7121,0,1,'NY105th Ave10003|NY105th Ave10003+NY217th Ln+10003'
-73.7392,40.7007,0,1,'NY218th St10003'
-73.7392,40.6696,0,1,'NY234th St10003+NYFrancis Lewis Blvd+10003'
-73.7392,40.6872,0,10,'NY225th St10003|NY225th St10003+NYFrancis Lewis Blvd+10003'
-73.7392,40.7567,0,10,'NYHorace Harding Expy10003+NYDouglaston Pkwy+10003|NYHorace Harding Blvd10003+NYDouglaston Pkwy+10003'
-73.7392,40.7092,0,1,'NYMonterey St10003+NY109th Ave+10003'
-73.7392,40.6002,0,5,'NYMeehan Ave10003+NYReads Ln+10003'
-73.7391,40.7211,0,2,'NY218th St10003+NY93rd Rd+10003'
-73.7391,40.7246,0,4,'NYSpringfield Blvd10003+NY92nd Ave+10003'
-73.7391,40.6822,0,2,'NY228th St10003|NY228th St10003+NY130th Ave+10003'
-73.7391,40.6653,0,1,'NYMemphis Ave10003'
-73.7391,40.7128,0,2,'NY104th Ave10003|NY104th Ave10003+NY217th Ln+10003'
-73.7391,40.7195,1,4,'NY217th St10003+NY94th Rd+10003'
-73.7391,40.7618,0,9,'NYVan Zandt Ave10003+NY245th St+10003'
-73.7391,40.7750,0,1,'NYGlenwood St10003+NY39th Rd+10003|NY39th Rd10003'
-73.7390,40.8095,0,1,'NYRobin Hill Rd10003'
-73.7390,40.7634,0,1,'NYDeepdale Ave10003|NYDeepdale Ave10003+NYOverbrook St+10003'
-73.7390,40.7135,0,4,'NY217th Ln10003+NY103rd Ave+10003|NY103rd Ave10003'
-73.7389,40.8030,0,1,'NYBeach Rd10003+NYMaple St+10003'
-73.7389,40.7988,0,1,'NYWilliam St10003|NYWilliam St10003+NYWilliam Penn Rd+10003|NYWilliam St10003+NYPolo Rd+10003|NYWilliam Penn Rd10003|NYWilliam Penn Rd10003+NYPolo Rd+10003'
-73.7389,40.7142,0,2,'NYHempstead Ave10003+NY217th Ln+10003'
-73.7389,40.6634,0,1,'NY142nd Ave10003+NY241st St+10003'
-73.7389,40.6545,0,14,'NY249th St10003|NY249th St10003+NY148th Rd+10003'
-73.7389,40.6609,0,1,'NY243rd St10003+NYCaney Rd+10003'
-73.7389,40.9549,0,1,'NYSheldrake Pl10003|NYSheldrake Pl10003+NYMamaroneck Ave+10003'
-73.7389,40.7175,0,1,'NYJamaica Ave10003+NY216th St+10003|NY216th St10003'
-73.7389,40.6771,0,4,'NY133rd Ave10003+NYFrancis Lewis Blvd+10003'
-73.7388,40.7099,0,2,'NYMonterey St10003+NYRobard Ln+10003|NYRobard Ln10003'
-73.7388,40.7919,0,1,'NYMyrtle Dr10003+NYWilbur Dr+10003|NYWilbur Dr10003'
-73.7388,40.7732,0,3,'NYWestmoreland St10003+NY41st Rd+10003|NY41st Rd10003'
-73.7388,40.7499,0,2,'NY68th Ave10003|NY68th Ave10003+NYDouglaston Pkwy+10003'
-73.7388,40.6736,0,2,'NY232nd St10003+NY135th Ave+10003'
-73.7388,40.7755,0,5,'NYNassau Rd10003+NYW Mill Dr+10003|NYW Mill Dr10003'
-73.7387,40.9514,0,1,'NYBishop Pl10003+NYMaple Ave+10003|NYBishop Ave10003+NYMaple Ave+10003|NYMaple Ave10003'
-73.7387,40.7674,0,1,'NYZion St10003|NYZion St10003+NYState Hwy 25 Alt+10003|NYZion St10003+NYNorthern Blvd+10003|NYZion St10003+NYCherry St+10003|NYState Hwy 25 Alt10002+NYCherry St+10002|NYNorthern Blvd10002+NYCherry St+10002|NYCherry St10003'
-73.7387,40.9539,0,1,'NYMamaroneck Ave10003|NYMamaroneck Ave10003+NYMamaroneck Ave+10003|NYMamaroneck Ave10003+NYWaverly Ave+10003|NYWaverly Ave10003'
-73.7387,40.7205,0,1,'NY94th Ave10003+NY218th St+10003'
-73.7387,40.7858,0,2,'NYBayview Ave10003+NYCedar Dr+10003'
-73.7386,40.7218,0,2,'NY218th Pl10003|NY218th Pl10003+NY93rd Ave+10003'
-73.7386,40.6755,1,0,'NYMerrick Blvd10003+NY231st St+10003'
-73.7386,40.6575,0,2,'NY249th St10003+NYNewhall Ave+10003|NYNewhall Ave10003'
-73.7386,40.7375,0,2,'NY233rd St10003|NY233rd St10003+NYUnion Tpke+10003'
-73.7386,40.7593,0,4,'NYThornhill Ave10003+NY244th St+10003'
-73.7386,40.7708,0,1,'NYLittle Neck Pkwy10003+NY42nd Ave+10003|NY42nd Ave10003'
-73.7386,40.7627,0,1,'NYCambria Ave10003|NYCambria Ave10003+NYOverbrook St+10003'
-73.7386,40.7304,0,2,'NY88th Ave10003+NYBillings St+10003|NYBillings St10003'
-73.7386,40.7264,0,1,'NY221st St10003+NY91st Rd+10003'
-73.7386,40.6524,0,2,'NY149th Rd10003|NY149th Rd10003+NYHuxley St+10003'
-73.7386,40.5947,0,1,'NYBeach 3rd St10003'
-73.7385,40.6796,0,4,'NY131st Ave10003+NY230th St+10003'
-73.7385,40.6319,1,19,'NYReyem Dr10003'
-73.7385,40.6006,0,2,'NYMeehan Ave10003'
-73.7385,40.6315,1,1,'NYReyem Dr10003|NYReyem Dr10003+NYRockaway Tpke+10003'
-73.7385,40.7538,0,2,'NYDouglaston Pkwy10003'
-73.7385,40.6641,0,4,'NY241st St10003+NY141st Ave+10003'
-73.7384,40.6300,0,1,'NYNassau Expy10003|NYNassau Expy10003+NYNassau Expy+10003'
-73.7384,40.6616,0,1,'NY243rd St10003+NYWeller Ave+10003'
-73.7384,40.6946,0,4,'NYLinden Blvd10003+NY222nd St+10003'
-73.7384,40.6985,1,6,'NY220th St10003+NY115th Rd+10003'
-73.7383,40.6908,0,11,'NY119th Ave10003+NY224th St+10003'
-73.7383,40.6870,1,24,'NY226th St10003'
-73.7383,40.6129,0,1,'NYFulton St10003|NYFulton St10003+NYCentral Ave+10003'
-73.7383,40.7492,0,4,'NY69th Ave10003|NY69th Ave10003+NYDouglaston Pkwy+10003'
-73.7383,40.7314,0,4,'NY231st St10003'
-73.7383,40.5982,0,1,'NYSeagirt Blvd10003'
-73.7383,40.6819,0,4,'NY130th Ave10003+NY229th St+10003'
-73.7382,40.7026,0,2,'NY219th St10003+NY113th Dr+10003'
-73.7382,40.7621,0,2,'NYVan Zandt Ave10003+NYOverbrook St+10003'
-73.7382,40.6688,0,1,'NYLaurelton Pkwy10002+NYFrancis Lewis Blvd+10002'
-73.7382,40.7586,0,2,'NY244th St10003+NY54th Ave+10003'
-73.7382,40.7089,0,1,'NY109th Ave10003'
-73.7382,40.7290,0,2,'NYAshford St10003|NYAshford St10003+NYState Hwy 25+10003|NYAshford St10003+NYBraddock Ave+10003'
-73.7381,40.6713,0,2,'NY234th St10003+NY137th Ave+10003'
-73.7381,40.6516,0,1,'NY149th Dr10003|NY149th Dr10003+NYHuxley St+10003'
-73.7381,40.6582,0,2,'NY249th St10003+NYMayda Rd+10003'
-73.7381,40.6080,0,1,'NYLakeside Dr W10003'
-73.7381,40.7803,0,1,'NYAscot Ridge10003|NYAscot Ridge10003+NYAmherst Rd+10003|NYAscot Ridge10003+NYMirrielees Rd+10003|NYAmherst Rd10003|NYAmherst Rd10003+NYMirrielees Rd+10003|NYMirrielees Rd10003'
-73.7381,40.7041,0,4,'NY219th St10003+NY113th Ave+10003'
-73.7381,40.5960,0,1,'NYBeach 2nd St10003+NYSeagirt Ave+10003|NYSeagirt Ave10003|NYSeagirt Ave10003+NYSeagirt Ave+10003'
-73.7381,40.7652,0,2,'NYThebes Ave10003|NYThebes Ave10003+NY248th St+10003'
-73.7380,40.6106,0,2,'NYSutton Pl10003+NYRand Pl+10003|NYRand Pl10003'
-73.7380,40.7144,0,5,'NY101st Ave10003|NY101st Ave10003+NY218th St+10003'
-73.7380,40.7333,0,6,'NYHillside Ave10002|NYHillside Ave10002+NYState Hwy 25B+10002|NYHillside Ave10002+NYHillside Ave+10002|NYHillside Ave10002+NY232nd St+10002|NYState Hwy 25B10002|NYState Hwy 25B10002+NYState Hwy 25B+10002|NYState Hwy 25B10002+NYHillside Ave+10002|NYState Hwy 25B10002+NY232nd St+10002|NY232nd St10003+NYHillside Ave+10003'
-73.7380,40.6647,0,1,'NY241st St10003+NYMemphis Ave+10003'
-73.7379,40.6732,1,1,'NY233rd St10003+NY135th Ave+10003'
-73.7379,40.6768,0,4,'NY133rd Ave10003+NY231st St+10003'
-73.7379,40.5896,0,4,'NYAcapulco St10003+NYAtlantic Blvd+10003|NYAcapulco St10003+NYPark St+10003|NYAtlantic Blvd10003|NYAtlantic Blvd10003+NYPark St+10003|NYPark St10003'
-73.7379,40.9548,0,1,'NYSheldrake Pl10003|NYSheldrake Pl10003+NYVan Ranst Pl+10003'
-73.7379,40.7581,0,2,'NYHorace Harding Blvd10003+NY244th St+10003|NY244th St10003|NY244th St10003+NYHorace Harding Expy+10003'
-73.7378,40.7831,0,1,'NYLaurel Dr10003+NYBoxwood Dr+10003|NYBoxwood Dr10003'
-73.7378,40.6752,0,3,'NY232nd St10003+NYMerrick Blvd+10003'
-73.7378,40.7598,0,3,'NYThornhill Ave10003+NY245th St+10003|NY245th St10003'
-73.7378,40.7614,0,2,'NY51st Ave10003|NY51st Ave10003+NYOverbrook St+10003'
-73.7377,40.7158,0,2,'NY218th St10003+NY99th Ave+10003|NY99th Ave10003'
-73.7377,40.8079,0,1,'NYCentre Dr10003|NYCentre Dr10003+NYPark Cir+10003|NYPark Cir10003'
-73.7377,40.7645,0,1,'NY248th St10003+NYRushmore Ave+10003|NYRushmore Ave10003'
-73.7377,40.7377,0,3,'NY234th St10003|NY234th St10003+NYUnion Tpke+10003'
-73.7377,40.7751,2,4,'NYSummit Ave10003|NYSummit Ave10003+NYNassau Rd+10003'
-73.7377,40.6588,0,2,'NY145th Ave10003+NY249th St+10003'
-73.7377,40.6295,0,1,'NYRockaway Tpke10003+NYPlaza Rd+10003|NYPlaza Rd10003'
-73.7377,40.6025,1,1,'NYRock Hall Rd10003|NYRock Hall Rd10003+NYNassau Expy+10003|NYRock Hall Rd10003+NYState Rte 878+10003'
-73.7377,40.7255,0,1,'NY221st St10003+NY92nd Ave+10003'
-73.7376,40.6793,0,3,'NY131st Ave10003+NYFrancis Lewis Blvd+10003'
-73.7376,40.7304,0,1,'NYAshford St10003|NYAshford St10003+NY88th Ave+10003'
-73.7376,40.7734,0,2,'NYMorgan St10003+NY41st Dr+10003'
-73.7376,40.9531,2,0,'NYMamaroneck Ave10003+NYHoyt Ave+10003'
-73.7376,40.7844,0,1,'NYSouth Dr10003|NYSouth Dr10003+NYBayview Ave+10003|NYSouth Dr10003+NYPine Dr+10003|NYBayview Ave10003+NYPine Dr+10003|NYPine Dr10003'
-73.7376,40.7485,0,1,'NY70th Ave10003|NY70th Ave10003+NYDouglaston Pkwy+10003'
-73.7375,40.7684,0,2,'NYState Hwy 25 Alt10002+NY250th St+10002|NYState Hwy 25 Alt10002+NYMarathon Pkwy+10002|NYNorthern Blvd10002+NY250th St+10002|NYNorthern Blvd10002+NYMarathon Pkwy+10002'
-73.7375,40.6943,0,6,'NYLinden Blvd10003+NY223rd St+10003'
-73.7375,40.7170,0,1,'NY218th St10003+NY97th Ave+10003|NY97th Ave10003'
-73.7375,40.7961,0,1,'NYStony Run Rd10003'
-73.7375,40.6628,0,1,'NY142nd Ave10003|NY142nd Ave10003+NY243rd St+10003'
-73.7375,40.6110,0,1,'NYWildacre Ave10003'
-73.7375,40.7580,0,2,'NYI 49510001+NY244th St+10001|NYLong Island Expy10001+NY244th St+10001|NY244th St10003'
-73.7374,40.6867,3,47,'NY227th St10003'
-73.7374,40.7877,0,1,'NYSycamore Dr10003'
-73.7374,40.6817,0,2,'NY130th Ave10003+NY230th St+10003|NY230th St10003'
-73.7374,40.6676,0,5,'NYBrookville Blvd10003+NYFrancis Lewis Blvd+10003'
-73.7374,40.6503,0,6,'NY253rd St10003|NY253rd St10003+NYHuxley St+10003'
-73.7374,40.6259,1,0,'NYPrice St10003'
-73.7374,40.7608,0,1,'NY52nd Ave10003|NY52nd Ave10003+NYOverbrook St+10003'
-73.7374,40.7639,0,1,'NY248th St10003+NYDeepdale Ave+10003'
-73.7374,40.7241,0,1,'NYDavenport Ave10003+NY220th St+10003'
-73.7374,40.7896,0,1,'NYTulip Dr10003'
-73.7374,40.7578,0,2,'NYHorace Harding Expy10003+NY244th St+10003|NYHorace Harding Blvd10003+NY244th St+10003'
-73.7374,40.7707,0,1,'NYLittle Neck Pkwy10003+NY43rd Ave+10003|NY43rd Ave10003'
-73.7373,40.7210,0,1,'NY94th Ave10003+NY219th St+10003|NY219th St10003'
-73.7373,40.7178,1,2,'NYJamaica Ave10003+NY218th St+10003|NY218th St10003'
-73.7373,40.6132,0,2,'NYSunset Rd10003'
-73.7373,40.7314,0,2,'NY232nd St10003'
-73.7373,40.6710,0,2,'NY234th Pl10003|NY234th Pl10003+NY137th Ave+10003'
-73.7373,40.7011,0,1,'NY220th St10003|NY220th St10003+NY114th Rd+10003'
-73.7373,40.7277,0,1,'NYBorkel Pl10003|NYBorkel Pl10003+NY91st Ave+10003|NYWinchester Blvd10003+NY91st Ave+10003|NY91st Ave10003'
-73.7373,40.7123,0,1,'NY218th Pl10003+NY104th Ave+10003|NY104th Ave10003'
-73.7372,40.6710,0,1,'NY237th St10003|NY237th St10003+NY137th Ave+10003|NY237th St10003+NYLaurelton Pkwy+10003|NY137th Ave10003|NY137th Ave10003+NYLaurelton Pkwy+10003|NYLaurelton Pkwy10003'
-73.7372,40.6284,0,1,'NYBay Blvd10003|NYBay Blvd10003+NYRockaway Tpke+10003|NYBay Blvd10003+NYPeninsula Blvd+10003|NYRockaway Tpke10003+NYPeninsula Blvd+10003|NYPeninsula Blvd10003'
-73.7372,40.9539,0,2,'NYStation Plz10003'
-73.7372,40.6594,0,1,'NY249th St10003+NY144th Ave+10003'
-73.7371,40.8125,0,1,'NYRed Brook Rd10003+NYRed Brook Ter+10003|NYRed Brook Ter10003'
-73.7371,40.6689,1,0,'NY138th Ave10003'
-73.7371,40.7533,0,1,'NY65th Ave10003'
-73.7371,40.7334,0,3,'NYState Hwy 25B10002+NY233rd St+10002|NY233rd St10003+NYHillside Ave+10003'
-73.7371,40.6610,0,1,'NYWeller Ave10003+NY248th St+10003|NY248th St10003'
-73.7371,40.6147,0,2,'NYStation Plz10003|NYStation Plz10003+NYLawrence Ave+10003'
-73.7371,40.6652,0,2,'NY140th Ave10003'
-73.7371,40.7655,0,1,'NYZion St10003|NYZion St10003+NYThebes Ave+10003|NYZion St10003+NYCherry St+10003|NYThebes Ave10003+NYCherry St+10003|NYCherry St10003'
-73.7371,40.9426,0,1,'NYClaflin Ave10003|NYClaflin Ave10003+NYRushmore Ave+10003'
-73.7370,40.7633,0,1,'NYCambria Ave10003+NY248th St+10003'
-73.7370,40.7525,0,1,'NY66th Ave10003'
-73.7370,40.9542,0,1,'NYStation Plz10003'
-73.7370,40.7602,0,3,'NYThornhill Ave10003+NYOverbrook St+10003'
-73.7370,40.7129,0,1,'NY218th Pl10003+NY103rd Ave+10003|NY103rd Ave10003'
-73.7370,40.7179,0,1,'NYJamaica Ave10003+NY218th St+10003|NY218th St10003'
-73.7370,40.7269,0,2,'NY91st Rd10003'
-73.7369,40.6749,0,1,'NY233rd St10003+NYMerrick Blvd+10003'
-73.7369,40.6683,0,1,'NYBrookville Blvd10003+NY138th Ave+10003|NY138th Ave10003'
-73.7369,40.8037,1,2,'NYBeach Rd10003+NYWillow Ln+10003|NYWillow Ln10003'
-73.7369,40.7992,0,1,'NYWilliam St10003|NYWilliam St10003+NYNirvana Ave+10003'
-73.7369,40.7870,0,1,'NYMagnolia Dr10003|NYMagnolia Dr10003+NYMyrtle Dr+10003|NYMagnolia Dr10003+NYCedar Dr+10003|NYMyrtle Dr10003|NYMyrtle Dr10003+NYCedar Dr+10003'
-73.7369,40.7743,0,1,'NYCutter Ave10003|NYCutter Ave10003+NYCutter Ave+10003'
-73.7369,40.7518,0,4,'NY67th Ave10003|NY67th Ave10003+NY242nd St+10003'
-73.7369,40.7674,0,1,'NY250th St10003+NYGaskell Rd+10003|NYMarathon Pkwy10003+NYGaskell Rd+10003|NYGaskell Rd10003'
-73.7368,40.5896,0,1,'NYNassau Expy10003|NYNassau Expy10003+NYPark St+10003'
-73.7368,40.7379,0,2,'NY235th St10003|NY235th St10003+NYUnion Tpke+10003'
-73.7368,40.8086,0,1,'NYPoplar Ct10003|NYPoplar Ct10003+NYSteamboat Rd+10003'
-73.7368,40.6227,0,1,'NYRandall Ave10003+NYLincoln Pl+10003|NYLincoln Pl10003'
-73.7368,40.7557,0,3,'NY61st Ave10003+NY244th St+10003|NY244th St10003'
-73.7368,40.7196,0,1,'NY94th Dr10003+NY219th St+10003|NY219th St10003'
-73.7367,40.7511,0,2,'NY242nd St10003+NY67th Ave+10003|NY67th Ave10003'
-73.7367,40.9401,0,4,'NYOrienta Ave10003|NYOrienta Ave10003+NYOrienta Ave+10003'
-73.7367,40.6735,0,1,'NY134th Rd10003|NY134th Rd10003+NY234th St+10003'
-73.7367,40.7907,0,3,'NYTulip Dr10003|NYTulip Dr10003+NYGateway Dr+10003'
-73.7367,40.6790,0,2,'NY131st Ave10003+NY231st St+10003'
-73.7367,40.7262,0,1,'NYWinchester Blvd10003+NY92nd Ave+10003'
-73.7367,40.6669,0,1,'NY241st St10003|NY241st St10003+NYFrancis Lewis Blvd+10003'
-73.7367,40.6687,0,2,'NYBrookville Blvd10003+NY138th Ave+10003|NY138th Ave10003'
-73.7367,40.7136,1,0,'NY218th Pl10003|NY218th Pl10003+NYHempstead Ave+10003'
-73.7366,40.6940,0,5,'NYLinden Blvd10003+NY224th St+10003'
-73.7366,40.7246,0,1,'NY221st St10003+NYDavenport Ave+10003'
-73.7366,40.7257,0,1,'NY221st Pl10003'
-73.7366,40.7098,0,3,'NY107th Ave10003+NY219th St+10003'
-73.7366,40.7504,0,4,'NY68th Ave10003|NY68th Ave10003+NY242nd St+10003'
-73.7366,40.6616,0,1,'NY143rd Ave10003|NY143rd Ave10003+NY248th St+10003'
-73.7366,40.6640,0,1,'NYMemphis Ave10003|NYMemphis Ave10003+NY243rd St+10003'
-73.7366,40.6573,0,3,'NY253rd St10003'
-73.7366,40.7218,0,2,'NY93rd Rd10003'
-73.7366,40.6864,0,2,'NY228th St10003'
-73.7366,40.7596,0,1,'NY54th Ave10003+NYOverbrook St+10003'
-73.7366,40.7571,0,15,'NY57th Dr10003'
-73.7365,40.6640,0,1,'NY243rd St10003+NYMemphis Ave+10003|NYMemphis Ave10003'
-73.7365,40.6699,1,1,'NY137th Ave10003'
-73.7365,40.7668,0,1,'NYBeechknoll Ave10003|NYBeechknoll Ave10003+NY250th St+10003|NYBeechknoll Ave10003+NYMarathon Pkwy+10003'
-73.7365,40.7694,0,1,'NYJessie Ct10003|NYJessie Ct10003+NYState Hwy 25 Alt+10003|NYJessie Ct10003+NYNorthern Blvd+10003'
-73.7365,40.7083,0,3,'NY220th St10003|NY220th St10003+NY109th Ave+10003'
-73.7365,40.7307,0,1,'NYWinchester Blvd10003+NY88th Ave+10003|NY88th Ave10003'
-73.7364,40.6665,0,1,'NYN Conduit Ave10003|NYN Conduit Ave10003+NYFrancis Lewis Blvd+10003'
-73.7364,40.7707,0,6,'NYLittle Neck Pkwy10003+NY44th Ave+10003|NY44th Ave10003'
-73.7364,40.7121,1,0,'NY104th Ave10003'
-73.7364,40.6125,0,3,'NYS Sunset Rd10003|NYS Sunset Rd10003+NYSunset Rd+10003|NYSunset Rd10003'
-73.7364,40.7721,0,2,'NYWestmoreland St10003+NY43rd Ave+10003|NY43rd Ave10003'
-73.7363,40.7212,0,1,'NY94th Ave10003'
-73.7363,40.7285,0,4,'NYSabre St10003|NYSabre St10003+NYState Hwy 25+10003|NYSabre St10003+NYBraddock Ave+10003'
-73.7363,40.7011,0,1,'NY221st St10003+NY114th Rd+10003'
-73.7363,40.6138,0,3,'NYLawrence Ave10003+NYCentral Ave+10003'
-73.7363,40.7177,0,1,'NYAmboy Ln10003'
-73.7363,40.6663,0,1,'NYN Conduit Ave10003|NYN Conduit Ave10003+NYFrancis Lewis Blvd+10003'
-73.7363,40.6763,0,5,'NY233rd St10003+NY133rd Ave+10003'
-73.7362,40.6726,0,3,'NY135th Ave10003|NY135th Ave10003+NY234th Pl+10003|NY135th Ave10003+NY237th St+10003|NY234th Pl10003|NY234th Pl10003+NY237th St+10003|NY237th St10003'
-73.7362,40.7025,1,3,'NY113th Dr10003+NY221st St+10003'
-73.7362,40.7837,0,1,'NYMaple Dr10003|NYMaple Dr10003+NYBayview Ave+10003'
-73.7362,40.6696,0,1,'NYBrookville Blvd10003+NY137th Ave+10003|NY137th Ave10003'
-73.7362,40.6635,0,2,'NYMemphis Ave10003+NY246th St+10003|NY246th St10003'
-73.7362,40.7040,0,3,'NY221st St10003+NY113th Ave+10003'
-73.7361,40.7182,1,0,'NYJamaica Ave10003+NY219th St+10003|NY219th St10003'
-73.7361,40.7047,0,1,'NY112th Rd10003+NY221st St+10003'
-73.7361,40.7335,0,1,'NYState Hwy 25B10002+NY234th St+10002|NY234th St10003+NYHillside Ave+10003'
-73.7361,40.6302,0,1,'NYPlaza Rd10003'
-73.7361,40.7090,0,1,'NY220th St10003+NY108th Ave+10003|NY108th Ave10003'
-73.7361,40.7621,0,1,'NY51st Ave10003|NY51st Ave10003+NY248th St+10003'
-73.7361,40.6647,0,1,'NY243rd St10003+NY140th Ave+10003|NY140th Ave10003'
-73.7361,40.6680,0,3,'NY241st St10003+NY138th Ave+10003'
-73.7360,40.7659,0,1,'NYThebes Ave10003|NYThebes Ave10003+NY250th St+10003|NYThebes Ave10003+NYMarathon Pkwy+10003'
-73.7360,40.6153,0,3,'NYHerrick Dr10003|NYHerrick Dr10003+NYStation Plz+10003'
-73.7360,40.7757,0,3,'NYTerrace Cir10003|NYTerrace Cir10003+NYW Mill Dr+10003|NYW Mill Dr10003'
-73.7359,40.6475,0,1,'NYCliffside Ave10003+NYNutley Pl+10003|NYNutley Pl10003'
-73.7359,40.6253,0,2,'NYBuena Vista Ave10003|NYBuena Vista Ave10003+NYRockaway Tpke+10003'
-73.7359,40.7381,0,1,'NY236th St10003|NY236th St10003+NYUnion Tpke+10003'
-73.7359,40.7241,0,11,'NYEdmore Ave10003|NYEdmore Ave10003+NY221st St+10003|NY221st St10003'
-73.7359,40.6427,1,0,'NYBranch Blvd10003|NYBranch Blvd10003+NYHungry Harbor Rd+10003|NYHungry Harbor Rd10003'
-73.7359,40.6666,0,1,'NY242nd St10003'
-73.7359,40.6229,0,1,'NYRandall Ave10003+NYWashington Pl+10003|NYWashington Pl10003'
-73.7359,40.6788,0,1,'NY232nd St10003+NY131st Ave+10003'
-73.7358,40.6516,0,5,'NY254th St10003|NY254th St10003+NY149th Dr+10003'
-73.7358,40.9694,0,3,'NYClaiborne Rd10003|NYClaiborne Rd10003+NYClairborne Rd+10003|NYClairborne Rd10003'
-73.7358,40.6938,0,8,'NYLinden Blvd10003+NY225th St+10003'
-73.7358,40.7235,0,4,'NYFairbury Ave10003|NYFairbury Ave10003+NYWinchester Blvd+10003'
-73.7357,40.7097,0,2,'NY107th Ave10003|NY107th Ave10003+NY220th St+10003'
-73.7357,40.9546,0,3,'NYHoyt Ave10003'
-73.7357,40.7231,0,1,'NYWinchester Blvd10003+NY93rd Ave+10003|NY93rd Ave10003'
-73.7357,40.7199,0,3,'NY94th Dr10003'
-73.7357,40.7140,0,1,'NY102nd Ave10003'
-73.7357,40.6862,0,1,'NY229th St10003'
-73.7357,40.7143,0,4,'NY101st Ave10003'
-73.7357,40.7614,0,3,'NY52nd Ave10003|NY52nd Ave10003+NY248th St+10003'
-73.7357,40.6656,0,2,'NYSunrise Hwy10002+NYFrancis Lewis Blvd+10002|NYState Hwy 2710002+NYFrancis Lewis Blvd+10002'
-73.7357,40.6629,0,2,'NYMemphis Ave10003+NY247th St+10003'
-73.7357,40.7717,0,7,'NYWestmoreland St10003+NY44th Ave+10003|NY44th Ave10003'
-73.7357,40.6653,0,2,'NYState Rte 2710002+NY243rd St+10002|NY243rd St10003+NYS Conduit Ave+10003'
-73.7356,40.6587,0,1,'NY144th Ave10003|NY144th Ave10003+NY253rd St+10003'
-73.7356,40.6819,0,2,'NYFrancis Lewis Blvd10003+NY129th Ave+10003|NY129th Ave10003'
-73.7356,40.6731,1,1,'NY134th Rd10003|NY134th Rd10003+NYLaurelton Pkwy+10003|NY134th Rd10003+NY237th St+10003|NYLaurelton Pkwy10003|NYLaurelton Pkwy10003+NY237th St+10003|NY237th St10003|NY237th St10003+NY237th St+10003'
-73.7356,40.9552,0,1,'NYDepot Plz10003'
-73.7356,40.6127,0,2,'NYLawrence Ave10003+NYRegent Dr+10003|NYRegent Dr10003'
-73.7356,40.7220,0,1,'NY93rd Rd10003+NY220th St+10003'
-73.7356,40.6468,0,1,'NYCliffside Ave10003+NYPrescott Pl+10003|NYPrescott Pl10003'
-73.7355,40.7853,0,2,'NYLarch Dr10003|NYLarch Dr10003+NYMaple Dr+10003'
-73.7355,40.7119,0,2,'NY104th Ave10003+NY219th St+10003'
-73.7355,40.7306,0,1,'NYSabre St10003'
-73.7355,40.9555,0,1,'NYJefferson St10003+NYStation Plz+10003|NYStation Plz10003'
-73.7355,40.7573,0,4,'NY246th Cres10003'
-73.7355,40.7907,0,1,'NYGateway Dr10003+NYClover Dr+10003|NYClover Dr10003'
-73.7355,40.7707,0,3,'NYLittle Neck Pkwy10003+NYState Hwy 25 Alt+10003|NYLittle Neck Pkwy10003+NYNorthern Blvd+10003'
-73.7355,40.7283,0,2,'NYRansom St10003|NYRansom St10003+NYState Hwy 25+10003|NYRansom St10003+NY222nd St+10003|NYRansom St10003+NYBraddock Ave+10003|NYState Hwy 2510002+NY222nd St+10002|NY222nd St10003|NY222nd St10003+NYBraddock Ave+10003'
-73.7354,40.6709,0,2,'NYBrookville Blvd10003+NY136th Ave+10003|NY136th Ave10003'
-73.7354,40.7170,0,2,'NY97th Ave10003'
-73.7354,40.7172,0,2,'NY97th Ave10003'
-73.7354,40.7280,0,2,'NY222nd St10003+NY91st Ave+10003|NY91st Ave10003'
-73.7354,40.7649,0,1,'NYMarathon Pkwy10003|NYMarathon Pkwy10003+NY250th St+10003|NYMarathon Pkwy10003+NYMorenci Ln+10003|NYMarathon Pkwy10003+NYMarathon Pkwy+10003|NY250th St10003|NY250th St10003+NYMorenci Ln+10003|NYMorenci Ln10003|NYMorenci Ln10003+NYMarathon Pkwy+10003'
-73.7354,40.6568,0,7,'NY253rd Pl10003'
-73.7354,40.7011,0,6,'NY222nd St10003|NY222nd St10003+NY114th Rd+10003'
-73.7354,40.7179,0,3,'NYAmboy Ln10003'
-73.7354,40.7062,0,1,'NY111th Ave10003'
-73.7354,40.6267,0,4,'NYRugby Rd10003+NYBuckingham Rd+10003|NYBuckingham Rd10003'
-73.7354,40.8071,0,1,'NYNorth Rd10003|NYNorth Rd10003+NYMiddle Neck Rd+10003'
-73.7353,40.6653,2,5,'NYState Rte 2710002+NYFrancis Lewis Blvd+10002|NYS Conduit Ave10002+NYFrancis Lewis Blvd+10002'
-73.7353,40.6693,0,3,'NY241st St10003+NY137th Ave+10003'
-73.7353,40.6759,0,5,'NY133rd Ave10003+NY234th St+10003'
-73.7353,40.7608,0,1,'NYThornhill Ave10003+NY248th St+10003'
-73.7353,40.7646,0,4,'NYMarathon Pkwy10003|NYMarathon Pkwy10003+NYMarathon Pkwy+10003|NYMarathon Pkwy10003+NYDeepdale Ave+10003|NYMarathon Pkwy10003+NY250th St+10003|NYDeepdale Ave10003|NYDeepdale Ave10003+NY250th St+10003|NY250th St10003'
-73.7353,40.8060,0,1,'NYHicks Ln10003'
-73.7352,40.6167,0,1,'NYMill St10003|NYMill St10003+NYAllen St+10003|NYAllen St10003'
-73.7352,40.6677,1,1,'NY138th Ave10003+NY242nd St+10003'
-73.7352,40.6059,0,1,'NYHarborview W10003+NYHarborview N+10003|NYHarborview N10003'
-73.7352,40.8240,0,1,'NYMitchell Dr10003+NYCentral Dr+10003|NYCentral Dr10003'
-73.7352,40.7336,0,2,'NY235th St10003|NY235th St10003+NYState Hwy 25B+10003|NY235th St10003+NYWinchester Blvd+10003|NY235th St10003+NYHillside Ave+10003'
-73.7351,40.7466,0,2,'NYOak Park Dr10003|NYOak Park Dr10003+NYDouglaston Pkwy+10003'
-73.7351,40.7310,0,4,'NYMusket St10003'
-73.7351,40.7360,0,2,'NY236th St10003+NYSeward Ave+10003'
-73.7351,40.8226,0,1,'NYKennilworth Ter10003'
-73.7351,40.6145,0,3,'NYHerrick Dr10003+NYCentral Ave+10003'
-73.7351,40.6426,0,1,'NYVan Dam St10003'
-73.7351,40.6740,0,3,'NYLaurelton Pkwy10003+NYMerrick Blvd+10003|NY237th St10003+NYMerrick Blvd+10003'
-73.7350,40.7206,0,2,'NY94th Rd10003|NY94th Rd10003+NY220th St+10003'
-73.7350,40.7383,0,2,'NY237th St10003|NY237th St10003+NYUnion Tpke+10003'
-73.7350,40.6785,0,2,'NY233rd St10003+NY131st Ave+10003'
-73.7350,40.7068,0,2,'NY110th Ave10003'
-73.7350,40.7454,1,2,'NYCross Island Pkwy10003+NYDouglaston Pkwy+10003|NYCross Island Pkwy10003+NYOak Park Dr+10003|NYDouglaston Pkwy10003+NYOak Park Dr+10003|NYOak Park Dr10003'
-73.7350,40.6503,0,3,'NY255th St10003|NY255th St10003+NYCraft Ave+10003'
-73.7349,40.6516,0,2,'NY149th Dr10003+NY255th St+10003|NY255th St10003'
-73.7349,40.7130,0,2,'NYHempstead Ave10003+NY219th St+10003|NY219th St10003'
-73.7349,40.7346,0,4,'NYWinchester Blvd10003+NYCountry Pointe Cir+10003|NYCountry Pointe Cir10003'
-73.7349,40.6935,0,2,'NY226th St10003+NYLinden Blvd+10003'
-73.7349,40.7266,0,1,'NY222nd St10003+NY92nd Ave+10003'
-73.7349,40.7102,0,1,'NY106th Ave10003'
-73.7349,40.7979,0,1,'NYPiccadilly Rd10003|NYPiccadilly Rd10003+NYMiddle Neck Rd+10003'
-73.7349,40.9523,0,1,'NYBerg St10003'
-73.7348,40.6807,0,1,'NY232nd St10003+NY130th Ave+10003'
-73.7348,40.6051,0,1,'NYHarborview S10003'
-73.7348,40.6859,1,1,'NY230th St10003'
-73.7348,40.7199,0,1,'NY94th Dr10003|NY94th Dr10003+NY220th St+10003'
-73.7348,40.6576,0,2,'NY147th Ave10003+NYWeller Ln+10003|NYWeller Ln10003'
-73.7347,40.7352,0,4,'NY236th St10003|NY236th St10003+NYWinchester Blvd+10003'
-73.7347,40.7116,0,1,'NY220th St10003+NY104th Ave+10003'
-73.7347,40.7087,0,3,'NY108th Ave10003+NY221st St+10003'
-73.7347,40.7599,0,4,'NYHorace Harding Blvd10003+NY248th St+10003|NY248th St10003|NY248th St10003+NYHorace Harding Expy+10003'
-73.7347,40.7145,0,2,'NY101st Ave10003'
-73.7347,40.9510,0,1,'NYPalmer Ave10003|NYPalmer Ave10003+NYMamaroneck Ave+10003'
-73.7346,40.6618,0,1,'NYMemphis Ave10003+NY249th St+10003'
-73.7346,40.6111,0,1,'NYBroadway10003+NYLawrence Ave+10003'
-73.7346,40.6706,0,4,'NY241st St10003+NY136th Ave+10003'
-73.7346,40.5872,0,1,'NYOcean Blvd10003+NYCayuga Ave+10003|NYCayuga Ave10003'
-73.7346,40.7306,0,4,'NYRansom St10003'
-73.7346,40.7704,0,2,'NYLittle Neck Pkwy10003+NYPembroke Ave+10003|NYPembroke Ave10003'
-73.7345,40.6293,0,1,'NYOxford Rd10003|NYOxford Rd10003+NYOxford Pl+10003|NYOxford Rd10003+NYPeninsula Blvd+10003|NYOxford Pl10003|NYOxford Pl10003+NYPeninsula Blvd+10003'
-73.7345,40.7068,0,1,'NY222nd St10003|NY222nd St10003+NY110th Ave+10003'
-73.7345,40.6231,0,1,'NYRockaway Tpke10003+NYCarvel Ave+10003|NYCarvel Ave10003'
-73.7345,40.6450,0,1,'NYCliffside Ave10003+NYDiane Pl+10003|NYDiane Pl10003'
-73.7345,40.7079,0,1,'NY109th Ave10003'
-73.7345,40.6814,0,1,'NY232nd St10003|NY232nd St10003+NY129th Ave+10003'
-73.7344,40.7970,0,1,'NYWooleys Ln10003|NYWooleys Ln10003+NYMiddle Neck Rd+10003'
-73.7344,40.7093,0,1,'NY107th Ave10003+NY221st St+10003'
-73.7344,40.7719,0,4,'NYMorgan St10003|NYMorgan St10003+NYState Hwy 25 Alt+10003|NYMorgan St10003+NYNorthern Blvd+10003'
-73.7344,40.7189,1,33,'NYJamaica Ave10003+NY220th St+10003|NY220th St10003'
-73.7344,40.7122,0,2,'NY220th St10003+NY103rd Ave+10003|NY103rd Ave10003'
-73.7344,40.6522,0,5,'NYWeller Ln10003'
-73.7344,40.7882,0,3,'NYSouth Dr10003|NYSouth Dr10003+NYCedar Dr+10003'
-73.7343,40.6675,0,2,'NY138th Ave10003+NY243rd St+10003'
-73.7343,40.6841,0,3,'NY126th Ave10003'
-73.7343,40.6737,0,2,'NYLaurelton Pkwy10002+NYMerrick Blvd+10002'
-73.7343,40.7965,0,1,'NYMiddle Neck Rd10003+NYMillbrook Ct+10003|NYMillbrook Ct10003'
-73.7343,40.7364,0,1,'NYWinchester Blvd10003+NY237th St+10003|NY237th St10003'
-73.7343,40.7025,0,3,'NY113th Dr10003+NY223rd St+10003'
-73.7343,40.6653,1,0,'NY245th St10003'
-73.7343,40.5911,0,1,'NYBay Blvd10003+NYCayuga Ave+10003|NYCayuga Ave10003'
-73.7343,40.7173,0,1,'NY97th Ave10003+NY219th St+10003|NY219th St10003'
-73.7343,40.6471,0,2,'NYPrescot Ct10003|NYPrescot Ct10003+NYPrescott Pl+10003'
-73.7343,40.8061,0,1,'NYCrampton Ln10003|NYCrampton Ln10003+NYHicks Ln+10003'
-73.7343,40.7333,0,6,'NYState Hwy 25B10002+NYMusket St+10002|NYMusket St10003|NYMusket St10003+NYHillside Ave+10003'
-73.7342,40.7040,0,4,'NY223rd St10003+NY113th Ave+10003'
-73.7342,40.6443,0,1,'NYCliffside Ave10003+NYMichelle Pl+10003|NYMichelle Pl10003'
-73.7341,40.7573,0,1,'NY246th Cres10003'
-73.7341,40.7955,0,5,'NYMiddle Neck Rd10003+NYClover Dr+10003|NYClover Dr10003'
-73.7341,40.6612,1,2,'NYMemphis Ave10003+NY250th St+10003'
-73.7341,40.7054,0,2,'NY112th Ave10003+NY223rd St+10003'
-73.7341,40.7100,0,2,'NY221st St10003+NY106th Ave+10003'
-73.7341,40.7165,0,3,'NY219th St10003+NY98th Ave+10003|NY98th Ave10003'
-73.7341,40.7344,0,3,'NYCountry Pointe Cir10003|NYCountry Pointe Cir10003+NYCountry Pointe Cir+10003'
-73.7341,40.6782,0,1,'NY234th St10003+NY131st Ave+10003'
-73.7340,40.6243,0,3,'NYW Broadway10003|NYW Broadway10003+NYW Broadway+10003'
-73.7340,40.6932,0,16,'NY227th St10003+NYLinden Blvd+10003'
-73.7340,40.7310,0,12,'NY87th Ave10003+NYRange St+10003|NYRange St10003'
-73.7340,40.6638,0,1,'NY247th St10003+NYFrancis Lewis Blvd+10003'
-73.7340,40.6804,2,4,'NY233rd St10003+NY130th Ave+10003'
-73.7340,40.6847,0,1,'NY125th Ave10003'
-73.7340,40.7462,0,1,'NYOak Park Dr10003|NYOak Park Dr10003+NYOak Park Dr+10003'
-73.7340,40.6753,0,3,'NY237th St10003|NY237th St10003+NYLaurelton Pkwy+10003|NY237th St10003+NY237th St+10003|NYLaurelton Pkwy10003'
-73.7339,40.7290,0,2,'NY89th Ave10003'
-73.7339,40.6522,0,4,'NYWeller Ln10003'
-73.7339,40.6152,0,4,'NYRosalind Pl10003|NYRosalind Pl10003+NYCentral Ave+10003'
-73.7339,40.7987,0,1,'NYPatsy Pl10003'
-73.7339,40.6249,0,1,'NYRoberts Ln10003|NYRoberts Ln10003+NYAdelberg Ln+10003'
-73.7338,40.7763,0,4,'NYE Mill Dr10003'
-73.7338,40.7061,0,1,'NY111th Ave10003+NY223rd St+10003'
-73.7338,40.6719,0,1,'NY241st St10003+NY135th Ave+10003'
-73.7338,40.7629,0,3,'NYMarathon Pkwy10003+NY51st Ave+10003|NY250th St10003+NY51st Ave+10003|NY51st Ave10003'
-73.7338,40.7712,0,2,'NYWestmoreland St10003|NYWestmoreland St10003+NY254th St+10003|NYWestmoreland St10003+NYPembroke Ave+10003|NY254th St10003|NY254th St10003+NYPembroke Ave+10003'
-73.7338,40.6575,0,3,'NY147th Ave10003+NY254th St+10003|NY254th St10003'
-73.7338,40.6666,0,1,'NY244th St10003'
-73.7338,40.7344,0,3,'NYCountry Pointe Cir10003'
-73.7338,40.7658,0,3,'NYDeepdale Pl10003'
-73.7338,40.7389,1,3,'NYWinchester Blvd10003+NYUnion Tpke+10003'
-73.7338,40.7725,0,1,'NYGlenwood St10003+NYState Rte 25A+10003|NYGlenwood St10003+NYNorthern Blvd+10003|NYGlenwood St10003+NYState Hwy 25 Alt+10003|NYState Rte 25A10002|NYState Rte 25A10002+NYState Hwy 25 Alt+10002|NYState Rte 25A10002+NYNorthern Blvd+10002|NYNorthern Blvd10002|NYNorthern Blvd10002+NYState Hwy 25 Alt+10002|NYNorthern Blvd10002+NYNorthern Blvd+10002|NYState Hwy 25 Alt10002'
-73.7337,40.6704,0,2,'NY136th Ave10003+NY242nd St+10003'
-73.7336,40.7849,0,1,'NYChelsea Pl10003'
-73.7336,40.6245,0,1,'NYW Broadway10003+NYAdelberg Ln+10003|NYAdelberg Ln10003'
-73.7336,40.7994,1,0,'NYCarlin Pl10003'
-73.7336,40.6815,0,1,'NY233rd St10003+NY128th Dr+10003|NY128th Dr10003'
-73.7336,40.6216,0,2,'NYRockaway Tpke10003+NYAdele Rd+10003|NYAdele Rd10003'
-73.7336,40.6117,0,1,'NYMartin Ln10003|NYMartin Ln10003+NYBroadway+10003'
-73.7336,40.7702,0,4,'NYW End Dr10003|NYW End Dr10003+NYLittle Neck Pkwy+10003'
-73.7336,40.7709,0,1,'NYVan Nostrand Ct10003'
-73.7336,40.7677,0,1,'NYBeechknoll Ave10003'
-73.7336,40.7113,0,2,'NY104th Ave10003+NY221st St+10003'
-73.7335,40.7068,0,1,'NY223rd St10003+NY110th Ave+10003'
-73.7335,40.6417,0,1,'NYWilson St10003'
-73.7335,40.5909,0,1,'NYBay Blvd10003+NYDutchess Blvd+10003|NYDutchess Blvd10003'
-73.7335,40.6736,0,6,'NYBrookville Blvd10003+NYMerrick Blvd+10003'
-73.7335,40.6632,0,2,'NY248th St10003+NYFrancis Lewis Blvd+10003'
-73.7335,40.7972,0,1,'NYWooleys Ln10003+NYHadley Ct+10003|NYHadley Ct10003'
-73.7335,40.6672,0,2,'NY244th St10003+NY138th Ave+10003'
-73.7335,40.7457,0,2,'NYOak Park Dr10003'
-73.7335,40.7179,0,1,'NY96th Rd10003|NY96th Rd10003+NY220th St+10003|NY220th St10003'
-73.7334,40.9499,0,1,'NYMamaroneck Ave10003+NYProspect Ave+10003|NYMamaroneck Ave10003+NYE Prospect Ave+10003|NYProspect Ave10003|NYProspect Ave10003+NYE Prospect Ave+10003|NYE Prospect Ave10003'
-73.7334,40.7307,0,2,'NY88th Ave10003|NY88th Ave10003+NYPontiac St+10003|NY88th Ave10003+NY88th Ave+10003|NY88th Ave10003+NY235th Ct+10003|NYPontiac St10003|NYPontiac St10003+NY88th Ave+10003|NYPontiac St10003+NY235th Ct+10003|NY235th Ct10003|NY235th Ct10003+NY88th Ave+10003'
-73.7334,40.7565,0,2,'NY245th Pl10003|NY245th Pl10003+NY61st Ave+10003|NY245th Pl10003+NY57th Dr+10003|NY61st Ave10003+NY57th Dr+10003|NY57th Dr10003'
-73.7334,40.7010,0,1,'NY224th St10003|NY224th St10003+NY114th Rd+10003'
-73.7334,40.7731,0,4,'NYState Rte 25A10002+NYNassau Rd+10002|NYNassau Rd10003|NYNassau Rd10003+NYNorthern Blvd+10003'
-73.7334,40.7443,0,3,'NYCross Island Pkwy10003+NYGrand Central Pkwy+10003'
-73.7334,40.7614,0,1,'NYThornhill Ave10003+NY54th Ave+10003|NY54th Ave10003'
-73.7333,40.7277,0,1,'NY91st Rd10003+NY224th St+10003|NY224th St10003'
-73.7333,40.6192,0,1,'NYCaryl Dr10003'
-73.7333,40.7119,0,2,'NY103rd Ave10003+NY221st St+10003'
-73.7332,40.7902,0,1,'NYGateway Dr10003+NYDeepdale Dr+10003|NYDeepdale Dr10003'
-73.7332,40.7331,0,9,'NYRange St10003'
-73.7332,40.7076,0,1,'NY109th Ave10003+NY223rd St+10003'
-73.7332,40.6462,0,1,'NYJune Ct10003|NYJune Ct10003+NYJune Pl+10003'
-73.7332,40.7196,0,1,'NYJamaica Ave10003+NY221st St+10003|NY221st St10003'
-73.7332,40.7717,0,1,'NYGlenwood St10003+NYPembroke Ave+10003'
-73.7332,40.6930,0,15,'NYLinden Blvd10003+NY228th St+10003'
-73.7331,40.6208,0,2,'NYPacific Ave10003+NYRockaway Tpke+10003'
-73.7331,40.7834,0,9,'NYIpswich Ave10003|NYIpswich Ave10003+NYCuttermill Rd+10003'
-73.7331,40.6601,0,3,'NYMemphis Ave10003+NY253rd St+10003'
-73.7331,40.6678,0,6,'NY244th St10003+NY137th Rd+10003|NY137th Rd10003'
-73.7331,40.7953,0,1,'NYDay Ct10003'
-73.7331,40.6505,0,1,'NY256th St10003|NY256th St10003+NYCraft Ave+10003'
-73.7331,40.7270,0,8,'NY92nd Ave10003+NY224th St+10003'
-73.7331,40.9671,0,1,'NYWarren Ave10003+NYArlington St+10003|NYArlington St10003'
-73.7331,40.7294,0,3,'NY89th Ave10003+NYMoline St+10003'
-73.7331,40.7159,0,4,'NY99th Ave10003+NY220th St+10003|NY220th St10003'
-73.7331,40.7218,0,3,'NY94th Ave10003|NY94th Ave10003+NY222nd St+10003'
-73.7330,40.7720,0,1,'NYPembroke Ave10003|NYPembroke Ave10003+NYPembroke Ave+10003'
-73.7330,40.6123,0,6,'NYBroadway10003+NYManor Ln+10003|NYManor Ln10003'
-73.7330,40.6830,0,1,'NY233rd St10003+NY128th Ave+10003'
-73.7330,40.6568,0,9,'NY256th St10003'
-73.7330,40.6522,0,4,'NY256th St10003'
-73.7330,40.6627,1,1,'NY249th St10003+NYFrancis Lewis Blvd+10003'
-73.7330,40.6717,0,1,'NY135th Ave10003+NY242nd St+10003'
-73.7329,40.6575,0,2,'NY256th St10003+NY147th Ave+10003'
-73.7329,40.7082,0,2,'NY108th Ave10003+NY223rd St+10003'
-73.7329,40.6298,0,1,'NYArlington Pl10003|NYArlington Pl10003+NYPeninsula Blvd+10003'
-73.7329,40.6652,0,2,'NY246th Ln10003|NY246th Ln10003+NY139th Ave+10003|NY246th Ln10003+NY246th St+10003|NY139th Ave10003+NY246th St+10003|NY246th St10003'
-73.7329,40.7306,1,2,'NY88th Ave10003'
-73.7328,40.6588,0,2,'NY256th St10003'
-73.7328,40.7567,0,1,'NY60th Ave10003|NY60th Ave10003+NY61st Ave+10003'
-73.7328,40.7693,0,3,'NYIowa Rd10003|NYIowa Rd10003+NYBrowvale Ln+10003'
-73.7328,40.6494,0,1,'NYGlenridge Ave10003|NYGlenridge Ave10003+NYFlanders Dr+10003'
-73.7328,40.7303,0,1,'NYMoline St10003|NYMoline St10003+NY88th Ave+10003'
-73.7328,40.6736,0,1,'NY241st St10003'
-73.7328,40.7872,0,1,'NYSpruce Pl10003|NYSpruce Pl10003+NYElm St+10003'
-73.7327,40.6254,0,2,'NYOxford Ct10003'
-73.7327,40.5907,0,2,'NYBay Blvd10003+NYErie Ave+10003|NYErie Ave10003'
-73.7327,40.7277,0,1,'NY91st Rd10003|NY91st Rd10003+NYLyman St+10003|NY91st Rd10003+NYState Hwy 25+10003|NY91st Rd10003+NYBraddock Ave+10003|NYLyman St10003|NYLyman St10003+NYState Hwy 25+10003|NYLyman St10003+NYBraddock Ave+10003'
-73.7326,40.6201,0,1,'NYRockaway Tpke10003+NYAtlantic Ave+10003|NYAtlantic Ave10003'
-73.7326,40.7089,0,1,'NY107th Ave10003+NY223rd St+10003'
-73.7326,40.9622,0,1,'NYRiver St10003+NY1st St+10003|NYRiver St10003+NYFirst St+10003|NY1st St10003|NYFirst St10003'
-73.7326,40.6595,0,2,'NYMemphis Ave10003+NY254th St+10003'
-73.7326,40.7203,0,2,'NYJamaica Ave10003+NY222nd St+10003|NY222nd St10003'
-73.7325,40.6844,0,3,'NY125th Ave10003|NY125th Ave10003+NY233rd St+10003'
-73.7325,40.7553,0,2,'NY62nd Ave10003'
-73.7325,40.6487,0,2,'NYColfax Pl10003|NYColfax Pl10003+NYGlenridge Ave+10003'
-73.7325,40.7713,0,2,'NYGlenwood St10003+NYW End Dr+10003'
-73.7325,40.7882,0,1,'NYMaple Dr10003+NYHillside Ave+10003'
-73.7325,40.6130,0,1,'NYHerrick Dr10003+NYBroadway+10003'
-73.7325,40.6621,0,2,'NY250th St10003+NYFrancis Lewis Blvd+10003'
-73.7325,40.7978,0,1,'NYBerkshire Rd10003'
-73.7325,40.7456,0,2,'NYOak Park Dr10003'
-73.7325,40.7176,0,2,'NY97th Ave10003|NY97th Ave10003+NY221st St+10003'
-73.7325,40.6441,0,1,'NYDaniel St10003|NYDaniel St10003+NYHungry Harbor Rd+10003'
-73.7325,40.7925,0,3,'NYMiddle Neck Rd10003+NYLinden Blvd+10003|NYLinden Blvd10003'
-73.7324,40.6284,0,1,'NYArgyle Rd10003+NYAlbermarle Rd+10003'
-73.7324,40.7743,1,1,'NYState Rte 25A10002+NYGreat Neck Rd+10002|NYNorthern Blvd10002+NYGreat Neck Rd+10002|NYGreat Neck Rd10003'
-73.7324,40.6255,0,2,'NYOxford Rd10003+NYOxford Ct+10003|NYOxford Ct10003'
-73.7324,40.7204,0,4,'NY222nd St10003|NY222nd St10003+NYJamaica Ave+10003'
-73.7324,40.7892,0,1,'NYDeepdale Dr10003|NYDeepdale Dr10003+NYCedar Dr+10003'
-73.7324,40.6777,0,3,'NY236th St10003|NY236th St10003+NY131st Ave+10003'
-73.7324,40.6691,0,4,'NY244th St10003+NY136th Rd+10003|NY136th Rd10003'
-73.7324,40.6647,0,4,'NY247th St10003+NY139th Ave+10003'
-73.7323,40.7095,0,1,'NY223rd St10003+NY106th Ave+10003'
-73.7323,40.7436,4,1,'NYCross Island Pkwy10003+NYGrand Central Pkwy+10003'
-73.7323,40.7139,0,1,'NY101st Ave10003+NY221st St+10003'
-73.7323,40.6057,0,5,'NYHarborview W10003'
-73.7322,40.6799,0,1,'NY130th Ave10003+NY235th St+10003|NY235th St10003'
-73.7322,40.6230,0,1,'NYLivingston Pl10003'
-73.7322,40.6730,0,2,'NY134th Ave10003|NY134th Ave10003+NY242nd St+10003'
-73.7322,40.9372,0,1,'NYClaflin Ave10003+NYSeney Ave+10003'
-73.7322,40.6870,0,9,'NY232nd St10003+NY120th Ave+10003'
-73.7322,40.6480,0,2,'NYGlenridge Ave10003+NYNutley Pl+10003|NYNutley Pl10003'
-73.7322,40.7672,0,2,'NYBrowvale Ln10003+NYAnnadale Ln+10003|NYBrowvale Ln10003+NYAnnandale Ln+10003|NYAnnadale Ln10003|NYAnnandale Ln10003'
-73.7322,40.7816,0,26,'NYJayson Ave10003|NYJayson Ave10003+NYGreat Neck Rd+10003'
-73.7322,40.6146,6,6,'NYDillon Dr10003'
-73.7322,40.7329,1,0,'NY235th Ct10003'
-73.7322,40.7640,0,2,'NYMorenci Ln10003+NY51st Ave+10003'
-73.7322,40.7465,0,1,'NYOak Park Dr10003'
-73.7322,40.7200,0,2,'NY222nd St10003+NY95th Ave+10003|NY95th Ave10003'
-73.7322,40.7457,0,1,'NYOak Park Dr10003'
-73.7321,40.6506,0,5,'NYCraft Ave10003+NY257th St+10003|NY257th St10003'
-73.7321,40.7609,0,1,'NYMarathon Pkwy10003+NYHorace Harding Blvd+10003|NYMarathon Pkwy10003+NYHorace Harding Expy+10003'
-73.7321,40.7160,0,1,'NY221st St10003|NY221st St10003+NY99th Ave+10003'
-73.7321,40.7761,1,2,'NYGreat Neck Rd10003|NYGreat Neck Rd10003+NYGreat Neck Rd+10003'
-73.7321,40.6714,1,2,'NY243rd St10003+NY135th Ave+10003'
-73.7321,40.6590,0,1,'NYMemphis Ave10003+NY255th St+10003|NY255th St10003'
-73.7321,40.8002,0,1,'NYRadnor Rd10003+NYBaker Hill Rd+10003'
-73.7321,40.7102,0,1,'NY223rd St10003+NY105th Ave+10003'
-73.7321,40.7561,0,1,'NY245th Ln10003'
-73.7321,40.6753,0,1,'NYBrookville Blvd10003+NY133rd Ave+10003|NY133rd Ave10003'
-73.7321,40.6575,0,3,'NYMemphis Ave10003|NYMemphis Ave10003+NY147th Ave+10003|NYMemphis Ave10003+NY257th St+10003|NY147th Ave10003+NY257th St+10003|NY257th St10003'
-73.7320,40.6806,0,3,'NY235th St10003|NY235th St10003+NY129th Ave+10003'
-73.7320,40.7621,0,2,'NYThornhill Ave10003+NY250th St+10003|NY250th St10003'
-73.7320,40.7123,0,2,'NY222nd St10003|NY222nd St10003+NYHempstead Ave+10003'
-73.7320,40.7194,0,2,'NY96th Ave10003'
-73.7319,40.6323,0,1,'NYRedwood Dr10003|NYRedwood Dr10003+NYPark Ln+10003'
-73.7319,40.6587,0,1,'NY144th Ave10003'
-73.7319,40.6776,0,2,'NY131st Ave10003|NY131st Ave10003+NYLaurelton Pkwy+10003|NY131st Ave10003+NY237th St+10003'
-73.7319,40.7060,0,1,'NY111th Ave10003+NY225th St+10003'
-73.7318,40.6495,0,1,'NYFlanders Dr10003|NYDumont Pl10003'
-73.7318,40.6665,0,1,'NY138th Ave10003|NY138th Ave10003+NYN Conduit Ave+10003'
-73.7318,40.6738,0,3,'NY242nd St10003'
-73.7318,40.7108,0,1,'NY104th Ave10003+NY223rd St+10003'
-73.7318,40.6666,0,1,'NY246th St10003'
-73.7317,40.7303,0,2,'NYLyman St10003|NYLyman St10003+NY88th Ave+10003'
-73.7317,40.7154,0,1,'NY100th Ave10003+NY221st St+10003|NY221st St10003'
-73.7317,40.6058,0,1,'NYHarborview S10003+NYLawrence Ave+10003|NYLawrence Ave10003'
-73.7317,40.7747,1,2,'NYState Rte 25A10002+NYWestminster Rd+10002|NYWestminster Rd10003|NYWestminster Rd10003+NYNorthern Blvd+10003'
-73.7317,40.7483,0,2,'NY243rd St10003|NY243rd St10003+NY73rd Ave+10003|NY73rd Ave10003'
-73.7317,40.7662,0,3,'NYBrowvale Ln10003+NYVan Zandt Ave+10003|NYBrowvale Ln10003+NYLeith Rd+10003|NYBrowvale Ln10003+NYThebes Ave+10003|NYVan Zandt Ave10003|NYVan Zandt Ave10003+NYLeith Rd+10003|NYVan Zandt Ave10003+NYThebes Ave+10003|NYLeith Rd10003|NYLeith Rd10003+NYThebes Ave+10003|NYThebes Ave10003'
-73.7317,40.6361,0,1,'NYWaterview Dr10003|NYWaterview Dr10003+NY11th St+10003|NYWaterview Dr10003+NYOakland Ave+10003|NYWaterview Dr10003+NY10th St+10003|NY11th St10003|NY11th St10003+NYOakland Ave+10003|NY11th St10003+NY10th St+10003|NYOakland Ave10003+NY10th St+10003|NY10th St10003'
-73.7317,40.6108,0,2,'NYManor Ln10003'
-73.7317,40.7603,0,1,'NYHorace Harding Expy10003+NYMarathon Pkwy+10003|NYMarathon Pkwy10003+NYHorace Harding Blvd+10003'
-73.7317,40.7691,0,6,'NYAnnadale Ln10003|NYAnnadale Ln10003+NYLittle Neck Pkwy+10003|NYLittle Neck Pkwy10003+NYAnnandale Ln+10003|NYAnnandale Ln10003'
-73.7317,40.6426,0,1,'NYDaniel St10003|NYDaniel St10003+NYWilson St+10003'
-73.7316,40.7461,0,4,'NYOak Park Dr10003|NYOak Park Dr10003+NYOak Park Dr+10003'
-73.7316,40.7474,0,3,'NYOak Park Dr10003|NYOak Park Dr10003+NYOak Park Dr+10003'
-73.7316,40.6759,0,1,'NY132nd Rd10003|NY132nd Rd10003+NYBrookville Blvd+10003'
-73.7316,40.6317,0,1,'NYPark Cir10003'
-73.7315,40.7976,0,1,'NYRadnor Rd10003'
-73.7315,40.7176,0,1,'NY97th Ave10003'
-73.7315,40.7115,0,3,'NY103rd Ave10003+NY223rd St+10003'
-73.7315,40.8018,0,1,'NYCroyden Ave10003+NYE Park Pl+10003|NYCroyden Ave10003+NYEssex Rd+10003|NYE Park Pl10003|NYE Park Pl10003+NYEssex Rd+10003|NYEssex Rd10003'
-73.7315,40.6610,0,1,'NY253rd St10003+NYFrancis Lewis Blvd+10003'
-73.7315,40.9570,1,0,'NYBeach Ave10003'
-73.7315,40.7009,1,4,'NY226th St10003|NY226th St10003+NY114th Rd+10003'
-73.7314,40.6924,0,3,'NY230th St10003+NYLinden Blvd+10003'
-73.7314,40.9403,1,2,'NYIndian Cove Rd10003|NYIndian Cove Rd10003+NYRushmore Ave+10003|NYIndian Cove Rd10003+NYFairway Ave+10003|NYRushmore Ave10003+NYFairway Ave+10003|NYRushmore Ave10003+NYIndian Cove+10003|NYFairway Ave10003|NYFairway Ave10003+NYIndian Cove+10003|NYIndian Cove10003'
-73.7314,40.8210,0,2,'NYTwin Ponds St10003'
-73.7314,40.5870,0,1,'NYOcean Blvd10003+NYGenesee Blvd+10003|NYGenesee Blvd10003'
-73.7314,40.7968,0,5,'NYOxford Blvd10003|NYOxford Blvd10003+NYOxford Blvd+10003'
-73.7314,40.7596,0,4,'NYMarathon Pkwy10003+NY57th Ave+10003|NY57th Ave10003'
-73.7314,40.6727,0,2,'NY243rd St10003+NY134th Ave+10003'
-73.7313,40.6635,0,1,'NY249th St10003+NY139th Ave+10003'
-73.7313,40.6849,2,2,'NY121st Ave10003+NY234th St+10003'
-73.7313,40.7613,0,15,'NYHorace Harding Blvd10003+NY250th St+10003|NY250th St10003|NY250th St10003+NYHorace Harding Expy+10003'
-73.7313,40.7723,0,1,'NYKensington Pl10003|NYKensington Pl10003+NYConcord Ave+10003'
-73.7312,40.6391,0,1,'NYArbuckle Ave10003|NYArbuckle Ave10003+NYStevenson St+10003|NYStevenson St10003'
-73.7312,40.6156,0,1,'NYArrowhead Ln10003'
-73.7312,40.7267,0,1,'NY92nd Rd10003+NYGettysburg St+10003'
-73.7312,40.7627,0,1,'NYThornhill Ave10003+NYMorenci Ln+10003'
-73.7312,40.6508,0,3,'NY258th St10003|NY258th St10003+NYCraft Ave+10003'
-73.7312,40.7899,0,1,'NYGateway Dr10003|NYGateway Dr10003+NYCedar Dr+10003'
-73.7312,40.5903,0,1,'NYBay Blvd10003+NYGenesee Blvd+10003|NYGenesee Blvd10003'
-73.7312,40.9516,0,1,'NYTompkins Ave10003+NYDubois Ave+10003|NYDubois Ave10003'
-73.7311,40.6522,0,15,'NY258th St10003'
-73.7311,40.7078,0,1,'NY108th Ave10003+NY225th St+10003'
-73.7310,40.6679,0,3,'NY246th St10003|NY246th St10003+NY137th Ave+10003'
-73.7310,40.7216,0,4,'NYJamaica Ave10003+NY224th St+10003'
-73.7310,40.6654,0,2,'NYState Rte 2710002+NY247th St+10002|NY247th St10003|NY247th St10003+NYS Conduit Ave+10003'
-73.7310,40.6304,1,1,'NYBayview Ave10003+NYPeninsula Blvd+10003'
-73.7310,40.7550,0,1,'NY63rd Ave10003'
-73.7310,40.7859,0,1,'NYCuttermill Rd10003+NYTown House Pl+10003|NYTown House Pl10003'
-73.7310,40.6258,0,1,'NYW Broadway10003+NYAlbermarle Rd+10003|NYAlbermarle Rd10003'
-73.7310,40.6604,0,1,'NY254th St10003+NYFrancis Lewis Blvd+10003'
-73.7309,40.7150,0,1,'NY100th Rd10003'
-73.7309,40.7272,0,1,'NY237th St10003|NY237th St10003+NYState Hwy 25+10003|NY237th St10003+NYBraddock Ave+10003'
-73.7309,40.6472,0,1,'NYCrestview Ave10003+NYNancy Pl+10003|NYNancy Pl10003'
-73.7308,40.8019,0,2,'NYCroyden Ave10003+NYBernard St+10003|NYBernard St10003'
-73.7308,40.6630,0,3,'NY250th St10003+NY139th Ave+10003'
-73.7308,40.7084,0,2,'NY107th Ave10003+NY225th St+10003'
-73.7308,40.7302,0,3,'NYGettysburg St10003|NYGettysburg St10003+NY88th Ave+10003'
-73.7308,40.7568,0,4,'NY246th Pl10003|NY246th Pl10003+NY61st Ave+10003'
-73.7307,40.6170,0,1,'NYRockaway Tpke10003+NYCentral Ave+10003'
-73.7307,40.7936,0,2,'NYEmbassy Ct10003'
-73.7307,40.6564,1,8,'NY258th St10003|NY258th St10003+NY147th Rd+10003'
-73.7307,40.6124,0,1,'NYPearsall Pl10003|NYPearsall Pl10003+NYCauseway Rd+10003'
-73.7307,40.6429,0,2,'NYWilson Ct10003|NYWilson Ct10003+NYWilson St+10003'
-73.7307,40.9310,0,2,'NYPirates Cove Ln10003|NYPirates Cove10003'
-73.7307,40.6919,0,3,'NYLinden Blvd10003+NY231st St+10003'
-73.7307,40.6149,0,2,'NYBroadway10003+NYArrowhead Ln+10003|NYArrowhead Ln10003'
-73.7307,40.6350,0,1,'NYHemlock Dr10003+NYOakland Ave+10003'
-73.7306,40.6740,0,1,'NY243rd St10003'
-73.7306,40.8110,0,1,'NYSpring Ln10003'
-73.7306,40.7617,0,1,'NYHorace Harding Blvd10003+NYMorenci Ln+10003|NYMorenci Ln10003|NYMorenci Ln10003+NYHorace Harding Expy+10003'
-73.7306,40.7583,0,3,'NYMarathon Pkwy10003+NY60th Ave+10003'
-73.7306,40.7861,0,3,'NYTown House Pl10003|NYTown House Pl10003+NYCuttermill Rd+10003'
-73.7306,40.7485,0,3,'NY244th St10003'
-73.7306,40.6150,0,1,'NYBroadway10003+NYMerrall Dr+10003|NYMerrall Dr10003'
-73.7306,40.7091,0,1,'NY225th St10003+NY106th Ave+10003'
-73.7305,40.6275,0,1,'NYMarlborough Rd10003|NYMarlborough Rd10003+NYArlington Rd+10003'
-73.7305,40.6205,0,1,'NYOak Ct10003'
-73.7305,40.7203,0,1,'NY95th Ave10003+NY224th St+10003'
-73.7305,40.6208,0,1,'NYSummit Ave10003|NYSummit Ave10003+NYCentre St+10003|NYCentre St10003'
-73.7305,40.8065,0,1,'NYHampshire Rd10003|NYHampshire Rd10003+NYHicks Ln+10003'
-73.7305,40.6794,0,2,'NY130th Ave10003+NY237th St+10003|NYLaurelton Pkwy10003+NY237th St+10003|NY237th St10003|NY237th St10003+NY237th St+10003'
-73.7305,40.7002,0,5,'NY227th St10003+NY114th Dr+10003|NY114th Dr10003'
-73.7305,40.7824,0,4,'NYTain Dr10003'
-73.7305,40.6961,0,4,'NY229th St10003+NY115th Rd+10003'
-73.7305,40.9409,0,1,'NYIndian Cove Rd10003|NYIndian Cove Rd10003+NYIndian Cove Rd+10003|NYIndian Cove Rd10003+NYIndian Cove+10003|NYIndian Cove10003'
-73.7305,40.6724,0,3,'NY244th St10003+NY134th Ave+10003'
-73.7305,40.6598,0,2,'NY255th St10003+NYFrancis Lewis Blvd+10003'
-73.7304,40.7711,0,1,'NYWalden Pl10003+NYConcord Ave+10003|NYWalden Ave10003+NYConcord Ave+10003'
-73.7303,40.6224,0,2,'NYOak Ave10003+NYRoselle Ave+10003|NYRoselle Ave10003'
-73.7303,40.7222,0,3,'NYJamaica Ave10002|NYJamaica Ave10002+NYJamaica Ave+10002|NYJamaica Ave10002+NY225th St+10002|NYJamaica Ave10002+NYJericho Tpke+10002|NYJamaica Ave10003|NYJamaica Ave10003+NYJamaica Ave+10003|NYJamaica Ave10003+NY225th St+10003|NYJamaica Ave10003+NYJericho Tpke+10003|NY225th St10003|NY225th St10003+NYJericho Tpke+10003|NYJericho Tpke10002|NYJericho Tpke10002+NYJericho Tpke+10002'
-73.7303,40.6772,0,1,'NYBrookville Blvd10003+NY131st Ave+10003|NY131st Ave10003'
-73.7303,40.6088,0,1,'NYJuniper Cir E10003|NYJuniper Cir E10003+NYJuniper Cir S+10003|NYJuniper Cir S10003'
-73.7303,40.7287,0,1,'NY237th St10003+NY89th Ave+10003'
-73.7303,40.6762,0,3,'NY132nd Ave10003+NY242nd St+10003|NY242nd St10003'
-73.7303,40.6802,0,3,'NY237th St10003+NY129th Ave+10003'
-73.7303,40.7196,1,0,'NY96th Ave10003|NY96th Ave10003+NY224th St+10003|NY224th St10003'
-73.7303,40.7704,0,1,'NYIowa Rd10003|NYIowa Rd10003+NYIowa Rd+10003'
-73.7303,40.7097,0,5,'NY225th St10003+NY105th Ave+10003'
-73.7303,40.6692,0,1,'NY136th Ave10003+NY246th St+10003|NY246th St10003'
-73.7303,40.7119,0,1,'NY224th St10003|NY224th St10003+NYHempstead Ave+10003'
-73.7303,40.6291,0,1,'NYLincoln St10003|NYLincoln St10003+NYBayview Ave+10003'
-73.7302,40.6522,0,4,'NY259th St10003'
-73.7302,40.6307,0,1,'NYCedarhurst Ave10003+NYPeninsula Blvd+10003'
-73.7302,40.7240,0,5,'NYGettysburg St10003+NY93rd Ave+10003'
-73.7302,40.7770,0,1,'NYClair St10003+NYJayson Ave+10003'
-73.7301,40.7878,0,1,'NYGussack Plz10003|NYGussack Plz10003+NYWalnut Pl+10003|NYWalnut Pl10003'
-73.7301,40.6132,0,3,'NYWeston Pl10003'
-73.7301,40.6765,0,1,'NY131st Rd10003|NY131st Rd10003+NY242nd St+10003'
-73.7301,40.7270,0,2,'NYState Hwy 2510002+NY92nd Rd+10002|NYState Hwy 2510002+NY238th St+10002|NYBraddock Ave10002+NY92nd Rd+10002|NYBraddock Ave10002+NY238th St+10002|NY92nd Rd10003|NY92nd Rd10003+NY238th St+10003|NY238th St10003'
-73.7301,40.6359,0,1,'NYBranch Blvd10003+NYHalevy Dr+10003|NYHalevy Dr10003'
-73.7300,40.7651,0,2,'NYLeeds Rd10003+NYBrattle Ave+10003|NYBrattle Ave10003'
-73.7300,40.7877,0,1,'NYGussack Plz10003+NYGossack Plz+10003|NYGossack Plz10003'
-73.7299,40.6337,0,1,'NYCedarwood Dr10003+NYOakland Ave+10003'
-73.7299,40.6593,0,2,'NY256th St10003|NY256th St10003+NYFrancis Lewis Blvd+10003'
-73.7299,40.7060,0,3,'NY227th St10003+NY111th Ave+10003'
-73.7299,40.7621,0,1,'NYHorace Harding Blvd10003+NY251st Pl+10003|NY251st Pl10003|NY251st Pl10003+NYHorace Harding Expy+10003'
-73.7299,40.7686,0,1,'NYLittle Neck Pkwy10003+NYBates Rd+10003|NYBates Rd10003'
-73.7299,40.7741,0,1,'NYArcadia Ln10003+NYPembroke Ave+10003'
-73.7299,40.7233,0,2,'NY93rd Rd10003+NYGettysburg St+10003|NYGettysburg St10003'
-73.7299,40.6699,0,1,'NY135th Rd10003|NY135th Rd10003+NY246th St+10003'
-73.7299,40.7985,0,1,'NYPiccadilly Rd10003+NYColgate Rd+10003|NYColgate Rd10003'
-73.7299,40.7864,0,13,'NYCuttermill Rd10003+NYPearce Pl+10003|NYPearce Pl10003'
-73.7299,40.6915,1,3,'NYLinden Blvd10003+NY232nd St+10003'
-73.7299,40.6651,1,1,'NY248th St10003'
-73.7298,40.6156,0,2,'NYMeadow Ln10003|NYMeadow Ln10003+NYBroadway+10003|NYMeadow Ln10003+NYRockaway Tpke+10003|NYBroadway10003+NYRockaway Tpke+10003|NYRockaway Tpke10003'
-73.7298,40.6432,0,1,'NYLongacre Ave10003+NYWilson St+10003|NYWilson St10003'
-73.7298,40.6226,0,1,'NYOak Ave10003+NYVilla Pl+10003|NYVilla Pl10003'
-73.7298,40.6664,0,5,'NYN Conduit Ave10003'
-73.7298,40.7847,0,12,'NYKnightsbridge Rd10003|NYKnightsbridge Rd10003+NYGreat Neck Rd+10003'
-73.7298,40.6994,0,2,'NY228th St10003+NY114th Ter+10003|NY114th Ter10003'
-73.7298,40.6522,0,4,'NY259th St10003'
-73.7298,40.6789,0,1,'NYLaurelton Pkwy10002+NY130th Ave+10002'
-73.7298,40.6667,0,1,'NY137th Rd10003'
-73.7297,40.6643,0,1,'NY249th St10003'
-73.7297,40.6398,0,1,'NYChurch Ave10003|NYChurch Ave10003+NYStevenson St+10003'
-73.7297,40.6771,0,1,'NY131st Ave10003+NY242nd St+10003|NY242nd St10003'
-73.7297,40.7555,0,1,'NY62nd Ave10003|NY62nd Ave10003+NY63rd Ave+10003'
-73.7297,40.7302,1,1,'NY237th St10003|NY237th St10003+NY88th Ave+10003'
-73.7297,40.7149,0,1,'NY224th St10003+NY100th Rd+10003|NY100th Rd10003'
-73.7297,40.7205,0,2,'NYJamaica Ave10003+NY95th Ave+10003|NY225th St10003+NY95th Ave+10003|NY95th Ave10003|NY95th Ave10003+NY95th Ave+10003'
-73.7297,40.6939,0,2,'NY231st St10003+NY116th Ave+10003'
-73.7296,40.7067,0,1,'NY109th Ave10003+NY227th St+10003'
-73.7296,40.6958,0,3,'NY230th St10003+NY115th Rd+10003'
-73.7296,40.6589,0,1,'NY144th Ave10003|NY144th Ave10003+NYFrancis Lewis Blvd+10003'
-73.7296,40.7674,0,1,'NYLeith Rd10003|NYLeith Rd10003+NYBrattle Ave+10003|NYLeith Rd10003+NYLeith Pl+10003|NYBrattle Ave10003+NYLeith Pl+10003|NYLeith Pl10003'
-73.7296,40.6640,0,1,'NY250th St10003|NY250th St10003+NYHook Creek Blvd+10003'
-73.7296,40.6821,0,4,'NY237th St10003+NY128th Ave+10003'
-73.7296,40.6843,0,3,'NY121st Ave10003+NY236th St+10003|NY236th St10003'
-73.7295,40.6742,0,3,'NY244th St10003'
-73.7295,40.7225,0,2,'NYJamaica Ave10002+NY226th St+10002|NYJericho Tpke10002+NY226th St+10002|NY226th St10003'
-73.7295,40.6191,0,2,'NYWilliams St10003|NYWilliams St10003+NYMulry Ln+10003'
-73.7295,40.7479,0,1,'NYGrand Central Pkwy10006+NY73rd Ave+10006|NYGrand Central Pkwy Svc Rd10006+NY73rd Ave+10006|NY73rd Ave10003'
-73.7295,40.6425,0,4,'NYVan Dam St10003|NYVan Dam St10003+NYLongacre Ave+10003'
-73.7295,40.6676,1,1,'NY137th Ave10003'
-73.7295,40.7469,0,1,'NYGrand Central Pkwy10002|NYGrand Central Pkwy10002+NYGrand Central Pkwy+10002'
-73.7294,40.7681,0,2,'NYLittle Neck Pkwy10003+NYBrattle Ave+10003|NYBrattle Ave10003'
-73.7294,40.6131,0,2,'NYPearsall Pl10003'
-73.7294,40.6294,0,1,'NYLincoln St10003+NYCedarhurst Ave+10003'
-73.7294,40.7199,0,2,'NYJamaica Ave10003'
-73.7294,40.7001,0,2,'NY228th St10003|NY228th St10003+NY114th Dr+10003'
-73.7294,40.7256,0,4,'NYEdmore Ave10003'
-73.7294,40.7073,0,1,'NY227th St10003+NY108th Ave+10003'
-73.7294,40.6310,0,1,'NYOceanpoint Ave10003|NYOceanpoint Ave10003+NYPeninsula Blvd+10003'
-73.7293,40.6095,0,1,'NYKeewaydin Rd10003'
-73.7293,40.6613,0,4,'NY139th Ave10003+NY254th St+10003|NY254th St10003'
-73.7293,40.6681,0,1,'NY136th Rd10003'
-73.7293,40.6758,0,2,'NY132nd Ave10003+NY243rd St+10003'
-73.7293,40.8067,0,1,'NYWeybridge Rd10003|NYWeybridge Rd10003+NYHicks Ln+10003'
-73.7293,40.6728,0,2,'NY245th St10003+NY133rd Dr+10003|NY133rd Dr10003'
-73.7293,40.7149,0,3,'NYX Isle Parkway Exit Sb10003'
-73.7293,40.6682,0,3,'NY136th Rd10003'
-73.7292,40.6630,0,4,'NYCaney Ln10003'
-73.7292,40.6440,0,1,'NYHook St10003'
-73.7292,40.6108,0,2,'NYCauseway Rd10003+NYLarch Hill Rd+10003|NYLarch Hill Rd10003'
-73.7292,40.6784,0,1,'NYBrookville Blvd10003+NY130th Ave+10003'
-73.7292,40.7626,0,2,'NYBrowvale Ln10003|NYBrowvale Ln10003+NYHorace Harding Blvd+10003|NYBrowvale Ln10003+NYHorace Harding Expy+10003'
-73.7292,40.9582,0,1,'NYCarroll Ave10003'
-73.7291,40.7267,0,2,'NYState Hwy 2510002+NY239th St+10002|NYBraddock Ave10002+NY239th St+10002|NY239th St10003'
-73.7291,40.6353,0,3,'NYPoe St10003|NYPoe St10003+NYArbuckle Ave+10003'
-73.7291,40.7882,0,1,'NYGussack Plz10003|NYGussack Plz10003+NYMiddle Neck Rd+10003'
-73.7291,40.6854,0,1,'NY236th St10003'
-73.7291,40.7716,0,2,'NYWalden Pl10003|NYWalden Ave10003'
-73.7291,40.7080,0,1,'NY227th St10003+NY107th Ave+10003'
-73.7290,40.6340,0,1,'NYCedarwood Dr10003|NYCedarwood Dr10003+NYBranch Blvd+10003'
-73.7290,40.6501,0,1,'NYFlanders Dr10003|NYDumont Pl10003'
-73.7290,40.6266,0,2,'NYW Broadway10003+NYClinton Ave+10003|NYClinton Ave10003'
-73.7290,40.6581,0,1,'NY145th Ave10003|NY145th Ave10003+NYFrancis Lewis Blvd+10003'
-73.7289,40.7690,0,1,'NYGlenwood St10003|NYGlenwood St10003+NYConcord St+10003'
-73.7289,40.6068,0,1,'NYHarborview S10003|NYHarborview S10003+NYHarborview E+10003|NYHarborview E10003'
-73.7289,40.7732,0,1,'NYArcadia Ln10003|NYArcadia Ln10003+NYKensington Pl+10003|NYKensington Pl10003'
-73.7289,40.6401,0,2,'NYDerby Ave10003|NYDerby Ave10003+NYStevenson St+10003|NYStevenson St10003'
-73.7289,40.7644,0,2,'NYThornhill Ave10003+NY252nd St+10003|NY252nd St10003'
-73.7289,40.6311,1,3,'NYOceanpoint Ave10003|NYOceanpoint Ave10003+NYPeninsula Blvd+10003'
-73.7289,40.7687,0,2,'NYBates Rd10003+NYConcord St+10003'
-73.7288,40.7764,0,2,'NYState Rte 25A10002+NYIris Ln+10002|NYNorthern Blvd10002+NYIris Ln+10002|NYIris Ln10003'
-73.7288,40.6994,0,1,'NY229th St10003|NY229th St10003+NY114th Ter+10003'
-73.7288,40.7606,0,8,'NY58th Ave10003|NY58th Ave10003+NY251st St+10003'
-73.7288,40.7867,1,16,'NYGussack Plz10003|NYGussack Plz10003+NYCuttermill Rd+10003'
-73.7288,40.6936,1,0,'NY232nd St10003+NY116th Ave+10003'
-73.7288,40.6956,0,1,'NY115th Rd10003+NY231st St+10003'
-73.7288,40.6737,0,1,'NY245th St10003'
-73.7288,40.7302,0,1,'NY238th St10003|NY238th St10003+NY88th Ave+10003'
-73.7288,40.9408,0,1,'NYThe Crescent10003'
-73.7287,40.7126,0,1,'NYCross Island Pkwy10002+NYX Isle Parkway Entrance Naval Base+10002|NYX Isle Parkway Entrance Naval Base10003'
-73.7287,40.6860,0,5,'NY120th Ave10003+NY236th St+10003'
-73.7287,40.6819,0,2,'NY238th St10003+NY128th Ave+10003'
-73.7287,40.6281,0,2,'NYCedarhurst Ave10003+NYMonroe St+10003'
-73.7287,40.6503,0,1,'NYCranford Ave10003|NYCranford Ave10003+NYFlanders Dr+10003|NYFlanders Dr10003'
-73.7287,40.7695,0,1,'NYOakley Pl10003|NYOakley Pl10003+NYOakley Pl+10003'
-73.7287,40.7493,0,1,'NY72nd Ave10003|NY72nd Ave10003+NYGrand Central Pkwy+10003|NY72nd Ave10003+NYGrand Central Pkwy Svc Rd+10003|NYGrand Central Pkwy10006|NYGrand Central Pkwy Svc Rd10006'
-73.7287,40.6379,0,2,'NYChurch Ave10003+NYRaleigh St+10003'
-73.7287,40.7557,0,3,'NYMarathon Pkwy10003+NY63rd Ave+10003'
-73.7287,40.7229,0,2,'NYJamaica Ave10002+NY238th St+10002|NY238th St10003|NY238th St10003+NYJericho Tpke+10003'
-73.7287,40.7676,0,1,'NYLittle Neck Pkwy10003+NY52nd Rd+10003|NY52nd Rd10003'
-73.7287,40.6792,0,1,'NYBrookville Blvd10003+NY129th Rd+10003|NY129th Rd10003'
-73.7287,40.6334,0,1,'NYRedwood Dr10003|NYRedwood Dr10003+NYBranch Blvd+10003'
-73.7286,40.6231,0,1,'NYWashington Ave10003+NYOak Ave+10003'
-73.7286,40.7482,0,1,'NYGrand Central Pkwy10002+NYCommonwealth Blvd+10002'
-73.7286,40.8190,0,1,'NYBlossom Rd10003'
-73.7286,40.7169,0,1,'NYCross Island Pkwy10002|NYCross Island Pkwy10002+NYCross Island Pkwy+10002'
-73.7285,40.6702,0,4,'NY135th Ave10003+NYHook Creek Blvd+10003'
-73.7285,40.7630,0,2,'NYHorace Harding Blvd10003+NY252nd St+10003|NY252nd St10003|NY252nd St10003+NYHorace Harding Expy+10003'
-73.7285,40.6496,0,1,'NYCranford Ave10003+NYDumont Pl+10003|NYDumont Pl10003'
-73.7285,40.7265,0,1,'NYState Hwy 2510002+NY240th St+10002|NYBraddock Ave10002+NY240th St+10002|NY240th St10003'
-73.7285,40.8007,0,1,'NYCambridge Rd10003|NYCambridge Rd10003+NYBaker Hill Rd+10003'
-73.7285,40.7093,0,1,'NY227th St10003+NY105th Ave+10003'
-73.7285,40.6609,0,2,'NY255th St10003+NYHook Creek Blvd+10003'
-73.7285,40.7661,0,1,'NYLeeds Rd10003+NYLeith Pl+10003|NYLeith Pl10003'
-73.7285,40.6796,0,1,'NYBrookville Blvd10003+NY129th Ave+10003|NY129th Ave10003'
-73.7284,40.6184,0,3,'NYFrost Ln10003|NYFrost Ln10003+NYCentral Ave+10003'
-73.7284,40.7899,0,1,'NYPortico Pl10003'
-73.7284,40.6574,1,7,'NY147th Ave10003+NYFrancis Lewis Blvd+10003'
-73.7284,40.7236,0,2,'NY239th St10003+NY93rd Rd+10003'
-73.7284,40.7499,0,1,'NYGrand Central Pkwy Svc Rd10006|NYGrand Central Pkwy Svc Rd10006+NYCommonwealth Blvd+10006|NYCommonwealth Blvd10003+NYGrand Central Pkwy+10003|NYGrand Central Pkwy10006'
-73.7283,40.6161,0,2,'NYMargaret Ave10003|NYMargaret Ave10003+NYBroadway+10003'
-73.7283,40.7113,0,3,'NYHempstead Ave10003+NYCross Island Pkwy+10003'
-73.7283,40.6355,0,1,'NYPoe St10003+NYBarnard Ave+10003'
-73.7283,40.6421,0,1,'NYUniversity Pl10003|NYUniversity St10003'
-73.7283,40.7857,0,14,'NYGreat Neck Rd10003+NYBrompton Rd+10003|NYBrompton Rd10003'
-73.7283,40.6442,0,1,'NYHook St10003+NYTurf Rd+10003|NYTurf Rd10003'
-73.7283,40.6098,0,6,'NYMeadow Ln10003|NYMeadow Ln10003+NYCauseway Rd+10003|NYMeadow Ln10003+NYRock Hall Rd+10003|NYCauseway Rd10003+NYRock Hall Rd+10003|NYRock Hall Rd10003'
-73.7283,40.6681,0,1,'NYFir St10003|NYFir St10003+NY136th Rd+10003|NY136th Rd10003'
-73.7282,40.6673,0,1,'NY137th Ave10003|NY137th Ave10003+NYGold St+10003|NYGold St10003'
-73.7282,40.7682,0,15,'NY52nd Rd10003|NY52nd Rd10003+NYConcord St+10003'
-73.7282,40.6133,0,3,'NYMerrall Dr10003'
-73.7282,40.7112,0,2,'NYHempstead Ave10003+NYCross Island Pkwy+10003'
-73.7282,40.6305,0,1,'NY1st St10003|NY1st St10003+NYOakland Ave+10003'
-73.7282,40.6782,0,1,'NY130th Ave10003+NY243rd St+10003|NY243rd St10003'
-73.7282,40.7230,1,2,'NY239th St10003|NY239th St10003+NYJamaica Ave+10003|NY239th St10003+NYJericho Tpke+10003'
-73.7281,40.6505,0,1,'NYKilmer Ln10003|NYKilmer Ln10003+NYFlanders Dr+10003'
-73.7281,40.7632,0,1,'NYHorace Harding Expy10003|NYHorace Harding Expy10003+NYHorace Harding Blvd+10003|NYHorace Harding Expy10003+NYHor Harding Expressway State Rte N+10003|NYHorace Harding Expy10003+NYLong Island Expressway State Rte N+10003|NYHorace Harding Expy10003+NYHorace Harding Expy+10003|NYHorace Harding Blvd10003|NYHorace Harding Blvd10003+NYHor Harding Expressway State Rte N+10003|NYHorace Harding Blvd10003+NYLong Island Expressway State Rte N+10003|NYHor Harding Expressway State Rte N10003|NYHor Harding Expressway State Rte N10003+NYLong Island Expressway State Rte N+10003|NYHor Harding Expressway State Rte N10003+NYHorace Harding Expy+10003|NYLong Island Expressway State Rte N10003|NYLong Island Expressway State Rte N10003+NYHorace Harding Expy+10003'
-73.7281,40.7768,0,1,'NYState Rte 25A10002+NYAster Ln+10002|NYAster Ln10003|NYAster Ln10003+NYNorthern Blvd+10003'
-73.7281,40.7091,0,1,'NY105th Ave10003'
-73.7281,40.6602,0,1,'NY256th St10003+NYHook Creek Blvd+10003'
-73.7281,40.7406,0,1,'NYX Isle Parkway Entrance Sb10003'
-73.7280,40.8219,0,1,'NYHarbour Rd10003'
-73.7280,40.6724,0,2,'NY133rd Dr10003'
-73.7280,40.7646,0,8,'NYThornhill Ave10003+NY253rd St+10003|NY253rd St10003'
-73.7280,40.7121,0,4,'NYX Isle Parkway Entrance Naval Base10003'
-73.7280,40.7252,0,1,'NYFairbury Ave10003|NYFairbury Ave10003+NY240th St+10003'
-73.7280,40.6694,0,3,'NY135th Rd10003|NY135th Rd10003+NYDean St+10003|NYDean St10003'
-73.7280,40.6268,0,1,'NYW Broadway10003+NYCedarhurst Ave+10003|NYCedarhurst Ave10003'
-73.7280,40.9332,0,1,'NYSkibo Ln10003'
-73.7279,40.6708,0,1,'NYBeech St10003'
-73.7279,40.7231,1,5,'NYJamaica Ave10002+NY239th St+10002|NY239th St10003|NY239th St10003+NY239th St+10003|NY239th St10003+NYJericho Tpke+10003'
-73.7279,40.6701,0,2,'NYCedar St10003|NYCedar St10003+NY135th Ave+10003|NY135th Ave10003'
-73.7279,40.6934,0,3,'NY233rd St10003+NY116th Ave+10003'
-73.7279,40.7062,1,0,'NY109th Ave10003|NY109th Ave10003+NYCross Island Pkwy+10003|NY109th Ave10003+NYCross Island Pkwy Svc Rd+10003'
-73.7279,40.6268,0,1,'NYW Broadway10003+NYCedarhurst Ave+10003|NYCedarhurst Ave10003'
-73.7279,40.6953,0,1,'NY232nd St10003+NY115th Rd+10003'
-73.7279,40.7055,0,1,'NYCross Island Pkwy10003+NY111th Ave+10003|NY111th Ave10003|NY111th Ave10003+NYCross Island Pkwy Svc Rd+10003'
-73.7279,40.6518,0,4,'NYCraft Ave10003'
-73.7279,40.6382,0,3,'NYDerby Ave10003+NYRaleigh St+10003|NYRaleigh St10003'
-73.7279,40.7111,0,2,'NYX Isle Parkway Entrance Naval Base10003|NYX Isle Parkway Entrance Naval Base10003+NYHempstead Ave+10003'
-73.7278,40.7045,0,2,'NY112th Rd10003|NY112th Rd10003+NYCross Island Pkwy+10003|NY112th Rd10003+NYCross Island Pkwy Svc Rd+10003'
-73.7278,40.7895,0,3,'NYBond St10003+NYMaple Dr+10003|NYMaple Dr10003'
-73.7278,40.7301,0,1,'NY239th St10003|NY239th St10003+NY88th Ave+10003'
-73.7278,40.6299,0,4,'NYLincoln St10003+NYOakland Ave+10003'
-73.7278,40.7038,0,1,'NYCross Island Pkwy10003+NY113th Ave+10003|NY113th Ave10003|NY113th Ave10003+NYCross Island Pkwy Svc Rd+10003'
-73.7278,40.6631,1,0,'NYCaney Ln10003'
-73.7278,40.7030,0,2,'NYMurdock Ave10003|NYMurdock Ave10003+NYCross Island Pkwy+10003|NYMurdock Ave10003+NYCross Island Pkwy Svc Rd+10003'
-73.7278,40.7873,0,1,'NYMiddle Neck Rd10003+NYCuttermill Rd+10003|NYCuttermill Rd10003'
-73.7278,40.7574,0,10,'NY61st Ave10003+NY251st St+10003'
-73.7277,40.7245,0,2,'NY240th St10003+NY93rd Ave+10003'
-73.7277,40.6212,0,1,'NYWashington Ave10003+NYPearsall Ave+10003|NYPearsall Ave10003'
-73.7277,40.7043,0,1,'NYX Isle Parkway Entrance Sb10003|NYX Isle Parkway Entrance Sb10003+NYCross Island Parkway State Rte S+10003|NYCross Island Parkway State Rte S10006'
-73.7277,40.7016,0,5,'NY114th Ave10003|NY114th Ave10003+NYCross Island Pkwy+10003|NY114th Ave10003+NYCross Island Pkwy Svc Rd+10003'
-73.7277,40.7634,0,3,'NYHorace Harding Expy10003|NYHorace Harding Expy10003+NYHorace Harding Blvd+10003|NYHorace Harding Expy10003+NYHor Harding Expressway State Rte N+10003|NYHorace Harding Expy10003+NYLong Island Expressway State Rte N+10003|NYHorace Harding Expy10003+NY253rd St+10003|NYHorace Harding Expy10003+NYHorace Harding Expy+10003|NYHorace Harding Blvd10003|NYHorace Harding Blvd10003+NYHor Harding Expressway State Rte N+10003|NYHorace Harding Blvd10003+NYLong Island Expressway State Rte N+10003|NYHorace Harding Blvd10003+NY253rd St+10003|NYHor Harding Expressway State Rte N10003|NYHor Harding Expressway State Rte N10003+NYLong Island Expressway State Rte N+10003|NYHor Harding Expressway State Rte N10003+NY253rd St+10003|NYHor Harding Expressway State Rte N10003+NYHorace Harding Expy+10003|NYLong Island Expressway State Rte N10003|NYLong Island Expressway State Rte N10003+NY253rd St+10003|NYLong Island Expressway State Rte N10003+NYHorace Harding Expy+10003|NY253rd St10003|NY253rd St10003+NYHorace Harding Expy+10003'
-73.7277,40.7668,0,1,'NY254th St10003|NY254th St10003+NYLeeds Rd+10003'
-73.7277,40.6315,0,1,'NYBranch Blvd10003|NYBranch Blvd10003+NYPeninsula Blvd+10003'
-73.7277,40.6498,0,1,'NYFanwood Ave10003|NYFanwood Ave10003+NYKilmer Ln+10003'
-73.7276,40.6611,0,1,'NY255th St10003|NY255th St10003+NY255th St+10003'
-73.7276,40.6596,0,1,'NY257th St10003+NYHook Creek Blvd+10003'
-73.7276,40.6574,0,3,'NY147th Ave10003'
-73.7276,40.6757,0,1,'NY131st Rd10003'
-73.7276,40.7885,0,2,'NYBond St10003+NYGrace Ave+10003'
-73.7276,40.6405,0,2,'NYLongacre Ave10003'
-73.7276,40.6563,0,9,'NY147th Rd10003|NY147th Rd10003+NYFrancis Lewis Blvd+10003'
-73.7276,40.7515,0,1,'NYGrand Central Pkwy Svc Rd10006+NY246th St+10006|NY246th St10003|NY246th St10003+NYGrand Central Pkwy+10003'
-73.7275,40.6979,2,0,'NYCross Island Pkwy10003+NY231st St+10003|NY231st St10003|NY231st St10003+NYCross Island Pkwy Svc Rd+10003'
-73.7275,40.6742,1,1,'NYOcean Ave10003+NYHook Creek Blvd+10003|NYOcean Ave10003+NYMerrick Rd+10003|NYOcean Ave10003+NYMerrick Blvd+10003|NYHook Creek Blvd10003|NYHook Creek Blvd10003+NYMerrick Rd+10003|NYHook Creek Blvd10003+NYHook Creek Blvd+10003|NYHook Creek Blvd10003+NYMerrick Blvd+10003|NYMerrick Rd10003|NYMerrick Rd10003+NYHook Creek Blvd+10003|NYMerrick Rd10003+NYMerrick Blvd+10003|NYMerrick Blvd10003'
-73.7275,40.7198,0,1,'NY238th St10003'
-73.7275,40.7082,0,1,'NYCross Island Pkwy10002+NYX Isle Parkway Exit Sb+10002|NYX Isle Parkway Exit Sb10003'
-73.7275,40.6358,0,7,'NYChurch Ave10003+NYPoe St+10003|NYPoe St10003'
-73.7275,40.7407,0,1,'NY243rd St10003|NY243rd St10003+NYUnion Tpke+10003|NYCross Island Pkwy10003|NYCross Island Pkwy10003+NYUnion Tpke+10003'
-73.7275,40.6235,0,1,'NYClinton Ave10003|NYClinton Ave10003+NYOak Ave+10003'
-73.7275,40.7705,0,1,'NYHighland Pl10003|NYHighland Pl10003+NYWestminster Rd+10003'
-73.7275,40.6961,0,1,'NY232nd St10003|NY232nd St10003+NYCross Island Pkwy+10003|NY232nd St10003+NYCross Island Pkwy Svc Rd+10003'
-73.7275,40.7238,1,1,'NY93rd Rd10003|NY93rd Rd10003+NY240th St+10003'
-73.7275,40.6293,0,1,'NYTrysting Pl10003|NYTrysting Pl10003+NYOakland Ave+10003'
-73.7274,40.7671,0,2,'NYLittle Neck Pkwy10003+NY53rd Rd+10003|NYLittle Neck Pkwy10003+NYLeeds Rd+10003|NY53rd Rd10003|NY53rd Rd10003+NYLeeds Rd+10003|NYLeeds Rd10003'
-73.7274,40.6417,0,1,'NYTurf Rd10003'
-73.7274,40.6952,2,0,'NY115th Rd10003|NY115th Rd10003+NYCross Island Pkwy+10003|NY115th Rd10003+NYCross Island Pkwy Svc Rd+10003'
-73.7274,40.6943,0,1,'NY233rd St10003|NY233rd St10003+NYCross Island Pkwy+10003|NY233rd St10003+NYCross Island Pkwy Svc Rd+10003'
-73.7274,40.6443,0,1,'NYHook St10003+NYEagle Dr+10003|NYEagle Dr10003'
-73.7274,40.6925,1,3,'NYX Isle Parkway Exit Sb10003|NYX Isle Parkway Exit Sb10003+NY234th St+10003|NYX Isle Parkway Exit Sb10003+NYCross Island Pkwy+10003|NYX Isle Parkway Exit Sb10003+NYCross Island Pkwy Svc Rd+10003|NY234th St10003|NY234th St10003+NYCross Island Pkwy+10003|NY234th St10003+NYCross Island Pkwy Svc Rd+10003|NYCross Island Pkwy10003|NYCross Island Pkwy Svc Rd10003'
-73.7274,40.7649,0,1,'NYThornhill Ave10003|NYThornhill Ave10003+NY254th St+10003'
-73.7274,40.6603,2,3,'NY256th St10003'
-73.7274,40.6116,0,1,'NYDogwood Ln10003'
-73.7274,40.6205,0,1,'NYWashington Ave10003+NYMulry Ln+10003|NYMulry Ln10003'
-73.7274,40.7235,0,1,'NYJamaica Ave10002+NY240th St+10002|NYJericho Tpke10002+NY240th St+10002|NY240th St10003'
-73.7274,40.6908,1,3,'NYX Isle Parkway Entrance Sb10003'
-73.7273,40.7698,0,1,'NYOakley Pl10003|NYOakley Pl10003+NYWestminster Rd+10003'
-73.7273,40.7628,1,0,'NYHorace Harding Expy10003+NYHor Harding Expressway Exit Eb+10003|NYHorace Harding Blvd10003+NYHor Harding Expressway Exit Eb+10003|NYHor Harding Expressway Exit Eb10003'
-73.7273,40.7873,0,1,'NYStation Plz N10003|NYStation Plz N10003+NYN Station Plz+10003|NYN Station Plz10003'
-73.7273,40.7215,0,1,'NY239th St10003+NYOntario Rd+10003|NYOntario Rd10003'
-73.7273,40.6316,1,0,'NYBranch Blvd10003|NYBranch Blvd10003+NYPeninsula Blvd+10003'
-73.7273,40.9453,0,2,'NYOakhurst Rd10003|NYOakhurst Rd10003+NYShore Acres Dr+10003'
-73.7273,40.5889,0,1,'NYPark St10003+NYLewis Ave+10003|NYLewis Ave10003'
-73.7272,40.7560,0,3,'NY63rd Ave10003+NY251st St+10003|NY251st St10003'
-73.7272,40.6129,0,1,'NYDogwood Ln10003'
-73.7272,40.6836,0,1,'NY121st Ave10003+NY237th St+10003|NY121st Ave10003+NYLaurelton Pkwy+10003|NY237th St10003|NY237th St10003+NYLaurelton Pkwy+10003|NY237th St10003+NY237th St+10003|NYLaurelton Pkwy10003'
-73.7272,40.7101,0,1,'NYX Isle Parkway Entrance Naval Base10003'
-73.7271,40.6334,0,2,'NYIbsen St10003+NYBarnard Ave+10003|NYBarnard Ave10003'
-73.7271,40.7614,0,4,'NY58th Ave10003+NY253rd St+10003|NY253rd St10003'
-73.7271,40.6817,1,0,'NYBrookville Blvd10003+NY128th Ave+10003|NY128th Ave10003'
-73.7271,40.6597,0,1,'NY257th St10003'
-73.7271,40.6773,0,2,'NY130th Rd10003'
-73.7271,40.6894,0,2,'NY118th Ave10003|NY118th Ave10003+NYCross Island Pkwy Svc Rd+10003|NY118th Ave10003+NYCross Island Pkwy+10003'
-73.7271,40.6556,0,18,'NY147th Dr10003+NYFrancis Lewis Blvd+10003'
-73.7271,40.6663,0,1,'NYBroadway10003'
-73.7270,40.7873,0,3,'NYBond St10003|NYBond St10003+NYN Station Plz+10003'
-73.7270,40.7101,0,1,'NYX Isle Parkway Entrance Naval Base10003'
-73.7270,40.6971,1,0,'NY115th Ave10003+NYCross Island Pkwy+10003'
-73.7270,40.6107,0,1,'NYMonroe St10003'
-73.7270,40.7495,0,1,'NYGrand Central Pkwy10006'
-73.7270,40.6874,0,1,'NY119th Ave10003+NY237th St+10003|NY237th St10003'
-73.7270,40.6839,0,1,'NY237th St10003'
-73.7270,40.6583,0,2,'NY145th Ave10003|NY145th Ave10003+NYHook Creek Blvd+10003'
-73.7270,40.7511,0,6,'NYGrand Central Pkwy10002+NYGrnd Cntrl Parkway Entrance Wb+10002|NYGrnd Cntrl Parkway Entrance Wb10003'
-73.7270,40.6855,0,1,'NY120th Ave10003|NY120th Ave10003+NY238th St+10003'
-73.7270,40.6166,0,3,'NYMuriel Ave10003|NYMuriel Ave10003+NYBroadway+10003|NYMuriel Ave10003+NYFrost Ln+10003|NYBroadway10003+NYFrost Ln+10003|NYFrost Ln10003'
-73.7270,40.6478,0,1,'NYHillcrest Pl10003|NYHillcrest Pl10003+NYCranford Ave+10003'
-73.7270,40.7823,0,1,'NYWensley Ln E10003'
-73.7270,40.6108,0,1,'NYKenridge Rd10003'
-73.7270,40.8070,0,1,'NYBurbury Ln10003|NYBurbury Ln10003+NYRemsen Rd+10003|NYBurbury Ln10003+NYHicks Ln+10003|NYRemsen Rd10003|NYRemsen Rd10003+NYHicks Ln+10003'
-73.7269,40.6581,0,1,'NY145th Ave10003|NY145th Ave10003+NYHook Creek Blvd+10003'
-73.7269,40.6718,0,2,'NYWestend Ave10003'
-73.7269,40.7534,0,1,'NYMarathon Pkwy10003+NYCullman Ave+10003'
-73.7269,40.6970,1,0,'NY115th Ave10003+NYCross Island Pkwy+10003'
-73.7269,40.6609,0,2,'NY255th St10003'
-73.7269,40.6521,0,1,'NY262nd St10003'
-73.7269,40.8027,0,1,'NYDevonshire Rd10003|NYDevonshire Ln10003'
-73.7269,40.6528,0,2,'NY262nd St10003|NY262nd St10003+NY149th Ave+10003|NY149th Ave10003|NY149th Ave10003+NY149th Ave+10003'
-73.7269,40.7203,0,1,'NYSuperior Rd10003+NY239th St+10003|NY239th St10003'
-73.7269,40.7247,0,1,'NY241st St10003+NY93rd Ave+10003'
-73.7268,40.7638,0,2,'NYHorace Harding Blvd10003+NY254th St+10003|NY254th St10003|NY254th St10003+NYHorace Harding Expy+10003'
-73.7268,40.6255,0,1,'NY5th Ave10003|NY5th Ave10003+NYCedarhurst Ave+10003|NY5th Ave10003+NYPark Pl+10003|NYCedarhurst Ave10003+NYPark Pl+10003|NYPark Pl10003'
-73.7268,40.6912,0,1,'NYX Isle Parkway Entrance Sb10003|NYX Isle Parkway Entrance Sb10003+NYCross Island Pkwy+10003'
-73.7268,40.6195,0,2,'NYWashington Ave10003+NYCentral Ave+10003'
-73.7268,40.8061,0,3,'NYTuddington Rd10003|NYTuddington Rd10003+NYBurbury Ln+10003'
-73.7268,40.7907,0,3,'NYPark Pl10003|NYPark Pl10003+NYStoner Ave+10003'
-73.7268,40.6835,1,2,'NY121st Ave10003+NYLaurelton Pkwy+10003'
-73.7267,40.6740,0,1,'NYMerrick Rd10003+NYHolland Ct+10003|NYHolland Ct10003'
-73.7267,40.7851,0,3,'NYClent Rd10003|NYClent Rd10003+NYBrompton Rd+10003'
-73.7266,40.6903,0,2,'NYCross Island Pkwy10002+NYCross Island Pkwy+10002|NYCross Island Pkwy10003'
-73.7266,40.6862,0,1,'NY238th St10003|NY238th St10003+NYCross Island Pkwy Svc Rd+10003|NY238th St10003+NYCross Island Pkwy+10003|NYCross Island Pkwy Svc Rd10003|NYCross Island Pkwy10003'
-73.7266,40.5868,0,1,'NYOcean Blvd10003+NYMontgomery Blvd+10003|NYMontgomery Blvd10003'
-73.7266,40.7887,0,1,'NYPark Pl10003|NYPark Pl10003+NYGrace Ave+10003'
-73.7266,40.7868,0,3,'NYS Station Plz10003|NYS Station Plz10003+NYMiddle Neck Rd+10003|NYS Station Plz10003+NYGreat Neck Rd+10003|NYMiddle Neck Rd10003+NYGreat Neck Rd+10003|NYGreat Neck Rd10003'
-73.7266,40.7402,0,4,'NY243rd St10003+NY242nd St+10003|NYCross Island Pkwy10003+NY242nd St+10003|NY242nd St10003'
-73.7265,40.6765,0,1,'NYOcean Ave10003+NY131st Ave+10003|NYOcean Ave10003+NYJefferson Ave+10003|NY131st Ave10003|NY131st Ave10003+NYHook Creek Blvd+10003|NY131st Ave10003+NYJefferson Ave+10003|NYHook Creek Blvd10003+NYJefferson Ave+10003|NYJefferson Ave10003'
-73.7265,40.7217,0,3,'NY240th St10003+NYOntario Rd+10003'
-73.7265,40.7238,2,1,'NYJamaica Ave10002+NY241st St+10002|NYJericho Tpke10002+NY241st St+10002'
-73.7265,40.6535,0,5,'NY148th Dr10003'
-73.7265,40.7562,0,3,'NY252nd St10003|NY252nd St10003+NY63rd Ave+10003'
-73.7265,40.7012,0,1,'NYHoffman Ave10003|NYHoffman Ave10003+NYParkway Dr+10003|NYParkway Dr10003'
-73.7265,40.6767,0,1,'NYOcean Ave10003+NYGarfield Ave+10003|NYHook Creek Blvd10003+NYGarfield Ave+10003|NYGarfield Ave10003'
-73.7265,40.7262,0,3,'NY242nd St10003+NYState Hwy 25+10003|NY242nd St10003+NYBraddock Ave+10003'
-73.7264,40.6592,0,1,'NYFrankton St10003'
-73.7264,40.7822,0,1,'NYWensley Ln E10003'
-73.7264,40.6895,1,0,'NYCross Island Pkwy10003'
-73.7264,40.7700,0,1,'NYMarket Ln10003|NYMarket Ln10003+NYOaks Hunt Rd+10003'
-73.7264,40.6549,0,3,'NY148th Ave10003|NY148th Ave10003+NYFrancis Lewis Blvd+10003|NYFrancis Lewis Blvd10003'
-73.7264,40.7335,0,2,'NYState Hwy 25B10002+NY240th St+10002|NY240th St10003|NY240th St10003+NYHillside Ave+10003'
-73.7264,40.6463,0,1,'NYSherwood Ct10003'
-73.7263,40.6842,1,1,'NYLaurelton Pkwy10002|NYLaurelton Pkwy10002+NYCross Island Pkwy+10002|NYCross Island Pkwy10002'
-73.7263,40.6951,1,0,'NY115th Rd10003|NY115th Rd10003+NYParkway Dr+10003'
-73.7263,40.7407,1,2,'NYCross Island Pkwy10003+NYX Isle Parkway Entrance Naval Base+10003|NYX Isle Parkway Entrance Naval Base10003'
-73.7263,40.7361,1,4,'NY241st St10003'
-73.7263,40.6319,0,2,'NYBarnard Ave10003|NYBarnard Ave10003+NYPeninsula Blvd+10003'
-73.7263,40.6337,0,1,'NYIbsen St10003+NYChurch Ave+10003'
-73.7263,40.6438,0,1,'NYBunker Rd10003+NYBunker Ct+10003|NYBunker Ct10003'
-73.7263,40.6523,0,1,'NY149th Rd10003+NY262nd Pl+10003|NY262nd Pl10003'
-73.7263,40.6936,1,0,'NYParkway Dr10003+NY115th Ter+10003|NY115th Ter10003'
-73.7263,40.6419,0,2,'NYEagle Dr10003'
-73.7263,40.7265,0,1,'NY91st Ave10003'
-73.7262,40.9515,0,1,'NYS Barry Ave10003+NYStuart Ave+10003'
-73.7262,40.6585,1,2,'NY145th Ave10003'
-73.7262,40.6921,0,2,'NY116th Ave10003|NY116th Ave10003+NYParkway Dr+10003'
-73.7262,40.7217,0,1,'NY241st St10003|NY241st St10003+NYOntario Rd+10003|NYOntario Rd10003'
-73.7262,40.6886,0,1,'NYCross Island Pkwy10002'
-73.7262,40.6217,0,1,'NYChestnut St10003|NYChestnut St10003+NYSpruce St+10003|NYSpruce St10003'
-73.7262,40.9313,0,1,'NYSeahaven Dr10003'
-73.7262,40.6716,1,5,'NYLaurel Pl10003'
-73.7261,40.7767,0,2,'NYSomerset Dr N10003|NYSomerset Dr N10003+NYHereford Rd+10003|NYSomerset Dr N10003+NYSomerset Dr+10003|NYHereford Rd10003+NYSomerset Dr+10003|NYSomerset Dr10003'
-73.7261,40.6480,0,1,'NYKilmer Ln10003+NYTalbot Ave+10003|NYTalbot Ave10003'
-73.7261,40.7816,0,1,'NYWensley Dr10003+NYClent Rd+10003'
-73.7261,40.7877,0,8,'NYN Station Plz10003+NYPark Pl+10003|NYPark Pl10003'
-73.7260,40.7435,0,5,'NY76th Ave10003|NY76th Ave10003+NYCommonwealth Blvd+10003'
-73.7260,40.7937,0,1,'NYEast Dr10003|NYEast Dr10003+NYNorth Dr+10003'
-73.7260,40.6540,0,4,'NY148th Rd10003|NY148th Rd10003+NYHungry Harbor Rd+10003|NYHungry Harbor Rd10003'
-73.7260,40.6781,0,1,'NYOcean Ave10003+NYSaint Johns Ave+10003|NYOcean Ave10003+NY130th Ave+10003|NYSaint Johns Ave10003|NYSaint Johns Ave10003+NY130th Ave+10003|NYSaint Johns Ave10003+NYHook Creek Blvd+10003|NY130th Ave10003|NY130th Ave10003+NYHook Creek Blvd+10003'
-73.7260,40.6392,0,2,'NYRaleigh Ln10003|NYRaleigh Ln10003+NYLongacre Ave+10003'
-73.7260,40.6267,0,1,'NYW Broadway10003+NYOakland Ave+10003|NYOakland Ave10003'
-73.7260,40.7272,0,2,'NY90th Ave10003'
-73.7260,40.7640,0,5,'NYHorace Harding Blvd10003+NYNassau Blvd+10003|NYHorace Harding Expy10003+NYNassau Blvd+10003|NYNassau Blvd10003'
-73.7260,40.7249,0,4,'NY242nd St10003+NY93rd Ave+10003'
-73.7260,40.7377,0,3,'NY82nd Ave10003+NY242nd St+10003'
-73.7260,40.7540,0,1,'NYCullman Ave10003+NY251st St+10003'
-73.7260,40.6113,0,1,'NYKenridge Rd10003+NYHarrison St+10003|NYHarrison St10003'
-73.7259,40.6891,0,2,'NY118th Ave10003|NY118th Ave10003+NY237th St+10003|NY237th St10003'
-73.7259,40.6312,0,1,'NYBarnard Ave10003+NYEmerson St+10003'
-73.7259,40.6787,0,8,'NYOcean Ave10003+NYCumberland Pl+10003|NYHook Creek Blvd10003+NYCumberland Pl+10003|NYCumberland Pl10003'
-73.7259,40.6244,0,5,'NYHudson Ave10003|NYHudson Ave10003+NYHudson Pl+10003|NYHudson Ave10003+NYCedarhurst Ave+10003|NYHudson Pl10003|NYHudson Pl10003+NYCedarhurst Ave+10003'
-73.7259,40.6827,0,3,'NYEssex Pl10003|NYEssex Pl10003+NYHook Creek Blvd+10003'
-73.7259,40.7036,0,1,'NYWellington Rd10003'
-73.7259,40.6832,0,3,'NY121st Ave10003|NY121st Ave10003+NYBrookville Blvd+10003|NY121st Ave10003+NYElmont Rd+10003|NY121st Ave10003+NYHook Creek Blvd+10003|NYBrookville Blvd10003|NYBrookville Blvd10003+NYElmont Rd+10003|NYBrookville Blvd10003+NYHook Creek Blvd+10003|NYElmont Rd10003|NYElmont Rd10003+NYHook Creek Blvd+10003|NYHook Creek Blvd10003'
-73.7258,40.7411,0,1,'NYCross Island Pkwy10003|NYCross Island Pkwy10003+NYUnion Tpke+10003'
-73.7258,40.7837,0,5,'NYKnightsbridge Rd10003+NYPont St+10003|NYPont St10003'
-73.7258,40.6809,0,1,'NY128th Rd10003|NY128th Rd10003+NYHook Creek Blvd+10003|NY128th Rd10003+NYAmherst Ave+10003|NYAmherst Ave10003'
-73.7257,40.7951,0,2,'NYGreenacre Ct10003'
-73.7257,40.7019,0,1,'NYBelmont Ave10003'
-73.7257,40.7598,2,11,'NY60th Ave10003+NY254th St+10003|NY254th St10003'
-73.7257,40.7632,0,1,'NY57th Ave10003+NY255th St+10003|NY255th St10003'
-73.7257,40.6242,0,1,'NYCedarhurst Ave10003+NYOak Ave+10003|NYOak Ave10003'
-73.7257,40.7240,0,2,'NY242nd St10003|NY242nd St10003+NYJamaica Ave+10003|NY242nd St10003+NYJericho Tpke+10003'
-73.7257,40.7206,0,1,'NYCross Island Pkwy10002+NYSuperior Rd+10002'
-73.7256,40.7675,0,1,'NYOverlook Rd10003|NYOverlook Rd10003+NYOverlook Rd+10003'
-73.7256,40.7313,0,1,'NY241st St10003+NY86th Rd+10003|NY86th Rd10003'
-73.7255,40.6172,0,2,'NYBroadway10003+NYWashington Ave+10003|NYBroadway10003+NYWashington Ave S+10003|NYWashington Ave10003|NYWashington Ave10003+NYWashington Ave S+10003|NYWashington Ave S10003'
-73.7255,40.7285,0,2,'NY242nd St10003+NY88th Dr+10003|NY88th Dr10003'
-73.7255,40.6339,0,1,'NYDerby Ave10003|NYDerby Ave10003+NYIbsen St+10003'
-73.7255,40.6322,0,1,'NYChurch Ave10003+NYPeninsula Blvd+10003'
-73.7255,40.7909,0,2,'NYBarstow Rd10003|NYBarstow Rd10003+NYEast Dr+10003|NYBarstow Rd10003+NYStoner Ave+10003|NYEast Dr10003|NYEast Dr10003+NYStoner Ave+10003'
-73.7254,40.7390,0,8,'NYX Isle Parkway Exit Sb10003|NYX Isle Parkway Exit Sb10003+NY243rd St+10003|NYX Isle Parkway Exit Sb10003+NYCross Island Pkwy+10003|NY243rd St10003|NY243rd St10003+NY243rd St+10003|NYCross Island Pkwy10003|NYCross Island Pkwy10003+NY243rd St+10003'
-73.7254,40.7259,0,1,'NYState Hwy 2510002+NY243rd St+10002|NYBraddock Ave10002+NY243rd St+10002|NY243rd St10003'
-73.7254,40.7682,0,2,'NYCentre Ln10003'
-73.7254,40.6536,0,1,'NY262nd Pl10003|NY262nd Pl10003+NYHungry Harbor Rd+10003|NYHungry Harbor Rd10003'
-73.7254,40.7337,0,2,'NYState Hwy 25B10002+NY241st St+10002|NY241st St10003|NY241st St10003+NYHillside Ave+10003'
-73.7254,40.6360,0,1,'NYHoward Ave10003'
-73.7253,40.6284,0,2,'NYKensington Pl10003|NYKensington Pl10003+NYArbuckle Ave+10003'
-73.7253,40.7437,0,6,'NY77th Cres10003'
-73.7253,40.6456,0,1,'NYSherwood St10003'
-73.7253,40.7327,0,2,'NY85th Rd10003|NY85th Rd10003+NY241st St+10003'
-73.7253,40.7862,0,3,'NYMiddle Neck Rd10003+NYBarstow Rd+10003|NYBarstow Rd10003'
-73.7253,40.6476,0,1,'NYCaldwell Ave10003|NYCaldwell Ave10003+NYPark Ln+10003'
-73.7252,40.7029,0,1,'NYHeathcote Rd10003|NYHeathcote Rd10003+NYHathaway Ave+10003'
-73.7252,40.6236,0,1,'NYCedarhurst Ave10003+NYPark Ave+10003|NYPark Ave10003'
-73.7252,40.8072,0,1,'NYHicks Ln10003+NYEast Rd+10003|NYEast Rd10003'
-73.7252,40.6748,0,1,'NYIvanhoe Pl10003+NYRobinson Ave+10003|NYRobinson Ave10003'
-73.7252,40.7334,0,1,'NY241st St10003+NY85th Ave+10003|NY85th Ave10003'
-73.7251,40.7636,0,1,'NYHorace Harding Expy10003|NYHorace Harding Expy10003+NYHorace Harding Expy+10003|NYHorace Harding Expy10003+NY57th Ave+10003|NYHorace Harding Expy10003+NYHor Harding Expressway State Rte S+10003|NYHorace Harding Expy10003+NYLong Island Expressway State Rte S+10003|NYHorace Harding Expy10003+NYHorace Harding Blvd+10003|NYHorace Harding Blvd10003|NYHorace Harding Blvd10003+NY57th Ave+10003|NYHorace Harding Blvd10003+NYHor Harding Expressway State Rte S+10003|NYHorace Harding Blvd10003+NYLong Island Expressway State Rte S+10003|NY57th Ave10003|NY57th Ave10003+NYHor Harding Expressway State Rte S+10003|NY57th Ave10003+NYLong Island Expressway State Rte S+10003|NYHor Harding Expressway State Rte S10003|NYHor Harding Expressway State Rte S10003+NYLong Island Expressway State Rte S+10003|NYLong Island Expressway State Rte S10003'
-73.7251,40.6831,0,1,'NYSobro Ave10003+NYCharles St+10003|NYCharles St10003'
-73.7251,40.7242,3,6,'NYJamaica Ave10002+NY243rd St+10002|NYJericho Tpke10002+NY243rd St+10002|NY243rd St10003'
-73.7251,40.6315,0,2,'NYChurch Ave10003+NYEmerson St+10003'
-73.7251,40.7890,0,1,'NYBarstow Rd10003+NYGrace Ave+10003'
-73.7251,40.7379,0,1,'NY82nd Ave10003+NY243rd St+10003'
-73.7250,40.7251,0,1,'NYCross Island Pkwy Svc Rd10006|NYCross Island Pkwy Svc Rd10006+NY93rd Ave+10006|NY243rd St10003+NY93rd Ave+10003|NY93rd Ave10003'
-73.7250,40.6504,0,1,'NYFanwood Ave10003|NYFanwood Ave10003+NYNewburg Ave+10003'
-73.7250,40.6208,0,1,'NYSpruce St10003|NYSpruce St10003+NYCentral Ave+10003'
-73.7250,40.7557,0,1,'NY253rd St10003|NY253rd St10003+NY64th Ave+10003|NY64th Ave10003'
-73.7250,40.7055,0,2,'NYWellington Rd10003+NY109th Ave+10003'
-73.7250,40.8072,0,1,'NYBrampton Ln10003|NYBrampton Ln10003+NYHicks Ln+10003'
-73.7250,40.6278,0,3,'NYGrant Pl10003|NYGrant Pl10003+NYArbuckle Ave+10003'
-73.7250,40.6233,0,1,'NYSummit Ave10003|NYSummit Ave10003+NYCedarhurst Ave+10003'
-73.7250,40.6654,1,1,'NYGreen Acres Rd S10003+NYW Sunrise Hwy+10003'
-73.7250,40.6208,0,1,'NYSpruce St10003|NYSpruce St10003+NYCentral Ave+10003'
-73.7250,40.6720,0,3,'NYPrinceton St10003+NYBroadway+10003'
-73.7250,40.6786,0,1,'NYBurlington Pl10003|NYBurlington Pl10003+NYCumberland Pl+10003'
-73.7250,40.6050,0,1,'NYCauseway Rd10003|NYCauseway Rd10003+NYBarrett Rd+10003'
-73.7250,40.7256,0,1,'NYState Hwy 2510002+NYCross Island Pkwy Svc Rd+10002|NYCross Island Pkwy Svc Rd10006+NYBraddock Ave+10006'
-73.7249,40.7883,1,17,'NYLinden Pl10003'
-73.7249,40.5888,0,1,'NYOneida Ave10003|NYOneida Ave10003+NYPark St+10003'
-73.7249,40.7860,0,5,'NYS Middle Neck Rd10003+NYPont St+10003|NYPont St10003'
-73.7249,40.7396,0,1,'NYX Isle Parkway Exit Sb10003|NYX Isle Parkway Exit Sb10003+NYCross Island Pkwy+10003'
-73.7249,40.7338,0,2,'NYState Hwy 25B10002+NY241st St+10002|NY241st St10003|NY241st St10003+NYHillside Ave+10003'
-73.7249,40.7414,0,3,'NY244th St10003|NY244th St10003+NYCommonwealth Blvd+10003|NY244th St10003+NYUnion Tpke+10003|NYCommonwealth Blvd10003+NYUnion Tpke+10003'
-73.7249,40.6734,0,1,'NYMerrick Rd10003+NYCarroll Ave+10003|NYCarroll Ave10003'
-73.7249,40.6643,0,5,'NYGreen Acres Rd S10003+NYGreen Acres Mall+10003|NYGreen Acres Mall10003'
-73.7248,40.6328,0,1,'NYBasile Ct10003'
-73.7248,40.6510,0,1,'NYNewburg Ave10003'
-73.7248,40.7881,0,6,'NYN Station Plz10003'
-73.7248,40.6382,0,1,'NYNapoleon St10003|NYNapoleon St10003+NYLongacre Ave+10003'
-73.7248,40.6009,0,1,'NYPond Ln10003+NYOcean Ave+10003|NYOcean Ave10003+NYPond Xing+10003'
-73.7248,40.9585,0,1,'NYHenry Ave10003|NYHenry Ave10003+NYFlorence St+10003'
-73.7248,40.6973,0,1,'NYKeswick Rd10003|NYKeswick Rd10003+NYLeighton Rd+10003'
-73.7248,40.7400,0,1,'NY244th St10003+NYCross Island Pkwy+10003|NYCross Island Pkwy10003'
-73.7247,40.7242,1,2,'NYJamaica Ave10002+NYCross Island Pkwy+10002|NYCross Island Pkwy10003|NYCross Island Pkwy10003+NYJericho Tpke+10003|NYCross Island Pkwy10003+NYCross Island Pkwy+10003|NYJericho Tpke10002+NYCross Island Pkwy+10002|NYCross Island Pkwy10002'
-73.7247,40.6291,0,1,'NYBarnard Ave10003+NYCarlyle St+10003'
-73.7247,40.6850,1,4,'NYElmont Rd10003+NYOliver Ave+10003|NYOliver Ave10003'
-73.7247,40.7244,0,2,'NYJamaica Ave10002+NYCross Island Pkwy+10002|NYJericho Tpke10002+NYCross Island Pkwy+10002'
-73.7247,40.6428,0,1,'NYGolf Ct10003'
-73.7247,40.6230,0,2,'NYCedarhurst Ave10003+NYChestnut St+10003'
-73.7247,40.7636,0,3,'NYHorace Harding Expy10003|NYHorace Harding Expy10003+NY256th St+10003|NYHorace Harding Expy10003+NYHor Harding Expressway State Rte S+10003|NYHorace Harding Expy10003+NYHorace Harding Blvd+10003|NYHorace Harding Expy10003+NYHorace Harding Expy+10003|NYHorace Harding Expy10003+NYLong Island Expressway State Rte S+10003|NY256th St10003|NY256th St10003+NYHor Harding Expressway State Rte S+10003|NY256th St10003+NYHorace Harding Blvd+10003|NY256th St10003+NYHorace Harding Expy+10003|NY256th St10003+NYLong Island Expressway State Rte S+10003|NYHor Harding Expressway State Rte S10003|NYHor Harding Expressway State Rte S10003+NYHorace Harding Blvd+10003|NYHor Harding Expressway State Rte S10003+NYHorace Harding Expy+10003|NYHor Harding Expressway State Rte S10003+NYLong Island Expressway State Rte S+10003|NYHorace Harding Blvd10003|NYHorace Harding Blvd10003+NYLong Island Expressway State Rte S+10003|NYLong Island Expressway State Rte S10003'
-73.7247,40.6325,0,1,'NYBasile Ct10003|NYBasile Ct10003+NYPeninsula Blvd+10003'
-73.7246,40.6797,1,2,'NYBurlington Pl10003|NYBurlington Pl10003+NYFoster Ave+10003'
-73.7246,40.7873,0,12,'NYS Station Plz10003|NYS Station Plz10003+NYWelwyn Rd+10003|NYWelwyn Rd10003'
-73.7246,40.7380,1,1,'NY82nd Ave10003'
-73.7246,40.7654,0,30,'NYLittle Neck Pkwy10003+NYNassau Blvd+10003'
-73.7246,40.7263,0,5,'NY91st Ave10003|NY91st Ave10003+NYCross Island Pkwy Svc Rd+10003'
-73.7246,40.7086,0,1,'NYHuntley Rd10003'
-73.7246,40.6796,0,1,'NYFoster Ave10003+NYBurlington Pl+10003|NYBurlington Pl10003'
-73.7246,40.7338,3,4,'NYState Hwy 25B10002+NY242nd St+10002|NY242nd St10003|NY242nd St10003+NYHillside Ave+10003'
-73.7245,40.7254,0,2,'NYState Hwy 2510002+NYCross Island Pkwy+10002|NYCross Island Pkwy10003+NYBraddock Ave+10003'
-73.7245,40.7407,0,1,'NY80th Rd10003|NY80th Rd10003+NYCommonwealth Blvd+10003|NY80th Rd10003+NY80 Rd+10003|NYCommonwealth Blvd10003+NY80 Rd+10003|NY80 Rd10003'
-73.7245,40.6445,0,1,'NYGolf Dr10003'
-73.7245,40.7995,0,1,'NYPiccadilly Rd10003|NYPiccadilly Rd10003+NYPlymouth Rd+10003'
-73.7245,40.6935,0,1,'NY115th Ter10003|NY115th Ter10003+NY238th St+10003'
-73.7244,40.7548,0,1,'NY253rd St10003+NYCullman Ave+10003'
-73.7244,40.7813,0,1,'NYWensley Dr10003+NYLinford Rd+10003|NYLinford Rd10003'
-73.7244,40.6827,0,2,'NYDewitt St10003|NYDewitt St10003+NYSobro Ave+10003'
-73.7244,40.7229,0,1,'NY243rd St10003'
-73.7244,40.6914,0,3,'NY117th Ave10003|NY117th Ave10003+NY238th St+10003'
-73.7244,40.6886,0,1,'NY239th St10003|NY239th St10003+NY118th Ave+10003|NY118th Ave10003'
-73.7243,40.7358,0,8,'NY83rd Ave10003+NY243rd St+10003'
-73.7243,40.7389,0,1,'NY244th St10003|NY244th St10003+NYCross Island Pkwy+10003'
-73.7242,40.7524,0,1,'NYGrand Central Pkwy10006'
-73.7242,40.6224,0,1,'NYCedarhurst Ave10003+NYWillow Ave+10003'
-73.7242,40.7910,0,1,'NYCanterbury Rd10003|NYCanterbury Rd10003+NYStoner Ave+10003'
-73.7242,40.7560,0,1,'NY64th Ave10003|NY64th Ave10003+NY254th St+10003|NY254th St10003'
-73.7242,40.6377,0,1,'NYMoore St10003|NYMoore St10003+NYLongacre Ave+10003'
-73.7242,40.7505,0,5,'NY71st Rd10003'
-73.7242,40.7074,0,1,'NY106th Ave10003+NYWellington Rd+10003'
-73.7241,40.9693,0,1,'NYGlenwood Rd10003'
-73.7241,40.6178,0,2,'NYBroadway10003+NYCarman Ave+10003|NYCarman Ave10003'
-73.7241,40.7582,0,6,'NY255th St10003+NY61st Ave+10003'
-73.7241,40.6501,2,2,'NYPark Ln10003+NYWhitehall Dr+10003|NYWhitehall Dr10003'
-73.7241,40.7244,1,19,'NYJamaica Ave10002+NY244th St+10002|NY244th St10003|NY244th St10003+NYJericho Tpke+10003'
-73.7241,40.7542,0,1,'NY253rd St10003+NYGrand Central Pkwy Svc Rd+10003|NY253rd St10003+NYGrnd Cntrl Parkway Entrance Wb+10003|NY253rd St10003+NYGrand Central Pkwy+10003|NYGrand Central Pkwy Svc Rd10006+NYGrnd Cntrl Parkway Entrance Wb+10006|NYGrnd Cntrl Parkway Entrance Wb10003|NYGrnd Cntrl Parkway Entrance Wb10003+NYGrand Central Pkwy+10003'
-73.7241,40.8073,0,1,'NYWimbleton Ln10003|NYWimbleton Ln10003+NYHicks Ln+10003'
-73.7241,40.7659,0,2,'NY260th St10003|NY260th St10003+NYNassau Blvd+10003'
-73.7241,40.7400,0,1,'NYCommonwealth Blvd10003+NY81st Ave+10003'
-73.7241,40.6496,0,3,'NYPark Ln10003+NYOliver Ave+10003|NYOliver Ave10003'
-73.7241,40.6532,0,2,'NYRosedale Rd10003+NYHeatherfield Rd+10003|NYHeatherfield Rd10003'
-73.7240,40.7339,0,2,'NYState Hwy 25B10002+NY84th Rd+10002|NY84th Rd10003|NY84th Rd10003+NYHillside Ave+10003'
-73.7240,40.6359,0,2,'NYIsland Ave10003+NYKing St+10003|NYKing St10003'
-73.7240,40.7291,0,3,'NYCross Island Pkwy Svc Rd10006+NY88th Rd+10006|NY88th Rd10003'
-73.7240,40.7641,0,1,'NYLittle Neck Pkwy10003+NYI 495+10003|NYLittle Neck Pkwy10003+NYLong Island Expy+10003'
-73.7240,40.7677,0,1,'NYSoundview Dr10003|NYSoundview Dr10003+NYOverlook Rd+10003'
-73.7240,40.7639,0,1,'NYLittle Neck Pkwy10003+NYHorace Harding Blvd+10003|NYLittle Neck Pkwy10003+NYHorace Harding Expy+10003'
-73.7239,40.6294,0,4,'NYChurch Ave10003+NYCarlyle St+10003'
-73.7239,40.6561,0,1,'NYFieldstone Ln10003|NYFieldstone Ln10003+NYHeatherfield Rd+10003'
-73.7239,40.7298,1,0,'NY88th Ave10003|NY88th Ave10003+NYCross Island Pkwy Svc Rd+10003'
-73.7239,40.7253,0,4,'NYCross Island Pkwy Svc Rd10006|NYCross Island Pkwy Svc Rd10006+NYBraddock Ave+10006'
-73.7238,40.7893,0,2,'NYCanterbury Rd10003+NYGrace Ave+10003'
-73.7238,40.6864,0,1,'NYElmont Rd10003+NYAlden Ave+10003|NYAlden Ave10003'
-73.7238,40.9527,0,1,'NYStuart Ave10003+NYSophia St+10003|NYSophia St10003'
-73.7238,40.6845,0,1,'NYOliver Ave10003+NYCharles St+10003'
-73.7238,40.7635,0,3,'NYLittle Neck Pkwy10003+NY57th Ave+10003|NY57th Ave10003'
-73.7238,40.9626,3,4,'NYFranklin Ave10003'
-73.7238,40.6511,0,1,'NYPark Ln10003+NYJewel Dr+10003|NYJewel Dr10003'
-73.7238,40.7281,0,1,'NY89th Ave10003+NYCross Island Pkwy+10003'
-73.7237,40.7269,1,1,'NYCross Island Pkwy Svc Rd10006+NY90th Ave+10006|NY90th Ave10003'
-73.7237,40.7596,0,2,'NY256th St10003'
-73.7237,40.7884,0,2,'NYLinden Pl10003|NYLinden Pl10003+NYCanterbury Rd+10003|NYCanterbury Rd10003'
-73.7237,40.7340,0,1,'NYState Hwy 25B10002+NY243rd St+10002|NY243rd St10003|NY243rd St10003+NYHillside Ave+10003'
-73.7236,40.6124,0,3,'NYMuriel Ave10003|NYMuriel Ave10003+NYKenridge Rd+10003'
-73.7236,40.7854,1,7,'NYS Middle Neck Rd10003+NYHill Park Ave+10003|NYHill Park Ave10003'
-73.7236,40.7568,0,8,'NY63rd Ave10003|NY63rd Ave10003+NY255th St+10003'
-73.7236,40.6761,0,1,'NYGarfield Ave10003|NYGarfield Ave10003+NYCarroll Ave+10003'
-73.7236,40.6900,0,1,'NY239th St10003|NY239th St10003+NYLinden Blvd+10003'
-73.7236,40.7665,0,1,'NYSoundview Dr10003+NYHorace Harding Blvd+10003'
-73.7236,40.6270,0,1,'NYW Broadway10003+NYBarnard Ave+10003|NYBarnard Ave10003'
-73.7236,40.6812,0,1,'NYFrank St10003'
-73.7235,40.7994,0,1,'NYChadwick Rd10003|NYChadwick Rd10003+NYOld Colony Ln+10003|NYChadwick Rd10003+NYAndover Rd+10003|NYOld Colony Ln10003|NYOld Colony Ln10003+NYAndover Rd+10003|NYAndover Rd10003'
-73.7235,40.7247,0,2,'NYJamaica Ave10002+NYState Hwy 25+10002|NYJamaica Ave10002+NYBraddock Ave+10002|NYState Hwy 2510002+NYJericho Tpke+10002|NYJericho Tpke10002+NYBraddock Ave+10002'
-73.7235,40.7748,0,1,'NYHereford Rd10003|NYHereford Rd10003+NYSomerset Dr S+10003'
-73.7235,40.7780,0,1,'NYSomerset Dr N10003+NYMerrivale Rd+10003'
-73.7234,40.6320,0,2,'NYEdward Ave10003+NYEmerson St+10003'
-73.7234,40.6713,0,1,'NYPrinceton St10003|NYPrinceton St10003+NYDanzig Pl+10003|NYDanzig Pl10003'
-73.7234,40.6344,0,1,'NYHoward Ave10003+NYIbsen St+10003|NYIbsen St10003'
-73.7234,40.7409,0,1,'NY80th Rd10003|NY80th Rd10003+NY246th St+10003'
-73.7234,40.7383,0,1,'NYCommonwealth Blvd10003+NY82nd Ave+10003|NY82nd Ave10003'
-73.7233,40.7246,0,2,'NYJamaica Ave10002+NYState Hwy 25+10002|NYJamaica Ave10002+NY245th St+10002|NYJamaica Ave10002+NYBraddock Ave+10002|NYState Hwy 2510002|NYState Hwy 2510002+NY245th St+10002|NYState Hwy 2510002+NYState Rte 25+10002|NYState Hwy 2510002+NYJericho Tpke+10002|NY245th St10003|NY245th St10003+NYState Rte 25+10003|NY245th St10003+NYBraddock Ave+10003|NY245th St10003+NYJericho Tpke+10003|NYState Rte 2510002|NYState Rte 2510002+NYBraddock Ave+10002|NYBraddock Ave10002|NYBraddock Ave10002+NYJericho Tpke+10002'
-73.7233,40.6374,2,1,'NYLowell St10003|NYLowell St10003+NYLongacre Ave+10003'
-73.7233,40.7072,0,1,'NY106th Ave10003+NYHeathcote Rd+10003'
-73.7233,40.7290,0,1,'NYCross Island Pkwy Svc Rd10006+NY88th Rd+10006|NY88th Rd10003'
-73.7233,40.6213,0,1,'NYCedarhurst Ave10003+NYThe Yard+10003|NYThe Yard10003'
-73.7233,40.7341,0,2,'NYState Hwy 25B10002+NYCross Island Pkwy Svc Rd+10002|NYCross Island Pkwy Svc Rd10006|NYCross Island Pkwy Svc Rd10006+NYHillside Ave+10006'
-73.7232,40.7986,0,1,'NYBrentwood Rd10003|NYBrentwood Ln10003'
-73.7232,40.6501,0,1,'NYOak Ln10003|NYOak Ln10003+NYWhitehall Dr+10003'
-73.7232,40.7096,0,1,'NYWellington Rd10003|NYWellington Rd10003+NYHempstead Tpke+10003'
-73.7232,40.7619,0,3,'NYLittle Neck Pkwy10003+NY58th Ave+10003'
-73.7232,40.6430,0,1,'NYGolf Ct10003'
-73.7232,40.7331,0,2,'NY85th Ave10003'
-73.7232,40.7561,0,1,'NYLittle Neck Pkwy10003|NYLittle Neck Pkwy10003+NY255th St+10003|NY255th St10003'
-73.7232,40.7523,0,4,'NY71st Ave10003'
-73.7231,40.7402,2,2,'NY81st Ave10003+NY246th St+10003'
-73.7231,40.6643,0,2,'NYMarket Rd10003|NYMarket Rd10003+NYGreen Acres Mall+10003'
-73.7231,40.6877,1,3,'NYStuart Ave10003|NYStuart Ave10003+NYElmont Rd+10003'
-73.7231,40.6527,0,2,'NYVanderbilt Way10003|NYVanderbilt Way10003+NYRosedale Rd+10003'
-73.7230,40.8074,0,1,'NYHicks Ln10003+NYGlamford Rd+10003|NYGlamford Rd10003'
-73.7230,40.6654,1,0,'NYMarket Rd10003+NYW Sunrise Hwy+10003'
-73.7230,40.7661,0,1,'NYSoundview Dr10003+NYWilwade Rd+10003|NYWilwade Rd10003'
-73.7230,40.6698,1,1,'NYGreen St10003+NYBeech St+10003|NYBeech St10003'
-73.7229,40.7609,0,2,'NYLittle Neck Pkwy10003+NY59th Ave+10003|NY59th Ave10003'
-73.7229,40.7912,0,1,'NYChapel Pl10003|NYChapel Pl10003+NYStoner Ave+10003'
-73.7229,40.6143,0,1,'NYFirethorn Dr10003|NYFirethorn Dr10003+NYWashington Ave S+10003'
-73.7229,40.7562,0,1,'NYLittle Neck Pkwy10003|NYLittle Neck Pkwy10003+NYGrand Central Pkwy+10003|NYGrand Central Pkwy10003'
-73.7229,40.7247,0,2,'NYJamaica Ave10002+NY245th St+10002|NYJamaica Ave10002+NYBraddock Ave+10002|NY245th St10003|NY245th St10003+NYState Rte 25+10003|NY245th St10003+NYJericho Tpke+10003|NY245th St10003+NYBraddock Ave+10003|NYState Rte 2510002+NYBraddock Ave+10002|NYJericho Tpke10002+NYBraddock Ave+10002|NYBraddock Ave10003'
-73.7229,40.7420,0,2,'NYUnion Tpke10003+NY247th St+10003'
-73.7229,40.7508,0,5,'NY71st Rd10003'
-73.7228,40.7636,0,2,'NY260th St10003'
-73.7228,40.6472,0,1,'NYValley Ln N10003|NYValley Ln N10003+NYValley Ln W+10003|NYValley Ln W10003'
-73.7228,40.6244,0,1,'NYMaple Ave10003|NYMaple Ave10003+NYChestnut St+10003'
-73.7228,40.5998,0,1,'NYPond Ln10003|NYPond Xing10003'
-73.7228,40.7343,0,2,'NYState Hwy 25B10002+NYCross Island Pkwy+10002|NYCross Island Pkwy10003+NYHillside Ave+10003'
-73.7228,40.6323,0,1,'NYEmerson St10003|NYEmerson St10003+NYForest Ave+10003|NYForest Ave10003'
-73.7228,40.7601,1,0,'NY60th Ave10003|NY60th Ave10003+NYLittle Neck Pkwy+10003'
-73.7227,40.8047,0,1,'NYFairview Ave10003+NYWoodbourne Rd+10003|NYWoodbourne Rd10003'
-73.7227,40.5865,0,1,'NYOcean Blvd10003+NYRensselaer Ave+10003|NYRensselaer Ave10003'
-73.7227,40.6677,0,1,'NYElm St10003+NYLiberty Blvd+10003|NYLiberty Blvd10003'
-73.7227,40.7317,0,1,'NYCross Island Pkwy Svc Rd10006+NY86th Ave+10006|NY86th Ave10003'
-73.7227,40.7006,0,1,'NYHoffman Ave10003+NY4th St+10003'
-73.7227,40.6339,0,1,'NYHoward Ave10003+NYPeninsula Blvd+10003'
-73.7227,40.6254,0,1,'NYOakwood Ave10003+NYPark Ave+10003|NYPark Ave10003'
-73.7227,40.7445,0,1,'NY77th Cres10003'
-73.7227,40.6968,0,2,'NYAstor St10003|NYAstor St10003+NYLeighton Rd+10003'
-73.7227,40.6857,0,1,'NYCharles St10003|NYCharles St10003+NYAlden Ave+10003'
-73.7226,40.6454,5,6,'NYCaldwell Ave10003'
-73.7226,40.6200,0,7,'NYWeyant Dr10003'
-73.7226,40.7850,0,6,'NYS Middle Neck Rd10003+NYBrompton Rd+10003|NYBrompton Rd10003'
-73.7226,40.7896,0,1,'NYChapel Pl10003|NYChapel Pl10003+NYSt Pauls Pl+10003|NYChapel Pl10003+NYGrace Ave+10003|NYSt Pauls Pl10003|NYSt Pauls Pl10003+NYGrace Ave+10003'
-73.7226,40.7261,0,3,'NY246th St10003|NY246th St10003+NY91st Ave+10003'
-73.7226,40.7248,1,0,'NY246th St10003|NY246th St10003+NYJamaica Ave+10003|NY246th St10003+NY246th St+10003|NY246th St10003+NYState Rte 25+10003|NY246th St10003+NYJericho Tpke+10003|NYJamaica Ave10002+NY246th St+10002'
-73.7225,40.7362,0,2,'NYCommonwealth Blvd10003+NY83rd Ave+10003|NY83rd Ave10003'
-73.7225,40.7970,0,1,'NYN Oxford Blvd10003|NYN Oxford Blvd10003+NYOxford Blvd+10003|NYOxford Blvd10003'
-73.7225,40.6036,0,1,'NYCauseway Rd10003+NYOcean Ave+10003'
-73.7225,40.7385,0,2,'NY246th St10003+NY82nd Ave+10003'
-73.7225,40.7585,0,2,'NYLittle Neck Pkwy10003+NY61st Ave+10003'
-73.7225,40.6370,0,1,'NYKing St10003|NYKing St10003+NYLongacre Ave+10003'
-73.7224,40.6801,0,1,'NYHommell St S10003|NYHommell St S10003+NYFranklin Rd+10003'
-73.7224,40.6856,0,2,'NYWilliam St10003|NYWilliam St10003+NYAlden Ave+10003'
-73.7224,40.7886,0,1,'NYSt Pauls Pl10003'
-73.7224,40.7094,0,1,'NYHeathcote Rd10003|NYHeathcote Rd10003+NYHempstead Tpke+10003'
-73.7224,40.6837,0,1,'NYEverett St10003+NYOliver Ave+10003'
-73.7223,40.6502,0,1,'NYCherry Ln10003|NYCherry Ln10003+NYWhitehall Dr+10003'
-73.7223,40.6138,0,3,'NYKenridge Rd10003|NYKenridge Rd10003+NYWashington Ave S+10003'
-73.7223,40.7658,0,3,'NYWebb Hill Rd10003|NYWebb Hill Rd10003+NYSoundview Dr+10003'
-73.7222,40.6061,0,1,'NYOcean Ave10003+NYNarragansett Ave+10003|NYNarragansett Ave10003'
-73.7222,40.6750,0,1,'NYSpring Garden St10003|NYSpring Garden St10003+NYRoeckel Ave+10003'
-73.7222,40.6792,0,1,'NYS Everett St10003+NYIrving St S+10003|NYIrving St S10003'
-73.7222,40.7848,0,1,'NYOverlook Ave10003|NYOverlook Ave10003+NYS Middle Neck Rd+10003'
-73.7222,40.6722,0,1,'NYGreen St10003|NYGreen St10003+NYMerrick Rd+10003'
-73.7221,40.7344,1,4,'NYState Hwy 25B10002+NYCross Island Pkwy Svc Rd+10002|NYCross Island Pkwy Svc Rd10006|NYCross Island Pkwy Svc Rd10006+NYHillside Ave+10006'
-73.7221,40.7531,0,3,'NYGrand Central Pkwy Svc Rd10006|NYGrand Central Pkwy Svc Rd10006+NYLittle Neck Pkwy+10006'
-73.7221,40.7939,0,1,'NYStation Rd10003|NYStation Rd10003+NYNorth Dr+10003|NYStation Rd10003+NYGilchrest Rd+10003|NYNorth Dr10003|NYNorth Dr10003+NYGilchrest Rd+10003|NYGilchrest Rd10003'
-73.7221,40.6697,0,1,'NYOrchard Pl10003|NYOrchard Pl10003+NYLiberty Blvd+10003'
-73.7221,40.6547,0,3,'NYSouthgate Rd10003+NYRushfield Ln+10003|NYRushfield Ln10003'
-73.7221,40.7708,0,2,'NYW Woods Rd10003+NYHorseshoe Ln+10003|NYHorseshoe Ln10003'
-73.7221,40.7214,0,1,'NYSuperior Rd10003+NY245th St+10003|NY245th St10003'
-73.7221,40.6344,1,0,'NYIsland Ave10003+NYPeninsula Blvd+10003'
-73.7221,40.6314,0,1,'NYSilver Ct10003'
-73.7221,40.7251,0,1,'NY246th St10003+NYJamaica Ave+10003|NY246th St10003+NYState Rte 25+10003|NY246th St10003+NYJericho Tpke+10003'
-73.7220,40.6068,0,1,'NYTanglewood Xing10003+NYOcean Ave+10003'
-73.7220,40.6975,0,1,'NYGoodwin Rd10003|NYGoodwin Rd10003+NYCroydon Rd+10003'
-73.7220,40.7424,0,2,'NYUnion Tpke10003+NY248th St+10003|NY248th St10003'
-73.7220,40.7499,0,1,'NY252nd St10003|NY252nd St10003+NY72nd Ave+10003|NY72nd Ave10003'
-73.7220,40.6311,0,1,'NYForest Ave10003|NYForest Ave10003+NYMidfield Rd+10003|NYMidfield Rd10003'
-73.7219,40.9500,0,1,'NYThe Parkway10003+NYCreek Rd+10003'
-73.7219,40.7518,0,6,'NY252nd St10003+NY71st Ave+10003|NY71st Ave10003'
-73.7219,40.7636,0,1,'NY262nd St10003'
-73.7219,40.6250,0,1,'NYChestnut St10003+NYMcGlynn Pl+10003|NYMcGlynn Pl10003'
-73.7219,40.6213,0,1,'NYWhite Dr10003|NYWhite Dr10003+NYWhite Dr N+10003|NYWhite Dr N10003'
-73.7219,40.6757,0,1,'NYFairmount St10003|NYFairmount St10003+NYRoeckel Ave+10003'
-73.7218,40.6877,0,4,'NYFinn St10003|NYFinn St10003+NYStuart Ave+10003'
-73.7218,40.9499,0,1,'NYCreek Rd10003+NYThe Parkway+10003'
-73.7218,40.7807,0,1,'NYWensley Dr10003+NYMelbourne Rd+10003'
-73.7217,40.7364,0,1,'NY83rd Ave10003+NY246th St+10003'
-73.7217,40.7302,0,1,'NY87th Ave10003+NY246th St+10003|NY246th St10003'
-73.7217,40.7249,0,1,'NYColonial Rd10003'
-73.7217,40.6105,0,1,'NYBarrett Rd10003+NYBayberry Rd+10003|NYBayberry Rd10003|NYBayberry Rd10003+NYCedarhurst+10003|NYCedarhurst10003'
-73.7216,40.6833,0,1,'NYFrank St10003+NYOliver Ave+10003'
-73.7216,40.7846,0,3,'NYS Middle Neck Rd10003+NYMelbourne Rd+10003|NYMelbourne Rd10003'
-73.7216,40.7439,0,2,'NY249th St10003+NYShiloh Ave+10003|NYShiloh Ave10003'
-73.7216,40.7386,0,2,'NY82nd Ave10003+NY247th St+10003'
-73.7216,40.6894,0,2,'NYElmont Rd10003+NYLinden Blvd+10003'
-73.7215,40.6554,0,1,'NYFieldstone Ln10003|NYFieldstone Ln10003+NYSouthgate Rd+10003'
-73.7215,40.6160,0,2,'NYSealy Ct10003'
-73.7215,40.7244,0,1,'NYHuron Rd10003|NYHuron Rd10003+NYColonial Rd+10003'
-73.7214,40.7336,0,10,'NY84th Rd10003|NY84th Rd10003+NYCommonwealth Blvd+10003'
-73.7214,40.6302,0,1,'NYCarlyle St10003|NYCarlyle St10003+NYForest Ave+10003'
-73.7214,40.6503,2,2,'NYWhitehall Dr10003|NYWhitehall Dr10003+NYHewlett Dr+10003'
-73.7214,40.6149,0,6,'NYSealy Dr10003+NYSealy Ct+10003|NYSealy Ct10003'
-73.7213,40.7406,1,11,'NY81st Ave10003+NY248th St+10003'
-73.7213,40.7898,0,2,'NYGilchrest St10003|NYGilchrest St10003+NYGilchrest Rd+10003|NYGilchrest St10003+NYGrace Ave+10003|NYGilchrest Rd10003|NYGilchrest Rd10003+NYGrace Ave+10003'
-73.7213,40.7216,0,2,'NY246th St10003|NY246th St10003+NYSuperior Rd+10003'
-73.7213,40.6410,0,1,'NYRica Ln10003'
-73.7213,40.9650,0,1,'NYSecond St10003|NYSecond St10003+NYSterling Ave+10003|NYSecond St10003+NY2nd St+10003|NY2nd St10003|NY2nd St10003+NYSterling Ave+10003|NY2nd St10003+NY2nd St+10003|NYSterling Ave10003+NY2nd St+10003'
-73.7213,40.7577,0,7,'NY62nd Ave10003|NY62nd Ave10003+NYGrand Central Pkwy+10003'
-73.7213,40.7329,0,1,'NY246th St10003'
-73.7213,40.6136,0,2,'NYBayberry Rd10003|NYBayberry Rd10003+NYWashington Ave S+10003'
-73.7212,40.7237,0,1,'NYHudson Rd10003|NYHudson Rd10003+NYColonial Rd+10003'
-73.7212,40.6281,0,2,'NYW Broadway10003+NYEdward Ave+10003|NYEdward Ave10003'
-73.7212,40.8015,0,2,'NYBaker Hill Rd10003+NYBentley Rd+10003'
-73.7212,40.7253,0,2,'NYJamaica Ave10002+NY247th St+10002|NYState Rte 2510002+NY247th St+10002|NYJericho Tpke10002+NY247th St+10002'
-73.7212,40.6165,0,1,'NYWaverly Pl10003'
-73.7212,40.7252,1,1,'NYJamaica Ave10002+NY247th St+10002|NYState Rte 2510002+NY247th St+10002|NY247th St10003|NY247th St10003+NYJericho Tpke+10003'
-73.7212,40.6423,0,1,'NYMidway10003+NYRica Ln+10003|NYRica Ln10003'
-73.7211,40.8557,0,1,'NYS Farm Rd10003|NYS Farm Rd10003+NYSands Point Rd+10003'
-73.7211,40.7520,0,8,'NY252nd St10003|NY252nd St10003+NYLittle Neck Pkwy+10003|NY252nd St10003+NY260th St+10003|NYLittle Neck Pkwy10003+NY260th St+10003|NY260th St10003'
-73.7211,40.7563,0,1,'NY267th St10003|NY267th St10003+NYGrand Central Pkwy+10003'
-73.7211,40.7755,0,1,'NYRutland Rd10003|NYRutland Rd10003+NYSomerset Dr S+10003'
-73.7210,40.7427,0,4,'NY249th St10003+NYUnion Tpke+10003'
-73.7210,40.7883,0,3,'NYGilchrest Rd10003|NYGilchrest Rd10003+NYShoreward Dr+10003'
-73.7210,40.7103,0,1,'NYRed Rd10003|NYRed Rd10003+NYGate 5 Rd+10003'
-73.7210,40.6109,0,2,'NYBarrett Rd10003+NYMistletoe Way+10003|NYMistletoe Way10003'
-73.7209,40.6567,0,1,'NYSouthgate Rd10003'
-73.7209,40.6334,0,1,'NYIsland Ave10003+NYFiske Dr+10003|NYIsland Ave10003+NYFiske St+10003|NYFiske Dr10003|NYFiske St10003'
-73.7209,40.6829,0,1,'NYOliver Ave10003+NYGeorgia St+10003'
-73.7209,40.6002,0,1,'NYBeach Rd10003'
-73.7209,40.9494,0,1,'NYSoundview Dr10003+NYCreek Rd+10003'
-73.7209,40.8396,0,1,'NYArcadia Dr10003|NYArcadia Dr10003+NYOldwood Rd S+10003'
-73.7208,40.7444,0,5,'NYShiloh Ave10003+NY250th St+10003'
-73.7208,40.7679,0,1,'NYCornell Dr10003+NYWilwade Rd+10003|NYWilwade Rd10003'
-73.7208,40.7322,1,1,'NYCommonwealth Blvd10003+NY85th Rd+10003'
-73.7208,40.7366,0,6,'NY83rd Ave10003+NY247th St+10003'
-73.7208,40.7292,0,1,'NY247th St10003|NY247th St10003+NY88th Ave+10003|NY88th Ave10003'
-73.7208,40.7652,0,2,'NYCornell Dr10003'
-73.7208,40.7964,0,1,'NYLocust St10003|NYLocust St10003+NYWoodlawn Ave+10003'
-73.7207,40.6521,0,2,'NYRosedale Rd10003+NYFurth Rd+10003|NYFurth Rd10003'
-73.7207,40.7554,0,1,'NY266th St10003|NY266th St10003+NY69th Ave+10003'
-73.7207,40.7388,0,14,'NY82nd Ave10003+NY248th St+10003'
-73.7206,40.6884,0,1,'NYWilliams St10003'
-73.7206,40.6687,0,1,'NYAlbert Ct10003|NYAlbert Ct10003+NYCedar St+10003'
-73.7206,40.7849,0,1,'NYGilchrest Rd10003|NYGilchrest Rd10003+NYOverlook Ave+10003'
-73.7206,40.7842,0,8,'NYDarley Rd10003|NYDarley Rd10003+NYS Middle Neck Rd+10003'
-73.7206,40.6184,0,2,'NYJorgen St10003|NYJorgen St10003+NYCedarhurst Ave+10003|NYJorgen St10003+NYBriarwood Ln+10003'
-73.7206,40.7627,0,4,'NY263rd St10003'
-73.7205,40.7218,0,2,'NYSuperior Rd10003+NYColonial Rd+10003|NYColonial Rd10003'
-73.7205,40.7458,0,1,'NYElkmont Ave10003+NY251st St+10003|NY251st St10003'
-73.7205,40.7841,0,9,'NYS Middle Neck Rd10003+NYSusquehanna Ave+10003|NYSusquehanna Ave10003'
-73.7205,40.6284,0,1,'NYW Broadway10003+NYForest Ave+10003|NYForest Ave10003'
-73.7204,40.6177,0,1,'NYCedarhurst Ave10003+NYVentana Ct+10003|NYVentana Ct10009|NYVentana Ct10009+NYBriarwood Ln+10009'
-73.7204,40.7504,0,2,'NYLittle Neck Pkwy10003+NY72nd Ave+10003|NY72nd Ave10003'
-73.7204,40.7002,0,2,'NYThird St10003|NYThird St10003+NY3rd St+10003|NYThird St10003+NYHoffman Ave+10003|NY3rd St10003|NY3rd St10003+NYHoffman Ave+10003|NY3rd St10003+NY3rd St+10003|NYHoffman Ave10003+NY3rd St+10003'
-73.7204,40.7255,0,2,'NY91st Ave10003+NYJamaica Ave+10003|NY91st Ave10003+NYState Rte 25+10003|NY91st Ave10003+NYJericho Tpke+10003'
-73.7204,40.7730,0,2,'NYFieldstone Ln10003'
-73.7204,40.6301,0,2,'NYBryant St10003+NYGrant Ave+10003'
-73.7203,40.7254,0,2,'NYJamaica Ave10002+NY91st Ave+10002|NYJamaica Ave10002+NYMassachusetts Blvd+10002|NY91st Ave10003|NY91st Ave10003+NYState Rte 25+10003|NY91st Ave10003+NYJericho Tpke+10003|NY91st Ave10003+NYMassachusetts Blvd+10003|NYState Rte 2510002+NYMassachusetts Blvd+10002|NYJericho Tpke10002+NYMassachusetts Blvd+10002|NYMassachusetts Blvd10003'
-73.7203,40.7942,0,1,'NYLocust St10003|NYLocust St10003+NYStation Rd+10003'
-73.7203,40.8016,0,2,'NYDuxbury Rd10003+NYBaker Hill Rd+10003'
-73.7203,40.7535,0,1,'NY260th Pl10003|NY260th Pl10003+NYBridgewater Ave+10003|NYBridgewater Ave10003'
-73.7203,40.7914,0,1,'NYGrace Ct W10003'
-73.7203,40.6581,0,1,'NYLotus Oval S10003|NYLotus Oval S10003+NYKalmia Ln+10003'
-73.7203,40.6486,0,1,'NYWoodmere Dr10003'
-73.7203,40.7910,0,1,'NYGrace Ct W10003+NYGrace Ct N+10003|NYGrace Ct N10003'
-73.7202,40.6339,0,2,'NYFiske Dr10003+NYSutton Pl+10003|NYFiske St10003+NYSutton Pl+10003|NYSutton Pl10003'
-73.7202,40.7307,0,1,'NYCommonwealth Blvd10003+NY86th Rd+10003'
-73.7202,40.7429,0,4,'NYUnion Tpke10003+NY250th St+10003'
-73.7202,40.6203,0,1,'NYBroadway10003+NYBerkley Pl+10003|NYBerkley Pl10003'
-73.7202,40.5884,0,1,'NYUlster Ave10003|NYUlster Ave10003+NYPark St+10003'
-73.7202,40.6825,0,1,'NYHommell St10003+NYOliver Ave+10003'
-73.7201,40.7194,0,1,'NYPoppy Pl10003'
-73.7201,40.7901,0,2,'NYGrace Ct W10003|NYGrace Ct W10003+NYGrace Ave+10003'
-73.7201,40.7057,0,1,'NYOak St10003|NYOak St10003+NYWarwick Rd+10003'
-73.7200,40.6295,0,2,'NYAddison St10003|NYAddison St10003+NYGrant Ave+10003'
-73.7200,40.7248,0,3,'NYHuron Rd10003+NYMassachusetts Blvd+10003'
-73.7200,40.6587,0,1,'NYKalmia Ln10003+NYLotus Oval N+10003|NYLotus Oval N10003'
-73.7200,40.6699,0,1,'NYAsh St10003'
-73.7200,40.7301,0,2,'NYCommonwealth Blvd10003+NY87th Ave+10003|NY87th Ave10003'
-73.7199,40.7657,0,1,'NYDale Carnegie10003'
-73.7199,40.7654,0,2,'NYVanderbilt10003'
-73.7199,40.9689,0,1,'NYAvondale Rd10003|NYAvondale Rd10003+NYCalvert St+10003|NYAvondale Rd10003+NYGlenwood Rd+10003|NYCalvert St10003|NYCalvert St10003+NYGlenwood Rd+10003|NYCalvert St10003+NYCalvert St+10003|NYGlenwood Rd10003|NYGlenwood Rd10003+NYCalvert St+10003'
-73.7199,40.7633,0,5,'NYHewlett St10003|NYHewlett St10003+NY57th Ave+10003|NY57th Ave10003'
-73.7199,40.6361,0,1,'NYPeninsula Blvd10003+NYLongacre Ave+10003'
-73.7198,40.6192,0,1,'NYBerkley Pl10003'
-73.7198,40.6265,0,1,'NYCedar Ln10003|NYCedar Ln10003+NYChestnut St+10003|NYCedar Ln10003+NYProspect Ave+10003|NYChestnut St10003|NYChestnut St10003+NYProspect Ave+10003'
-73.7198,40.7296,0,1,'NYCommonwealth Blvd10003+NY87th Dr+10003|NY87th Dr10003'
-73.7198,40.6135,0,1,'NYWashington Ave S10003|NYWashington Ave S10003+NYWashington Ave S+10003'
-73.7197,40.7086,0,1,'NYHempstead Tpke10002+NYSterling Rd+10002|NYSterling Rd10003'
-73.7197,40.6149,0,1,'NYAmberley Rd10003|NYAmberley Rd10003+NYCedarhurst Ave+10003|NYAmberley Rd10003+NYBriarwood Ln+10003'
-73.7197,40.6841,0,1,'NYGeorgia St10003|NYGeorgia St10003+NYAlden Ave+10003'
-73.7197,40.6986,0,1,'NYStanwich Pl10003|NYStanwich Pl10003+NYRenfrew Ave+10003'
-73.7197,40.7241,0,5,'NYHudson Rd10003+NYMassachusetts Blvd+10003'
-73.7197,40.6594,0,1,'NYKalmia Ln10003|NYKalmia Ln10003+NYFlower Rd+10003'
-73.7197,40.7955,0,1,'NYForest Ave10003|NYForest Ave10003+NYStation Rd+10003|NYForest Ave10003+NYVista Hill Rd+10003|NYVista Hill Rd10003'
-73.7196,40.6377,0,1,'NYFairway Dr10003'
-73.7196,40.7838,0,2,'NYS Middle Neck Rd10003+NYDunster Rd+10003|NYDunster Rd10003'
-73.7195,40.6880,0,1,'NYElizabeth St10003'
-73.7195,40.6758,0,1,'NYWashington Ave10003+NYArlington Ave+10003'
-73.7195,40.7014,0,1,'NYFieldmere St10003|NYFieldmere St10003+NYLudlam Ave+10003'
-73.7195,40.7330,0,5,'NY85th Ave10003+NY247th St+10003'
-73.7195,40.8487,0,1,'NYSycamore Dr10003'
-73.7195,40.6993,0,1,'NYStanwich Pl10003|NYStanwich Pl10003+NYBaylis Ave+10003'
-73.7194,40.5881,0,1,'NYBeech St10003+NYVernon Ave+10003'
-73.7194,40.6209,0,1,'NYBroadway10003+NYCopperbeech Ln+10003|NYBroadway10003+NYN Copper Beach Ln+10003|NYBroadway10003+NYAuerbach Ln+10003|NYCopperbeech Ln10003|NYCopperbeech Ln10003+NYAuerbach Ln+10003|NYN Copper Beach Ln10003|NYN Copper Beach Ln10003+NYAuerbach Ln+10003|NYAuerbach Ln10003'
-73.7194,40.7235,0,1,'NYMassachusetts Blvd10003|NYMassachusetts Blvd10003+NYMassachusetts Blvd+10003'
-73.7194,40.6821,0,2,'NYIrving St10003+NYOliver Ave+10003'
-73.7194,40.7196,0,2,'NYPoppy Pl10003|NYPoppy Pl10003+NYLarch Ave+10003'
-73.7194,40.7455,0,1,'NY252nd St10003+NYShiloh Ave+10003'
-73.7193,40.7432,0,2,'NY251st St10003+NYUnion Tpke+10003|NY251st St10003+NY80th Ave+10003|NYUnion Tpke10003+NY80th Ave+10003|NY80th Ave10003'
-73.7193,40.6869,1,0,'NYN Henry St10003|NYN Henry St10003+NYStuart Ave+10003'
-73.7193,40.6179,0,1,'NYVentana Ct10009'
-73.7193,40.6290,0,1,'NYW Broadway10003+NYPearsall Pl+10003|NYPearsall Pl10003'
-73.7193,40.6697,0,1,'NYBuscher Ave10003|NYBuscher Ave10003+NYBoden Ave+10003'
-73.7193,40.7285,0,3,'NYCommonwealth Blvd10003+NY88th Rd+10003'
-73.7193,40.7025,0,1,'NYCedar St10003|NYCedar St10003+NYFieldmere St+10003'
-73.7193,40.6211,0,1,'NYBroadway10003+NYCedar Ln+10003|NYCedar Ln10003'
-73.7193,40.6384,0,3,'NYWoodmere Blvd10003+NYGreen Pl+10003|NYWoodmere Blvd S10003+NYGreen Pl+10003'
-73.7192,40.7233,0,2,'NYMassachusetts Blvd10003|NYMassachusetts Blvd10003+NYMassachusetts Blvd+10003'
-73.7192,40.7323,0,1,'NY85th Rd10003|NY85th Rd10003+NY247th St+10003'
-73.7192,40.7235,1,9,'NYOntario Rd10003'
-73.7192,40.7518,0,9,'NYLangston Ave10003|NYLangston Ave10003+NY260th St+10003'
-73.7192,40.8017,0,2,'NYBaker Hill Rd10003'
-73.7192,40.7214,0,1,'NYAtlantic Ave10003+NYPine Ave+10003|NYPine Ave10003'
-73.7191,40.7751,0,1,'NYFieldstone Ln10003'
-73.7191,40.6526,0,1,'NYMarc Dr10003'
-73.7191,40.6334,0,1,'NYWarren Dr10003|NYWarren Dr10003+NYDickens St+10003'
-73.7191,40.7824,0,1,'NYBetsy Ct10003'
-73.7191,40.7874,0,1,'NYWelwyn Rd10003+NYArdsley Pl+10003|NYArdsley Pl10003'
-73.7191,40.7710,0,1,'NYSchoolhouse Ln10003+NYHorseshoe Ln+10003|NYHorseshoe Ln10003'
-73.7190,40.7370,1,6,'NY249th St10003+NY83rd Ave+10003'
-73.7190,40.6368,0,1,'NYPeninsula Blvd10003+NYHarvard Rd+10003|NYHarvard Rd10003'
-73.7190,40.7277,0,2,'NY88th Dr10003|NY88th Dr10003+NYCommonwealth Blvd+10003'
-73.7190,40.6142,0,1,'NYBarrett Rd10003|NYBarrett Rd10003+NYAtlantic Ave+10003|NYBarrett Rd10003+NYCedarhurst Ave+10003|NYBarrett Rd10003+NYBriarwood Ln+10003|NYBarrett Rd10003+NYBriarwood Xing+10003|NYAtlantic Ave10003|NYAtlantic Ave10003+NYCedarhurst Ave+10003|NYAtlantic Ave10003+NYBriarwood Ln+10003|NYAtlantic Ave10003+NYBriarwood Xing+10003|NYCedarhurst Ave10003|NYCedarhurst Ave10003+NYBriarwood Xing+10003|NYBriarwood Ln10003|NYBriarwood Ln10003+NYBriarwood Xing+10003|NYBriarwood Xing10003'
-73.7190,40.7470,0,3,'NY74th Ave10003|NY74th Ave10003+NYLittle Neck Pkwy+10003'
-73.7190,40.7316,0,1,'NY86th Ave10003+NY247th St+10003'
-73.7189,40.6150,0,1,'NYAmberley Rd10003'
-73.7189,40.6158,0,1,'NYMain St10003'
-73.7189,40.6554,0,1,'NYRiverdale Rd10003'
-73.7189,40.7274,0,3,'NYCommonwealth Blvd10003+NY88th Dr+10003|NY88th Dr10003'
-73.7189,40.9648,0,1,'NY1st St10003|NY1st St10003+NYFirst St+10003|NY1st St10003+NY1st St+10003|NYFirst St10003|NYFirst St10003+NY1st St+10003'
-73.7188,40.7183,0,2,'NYLarch Ave10003+NYHazel Pl+10003|NYHazel Pl10003'
-73.7188,40.7309,0,1,'NY86th Rd10003|NY86th Rd10003+NY247th St+10003'
-73.7188,40.7767,0,1,'NYMerrivale Rd10003+NYSomerset Dr S+10003'
-73.7188,40.9535,0,1,'NYKassel Ct10003'
-73.7188,40.6443,0,1,'NYKeel Pl10003|NYKeel Pl10003+NYCaptains Rd+10003|NYCaptains Rd10003'
-73.7188,40.7205,0,1,'NYFloral Blvd10003+NYPine Ave+10003'
-73.7188,40.6273,0,1,'NYCedar Ln10003+NYElm St+10003|NYElm St10003'
-73.7187,40.7811,0,1,'NYSussex Rd10003|NYSussex Rd10003+NYState Rte 25A+10003|NYSussex Rd10003+NYNorthern Blvd+10003'
-73.7187,40.6915,0,1,'NYDoblin St10003'
-73.7187,40.6817,0,1,'NYJasper St10003+NYOliver Ave+10003'
-73.7187,40.7302,0,4,'NY87th Ave10003+NY247th St+10003|NY247th St10003'
-73.7186,40.6216,0,2,'NYMaple Ave10003|NYMaple Ave10003+NYBroadway+10003'
-73.7186,40.6351,0,2,'NYFiske Dr10003|NYFiske Dr10003+NYLongacre Ave+10003|NYFiske St10003|NYFiske St10003+NYLongacre Ave+10003'
-73.7186,40.7268,0,3,'NYCommonwealth Blvd10003+NY89th Ave+10003|NY89th Ave10003'
-73.7186,40.7930,0,1,'NYBeverly Rd10003+NYPark Rd+10003|NYPark Rd10003'
-73.7186,40.7177,0,2,'NYLarch Ave10003+NYMayfair Ave+10003'
-73.7186,40.7944,0,1,'NYJohnstone Rd10003'
-73.7185,40.6362,0,1,'NYYale Ave10003+NYCambridge Rd+10003|NYCambridge Rd10003'
-73.7185,40.7461,0,6,'NYLittle Neck Pkwy10003+NYShiloh Ave+10003|NYShiloh Ave10003'
-73.7185,40.7538,0,2,'NY261st St10003|NY261st St10003+NY72nd Rd+10003|NY72nd Rd10003'
-73.7185,40.7436,0,3,'NY252nd St10003+NYUnion Tpke+10003'
-73.7185,40.6458,0,1,'NYValley Ln E10003|NYValley Ln E10003+NYHungry Harbor Rd+10003'
-73.7185,40.7500,0,2,'NY255th St10003|NY255th St10003+NY73rd Ave+10003|NY73rd Ave10003'
-73.7185,40.7265,0,1,'NYCommonwealth Blvd10003+NY90th Ave+10003|NY90th Ave10003'
-73.7185,40.6219,0,3,'NYBroadway10003+NYLotus St+10003|NYLotus St10003'
-73.7184,40.6406,0,1,'NYCarol Ct10003+NYSunset Dr+10003|NYSunset Dr10003'
-73.7184,40.7495,0,2,'NY255th St10003+NY73rd Rd+10003|NY73rd Rd10003'
-73.7184,40.7433,0,5,'NY252nd St10003+NY80th Ave+10003'
-73.7184,40.6382,0,1,'NYWoodmere Blvd10003+NYHarvard Rd+10003|NYWoodmere Blvd S10003+NYHarvard Rd+10003|NYHarvard Rd10003'
-73.7184,40.6795,0,1,'NYHunter Ave10003+NYSobro Ave+10003|NYSobro Ave10003'
-73.7184,40.6991,0,2,'NY2nd St10003|NY2nd St10003+NYSecond St+10003|NY2nd St10003+NYBaylis Ave+10003|NYSecond St10003|NYSecond St10003+NYBaylis Ave+10003'
-73.7184,40.7230,0,1,'NYMichigan Rd10003|NYMichigan Rd10003+NYMassachusetts Blvd+10003'
-73.7183,40.7833,0,2,'NYRussell Woods Rd10003|NYRussell Woods Rd10003+NYS Middle Neck Rd+10003'
-73.7183,40.7455,0,3,'NY75th Ave10003|NY75th Ave10003+NYLittle Neck Pkwy+10003|NY75th Ave10003+NY254th St+10003|NYLittle Neck Pkwy10003+NY254th St+10003|NY254th St10003'
-73.7183,40.7216,0,1,'NYAtlantic Ave10003+NYSpruce Ave+10003|NYSpruce Ave10003'
-73.7183,40.7260,0,1,'NYJamaica Ave10002+NYCommonwealth Blvd+10002|NYCommonwealth Blvd10003|NYCommonwealth Blvd10003+NYState Rte 25+10003|NYCommonwealth Blvd10003+NYJericho Tpke+10003|NYCommonwealth Blvd10003+NYCommonwealth Blvd+10003|NYState Rte 2510002+NYCommonwealth Blvd+10002|NYJericho Tpke10002+NYCommonwealth Blvd+10002'
-73.7183,40.6605,0,1,'NYGreen Acres Rd S10003|NYGreen Acres Rd S10003+NYGreen Acres Rd S+10003|NYGreen Acres Rd S10003+NYMayfield Ln+10003|NYGreen Acres Rd S10003+NYGreen Acres Rd+10003|NYMayfield Ln10003|NYMayfield Ln10003+NYGreen Acres Rd+10003|NYGreen Acres Rd10003'
-73.7183,40.7903,0,2,'NYColonial Rd10003|NYColonial Rd10003+NYGrace Ave+10003'
-73.7183,40.7719,0,1,'NYOld Farm Rd10003|NYOld Farm Rd10003+NYMeadow Woods Rd+10003'
-73.7182,40.7192,0,2,'NYCrocus Ave10003+NYPine Ave+10003'
-73.7182,40.7036,0,2,'NYBiltmore Ave10003+NYMurray Hill St+10003|NYMurray Hill St10003'
-73.7182,40.6730,0,1,'NYGuenther Ave10003+NYHenry St+10003|NYHenry St10003'
-73.7182,40.7922,0,1,'NYNassau Dr10003+NYPark Rd+10003|NYPark Rd10003'
-73.7182,40.6225,0,1,'NYBroadway10003+NYLocust Ave+10003|NYLocust Ave10003'
-73.7181,40.7082,0,1,'NYFieldmere St10003|NYFieldmere St10003+NYHempstead Tpke+10003'
-73.7181,40.7604,0,11,'NY60th Rd10003+NY264th St+10003'
-73.7181,40.6544,0,1,'NYCrestwood Ln10003|NYCrestwood Ln10003+NYCloverfield Rd S+10003'
-73.7181,40.6298,0,1,'NYW Broadway10003+NYHaddon Rd+10003|NYHaddon Rd10003'
-73.7180,40.7729,0,2,'NYBridle Path Ln10003'
-73.7180,40.6144,0,1,'NYPark Row10003|NYPark Row10003+NYChauncey Ln+10003'
-73.7180,40.7905,0,2,'NYGallagher Ct10003|NYGallagher Ct10003+NYGrace Ave+10003'
-73.7180,40.5861,0,1,'NYOcean Blvd10003|NYOcean Blvd10003+NYYates Ave+10003|NYYates Ave10003'
-73.7180,40.7253,0,26,'NYHuron Rd10003+NYCommonwealth Blvd+10003'
-73.7180,40.7831,0,2,'NYArbor St10003|NYArbor St10003+NYS Middle Neck Rd+10003'
-73.7180,40.6517,0,1,'NYRosedale Rd10003+NYLongview Ave+10003|NYLongview Ave10003'
-73.7180,40.7529,0,3,'NY261st St10003|NY261st St10003+NYLangston Ave+10003'
-73.7180,40.6381,0,3,'NYHarvard Ct10003|NYHarvard Ct10003+NYWoodmere Blvd+10003|NYHarvard Ct10003+NYWoodmere Blvd S+10003'
-73.7179,40.7004,0,1,'NY2nd St10003+NYBelmont Ave+10003'
-73.7179,40.6407,0,1,'NYCarol Ct10003+NYAllen Rd+10003|NYAllen Rd10003'
-73.7179,40.5873,0,1,'NYBeech St10003+NYYates Ave+10003|NYMarginal Rd10003|NYMarginal Rd10003+NYYates Ave+10003|NYYates Ave10003'
-73.7179,40.6428,0,1,'NYNorman Way10003|NYNorman Way10003+NYMidway+10003'
-73.7178,40.7597,0,2,'NYGrand Central Pkwy10003+NY264th St+10003|NY264th St10003'
-73.7178,40.6736,0,1,'NYGuenther Ave10003+NYLewis St+10003|NYLewis St10003'
-73.7178,40.7303,0,2,'NY87th Ave10003+NY248th St+10003'
-73.7178,40.6327,0,1,'NYBryant St10003+NYKirby Ave+10003|NYKirby Ave10003'
-73.7177,40.7509,0,10,'NY73rd Ave10003+NY260th St+10003'
-73.7177,40.6886,0,1,'NYCromer Rd W10003|NYCromer Rd W10003+NYTudor Gate+10003|NYCromer Rd W10003+NYCromer Rd E+10003|NYCromer Rd W10003+NYTudor Cres+10003|NYTudor Gate10003|NYTudor Gate10003+NYCromer Rd E+10003|NYTudor Gate10003+NYTudor Cres+10003|NYCromer Rd E10003|NYCromer Rd E10003+NYTudor Cres+10003|NYTudor Cres10003'
-73.7177,40.7708,0,1,'NYW Woods Rd10003|NYW Woods Rd10003+NYMeadow Woods Rd+10003'
-73.7177,40.6559,0,2,'NYCrestwood Ln10003'
-73.7177,40.6097,0,1,'NYLongwood Xing10003+NYMeadow Way+10003|NYMeadow Way10003'
-73.7177,40.6493,0,2,'NYLongview Ave10003+NYStrathmore St+10003|NYStrathmore St10003'
-73.7177,40.7081,1,0,'NYGallant Fox Rd10003|NYGallant Fox Rd10003+NYHempstead Tpke+10003'
-73.7176,40.6317,0,1,'NYAddison St10003|NYAddison St10003+NYJordan Ave+10003'
-73.7176,40.6116,0,2,'NYHollywood Xing10003+NYOcean Ave+10003'
-73.7176,40.6865,0,1,'NYLaw St10003|NYLaw St10003+NYStuart Ave+10003'
-73.7176,40.7440,0,2,'NYLittle Neck Pkwy10003+NYUnion Tpke+10003'
-73.7176,40.6379,0,1,'NYWoodmere Blvd10003+NYPeninsula Blvd+10003|NYWoodmere Blvd S10003+NYPeninsula Blvd+10003'
-73.7176,40.7332,0,15,'NY249th St10003+NY85th Ave+10003'
-73.7176,40.7293,0,5,'NY87th Dr10003+NY248th St+10003|NY248th St10003'
-73.7176,40.6588,0,1,'NYIris Ln10003'
-73.7175,40.6677,0,1,'NYCedar St10003|NYCedar St10003+NYClearstream Ave+10003'
-73.7175,40.7887,0,1,'NYGarden St10003|NYGarden St10003+NYShoreward Dr+10003'
-73.7175,40.6304,0,1,'NYW Broadway10003+NYHuntley Rd+10003|NYHuntley Rd10003'
-73.7175,40.6580,0,1,'NYJasmine Ln10003'
-73.7175,40.7827,0,2,'NYS Middle Neck Rd10003|NYS Middle Neck Rd10003+NYLakeville Rd+10003|NYLakeville Rd10003'
-73.7174,40.7694,0,1,'NYFox Hunt Ln10003'
-73.7174,40.5882,0,1,'NYPark St10003'
-73.7174,40.6263,0,2,'NYElm St10003+NYCentral Ave+10003'
-73.7174,40.7558,0,1,'NYBridgewater Ave10003'
-73.7174,40.6472,0,1,'NYLongview Ave10003'
-73.7174,40.7194,0,1,'NYCrocus Ave10003+NYSpruce Ave+10003'
-73.7174,40.7767,0,1,'NYWensley Dr10003+NYMerrivale Rd+10003'
-73.7174,40.6892,0,2,'NYNorfolk Dr W10003|NYNorfolk Dr W10003+NYNorfolk Dr E+10003|NYNorfolk Dr W10003+NYTudor Cres+10003|NYNorfolk Dr E10003|NYNorfolk Dr E10003+NYTudor Cres+10003|NYTudor Cres10003'
-73.7173,40.9442,0,1,'NYTaylors Ln10003'
-73.7173,40.6353,0,1,'NYYale Ave10003+NYWestminster Rd+10003|NYWestminster Rd10003'
-73.7173,40.7081,1,1,'NYBiltmore Ave10003|NYBiltmore Ave10003+NYHempstead Tpke+10003'
-73.7173,40.7226,0,2,'NYSuperior Rd10003+NYMassachusetts Blvd+10003'
-73.7172,40.6931,0,3,'NYDoblin St10003|NYDoblin St10003+NYByron Ave+10003|NYByron Ave10003'
-73.7172,40.7544,0,2,'NY266th St10003|NY266th St10003+NY72nd Rd+10003'
-73.7172,40.7479,0,11,'NY74th Ave10003+NY255th St+10003'
-73.7172,40.7663,0,2,'NYHorizon Rd10003|NYHorizon Rd10003+NYFairway Dr+10003'
-73.7172,40.7872,0,1,'NYGarden St10003|NYGarden St10003+NYGarden St+10003'
-73.7172,40.7089,0,2,'NYKelso Ave10003'
-73.7172,40.6975,0,1,'NYVista Pl10003'
-73.7172,40.9691,0,1,'NYBroadway10003|NYBroadway10003+NYCalvert St+10003'
-73.7171,40.7963,0,1,'NYCarey Rd10003|NYCarey Rd10003+NYCarey Rd+10003|NYCarey Rd10003+NYCary Rd+10003|NYCary Rd10003'
-73.7171,40.7166,0,1,'NYW Elder Ave10003|NYW Elder Ave10003+NYPine Ave+10003|NYPine Ave10003'
-73.7170,40.7230,0,1,'NYCommonwealth Blvd10003'
-73.7170,40.6790,0,2,'NYJasen Ave10003|NYJasen Ave10003+NYFenwood Dr+10003'
-73.7169,40.6392,0,1,'NYAllen Rd10003|NYAllen Rd10003+NYBeth Ln+10003|NYBeth Ln10003'
-73.7169,40.6370,0,1,'NYWoodmere Blvd10003+NYCambridge Rd+10003|NYWoodmere Blvd S10003+NYCambridge Rd+10003|NYCambridge Rd10003'
-73.7169,40.7227,0,1,'NYCommonwealth Blvd10003|NYCommonwealth Blvd10003+NYMassachusetts Blvd+10003|NYCommonwealth Blvd10003+NYPennsylvania Blvd+10003|NYMassachusetts Blvd10003|NYMassachusetts Blvd10003+NYPennsylvania Blvd+10003|NYPennsylvania Blvd10003'
-73.7169,40.6312,0,1,'NYW Broadway10003+NYJordan Ave+10003|NYJordan Ave10003'
-73.7169,40.6529,0,1,'NYFurth Rd10003'
-73.7168,40.6633,1,1,'NYGreen Acres Mall10003+NYS Terrace Pl+10003|NYS Terrace Pl10003'
-73.7168,40.7819,0,2,'NYState Rte 25A10002+NYLakeville Rd+10002|NYNorthern Blvd10002+NYLakeville Rd+10002'
-73.7168,40.7389,0,8,'NY82nd Rd10003|NY82nd Rd10003+NY252nd St+10003'
-73.7168,40.6210,0,1,'NYRose St10003|NYRose St10003+NYLotus St+10003'
-73.7168,40.7445,0,2,'NY254th St10003+NYUnion Tpke+10003'
-73.7168,40.6980,0,2,'NYVista Pl10003|NYVista Pl10003+NYRenfrew Ave+10003'
-73.7168,40.8095,0,1,'NYShelter Bay Dr10003'
-73.7167,40.6687,0,1,'NYBuscher Ave10003|NYBuscher Ave10003+NYClearstream Ave+10003'
-73.7167,40.6146,0,3,'NYChauncey Ln10003+NYAtlantic Ave+10003|NYAtlantic Ave10003'
-73.7167,40.7304,0,2,'NY249th St10003+NY87th Ave+10003'
-73.7167,40.6709,0,1,'NYShaw Ave10003+NYMartens Ave+10003|NYMartens Ave10003'
-73.7167,40.6467,0,1,'NYCaptains Rd10003|NYCaptains Rd10003+NYHungry Harbor Rd+10003'
-73.7167,40.6408,1,0,'NYDonald Ln10003'
-73.7167,40.9514,0,1,'NYColonial Ct10003'
-73.7166,40.7220,0,1,'NYAtlantic Ave10003+NYWalnut Ave+10003|NYWalnut Ave10003'
-73.7166,40.7795,0,2,'NYUniversity Pl10003+NYUniversity Rd+10003|NYUniversity Rd10003'
-73.7166,40.7383,0,3,'NY82nd Dr10003|NY82nd Dr10003+NY252nd St+10003'
-73.7165,40.7437,0,1,'NY254th St10003+NY80th Ave+10003'
-73.7165,40.7836,0,1,'NYArbor St10003+NYGarden St+10003|NYGarden St10003'
-73.7165,40.7888,0,1,'NYLongview Pl10003|NYLongview Pl10003+NYShoreward Dr+10003'
-73.7165,40.6928,0,1,'NYLorentz St10003|NYLorentz St10003+NYByron Ave+10003'
-73.7165,40.6365,0,1,'NYWoodmere Blvd10003+NYOxford Rd+10003|NYWoodmere Blvd S10003+NYOxford Rd+10003|NYOxford Rd10003'
-73.7165,40.6641,1,1,'NYW Sunrise Hwy10002+NYS Terrace Pl+10002'
-73.7165,40.7467,0,2,'NY75th Ave10003+NY255th St+10003|NY255th St10003'
-73.7164,40.6318,0,1,'NYW Broadway10003+NYKirby Ave+10003|NYW Broadway10003+NYSteven Pl+10003|NYKirby Ave10003|NYKirby Ave10003+NYSteven Pl+10003|NYSteven Pl10003'
-73.7164,40.7290,0,1,'NY249th St10003+NY87th Dr+10003'
-73.7164,40.6475,0,1,'NYDuston Rd10003|NYDuston Rd10003+NYOakleigh Rd+10003'
-73.7164,40.7474,0,1,'NY75th Ave10003+NY255th St+10003|NY255th St10003'
-73.7164,40.7500,0,3,'NY260th St10003|NY260th St10003+NY260th St+10003'
-73.7164,40.7750,0,1,'NYOld Field Ln10003'
-73.7163,40.6644,0,1,'NYS Terrace Pl10003'
-73.7163,40.7791,0,1,'NYUniversity Pl10003+NYBriarfield Dr+10003|NYBriarfield Dr10003'
-73.7163,40.6666,0,1,'NYUnion St10003+NYW Valley Stream Blvd+10003'
-73.7163,40.9598,0,1,'NYGleason Pl10003'
-73.7163,40.6693,0,1,'NYCohill Rd10003|NYCohill Rd10003+NYClearstream Ave+10003'
-73.7162,40.6346,0,2,'NYYale Ave10003+NYKnota Rd+10003'
-73.7162,40.6814,0,2,'NYShipley Ave10003|NYShipley Ave10003+NYFenwood Dr+10003'
-73.7162,40.6687,0,1,'NYMidwood St10003|NYMidwood St10003+NYBuscher Ave+10003'
-73.7161,40.7986,0,2,'NYW Terrace Rd10003'
-73.7161,40.6294,0,4,'NYCedar Ln10003+NYOak St+10003|NYOak St10003'
-73.7161,40.7034,0,1,'NYMurray Hill St10003+NYSavoy Ave+10003|NYSavoy Ave10003'
-73.7161,40.7274,0,2,'NY249th St10003+NY89th Ave+10003|NY89th Ave10003'
-73.7160,40.7161,0,1,'NYSpruce Ave10003'
-73.7160,40.7702,0,3,'NYOld Field Ln10003+NYMeadow Woods Rd+10003|NYMeadow Woods Rd10003'
-73.7160,40.6323,0,1,'NYW Broadway10003+NYNarrow Ln+10003|NYNarrow Ln10003'
-73.7160,40.6502,0,2,'NYStrathmore St10003'
-73.7159,40.7490,0,6,'NY74th Ave10003'
-73.7159,40.6324,0,1,'NYW Broadway10003+NYLewis Ave+10003|NYLewis Ave10003'
-73.7159,40.7305,0,19,'NY87th Ave10003+NY250th St+10003'
-73.7159,40.7080,0,1,'NYGotham Ave10003|NYGotham Ave10003+NYHempstead Tpke+10003'
-73.7159,40.7266,0,9,'NY249th St10003+NYJamaica Ave+10003|NY249th St10003+NYState Rte 25+10003|NY249th St10003+NYJericho Tpke+10003'
-73.7159,40.6993,0,1,'NY1st St10003+NYHoffman Ave+10003'
-73.7159,40.6964,0,1,'NYElmont Rd10003+NYVillage Ave+10003|NYVillage Ave10003'
-73.7159,40.7450,0,1,'NYUnion Tpke10003+NY255th St+10003'
-73.7159,40.7265,1,3,'NY249th St10003|NY249th St10003+NYJamaica Ave+10003|NY249th St10003+NYState Rte 25+10003|NY249th St10003+NYJericho Tpke+10003|NY249th St10003+NYPennsylvania Blvd+10003|NYJamaica Ave10002+NYPennsylvania Blvd+10002|NYState Rte 2510002+NYPennsylvania Blvd+10002|NYJericho Tpke10002+NYPennsylvania Blvd+10002|NYPennsylvania Blvd10003'
-73.7158,40.7418,1,11,'NY81st Ave10003+NY254th St+10003'
-73.7158,40.7787,0,1,'NYUniversity Pl10003|NYUniversity Pl10003+NYBriarfield Dr+10003'
-73.7158,40.8575,0,1,'NYMiddle Neck Rd10003+NYTibbits Ln+10003|NYTibbits Ln10003'
-73.7157,40.9642,0,1,'NYHenry Ave10003|NYHenry Ave10003+NYOak St+10003'
-73.7157,40.6488,0,2,'NYRiva Ct10003|NYRiva Ct10003+NYJanet Pl+10003'
-73.7157,40.7222,0,2,'NYAtlantic Ave10003+NYElm Ave+10003|NYElm Ave10003'
-73.7157,40.7258,0,1,'NYHuron Rd10003+NYPennsylvania Blvd+10003'
-73.7157,40.7913,0,1,'NYWeight Ct10003'
-73.7157,40.6999,0,1,'NY1st St10003+NYBelmont Ave+10003'
-73.7157,40.7289,0,1,'NY87th Dr10003+NY250th St+10003|NY250th St10003'
-73.7156,40.6276,0,1,'NYCentral Ave10003+NYPine St+10003'
-73.7156,40.6262,0,1,'NYBroadway10003+NYLinden St+10003|NYLinden St10003'
-73.7156,40.7251,1,0,'NYHudson Rd10003+NYPennsylvania Blvd+10003'
-73.7155,40.6405,0,1,'NYSaddle Ridge Rd10003+NYS End+10003|NYS End10003'
-73.7155,40.7551,0,7,'NY267th St10003|NY267th St10003+NY73rd Ave+10003'
-73.7155,40.7890,1,1,'NYHighland Ave10003|NYHighland Ave10003+NYShoreward Dr+10003'
-73.7155,40.6931,0,1,'NYCrystal St10003|NYCrystal St10003+NYDutch Broadway+10003'
-73.7155,40.7693,0,1,'NYLinks Dr10003'
-73.7154,40.7392,0,1,'NY82nd Rd10003+NYLittle Neck Pkwy+10003'
-73.7154,40.7825,0,2,'NYState Rte 25A10002+NYSummer Ave+10002|NYState Rte 25A10002+NYSummer St+10002|NYSummer Ave10003|NYSummer Ave10003+NYNorthern Blvd+10003|NYSummer Ave10003+NYSummer St+10003|NYNorthern Blvd10002+NYSummer St+10002|NYSummer St10003'
-73.7154,40.6663,0,2,'NYS Terrace Pl10003+NYW Valley Stream Blvd+10003'
-73.7154,40.7378,0,2,'NY83rd Ave10003+NY253rd St+10003|NY253rd St10003'
-73.7154,40.6684,0,1,'NYUnion St10003|NYUnion St10003+NYBuscher Ave+10003'
-73.7154,40.7782,0,1,'NYBriarfield Dr10003'
-73.7154,40.6582,0,1,'NYHawthorne Ln10003'
-73.7153,40.6340,0,1,'NYYale Ave10003|NYYale Ave10003+NYAcademy Rd+10003'
-73.7153,40.6309,0,1,'NYWoodmere Ct10003|NYWoodmere Ct10003+NYSteven Pl+10003|NYSteven Pl10003'
-73.7153,40.7555,0,35,'NY73rd Ave10003'
-73.7152,40.7279,0,2,'NY250th St10003|NY250th St10003+NY88th Rd+10003'
-73.7152,40.6426,0,2,'NYAmherst Dr10003|NYAmherst Dr10003+NYE End+10003'
-73.7152,40.6317,0,1,'NYNarrow Ln10003+NYWoodmere Pl+10003|NYWoodmere Pl10003'
-73.7152,40.7453,0,1,'NY256th St10003|NY256th St10003+NYUnion Tpke+10003'
-73.7152,40.6301,0,2,'NYCedar Ln10003+NYPark St+10003|NYPark St10003'
-73.7152,40.7400,0,3,'NY82nd Ave10003+NY254th St+10003|NY254th St10003'
-73.7151,40.6350,0,1,'NYWoodmere Blvd10003+NYKnota Rd+10003|NYWoodmere Blvd S10003+NYKnota Rd+10003|NYKnota Rd10003'
-73.7151,40.7518,1,7,'NY263rd St10003'
-73.7151,40.6108,0,2,'NYHollywood Xing10003|NYHollywood Xing10003+NYBriarwood Xing+10003|NYBriarwood Xing10003'
-73.7150,40.7499,0,3,'NY260th St10003+NY74th Ave+10003|NY74th Ave10003'
-73.7150,40.7095,0,1,'NYSecretariat Ave10003'
-73.7150,40.7267,1,2,'NYJamaica Ave10002+NY250th St+10002|NYState Rte 2510002+NY250th St+10002|NYJericho Tpke10002+NY250th St+10002|NY250th St10003'
-73.7150,40.7306,1,3,'NY251st St10003+NY87th Ave+10003'
-73.7150,40.7080,0,1,'NYHempstead Tpke10002+NYClaridge Ave+10002|NYClaridge Ave10003'
-73.7150,40.6479,0,1,'NYHungry Harbor Rd10003+NYJanet Pl+10003|NYJanet Pl10003'
-73.7149,40.7603,0,12,'NYGrand Central Pkwy10003|NYGrand Central Pkwy10003+NYHewlett St+10003|NYHewlett St10003'
-73.7149,40.9506,0,1,'NYColonial Ct10003'
-73.7149,40.7929,0,1,'NYNassau Dr10003|NYNassau Dr10003+NYNassau Dr+10003'
-73.7149,40.6976,0,1,'NYElmont Rd10003+NYCerenzia Blvd+10003|NYCerenzia Blvd10003'
-73.7149,40.7490,0,5,'NY260th St10003|NY260th St10003+NY260th St+10003'
-73.7148,40.6882,0,1,'NYParkview Pl10003+NYNorfolk Dr E+10003|NYNorfolk Dr E10003'
-73.7148,40.6298,0,3,'NYPark St10003+NYMilton Pl+10003|NYMilton Pl10003'
-73.7148,40.7200,0,2,'NYCrocus Ave10003+NYElm Ave+10003'
-73.7148,40.7799,0,1,'NYBowers Ln10003|NYBowers Ln10003+NYRivers Dr+10003|NYRivers Dr10003'
-73.7148,40.7021,0,1,'NYCatherine Ct10003|NYCatherine Ct10003+NYW Circle Dr+10003'
-73.7147,40.6395,0,1,'NYPeninsula Blvd10003+NYSaddle Ridge Rd+10003|NYSaddle Ridge Rd10003'
-73.7147,40.7360,0,7,'NYState Hwy 25B10002+NY253rd St+10002|NY253rd St10003+NYHillside Ave+10003'
-73.7147,40.7441,0,1,'NY256th St10003+NY80th Ave+10003'
-73.7147,40.6313,0,2,'NYWoodmere Ct10003|NYWoodmere Ct10003+NYNarrow Ln+10003'
-73.7147,40.8003,0,1,'NYE Shore Rd10003+NYRavine Rd+10003|NYRavine Rd10003'
-73.7147,40.7245,0,1,'NYOntario Rd10003+NYDelaware Rd+10003|NYDelaware Rd10003'
-73.7147,40.6283,0,4,'NYOak St10003+NYCentral Ave+10003'
-73.7147,40.7287,0,1,'NY251st St10003|NY251st St10003+NY87th Dr+10003'
-73.7146,40.7845,0,1,'NYSpruce St10003'
-73.7146,40.7027,0,1,'NYW Circle Dr10003|NYW Circle Dr10003+NYN Circle Dr+10003|NYN Circle Dr10003'
-73.7145,40.6917,0,1,'NYByron Ave10003+NYKeil St+10003|NYKeil St10003'
-73.7144,40.7779,1,0,'NYRiver Dr Gate10003|NYRiver Dr Gate10003+NYLakeville Rd+10003'
-73.7144,40.6983,0,1,'NYElmont Rd10003+NYBaylis Ave+10003|NYBaylis Ave10003'
-73.7144,40.7458,0,1,'NY257th St10003|NY257th St10003+NYUnion Tpke+10003'
-73.7144,40.7372,0,2,'NYLittle Neck Pkwy10003+NY83rd Rd+10003|NY83rd Rd10003'
-73.7143,40.6431,0,1,'NYFordham Ln10003|NYFordham Ln10003+NYE End+10003'
-73.7143,40.7754,0,1,'NYFarm Ln10003'
-73.7143,40.6409,0,1,'NYAmherst Dr10003|NYAmherst Dr10003+NYS End+10003'
-73.7143,40.7187,0,1,'NYMayfair Ave10003+NYElm Ave+10003'
-73.7142,40.6375,0,1,'NYMayfield Rd10003'
-73.7142,40.7346,1,2,'NY253rd St10003+NY84th Dr+10003|NY84th Dr10003'
-73.7142,40.6559,0,1,'NYCloverfield Rd N10003|NYCloverfield Rd N10003+NYCloverfield Rd S+10003'
-73.7142,40.6690,0,1,'NYS Terrace Pl10003|NYS Terrace Pl10003+NYMerrick Rd+10003|NYS Terrace Pl10003+NYW Merrick Rd+10003|NYS Terrace Pl10003+NYN Terrace Pl+10003|NYMerrick Rd10003|NYMerrick Rd10003+NYW Merrick Rd+10003|NYMerrick Rd10003+NYN Terrace Pl+10003|NYW Merrick Rd10003|NYW Merrick Rd10003+NYN Terrace Pl+10003|NYN Terrace Pl10003'
-73.7141,40.7936,0,1,'NYBeverly Rd10003|NYBeverly Rd10003+NYBeverly Ln+10003|NYBeverly Ln10003'
-73.7141,40.7268,0,7,'NYJamaica Ave10002+NY251st St+10002|NYState Rte 2510002+NY251st St+10002|NYJericho Tpke10002+NY251st St+10002|NY251st St10003'
-73.7141,40.6590,0,1,'NYGarland Ln10003'
-73.7140,40.6337,0,1,'NYW Broadway10003+NYWoodmere Blvd+10003|NYW Broadway10003+NYWoodmere Blvd S+10003'
-73.7140,40.7395,0,11,'NY82nd Rd10003|NY82nd Rd10003+NY255th St+10003'
-73.7139,40.6368,0,4,'NYGreenfield Rd10003+NYWestwood Rd+10003'
-73.7139,40.6309,0,1,'NYCedar Ln10003+NYN Wood Ln+10003|NYN Wood Ln10003'
-73.7138,40.7292,0,1,'NY87th Rd10003|NY87th Rd10003+NY252nd St+10003'
-73.7138,40.7832,0,2,'NYState Rte 25A10002+NYSpinney Hill Dr+10002|NYNorthern Blvd10002+NYSpinney Hill Dr+10002|NYSpinney Hill Dr10003'
-73.7138,40.7443,0,3,'NY257th St10003+NY80th Ave+10003'
-73.7138,40.7012,0,1,'NYMarie Ct10003|NYMarie Ct10003+NYCircle Dr E+10003'
-73.7138,40.7536,0,7,'NYLangston Ave10003'
-73.7138,40.6497,0,3,'NYHungry Harbor Rd10003+NYPearl St+10003|NYPearl St10003'
-73.7138,40.6289,0,2,'NYPark St10003|NYPark St10003+NYCentral Ave+10003'
-73.7138,40.7246,0,7,'NYOntario Rd10003+NYBoston Rd+10003|NYBoston Rd10003'
-73.7138,40.7389,1,1,'NY82nd Dr10003|NY82nd Dr10003+NY255th St+10003'
-73.7137,40.7864,0,3,'NYLinden St10003'
-73.7137,40.7510,0,9,'NY263rd St10003+NY74th Ave+10003'
-73.7137,40.6835,0,1,'NYSalem Rd10003+NYSalem Gate+10003|NYSalem Gate10003'
-73.7137,40.7286,0,4,'NY252nd St10003|NY252nd St10003+NY87th Dr+10003'
-73.7137,40.7892,0,1,'NYLincoln Rd10003|NYLincoln Rd10003+NYShoreward Dr+10003'
-73.7137,40.7846,0,2,'NYLinden St10003'
-73.7136,40.6385,1,0,'NYMidwood Rd10003'
-73.7136,40.7694,1,10,'NYHorace Harding Blvd10003'
-73.7136,40.7328,0,3,'NY85th Rd10003|NY85th Rd10003+NY253rd St+10003'
-73.7135,40.7235,0,1,'NYSuperior Rd10003+NYBoston Rd+10003|NYBoston Rd10003'
-73.7135,40.6822,0,2,'NYCarolyn Ave10003|NYCarolyn Ave10003+NYCountisbury Ave+10003|NYCountisbury Ave10003'
-73.7135,40.7858,0,1,'NYAvalon Rd10003'
-73.7135,40.7382,2,5,'NY83rd Ave10003+NY255th St+10003'
-73.7135,40.7598,1,1,'NYGrand Central Pkwy10002'
-73.7135,40.7481,0,6,'NY260th St10003+NY75th Ave+10003'
-73.7134,40.6313,0,3,'NYCedar Ln10003+NYWyckoff Pl+10003|NYWyckoff Pl10003'
-73.7134,40.5878,0,1,'NYBay Blvd10003|NYBay Blvd10003+NYPark St+10003'
-73.7134,40.6330,0,1,'NYWoodmere Blvd10003+NYWoodmere Pl+10003|NYWoodmere Blvd S10003|NYWoodmere Blvd S10003+NYWoodmere Pl+10003|NYWoodmere Pl10003'
-73.7134,40.6416,0,2,'NYAndover Ln10003|NYAndover Ln10003+NYS End+10003'
-73.7134,40.6449,0,1,'NYLeheigh Ln10003+NYE End+10003|NYE End10003'
-73.7134,40.6278,0,1,'NYFir Ln10003'
-73.7134,40.9517,0,2,'NYWalden Ln10003|NYWalden Ln10003+NYWalden Ln+10003'
-73.7133,40.6329,0,1,'NYWoodmere Blvd10003+NYN Central Ave+10003|NYN Central Ave10003|NYN Central Ave10003+NYWoodmere Blvd S+10003|NYWoodmere Blvd S10003'
-73.7133,40.7032,0,2,'NYElzey Ave10003|NYElzey Ave10003+NYMurray Hill St+10003'
-73.7133,40.7355,0,2,'NY84th Rd10003|NY84th Rd10003+NYLittle Neck Pkwy+10003'
-73.7132,40.7375,0,1,'NY83rd Rd10003|NY83rd Rd10003+NY255th St+10003'
-73.7132,40.6869,1,0,'NYPeekskill St10003|NYPeekskill St10003+NYGreenway Blvd+10003'
-73.7132,40.7693,4,4,'NYHorace Harding Blvd10003'
-73.7132,40.6530,0,1,'NYDolores Dr10003'
-73.7131,40.7794,0,1,'NYTalbot Dr10003+NYEffron Pl+10003|NYEffron Pl10003'
-73.7131,40.6397,1,1,'NYHazel Pl10003|NYHazel Pl10003+NYWestwood Rd+10003'
-73.7131,40.7058,0,1,'NYHolland Ave10003+NYBlackstone St+10003|NYBlackstone St10003'
-73.7131,40.6466,0,2,'NYDartmouth Ln10003|NYDartmouth Ln10003+NYFordham Ln+10003'
-73.7130,40.8572,0,1,'NYMiddle Neck Rd10003+NYHilldale Ln+10003|NYHilldale Ln10003'
-73.7130,40.9699,0,5,'NYCalvert St10003'
-73.7129,40.6817,0,1,'NYMargaret Dr10003+NYCarolyn Ave+10003'
-73.7129,40.7445,0,3,'NY258th St10003+NY80th Ave+10003'
-73.7129,40.7247,0,4,'NYVirginia Rd10003|NYVirginia Rd10003+NYOntario Rd+10003'
-73.7128,40.6677,0,1,'NYS Waldinger St10003+NYBuscher Ave+10003|NYBuscher Ave10003'
-73.7128,40.7364,0,2,'NYState Hwy 25B10002+NY255th St+10002|NY255th St10003|NY255th St10003+NYHillside Ave+10003'
-73.7128,40.6784,0,1,'NYBlossom Row10003+NYLyon St+10003|NYLyon St10003'
-73.7128,40.7293,0,5,'NY87th Rd10003+NY253rd St+10003'
-73.7128,40.9451,0,1,'NYBrevoort Ln10003|NYBrevoort Ln10003+NYShore Rd+10003|NYShore Rd10003'
-73.7128,40.7856,0,2,'NYAvalon Rd10003|NYAvalon Rd10003+NYAvalon Rd+10003'
-73.7128,40.7220,0,1,'NYPrimrose Ave10003+NYFloral Blvd+10003'
-73.7127,40.7740,0,1,'NYPine Hill Rd10003|NYPine Hill Rd10003+NYPine Hill Rd+10003'
-73.7127,40.6323,0,4,'NYRailroad Ave10003|NYRailroad Ave10003+NYWoodmere Blvd+10003|NYRailroad Ave10003+NYStation Pl+10003|NYRailroad Ave10003+NYWoodmere Blvd S+10003|NYWoodmere Blvd10003+NYStation Pl+10003|NYStation Pl10003|NYStation Pl10003+NYWoodmere Blvd S+10003'
-73.7126,40.7237,0,2,'NYVirginia Rd10003|NYVirginia Rd10003+NYSuperior Rd+10003'
-73.7126,40.7284,0,3,'NY253rd St10003|NY253rd St10003+NY87th Dr+10003'
-73.7126,40.7503,0,2,'NY75th Ave10003|NY75th Ave10003+NY263rd St+10003'
-73.7126,40.6276,0,1,'NYBroadway10003+NYFir Ln+10003|NYFir Ln10003'
-73.7126,40.7262,0,3,'NYHuron Rd10003'
-73.7126,40.7910,0,1,'NYWindsor Rd10003|NYWindsor Rd10003+NYSaint George Rd+10003|NYSaint George Rd10003'
-73.7126,40.8413,0,1,'NYManorhaven Blvd10003+NYEdgewood Rd+10003|NYEdgewood Rd10003'
-73.7125,40.7191,0,3,'NYMayfair Ave10003+NYClover Ave+10003'
-73.7125,40.6791,0,1,'NYAshley Dr10003'
-73.7125,40.7342,0,8,'NYLittle Neck Pkwy10003+NY85th Ave+10003'
-73.7125,40.6320,0,3,'NYCedar Ln10003+NYWoodmere Blvd+10003|NYCedar Ln10003+NYWoodmere Blvd S+10003'
-73.7125,40.9506,0,3,'NYRye Rd10003'
-73.7124,40.7592,0,26,'NYMarcus Ave10003|NYMarcus Ave10003+NYGrand Central Pkwy+10003|NYGrand Central Pkwy10002'
-73.7124,40.6898,0,1,'NYLandford Dr10003|NYLandford Dr10003+NYKingston St+10003'
-73.7124,40.6864,0,1,'NYRifton St10003|NYRifton St10003+NYGreenway Blvd+10003'
-73.7124,40.6733,0,1,'NYEdwards Pl10003'
-73.7123,40.7323,0,4,'NY86th Ave10003+NY254th St+10003|NY254th St10003'
-73.7123,40.6299,0,2,'NYCentral Ave10003+NYWyckoff Pl+10003'
-73.7122,40.7524,0,3,'NY74th Ave Exd10003|NY74th Ave Exd10003+NY74th Ave+10003|NY74th Ave10003'
-73.7122,40.6961,0,3,'NYFallon Ct10003|NYFallon Ct10003+NYFallon Ave+10003'
-73.7121,40.6941,0,1,'NYEmily Ave10003+NYRuby St+10003|NYRuby St10003'
-73.7121,40.7741,0,1,'NYPine Hill Rd10003|NYPine Hill Rd10003+NYLakeville Rd+10003'
-73.7121,40.7696,1,2,'NYFairway Dr10003'
-73.7120,40.6654,0,1,'NYW Valley Stream Blvd10003+NYCamdike St+10003'
-73.7120,40.6761,0,1,'NYFritchie Pl10003+NYBenson Pl+10003|NYBenson Pl10003'
-73.7120,40.7447,0,12,'NY259th St10003+NY80th Ave+10003'
-73.7120,40.6257,0,1,'NYPorter Pl10003+NYManor Ln+10003|NYManor Ln10003'
-73.7120,40.6560,0,2,'NYSanford Ct10003|NYSanford Ct10003+NYJedwood Pl+10003'
-73.7119,40.6834,0,1,'NYStandish Rd10003|NYStandish Rd10003+NYSeaton Pl+10003'
-73.7119,40.7471,0,5,'NY260th St10003+NYUnion Tpke+10003'
-73.7119,40.9690,0,1,'NYPurdy St10003'
-73.7119,40.7270,0,6,'NYJamaica Ave10002+NYRemsen Ln+10002|NYState Rte 2510002+NYRemsen Ln+10002|NYJericho Tpke10002+NYRemsen Ln+10002|NYRemsen Ln10003'
-73.7118,40.6349,0,1,'NYW Broadway10003+NYIrving Pl+10003|NYIrving Pl10003'
-73.7117,40.6329,0,2,'NYRailroad Ave10003+NYMosher Ave+10003|NYMosher Ave10003'
-73.7117,40.7358,0,9,'NY256th St10003+NY84th Rd+10003|NY84th Rd10003'
-73.7116,40.7282,0,3,'NY254th St10003|NY254th St10003+NY87th Dr+10003'
-73.7115,40.7325,0,1,'NYLittle Neck Pkwy10003+NY86th Ave+10003'
-73.7115,40.6602,0,1,'NYWoodland Rd10003+NYAsh Ln+10003|NYAsh Ln10003'
-73.7115,40.6562,0,1,'NYJedwood Pl10003+NYCluett Rd+10003|NYCluett Rd10003'
-73.7114,40.6799,0,1,'NYClovelly Dr10003+NYCarolyn Ave+10003'
-73.7114,40.6326,0,2,'NYCedar Ln10003+NYLafayette Pl+10003|NYLafayette Pl10003'
-73.7114,40.6937,1,0,'NYS King St10003'
-73.7113,40.7495,0,21,'NY263rd St10003+NY76th Ave+10003|NY76th Ave10003'
-73.7113,40.6443,2,2,'NYLafayette Dr10003|NYLafayette Dr10003+NYFordham Ln+10003|NYLafayette Dr10003+NYS End+10003|NYFordham Ln10003|NYFordham Ln10003+NYS End+10003|NYS End10003'
-73.7112,40.9692,0,1,'NYSoulard St10003'
-73.7112,40.6305,0,2,'NYWoodmere Blvd10003+NYCentral Ave+10003|NYCentral Ave10003+NYWoodmere Blvd S+10003'
-73.7112,40.7345,0,2,'NY256th St10003+NY85th Ave+10003|NY85th Ave10003'
-73.7112,40.6759,0,1,'NYEdwards Pl10003|NYEdwards Pl10003+NYFritchie Pl+10003'
-73.7111,40.7875,0,1,'NYLodge Rd10003|NYLodge Rd10003+NYWindsor Rd+10003'
-73.7111,40.7224,0,1,'NYGladiolus Ave10003+NYFloral Blvd+10003'
-73.7110,40.5869,0,3,'NYMarginal10003|NYMarginal10003+NYScott Dr+10003'
-73.7109,40.7263,0,2,'NYRogers Pl10003|NYRogers Pl10003+NYFlorence St+10003'
-73.7109,40.7771,0,1,'NYGrenfel Dr10003'
-73.7109,40.7310,1,2,'NYLittle Neck Pkwy10003+NY87th Ave+10003'
-73.7109,40.7468,0,1,'NY261st St10003+NY79th Ave+10003'
-73.7109,40.6248,0,1,'NYBirch Ln10003'
-73.7108,40.7256,0,2,'NYAdelaide St10003'
-73.7106,40.6336,1,1,'NYRailroad Ave10003+NYIrving Pl+10003'
-73.7106,40.7288,0,2,'NY87th Rd10003|NY87th Rd10003+NYLittle Neck Pkwy+10003'
-73.7106,40.7295,0,2,'NY87th Rd10003|NY87th Rd10003+NYLittle Neck Pkwy+10003|NY87th Rd10003+NY87th Ter+10003|NYLittle Neck Pkwy10003+NY87th Ter+10003|NY87th Ter10003'
-73.7106,40.6379,0,2,'NYRoselle Pl10003|NYRoselle Pl10003+NYBarr Ave+10003'
-73.7106,40.7822,0,1,'NYClark Dr10003+NYGrandview Ave+10003|NYGrandview Ave10003'
-73.7106,40.7280,0,4,'NYLittle Neck Pkwy10003+NY87th Dr+10003'
-73.7105,40.7703,0,1,'NYOld Field Ln10003'
-73.7105,40.7210,0,2,'NYGladiolus Ave10003+NYCrocus Ave+10003'
-73.7105,40.6642,0,1,'NYBucknell Rd10003+NYW Jamaica Ave+10003'
-73.7105,40.7272,0,5,'NYJamaica Ave10002+NYLittle Neck Pkwy+10002|NYJamaica Ave10002+NYTulip Ave+10002|NYLittle Neck Pkwy10003|NYLittle Neck Pkwy10003+NYState Rte 25+10003|NYLittle Neck Pkwy10003+NYJericho Tpke+10003|NYLittle Neck Pkwy10003+NYTulip Ave+10003|NYState Rte 2510002+NYTulip Ave+10002|NYJericho Tpke10002+NYTulip Ave+10002|NYTulip Ave10003'
-73.7105,40.7713,0,1,'NYOld Lakeville Rd10003+NYMeadow Woods Rd+10003|NYMeadow Woods Rd10003|NYMeadow Woods Rd10003+NYLakeville Rd+10003'
-73.7104,40.6372,0,1,'NYQuentin Pl10003|NYQuentin Pl10003+NYBarr Ave+10003'
-73.7104,40.6601,0,1,'NYWoodland Rd10003'
-73.7104,40.9661,0,1,'NYSoulard St10003'
-73.7103,40.7479,0,1,'NYUnion Tpke10003+NY262nd St+10003|NY262nd St10003'
-73.7103,40.6332,1,0,'NYCedar Ln10003+NYIrving Pl+10003'
-73.7102,40.6649,0,3,'NYBucknell Rd10003+NYW Valley Stream Blvd+10003'
-73.7101,40.6735,1,1,'NYPalmer Pl10003'
-73.7101,40.7344,0,1,'NY257th St10003+NYE Williston Ave+10003'
-73.7100,40.6311,0,2,'NYCentral Ave10003+NYLafayette Pl+10003'
-73.7100,40.7470,0,1,'NY79th Ave10003+NY262nd St+10003'
-73.7100,40.6832,0,1,'NYMarlowe Rd10003+NYPutney Rd+10003|NYPutney Rd10003'
-73.7099,40.7311,0,2,'NY256th St10003+NY87th Ave+10003|NY87th Ave10003'
-73.7099,40.6955,0,1,'NYFlint Pl10003|NYFlint Pl10003+NYVillage Ave+10003'
-73.7099,40.8634,1,1,'NYLongwood Rd10003'
-73.7098,40.6290,1,2,'NYWoodmere Blvd10003+NYBroadway+10003|NYBroadway10003+NYWoodmere Blvd S+10003'
-73.7098,40.7310,0,2,'NY256th St10003+NY87th Ave+10003|NY87th Ave10003'
-73.7097,40.7082,0,1,'NYElmont Rd10003+NYHempstead Tpke+10003'
-73.7096,40.9695,0,3,'NYHaviland St10003'
-73.7096,40.7212,0,1,'NYPansy Ave10003+NYCrocus Ave+10003'
-73.7096,40.6587,1,0,'NYOld Central Ave10003'
-73.7096,40.7097,0,1,'NYKelso Ave10003'
-73.7095,40.7483,0,6,'NY263rd St10003+NYUnion Tpke+10003'
-73.7095,40.6757,0,1,'NYFritchie Pl10003|NYFritchie Pl10003+NYN Central Ave+10003'
-73.7095,40.6838,0,1,'NYMarlowe Rd10003|NYMarlowe Rd10003+NYArkansas Dr+10003'
-73.7094,40.7298,0,1,'NY256th St10003+NY87th Ter+10003|NY87th Ter10003'
-73.7093,40.6763,0,1,'NYStephen Pl10003|NYStephen Pl10003+NYN Central Ave+10003'
-73.7093,40.7347,0,1,'NY258th St10003+NYE Williston Ave+10003'
-73.7092,40.7052,0,1,'NYCrowell St10003+NYChowan St+10003|NYChowan St10003'
-73.7092,40.7267,0,3,'NYCarnation Ave10003|NYCarnation Ave10003+NYTulip Ave+10003'
-73.7091,40.6826,0,1,'NYMarch Dr10003|NYMarch Dr10003+NYPutney Rd+10003'
-73.7091,40.7265,0,2,'NYCarnation Ave10003+NYFlorence St+10003|NYFlorence St10003'
-73.7090,40.7472,1,12,'NY79th Ave10003+NY263rd St+10003'
-73.7090,40.7699,1,6,'NYHorace Harding Blvd10003+NYLakeville Rd+10003'
-73.7090,40.7928,0,2,'NYBayview Ave10003|NYBayview Ave10003+NYShore Rd+10003|NYShore Rd10003'
-73.7090,40.6679,0,1,'NYW Merrick Rd10003+NYBenedict Ave+10003|NYBenedict Ave10003'
-73.7090,40.5892,0,1,'NYMark Dr10003|NYMark Ln10003'
-73.7089,40.7311,0,1,'NY257th St10003+NY87th Ave+10003'
-73.7089,40.6317,1,3,'NYIrving Pl10003+NYCentral Ave+10003'
-73.7089,40.6619,0,2,'NYMill Rd10003+NYW Sunrise Hwy+10003'
-73.7089,40.6621,0,1,'NYW Sunrise Hwy10002+NYMill Rd+10002|NYW Sunrise Hwy10002+NYS Central Ave+10002|NYMill Rd10003|NYMill Rd10003+NYS Central Ave+10003|NYS Central Ave10003'
-73.7089,40.6295,0,2,'NYBroadway10003+NYBurton Ave+10003|NYBurton Ave10003'
-73.7089,40.7251,1,0,'NYLily St10003'
-73.7088,40.7950,0,2,'NYManhasset Ave10003|NYManhasset Ave10003+NYBayview Ave+10003'
-73.7088,40.6715,0,1,'NYFelton Ave10003|NYFelton Ave10003+NYN Central Ave+10003'
-73.7087,40.6514,0,1,'NYMill Rd10003+NYDawson Dr+10003|NYDawson Dr10003'
-73.7087,40.7116,0,1,'NYPlainfield Ave10003+NYPelham St+10003|NYPelham St10003'
-73.7087,40.7259,0,5,'NYAdelaide St10003|NYAdelaide St10003+NYCarnation Ave+10003'
-73.7086,40.7277,0,1,'NY256th St10003|NY256th St10003+NYJamaica Ave+10003|NY256th St10003+NYState Rte 25+10003|NY256th St10003+NYJericho Tpke+10003'
-73.7086,40.6242,0,1,'NYWood Ln10003+NYPond Ln+10003'
-73.7086,40.7197,1,2,'NYClarence St10003+NYGeranium Ave+10003'
-73.7085,40.5868,0,2,'NYMarginal Rd10003|NYMarginal Rd10003+NYBeech St+10003'
-73.7085,40.6769,0,1,'NYSalem Rd10003|NYSalem Rd10003+NYHaven Ave+10003|NYHaven Ave10003'
-73.7085,40.6644,0,1,'NYW Valley Stream Blvd10003+NYS Central Ave+10003'
-73.7085,40.6591,0,1,'NYFairfield St10003'
-73.7085,40.7351,0,7,'NY259th St10003+NYE Williston Ave+10003'
-73.7084,40.6454,1,1,'NYSteven Dr10003|NYSteven Dr10003+NYNewport Dr+10003|NYNewport Dr10003'
-73.7083,40.8609,1,2,'NYSterling Ln10003+NYArden Ln+10003|NYArden Ln10003'
-73.7083,40.8090,0,1,'NYBayside Dr10003'
-73.7083,40.6699,0,1,'NYStein St10003+NYN Central Ave+10003'
-73.7083,40.6846,0,2,'NYGreenway Blvd10003+NYBuffalo St+10003|NYBuffalo St10003'
-73.7083,40.7293,0,3,'NY257th St10003+NY87th Rd+10003'
-73.7082,40.7252,0,1,'NYCarnation Ave10003+NYLily St+10003|NYLily St10003'
-73.7082,40.8506,0,1,'NYCow Neck Rd10003+NYBarkers Pt Rd+10003|NYCow Neck Rd10003+NYBarkers Point Rd+10003|NYBarkers Pt Rd10003|NYBarkers Point Rd10003'
-73.7082,40.7494,0,4,'NY77th Ave10003+NY265th St+10003'
-73.7082,40.6423,0,1,'NYPeninsula Blvd10003+NYHaven Pl+10003|NYHaven Pl10003'
-73.7081,40.7522,0,1,'NY268th St10003|NY268th St10003+NY76th Ave+10003'
-73.7080,40.7313,0,8,'NY258th St10003+NY87th Ave+10003'
-73.7080,40.6677,0,1,'NYW Merrick Rd10003+NYN Central Ave+10003|NYW Merrick Rd10003+NYS Central Ave+10003|NYN Central Ave10003|NYN Central Ave10003+NYS Central Ave+10003|NYS Central Ave10003'
-73.7080,40.6870,0,1,'NYUtica St10003'
-73.7080,40.9698,0,1,'NYOakland Ave10003'
-73.7080,40.6911,0,1,'NYMonaco Ave10003'
-73.7079,40.7972,0,1,'NYBayview Ave10003+NYShoredale Dr+10003|NYShoredale Dr10003'
-73.7079,40.6211,0,1,'NYMartha Ln10003|NYMartha Ln10003+NYChannel Rd+10003|NYChannel Rd10003|NYChannel Rd10003+NYIvy Hill Rd+10003'
-73.7079,40.7175,0,1,'NYZinnia Ave10003+NYViolet Ave+10003|NYZinnia St10003+NYViolet Ave+10003'
-73.7079,40.7493,0,2,'NYUnion Tpke10003+NY265th St+10003'
-73.7078,40.7562,0,2,'NY74th Ave Exd10003'
-73.7078,40.7211,0,1,'NYGeranium Ave10003+NYRose Ave+10003'
-73.7078,40.7244,0,2,'NYCarnation Ave10003'
-73.7077,40.7279,0,4,'NY257th St10003+NYJamaica Ave+10003|NY257th St10003+NYState Rte 25+10003|NY257th St10003+NYJericho Tpke+10003'
-73.7077,40.7114,0,1,'NYHoeffner Ave10003+NYPelham St+10003'
-73.7077,40.7943,0,1,'NYMain Dr10003'
-73.7077,40.7243,0,1,'NYCarnation Ave10003'
-73.7076,40.7278,0,1,'NYJamaica Ave10002|NYJamaica Ave10002+NY257th St+10002|NYJamaica Ave10002+NYJericho Tpke+10002|NYJamaica Ave10002+NYState Rte 25+10002|NYJamaica Ave10002+NYGarfield Ave+10002|NY257th St10003|NY257th St10003+NYJericho Tpke+10003|NY257th St10003+NYState Rte 25+10003|NY257th St10003+NYGarfield Ave+10003|NYJericho Tpke10002|NYJericho Tpke10002+NYState Rte 25+10002|NYJericho Tpke10002+NYGarfield Ave+10002|NYJericho Tpke10002+NYJericho Tpke+10002|NYState Rte 2510002|NYState Rte 2510002+NYState Rte 25+10002|NYState Rte 2510002+NYGarfield Ave+10002|NYState Rte 2510002+NYJericho Tpke+10002|NYGarfield Ave10003|NYGarfield Ave10003+NYJericho Tpke+10003'
-73.7076,40.6770,0,1,'NYPutnam Ave10003'
-73.7076,40.6265,0,1,'NYWoodmere Blvd10003+NYChapman Rd+10003|NYWoodmere Blvd S10003+NYChapman Rd+10003|NYChapman Rd10003'
-73.7076,40.7499,0,1,'NY77th Ave10003+NY266th St+10003'
-73.7076,40.7355,0,16,'NY260th St10003+NYE Williston Ave+10003'
-73.7076,40.7241,0,1,'NYAtlantic Ave10003+NYCarnation Ave+10003'
-73.7075,40.7527,0,2,'NY76th Ave10003+NY269th St+10003|NY269th St10003'
-73.7075,40.7081,0,1,'NYSchool Rd10003|NYSchool Rd10003+NYHempstead Tpke+10003'
-73.7074,40.6555,0,1,'NYFairfield St10003|NYFairfield St10003+NYHollywood Ave+10003'
-73.7074,40.8033,0,1,'NYThe Neck10003'
-73.7074,40.6661,0,1,'NYBell St10003+NYSmith St+10003|NYSmith St10003'
-73.7074,40.7295,0,25,'NY87th Rd10003+NY258th St+10003'
-73.7073,40.6921,0,2,'NYMartha St10003|NYMartha St10003+NYBauer St+10003'
-73.7073,40.7270,0,1,'NYGarfield Ave10003'
-73.7073,40.7068,0,1,'NYFairfax St10003|NYFairfax St10003+NYRockmart Ave+10003'
-73.7073,40.7219,0,1,'NYCrocus Ave10003+NYGeranium Ave+10003|NYGeranium Ave10003'
-73.7071,40.7315,0,2,'NY259th St10003+NY87th Ave+10003'
-73.7071,40.7233,0,7,'NYFloral Blvd10003+NYCarnation Ave+10003'
-73.7070,40.7505,0,1,'NY77th Ave10003+NY267th St+10003|NY77th Ave10003+NYCastlewood St+10003'
-73.7070,40.7496,0,1,'NY266th St10003+NY78th Ave+10003|NY78th Ave10003'
-73.7070,40.6408,0,1,'NYHalsey St10003|NYHalsey St10003+NYDivision St+10003'
-73.7069,40.7191,0,1,'NYClarence St10003+NYViolet Ave+10003'
-73.7069,40.7172,0,1,'NYPlainfield Ave10003+NYZinnia Ave+10003|NYPlainfield Ave10003+NYZinnia St+10003|NYZinnia Ave10003|NYZinnia St10003'
-73.7069,40.9606,0,1,'NYYork Ave10003'
-73.7069,40.7281,0,2,'NYBrokaw Ave10003|NYBrokaw Ave10003+NYJericho Tpke+10003|NYBrokaw Ave10003+NYState Rte 25+10003'
-73.7068,40.6321,0,1,'NYConklin Ave10003|NYConklin Ave10003+NYBroadway+10003'
-73.7068,40.5868,0,1,'NYMark Dr10003|NYMark Dr10003+NYBeech St+10003|NYBeech St10003+NYMark la+10003|NYBeech St10003+NYMark Ln+10003|NYMark la10003|NYMark Ln10003'
-73.7068,40.6943,0,1,'NYEmily Ave10003+NYVillage Ave+10003|NYVillage Ave10003'
-73.7068,40.6840,0,2,'NYGreenway Blvd10003+NYNiagara St+10003|NYNiagara St10003'
-73.7068,40.6302,0,1,'NYWood St10003|NYWood St10003+NYBrower Ave+10003'
-73.7068,40.6465,0,3,'NYGeoffrey Ln10003'
-73.7067,40.6391,0,3,'NYSerena Rd10003|NYSerena Rd10003+NYHenrietta Pl+10003'
-73.7067,40.6642,0,1,'NYVerona Pl10003+NYW Valley Stream Blvd+10003'
-73.7067,40.6415,0,1,'NYWilliam St10003+NYWilliams St+10003|NYWilliam St10003+NYFranklin Ave+10003|NYWilliams St10003|NYWilliams St10003+NYFranklin Ave+10003'
-73.7067,40.6270,0,5,'NYBurton Ave10003+NYChapman Rd+10003'
-73.7067,40.7611,0,1,'NYWestcliff Rd10003|NYWestcliff Dr10003'
-73.7066,40.7682,0,1,'NYJeffrey Ln10003'
-73.7066,40.6253,0,1,'NYWoodmere Blvd10003+NYPond Ln+10003|NYBrowers Point Branch10003|NYBrowers Point Branch10003+NYPond Ln+10003|NYWoodmere Blvd S10003+NYPond Ln+10003|NYPond Ln10003'
-73.7066,40.7244,0,4,'NYAtlantic Ave10003+NYCarlton St+10003|NYCarlton St10003'
-73.7065,40.6715,0,1,'NYFelton Ave10003|NYFelton Ave10003+NYEast Ave+10003'
-73.7065,40.7978,0,1,'NYWedgewood Ct10003|NYWedgewood Ct10003+NYBayview Ave+10003'
-73.7064,40.7179,0,1,'NYPlainfield Ave10003+NYCherry St+10003|NYCherry St10003'
-73.7064,40.6365,0,1,'NYFulton St10003'
-73.7063,40.9616,0,1,'NYBradford Ave10003+NYHenry St+10003|NYHenry St10003'
-73.7063,40.7268,0,5,'NYVan Buren Ave10003'
-73.7063,40.8610,2,1,'NYPond Ln10003|NYPond Ln10003+NYArden Ln+10003'
-73.7062,40.8495,3,2,'NYCove Ln10003'
-73.7062,40.7235,0,1,'NYFloral Blvd10003+NYCarlton St+10003|NYCarlton St10003'
-73.7062,40.7317,1,3,'NY260th St10003+NY87th Ave+10003'
-73.7062,40.6377,0,5,'NYW Broadway10003+NYSerena Rd+10003|NYSerena Rd10003'
-73.7062,40.7955,0,1,'NYManhasset Ave10003|NYManhasset Ave10003+NYGrinsted St+10003'
-73.7062,40.7538,0,4,'NY271st St10003|NY271st St10003+NY76th Ave+10003'
-73.7062,40.8444,0,1,'NYBay Dr10003'
-73.7061,40.6949,0,1,'NYEmily Ave10003+NYFallon Ave+10003|NYFallon Ave10003'
-73.7061,40.7205,0,3,'NYRose Ave10003+NYViolet Ave+10003'
-73.7061,40.7189,0,1,'NYClarence St10003+NYIris Ave+10003|NYIris Ave10003'
-73.7061,40.5889,0,1,'NYClayton Ave10003'
-73.7061,40.5848,0,3,'NYClayton Ave10003'
-73.7061,40.7223,0,2,'NYCarnation Ave10003+NYVerbena Ave+10003'
-73.7061,40.8072,0,1,'NYWest Dr10003'
-73.7060,40.8137,0,1,'NYAndover Ct10003'
-73.7060,40.7498,0,1,'NY267th St10003+NY78th Ave+10003|NY78th Ave10003+NYCastlewood St+10003'
-73.7060,40.8041,0,1,'NYThe Neck10003'
-73.7060,40.6600,0,1,'NYCambridge St10003'
-73.7060,40.6361,0,1,'NYRailroad Ave10003'
-73.7059,40.6314,0,1,'NYYung Pl10003'
-73.7059,40.6659,0,1,'NYSmith St10003'
-73.7058,40.6299,0,1,'NYBrower Ave10003+NYBenton St+10003|NYBenton St10003'
-73.7058,40.6561,0,1,'NYHollywood Ave10003+NYDerby St+10003|NYDerby St10003'
-73.7058,40.7307,0,1,'NY260th St10003|NY260th St10003+NYN Tyson Ave+10003|NYN Tyson Ave10003'
-73.7057,40.6956,0,1,'NYNorfeld Blvd10003+NYEmily Ave+10003|NYEmily Ave10003'
-73.7057,40.7128,0,2,'NYCarnegie Ave10003|NYCarnegie Ave10003+NYChelsea St+10003'
-73.7057,40.7246,0,2,'NYAtlantic Ave10003+NYVernon St+10003|NYVernon St10003'
-73.7057,40.6322,0,1,'NYClubside Dr10003|NYClubside Dr10003+NYClubside Dr+10003'
-73.7057,40.7134,1,0,'NYVanderwater Ave10003|NYVanderwater Ave10003+NYVanderwater Ave+10003|NYVanderwater Ave10003+NYLocust St+10003|NYVanderwater Ave10003+NYVandewater Ave+10003|NYLocust St10003|NYLocust St10003+NYVandewater Ave+10003|NYVandewater Ave10003'
-73.7057,40.7544,0,1,'NYHewlett St10003|NYHewlett St10003+NY76th Ave+10003'
-73.7057,40.6394,0,1,'NYHenrietta Pl10003|NYHenrietta Pl10003+NYFranklin Ave+10003'
-73.7056,40.6860,0,1,'NYTroy St10003|NYTroy St10003+NYNiagara St+10003'
-73.7056,40.7379,0,12,'NYState Hwy 25B10002+NY263rd St+10002|NY263rd St10003+NYHillside Ave+10003'
-73.7056,40.6696,0,1,'NYTodd Rd10003|NYTodd Rd10003+NYRegent St+10003'
-73.7055,40.6738,0,1,'NYEast Ave10003+NYRose Ave+10003|NYRose Ave10003'
-73.7055,40.7299,0,1,'NYN Tyson Ave10003+NYLowell Ave+10003'
-73.7054,40.7159,0,1,'NYBellmore St10003+NYMiller Ave+10003'
-73.7054,40.6615,0,3,'NYStation Plz10003|NYStation Plz10003+NYStation Plz+10003|NYStation Plz10003+NYHicks St+10003|NYStation Plz10003+NYFirefighters Memorial Plz+10003|NYHicks St10003+NYFirefighters Memorial Plz+10003|NYFirefighters Memorial Plz10003'
-73.7054,40.6490,0,1,'NYGarden St10003|NYGarden St10003+NYDubois Ave+10003'
-73.7054,40.7218,0,1,'NYCarnation Ave10003+NYViolet Ave+10003'
-73.7053,40.7237,0,1,'NYFloral Blvd10003+NYVernon St+10003|NYVernon St10003'
-73.7053,40.7251,1,3,'NYTyson Ave10003|NYTyson Ave10003+NYCaroline Pl+10003|NYTyson Ave10003+NYTulip Ave+10003|NYCaroline Pl10003|NYCaroline Pl10003+NYTulip Ave+10003'
-73.7052,40.7237,0,1,'NYFloral Blvd10003|NYFloral Blvd10003+NYVerbena Ave+10003'
-73.7052,40.7521,0,2,'NY77th Ave10003+NY270th St+10003'
-73.7052,40.8036,0,1,'NYCove Dr10003'
-73.7051,40.7054,0,1,'NYAtherton Ave10003+NYSewanee Ave+10003'
-73.7051,40.6466,0,1,'NYJadwin St10003+NYFordham St+10003|NYFordham St10003'
-73.7051,40.7366,0,2,'NY263rd St10003+NYE Williston Ave+10003'
-73.7051,40.7500,0,2,'NY78th Ave10003+NY268th St+10003'
-73.7051,40.6491,0,1,'NYDubois Ave10003+NYFordham St+10003|NYFordham St10003'
-73.7051,40.7339,0,8,'NY86th Ave10003+NY262nd St+10003'
-73.7050,40.7093,0,1,'NYHerbert Ave10003|NYHerbert Ave10003+NYMakofske Ave+10003'
-73.7050,40.6382,0,6,'NYW Broadway10003+NYFranklin Ave+10003'
-73.7050,40.7039,0,1,'NYEmporia Ave10003'
-73.7050,40.6556,0,1,'NYCambridge St10003+NYPine Ln+10003|NYPine Ln10003'
-73.7050,40.7284,1,1,'NYJericho Tpke10002+NYS Tyson Ave+10002|NYJericho Tpke10002+NYN Tyson Ave+10002|NYState Rte 2510002+NYS Tyson Ave+10002|NYState Rte 2510002+NYN Tyson Ave+10002|NYS Tyson Ave10003|NYS Tyson Ave10003+NYN Tyson Ave+10003|NYN Tyson Ave10003'
-73.7050,40.6799,0,1,'NYBirchwood Dr W10003+NYBirchwood Dr S+10003|NYBirchwood Dr S10003'
-73.7050,40.8585,1,1,'NYOrama Dr10003'
-73.7049,40.8022,0,1,'NYGrandview Cir10003|NYGrandview Cir10003+NYGrandview Cir+10003'
-73.7049,40.7076,1,0,'NYHempstead Tpke10002+NYTerrace Ave+10002|NYHempstead Tpke10002+NYE Terrace Ave+10002|NYTerrace Ave10003|NYE Terrace Ave10003'
-73.7048,40.6623,0,1,'NYHicks St10003+NYW Hawthorne Ave+10003|NYW Hawthorne Ave10003'
-73.7047,40.7212,0,1,'NYCarnation Ave10003+NYIris Ave+10003'
-73.7047,40.7846,0,1,'NYHigh St10003|NYHigh St10003+NYCommunity Dr+10003|NYHigh St10003+NYValley Rd+10003'
-73.7047,40.6412,0,2,'NYWheatley St10003|NYWheatley St10003+NYHewlett Pkwy+10003'
-73.7046,40.6204,0,1,'NYWillow Rd10003|NYWillow Rd10003+NYIvy Hill Rd+10003'
-73.7046,40.7381,0,1,'NYState Hwy 25B10002+NY264th St+10002|NY264th St10003+NYHillside Ave+10003'
-73.7046,40.7325,0,5,'NYVanderbilt Ave10003|NYVanderbilt Ave10003+NY262nd St+10003|NY262nd St10003|NY262nd St10003+NY262nd St+10003'
-73.7046,40.7248,0,2,'NYVerbena Ave10003|NYVerbena Ave10003+NYTulip Ave+10003'
-73.7046,40.7527,0,1,'NY77th Ave10003+NY271st St+10003'
-73.7046,40.6278,0,1,'NYCarman Ave10003|NYCarman Ave10003+NYSingleton Ave+10003'
-73.7045,40.6226,0,1,'NYChannel Rd10003+NYNoye Ln+10003|NYNoye Ln10003'
-73.7045,40.6492,1,0,'NYDubois Ave10003+NYFilbert St+10003|NYDubois Ave10003+NYHastings St+10003|NYFilbert St10003|NYFilbert St10003+NYHastings St+10003|NYHastings St10003'
-73.7045,40.8094,0,1,'NYThe Ridge10003|NYThe Ridge10003+NYNorth Dr+10003'
-73.7045,40.7482,0,8,'NY79th Ave10003+NY268th St+10003'
-73.7044,40.7321,0,1,'NYBryant Ave10003+NYVanderbilt Ave+10003|NYBryant Ave10003+NY262nd St+10003|NYVanderbilt Ave10003|NYVanderbilt Ave10003+NY262nd St+10003|NYVanderbilt Ave10003+NYVanderbilt Ave+10003|NY262nd St10003|NY262nd St10003+NYVanderbilt Ave+10003'
-73.7044,40.6315,1,1,'NYLynn Pl10003|NYLynn Pl10003+NYConklin Ave+10003'
-73.7044,40.5846,0,1,'NYMohawk Ave10003'
-73.7044,40.7199,0,2,'NYPlainfield Ave10003+NYRose Ave+10003|NYRose Ave10003'
-73.7044,40.7681,0,1,'NYJeffrey Ln10003|NYJeffrey Ln10003+NYOld Lakeville Rd+10003|NYOld Lakeville Rd10003'
-73.7044,40.7967,0,1,'NYla Placa Ct10003|NYla Placa Ct10003+NYHillside Ave+10003'
-73.7043,40.9668,0,4,'NYFlorence Ave10003|NYFlorence Ave10003+NYHarding Dr+10003'
-73.7043,40.6928,0,1,'NYRoy St10003|NYRoy St10003+NYQueens Ave+10003'
-73.7043,40.7124,1,0,'NYLouis Ave10003|NYLouis Ave10003+NYChelsea St+10003'
-73.7043,40.6794,0,2,'NYCaldwell Rd10003|NYCaldwell Rd10003+NYBirchwood Dr S+10003'
-73.7043,40.6629,0,1,'NYHicks St10003+NYW Jamaica Ave+10003|NYW Jamaica Ave10003'
-73.7042,40.6589,0,1,'NYS Franklin Ave10003'
-73.7042,40.7978,0,1,'NYBayview Ave10003+NYCambridge Ln+10003|NYCambridge Ln10003'
-73.7042,40.6492,0,3,'NYEdgeworth St10003|NYEdgeworth St10003+NYHastings St+10003'
-73.7041,40.7341,0,2,'NY263rd St10003+NY86th Ave+10003'
-73.7041,40.7287,0,1,'NYJericho Tpke10002+NYWhitney Ave+10002|NYState Rte 2510002+NYWhitney Ave+10002|NYWhitney Ave10003'
-73.7041,40.7828,0,1,'NYPond Hill Rd10003|NYPond Hill Rd10003+NYCommunity Dr+10003|NYPond Hill Rd10003+NYValley Rd+10003'
-73.7041,40.6611,0,1,'NYStation Plz10003+NYDuffe Pl+10003|NYDuffe Pl10003'
-73.7041,40.6898,0,1,'NYOpal St10003+NYEmpire St+10003'
-73.7040,40.7591,0,1,'NYMarcus Ave10003+NYLakeville Dr+10003|NYMarcus Ave10003+NYLakeville Rd+10003'
-73.7040,40.7695,0,1,'NYN Svc Rd10003'
-73.7040,40.7443,0,12,'NY81st Ave10003+NYCastlewood St+10003'
-73.7040,40.7257,0,2,'NYMayflower Pl10003|NYMayflower Pl10003+NYS Tyson Ave+10003'
-73.7040,40.6861,0,1,'NYCuster St10003|NYCuster St10003+NYCaroline Ave+10003'
-73.7039,40.7335,0,1,'NYHinsdale Ave10003|NYHinsdale Ave10003+NY263rd St+10003|NY263rd St10003'
-73.7039,40.8057,0,1,'NYW Gate Blvd10003+NYValley Rd+10003'
-73.7039,40.6724,0,1,'NYJudith Ln10003|NYJudith Ln10003+NYDogwood Rd+10003'
-73.7039,40.7361,1,0,'NY85th Ave10003|NY85th Ave10003+NY264th St+10003'
-73.7039,40.6374,0,5,'NYRailroad Ave10003|NYRailroad Ave10003+NYFranklin Ave+10003'
-73.7038,40.7514,0,2,'NY270th St10003|NY270th St10003+NYUnion Tpke+10003'
-73.7038,40.6635,0,2,'NYHicks St10003+NYW Valley Stream Blvd+10003'
-73.7038,40.5845,0,1,'NYTroy Ave10003'
-73.7038,40.6355,0,1,'NYFrost St10003|NYFrost St10003+NYFrost Ln+10003|NYFrost St10003+NYBroadway+10003|NYFrost Ln10003|NYFrost Ln10003+NYBroadway+10003'
-73.7038,40.7464,0,4,'NY268th St10003+NY80th Ave+10003'
-73.7038,40.6328,0,4,'NYLynn Pl10003|NYLynn Pl10003+NYJohnson Pl+10003'
-73.7038,40.7303,0,2,'NYVanderbilt Ave10003+NYLowell Ave+10003'
-73.7038,40.7245,0,2,'NYWoodbine Ct10003|NYWoodbine Ct10003+NYViolet Ave+10003|NYWoodbine Ct10003+NYTulip Ave+10003|NYViolet Ave10003|NYViolet Ave10003+NYTulip Ave+10003'
-73.7037,40.6825,0,1,'NYGreenway Blvd10003+NYLynn Pl+10003|NYLynn Pl10003'
-73.7037,40.7383,0,3,'NYState Hwy 25B10002+NY265th St+10002|NY265th St10003+NYHillside Ave+10003'
-73.7037,40.7535,0,1,'NY77th Ave10003+NYHewlett St+10003'
-73.7037,40.7154,0,1,'NYBeech St10003+NYMiller Ave+10003'
-73.7037,40.6813,0,2,'NYMark Pl10003|NYMark Pl10003+NYSouthern Dr+10003|NYSouthern Dr10003'
-73.7036,40.7694,0,6,'NYValley Rd10003|NYValley Rd10003+NYCommunity Dr+10003|NYCommunity Dr10003|NYCommunity Dr10003+NYCommunity Dr+10003'
-73.7035,40.7403,0,8,'NY83rd Ave10003+NY266th St+10003'
-73.7035,40.7323,1,3,'NYHinsdale Ave10003+NYBryant Ave+10003'
-73.7035,40.7606,0,2,'NYLakeville Dr10003|NYLakeville Dr10003+NYOld Lakeville Rd+10003|NYLakeville Dr10003+NYLakeville Rd+10003|NYOld Lakeville Rd10003|NYOld Lakeville Rd10003+NYLakeville Rd+10003|NYLakeville Rd10003|NYLakeville Rd10003+NYLakeville Rd+10003'
-73.7035,40.8595,0,1,'NYFox Hollow10003'
-73.7034,40.6308,0,1,'NYWales Pl10003'
-73.7034,40.7374,0,2,'NYE Williston Ave10003+NY265th St+10003'
-73.7034,40.6865,0,1,'NYMorgan St10003+NYCaroline Ave+10003|NYCaroline Ave10003'
-73.7033,40.7426,0,1,'NYCastlewood St10003|NYCastlewood St10003+NY82nd Ave+10003'
-73.7033,40.6641,0,1,'NYHicks St10003+NYW Mineola Ave+10003|NYW Mineola Ave10003'
-73.7033,40.7991,0,1,'NYDewey St10003|NYDewey Ave10003'
-73.7033,40.6466,0,1,'NYJadwin St10003+NYDartmouth St+10003|NYDartmouth St10003'
-73.7033,40.7978,0,1,'NYBayview Ave10003+NYDewey St+10003|NYBayview Ave10003+NYDewey Ave+10003|NYDewey St10003|NYDewey Ave10003'
-73.7033,40.6609,0,1,'NYStation Plz10003|NYStation Plz10003+NYS Franklin Ave+10003'
-73.7032,40.8051,0,3,'NYCentral Dr10003|NYCentral Dr10003+NYValley Rd+10003'
-73.7032,40.7289,0,1,'NYVanderbilt Ave10003+NYJericho Tpke+10003|NYVanderbilt Ave10003+NYState Rte 25+10003'
-73.7032,40.6312,1,0,'NYWales Pl10003|NYWales Pl10003+NYConklin Ave+10003'
-73.7032,40.6838,0,1,'NYFulton St10003+NYLee St+10003|NYLee St10003'
-73.7031,40.8486,0,1,'NYSchooner Ln10003+NYDriftwood Dr+10003|NYDriftwood Dr10003'
-73.7031,40.7445,0,2,'NY81st Ave10003+NY268th St+10003'
-73.7031,40.7118,0,1,'NYHerbert Ave10003|NYHerbert Ave10003+NYChelsea St+10003'
-73.7030,40.6818,0,1,'NYMark Pl10003|NYMark Pl10003+NYGreenway Blvd+10003'
-73.7030,40.7206,0,1,'NYBellmore St10003+NYCarnation Ave+10003'
-73.7030,40.7763,1,12,'NYValley Rd10003|NYValley Rd10003+NYCommunity Dr+10003|NYCommunity Dr10003|NYCommunity Dr10003+NYCommunity Dr+10003'
-73.7030,40.7791,0,2,'NYCommunity Dr10003|NYCommunity Dr10003+NYCommunity Dr+10003|NYValley Rd10003|NYValley Rd10003+NYCommunity Dr+10003'
-73.7030,40.6341,0,1,'NYTrinity Pl10003'
-73.7030,40.7242,0,2,'NYIris Ave10003|NYIris Ave10003+NYTulip Ave+10003'
-73.7030,40.8014,0,1,'NYPlandome Rd10003+NYN Bourndale Rd+10003|NYPlandome Rd10003+NYSummit Dr+10003|NYN Bourndale Rd10003|NYN Bourndale Rd10003+NYSummit Dr+10003|NYSummit Dr10003'
-73.7029,40.6269,0,1,'NYCarman Ave10003|NYCarman Ave10003+NYE Broadway+10003'
-73.7029,40.7466,0,1,'NY269th St10003+NY80th Ave+10003'
-73.7029,40.6901,0,1,'NYStuyvesant St10003|NYStuyvesant St10003+NYMiriam Pkwy+10003'
-73.7029,40.6647,0,1,'NYHicks St10003+NYW Fairview Ave+10003|NYW Fairview Ave10003'
-73.7028,40.7385,0,3,'NYState Hwy 25B10002+NY266th St+10002|NY266th St10003+NYHillside Ave+10003'
-73.7028,40.7519,0,1,'NY271st St10003|NY271st St10003+NYUnion Tpke+10003'
-73.7028,40.6272,0,1,'NYOcean Ave10003|NYOcean Ave10003+NYE Broadway+10003'
-73.7028,40.7305,0,2,'NYHinsdale Ave10003+NYLowell Ave+10003'
-73.7028,40.6366,0,1,'NYBroadway10003+NYFranklin Ave+10003'
-73.7027,40.8496,1,1,'NYSchooner Ln10003'
-73.7027,40.5883,0,1,'NYPark St10003+NYRochester Ave+10003|NYRochester Ave10003'
-73.7026,40.7486,0,6,'NY270th St10003+NY79th Ave+10003'
-73.7026,40.6389,0,1,'NYW Broadway10003+NYMill Rd+10003|NYMill Rd10003'
-73.7026,40.7155,0,1,'NYW Poplar St10003+NYCedar Pl+10003|NYCedar Pl10003'
-73.7026,40.7379,0,4,'NY266th St10003+NYE Williston Ave+10003'
-73.7026,40.7405,0,3,'NY267th St10003+NY83rd Ave+10003'
-73.7026,40.7234,0,1,'NYPlainfield Ave10003+NYFloral Pkwy+10003|NYFloral Pkwy10003'
-73.7025,40.6339,2,2,'NYCrystal Ct10003'
-73.7025,40.7909,0,1,'NYState Rte 25A10002+NYWest Dr+10002|NYNorthern Blvd10002+NYWest Dr+10002|NYWest Dr10003'
-73.7025,40.7428,0,3,'NY82nd Ave10003+NY268th St+10003'
-73.7024,40.6313,0,1,'NYLongworth Ave10003|NYLongworth Ave10003+NYE Broadway+10003'
-73.7024,40.7129,0,1,'NYBertha St10003+NYLouis Ave+10003'
-73.7024,40.8124,0,2,'NYBayview Rd10003'
-73.7024,40.6865,0,1,'NYMorgan St10003|NYMorgan St10003+NYN Fletcher Ave+10003'
-73.7024,40.6503,0,1,'NYCochran Pl10003+NYDubois Ave+10003|NYDubois Ave10003'
-73.7023,40.6349,0,1,'NYCrescent Pl10003|NYCrescent St10003'
-73.7023,40.6522,0,1,'NYSouth Dr10003|NYSouth Dr10003+NYCochran Pl+10003'
-73.7023,40.6299,0,1,'NYCentre St10003|NYCentre St10003+NYE Broadway+10003'
-73.7023,40.6405,1,0,'NYWestervelt Pl10003|NYWestervelt Pl10003+NYMill Rd+10003'
-73.7023,40.7345,1,1,'NYHawthorne Ave10003+NYWhittier Ave+10003'
-73.7023,40.6289,0,1,'NYCombs Ave10003|NYCombs Ave10003+NYBrower Ave+10003|NYCombs Ave10003+NYE Broadway+10003|NYBrower Ave10003|NYBrower Ave10003+NYE Broadway+10003'
-73.7022,40.6602,0,1,'NYSunrise Plz10003'
-73.7022,40.7529,0,1,'NYLakeville Rd10003|NYLakeville Rd10003+NYHewlett St+10003|NYHewlett St10003|NYHewlett St10003+NYHewlett St+10003'
-73.7022,40.7203,0,1,'NYLocust St10003+NYCarnation Ave+10003'
-73.7021,40.7073,0,1,'NYStone St10003|NYStone St10003+NYHempstead Tpke+10003'
-73.7020,40.8425,0,1,'NYWildwood Gardens10003'
-73.7020,40.8294,0,2,'NY2nd Ave10003|NY2nd Ave10003+NYMain St+10003'
-73.7019,40.7387,1,6,'NYState Hwy 25B10002+NY267th St+10002|NY267th St10003+NYHillside Ave+10003'
-73.7019,40.8018,0,2,'NYN Bourndale Rd10003+NYChester Dr+10003|NYChester Dr10003'
-73.7019,40.7507,0,2,'NY78th Ave10003+NYLangdale St+10003'
-73.7019,40.7229,0,1,'NYFloral Pkwy10003+NYAspen St+10003|NYFloral Pkwy10003+NYBellmore St+10003|NYAspen St10003|NYAspen St10003+NYBellmore St+10003|NYBellmore St10003'
-73.7018,40.7947,0,1,'NYMemorial Pl10003+NYDennis St+10003|NYDennis St10003'
-73.7018,40.7978,0,1,'NYLocust Pl10003|NYLocust Pl10003+NYBayview Ave+10003|NYBayview Ave10003+NYLocust St+10003|NYLocust St10003'
-73.7017,40.7525,1,0,'NYLakeville Dr10003|NYLakeville Dr10003+NYUnion Tpke+10003|NYUnion Tpke10003|NYUnion Tpke10003+NYLakeville Rd+10003|NYUnion Tpke10003+NYUnion Tpke+10003|NYLakeville Rd10003|NYLakeville Rd10003+NYUnion Tpke+10003'
-73.7017,40.7958,0,1,'NYLocust Pl10003|NYLocust St10003'
-73.7017,40.7488,0,2,'NY271st St10003|NY271st St10003+NY79th Ave+10003|NY271st St10003+NYLangdale St+10003|NY79th Ave10003+NYLangdale St+10003'
-73.7017,40.6810,0,1,'NYSouthern Dr10003|NYSouthern Dr10003+NYGreenway Blvd+10003'
-73.7017,40.6272,0,1,'NYClark Pl10003|NYClark Pl10003+NYOcean Ave+10003'
-73.7017,40.7407,0,3,'NY83rd Ave10003+NY268th St+10003'
-73.7015,40.6614,0,2,'NYW Hawthorne Ave10003+NYS Corona Ave+10003|NYS Corona Ave10003'
-73.7015,40.7469,0,1,'NYLangdale St10003+NY80th Ave+10003'
-73.7014,40.7159,0,2,'NYCedar Pl10003+NYHickory St+10003|NYHickory St10003'
-73.7014,40.6841,0,1,'NYLynn Dr10003|NYLynn Dr10003+NYN Fletcher Ave+10003'
-73.7014,40.7218,0,3,'NYFloral Pkwy10003+NYOak St+10003|NYFloral Pkwy10003+NYLocust St+10003|NYOak St10003|NYOak St10003+NYLocust St+10003|NYLocust St10003'
-73.7014,40.8269,0,1,'NY5th Ave10003'
-73.7013,40.6506,1,1,'NYGibson Blvd10003|NYGibson Blvd10003+NYDubois Ave+10003'
-73.7013,40.6650,0,1,'NYS Franklin Ave10003+NYW Lincoln Ave+10003'
-73.7013,40.6414,1,0,'NYNoel Ave10003|NYNoel Ave10003+NYHarris Ave+10003'
-73.7013,40.7200,0,2,'NYBeech St10003+NYCarnation Ave+10003'
-73.7013,40.6423,0,1,'NYKew Ave10003'
-73.7013,40.7449,0,1,'NY81st Ave10003+NYLangdale St+10003'
-73.7013,40.6355,1,5,'NYE Broadway10003|NYE Broadway10003+NYFranklin Ave+10003|NYFranklin Ave10003'
-73.7013,40.6854,0,1,'NYVal Ct10003'
-73.7011,40.7890,0,1,'NYSouth Dr10003|NYSouth Dr10003+NYWest Dr+10003|NYSouth Dr10003+NYWhitney Pl+10003|NYWhitney Pl10003'
-73.7011,40.5860,0,4,'NYBeech St10003|NYBeech St10003+NYW Beech St+10003|NYBeech St10003+NYNevada Ave+10003|NYW Beech St10003|NYW Beech St10003+NYNevada Ave+10003'
-73.7011,40.6872,0,1,'NYRussell Ave10003'
-73.7011,40.6735,0,1,'NYHighland Rd10003|NYHighland Rd10003+NYKent Rd+10003'
-73.7011,40.7266,0,1,'NYPlainfield Ave10003+NYMain St+10003|NYMain St10003'
-73.7011,40.8012,0,2,'NYS Bourndale Rd10003|NYS Bourndale Rd10003+NYChester Dr+10003'
-73.7010,40.7057,0,2,'NYRosalind Ave10003+NYFranklin St+10003'
-73.7010,40.9650,0,3,'NYWalker Ave10003'
-73.7010,40.7431,0,6,'NYLangdale St10003+NY82nd Ave+10003'
-73.7010,40.7389,0,2,'NYState Hwy 25B10002+NY268th St+10002|NY268th St10003+NYHillside Ave+10003'
-73.7010,40.7309,0,3,'NYHawthorne Ave10003+NYLowell Ave+10003'
-73.7010,40.7997,0,3,'NYPlandome Rd10003+NYVanderbilt Ave+10003|NYVanderbilt Ave10003'
-73.7009,40.7243,0,1,'NYHarvard St10003|NYHarvard St10003+NYMagnolia Ave+10003'
-73.7009,40.6627,0,1,'NYW Valley Stream Blvd10003+NYS Corona Ave+10003'
-73.7009,40.6278,0,1,'NYWillis Ct10003'
-73.7008,40.7409,0,2,'NY83rd Ave10003+NYLangdale St+10003'
-73.7008,40.6314,0,2,'NYLongworth Ave10003|NYLongworth Ave10003+NYStanton Ave+10003'
-73.7008,40.7498,0,1,'NYStewart Ave10003+NYPowell Pl+10003|NYPowell Pl10003'
-73.7008,40.7154,0,1,'NYEmma St10003|NYEmma St10003+NYMemphis Ave+10003'
-73.7008,40.7232,0,4,'NYNassau St10003|NYNassau St10003+NYTulip Ave+10003'
-73.7007,40.8183,0,1,'NYMorgan Ct10003'
-73.7007,40.6826,0,1,'NYBowe Rd W10003|NYBowe Rd W10003+NYN Fletcher Ave+10003'
-73.7007,40.7483,0,1,'NYStewart Ave10003+NYRowe Pl+10003|NYRowe Pl10003'
-73.7006,40.8063,0,2,'NYCross Rd10003|NYCross Rd10003+NYW Gate Blvd+10003'
-73.7006,40.6594,0,1,'NYBrooklyn Ave10003|NYBrooklyn Ave10003+NYRockaway Ave+10003|NYBrooklyn Ave10003+NYW Sunrise Hwy+10003|NYW Sunrise Hwy10002|NYW Sunrise Hwy10002+NYE Sunrise Hwy+10002|NYE Sunrise Hwy10002'
-73.7005,40.6910,0,1,'NYDauntless Pkwy10003'
-73.7005,40.7378,0,2,'NYWillis Ave10003+NYMcKee St+10003|NYMcKee St10003'
-73.7005,40.5847,0,1,'NYFloridian Ct10003'
-73.7005,40.7469,0,1,'NY80th Ave10003+NYStewart Ave+10003'
-73.7005,40.6595,0,1,'NYW Sunrise Hwy10002|NYW Sunrise Hwy10002+NYE Sunrise Hwy+10002|NYE Sunrise Hwy10002'
-73.7005,40.7391,0,2,'NYState Hwy 25B10002|NYState Hwy 25B10002+NYHillside Ave+10002|NYState Hwy 25B10002+NYLangdale St+10002|NYState Hwy 25B10002+NYState Hwy 25B+10002|NYHillside Ave10002|NYHillside Ave10002+NYLangdale St+10002|NYHillside Ave10002+NYState Hwy 25B+10002|NYHillside Ave10002+NYHillside Ave+10002|NYLangdale St10003|NYLangdale St10003+NYState Hwy 25B+10003|NYLangdale St10003+NYHillside Ave+10003'
-73.7005,40.9641,1,0,'NYEldridge Pl10003'
-73.7005,40.6344,0,1,'NYMidgely Dr10003+NYFrocan Ct+10003|NYFrocan Ct10003'
-73.7004,40.7198,0,1,'NYFloral Pkwy10003+NYW Poplar St+10003|NYFloral Pkwy10003+NYCarnation Ave+10003|NYW Poplar St10003|NYW Poplar St10003+NYCarnation Ave+10003'
-73.7004,40.6719,0,2,'NYS Fletcher Ave10003+NYDogwood Rd+10003|NYDogwood Rd10003'
-73.7004,40.8046,0,2,'NYCross Rd10003|NYCross Rd10003+NYValley Rd+10003'
-73.7003,40.7990,0,2,'NYGaynor Ave10003|NYGaynor Ave10003+NYPlandome Rd+10003'
-73.7003,40.7392,0,3,'NYHillside Ave10002|NYHillside Ave10002+NYState Hwy 25B+10002|NYHillside Ave10002+NYHillside Ave+10002|NYState Hwy 25B10002|NYState Hwy 25B10002+NYState Rte 25B+10002|NYState Rte 25B10002|NYState Rte 25B10002+NYHillside Ave+10002'
-73.7002,40.6910,0,1,'NYLydia Ave10003+NYValmont Pl+10003|NYValmont Pl10003'
-73.7002,40.6320,0,3,'NYFinucane Pl10003'
-73.7001,40.6547,0,1,'NYSusan Ct10003|NYSusan Ct10003+NYSandalwood Ave+10003'
-73.7001,40.7433,0,1,'NY82nd Ave10003|NY82nd Ave10003+NYLeslie Ln+10003|NY82nd Ave10003+NYStewart Ave+10003|NYLeslie Ln10003|NYLeslie Ln10003+NYStewart Ave+10003'
-73.7001,40.7037,0,3,'NYLincoln St10003+NYAtherton Ave+10003'
-73.7001,40.6557,0,1,'NYRockaway Ave10003+NY7th St+10003|NY7th St10003'
-73.7000,40.9632,0,1,'NYEldridge Ct10003'
-73.7000,40.8367,0,1,'NYMillpond Rd10003+NYSmull Pl+10003|NYSmull Pl10003'
-73.7000,40.7229,0,3,'NYLexington St10003|NYLexington St10003+NYTulip Ave+10003'
-73.7000,40.6646,0,1,'NYS Corona Ave10003+NYW Lincoln Ave+10003'
-73.6999,40.5883,0,1,'NYW Park Ave10003+NYIllinois Ave+10003|NYIllinois Ave10003'
-73.6999,40.8483,0,1,'NYMarlin Ln10003'
-73.6999,40.6730,0,2,'NYS Fletcher Ave10003+NYLake Dr N+10003|NYLake Dr N10003'
-73.6999,40.7961,0,6,'NYMaple St10003'
-73.6999,40.7932,0,1,'NYNormandy Ln10003|NYNormandy Ln10003+NYNorgate Rd+10003'
-73.6999,40.7955,0,12,'NYMaple St10003|NYMaple St10003+NYManhasset Ave+10003'
-73.6998,40.6733,1,0,'NYS Fletcher Ave10003+NYKent Rd+10003|NYKent Rd10003'
-73.6998,40.6609,0,1,'NYE Hawthorne Ave10003|NYE Hawthorne Ave10003+NYW Hawthorne Ave+10003|NYW Hawthorne Ave10003'
-73.6998,40.7979,0,1,'NYPlandome Rd10003+NYBayview Ave+10003|NYBayview Ave10003'
-73.6998,40.7139,0,3,'NYLouis Ave10003+NYEmma St+10003'
-73.6998,40.6234,0,1,'NYDolphin Dr10003+NYAlden Rd+10003|NYAlden Rd10003'
-73.6997,40.6437,0,1,'NYKew Ave10003+NYErick Ave+10003'
-73.6997,40.8326,0,1,'NYJackson St10003'
-73.6997,40.7395,0,3,'NYN 1st St10003|NYN 1st St10003+NYState Rte 25B+10003|NYN 1st St10003+NYHillside Ave+10003'
-73.6996,40.7525,0,1,'NYClaudy Ln10003'
-73.6996,40.7299,0,2,'NYEmerson Ave10003+NYEmerson Ave Tl+10003|NYEmerson Ave Tl10003'
-73.6995,40.7296,0,1,'NYJericho Tpke10002+NYEmerson Ave+10002|NYState Rte 2510002+NYEmerson Ave+10002|NYEmerson Ave10003'
-73.6995,40.7013,0,1,'NYEstelle Ave10003'
-73.6995,40.8401,0,1,'NYMiro Pl10003|NYMiro Pl10003+NYLiberty Ln+10003'
-73.6995,40.7210,0,2,'NYOak St10003+NYE Poplar St+10003'
-73.6995,40.7351,0,1,'NYWhittier Ave10003+NYBarwick St+10003|NYBarwick St10003'
-73.6994,40.6499,0,2,'NYMarlboro Rd10003'
-73.6994,40.6403,0,1,'NYBroadway10003+NYEverit Ave+10003|NYEverit Ave10003'
-73.6994,40.6782,0,1,'NYValley Stream State Park Rd10003'
-73.6993,40.5846,0,1,'NYOcean View Ave10003|NYOceanview St10003'
-73.6992,40.6622,0,1,'NYRockaway Ave10003+NYE Valley Stream Blvd+10003|NYW Valley Stream Blvd10003|NYW Valley Stream Blvd10003+NYE Valley Stream Blvd+10003|NYE Valley Stream Blvd10003'
-73.6992,40.7225,0,4,'NYConcord St10003|NYConcord St10003+NYTulip Ave+10003'
-73.6992,40.6922,0,2,'NYValmont Pl10003|NYValmont Pl10003+NYMiriam Ct+10003'
-73.6990,40.6222,0,1,'NYAlden Rd10003'
-73.6990,40.7161,0,1,'NYTennessee St10003|NYTennessee St10003+NYMemphis Ave+10003|NYMemphis Ave10003'
-73.6990,40.7216,0,1,'NYAspen St10003+NYE Poplar St+10003'
-73.6990,40.7026,0,1,'NYBrunswick Pl10003'
-73.6990,40.8007,0,1,'NYWebster Ave10003+NYWinthrope Rd+10003|NYWinthrope Rd10003'
-73.6990,40.7955,1,1,'NYPlandome Rd10003+NYManhasset Ave+10003|NYManhasset Ave10003'
-73.6989,40.7505,0,1,'NYPatton Blvd10003+NYRose Ln+10003'
-73.6989,40.7955,0,1,'NYPlandome Rd10003+NYAndrew St+10003|NYPlandome Rd10003+NYAndrew Rd+10003|NYAndrew St10003|NYAndrew Rd10003'
-73.6989,40.6628,0,1,'NYE Mineola Ave10003|NYE Mineola Ave10003+NYW Mineola Ave+10003|NYW Mineola Ave10003'
-73.6989,40.7167,0,1,'NYCherry St10003|NYCherry St10003+NYFloral Pkwy+10003'
-73.6989,40.7400,0,1,'NYState Rte 25B10002+NYClausen Pl+10002|NYClausen Pl10003|NYClausen Pl10003+NYHillside Ave+10003'
-73.6988,40.7018,1,0,'NYSweetman Ave10003|NYSweetman Ave10003+NYBenson Ave+10003'
-73.6987,40.7948,0,1,'NYPlandome Rd10003+NYMemorial Pl+10003|NYMemorial Pl10003'
-73.6987,40.7628,0,1,'NYOlive St10003'
-73.6987,40.7354,0,1,'NYWhittier Ave10003+NYMcKee St+10003'
-73.6986,40.7945,0,1,'NYPlandome Rd10003+NYGeorge St+10003|NYGeorge St10003'
-73.6985,40.7048,0,1,'NYRosalind Ave10003+NYStewart St+10003'
-73.6985,40.9667,0,1,'NYSonn Dr10003'
-73.6985,40.6344,1,3,'NYMidgely Dr10003'
-73.6984,40.7488,0,1,'NYLakeville Dr10003|NYLakeville Dr10003+NYLakeville Rd+10003|NYLakeville Dr10003+NYRowe Pl+10003|NYLakeville Rd10003|NYLakeville Rd10003+NYLakeville Rd+10003|NYLakeville Rd10003+NYRowe Pl+10003|NYRowe Pl10003'
-73.6984,40.7222,0,2,'NYWard St10003|NYWard St10003+NYTulip Ave+10003'
-73.6984,40.6824,0,1,'NYBowe Rd10003|NYBowe Rd10003+NYDana Ave+10003'
-73.6983,40.7941,0,2,'NYPlandome Rd10003+NYDennis St+10003|NYDennis St10003'
-73.6983,40.6605,0,1,'NYE Hawthorne Ave10003+NYS Grove St+10003|NYS Grove St10003'
-73.6983,40.7377,0,1,'NYN 1st St10003+NYWhite Ave+10003'
-73.6982,40.7315,0,1,'NYWillis Ave10003+NYLowell Ave+10003'
-73.6982,40.6451,0,1,'NYQuay Ave10003|NYQuay Ave10003+NYKew Ave+10003'
-73.6982,40.7238,0,4,'NYConcord St10003|NYConcord St10003+NYMagnolia Ave+10003'
-73.6982,40.6743,0,1,'NYLinden Rd10003|NYLinden Rd10003+NYSunset Rd+10003'
-73.6982,40.7162,0,1,'NYKingston Ave10003|NYKingston Ave10003+NYFloral Pkwy+10003'
-73.6982,40.7047,0,1,'NYRosalind Ave10003'
-73.6982,40.5840,0,2,'NYGeorgia Ave10003'
-73.6982,40.7509,0,2,'NYPatton Blvd10003+NYClaudy Ln+10003'
-73.6982,40.7059,0,1,'NYSteele St10003+NYStewart St+10003|NYStewart St10003'
-73.6980,40.7271,0,1,'NYCharles St10003+NYElizabeth St+10003|NYElizabeth St10003'
-73.6979,40.7358,0,1,'NYCherry Ln10003+NYWhittier Ave+10003|NYWhittier Ave10003'
-73.6978,40.6686,1,0,'NYTheodore Ct10003|NYTheodore Ct10003+NYN Corona Ave+10003'
-73.6977,40.6445,0,1,'NYNoel Ave10003|NYNoel Ave10003+NYQuay Ave+10003'
-73.6977,40.6618,0,1,'NYSr Elizabeth Marie Way10003|NYSr Elizabeth Marie Way10003+NYS Grove St+10003|NYSr Elizabeth Marie Way10003+NYE Valley Stream Blvd+10003|NYS Grove St10003|NYS Grove St10003+NYS Grove St+10003|NYS Grove St10003+NYE Valley Stream Blvd+10003'
-73.6976,40.5842,0,1,'NYKentucky St10003'
-73.6976,40.6723,0,1,'NYW Euclid St10003'
-73.6976,40.6492,0,1,'NYLocust St10003+NYOrleans Rd+10003|NYOrleans Rd10003'
-73.6975,40.6478,0,1,'NYLocust St10003+NYDubonnet Rd+10003|NYDubonnet Rd10003'
-73.6975,40.7987,0,1,'NYMaple Pl10003|NYMaple Pl10003+NYOrchard St+10003|NYMaple Pl10003+NYMarjorie Ct+10003|NYOrchard St10003|NYOrchard St10003+NYMarjorie Ct+10003|NYMarjorie Ct10003'
-73.6975,40.7041,0,1,'NYTravis Ave10003|NYTravis Ave10003+NYSurprise St+10003'
-73.6975,40.8101,0,2,'NYEast Dr10003'
-73.6975,40.7409,0,1,'NYHillside Blvd10003+NYState Rte 25B+10003|NYHillside Blvd10003+NYHillside Ave+10003'
-73.6974,40.7339,0,1,'NYBryant Ave10003+NYMcKee St+10003'
-73.6974,40.8092,0,2,'NYEast Dr10003'
-73.6973,40.8268,0,1,'NYBayview Ave10003+NYCarlton Bay Rd+10003|NYCarlton Bay Rd10003'
-73.6973,40.6314,0,1,'NYWoodside Dr10003+NYLefferts Rd+10003|NYLefferts Rd10003'
-73.6973,40.7071,0,1,'NYHempstead Tpke10002+NYBenson Ave+10002|NYBenson Ave10003'
-73.6972,40.7237,0,2,'NYWard St10003|NYWard St10003+NYMagnolia Ave+10003'
-73.6972,40.7183,0,1,'NYBirch St10003+NYCarnation Ave+10003'
-73.6972,40.7349,0,1,'NYCherry Ln10003+NYBryant Ave+10003|NYBryant Ave10003'
-73.6972,40.7894,0,1,'NYClapham Ave10003'
-73.6970,40.6232,0,1,'NYCurtis Rd10003'
-73.6970,40.7319,0,1,'NYBarwick St10003+NYLowell Ave+10003'
-73.6969,40.6538,0,1,'NYRockaway Ave10003+NYDubois Ave+10003|NYDubois Ave10003'
-73.6969,40.7215,0,1,'NYAdams St10003|NYAdams St10003+NYTulip Ave+10003'
-73.6968,40.8026,0,1,'NYN Bourndale Rd10003|NYN Bourndale Rd10003+NYBrookwold Dr+10003|NYBrookwold Dr10003'
-73.6967,40.7384,0,2,'NYWhite Ave10003+NYN 3rd St+10003'
-73.6967,40.6456,0,1,'NYBergman Dr10003|NYBergman Dr10003+NYKew Ave+10003'
-73.6966,40.6880,0,1,'NYKraus Ct10003'
-73.6965,40.6607,0,1,'NYE Jamaica Ave10003+NYS Cottage St+10003|NYE Jamaica Ave10003+NYS Cottage Ave+10003'
-73.6965,40.6643,0,1,'NYE Merrick Rd10003+NYS Grove St+10003|NYE Merrick Rd10003+NYN Grove St+10003|NYS Grove St10003|NYS Grove St10003+NYN Grove St+10003|NYN Grove St10003'
-73.6964,40.8498,0,1,'NYHarbor Hills Dr10003+NYSlocum Ave+10003'
-73.6963,40.7196,0,1,'NYOak St10003+NYBirch St+10003'
-73.6962,40.8301,0,1,'NYAdams St10003|NYAdams St10003+NYWebster Ave+10003'
-73.6962,40.7322,0,1,'NYMcKee St10003+NYLowell Ave+10003'
-73.6961,40.8211,0,2,'NYLuquer Rd10003+NYBriarcliff Dr+10003|NYBriarcliff Dr10003'
-73.6961,40.6717,0,1,'NYW Dover St10003+NYN Corona Ave+10003'
-73.6961,40.6587,0,2,'NYBrookside Dr10003|NYBrookside Dr10003+NYE Sunrise Hwy+10003'
-73.6961,40.7974,0,4,'NYOnderdonk Ave10003+NYPark Ave+10003|NYPine St10003|NYPine St10003+NYPark Ave+10003'
-73.6960,40.8321,0,1,'NYLibrary Dr10003|NYLibrary Dr10003+NYLocust Ave+10003'
-73.6960,40.7418,0,1,'NYState Rte 25B10002+NYN 5th St+10002|NYN 5th St10003|NYN 5th St10003+NYHillside Ave+10003'
-73.6960,40.6458,0,1,'NYHolly Rd10003'
-73.6959,40.6447,0,1,'NYBergman Dr10003'
-73.6959,40.7463,0,1,'NYBlossom Ln10003|NYBlossom Ln10003+NYRose Ln+10003'
-73.6958,40.7387,0,1,'NYWhite Ave10003+NYHillside Blvd+10003'
-73.6958,40.6980,0,1,'NYRosser Ave10003+NYHill Ave+10003|NYHill Ave10003'
-73.6958,40.6499,0,1,'NYFremont Rd10003'
-73.6958,40.6605,0,1,'NYE Jamaica Ave10003'
-73.6958,40.6732,0,1,'NYW Wheeler Ave10003|NYW Wheeler Ave10003+NYN Corona Ave+10003'
-73.6958,40.6518,0,1,'NYLiggett Rd10003+NYFremont Rd+10003|NYFremont Rd10003'
-73.6957,40.6337,0,1,'NYVeeder Dr10003'
-73.6955,40.6434,0,2,'NYBroadway10003+NYYale Ave+10003|NYYale Ave10003'
-73.6955,40.8476,0,1,'NYWarwick Pl10003'
-73.6955,40.9697,0,3,'NYBeverly Dr10003|NYBeverly Rd10003'
-73.6955,40.7452,0,1,'NYStephan Marc Ln10003|NYStephan Marc Ln10003+NYLakeville Rd+10003|NYStephan Marc Ln10003+NYLakeville Dr+10003'
-73.6955,40.7952,0,1,'NYOnderdonk Ave10003+NYStonehenge Rd+10003|NYStonehenge Rd10003'
-73.6955,40.6530,0,1,'NYKenmore Rd10003|NYKenmore Rd10003+NYRockaway Ave+10003'
-73.6954,40.7949,1,1,'NYOnderdonk Ave10003+NYGeorge St+10003|NYGeorge St10003'
-73.6954,40.5883,0,2,'NYW Park Ave10003+NYMichigan St+10003|NYMichigan St10003'
-73.6954,40.7326,0,1,'NYCherry Ln10003+NYLowell Ave+10003'
-73.6954,40.5842,0,3,'NYMichigan St10003'
-73.6953,40.7422,1,8,'NYN 6th St10003+NYState Rte 25B+10003|NYN 6th St10003+NYHillside Ave+10003'
-73.6952,40.6469,0,1,'NYStuart Rd10003|NYStuart Rd10003+NYPeninsula Blvd+10003'
-73.6952,40.6417,0,2,'NYMoffitt Ave10003|NYMoffitt Ave10003+NYPrinceton Ave+10003'
-73.6952,40.7278,0,2,'NYBeechhurst Ave10003|NYBeechhurst Ave10003+NYCharles St+10003'
-73.6952,40.7227,0,1,'NYRevere Dr W10003|NYRevere Dr W10003+NYRevere Dr W+10003|NYRevere Dr W10003+NYBeverly Ave+10003|NYBeverly Ave10003|NYBeverly Ave10003+NYRevere Dr W+10003'
-73.6952,40.6707,0,1,'NYRockaway Pkwy10003+NYE Chester St+10003|NYRockaway Pkwy10003+NYW Chester St+10003|NYE Chester St10003|NYE Chester St10003+NYW Chester St+10003|NYW Chester St10003'
-73.6951,40.8328,0,1,'NYGreen Hays10003'
-73.6950,40.6974,0,1,'NYRandall Ave10003'
-73.6950,40.8095,0,3,'NYRockwood Rd10003'
-73.6950,40.6978,0,1,'NYRosser Ave10003+NYRandall Ave+10003'
-73.6949,40.6574,0,2,'NYForest Ave10003+NYSylvan Pl+10003|NYSylvan Pl10003'
-73.6949,40.7031,1,1,'NYHill Ave10003+NYJames St+10003|NYJames St10003'
-73.6949,40.6429,0,1,'NYHewlett Ave10003+NYYale Ave+10003'
-73.6949,40.6492,1,2,'NYOrleans Rd10003'
-73.6949,40.6485,0,1,'NYPage Rd10003'
-73.6949,40.7360,0,2,'NYBryant Ave10003+NYN 3rd St+10003'
-73.6949,40.6677,0,1,'NYE Carpenter St10003+NYN Grove St+10003'
-73.6949,40.6713,0,1,'NYRockaway Pkwy10003+NYW Dover St+10003|NYRockaway Pkwy10003+NYE Dover St+10003|NYW Dover St10003|NYW Dover St10003+NYE Dover St+10003|NYE Dover St10003'
-73.6948,40.7220,0,3,'NYMarshall Ave10003'
-73.6948,40.7453,0,2,'NYRose Ln10003|NYRose Ln10003+NYSylvia Ln+10003'
-73.6947,40.7045,0,1,'NYWoolworth St10003|NYWoolworth St10003+NYHill Ave+10003'
-73.6947,40.7586,0,1,'NYDelaware Dr10003|NYDelaware Dr10003+NYDakota Dr+10003|NYDakota Dr10003'
-73.6947,40.7101,0,1,'NYFrancis Ct10003|NYFrancis Ct10003+NYHancock St+10003'
-73.6947,40.6406,1,0,'NYE Rockaway Rd10003+NYMeadowview Ave+10003|NYMeadowview Ave10003'
-73.6947,40.7154,0,1,'NYRaff Ave10003+NYAsh St+10003|NYAsh St10003'
-73.6946,40.7329,0,1,'NYN 1st St10003+NYLowell Ave+10003'
-73.6946,40.6683,0,1,'NYE Maujer St10003+NYN Grove St+10003'
-73.6945,40.7490,0,1,'NYEvans St10003'
-73.6945,40.7669,0,1,'NYHollow Ln10003'
-73.6943,40.7306,0,1,'NYJericho Tpke10002+NYLewis Ave+10002|NYState Rte 2510002+NYLewis Ave+10002|NYLewis Ave10003'
-73.6943,40.7991,0,1,'NYMason Dr10003|NYMason Dr10003+NYNassau Ave+10003'
-73.6943,40.9634,0,1,'NYAllendale Dr10003'
-73.6943,40.7187,0,2,'NYOak St10003'
-73.6943,40.7528,0,1,'NYHaddon Rd10003'
-73.6943,40.7074,0,1,'NYHempstead Tpke10002+NYLandau Ave+10002|NYLandau Ave10003'
-73.6942,40.7395,0,1,'NYWhite Ave10003+NYN 5th St+10003'
-73.6942,40.8380,0,1,'NYLewis Ln10003|NYLewis Ln10003+NYGlen Ln+10003|NYLewis Ln10003+NYGlen Rd+10003'
-73.6942,40.6473,0,1,'NYStevenson Rd10003|NYStevenson Rd10003+NYGordon Rd+10003|NYStevenson Rd10003+NYPeninsula Blvd+10003|NYGordon Rd10003|NYGordon Rd10003+NYPeninsula Blvd+10003'
-73.6941,40.6567,0,1,'NYForest Ave10003+NYCatherine St+10003|NYCatherine St10003'
-73.6941,40.8318,0,6,'NYTianderah Rd10003|NYTianderah Rd10003+NYLocust Ave+10003|NYTianderah Rd10003+NYTianderah Dr+10003|NYLocust Ave10003+NYTianderah Dr+10003|NYTianderah Dr10003'
-73.6940,40.7030,0,1,'NYRandall Ave10003|NYRandall Ave10003+NYJames St+10003'
-73.6940,40.7364,0,1,'NYBryant Ave10003+NYHillside Blvd+10003'
-73.6940,40.7308,0,1,'NYJericho Tpke10002+NYCherry Ln+10002|NYCherry Ln10003+NYState Rte 25+10003'
-73.6940,40.6888,0,1,'NYN Ascan St10003'
-73.6939,40.6696,0,1,'NYE Beverly Pkwy10003+NYN Grove St+10003'
-73.6939,40.9610,0,1,'NYBennett St10003|NYBennett St10003+NYLindbergh Ave+10003'
-73.6939,40.6866,0,1,'NYMeadow Cir10003|NYMeadow Cir10003+NYDutch Broadway+10003'
-73.6938,40.8274,0,4,'NYPreston St10003|NYPreston St10003+NYBayview Ave+10003'
-73.6938,40.7333,0,4,'NYN 2nd St10003+NYLowell Ave+10003'
-73.6937,40.6629,0,1,'NYEmerson Pl10003|NYEmerson Pl10003+NYE Lincoln Ave+10003'
-73.6936,40.7448,0,1,'NYWilben Ct10003'
-73.6936,40.6702,0,1,'NYE Chester St10003+NYN Grove St+10003'
-73.6935,40.7985,0,2,'NYMunsey Pl10003+NYBeechwood Ave+10003|NYBeechwood Ave10003'
-73.6935,40.7270,0,1,'NY7th Ave10003'
-73.6935,40.7200,0,1,'NYRaff Ave10003|NYRaff Ave10003+NYTulip Ave+10003'
-73.6934,40.6541,0,1,'NYWoodlawn Ave10003+NYLee Ave+10003|NYLee Ave10003'
-73.6934,40.7471,0,1,'NYBlossom Ln10003|NYBlossom Ln10003+NYHaddon Rd+10003'
-73.6934,40.7485,0,1,'NYHaddon Rd10003|NYHaddon Rd10003+NYNugent St+10003'
-73.6933,40.7199,0,1,'NYHill St10003|NYHill St10003+NYTulip Ave+10003'
-73.6933,40.7023,0,1,'NYBlossom St10003+NYKirkman Ave+10003|NYKirkman Ave10003'
-73.6933,40.7458,0,1,'NYHaddon Rd10003|NYHaddon Rd10003+NYSylvia Ln+10003'
-73.6932,40.7425,0,1,'NYIrons Pl10003|NYIrons Pl10003+NYLakeville Rd+10003|NYIrons Pl10003+NYLakeville Dr+10003'
-73.6931,40.6506,0,1,'NYRoland Pl10003'
-73.6930,40.6871,0,1,'NYHome St10003'
-73.6929,40.8085,0,1,'NYRockwood Rd E10003'
-73.6929,40.7485,0,1,'NYSpruce Ln10003|NYSpruce Ln10003+NYNugent St+10003'
-73.6929,40.7963,0,1,'NYAndrew St10003+NYStrathmore Rd+10003|NYAndrew Rd10003+NYStrathmore Rd+10003|NYStrathmore Rd10003'
-73.6928,40.6482,0,1,'NYBerwick Rd10003|NYBerwick Rd10003+NYPeninsula Blvd+10003|NYBerwick Rd10003+NYHorton Rd+10003|NYPeninsula Blvd10003+NYHorton Rd+10003|NYHorton Rd10003'
-73.6927,40.6758,0,1,'NYRockaway Pkwy10003+NYKeller St+10003'
-73.6927,40.6279,0,1,'NYBarr Rd10003'
-73.6927,40.7957,0,1,'NYStonehenge Rd10003|NYStonehenge Rd10003+NYStrathmore Rd+10003'
-73.6927,40.7402,0,2,'NYWhite Ave10003+NYN 7th St+10003'
-73.6926,40.8121,0,1,'NYJanssen Dr10003'
-73.6925,40.5840,0,1,'NYVirginia Ave10003'
-73.6925,40.7231,0,1,'NYCisney Ave10003+NYGilbert Ct+10003|NYGilbert Ct10003'
-73.6924,40.7150,0,1,'NYAsh St10003|NYAsh St10003+NYLandau Ave+10003'
-73.6924,40.6292,0,2,'NYMacy Dr10003|NYMacy Dr10003+NYHeron Dr+10003|NYHeron Dr10003'
-73.6924,40.8060,0,1,'NYWoodedge Rd10003+NYRockwood Rd+10003|NYRockwood Rd10003'
-73.6923,40.7311,0,1,'NYJericho Tpke10002+NYN 2nd St+10002|NYN 2nd St10003|NYN 2nd St10003+NYState Rte 25+10003'
-73.6923,40.9698,0,1,'NYClaremont Ave10003'
-73.6923,40.7195,0,9,'NYFern St10003|NYFern St10003+NYTulip Ave+10003'
-73.6923,40.6580,0,1,'NYAdeline Pl10003|NYAdeline Pl10003+NYE Sunrise Hwy+10003'
-73.6923,40.7186,0,2,'NYAspen St10003|NYAspen St10003+NYAspen St+10003'
-73.6923,40.7262,0,1,'NY8th Ave10003'
-73.6922,40.6868,0,1,'NYMeacham Ave10003+NYS St+10003|NYS St10003'
-73.6922,40.6957,0,1,'NYB St10003+NYCameron St+10003|NYCameron St10003'
-73.6922,40.7340,0,1,'NYHillside Blvd10003+NYLowell Ave+10003'
-73.6921,40.7297,0,1,'NYS 2nd St10003+NY1st Ave+10003'
-73.6921,40.7935,0,1,'NYState Rte 25A10002+NYStrathmore Rd+10002|NYNorthern Blvd10002+NYStrathmore Rd+10002|NYStrathmore Rd10003'
-73.6921,40.8407,1,1,'NYJames Ave10003'
-73.6920,40.6989,0,1,'NYStandard Ave10003|NYStandard Ave10003+NYOakley Ave+10003'
-73.6920,40.7689,0,1,'NYNew Hyde Park Rd10003'
-73.6920,40.5846,0,1,'NYOcean View Ave10003+NYWisconsin St+10003|NYWisconsin St10003|NYWisconsin St10003+NYOceanview St+10003'
-73.6920,40.8018,0,1,'NYDartmouth10003|NYDartmouth10003+NYMason Dr+10003|NYDarthmouth Rd10003|NYDarthmouth Rd10003+NYMason Dr+10003'
-73.6919,40.7965,0,2,'NYAndrew St10003+NYRyder Rd+10003|NYAndrew Rd10003+NYRyder Rd+10003'
-73.6919,40.7521,0,1,'NYJoseph St10003'
-73.6919,40.9482,0,1,'NYVan Wagenen Ave10003|NYVan Wagenen Ave10003+NYStuyvesant Ave+10003'
-73.6919,40.7171,0,1,'NYCypress St10003+NYLandau Ave+10003'
-73.6918,40.7003,0,1,'NYScimitar Ave10003|NYScimitar Ave10003+NYOakley Ave+10003'
-73.6918,40.7216,0,1,'NYFern St10003|NYFern St10003+NYMarshall Ave+10003'
-73.6917,40.7983,0,2,'NYPark Ave10003+NYRidge Crst+10003|NYRidge Cir10003|NYRidge Cir10003+NYRidge Crst+10003|NYRidge Crst10003'
-73.6917,40.7096,1,2,'NYHancock St10003+NYCrown Ave+10003'
-73.6917,40.7010,0,1,'NYSweetman Ave10003+NYOakley Ave+10003|NYOakley Ave10003'
-73.6916,40.7230,0,3,'NYKenneth Ct10003|NYKenneth Ct10003+NYCisney Ave+10003'
-73.6916,40.6885,0,1,'NYMeacham Ave10003+NYP St+10003'
-73.6916,40.6537,0,1,'NYHorton Ave10003+NYKulenkampf Pl+10003|NYKulenkampf Pl10003'
-73.6915,40.6442,0,1,'NYMoffitt Ave10003+NYStevenson Rd+10003'
-73.6915,40.6675,0,1,'NYAlbermarle Ave10003|NYAlbermarle Ave10003+NYE Maujer St+10003'
-73.6913,40.9600,0,1,'NYDalphin Dr10003|NYDalphin Dr10003+NYDalphin Dr+10003'
-73.6912,40.6435,0,1,'NYNelson Ct10003'
-73.6912,40.6717,0,2,'NYN Cottage St10003+NYE Fenimore St+10003'
-73.6912,40.6288,0,2,'NYHeron Dr10003'
-73.6912,40.7977,0,1,'NYRyder Rd10003+NYRidge Crst+10003'
-73.6911,40.6628,0,1,'NYE Merrick Rd10003+NYCornwell Ave+10003|NYCornwell Ave10003'
-73.6911,40.6836,0,1,'NYDonald Pl10003'
-73.6909,40.6967,0,1,'NYMeacham Ave10003+NYStar Ave+10003|NYStar Ave10003'
-73.6909,40.8366,0,1,'NYLannon Pl10003|NYLannon Pl10003+NYHillview Ave+10003'
-73.6909,40.5846,0,1,'NYOceanview St10003+NYAlabama St+10003|NYAlabama St10003'
-73.6908,40.6979,0,1,'NYMeacham Ave10003+NYNews Ave+10003|NYNews Ave10003'
-73.6908,40.6831,1,0,'NYDonald Pl10003|NYDonald Pl10003+NYBarry Dr S+10003'
-73.6907,40.6612,0,1,'NYCleveland St10003|NYCleveland St10003+NYManor Rd+10003|NYCleveland St10003+NYE Manor Rd+10003'
-73.6906,40.6555,0,1,'NYDelmonico Pl10003|NYDelmonico Pl10003+NYHorton Ave+10003'
-73.6906,40.8285,0,1,'NYMackey Ave10003+NYFranklin Ave+10003|NYFranklin Ave10003'
-73.6906,40.6730,0,1,'NYBerry St10003+NYN Cottage St+10003'
-73.6906,40.7502,0,1,'NYCampbell St10003|NYCampbell St10003+NYPatton Blvd+10003'
-73.6906,40.7668,1,1,'NYNew Hyde Park Rd10003+NYHollow Ln+10003|NYHollow Ln10003'
-73.6905,40.7201,0,1,'NYClayton Ave10003'
-73.6905,40.7092,0,2,'NYCourt St10003|NYCourt St10003+NYCovert Ave+10003'
-73.6904,40.6559,1,0,'NYHorton Ave10003+NYWavecrest St+10003|NYWavecrest St10003'
-73.6904,40.8386,2,1,'NYFrancis Dr10003'
-73.6904,40.6409,0,1,'NYE Rockaway Rd10003+NYHewlett Heath Rd+10003|NYE Rockaway Rd10003+NYPond Ln+10003|NYHewlett Heath Rd10003|NYHewlett Heath Rd10003+NYPond Ln+10003|NYPond Ln10003'
-73.6903,40.8376,0,1,'NYSandy Hollow Rd10003+NYIrma Ave+10003|NYIrma Ave10003'
-73.6903,40.8395,1,1,'NYRoger Dr10003+NYLewis Ln+10003|NYLewis Ln10003'
-73.6902,40.6508,0,2,'NYStratford Rd10003|NYStratford Rd10003+NYPiccadilly Downs+10003'
-73.6902,40.8271,0,1,'NYMurray Ave10003|NYMurray Ave10003+NYMackey Ave+10003'
-73.6902,40.6470,0,1,'NYBroadway10003+NYSheridan Ave+10003|NYSheridan Ave10003'
-73.6901,40.7961,0,1,'NYRockywood Rd10003+NYWoodcut Ln+10003|NYWoodcut Ln10003'
-73.6901,40.8028,0,2,'NYRockwood Rd10003|NYRockwood Rd10003+NYSunset Dr+10003|NYRockwood Rd10003+NYNassau Ave+10003|NYSunset Dr10003|NYSunset Dr10003+NYNassau Ave+10003|NYNassau Ave10003'
-73.6901,40.7347,0,1,'NYN 6th St10003+NYLowell Ave+10003'
-73.6901,40.7107,0,1,'NYMarshall St10003|NYMarshall St10003+NYCovert Ave+10003'
-73.6901,40.8315,0,1,'NYVirginia Ave10003'
-73.6900,40.6678,0,1,'NYEmerson Pl10003+NYE Argyle St+10003'
-73.6899,40.8263,0,1,'NYMackey Ave10003+NYReid Ave+10003|NYReid Ave10003'
-73.6899,40.8005,0,2,'NYColony Ln10003|NYColony Ln10003+NYNassau Ave+10003'
-73.6899,40.7407,0,1,'NYJara Ct10003|NYJara Ct10003+NYBly Ct+10003'
-73.6898,40.7281,0,2,'NY5th Ave10003+NYPremier Blvd+10003'
-73.6898,40.7118,0,1,'NYSchool Pl10003|NYSchool Pl10003+NYCovert Ave+10003'
-73.6897,40.7234,0,1,'NYMildred Ct10003'
-73.6897,40.5846,0,1,'NYOcean View Ave10003+NYOregon St+10003|NYOceanview St10003+NYOregon St+10003|NYOregon St10003'
-73.6897,40.7324,1,2,'NYBrooklyn Ave10003+NYN 5th St+10003|NYN 5th St10003'
-73.6896,40.6555,1,1,'NYHigh St10003|NYHigh St10003+NYWavecrest St+10003'
-73.6896,40.7945,0,1,'NYWoodcut Ln10003|NYWoodcut Ln10003+NYRolling Hill Rd+10003'
-73.6896,40.7629,0,1,'NYWindsor Gate Dr10003|NYWindsor Gate Dr10003+NYNew Hyde Park Rd+10003'
-73.6896,40.6787,0,1,'NYThompson St10003+NYN Grove St+10003'
-73.6895,40.6520,0,4,'NYTrafalgar Sq10003+NYPiccadilly Downs+10003'
-73.6894,40.7477,0,1,'NYTulip Ln10003|NYTulip Ln10003+NYCarole Ave+10003'
-73.6894,40.7369,1,0,'NYLakeville Rd10003+NYWhittier Ave+10003|NYLakeville Dr10003+NYWhittier Ave+10003|NYWhittier Ave10003'
-73.6894,40.6505,0,1,'NYStratford Rd10003|NYStratford Rd10003+NYBixley Heath+10003|NYBixley Heath10003'
-73.6892,40.8057,0,2,'NYLongridge Rd10003|NYLongridge Rd10003+NYDogwood Ln+10003'
-73.6891,40.6852,0,1,'NYBarry Dr S10003|NYBarry Dr S10003+NYDutch Broadway+10003'
-73.6891,40.7641,0,2,'NYWindsor Gate Dr10003|NYWindsor Gate Dr10003+NYWindsor Gate Dr+10003'
-73.6891,40.6653,0,1,'NYCornwell Ave10003+NYE Saint Marks Pl+10003|NYE Saint Marks Pl10003'
-73.6890,40.8235,0,1,'NYCypress Ave10003|NYCypress Ave10003+NYMackey Ave+10003'
-73.6890,40.7964,0,1,'NYRockywood Rd10003+NYThayer Ln+10003|NYRockywood Rd10003+NYThayer Rd+10003|NYThayer Ln10003|NYThayer Ln10003+NYN Rockywood Rd+10003|NYThayer Rd10003|NYThayer Rd10003+NYN Rockywood Rd+10003|NYN Rockywood Rd10003'
-73.6890,40.7227,0,1,'NYCisney Ave10003+NYHelen Ct+10003|NYHelen Ct10003'
-73.6889,40.6533,0,1,'NYCharing Cross Rd10003+NYPiccadilly Downs+10003'
-73.6888,40.7117,0,1,'NYLesoir Ave10003|NYLesoir Ave10003+NYSchool Pl+10003'
-73.6887,40.6825,0,1,'NYN Corona Ave10003+NYPark Dr+10003|NYPark Dr10003'
-73.6887,40.7052,0,1,'NYPost Ave10003|NYPost Ave10003+NYEvans Ave+10003'
-73.6886,40.7493,0,1,'NYNugent St10003|NYNugent St10003+NYGerard Ave+10003'
-73.6886,40.8050,0,1,'NYParkwoods Rd10003'
-73.6884,40.6764,0,1,'NYMorris Pkwy10003+NYDecker St+10003|NYDecker St10003'
-73.6883,40.6553,0,1,'NYTottenham Rd10003'
-73.6882,40.7558,0,3,'NYMarcus Ave10003|NYMarcus Ave10003+NYNew Hyde Park Rd+10003|NYNew Hyde Park Rd10003|NYNew Hyde Park Rd10003+NYNew Hyde Park Rd+10003'
-73.6882,40.6612,0,1,'NYLois Pl10003|NYLois Pl10003+NYHorton Ave+10003'
-73.6882,40.7480,0,1,'NYGerard Ave10003+NYCarole Ave+10003|NYCarole Ave10003'
-73.6881,40.7398,0,1,'NYPark Cir10003'
-73.6880,40.7173,1,0,'NYArgyle Rd10003+NYTulip Ave+10003'
-73.6880,40.6664,0,1,'NYCornwell Ave10003+NYE Maujer St+10003'
-73.6880,40.7965,0,1,'NYOxford Rd10003|NYOxford Rd10003+NYRockywood Rd+10003|NYOxford Rd10003+NYN Rockywood Rd+10003'
-73.6879,40.9599,0,1,'NYGarden Dr10003|NYGarden Dr10003+NYGarden Dr+10003'
-73.6879,40.8283,0,4,'NYBayview Ave10003|NYBayview Ave10003+NYHaven Ave+10003'
-73.6879,40.8290,0,2,'NYHaven Ave10003+NYFranklin Ave+10003|NYFranklin Ave10003'
-73.6879,40.7328,1,0,'NYBrooklyn Ave10003+NYN 7th St+10003|NYN 7th St10003'
-73.6879,40.7116,1,0,'NYSchool Pl10003|NYSchool Pl10003+NYSchenck Blvd+10003'
-73.6879,40.9628,0,1,'NYVale Pl10003'
-73.6879,40.8306,1,2,'NYHerbert Ave10003|NYHerbert Ave10003+NYMain St+10003'
-73.6878,40.7063,0,1,'NYHunnewell Ave10003+NYRussell St+10003'
-73.6878,40.6847,0,2,'NYDutch Broadway10003|NYDutch Broadway10003+NYCorona Ave+10003'
-73.6878,40.7387,0,1,'NYSperry Blvd10003+NYBryant Ave+10003|NYBryant Ave10003+NYSperry Blvd N+10003|NYSperry Blvd N10003'
-73.6878,40.7913,0,1,'NYQuaker Ridge Rd10003'
-73.6876,40.7705,1,0,'NYThe Bristal10003|NYThe Bristal10003+NYS Svc Rd+10003'
-73.6876,40.7470,0,2,'NYGerard Ave10003|NYGerard Ave10003+NYGerard Ave+10003'
-73.6876,40.8033,0,3,'NYSunset Dr10003'
-73.6875,40.9639,1,0,'NYHill St10003'
-73.6875,40.6283,0,3,'NYWateredge Pl10003'
-73.6875,40.7408,0,1,'NYSperry Blvd10003+NYHarvard St+10003|NYHarvard St10003|NYHarvard St10003+NYSperry Blvd N+10003|NYSperry Blvd N10003'
-73.6872,40.6989,0,1,'NYLitchfield Ave10003+NYArlington Ave+10003'
-73.6872,40.8258,0,1,'NYDavis Rd10003'
-73.6871,40.7355,0,1,'NYN 10th St10003+NYLowell Ave+10003'
-73.6871,40.7620,0,1,'NYIndependence Dr10003+NYContinental Dr+10003|NYContinental Dr10003'
-73.6871,40.7127,0,1,'NYDrew Ave10003'
-73.6871,40.7474,0,1,'NYGerard Ave10003'
-73.6870,40.7008,0,2,'NYLitchfield Ave10003|NYLitchfield Ave10003+NYBruce St+10003'
-73.6870,40.7967,0,1,'NYRockywood Rd10003|NYN Rockywood Rd10003'
-73.6870,40.7375,0,2,'NYWhittier Ave10003+NYN 11th St+10003|NYN 11th St10003'
-73.6869,40.7960,1,2,'NYRolling Hill Rd10003'
-73.6869,40.5867,0,1,'NYNew York Ave10003+NYW Olive St+10003|NYW Olive St10003'
-73.6869,40.7389,0,1,'NYBryant Ave10003+NYBeech St+10003|NYBeech St10003'
-73.6869,40.5845,0,1,'NYNew York Ave10003+NYW Broadway+10003|NYW Broadway10003'
-73.6869,40.6675,0,1,'NYE Beverly Pkwy10003+NYCornwell Ave+10003'
-73.6869,40.7309,1,0,'NY1st Ave10003+NYS 8th St+10003'
-73.6869,40.7224,0,1,'NYBromleigh Rd10003+NYCovert Pl+10003|NYCovert Pl10003'
-73.6868,40.8308,1,1,'NYN Bayles Ave10003|NYN Bayles Ave10003+NYMain St+10003|NYN Bayles Ave10003+NYS Bayles Ave+10003|NYMain St10003+NYS Bayles Ave+10003|NYS Bayles Ave10003'
-73.6868,40.7135,0,1,'NYGilmore Blvd10003'
-73.6867,40.6451,0,1,'NYCatlin Pl10003'
-73.6867,40.6698,0,1,'NYE Euclid St10003'
-73.6865,40.6362,0,1,'NYSchnecks Ln10003'
-73.6864,40.7296,0,2,'NY2nd Ave10003+NYS 8th St+10003|NYS 8th St10003'
-73.6864,40.7426,3,4,'NYMaple Ct10003'
-73.6863,40.6726,0,1,'NYEmerson Pl10003+NYAnn St+10003|NYAnn St10003'
-73.6863,40.7977,0,1,'NYEakins Rd10003+NYBellows Ln+10003|NYBellows Ln10003'
-73.6863,40.7358,0,1,'NYLowell Ave10003+NYN 11th St+10003'
-73.6862,40.7166,0,1,'NYCarlton Ter10003|NYCarlton Ter10003+NYCarton Ter+10003|NYCarton Ter10003'
-73.6862,40.6539,0,2,'NYSurrey Cmns10003+NYBixley Heath+10003'
-73.6862,40.7638,0,2,'NYWindsor Gate Dr10003|NYWindsor Gate Dr10003+NYWindsor Gate Dr+10003'
-73.6861,40.6515,0,1,'NYNorthumberland Gate10003|NYNorthumberland Gate10003+NYPeninsula Blvd+10003|NYNorthumberland Gate10003+NYFarnum St+10003|NYPeninsula Blvd10003+NYFarnum St+10003|NYFarnum St10003'
-73.6861,40.8266,0,1,'NYSouth St10003'
-73.6860,40.7619,0,1,'NYIndependence Dr10003'
-73.6860,40.7084,0,1,'NYClement Ave10003|NYClement Ave10003+NYHempstead Tpke+10003'
-73.6859,40.6456,0,1,'NYTracy Pl10003'
-73.6859,40.7231,0,1,'NYCarlton Ter10003'
-73.6859,40.8309,0,1,'NYN Maryland Ave10003|NYN Maryland Ave10003+NYS Maryland Ave+10003|NYS Maryland Ave10003|NYS Maryland Ave10003+NYMain St+10003'
-73.6859,40.7324,1,1,'NYN 10th St10003|NYN 10th St10003+NYJericho Tpke+10003|NYN 10th St10003+NYState Rte 25+10003'
-73.6858,40.7248,0,1,'NYS 8th St10003|NYS 8th St10003+NYStewart Ave+10003'
-73.6858,40.6826,0,1,'NYPark Dr10003'
-73.6858,40.7280,0,1,'NY5th Ave10003+NYS 8th St+10003'
-73.6858,40.7263,0,2,'NY7th Ave10003'
-73.6857,40.6778,0,1,'NYMilburn Ct10003'
-73.6857,40.6322,0,2,'NYLake Dr10003'
-73.6857,40.7491,0,1,'NYAberdeen Rd10003|NYAberdeen Rd10003+NYNew Hyde Park Rd+10003'
-73.6857,40.8266,0,1,'NYSouth St10003|NYSouth St10003+NYLewyt St+10003|NYSouth St10003+NYS Bayles Ave+10003|NYLewyt St10003|NYLewyt St10003+NYS Bayles Ave+10003'
-73.6857,40.8300,0,1,'NYMaple St10003|NYMaple St10003+NYS Maryland Ave+10003'
-73.6855,40.6937,0,1,'NYGavrin Blvd10003+NYTerry Pl+10003|NYTerry Pl10003'
-73.6855,40.8293,0,1,'NYS Maryland Ave10003+NYBernard St+10003|NYBernard St10003'
-73.6855,40.7693,0,1,'NYKensington Cir10003'
-73.6854,40.7544,0,2,'NYAster Dr10003+NYEton Rd+10003|NYEton Rd10003'
-73.6853,40.7109,1,0,'NYAverill Blvd10003|NYAverill Blvd10003+NYWhiteside Ave+10003|NYWhiteside Ave10003'
-73.6853,40.6751,0,1,'NYLydia St10003+NYAlbermarle Ave+10003|NYAlbermarle Ave10003'
-73.6852,40.7379,0,2,'NYWhittier Ave10003|NYWhittier Ave10003+NYIngraham Ln+10003'
-73.6852,40.6725,0,1,'NYHome St10003+NYRonson Ln+10003|NYRonson Ln10003'
-73.6852,40.6558,0,1,'NYScranton Ave10003+NYBixley Heath+10003'
-73.6851,40.6819,0,2,'NYIrene Ct10003|NYIrene Ct10003+NYScott Dr+10003'
-73.6851,40.7084,0,2,'NYLucille Ave10003|NYLucille Ave10003+NYHempstead Tpke+10003'
-73.6851,40.7313,0,1,'NYS 10th St10003+NY1st Ave+10003'
-73.6850,40.7326,0,1,'NYJericho Tpke10002+NYN 11th St+10002|NYState Rte 2510002+NYN 11th St+10002|NYN 11th St10003'
-73.6850,40.7230,0,1,'NYDover Pkwy10003'
-73.6850,40.7232,0,1,'NYDover Pkwy N10003|NYDover Pkwy N10003+NYNorth Ave+10003'
-73.6850,40.7614,0,1,'NYCourthouse Rd10003|NYCourthouse Rd10003+NYJoy Dr+10003|NYCourthouse Rd10003+NYOld Courthouse Rd+10003|NYJoy Dr10003|NYJoy Dr10003+NYOld Courthouse Rd+10003|NYOld Courthouse Rd10003|NYOld Courthouse Rd10003+NYOld Courthouse Rd+10003'
-73.6849,40.7248,0,1,'NYS 9th St10003|NYS 9th St10003+NYStewart Ave+10003|NYS 9th St10003+NYDover Pkwy N+10003|NYStewart Ave10003+NYDover Pkwy N+10003|NYDover Pkwy N10003'
-73.6849,40.7370,0,2,'NYIngraham Ln10003+NYLincoln Ave+10003|NYLincoln Ave10003'
-73.6849,40.7141,0,1,'NYEweler Ave10003|NYEweler Ave10003+NYAverill Blvd+10003'
-73.6848,40.7600,0,1,'NYMajestic Ct10003'
-73.6847,40.6477,0,1,'NYS Franklin Ave10003'
-73.6846,40.6593,0,1,'NYWright Ave10003+NYWood St+10003|NYWood St10003'
-73.6846,40.7300,0,2,'NYS 10th St10003|NYS 10th St10003+NY2nd Ave+10003'
-73.6846,40.6569,0,1,'NYSunrise Hwy10002+NYBixley Heath+10002'
-73.6845,40.6439,0,1,'NYHereford Rd10003'
-73.6844,40.7909,0,1,'NYFlower Ln10003'
-73.6844,40.6993,0,1,'NYLaidlaw Ave10003|NYLaidlaw Ave10003+NYDoris Ave+10003'
-73.6844,40.5884,0,1,'NYW Park Ave10003+NYSeptember Walk+10003|NYSeptember Walk10003'
-73.6844,40.5860,0,1,'NYW Beech St10003+NYSeptember Walk+10003|NYSeptember Walk10003'
-73.6843,40.6786,0,1,'NYWright St10003'
-73.6843,40.7650,1,0,'NYDorado Ct10003'
-73.6842,40.5900,0,1,'NYW Market St10003|NYW Market St10003+NYGrand Blvd+10003'
-73.6842,40.7495,0,1,'NYAberdeen Rd10003+NYKent Rd+10003|NYKent Rd10003'
-73.6842,40.6525,0,1,'NYWestminster Rd10003|NYWestminster Rd10003+NYPeninsula Blvd+10003'
-73.6842,40.7934,0,1,'NYPickwick Rd10003+NYGreat Oak Rd+10003|NYGreat Oak Rd10003'
-73.6842,40.6762,0,1,'NYEmerson Pl10003+NYVictor St+10003|NYVictor St10003'
-73.6841,40.6728,0,1,'NYCoolidge St10003'
-73.6841,40.7328,1,0,'NYN 12th St10003|NYN 12th St10003+NYJericho Tpke+10003|NYN 12th St10003+NYState Rte 25+10003'
-73.6840,40.6328,0,1,'NYHarbor Rd10003+NYPepperidge Rd+10003|NYPepperidge Rd10003'
-73.6840,40.7229,0,1,'NYElton Rd10003'
-73.6840,40.9585,0,1,'NYStanley Keyes Ct10003'
-73.6839,40.7248,0,1,'NYElton Rd N10003|NYElton Rd N10003+NYS 10th St+10003|NYElton Rd N10003+NYStewart Ave+10003|NYS 10th St10003|NYS 10th St10003+NYStewart Ave+10003'
-73.6838,40.7344,0,1,'NYIngraham Ln10003+NYPark Ave+10003|NYPark Ave10003'
-73.6838,40.6646,0,1,'NYHendrickson Ave10003+NYMarshall Ave+10003|NYMarshall Ave10003'
-73.6838,40.7436,0,1,'NYNew Hyde Park Rd10003+NYBaxter Ave+10003|NYBaxter Ave10003'
-73.6838,40.8290,0,1,'NYCampus Dr10003|NYCampus Dr10003+NYState Rte 101+10003|NYCampus Dr10003+NYPort Washington Blvd+10003'
-73.6838,40.6674,0,1,'NYFoster Ave10003+NYE Dover St+10003|NYE Dover St10003'
-73.6838,40.6562,0,2,'NYRoxy Pl10003|NYRoxy Pl10003+NYFreer St+10003'
-73.6837,40.7302,0,3,'NYS 11th St10003|NYS 11th St10003+NY2nd Ave+10003'
-73.6837,40.6646,0,1,'NYHendrickson Ave10003+NYGrand Ave+10003|NYGrand Ave10003'
-73.6837,40.6770,0,2,'NYEmerson Pl10003+NYW Wheeler Ave+10003|NYW Wheeler Ave10003'
-73.6836,40.7717,1,1,'NYHathaway Ln10003'
-73.6836,40.7520,0,1,'NYSurrey Rd10003|NYSurrey Rd10003+NYDurham Rd+10003'
-73.6835,40.6448,0,1,'NYProspect Ave10003+NYLakeview Dr+10003|NYProspect Ave S10003+NYLakeview Dr+10003|NYLakeview Dr10003'
-73.6834,40.7008,0,1,'NYCatherine Ave10003+NYBruce St+10003|NYBruce St10003'
-73.6833,40.7161,0,1,'NYDelmar Ave10003'
-73.6833,40.6920,0,1,'NYLydia Dr10003|NYLydia Dr10003+NYLorraine Dr+10003'
-73.6832,40.7564,0,1,'NYCountry Village Ct10003'
-73.6831,40.7661,0,1,'NYToftree Ct10003'
-73.6831,40.9638,0,1,'NYHalstead Pl10003|NYHalstead Pl10003+NYRye Beach Ave+10003'
-73.6831,40.7229,1,0,'NYFernwood Ter10003'
-73.6831,40.8071,0,1,'NYElderfields Rd10003|NYElderfields Rd10003+NYElderfields Rd+10003'
-73.6831,40.6402,0,1,'NYE Rockaway Rd10003+NYHunt Dr+10003|NYHunt Dr10003'
-73.6830,40.7610,0,1,'NYLake Dr10003|NYLake Dr10003+NYKnolls Dr+10003'
-73.6829,40.7015,0,1,'NYNorbay St10003'
-73.6828,40.7590,0,1,'NYSutton Hill Ln10003'
-73.6828,40.6802,0,1,'NYLinden St10003+NYMallis Ct+10003|NYLinden St10003+NYMallis St+10003|NYMallis Ct10003|NYMallis Ct10003+NYMallis St+10003|NYMallis St10003'
-73.6828,40.7169,0,2,'NYAmherst St10003|NYAmherst St10003+NYCambridge Ave+10003|NYCambridge Ave10003'
-73.6828,40.7545,0,1,'NYAster Dr10003+NYLawrence St+10003|NYLawrence St10003'
-73.6827,40.6577,0,1,'NYLeaman Pl10003'
-73.6826,40.7843,0,2,'NYStone Hill Dr N10003|NYStone Hill Dr N10003+NYStonehill Dr S+10003'
-73.6826,40.9682,0,1,'NYOrchard Ln10003'
-73.6825,40.8015,0,1,'NYStrickland Pl10003'
-73.6825,40.5884,0,1,'NYW Park Ave10003+NYDecember Walk+10003|NYDecember Walk10003'
-73.6824,40.7866,0,1,'NYLavenders Ct10003'
-73.6823,40.7698,0,1,'NYHathaway Ln10003|NYHathaway Ln10003+NYHathaway Ln+10003'
-73.6823,40.7452,0,1,'NYMaple Dr10003+NYRedwood Rd+10003|NYRedwood Rd10003'
-73.6823,40.7056,0,2,'NYSherwood Ave10003+NYMosefan St+10003|NYMosefan St10003'
-73.6822,40.6962,0,1,'NYOaks Dr10003+NYSaint Luke Pl+10003|NYSaint Luke Pl10003'
-73.6822,40.7228,0,1,'NYJefferson St10003|NYJefferson St10003+NYPlaza Rd+10003|NYPlaza Rd10003'
-73.6821,40.7568,0,1,'NYSutton Hill Ln10003'
-73.6821,40.7303,0,3,'NY3rd Ave10003+NYBaer Pl+10003|NYBaer Pl10003'
-73.6821,40.9592,0,3,'NYWaters Edge10003|NYWaters Edge10003+NYWaters Edge+10003'
-73.6820,40.7943,1,1,'NYVanderbilt Rd10003|NYVanderbilt Rd10003+NYOld Mill Rd+10003'
-73.6820,40.7919,0,1,'NYQuaker Ridge Rd10003'
-73.6819,40.7307,0,1,'NYMillers Ln10003|NYMillers Ln10003+NY2nd Ave+10003'
-73.6819,40.6373,0,1,'NYAdams Rd10003'
-73.6818,40.7081,0,2,'NYHempstead Tpke10002+NYRenken Blvd+10002|NYRenken Blvd10003'
-73.6818,40.6931,0,1,'NY3rd Ave10003+NY1st St+10003|NY1st St10003'
-73.6817,40.7248,1,1,'NYS 12th St10003|NYS 12th St10003+NYJefferson St+10003|NYS 12th St10003+NYStewart Ave+10003|NYJefferson St10003|NYJefferson St10003+NYStewart Ave+10003'
-73.6817,40.7448,0,1,'NYTerrace Blvd10003+NYAshland Ave+10003'
-73.6817,40.9641,0,5,'NYOakwood Ave10003'
-73.6816,40.7886,0,1,'NYCastle Ridge Rd10003|NYCastle Ridge Rd10003+NYMill Spring Rd+10003'
-73.6815,40.6405,0,1,'NYHilary Ct10003'
-73.6814,40.7477,0,2,'NYCedar Ln10003'
-73.6813,40.5916,0,2,'NYW Fulton St10003|NYW Fulton St10003+NYLindell Blvd+10003'
-73.6813,40.6966,0,1,'NYBly Ct10003|NYBly Ct10003+NYSaint Luke Pl+10003'
-73.6813,40.6793,1,0,'NYOrbach Ave10003'
-73.6812,40.7229,0,1,'NYRoosevelt St10003'
-73.6812,40.7949,0,2,'NYState Rte 25A10002+NYE Gate+10002|NYNorthern Blvd10002+NYE Gate+10002|NYE Gate10003'
-73.6811,40.6549,0,1,'NYSunrise Dr10003+NYGarden Dr+10003'
-73.6811,40.7323,0,2,'NYS Park Pl10003|NYS Park Pl10003+NYHerkomer St+10003'
-73.6809,40.6589,0,1,'NYCrab Ave10003+NYLeach St+10003|NYLeach St10003'
-73.6808,40.7310,0,1,'NYHerkomer St10003|NYHerkomer St10003+NY2nd Ave+10003'
-73.6807,40.7621,0,1,'NYJoy Dr10003|NYJoy Dr10003+NYKnolls Dr N+10003|NYJoy Dr10003+NYKnolls Dr+10003|NYKnolls Dr N10003|NYKnolls Dr N10003+NYKnolls Dr+10003|NYKnolls Dr10003'
-73.6807,40.7806,1,1,'NYCharney Ct10003'
-73.6806,40.6896,0,2,'NYPark Ln N10003+NYWindermere Rd+10003|NYWindermere Rd10003'
-73.6805,40.6554,1,0,'NYSunrise Dr10003+NYOlive Pl+10003|NYSunrise Dr10003+NYOlive Dr+10003'
-73.6802,40.7578,0,1,'NYShelbourne Ln10003+NYBrookfield Rd+10003|NYBrookfield Rd10003'
-73.6802,40.7512,0,1,'NYManor Ct10003'
-73.6802,40.7135,0,1,'NYHerman Blvd10003|NYHerman Blvd10003+NYTulip Ave+10003'
-73.6801,40.7273,0,1,'NYS 14th St10003|NYS 14th St10003+NYStratford Ave+10003|NYS 14th St10003+NY6th Ave+10003|NYS 14th St10003+NYAdams St+10003|NYStratford Ave10003|NYStratford Ave10003+NY6th Ave+10003|NYStratford Ave10003+NYAdams St+10003|NY6th Ave10003|NY6th Ave10003+NYAdams St+10003|NYAdams St10003'
-73.6800,40.8011,0,1,'NYKensett Rd10003'
-73.6800,40.8161,0,1,'NYWakefield Ave10003|NYWakefield Ave10003+NYState Rte 101+10003|NYWakefield Ave10003+NYPort Washington Blvd+10003'
-73.6799,40.8177,0,1,'NYState Rte 10110002+NYMarino Ave+10002|NYMarino Ave10003|NYMarino Ave10003+NYPort Washington Blvd+10003'
-73.6799,40.8056,0,7,'NYBoulder Rd10003+NYWalnut Ln+10003|NYWalnut Ln10003'
-73.6798,40.6490,0,1,'NYSunset Ave10003+NYCedar St+10003'
-73.6798,40.7552,0,1,'NYShelbourne Ln10003|NYShelbourne Ln10003+NYSouth Dr+10003|NYSouth Dr10003'
-73.6798,40.7464,1,0,'NYElm Dr10003|NYElm Dr10003+NYPinewood Ln+10003'
-73.6798,40.7021,0,3,'NYLangdon St10003'
-73.6797,40.6720,0,1,'NYHorton St10003|NYHorton St10003+NYFoster Ave+10003'
-73.6795,40.7192,0,1,'NYChester Ave10003|NYChester Ave10003+NYFairmount Blvd+10003|NYFairmount Blvd10003'
-73.6795,40.7201,1,7,'NYPrinceton St10003'
-73.6795,40.7388,0,1,'NYTerrace Blvd10003+NYJasmine Ave+10003'
-73.6795,40.6956,0,1,'NYHarrison St10003|NYHarrison St10003+NYGlen Dr+10003'
-73.6795,40.7320,0,1,'NYNew Hyde Park Rd10003+NYPlaza Ave+10003|NYPlaza Ave10003'
-73.6794,40.7215,0,1,'NYSalisbury Ave10003'
-73.6794,40.9685,0,1,'NYCentre St10003|NYCenter St10003'
-73.6794,40.6766,0,1,'NYWolf Ave10003+NYLegion Pl+10003'
-73.6792,40.7581,0,3,'NYNottingham Rd10003'
-73.6791,40.8175,0,1,'NYLowell Rd10003+NYWinthrop Rd+10003|NYWinthrop Rd10003'
-73.6791,40.6620,0,1,'NYPalisade Ave10003'
-73.6791,40.8280,0,1,'NYBogart Ave10003+NYElm St+10003|NYElm St10003'
-73.6791,40.8161,0,1,'NYWakefield Ave10003+NYLowell Rd+10003|NYLowell Rd10003'
-73.6790,40.7093,0,2,'NYFoster St10003|NYFoster St10003+NYLexington Ave+10003'
-73.6790,40.7657,0,1,'NYBaltustrol Cir10003'
-73.6790,40.6517,0,1,'NYBerry St10003|NYBerry St10003+NYScranton Ave+10003'
-73.6789,40.6829,0,1,'NYAudrey Ct10003'
-73.6789,40.7035,0,1,'NYCarukin St10003+NYRandolph Ave+10003|NYRandolph Ave10003'
-73.6789,40.6355,0,1,'NYHeather Ln10003+NYAzure Pl+10003|NYAzure Pl10003'
-73.6788,40.8064,0,1,'NYPinetree Ln10003'
-73.6788,40.8329,0,1,'NYSunset Ln10003'
-73.6788,40.6583,0,1,'NYJohn St10003+NYLeach St+10003|NYLeach St10003'
-73.6787,40.9699,0,1,'NYSanford St10003'
-73.6786,40.6494,0,1,'NYLenox Ave10003+NYThompson Pl+10003|NYThompson Pl10003'
-73.6786,40.7607,0,1,'NYLeamar Dr10003|NYLeamar Dr10003+NYCrest Rd+10003'
-73.6785,40.7362,0,2,'NYTerrace Blvd10003+NYBroadway+10003|NYBroadway10003'
-73.6785,40.7321,0,1,'NYS 16th10003|NYS 16th10003+NYPlaza Ave+10003'
-73.6785,40.7550,0,1,'NYNottingham Rd10003'
-73.6785,40.6656,0,1,'NYWoodlawn Pl10003|NYWoodlawn Pl10003+NYHendrickson Ave+10003'
-73.6784,40.6590,0,1,'NYMerrick Rd10003+NYJohn St+10003|NYJohn St10003'
-73.6784,40.6897,0,1,'NYMartin Rd10003|NYMartin Rd10003+NYFerngate Dr+10003'
-73.6784,40.5840,0,3,'NYOceanfront St10003+NYWashington Blvd+10003|NYWashington Blvd10003'
-73.6781,40.8244,0,1,'NYElm St10003|NYElm St10003+NYRevere Rd+10003'
-73.6781,40.6421,1,7,'NYWillard Dr10003'
-73.6780,40.7947,0,1,'NYMill Spring Rd10003|NYMill Spring Rd10003+NYOld Mill Rd+10003'
-73.6779,40.6657,0,1,'NYHendrickson Ave10003+NYStevenson St+10003|NYStevenson St10003'
-73.6779,40.7998,0,1,'NYHomer Pl10003'
-73.6778,40.7696,0,1,'NYFox Ridge10003'
-73.6777,40.7895,0,1,'NYChapel Rd10003+NYTimber Ln+10003|NYTimber Ln10003'
-73.6776,40.7214,0,1,'NYJackson St10003|NYJackson St10003+NYYale St+10003'
-73.6775,40.6551,1,0,'NYEnd View Ave10003+NYPutnam Ave+10003|NYPutnam Ave10003'
-73.6775,40.7617,0,1,'NYEast Ln10003'
-73.6773,40.7014,0,1,'NYCleveland St10003+NYPropp Ave+10003|NYPropp Ave10003'
-73.6772,40.6723,0,1,'NYDallinger Pl10003'
-73.6771,40.7558,0,1,'NYCherrywood Dr10003+NYBrook Ct S+10003|NYBrook Ct S10003'
-73.6770,40.6484,1,1,'NYUnion Ave10003+NYLenox Ave+10003|NYLenox Ave10003'
-73.6770,40.7408,0,1,'NYHighland Ave10003+NYLeonard Blvd+10003'
-73.6770,40.6546,0,1,'NYEvergreen Ave10003+NYPutnam Ave+10003'
-73.6770,40.6494,0,1,'NYDonna Ct10003'
-73.6769,40.7549,0,2,'NYCherrywood Dr10003'
-73.6769,40.6963,0,1,'NYSaint Agnes Pl10003|NYSaint Agnes Pl10003+NYPolk Ave+10003'
-73.6769,40.6433,0,2,'NYRowe Ave10003'
-73.6768,40.7158,0,1,'NYKalb Ave10003|NYKalb Ave10003+NYCathedral Rd+10003|NYKalb Ave10003+NYCathedral Ave+10003|NYKalb Ave10003+NYKalb Pl+10003|NYCathedral Rd10003+NYKalb Pl+10003|NYCathedral Ave10003+NYKalb Pl+10003|NYKalb Pl10003|NYKalb Pl10003+NYKalb Pl+10003'
-73.6768,40.6787,0,1,'NYMaple St10003+NYHarriet Ct+10003|NYHarriet Ct10003'
-73.6767,40.8015,0,2,'NYTrumbull Rd10003+NYAbbey Rd N+10003'
-73.6767,40.6453,0,1,'NYMildred Pl10003|NYMildred Pl10003+NYDurland Rd+10003'
-73.6766,40.6933,0,2,'NY4th St10003|NY4th St10003+NY1st Ave+10003'
-73.6766,40.8276,0,1,'NYBirch St10003+NYBar Beach Rd+10003'
-73.6766,40.6540,1,1,'NYBroadway10003+NYPutnam Ave+10003|NYPutnam Ave10003'
-73.6764,40.6706,0,1,'NYWhitehall St10003+NYStuart St+10003|NYStuart St10003'
-73.6764,40.7284,0,2,'NYHarrison St10003|NYHarrison St10003+NYClinch Ave+10003'
-73.6763,40.6541,0,1,'NYBroadway10003+NYUnion Pl+10003|NYUnion Pl10003'
-73.6763,40.7388,0,1,'NYLincoln Ave10003|NYLincoln Ave10003+NYLeonard Blvd+10003'
-73.6762,40.7069,0,1,'NYPhoebe St10003'
-73.6761,40.7165,0,2,'NYSeidman Pl10003'
-73.6761,40.7711,1,0,'NYOldfield10003'
-73.6760,40.6784,0,1,'NYMaple St10003+NYClifford Ct+10003|NYClifford Ct10003'
-73.6760,40.7511,0,2,'NYAster Dr10003|NYAster Dr10003+NYState Rte 25B+10003|NYAster Dr10003+NYHillside Ave+10003'
-73.6759,40.9691,0,1,'NYSanford St10003|NYSanford St10003+NYRoosevelt Ave+10003|NYRoosevelt Ave10003'
-73.6759,40.8170,0,1,'NYLynn Rd10003'
-73.6759,40.7935,0,1,'NYRockcrest Rd10003+NYThe Gate+10003|NYThe Gate10003'
-73.6758,40.7170,0,3,'NYCambridge Ave10003+NYMiddleton Rd+10003|NYMiddleton Rd10003'
-73.6757,40.6469,0,1,'NYKathryn St10003'
-73.6756,40.7969,0,1,'NYPeale Rd10003|NYPeale Rd10003+NYSully Dr+10003|NYSully Dr10003'
-73.6755,40.7272,0,1,'NYMonroe St10003|NYMonroe St10003+NYStratford Ave+10003'
-73.6755,40.7086,0,1,'NYNew Hyde Park Rd10003|NYNew Hyde Park Rd10003+NYNew Hyde Park Rd+10003'
-73.6755,40.7533,0,2,'NYGreenway W10003|NYGreenway W10003+NYGreenway+10003|NYGreenway10003'
-73.6755,40.6790,0,1,'NYClifford Ct10003'
-73.6755,40.5841,0,3,'NYLafayette Blvd10003|NYLafayette Blvd10003+NYOceanfront St+10003|NYOceanfront St10003'
-73.6753,40.6561,0,2,'NYSaperstein Plz10003|NYSaperstein Plz10003+NYStation Plz+10003'
-73.6753,40.7064,0,1,'NYHoffman St10003|NYHoffman St10003+NYSobo Ave+10003'
-73.6753,40.6740,0,1,'NYCrafton Ct10003|NYCrafton Ct10003+NYRoosevelt Ave+10003'
-73.6752,40.7285,0,1,'NYFenimore Ave10003+NYHathaway Dr+10003|NYHathaway Dr10003'
-73.6752,40.6611,0,1,'NYSummit Ave10003'
-73.6751,40.6972,0,1,'NYVan Buren Ave10003+NYMadison St+10003'
-73.6750,40.8092,1,0,'NYState Rte 10110002+NYE View Ct+10002|NYPort Washington Blvd10002+NYE View Ct+10002|NYE View Ct10003'
-73.6749,40.7102,1,1,'NYCourthouse Rd10003+NYGarfield St+10003|NYGarfield St10003'
-73.6749,40.8220,0,1,'NYBirch St10003+NYRoxbury Rd+10003|NYRoxbury Rd10003'
-73.6749,40.6410,0,1,'NYE Rockaway Rd10003|NYE Rockaway Rd10003+NYTalfor Rd+10003|NYTalfor Rd10003'
-73.6748,40.7891,0,1,'NYChapel Rd10003+NYDover Rd+10003|NYDover Rd10003'
-73.6747,40.7354,2,1,'NYJericho Tpke10002+NYLeonard Blvd+10002|NYLeonard Blvd10003|NYLeonard Blvd10003+NYState Rte 25+10003'
-73.6747,40.6550,0,1,'NYEldert St10003|NYEldert St10003+NYBroadway+10003'
-73.6744,40.8050,0,2,'NYWalnut Ln10003+NYElm Ln+10003|NYElm Ln10003'
-73.6743,40.8029,1,0,'NYBingham Cir10003'
-73.6743,40.7336,0,1,'NYNassau Terminal Rd10003'
-73.6742,40.7272,0,1,'NYStratford Ave10003+NYGarfield St+10003|NYGarfield St10003'
-73.6742,40.7290,0,2,'NYFenimore Ave10003+NYHawthorne Rd+10003|NYHawthorne Rd10003'
-73.6742,40.8214,1,1,'NYSalem Ln10003'
-73.6741,40.7553,0,1,'NYDunhill Rd10003'
-73.6740,40.6930,0,1,'NYCato Ct10003|NYCato Ct10003+NYHewlett St+10003'
-73.6739,40.6822,1,0,'NYGold Cir10003'
-73.6739,40.7522,0,1,'NYMarcus Ave10003+NYGreenway+10003|NYGreenway10003'
-73.6739,40.6759,0,1,'NYOgston Ter10003+NYNottingham Rd+10003|NYNottingham Rd10003'
-73.6738,40.7870,0,2,'NYBradford Rd10003|NYBradford Rd10003+NYBristol Dr+10003|NYBristol Dr10003|NYBristol Dr10003+NYBradford Dr+10003|NYBradford Dr10003'
-73.6737,40.7259,0,1,'NYWilson St10003|NYWilson St10003+NYClinch Ave+10003'
-73.6737,40.6789,0,1,'NYMalverne Ave10003+NYDerby Ct+10003|NYDerby Ct10003'
-73.6736,40.6414,0,1,'NYHowland Rd10003'
-73.6736,40.7520,0,1,'NYMarcus Ave10003+NYDenton Ave+10003|NYDenton Ave10003'
-73.6735,40.6558,0,1,'NYBroadway10003+NYStation Plz+10003|NYBroadway10003+NYStauderman Ave+10003|NYStation Plz10003|NYStation Plz10003+NYStauderman Ave+10003|NYStauderman Ave10003'
-73.6734,40.8086,0,1,'NYPort Washington Blvd10002+NYE High Rd+10002|NYState Rte 10110002+NYE High Rd+10002|NYE High Rd10003'
-73.6733,40.7807,1,1,'NYCherrywood Ln10003|NYCherrywood Ln10003+NYMeadow Ln+10003|NYMeadow Ln10003+NYWoodend Cir+10003|NYWoodend Cir10003'
-73.6733,40.7689,0,2,'NYChestnut Hill10003'
-73.6733,40.8087,0,5,'NYState Rte 10110002+NYE High Rd+10002|NYPort Washington Blvd10002+NYE High Rd+10002'
-73.6733,40.7272,0,1,'NYStratford Ave10003+NYWilson St+10003|NYWilson St10003'
-73.6733,40.7515,0,2,'NYHillside Ave10002+NYDenton Ave+10002|NYDenton Ave10003+NYState Rte 25B+10003'
-73.6731,40.6597,0,1,'NYDaley Pl10003'
-73.6730,40.6510,0,1,'NY1st St10003|NY1st St10003+NYUnion Pl+10003'
-73.6730,40.7395,0,1,'NYGould St10003+NYW End Ave+10003'
-73.6728,40.7013,0,1,'NYJefferson St10003+NYPropp Ave+10003|NYPropp Ave10003'
-73.6728,40.6750,0,1,'NYEimer Ave10003|NYEimer Ave10003+NYAlnwick Rd+10003'
-73.6727,40.5929,0,1,'NYW Bay Dr10003+NYLaurelton Blvd+10003|NYLaurelton Blvd10003'
-73.6727,40.6482,0,1,'NYWatts Pl10003|NYWatts Pl10003+NYScranton Ave+10003'
-73.6727,40.7041,0,1,'NYJefferson St10003+NYPlane Ave+10003|NYPlane Ave10003'
-73.6726,40.7823,0,1,'NYCherry Ct10003|NYCherry Ct10003+NYOverlook Cir+10003|NYOverlook Cir10003'
-73.6726,40.7657,0,1,'NYDoral Ct10003'
-73.6725,40.6498,0,1,'NY2nd St10003+NYClinton Ave+10003|NYClinton Ave10003'
-73.6725,40.6892,1,1,'NYCraft Ave10003'
-73.6725,40.7535,0,1,'NYAllen St10003'
-73.6725,40.6370,0,1,'NYEmmet Ave10003+NYCail Dr+10003|NYCail Dr10003'
-73.6722,40.7920,0,1,'NYHarrow Ln10003|NYHarrow Ln10003+NYSussex Dr+10003'
-73.6722,40.7183,0,1,'NYDartmouth St10003|NYDartmouth St10003+NYEdgemere Rd+10003'
-73.6722,40.6632,0,1,'NYPearsall Ave10003|NYPearsall Ave10003+NYSmith St+10003'
-73.6721,40.6610,0,1,'NYPearsall Ave10003'
-73.6720,40.6820,1,2,'NYParkview Pl10003'
-73.6719,40.6478,0,1,'NYIrving Pl10003|NYIrving Pl10003+NYScranton Ave+10003|NYIrving Pl10003+NYSamuel Pl+10003|NYScranton Ave10003+NYSamuel Pl+10003|NYSamuel Pl10003'
-73.6718,40.6651,0,1,'NYRockaway Ave10003+NYS Rockaway Ave+10003|NYRockaway Ave10003+NYCentral Ave+10003|NYS Rockaway Ave10003|NYS Rockaway Ave10003+NYCentral Ave+10003'
-73.6717,40.7497,0,1,'NYMarcus Ave10003+NYW Vale Ct+10003|NYW Vale Ct10003'
-73.6716,40.7517,1,1,'NYHillside Ave10002+NYHoward Ave+10002|NYHoward Ave10003|NYHoward Ave10003+NYState Rte 25B+10003'
-73.6715,40.6886,0,1,'NYCraft Ct10003'
-73.6714,40.7672,0,3,'NYCricket Club Dr10003|NYCricket Club Dr10003+NYI U Willets Rd+10003'
-73.6713,40.7290,0,1,'NYTanners Pond Rd10003+NYHomestead Ave+10003|NYHomestead Ave10003'
-73.6713,40.7920,1,0,'NYHarrow Ln10003+NYDorchester Dr+10003|NYDorchester Dr10003'
-73.6712,40.6489,0,1,'NYSamuel Pl10003|NYSamuel Pl10003+NYClinton Ave+10003'
-73.6712,40.7768,0,1,'NYHyde Ct10003'
-73.6712,40.7717,0,2,'NYWimbledon Dr10003'
-73.6711,40.6454,0,1,'NYSachem St10003+NYDavison Ave+10003|NYDavison Ave10003'
-73.6711,40.6793,0,1,'NYBurton St10003'
-73.6710,40.6656,0,1,'NYHempstead Ave10003+NYLakeview Ave+10003|NYLakeview Ave10003'
-73.6709,40.7804,0,1,'NYGracefield Cir10003|NYGracefield Cir10003+NYGracewood Dr+10003|NYGracefield Cir10003+NYMeadow Ln+10003|NYGracewood Dr10003|NYGracewood Dr10003+NYMeadow Ln+10003|NYMeadow Ln10003'
-73.6708,40.7740,0,4,'NYNassau Blvd10003|NYNassau Blvd10003+NYShelter Rock Rd+10003|NYNassau Blvd10003+NYS Svc Rd+10003|NYShelter Rock Rd10003+NYS Svc Rd+10003|NYS Svc Rd10003'
-73.6707,40.7828,0,2,'NYHilltop Cir10003|NYHilltop Cir10003+NYEvergreen Cir+10003|NYEvergreen Cir10003'
-73.6707,40.6526,0,1,'NYAtlantic Ave10003+NYDoxsey Pl+10003|NYDoxsey Pl10003'
-73.6705,40.7466,0,1,'NYWhitehall Ln10003|NYWhitehall Ln10003+NYPubins Ln+10003'
-73.6704,40.7296,1,1,'NYLee Rd10003|NYLee Rd10003+NYNewmarket Rd+10003'
-73.6704,40.6679,0,1,'NYLexington Ave10003|NYLexington Ave10003+NYHempstead Ave+10003'
-73.6703,40.7519,1,0,'NYClyde St10003|NYClyde St10003+NYHillside Ave+10003|NYClyde St10003+NYState Rte 25B+10003'
-73.6702,40.7922,0,1,'NYHarrow Ln10003+NYWinchester Dr+10003|NYWinchester Dr10003'
-73.6701,40.6787,0,1,'NYLawrence Ave10003'
-73.6701,40.7637,0,1,'NYShelter Rock Rd10003+NYLinks Dr+10003|NYLinks Dr10003'
-73.6699,40.6666,0,1,'NYGrace Ave10003'
-73.6698,40.6574,1,1,'NYMerrick Rd10003+NYIrwin Ct+10003|NYIrwin Ct10003'
-73.6697,40.5843,0,1,'NYMagnolia Blvd10003'
-73.6696,40.6604,0,1,'NYDevine St10003'
-73.6694,40.7520,0,1,'NYHillside Ave10002+NYDail St+10002|NYDail St10003|NYDail St10003+NYState Rte 25B+10003'
-73.6693,40.7680,0,1,'NYWillets Pond Path10003+NYWoodland Dr+10003|NYWoodland Dr10003'
-73.6692,40.8009,0,1,'NYBayberry Ridge10003'
-73.6691,40.6842,0,1,'NYRasweiler Blvd10003'
-73.6690,40.7473,0,1,'NYMarcus Ave10003+NYPubins Ln+10003|NYPubins Ln10003'
-73.6690,40.7972,0,1,'NYState Rte 25A10002+NYPort Washington Blvd+10002|NYState Rte 25A10002+NYState Rte 101+10002|NYPort Washington Blvd10002|NYPort Washington Blvd10002+NYNorthern Blvd+10002|NYNorthern Blvd10002+NYState Rte 101+10002|NYState Rte 10110002'
-73.6689,40.7153,1,0,'NYFloral Park Rd10003+NYPoppy Ln+10003|NYPoppy Ln10003'
-73.6688,40.8097,0,2,'NYFarmview Rd10003'
-73.6686,40.7659,0,1,'NYCoachman Dr10003|NYCoachman Dr10003+NYBridle Path+10003'
-73.6685,40.7521,0,3,'NYHillside Ave10002+NYEmmett St+10002|NYEmmett St10003|NYEmmett St10003+NYState Rte 25B+10003'
-73.6685,40.7997,0,1,'NYHunters Ln10003'
-73.6685,40.8068,0,1,'NYWood Valley Ln10003+NYSunnyvale Rd+10003|NYSunnyvale Rd10003'
-73.6684,40.7587,0,1,'NYCedar Dr W10003|NYCedar Dr W10003+NYCedar Dr S+10003|NYCedar Dr S10003+NYCedar Dr+10003|NYCedar Dr10003'
-73.6683,40.7692,0,1,'NYWhitewood Dr10003+NYWoodcrest Dr+10003|NYWoodcrest Dr10003'
-73.6683,40.7418,0,1,'NYCentral Ave10003+NY4th St+10003|NY4th St10003'
-73.6683,40.7942,0,1,'NYSearingtown Rd10003+NYMayfair Ln+10003|NYMayfair Ln10003'
-73.6682,40.7160,0,1,'NYFranklin Pl10003'
-73.6682,40.6825,0,1,'NYCornwell Ave10003+NYDogwood Ave+10003|NYDogwood Ave10003'
-73.6682,40.7619,0,1,'NYLords Way10003|NYLords Way10003+NYShelter Rock Rd+10003'
-73.6681,40.6942,0,1,'NYRobert Ave10003'
-73.6680,40.6421,0,1,'NYGrant Ave10003'
-73.6680,40.7466,0,1,'NYBolton Rd10003|NYBolton Rd10003+NYMarcus Ave+10003'
-73.6679,40.7805,0,1,'NYYale Dr10003|NYYale Dr10003+NYYale Dr+10003'
-73.6678,40.6819,0,1,'NYGerard Ave W10003|NYGerard Ave W10003+NYDogwood Ave+10003'
-73.6676,40.7522,1,0,'NYFarrel St10003|NYFarrel St10003+NYHillside Ave+10003|NYFarrel St10003+NYState Rte 25B+10003'
-73.6675,40.7691,0,1,'NYWhitewood Dr10003'
-73.6675,40.6723,0,1,'NYJohnson Ave10003|NYJohnson Ave10003+NYHawthorne Pl+10003'
-73.6675,40.7446,0,1,'NYBretton Rd10003|NYBretton Rd10003+NY7th St+10003'
-73.6674,40.6731,0,1,'NYWright Ave10003+NYHawthorne Pl+10003|NYHawthorne Pl10003'
-73.6672,40.6943,0,1,'NYAdonia St10003|NYAdonia St10003+NYDogwood Ave+10003'
-73.6671,40.7677,0,1,'NYI U Willets Rd10003+NYCarriage Rd+10003|NYCarriage Rd10003'
-73.6671,40.7469,0,1,'NYPark Cir W10003+NYBirchwood Dr+10003|NYBirchwood Dr10003'
-73.6670,40.8291,0,1,'NYN Overlook10003+NYHarbor View Dr+10003|NYHarbor View Dr10003'
-73.6670,40.6950,0,14,'NYEdward Ter10003|NYEdward Ter10003+NYDogwood Ave+10003'
-73.6668,40.7400,0,1,'NY1st St10003+NYCentral Ave+10003'
-73.6668,40.5841,0,13,'NYNational Blvd10003'
-73.6667,40.6419,0,1,'NYWaldo Ave10003'
-73.6667,40.7519,0,1,'NYPark W10003|NYPark W10003+NYPark W+10003|NYPark W10003+NYPark W Tl+10003|NYPark W Tl10003|NYPark W Tl10003+NYPark W+10003'
-73.6667,40.7690,0,1,'NYOakridge Ln10003'
-73.6667,40.6968,0,1,'NYCornell Rd10003|NYCornell Rd10003+NYDogwood Ave+10003'
-73.6666,40.6817,0,1,'NYGerard Ave W10003|NYGerard Ave W10003+NYSeeley Ct+10003|NYSeeley Ct10003'
-73.6666,40.7272,0,1,'NYStratford Ave10003+NYSackville Rd+10003|NYSackville Rd10003'
-73.6665,40.7300,0,1,'NYSackville Rd10003|NYSackville Rd10003+NYNewmarket Rd+10003'
-73.6665,40.7496,1,0,'NYStrattford Rd10003'
-73.6665,40.7489,0,1,'NYDevonshire Dr10003+NYPark Cir E+10003|NYDevonshire Dr10003+NYPark Cir+10003|NYPark Cir E10003|NYPark Cir E10003+NYPark Cir W+10003|NYPark Cir10003|NYPark Cir10003+NYPark Cir W+10003|NYPark Cir W10003'
-73.6665,40.7584,0,2,'NYCenter Dr10003'
-73.6664,40.7573,0,1,'NYNorth St10003'
-73.6664,40.8102,0,1,'NYCountry Club Dr10003|NYCountry Club Dr10003+NYHewlett Ln+10003|NYCountry Club Dr10003+NYCountry Club Dr+10003'
-73.6662,40.6949,0,11,'NYEdward Ter10003+NYTheresa Ave+10003|NYTheresa Ave10003'
-73.6662,40.7499,0,2,'NYPark W10003'
-73.6662,40.6901,0,1,'NYHawthorne St10003|NYHawthorne St10003+NYEvergreen Dr+10003|NYEvergreen Dr10003'
-73.6660,40.6377,0,1,'NYRhame Ave10003+NYAdams St+10003'
-73.6660,40.8078,0,1,'NYCountry Club Dr10003|NYCountry Club Dr10003+NYBrookside Dr+10003'
-73.6660,40.7396,0,1,'NY7th Ave10003|NY7th Ave10003+NYJericho Tpke+10003|NY7th Ave10003+NYState Rte 25+10003'
-73.6659,40.6887,0,1,'NYWashington St10003'
-73.6659,40.6948,0,6,'NYLawrence Rd10003|NYLawrence Rd10003+NYEdward Ter+10003'
-73.6658,40.7518,0,1,'NYPark E10003|NYPark E10003+NYPark E+10003'
-73.6657,40.7115,0,1,'NY6th Pl10003'
-73.6656,40.7696,0,2,'NYBirch Dr10003'
-73.6655,40.7600,0,1,'NYEast St10003'
-73.6654,40.6445,0,1,'NYDonald Pl10003'
-73.6654,40.6483,0,1,'NYAtlantic Ave10003+NYGrant Ave+10003|NYGrant Ave10003'
-73.6652,40.7379,0,1,'NYBedford Ave10003+NY7th Ave+10003|NY7th Ave10003'
-73.6652,40.7923,0,1,'NYThe Glenada10003+NYThe Oaks+10003|NYThe Oaks10003'
-73.6652,40.6498,0,1,'NYGreenville Ct10003|NYGreenville Ct10003+NYForest Ave+10003'
-73.6651,40.7665,0,3,'NYShrub Hollow Rd N10003|NYShrub Hollow Rd N10003+NYHamilton Dr+10003|NYShrub Hollow Rd N10003+NYHrub Hollow Rd N+10003|NYHamilton Dr10003|NYHamilton Dr10003+NYHrub Hollow Rd N+10003|NYHamilton Dr10003+NYShrub Hollow Rd+10003|NYHrub Hollow Rd N10003'
-73.6651,40.6393,0,1,'NYRhame Ave10003+NYAlthouse Ave+10003|NYAlthouse Ave10003'
-73.6649,40.6640,0,2,'NYRolling St10003+NYLawrence Ave+10003|NYLawrence Ave10003'
-73.6649,40.6941,0,10,'NYEdward Ter10003+NYDunster Dr+10003|NYDunster Dr10003'
-73.6648,40.6054,0,1,'NYLincoln Ave10003'
-73.6648,40.6494,0,1,'NYForest Ave10003'
-73.6647,40.6542,0,1,'NYDenton Ave10003+NYManor Rd+10003'
-73.6647,40.6401,0,1,'NYRhame Ave10003+NYAlice Ct+10003|NYAlice Ct10003'
-73.6647,40.7771,1,1,'NYEdgemere Dr10003|NYWhittier Dr10003'
-73.6646,40.6867,0,2,'NYMaple Pl10003|NYMaple Pl10003+NYWall St+10003'
-73.6646,40.7248,0,2,'NYStewart Ave10003+NYMeadbrook Rd+10003|NYMeadbrook Rd10003'
-73.6643,40.6780,0,1,'NYCoral Ct10003|NYCoral Ct10003+NYOcean Ave+10003'
-73.6640,40.6433,0,1,'NYRhame Ave10003'
-73.6640,40.6691,0,1,'NYN Devon St10003'
-73.6640,40.7422,1,0,'NYNassau Blvd10003+NY2nd St+10003|NY2nd St10003'
-73.6640,40.5862,0,1,'NYE Beech St10003|NYE Beech St10003+NYW Beech St+10003|NYE Beech St10003+NYEdwards Blvd+10003|NYW Beech St10003|NYW Beech St10003+NYEdwards Blvd+10003'
-73.6640,40.5847,0,2,'NYE Broadway10003|NYE Broadway10003+NYW Broadway+10003|NYE Broadway10003+NYEdwards Blvd+10003|NYW Broadway10003|NYW Broadway10003+NYEdwards Blvd+10003'
-73.6639,40.7093,0,2,'NY8th St10003'
-73.6639,40.7755,0,1,'NYElm Dr10003'
-73.6639,40.7101,0,3,'NYMargaret St10003|NYMargaret St10003+NYRoxbury Rd S+10003'
-73.6638,40.6843,0,1,'NYLaurel Dr10003'
-73.6637,40.6938,0,1,'NYSteven Ave10003|NYSteven Ave10003+NYSteven Ave+10003|NYSteven Ave10003+NYBuxton Ave+10003|NYBuxton Ave10003'
-73.6637,40.7215,0,1,'NYRoxbury Rd10003+NYSalisbury Ave+10003|NYSalisbury Ave10003'
-73.6636,40.6815,1,0,'NYEmerson Dr10003|NYEmerson Dr10003+NYHempstead Ave+10003'
-73.6634,40.8001,0,2,'NYW Ridge Dr10003+NYPeachtree Ln+10003|NYRidge Dr W10003+NYPeachtree Ln+10003|NYPeachtree Ln10003'
-73.6634,40.7764,0,1,'NYRidge Rd10003+NYFairview Dr+10003|NYFairview Dr10003'
-73.6634,40.6529,0,1,'NYMelrose Ave10003+NYJarvis Pl+10003|NYJarvis Pl10003'
-73.6633,40.7978,0,1,'NYThe Oaks10003'
-73.6633,40.6054,1,0,'NYJefferson Ave10003'
-73.6632,40.7527,1,1,'NYHillside Ave10002+NYKent St+10002|NYKent St10003|NYKent St10003+NYState Rte 25B+10003'
-73.6632,40.6832,2,0,'NYTaylor Rd10003|NYTaylor Rd10003+NYHempstead Ave+10003'
-73.6631,40.6387,0,1,'NYCammerer Ave10003|NYCammerer Ave10003+NYAlthouse Ave+10003'
-73.6631,40.6548,0,1,'NYManor Rd10003|NYManor Rd10003+NYRocklyn Ave+10003'
-73.6630,40.6688,0,1,'NYAberdeen St10003+NYYork St+10003|NYYork St10003'
-73.6630,40.7410,0,1,'NYNassau Blvd10003+NYJericho Tpke+10003|NYNassau Blvd10003+NYState Rte 25+10003'
-73.6630,40.6654,0,1,'NYDriving Park Ave10003|NYDriving Park Ave10003+NYChristabel St+10003'
-73.6630,40.6971,0,1,'NYPaul Pl10003+NYWestern Park Dr+10003|NYWestern Park Dr10003'
-73.6629,40.7920,0,1,'NYThe Oaks10003'
-73.6629,40.6382,0,1,'NYAngle Sea Pl10003|NYAngle Sea Pl10003+NY2nd Ave+10003'
-73.6628,40.7231,0,1,'NYNorth Ave10003+NYWellington Rd+10003|NYWellington Rd10003'
-73.6628,40.7348,0,1,'NYMerillon Ave10003|NYMerillon Ave10003+NYMain Ave+10003|NYMerillon Ave10003+NYMain St+10003|NYMerillon Ave10003+NYWellington Rd+10003|NYMain Ave10003+NYWellington Rd+10003|NYMain St10003+NYWellington Rd+10003|NYWellington Rd10003'
-73.6623,40.6502,0,1,'NYWilson St10003|NYWilson St10003+NYClark St+10003'
-73.6622,40.7482,0,4,'NYBixley Dr10003'
-73.6622,40.6985,1,2,'NYRhoda St10003|NYRhoda St10003+NYBaldwin Dr+10003'
-73.6621,40.7517,0,1,'NYDaley St10003|NYDaley St10003+NYTenafly Dr+10003'
-73.6621,40.7557,0,1,'NYMoore St10003+NYQuaker St+10003|NYQuaker St10003'
-73.6620,40.7800,0,1,'NYSearingtown Rd10003+NYService Rd+10003'
-73.6619,40.7232,0,1,'NYEuston Rd10003'
-73.6619,40.7228,0,1,'NYSouth Ave10003+NYEuston Rd+10003|NYEuston Rd10003'
-73.6619,40.7350,1,0,'NYEuston Rd10003|NYEuston Rd10003+NYMerillon Ave+10003|NYMerillon Ave10003|NYMerillon Ave10003+NYMerillon Ave+10003'
-73.6618,40.6650,0,1,'NYCharles St10003+NYRuth Pl+10003|NYRuth Pl10003'
-73.6615,40.6918,0,1,'NYColonade Rd10003'
-73.6615,40.6849,0,1,'NYLawrence Ct10003'
-73.6614,40.7739,0,1,'NYBirch Hill10003'
-73.6613,40.6009,0,1,'NYDeal Rd10003|NYDeal Rd10003+NYSuffolk Rd+10003'
-73.6611,40.5894,0,3,'NYE Chester St10003'
-73.6611,40.7033,0,1,'NYBell St10003'
-73.6610,40.7027,0,1,'NYNassau Blvd10003+NYDogwood Ave+10003|NYDogwood Ave10003'
-73.6609,40.5988,0,1,'NYMorrison Walk10003'
-73.6609,40.7176,0,1,'NYNassau Blvd10003|NYNassau Blvd10003+NYCambridge Ave+10003'
-73.6609,40.7789,0,1,'NYSearingtown Rd10003|NYSearingtown Rd10003+NYSearingtown Rd N+10003|NYSearingtown Rd N10003'
-73.6608,40.7485,0,1,'NYWilson Blvd10003'
-73.6607,40.7000,0,1,'NYDavid St10003'
-73.6606,40.7455,0,1,'NYKate Dr10003'
-73.6605,40.7778,0,3,'NYWhittier Dr10003'
-73.6604,40.6398,0,1,'NYE Rockaway Rd10003|NYE Rockaway Rd10003+NYSkippy Way+10003|NYE Rockaway Rd10003+NYDock St+10003|NYE Rockaway Rd10003+NYOcean Ave+10003|NYSkippy Way10003|NYSkippy Way10003+NYMain St+10003|NYSkippy Way10003+NYDock St+10003|NYSkippy Way10003+NYOcean Ave+10003|NYMain St10003|NYMain St10003+NYDock St+10003|NYMain St10003+NYOcean Ave+10003|NYDock St10003|NYDock St10003+NYOcean Ave+10003|NYOcean Ave10003'
-73.6600,40.7665,0,2,'NYSugar Maple Dr10003+NYFiesta Dr+10003|NYFiesta Dr10003'
-73.6600,40.6816,0,1,'NYWalden Pl10003|NYWalden Pl10003+NYMohawk Rd+10003|NYWalden Pl10003+NYMohawk Rd W+10003'
-73.6600,40.7574,0,1,'NYNorman St10003+NYScott St+10003|NYScott St10003'
-73.6599,40.7764,0,1,'NYParkview Dr10003|NYParkview Dr10003+NYHilltop Rd+10003'
-73.6598,40.5929,1,0,'NYRiverside Blvd10003'
-73.6596,40.8028,0,1,'NYSpruce Dr10003'
-73.6596,40.7229,0,1,'NYKilburn Rd10003'
-73.6596,40.7356,0,1,'NYKilburn Rd10003|NYKilburn Rd10003+NYMain Ave+10003|NYKilburn Rd10003+NYMain St+10003'
-73.6595,40.7488,0,2,'NYSchumacher Dr10003'
-73.6594,40.7386,4,4,'NYCornelia Ave10003+NYPark Ave+10003'
-73.6593,40.6556,0,1,'NYWyoming Ave10003|NYWyoming Ave10003+NYLakewood Blvd+10003'
-73.6593,40.6431,0,2,'NYDavison Plz10003|NYDavison Plz10003+NYOcean Ave+10003'
-73.6592,40.7555,0,1,'NYNorman St10003|NYNorman St10003+NYPrince St+10003'
-73.6592,40.6927,0,1,'NYLester Ct10003'
-73.6591,40.7137,0,1,'NYTerrace Ave10003'
-73.6591,40.7962,0,2,'NYThe Birches10003+NYThe Fenway+10003|NYThe Fenway10003'
-73.6591,40.6943,0,1,'NYMadison Ave10003'
-73.6590,40.7730,0,2,'NYParkview Dr10003+NYDogwood Rd+10003'
-73.6590,40.7009,0,1,'NYRoy St10003'
-73.6590,40.7513,4,1,'NYStoothoff Dr10003+NYKemp Ln+10003|NYKemp Ln10003'
-73.6589,40.6569,0,8,'NYLakewood Blvd10003'
-73.6589,40.7719,0,1,'NYParkview Dr10003+NYHilldale Dr+10003'
-73.6588,40.6927,0,1,'NYAdams Ave10003+NYLester Ct+10003'
-73.6587,40.6559,0,10,'NYMerton Ave10003'
-73.6587,40.7231,0,1,'NYBrixton Rd10003|NYBrixton Rd10003+NYNorth Ave+10003'
-73.6586,40.7023,0,1,'NYWilson St10003'
-73.6586,40.7168,0,1,'NYWydler Ct10003'
-73.6583,40.6619,0,1,'NYMonroe St10003|NYMonroe St10003+NYOcean Ave+10003'
-73.6582,40.7002,0,1,'NYS Cherry Valley Ave10003+NYCoolidge St+10003'
-73.6582,40.5835,0,2,'NYLong Beach Blvd10003'
-73.6581,40.6270,0,2,'NYWeidner Ave10003+NYPierce St+10003|NYPierce St10003'
-73.6578,40.7022,0,1,'NYWilson St10003+NYS Cherry Valley Ave+10003'
-73.6578,40.7228,0,1,'NYSouth Ave10003+NYKensington Rd+10003|NYKensington Rd10003'
-73.6578,40.7786,0,1,'NYMorley Ct10003'
-73.6577,40.7885,0,1,'NYThe Tulips10003'
-73.6577,40.6960,0,1,'NYMadison Ave10003+NYMcKinley St+10003'
-73.6577,40.6306,0,1,'NYShore Rd10003'
-73.6576,40.6925,0,1,'NYLester Ct10003|NYLester Ct10003+NYHempstead Ave+10003'
-73.6574,40.7697,0,1,'NYSearingtown Rd S10003|NYSearingtown Rd S10003+NYI U Willets Rd+10003|NYSearingtown Rd S10003+NYSearingtown Rd N+10003|NYI U Willets Rd10003+NYSearingtown Rd N+10003|NYSearingtown Rd N10003'
-73.6574,40.7940,0,1,'NYThe Maples10003|NYThe Maples10003+NYThe Birches+10003'
-73.6572,40.7710,0,1,'NYSunset Rd N10003|NYSunset Rd N10003+NYSunset Rd W+10003|NYSunset Rd W10003'
-73.6571,40.6942,0,1,'NYCollins Ln10003+NYLangley Ave+10003|NYLangley Ave10003'
-73.6569,40.8036,0,1,'NYOakwood Cir10003'
-73.6569,40.7830,0,1,'NYVista Ct10003'
-73.6569,40.6548,0,1,'NYVillage Ave10003+NYHampton Rd+10003|NYHampton Rd10003'
-73.6568,40.5930,0,3,'NYE Harrison St10003|NYE Harrison St10003+NYLong Beach Blvd+10003'
-73.6568,40.6296,0,1,'NYWeidner Ave10003+NYMatthew St+10003|NYMatthew St10003'
-73.6568,40.5974,0,1,'NYLong Beach Blvd10003+NYRailroad Pl+10003'
-73.6567,40.7175,0,1,'NYWhitehall Blvd10003|NYWhitehall Blvd10003+NYCambridge Ave+10003|NYWhitehall Blvd10003+NYWhitehall Blvd S+10003|NYCambridge Ave10003+NYWhitehall Blvd S+10003|NYWhitehall Blvd S10003'
-73.6565,40.6838,0,1,'NYTaylor Rd10003'
-73.6562,40.6953,0,1,'NYMcKinley St10003+NYLangley Ave+10003'
-73.6562,40.6895,0,2,'NYOakford St10003+NYArthur St+10003|NYArthur St10003'
-73.6561,40.7427,0,1,'NYHerricks Rd10003+NYJefferson Pl+10003|NYJefferson Pl10003'
-73.6561,40.7989,0,1,'NYPine Dr S10003+NYShort Dr+10003|NYShort Dr10003'
-73.6560,40.6330,1,0,'NYKresse St10003'
-73.6560,40.7766,0,1,'NYWoodville Ln10003'
-73.6557,40.7318,0,3,'NYSomerset Ave10003|NYSomerset Ave10003+NYBrompton Rd+10003'
-73.6554,40.6433,0,1,'NYPearl St10003+NYRockville Ct+10003|NYRockville Ct10003'
-73.6553,40.5833,0,3,'NYMonroe Blvd10003'
-73.6552,40.6759,0,1,'NYHopatcong Ave10003|NYHopatcong Ave10003+NYMahopac Rd+10003'
-73.6552,40.6465,0,1,'NYRiver Ave10003|NYRiver Ave10003+NYDacosta Ave+10003|NYRiver Rd10003|NYRiver Rd10003+NYDacosta Ave+10003|NYDacosta Ave10003'
-73.6552,40.6976,0,1,'NYAdams Ave10003+NYRoosevelt Blvd+10003'
-73.6551,40.7880,0,1,'NYVilla St10003|NYVilla St10003+NYBurnham Ave+10003'
-73.6550,40.7854,0,1,'NYMacgregor Ave10003'
-73.6550,40.6005,0,1,'NYStation Plz10003|NYStation Plz10003+NYCalifornia Pl N+10003|NYCalifornia Pl N10003'
-73.6549,40.6334,0,2,'NYRoyal Ave10003+NYWeidner Ave+10003|NYRoyal Ave10003+NYRose St+10003|NYWeidner Ave10003+NYRose St+10003|NYRose St10003'
-73.6549,40.7053,0,1,'NYPeachgrove Dr10003|NYPeachgrove Dr10003+NYHempstead Tpke+10003'
-73.6548,40.7491,0,1,'NYWilson Blvd10003+NYAndrews Rd+10003|NYAndrews Rd10003'
-73.6545,40.7291,0,1,'NYSaint Pauls Pl10003|NYSaint Pauls Pl10003+NYOxford Blvd+10003'
-73.6541,40.6989,0,1,'NYAdams Ave10003+NYCoolidge St+10003'
-73.6539,40.7987,0,1,'NYSouth Dr10003'
-73.6538,40.7540,0,1,'NYHillside Ave10002+NYFoch Blvd+10002|NYFoch Blvd10003+NYState Rte 25B+10003'
-73.6535,40.5986,0,1,'NYCarl St10003|NYCarl St10003+NYFitzroy Pl+10003|NYFitzroy Pl10003'
-73.6534,40.6934,0,1,'NYGardenia St10003'
-73.6534,40.7231,0,1,'NYHampton Rd10003'
-73.6534,40.7272,0,1,'NYStratford Ave10003|NYStratford Ave10003+NYHampton Rd+10003'
-73.6532,40.8019,0,1,'NYOld Northern Blvd10003+NYW Shore Rd+10003|NYW Shore Rd10003'
-73.6531,40.7909,0,1,'NYThe Intervale10003|NYThe Intervale10003+NYMineola Ave+10003|NYMineola Ave10003+NYWarner Ave+10003'
-73.6531,40.7518,0,3,'NYFoch Blvd10003+NYHouston Ave+10003|NYHouston Ave10003'
-73.6530,40.7717,0,1,'NYNetherwood Dr10003'
-73.6529,40.7094,0,1,'NYGrand Ave10003+NYOsborne Rd+10003|NYOsborne Rd10003'
-73.6528,40.6103,0,1,'NYNorfolk Rd10003+NYMarina Pl+10003|NYMarina Pl10003'
-73.6527,40.6590,0,7,'NYNassau St10003'
-73.6526,40.6453,0,1,'NYWaterview Rd10003|NYWaterview Rd10003+NYGlen Ct+10003|NYWaterview Rd10003+NYRockaway Ave+10003|NYWaterview Ave10003|NYWaterview Ave10003+NYGlen Ct+10003|NYWaterview Ave10003+NYRockaway Ave+10003|NYGlen Ct10003|NYGlen Ct10003+NYRockaway Ave+10003'
-73.6525,40.7023,0,1,'NYJackson Ave10003|NYJackson Ave10003+NYWalnut St+10003'
-73.6525,40.6591,1,11,'NYNassau St10003+NYClaude St+10003|NYClaude St10003'
-73.6524,40.5833,0,4,'NYLincoln Blvd10003'
-73.6523,40.6527,0,1,'NYHendrickson Ave10003+NYS Park Ave+10003'
-73.6523,40.7495,0,1,'NYFoch Blvd10003+NYBuchanan Ave+10003|NYBuchanan Ave10003'
-73.6522,40.7848,1,0,'NYN Svc Rd10003|NYN Svc Rd10003+NYOld Powerhouse Rd+10003'
-73.6522,40.7291,0,1,'NYSaint Pauls Pl10003+NYSaint Pauls Cres+10003|NYSaint Pauls Cres10003'
-73.6521,40.7890,0,2,'NYElm St10003+NYVan Nostrand Ave+10003|NYVan Nostrand Ave10003'
-73.6521,40.7247,0,1,'NYStewart Ave10003+NYChelsea Rd+10003|NYChelsea Rd10003'
-73.6520,40.6458,0,1,'NYWindsor Pl10003|NYWindsor Pl10003+NYRockaway Ave+10003'
-73.6519,40.7670,0,1,'NYShafter Ave10003'
-73.6518,40.8025,0,9,'NYLumber Rd10003'
-73.6517,40.7866,0,1,'NYVan Nostrand Ave10003'
-73.6516,40.7457,0,1,'NYJericho Tpke10002+NYEmory Rd+10002|NYEmory Rd10003|NYEmory Rd10003+NYState Rte 25+10003'
-73.6515,40.7412,0,1,'NYWhite Rd10003+NYGarfield Ave+10003'
-73.6515,40.7465,0,1,'NYSunset Ter10003'
-73.6515,40.7561,0,1,'NYMarcellus Rd10003|NYMarcellus Rd10003+NYProspect St+10003'
-73.6514,40.8385,0,1,'NYLittleworth Ln10003+NYWillow Shore Ave+10003|NYWillow Shore Ave10003'
-73.6512,40.6603,0,7,'NYBanks Ave10003'
-73.6512,40.6466,0,1,'NYRockaway Ave10003+NYDacosta Ave+10003|NYDacosta Ave10003'
-73.6511,40.6566,0,1,'NYWindsor Ave10003'
-73.6511,40.8000,0,1,'NYGlen Ave10003'
-73.6511,40.6599,0,1,'NYWilloughby Ave10003|NYWilloughby Ave10003+NYMorgan Days Ln+10003|NYWilloughby Ave10003+NYBanks Ave+10003|NYMorgan Days Ln10003|NYMorgan Days Ln10003+NYBanks Ave+10003'
-73.6509,40.7536,0,1,'NYYork Pl10003|NYYork Pl10003+NYMarcellus Rd+10003'
-73.6507,40.6574,0,1,'NYBanks Ave10003'
-73.6507,40.7396,0,1,'NYWhite Rd10003|NYWhite Rd10003+NY1st St+10003'
-73.6505,40.7388,0,1,'NYRichlee Ct10003'
-73.6505,40.7994,0,1,'NYTower St10003|NYTower St10003+NYMain St+10003|NYTower Pl10003|NYTower Pl10003+NYMain St+10003'
-73.6504,40.6646,0,2,'NYParkwood Ct10003'
-73.6502,40.6630,0,1,'NYWellington St10003'
-73.6502,40.6999,0,1,'NYHempstead Ave10003+NYSpruce St+10003|NYSpruce St10003'
-73.6501,40.7945,0,1,'NYMichael Ct10003'
-73.6501,40.7113,0,1,'NYArden Blvd10003'
-73.6501,40.7851,1,1,'NYGarfield Pl10003|NYGarfield Pl10003+NYOld Powerhouse Rd+10003'
-73.6498,40.7399,1,1,'NY1st St10003+NYLatham Rd+10003|NYLatham Rd10003'
-73.6498,40.7524,0,1,'NYHouston Ave10003+NYWellington Rd+10003|NYWellington Rd10003'
-73.6497,40.6909,0,1,'NYLopez Dr10003'
-73.6497,40.7807,1,0,'NYPrinceton St10003|NYPrinceton St10003+NYStratford N+10003|NYPrinceton St10003+NYWillis Ave+10003|NYStratford N10003|NYStratford N10003+NYWillis Ave+10003'
-73.6496,40.8576,0,1,'NYGarvies Point Rd10003'
-73.6496,40.7707,1,0,'NYI U Willets Rd10003+NYTaft Pl+10003|NYTaft Pl10003'
-73.6496,40.7394,0,1,'NYBradley Ct10003'
-73.6496,40.6589,0,1,'NYN Centre Ave10003+NYWashington St+10003|NYWashington St10003'
-73.6495,40.5833,0,4,'NYFranklin Blvd10003'
-73.6495,40.6966,2,1,'NYLewis St10003'
-73.6495,40.6570,0,1,'NYMerrick Rd10003'
-73.6494,40.6569,1,1,'NYMerrick Rd10003'
-73.6494,40.7864,0,1,'NYMineola Ave10003+NYHigh St+10003|NYHigh St10003'
-73.6492,40.7675,0,1,'NYFunston Ave10003+NYBagley Ave+10003|NYBagley Ave10003'
-73.6491,40.6662,0,1,'NYLakeview Ave10003+NYBroadway+10003|NYBroadway10003'
-73.6491,40.6568,0,1,'NYMerrick Rd10003'
-73.6489,40.6950,0,1,'NYWoodfield Rd10003+NYChestnut St+10003'
-73.6489,40.6544,0,1,'NYLincoln Ct10003'
-73.6489,40.7848,0,1,'NYWillis Ave10003|NYWillis Ave10003+NYMineola Ave+10003|NYMineola Ave10003'
-73.6489,40.7508,0,1,'NYBuchanan Ave10003+NYWellington Rd+10003'
-73.6488,40.6456,1,0,'NYColonial Pl10003|NYColonial Pl10003+NYGlenwood Ct+10003'
-73.6487,40.7737,0,1,'NYWoodhollow Rd10003|NYWoodhollow Rd10003+NYBerry Pl+10003'
-73.6486,40.7006,0,1,'NYSycamore St10003+NYHempstead Ave+10003'
-73.6486,40.6585,0,4,'NYFront St10003'
-73.6483,40.6015,0,1,'NYTraymore Blvd10003+NYNew York Ave+10003'
-73.6483,40.6988,0,1,'NYLindberg St10003+NYPlymouth St+10003'
-73.6482,40.6808,0,2,'NYMelvin Ave10003'
-73.6482,40.7621,0,1,'NYPark Ave10003+NYFranklin St+10003|NYFranklin St10003'
-73.6482,40.7564,0,1,'NYCapitol Ave10003|NYCapitol Ave10003+NYProspect St+10003'
-73.6482,40.6258,0,1,'NYMurray Dr10003|NYMurray Dr10003+NYOceanlea Dr+10003|NYOceanlea Dr10003'
-73.6482,40.7405,0,1,'NYEmory Rd10003|NYEmory Rd10003+NY1st St+10003'
-73.6480,40.6556,0,1,'NYLincoln Ave10003+NYS Village Ave+10003'
-73.6480,40.7607,0,2,'NYPark Ave10003+NYRemsen St+10003|NYRemsen St10003'
-73.6479,40.6585,0,1,'NYN Village Ave10003+NYFront St+10003'
-73.6478,40.7765,0,1,'NYPark Pl10003'
-73.6478,40.6506,0,1,'NYShellbank Pl10003+NYRockaway Ave+10003'
-73.6477,40.7908,0,1,'NYJefferson Ave10003+NYGarden St+10003'
-73.6476,40.6615,1,1,'NYOsborne Pl10003|NYOsborne Pl10003+NYHempstead Ave+10003'
-73.6476,40.6565,0,1,'NYS Village Ave10003'
-73.6476,40.6521,0,1,'NYPark Pl10003|NYPark Pl10003+NYRockaway Ave+10003'
-73.6475,40.6519,0,1,'NYRockaway Ave10003+NYWoods Ave+10003|NYWoods Ave10003'
-73.6474,40.8419,0,1,'NYLittleworth Ln10003+NYWoodridge Ln+10003|NYWoodridge Ln10003'
-73.6474,40.7915,0,1,'NYEdwards St10003|NYEdwards St10003+NYWarner Ave+10003'
-73.6471,40.7555,0,1,'NYState Rte 25B10002+NYPark Ave+10002|NYHillside Ave10002+NYPark Ave+10002|NYPark Ave10003'
-73.6470,40.7022,1,1,'NYWillets Ave10003+NYElton St+10003|NYElton St10003|NYElton St10003+NYWilletts Ave+10003'
-73.6470,40.7827,0,1,'NYSouth Ct10003|NYSouth Ct10003+NYEast Ct+10003|NYEast Ct10003'
-73.6470,40.6476,0,2,'NYDriscoll Ave10003'
-73.6469,40.7644,0,1,'NYWillis Ave10003+NYSyracuse St+10003|NYSyracuse St10003'
-73.6468,40.5902,0,1,'NYE Market St10003|NYE Market St10003+NYNeptune Blvd+10003'
-73.6467,40.5895,0,2,'NYNeptune Blvd10003+NYE Chester St+10003|NYE Chester St10003'
-73.6467,40.5894,0,1,'NYE Chester St10003|NYE Chester St10003+NYNeptune Blvd+10003'
-73.6467,40.5834,0,1,'NYNeptune Blvd10003'
-73.6467,40.7797,0,1,'NYOxford St10003'
-73.6464,40.6492,0,1,'NYWoodland Ave10003|NYWoodland Ave10003+NYWoods Ave+10003'
-73.6463,40.6652,0,1,'NYLakeview Ave10003+NYRoosevelt Pl+10003|NYRoosevelt Pl10003'
-73.6463,40.6850,0,2,'NYWren Ct10003|NYWren Ct10003+NYRobin Ct+10003'
-73.6463,40.7917,0,1,'NYWarner Ave10003+NYCarlyle Pl+10003|NYCarlyle Pl10003'
-73.6463,40.6528,0,1,'NYRoxbury Rd10003|NYRoxbury Rd10003+NYRockaway Ave+10003'
-73.6462,40.7947,0,4,'NYRoslyn Rd10003|NYRoslyn Rd10003+NYE Broadway+10003|NYE Broadway10003|NYE Broadway10003+NYMain St+10003'
-73.6462,40.7102,0,1,'NYMayfair Ave10003+NYGroton Pl+10003|NYGroton Pl10003'
-73.6462,40.6470,0,1,'NYCleveland Ave10003+NYClydesdale Ct+10003|NYClydesdale Ct10003'
-73.6454,40.7462,0,2,'NYJefferson Ave10003|NYJefferson Ave10003+NYHorton Hwy+10003'
-73.6453,40.6562,0,1,'NYS Park Ave10003|NYS Park Ave10003+NYN Park Ave+10003|NYN Park Ave10003'
-73.6453,40.6994,0,1,'NYWoodlawn Rd10003|NYWoodlawn Rd10003+NYWoodfield Rd+10003'
-73.6453,40.6316,0,1,'NYW Cortland Ave10003|NYW Cortland Ave10003+NYFulton Ave+10003'
-73.6453,40.6473,0,1,'NYCleveland Ave10003+NYWoods Ave+10003'
-73.6453,40.6142,0,1,'NYEnman Rd10003|NYEnman Rd10003+NYLong Beach Rd+10003'
-73.6452,40.7733,0,1,'NYMeadow Dr10003'
-73.6451,40.7413,0,1,'NY1st St10003+NYFleet Pl+10003|NYFleet Pl10003'
-73.6450,40.6584,0,2,'NYN Park Ave10003+NYFront St+10003|NYFront St10003'
-73.6449,40.5894,0,1,'NYE Chester St10003+NYArmour St+10003|NYArmour St10003'
-73.6448,40.7852,0,1,'NYCoolidge St10003|NYCoolidge St10003+NYCoolidge Ave+10003|NYCoolidge Ave10003'
-73.6447,40.7380,0,2,'NY7th Ave10003'
-73.6443,40.7919,0,1,'NYGarden St10003|NYGarden St10003+NYWarner Ave+10003'
-73.6442,40.8047,1,0,'NYState Rte 25A10002+NYSinclair Martin Dr+10002|NYSinclair Martin Dr10003|NYSinclair Martin Dr10003+NYNorthern Blvd+10003'
-73.6441,40.7184,0,7,'NYRockaway Ave10003+NY4th St+10003|NY4th St10003'
-73.6441,40.6626,0,1,'NYMilford Pl10003|NYMilford Pl10003+NYOhio St+10003|NYOhio St10003'
-73.6441,40.8503,1,1,'NYReservoir St10003|NYReservoir St10003+NY8th Ave+10003'
-73.6440,40.7151,0,1,'NY2nd St10003|NY2nd St10003+NYRockaway Ave+10003'
-73.6440,40.6981,0,1,'NYHempstead Gardens Dr10003+NYBedell Ter+10003|NYBedell Ter10003'
-73.6439,40.7125,0,1,'NYWestminster Rd10003|NYWestminster Rd10003+NYRockaway Ave+10003|NYWestminster Rd10003+NYWestminster Rd+10003|NYRockaway Ave10003|NYRockaway Ave10003+NYRockaway Ave+10003|NYRockaway Ave10003+NYWestminster Rd+10003'
-73.6438,40.7416,0,1,'NY1st St10003+NYWellington Rd+10003|NYWellington Rd10003'
-73.6438,40.7092,0,1,'NYWestminster Rd10003+NYGroton Pl+10003|NYGroton Pl10003|NYGroton Pl10003+NYRockaway Ave+10003'
-73.6438,40.5834,0,1,'NYRoosevelt Blvd10003'
-73.6438,40.7284,0,1,'NY10th St10003+NYCarteret Pl+10003|NYCarteret Pl10003'
-73.6437,40.6646,0,1,'NYHempstead Ave10003+NYYale Pl+10003|NYYale Pl10003'
-73.6436,40.6464,0,1,'NYChester St10003'
-73.6436,40.7050,0,1,'NYWestminster Rd10003|NYWestminster Rd10003+NYRockaway Rd+10003|NYWestminster Rd10003+NYHempstead Tpke+10003|NYWestminster Rd10003+NYWestminster Rd+10003|NYRockaway Ave10003|NYRockaway Ave10003+NYRockaway Rd+10003|NYRockaway Ave10003+NYHempstead Tpke+10003|NYRockaway Ave10003+NYWestminster Rd+10003|NYRockaway Rd10003|NYRockaway Rd10003+NYHempstead Tpke+10003|NYHempstead Tpke10002+NYWestminster Rd+10002'
-73.6435,40.7928,1,1,'NYRailroad Ave10003|NYRailroad Ave10003+NYWarner Ave+10003|NYWarner Ave10003'
-73.6434,40.7532,1,1,'NYMcClellan Ave10003|NYMcClellan Ave10003+NYWillis Ave+10003'
-73.6434,40.7393,0,1,'NYStation Rd10003'
-73.6434,40.7916,0,1,'NYLincoln Ave10003'
-73.6433,40.7903,0,3,'NYChurch St10003'
-73.6432,40.7424,0,1,'NYHarrison Ave10003|NYHarrison Ave10003+NYHorton Hwy+10003'
-73.6432,40.7708,0,2,'NYLynton Rd10003'
-73.6431,40.5849,0,1,'NYE Broadway10003+NYTaft Ave+10003|NYTaft Ave10003'
-73.6431,40.7470,0,1,'NYJefferson Ave10003+NYMineola Blvd+10003'
-73.6431,40.8081,1,0,'NYMuseum Dr10003'
-73.6431,40.6681,0,1,'NYHarvard Ave10003+NYArgyle Pl+10003'
-73.6429,40.6060,0,1,'NYBeachview Ave10003|NYBeachview Ave10003+NYTrafalgar Blvd+10003'
-73.6428,40.7003,0,1,'NYMulberry Ln10003'
-73.6428,40.6848,1,1,'NYSouthern State Pkwy Lp10003'
-73.6426,40.6138,0,1,'NYJamaica Ave10003|NYJamaica Ave10003+NYNevada Ave+10003'
-73.6424,40.6693,0,1,'NYHarvard Ave10003+NYCambridge St+10003|NYCambridge St10003'
-73.6424,40.6266,0,1,'NYVirginia Ave10003'
-73.6422,40.6696,0,1,'NYHarvard Ave10003+NYVarick Ct+10003|NYVarick Ct10003'
-73.6422,40.7428,0,1,'NYHarrison Ave10003+NY3rd Ave+10003|NY3rd Ave10003'
-73.6420,40.5849,0,1,'NYE Broadway10003+NYCoolidge Ave+10003|NYCoolidge Ave10003'
-73.6420,40.8119,2,1,'NYHarbor Ln10003'
-73.6419,40.6954,0,1,'NYLinden St10003'
-73.6418,40.7833,0,1,'NYHilltop Ln10003'
-73.6416,40.6558,0,1,'NYDavison Pl10003'
-73.6415,40.6669,0,1,'NYHempstead Ave10003+NYRaymond St+10003|NYRaymond St10003'
-73.6415,40.6087,1,1,'NYOhio Pl10003'
-73.6415,40.7911,0,1,'NYOrchard Ct10003|NYOrchard Ct10003+NYOrchard St+10003|NYOrchard St10003'
-73.6412,40.6741,0,1,'NYCornwell St10003|NYCornwell St10003+NYN Village Ave+10003'
-73.6412,40.6637,0,1,'NYWalnut Ave10003+NYBurtis Ave+10003'
-73.6412,40.7114,0,1,'NYSaint Pauls Pl10003+NYBedell Ave+10003'
-73.6412,40.7852,0,1,'NYLinden St10003'
-73.6411,40.6413,0,1,'NYLower Lincoln Ave10003|NYLower Lincoln Ave10003+NYWoods Ave+10003|NYLincoln Ave10003+NYWoods Ave+10003|NYWoods Ave10003'
-73.6411,40.7401,0,3,'NY3rd Ave10003|NY3rd Ave10003+NYStation Rd+10003'
-73.6408,40.7394,1,1,'NY3rd Ave10003+NY3rd St+10003|NY3rd St10003'
-73.6407,40.7485,0,1,'NYWashington Ave10003+NYWillis Ave+10003'
-73.6406,40.7703,0,1,'NYCroyden Ct10003|NYCroyden Ct10003+NYHilldale Rd+10003'
-73.6405,40.7976,0,1,'NYAsh Dr10003+NYPoplar Dr+10003|NYPoplar Dr10003'
-73.6405,40.6556,0,1,'NYS Marion Pl10003'
-73.6405,40.5894,0,1,'NYE Chester St10003+NYVinton St+10003|NYVinton St10003'
-73.6403,40.7590,0,1,'NYBrown St10003'
-73.6403,40.7415,0,1,'NY2nd St10003+NYMineola Blvd+10003'
-73.6402,40.7675,0,1,'NYValentine Dr10003'
-73.6402,40.7239,3,24,'NY7th St10003+NYHuubbll Plz+10003|NYHuubbll Plz10003'
-73.6401,40.7287,2,1,'NYHilton Ave10003+NY10th St+10003'
-73.6399,40.6737,0,1,'NYCornwell St10003|NYCornwell St10003+NYHarvard Ave+10003'
-73.6398,40.7404,0,1,'NYMineola Blvd10003+NYStation Rd+10003|NYStation Rd10003'
-73.6398,40.7232,0,2,'NYHuubbll Plz10003'
-73.6397,40.7230,0,1,'NYPark Ave10003'
-73.6396,40.7713,1,0,'NYCampbell Pkwy10003'
-73.6395,40.8255,0,1,'NYScudders Ln10003+NYShaun Ridge+10003|NYShaun Ridge10003'
-73.6394,40.7224,0,2,'NYPark Ave10003|NYPark Ave10003+NY6th St+10003'
-73.6394,40.8035,0,1,'NYArlington Cir10003'
-73.6393,40.7072,0,1,'NYArgyle Rd10003|NYArgyle Rd10003+NYStevens Ave+10003|NYArgyle Rd10003+NYBedell Ave+10003|NYStevens Ave10003+NYBedell Ave+10003|NYBedell Ave10003'
-73.6392,40.7390,1,0,'NYMineola Blvd10003|NYMineola Blvd10003+NYFranklin Ave+10003|NYFranklin Ave10003'
-73.6392,40.7859,0,1,'NYRussell St10003|NYRussell St10003+NYRoslyn Rd+10003'
-73.6391,40.6325,0,1,'NY4th St10003|NY4th St10003+NYLand Pl+10003|NYLand Pl10003'
-73.6390,40.5841,0,1,'NYShore Rd10003'
-73.6390,40.8142,0,1,'NYHarbor Ln10003'
-73.6388,40.7796,0,1,'NYCarriage Ln10003|NYCarriage Ln10003+NYRoslyn Rd+10003'
-73.6388,40.6742,0,2,'NYHewitt Rd10003'
-73.6388,40.7145,0,2,'NYCathedral Ave10003+NY1st St+10003|NYCathedral Ave10003+NYAtlantic Ave+10003|NY1st St10003|NY1st St10003+NYAtlantic Ave+10003|NYAtlantic Ave10003'
-73.6387,40.5849,0,1,'NYE Broadway10003+NYCleveland Ave+10003|NYCleveland Ave10003'
-73.6387,40.7778,0,1,'NYMurray Ln10003'
-73.6387,40.7602,0,1,'NYBengeyfield Dr10003+NYOakley Ln+10003|NYOakley Ln10003'
-73.6384,40.6464,0,1,'NYFoxhurst Rd10003|NYFoxhurst Rd10003+NYLong Beach Rd+10003'
-73.6383,40.7391,0,1,'NYKellum Pl10003'
-73.6383,40.7737,0,1,'NYStirrup Ln10003'
-73.6383,40.8249,0,1,'NYMotts Cove Rd N10003+NYMotts Cove Ct N+10003|NYMotts Cove Ct N10003'
-73.6382,40.7308,1,1,'NY11th St10003+NYGolf Club Ln+10003|NYGolf Club Ln10003'
-73.6382,40.6475,0,1,'NYDuncan Pl10003|NYDuncan Pl10003+NYS Long Beach Rd+10003'
-73.6381,40.5867,0,1,'NYMaple Blvd10003+NYRedan Rd+10003|NYRedan Rd10003'
-73.6381,40.5854,0,1,'NYMaple Blvd10003+NYRichmond Rd+10003|NYRichmond Rd10003'
-73.6381,40.5849,0,1,'NYE Broadway10003|NYE Broadway10003+NYMaple Blvd+10003|NYMaple Blvd10003'
-73.6380,40.6795,0,1,'NYRoxen Rd10003|NYRoxen Rd10003+NYN Village Ave+10003'
-73.6378,40.6616,0,1,'NYLakeview Ave10003+NYN Forest Ave+10003|NYN Forest Ave10003'
-73.6376,40.7720,0,1,'NYSteeple Ln10003'
-73.6373,40.7049,0,1,'NYState Rte 10210002|NYState Rte 10210002+NYHempstead Tpke+10002|NYHempstead Ave10002|NYHempstead Ave10002+NYHempstead Tpke+10002|NYHempstead Tpke10002'
-73.6373,40.5946,0,1,'NYBlackheath Rd10003'
-73.6372,40.6378,0,1,'NYBurt Ave10003'
-73.6371,40.5881,0,1,'NYHazzard Rd10003|NYHazzard Rd10003+NYBlackheath Rd+10003'
-73.6370,40.8078,0,1,'NYHarbor Ct E10003'
-73.6370,40.7428,1,0,'NYCopley Ct10003'
-73.6369,40.8437,0,1,'NYHorace Pl10003+NYClinton St+10003'
-73.6368,40.7200,0,1,'NYHilton Ave10003+NY4th St+10003'
-73.6367,40.6442,0,2,'NYCastleton Ct10003'
-73.6366,40.7229,1,2,'NY6th St10003+NYWilmar Pl+10003|NYWilmar Pl10003'
-73.6366,40.8427,0,1,'NYRansom Ave10003+NYClinton St+10003|NYClinton St10003'
-73.6365,40.6704,0,1,'NYHamilton St10003+NYBurtis Ave+10003|NYBurtis Ave10003|NYBurtis Ave10003+NYHamilton Rd+10003'
-73.6364,40.7764,0,1,'NYLocust Ln10003|NYLocust Ln10003+NYRoslyn Rd+10003'
-73.6363,40.8516,0,3,'NYBerkeley Pl10003|NYBerkeley Pl10003+NY8th Ave+10003'
-73.6363,40.6757,0,1,'NYFountain Ave10003+NYWhitby Ct+10003|NYWhitby Ct10003'
-73.6362,40.7999,0,1,'NYBirch Dr10003'
-73.6361,40.7052,0,1,'NYHilbert St10003'
-73.6360,40.8688,0,1,'NYGrant Pl10003'
-73.6360,40.5854,0,1,'NYRichmond Rd10003+NYCarousel Ln+10003|NYCarousel Ln10003'
-73.6360,40.6378,0,1,'NYBurt Ave10003'
-73.6357,40.7297,0,1,'NY10th St10003+NYFranklin Ave+10003'
-73.6357,40.7107,1,0,'NYCathedral Ave10003+NYChelsea Pl+10003|NYChelsea Pl10003'
-73.6354,40.6330,0,1,'NYJudith Ln10003'
-73.6353,40.8518,0,1,'NY8th Ave10003'
-73.6352,40.7591,0,1,'NYWilliam St10003|NYWilliam St10003+NYWard St+10003|NYWilliam St10003+NYRoslyn Rd+10003|NYWard St10003|NYWard St10003+NYRoslyn Rd+10003'
-73.6350,40.6478,0,1,'NYFranklin Pl10003+NYEileen Rd+10003|NYEileen Rd10003'
-73.6349,40.6850,1,2,'NYBehnke Ct10003|NYBehnke Ct10003+NYN Village Ave+10003'
-73.6347,40.7468,0,1,'NYDow Ave10003|NYDow Ave10003+NYRoslyn Rd+10003'
-73.6347,40.6477,0,1,'NYFranklin Pl10003|NYFranklin Pl10003+NYSheldon Pl+10003|NYSheldon Pl10003'
-73.6346,40.5865,0,1,'NYEva Dr10003+NYGreenway Rd+10003|NYGreenway Rd10003'
-73.6346,40.7565,0,1,'NYRoslyn Rd10003+NYOgden Ave+10003|NYOgden Ave10003'
-73.6345,40.6738,0,1,'NYBrouwer Ln10003|NYBrouwer Ln10003+NYPaddock Ln+10003|NYPaddock Ln10003'
-73.6345,40.7766,0,1,'NYCorncrib Ln10003'
-73.6345,40.7635,0,1,'NYOrchard Dr10003|NYOrchard Dr10003+NYHewlett Dr+10003'
-73.6344,40.6821,0,1,'NYBulson Rd10003+NYNeylon Ct+10003|NYNeylon Ct10003'
-73.6343,40.7841,1,3,'NYPowerhouse Rd10003'
-73.6343,40.7136,0,2,'NYHilton Ave10003+NYAtlantic Ave+10003'
-73.6342,40.7259,0,1,'NYStewart Ave10003|NYStewart Ave10003+NYFranklin Ave+10003'
-73.6342,40.7430,0,2,'NYE 2nd St10003|NYE 2nd St10003+NY2nd St+10003|NYE 2nd St10003+NYRoslyn Rd+10003|NY2nd St10003|NY2nd St10003+NYRoslyn Rd+10003'
-73.6341,40.7082,0,3,'NYCathedral Ave10003+NYMulford Pl+10003|NYMulford Pl10003'
-73.6340,40.7253,0,1,'NY7th St10003+NYFranklin Ave+10003'
-73.6338,40.6675,0,1,'NYDartmouth St10003|NYDartmouth St10003+NYSchuyler Ave+10003'
-73.6338,40.7400,0,1,'NYRoslyn Rd10003'
-73.6338,40.7156,0,1,'NYMedical Pl10003'
-73.6337,40.6746,0,1,'NYBrouwer Ln10003|NYBrouwer Ln10003+NYStonewell Rd+10003'
-73.6337,40.7408,0,1,'NYRoslyn Rd10003+NYBirchwood Ct+10003|NYRoslyn Rd10003+NY3rd St+10003|NYBirchwood Ct10003+NYBirchwood Ct+10003|NYBirchwood Ct10003+NY3rd St+10003|NYBirchwood Ct10003|NY3rd St10003'
-73.6335,40.7819,1,0,'NYWoodhollow Rd10003'
-73.6334,40.7094,0,3,'NYHilton Pl10003'
-73.6333,40.7285,0,1,'NY9th St10003'
-73.6330,40.6336,0,1,'NYArrow St10003'
-73.6330,40.6893,1,1,'NYN Village Ave10003'
-73.6329,40.5948,0,1,'NYLagoon Dr W10003'
-73.6329,40.8303,1,2,'NYOrchard St10003+NYSmith St+10003|NYSmith St10003'
-73.6328,40.6716,0,1,'NYOxford Rd10003|NYOxford Rd10003+NYForestdale Rd+10003'
-73.6326,40.6635,0,1,'NYBrower Ave10003+NYRaymond St+10003'
-73.6326,40.7960,0,1,'NYChestnut Dr10003+NYFern Dr+10003|NYFern Dr10003'
-73.6326,40.6909,0,1,'NYPeninsula Blvd10003+NYCarolina Ave+10003|NYCarolina Ave10003'
-73.6325,40.7780,0,1,'NYSaddle Ln10003'
-73.6325,40.7158,0,1,'NYIntersection St10003'
-73.6324,40.8698,0,1,'NYLeonard St10003'
-73.6323,40.7731,0,1,'NYHill Ln10003|NYHill Ln10003+NYField Ln+10003'
-73.6323,40.8343,0,1,'NYPolly Ln10003+NYMill Rd+10003|NYMill Rd10003'
-73.6322,40.6923,0,1,'NYPeninsula Blvd10003+NYW Marshall St+10003|NYW Marshall St10003'
-73.6322,40.6206,0,1,'NYW Oceanside Rd10003'
-73.6321,40.6571,0,1,'NYSunrise Hwy10002+NYN Long Beach Rd+10002'
-73.6320,40.6414,0,1,'NYOakview Ave10003+NYNicole Ct+10003|NYNicole Ct10003'
-73.6319,40.6610,0,1,'NYLakeview Ave10003+NYSouthard Ave+10003|NYSouthard Ave10003'
-73.6317,40.6618,0,1,'NYSeaman Ave10003|NYSeaman Ave10003+NYSouthard Ave+10003'
-73.6315,40.6401,0,2,'NYOceanside Pkwy10003|NYOceanside Pkwy10003+NYBrower Ave+10003'
-73.6315,40.7187,0,1,'NYHamilton Pl10003|NYHamilton Pl10003+NYFranklin Ave+10003'
-73.6315,40.7824,2,0,'NYWoodhollow Rd10003'
-73.6313,40.6421,0,1,'NYBaldwin Pl10003|NYBaldwin Pl10003+NYJames St+10003|NYJames St10003|NYJames St10003+NYJames St+10003'
-73.6313,40.7787,0,1,'NYHorseshoe Ln10003'
-73.6313,40.6920,3,3,'NYSutton St10003|NYSutton St10003+NYW Marshall St+10003'
-73.6313,40.7682,0,1,'NYRustic Ln10003'
-73.6313,40.8053,0,1,'NYChestnut Dr10003+NYOriole Dr+10003|NYOriole Dr10003'
-73.6312,40.7685,0,1,'NYRustic Ln10003'
-73.6310,40.6571,1,0,'NYSunrise Hwy10002+NYN Oceanside Rd+10002'
-73.6310,40.8851,0,4,'NYPond View Dr10003|NYPond View Dr10003+NYDosoris Ln+10003'
-73.6309,40.6609,0,1,'NYJefferson Ave10003'
-73.6308,40.6336,0,1,'NYArch St10003'
-73.6308,40.7498,0,1,'NYColumbus Pkwy10003|NYColumbus Pkwy10003+NYRaff Ave+10003'
-73.6308,40.7728,1,0,'NYBelmont Dr W10003|NYBelmont Dr W10003+NYBelmont Dr S+10003|NYBelmont Dr S10003'
-73.6308,40.6760,0,1,'NYNottingham Rd10003+NYRichmond Rd+10003|NYRichmond Rd10003'
-73.6307,40.7850,0,1,'NYAndover Rd10003'
-73.6305,40.8556,0,1,'NYDuke Pl10003|NYDuke Pl10003+NYTaylor Dr+10003'
-73.6305,40.7162,0,1,'NYN Franklin St10003+NYIntersection St+10003|NYIntersection St10003'
-73.6304,40.6385,0,1,'NYEvers Ln10003|NYEvers Ln10003+NYChance Dr+10003'
-73.6301,40.6902,0,1,'NYVirginia Ave10003|NYVirginia Ave10003+NYCarolina Ave+10003'
-73.6300,40.7380,0,1,'NYBluebell Ct10003|NYBluebell Ct10003+NYLefferts Rd+10003'
-73.6299,40.6672,0,1,'NYSouthard Ave10003'
-73.6299,40.7425,0,1,'NYAlbertson Pl10003+NYHolly Ave+10003|NYHolly Ave10003'
-73.6299,40.8626,0,1,'NYAvalon Sq10003'
-73.6299,40.6460,0,1,'NYRockville Centre Pkwy10003+NYGeorge St+10003|NYGeorge St10003'
-73.6298,40.6175,0,1,'NYIllona Ln10003|NYE Oceanside Rd10003'
-73.6297,40.6808,0,1,'NYColumbia Rd10003|NYColumbia Rd10003+NYHempstead Ave+10003'
-73.6292,40.7354,0,1,'NYClaydon Rd10003+NYLefferts Rd+10003'
-73.6291,40.6359,0,1,'NYNantucket Ln10003'
-73.6290,40.7502,0,1,'NYFrank Ave10003|NYFrank Ave10003+NYRaff Ave+10003'
-73.6290,40.8002,0,1,'NYElm Dr10003+NYHickory Dr+10003|NYHickory Dr10003'
-73.6288,40.7171,0,1,'NYMeadow Pl10003|NYMeadow Pl10003+NYMain St+10003'
-73.6286,40.6842,0,1,'NYBaylis Rd10003|NYBaylis Rd10003+NYReeve Rd+10003'
-73.6285,40.7779,0,1,'NYHorseshoe Ln10003'
-73.6284,40.6237,0,1,'NYRobbyn Ln10003|NYRobbyn Ln10003+NYMahlon Brower Dr+10003'
-73.6283,40.7542,0,1,'NYSheridan Blvd10003+NYArlington St+10003'
-73.6280,40.6365,0,1,'NYRalph Ave10003|NYRalph Ave10003+NYAlvin Ct+10003'
-73.6280,40.7334,0,1,'NYLefferts Rd10003+NYWyatt Rd+10003'
-73.6280,40.8333,0,1,'NYGlen Head Rd10003+NYOaklawn Ave+10003|NYOaklawn Ave10003'
-73.6279,40.7265,0,1,'NYStewart Ave10003|NYStewart Ave10003+NYWashington Ave+10003'
-73.6279,40.7815,1,0,'NYHelen Dr10003'
-73.6277,40.8419,0,1,'NYSalem Way10003|NYSalem Way10003+NYN Plymouth Dr+10003|NYSalem Way10003+NYPlymouth Dr+10003|NYN Plymouth Dr10003|NYN Plymouth Dr10003+NYPlymouth Dr+10003|NYPlymouth Dr10003'
-73.6277,40.7877,0,1,'NYOld Farm Rd10003|NYOld Farm Rd10003+NYPlanting Field Rd+10003'
-73.6276,40.8145,0,1,'NYPlaza Rd10003|NYPlaza Rd10003+NYJohn St+10003|NYJohn St10003'
-73.6275,40.6622,0,1,'NYHughes St10003|NYHughes St10003+NYKennedy Ave+10003'
-73.6275,40.8150,1,0,'NYLloyd St10003'
-73.6274,40.7999,0,2,'NYCrabapple Dr10003|NYCrabapple Dr10003+NYElm Dr+10003'
-73.6273,40.6682,0,1,'NYHamilton St10003+NYN Long Beach Rd+10003|NYN Long Beach Rd10003+NYHamilton Rd+10003'
-73.6273,40.6399,0,1,'NYOak Ct10003'
-73.6273,40.7786,0,1,'NYSaddle Ln10003'
-73.6273,40.6894,0,1,'NYFlower St10003|NYFlower St10003+NYCarolina Ave+10003'
-73.6271,40.6638,0,1,'NYVoorhis Ave10003+NYBennett St+10003|NYBennett St10003'
-73.6269,40.8000,0,1,'NYElm Dr10003+NYBirch Dr+10003|NYBirch Dr10003'
-73.6268,40.8072,0,1,'NYTown Path St10003|NYTown Path St10003+NYGlen Cove Rd+10003'
-73.6267,40.7283,0,1,'NYButler Pl10003|NYButler Pl10003+NYWestbury Rd+10003|NYWestbury Rd10003'
-73.6267,40.7871,0,1,'NYAndover Rd10003'
-73.6266,40.8792,1,0,'NYScott Pl10003'
-73.6266,40.5886,0,1,'NYCheltenham St10003'
-73.6265,40.8515,0,2,'NYGlen Keith Rd10003|NYGlen Keith Rd10003+NYSea Cliff Ave+10003'
-73.6264,40.7227,0,1,'NYWashington Ave10003+NYLocust St+10003|NYLocust St10003'
-73.6264,40.7299,0,1,'NYLefferts Rd10003|NYLefferts Rd10003+NYWestbury Rd+10003'
-73.6262,40.6613,0,1,'NYGreenway10003|NYGreenway10003+NYBennett St+10003|NYBennett St10003'
-73.6260,40.7217,0,1,'NYPoplar St10003|NYPoplar St10003+NYWashington Ave+10003'
-73.6258,40.8659,0,1,'NYOak Ln10003|NYOak Ln10003+NYHighland Rd+10003'
-73.6257,40.7210,0,1,'NYGarden St10003+NYWashington Ave+10003'
-73.6257,40.6694,0,3,'NYLawrence Pl10003|NYLawrence Pl10003+NYBedford Ave+10003'
-73.6257,40.6535,0,1,'NYSaratoga St10003'
-73.6256,40.6450,0,1,'NYYorktown St10003'
-73.6256,40.6249,0,1,'NYGreen Ct10003|NYGreen Ct10003+NYGolf Dr+10003'
-73.6255,40.7203,0,2,'NYWashington Ave10003+NYPine St+10003|NYPine St10003'
-73.6254,40.6579,0,1,'NYKent Ct10003'
-73.6252,40.6676,0,1,'NYPrinceton Rd10003+NYEarle Ave+10003'
-73.6251,40.7415,0,1,'NYBerkley Rd10003'
-73.6251,40.6338,0,1,'NYWaukena Ave10003+NYBalsam St+10003'
-73.6249,40.8747,0,1,'NYBryce Ave10003+NYForest Ave+10003|NYForest Ave10003'
-73.6249,40.6561,0,1,'NYAlexander Pl10003'
-73.6248,40.7569,0,1,'NYRoselle St10003|NYRoselle St10003+NYShortridge Dr+10003'
-73.6247,40.6903,0,1,'NYSaint Regis Pl10003|NYSaint Regis Pl10003+NYW Marshall St+10003'
-73.6244,40.7860,0,2,'NYBluebird Dr10003|NYBluebird Dr10003+NYWestwood Cir+10003'
-73.6243,40.7315,0,1,'NYWetherill Rd10003+NYWestbury Rd+10003'
-73.6240,40.6561,0,1,'NYWestlake Ct10003'
-73.6238,40.7599,0,1,'NYE Williston Ave10002|NYE Williston Ave10002+NYHillside Ave+10002|NYHillside Ave10002'
-73.6237,40.6720,0,1,'NYPark Ln10003+NYAddison Pl+10003|NYAddison Pl10003'
-73.6236,40.5894,0,1,'NYBiarritz St10003'
-73.6235,40.7343,1,0,'NYMaxwell Rd10003'
-73.6235,40.6614,0,1,'NYMilburn St10003|NYMilburn St10003+NYSeaman Ave+10003'
-73.6235,40.7245,0,2,'NYProspect Ave10003+NYChestnut St+10003'
-73.6234,40.7378,0,1,'NYLinden St10003|NYLinden St10003+NYMulberry Ave+10003'
-73.6234,40.6677,0,1,'NYPrinceton Rd10003+NYBlenheim Ct+10003|NYBlenheim Ct10003'
-73.6231,40.6765,0,1,'NYCalifornia St10003|NYCalifornia St10003+NYWoodbridge Rd+10003'
-73.6230,40.7832,1,1,'NYGuinea Woods Rd10003'
-73.6228,40.8560,0,1,'NYStanco St10003|NYStanco St10003+NYGrove St+10003|NYGrove St10003'
-73.6228,40.6458,0,1,'NYFoxhurst Rd10003|NYFoxhurst Rd10003+NYWestlake Ave+10003|NYWestlake Ave10003'
-73.6226,40.8061,0,1,'NYLakeville Dr10003'
-73.6225,40.6870,0,1,'NYMaple Ave10003|NYMaple Ave10003+NYWoodland Dr+10003'
-73.6225,40.6243,1,0,'NYClub Ct10003'
-73.6224,40.6386,0,1,'NYRebecca Ln10003|NYRebecca Ln10003+NYSunnybrook Dr W+10003'
-73.6223,40.7597,0,1,'NYLaurel Ln10003'
-73.6223,40.6491,0,1,'NYNassau Pkwy10003|NYNassau Pkwy10003+NYSoper Ave+10003'
-73.6222,40.7955,0,1,'NYHarbor Hill Rd10003|NYHarbor Hill Rd10003+NYGlen Cove Rd+10003'
-73.6222,40.6480,1,0,'NYFairview Ave10003|NYFairview Ave10003+NYSoper Ave+10003'
-73.6221,40.6337,4,4,'NYFreeman Ave10003+NYBayfield Blvd+10003'
-73.6220,40.7648,0,3,'NYTredwell Dr10003'
-73.6220,40.8594,0,1,'NYVanderbilt Ln10003|NYVanderbilt Ln10003+NYSelina Ct+10003|NYVanderbilt Ln10003+NYCaruso Ct+10003|NYSelina Ct10003|NYCaruso Ct10003'
-73.6218,40.5869,0,1,'NYLuchon St10003'
-73.6218,40.6534,0,1,'NYLoft Ave10003'
-73.6216,40.6726,0,1,'NYOxford Pl10003|NYOxford Pl10003+NYMarlborough Ct+10003'
-73.6216,40.6840,0,1,'NYLong Beach Rd10003+NYMay St+10003|NYMay St10003'
-73.6216,40.7564,0,1,'NYState Rte 2510002'
-73.6213,40.7924,0,1,'NYSouth St10003'
-73.6211,40.8828,0,1,'NYBittersweet Ln10003+NYHollytree Ln+10003|NYHollytree Ln10003'
-73.6210,40.8291,0,1,'NYWren Ct10003|NYWren Ct10003+NYMichaels Ln+10003'
-73.6209,40.8127,0,1,'NYRoscoe Ct10003|NYRoscoe Ct10003+NYHeritage Ct+10003|NYHeritage Ct10003'
-73.6207,40.7229,0,1,'NYPoplar St10003|NYPoplar St10003+NYClinton Rd+10003'
-73.6202,40.7493,0,6,'NYPark Ave10003'
-73.6202,40.6595,0,1,'NYBaldwin Ave10003'
-73.6198,40.6508,0,1,'NYBedell St10003'
-73.6197,40.6454,0,1,'NYRemsen St10003+NYFoster Pl+10003|NYFoster Pl10003'
-73.6196,40.6410,0,1,'NYSurrey Pl10003|NYSurrey Pl10003+NYChelsea Rd+10003'
-73.6195,40.8265,0,1,'NYEastview Ln10003+NYRobin Ct+10003|NYRobin Ct10003'
-73.6189,40.7061,0,1,'NYPeninsula Blvd10003+NYHenry St+10003|NYHenry St10003'
-73.6188,40.7544,1,1,'NYGuinea Rd10003|NYGuinea Rd10003+NYGlen Cove Rd+10003|NYGuinea Rd10003+NYGuinea Woods Rd+10003|NYGlen Cove Rd10003|NYGlen Cove Rd10003+NYGuinea Woods Rd+10003|NYGlen Cove Rd10003+NYGlen Cove Rd+10003|NYGuinea Woods Rd10003|NYGuinea Woods Rd10003+NYGlen Cove Rd+10003'
-73.6186,40.6730,0,1,'NYKenneth Ave10003'
-73.6184,40.6762,0,1,'NYHarvey Ct10003'
-73.6184,40.7512,0,1,'NYFairfield Ave10003|NYFairfield Ave10003+NYGlen Cove Rd+10003'
-73.6182,40.6901,0,1,'NYJohnson Pl10003|NYJohnson Pl10003+NYLong Beach Rd+10003|NYJohnson Pl10003+NYEmery St+10003|NYLong Beach Rd10003+NYEmery St+10003'
-73.6182,40.7505,0,1,'NYGlen Cove Rd10003+NYDow Ave+10003|NYDow Ave10003'
-73.6182,40.6603,0,1,'NYHarvard Ave10003|NYHarvard Ave10003+NYWalnut St+10003'
-73.6181,40.8411,1,1,'NYThe Promenade10003|NYHillcrest Dr10003'
-73.6179,40.8598,1,0,'NYPuca Ct10003'
-73.6176,40.6300,2,3,'NYWoodward St10003|NYWoodward St10003+NYRoss Pl+10003|NYRoss Pl10003'
-73.6172,40.6305,0,1,'NYRoss Pl10003|NYRoss Pl10003+NYBayfield Blvd+10003|NYBayfield Blvd10003'
-73.6171,40.6650,0,1,'NYWestervelt Ave10003+NYIrving Pl+10003'
-73.6170,40.6327,0,1,'NYHarold St10003'
-73.6166,40.8385,0,1,'NYLocust St10003'
-73.6163,40.7233,0,1,'NYTremont St10003+NYGarden St+10003'
-73.6163,40.7409,0,1,'NYRing Rd W10003'
-73.6163,40.8657,0,1,'NYSaint Andrews Ln10003'
-73.6161,40.8037,0,1,'NYFlamingo Rd10003+NYCardinal Dr+10003'
-73.6159,40.7380,0,1,'NYRing Rd W10003|NYRing Rd W10003+NYRing Rd W+10003'
-73.6157,40.7022,0,1,'NYTotten St10003|NYTotten St10003+NYHenry St+10003'
-73.6157,40.8781,0,1,'NYRidgefield Pl10003|NYRidgefield Pl10003+NYMeadowfield Ln+10003'
-73.6150,40.7552,0,1,'NYJamaica Blvd10003'
-73.6149,40.6755,0,1,'NYMadison Ave10003+NYExeter St+10003'
-73.6148,40.6998,1,0,'NYAnn St10003'
-73.6145,40.7311,0,1,'NYRaymond Ct10003'
-73.6145,40.7416,0,1,'NYRing Rd N10003|NYRing Rd N10003+NYRing Rd E+10003|NYRing Rd E10003'
-73.6138,40.6934,0,2,'NYLawson St10003'
-73.6137,40.6685,0,1,'NYWales Ave10003|NYWales Ave10003+NYWales Pl+10003|NYWales Pl10003'
-73.6135,40.7239,0,1,'NYGarden St10003+NYBoylston St+10003'
-73.6130,40.6375,0,1,'NYParsonage St10003'
-73.6128,40.6720,0,1,'NYWilliams St10003|NYWilliams St10003+NYWilliam St+10003|NYWilliams St10003+NYHawkins Ave+10003|NYWilliam St10003|NYWilliam St10003+NYHawkins Ave+10003'
-73.6123,40.8719,0,2,'NYTownsend Rd10003'
-73.6123,40.6572,0,4,'NYGrove St10003'
-73.6120,40.6318,0,1,'NYVivian Ct10003|NYVivian Ct10003+NYAllwyn St+10003'
-73.6118,40.6482,0,1,'NYWillard Ave10003'
-73.6116,40.7721,0,1,'NYCarriage Dr10003'
-73.6116,40.7606,0,1,'NYBright St10003'
-73.6114,40.8447,0,2,'NYPound Hollow Rd10003|NYPound Hollow Rd10003+NYPound Hollow Rd+10003'
-73.6112,40.7537,0,1,'NYTitus Ave10003+NY10th St+10003|NY10th St10003'
-73.6112,40.6532,0,2,'NYGrand Ave10003+NYSchool St+10003|NYSchool St10003'
-73.6109,40.6539,0,2,'NYGrand Ave10003+NYEdna Ct+10003|NYEdna Ct10003'
-73.6107,40.8429,1,1,'NYPound Hollow Rd10003'
-73.6106,40.7570,0,1,'NYKnollwood Dr10003'
-73.6103,40.6333,0,1,'NYVerity Ln10003'
-73.6102,40.6754,0,1,'NYAnna Pl10003'
-73.6102,40.6571,0,1,'NYSpruce St10003'
-73.6101,40.6702,0,1,'NYLinden Ave10003'
-73.6098,40.6945,0,1,'NYPage Ave10003|NYPage Ave10003+NYMilburn Ave+10003|NYPage Ave10003+NYLawson St+10003|NYMilburn Ave10003+NYLawson St+10003|NYLawson St10003'
-73.6097,40.7012,1,0,'NYPowell Pl10003|NYPowell Pl10003+NYJean Ave+10003'
-73.6095,40.7609,0,1,'NYBoyd Dr10003'
-73.6094,40.7205,0,1,'NYWestbury Blvd10003+NYRhodes Ave+10003|NYRhodes Ave10003'
-73.6091,40.7087,0,1,'NYPhoenix St10003|NYPhoenix St10003+NYBurston St+10003'
-73.6089,40.7591,0,1,'NYBoyd Dr10003|NYBoyd Dr10003+NYParkway Dr+10003'
-73.6088,40.7417,1,33,'NYNorth Ave10003'
-73.6085,40.6697,0,1,'NYHolly St10003'
-73.6085,40.6538,0,1,'NYBixby Dr10003'
-73.6085,40.8932,0,1,'NYParish Dr10003'
-73.6083,40.7345,0,4,'NYRing Rd E10003|NYRing Rd E10003+NYSouth St+10003|NYSouth St10003'
-73.6082,40.6973,0,1,'NYEdgewood Ct10003'
-73.6080,40.8622,0,1,'NYRidge Dr10003'
-73.6079,40.7537,1,0,'NYKnollwood Dr10003'
-73.6079,40.6605,0,1,'NYFlorence St10003'
-73.6069,40.6356,1,2,'NYHastings Pkwy10003'
-73.6069,40.7227,0,1,'NYWestbury Blvd10003'
-73.6068,40.6432,0,1,'NYHarvard Pl10003|NYHarvard Pl10003+NYWaverly Pl+10003|NYWaverly Pl10003'
-73.6067,40.8540,1,1,'NYEast Ave10003'
-73.6067,40.6752,0,1,'NYMatheron Ave10003'
-73.6067,40.6320,0,3,'NYWestern Blvd10003'
-73.6067,40.6636,0,1,'NYSchoen St10003'
-73.6067,40.7293,0,1,'NYBond St10003'
-73.6067,40.7423,0,10,'NYNorth Ave10003'
-73.6066,40.7618,1,1,'NYWalsh Ln10003'
-73.6066,40.8490,0,1,'NYBeaver Ct10003'
-73.6065,40.6824,0,3,'NYFenimore Pl10003'
-73.6065,40.6491,0,4,'NYClinton Pl10003'
-73.6064,40.7214,0,2,'NYLongman Pl10003'
-73.6063,40.6700,0,1,'NYIvy Ct10003'
-73.6063,40.7159,1,3,'NYShady St10003'
-73.6063,40.6414,0,3,'NYHarvard Pl10003'
-73.6062,40.8250,0,1,'NYMaria Ln10003'
-73.6062,40.7455,1,0,'NYLansdowne Ave10003'
-73.6062,40.7094,0,2,'NYKernochan Ave10003'
-73.6062,40.8749,0,2,'NYW 8th St10003'
-73.6062,40.6731,0,1,'NYBarth Dr10003|NYBarth Dr10003+NYMatheron Ave+10003'
-73.6061,40.8230,0,1,'NYStonegate Ln10003'
-73.6061,40.7462,1,14,'NYWright Ave10003'
-73.6061,40.7602,6,9,'NYParkway Dr10003'
